time_stamp,dayofweek,holiday,lt,ht,sunny,m2M,w2A,m1L,d3w3,m1Lar,w2Std,pay_sum
2016-08-01,0,0,27.0,35.0,1,323.0,627.461538462,181.0,0.604426872735,1276.0,346.714383759,453.0
2016-08-02,1,0,26.0,36.0,0,323.0,564.153846154,190.0,0.556199304751,1276.0,293.581818278,396.0
2016-08-03,2,0,25.0,30.0,0,323.0,514.230769231,190.0,0.615594264723,1276.0,260.935640118,367.0
2016-08-04,3,0,25.0,32.0,0,331.0,469.846153846,190.0,0.717213719072,1276.0,231.467175328,366.0
2016-08-05,4,0,26.0,32.0,0,333.0,411.615384615,190.0,0.665487768936,1276.0,134.905972076,368.0
2016-08-06,5,1,26.0,34.0,0,335.0,416.538461538,190.0,0.645728864256,1276.0,132.025997081,257.0
2016-08-07,6,1,26.0,34.0,0,333.0,421.307692308,190.0,0.580550673697,1276.0,124.862622735,211.0
2016-08-08,0,0,26.0,34.0,1,333.0,391.769230769,190.0,0.527029156816,1276.0,125.696921109,400.0
2016-08-09,1,0,27.0,34.0,1,335.0,379.923076923,190.0,0.596625081624,1276.0,116.790714554,385.0
2016-08-10,2,0,27.0,34.0,1,344.0,366.0,190.0,0.734594534794,1276.0,103.849743528,375.0
2016-08-11,3,0,27.0,35.0,1,347.0,352.846153846,190.0,0.913026367572,1276.0,90.1424907524,391.0
2016-08-12,4,0,28.0,35.0,1,349.0,342.461538462,190.0,0.991642974067,1276.0,76.3117244592,439.0
2016-08-13,5,1,28.0,36.0,1,355.0,353.692307692,190.0,1.02036496041,1276.0,78.9053811321,288.0
2016-08-14,6,1,27.0,36.0,1,355.0,361.230769231,190.0,0.935643150054,1276.0,66.6335025992,201.0
2016-08-15,0,0,27.0,36.0,1,355.0,341.846153846,190.0,0.817045254446,1276.0,73.4258874427,491.0
2016-08-16,1,0,27.0,36.0,1,359.0,349.153846154,190.0,0.870067030674,1276.0,82.6055000533,537.0
2016-08-17,2,0,27.0,35.0,1,361.0,362.230769231,190.0,1.09536541889,1276.0,96.6565321492,519.0
2016-08-18,3,0,27.0,36.0,1,362.0,374.0,190.0,1.38378281676,1123.0,105.325137623,642.0
2016-08-19,4,0,29.0,37.0,1,363.0,395.076923077,190.0,1.49557405205,1123.0,127.166433366,677.0
2016-08-20,5,1,27.0,36.0,0,363.0,427.384615385,190.0,1.54071838719,1123.0,140.623085128,367.0
2016-08-21,6,1,27.0,33.0,0,363.0,439.384615385,190.0,1.38253382534,677.0,127.709127715,257.0
2016-08-22,0,0,27.0,34.0,1,363.0,428.384615385,190.0,1.0931854466,677.0,136.484734825,640.0
2016-08-23,1,0,25.0,34.0,1,365.0,448.0,190.0,1.03040678242,677.0,146.776124657,644.0
2016-08-24,2,0,24.0,34.0,1,366.0,468.692307692,190.0,1.21506012222,677.0,153.818766793,576.0
2016-08-25,3,0,25.0,34.0,1,367.0,482.923076923,190.0,1.43104443162,677.0,154.528793204,536.0
2016-08-26,4,0,23.0,29.0,1,367.0,490.384615385,190.0,1.32533303144,677.0,154.569644976,615.0
2016-08-27,5,1,20.0,29.0,1,368.0,515.538461538,190.0,1.25267471802,677.0,145.955006441,427.0
2016-08-28,6,1,19.0,30.0,1,374.0,532.923076923,190.0,1.11831614755,677.0,118.293287109,232.0
2016-08-29,0,0,20.0,31.0,1,374.0,513.0,190.0,0.919291409604,677.0,142.922787116,520.0
2016-08-30,1,0,21.0,31.0,1,375.0,511.692307692,201.0,0.838489438873,677.0,142.774908707,522.0
2016-08-31,2,0,22.0,32.0,1,376.0,511.923076923,201.0,0.892063158632,677.0,142.788957523,466.0
2016-09-01,3,0,22.0,33.0,1,385.0,498.384615385,201.0,1.0476587467,677.0,138.07998711,438.0
2016-09-02,4,0,22.0,34.0,1,391.0,480.0,201.0,0.990793816224,677.0,128.664142396,508.0
2016-09-03,5,1,23.0,34.0,1,396.0,490.846153846,201.0,0.959076243844,677.0,124.558819071,435.0
2016-09-04,6,1,22.0,33.0,1,400.0,504.538461538,201.0,0.916177397419,677.0,106.587353402,318.0
2016-09-05,0,0,24.0,33.0,1,400.0,479.769230769,201.0,0.8512218172,677.0,109.601483599,443.0
2016-09-06,1,0,22.0,26.0,0,427.0,464.307692308,201.0,0.815102569345,677.0,99.0084569934,443.0
2016-09-07,2,0,20.0,26.0,1,435.0,454.076923077,201.0,0.826979874991,677.0,93.6659050837,393.0
2016-09-08,3,0,21.0,30.0,1,435.0,443.076923077,201.0,0.901624898664,677.0,91.7768711759,428.0
2016-09-09,4,0,23.0,32.0,1,435.0,428.692307692,201.0,0.915146249638,677.0,77.2004230911,468.0
2016-09-10,5,1,21.0,30.0,1,438.0,431.846153846,201.0,0.92312099402,677.0,77.9011663326,455.0
2016-09-11,6,1,20.0,28.0,1,439.0,449.0,201.0,0.947372111777,677.0,52.377329212,307.0
2016-09-12,0,0,20.0,30.0,1,439.0,432.615384615,201.0,0.893830390233,677.0,60.3177974266,440.0
2016-09-13,1,0,21.0,30.0,1,440.0,426.307692308,232.0,0.893348197696,677.0,54.6631427161,411.0
2016-09-14,2,0,22.0,28.0,1,440.0,422.076923077,232.0,0.876774559909,677.0,53.5443188662,435.0
2016-09-15,3,1,21.0,23.0,0,440.0,421.846153846,232.0,0.984987745098,677.0,53.4816232333,145.0
2016-09-16,4,1,21.0,23.0,0,439.0,393.923076923,145.0,0.802364181038,677.0,86.0540630949,249.0
2016-09-17,5,1,21.0,27.0,1,438.0,379.615384615,145.0,0.686031115525,677.0,93.2008075745,276.0
2016-09-18,6,0,20.0,28.0,1,435.0,376.384615385,145.0,0.551440329218,644.0,95.967573419,293.0
2016-09-19,0,0,17.0,26.0,1,435.0,364.846153846,145.0,0.69266268682,644.0,96.2815152431,357.0
2016-09-20,1,0,18.0,26.0,1,428.0,358.230769231,145.0,0.800899498357,644.0,93.6015728387,359.0
2016-09-21,2,0,17.0,24.0,1,428.0,355.615384615,145.0,0.884971275709,644.0,93.0670051931,389.0
2016-09-22,3,0,19.0,27.0,1,428.0,352.615384615,145.0,0.975459039548,615.0,91.2970961385,399.0
2016-09-23,4,0,19.0,28.0,1,427.0,347.307692308,145.0,1.02736351829,615.0,86.3039214863,450.0
2016-09-24,5,1,21.0,29.0,1,427.0,346.923076923,145.0,1.10664163762,615.0,85.8329876862,487.0
2016-09-25,6,1,21.0,28.0,1,427.0,360.769230769,145.0,1.16778112845,522.0,92.5328663824,326.0
2016-09-26,0,0,23.0,30.0,1,411.0,352.0,145.0,1.12117177097,522.0,89.9752102612,402.0
2016-09-27,1,0,23.0,30.0,0,402.0,351.307692308,145.0,1.08448252778,522.0,89.552206188,493.0
2016-09-28,2,0,19.0,23.0,0,411.0,355.769230769,145.0,1.07543929185,522.0,94.8960190834,342.0
2016-09-29,3,0,17.0,19.0,0,411.0,370.923076923,145.0,1.10205354359,508.0,73.300709975,419.0
2016-09-30,4,0,18.0,21.0,0,411.0,384.0,145.0,1.12456281948,508.0,65.086924127,449.0
2016-10-01,5,1,20.0,24.0,0,419.0,397.307692308,145.0,1.0859809729,508.0,59.0506752588,226.0
2016-10-02,6,1,20.0,24.0,0,419.0,392.153846154,145.0,0.992695431242,493.0,69.8634339858,224.0
2016-10-03,0,1,18.0,26.0,1,419.0,381.923076923,145.0,0.84046183331,493.0,82.8023239533,212.0
2016-10-04,1,1,20.0,25.0,1,419.0,370.615384615,145.0,0.636660896326,493.0,94.3875305173,306.0
2016-10-05,2,1,20.0,26.0,1,419.0,364.230769231,145.0,0.727130187662,493.0,95.7256929148,292.0
2016-10-06,3,1,19.0,25.0,1,419.0,356.0,145.0,0.776978417266,493.0,96.9742233792,289.0
2016-10-07,4,1,17.0,20.0,0,419.0,343.615384615,145.0,0.845970433953,493.0,94.4258263739,252.0
2016-10-08,5,0,14.0,22.0,1,419.0,325.538461538,145.0,0.797205474208,493.0,87.485045214,375.0
2016-10-09,6,0,13.0,21.0,1,419.0,329.307692308,145.0,0.866439651911,493.0,88.473711537,327.0
2016-10-10,0,0,16.0,21.0,1,419.0,323.538461538,145.0,0.906241094329,493.0,85.9549214455,466.0
2016-10-11,1,0,16.0,20.0,1,419.0,321.461538462,145.0,1.09286549708,493.0,82.0737148821,373.0
2016-10-12,2,0,16.0,19.0,1,419.0,323.846153846,145.0,1.09344961786,493.0,83.0799856985,402.0
2016-10-13,3,0,17.0,20.0,1,419.0,322.538461538,145.0,1.16329208849,493.0,81.6941909098,378.0
2016-10-14,4,0,16.0,18.0,1,411.0,317.076923077,145.0,1.09185606061,493.0,75.1700242409,389.0
2016-10-15,5,1,18.0,21.0,0,402.0,329.615384615,212.0,1.12263516758,493.0,72.4786848895,438.0
2016-10-16,6,1,17.0,23.0,1,402.0,346.076923077,212.0,1.13883375862,493.0,70.9067226263,296.0
2016-10-17,0,0,18.0,22.0,1,402.0,352.538461538,212.0,1.07752830551,493.0,61.6124555147,383.0
2016-10-18,1,0,18.0,23.0,1,399.0,358.461538462,212.0,1.08901238179,493.0,60.5457428912,424.0
2016-10-19,2,0,19.0,22.0,1,402.0,368.615384615,212.0,1.06262042389,493.0,59.6096771461,359.0
2016-10-20,3,0,19.0,21.0,0,402.0,374.0,212.0,1.13313896987,493.0,55.1710626492,366.0
2016-10-21,4,0,19.0,21.0,0,399.0,382.769230769,212.0,1.13029364025,493.0,42.742797587,438.0
2016-10-22,5,1,18.0,21.0,0,399.0,387.615384615,212.0,1.10936233128,493.0,45.0939846944,330.0
2016-10-23,6,1,15.0,18.0,1,393.0,387.846153846,212.0,1.06553911205,493.0,44.7898445802,263.0
2016-10-24,0,0,16.0,20.0,1,389.0,372.230769231,212.0,0.961843455546,493.0,49.9140088955,367.0
2016-10-25,1,0,14.0,17.0,1,389.0,371.769230769,212.0,0.888025530734,493.0,49.9324988146,382.0
2016-10-26,2,0,16.0,18.0,0,383.0,370.230769231,212.0,0.924580877986,493.0,49.2812241453,392.0
2016-10-27,3,0,15.0,17.0,0,389.0,371.307692308,212.0,1.02792792793,466.0,49.5912284666,419.0
2016-10-28,4,0,11.0,15.0,0,389.0,373.615384615,212.0,1.0510550196,466.0,51.0377514298,427.0
2016-10-29,5,1,8.0,12.0,0,389.0,372.769230769,212.0,1.08325677035,466.0,50.0448319719,400.0
2016-10-30,6,1,10.0,17.0,1,389.0,380.769230769,212.0,1.07990986306,466.0,45.2125813772,282.0
2016-10-31,0,0,10.0,15.0,0,383.0,373.0,212.0,0.984727401882,466.0,52.2861946774,388.0
