time_stamp,dayofweek,holiday,lt,ht,sunny,m2M,w2A,m1L,d3w3,m1Lar,w2Std,pay_sum
2016-08-01,0,0,24.0,30.0,1,59.0,74.6153846154,23.0,1.37129300119,129.0,27.5472697559,73.0
2016-08-02,1,0,24.0,33.0,1,64.0,77.1538461538,23.0,1.27540294324,129.0,25.6989857742,77.0
2016-08-03,2,0,25.0,34.0,1,68.0,81.3076923077,23.0,1.11187686653,129.0,20.4352057278,78.0
2016-08-04,3,0,25.0,33.0,1,71.0,82.0769230769,23.0,1.04467353952,129.0,20.1053438685,74.0
2016-08-05,4,0,25.0,32.0,1,72.0,80.6923076923,23.0,1.04209328783,129.0,19.9937860169,90.0
2016-08-06,5,1,24.0,33.0,1,73.0,77.6923076923,23.0,1.09601449275,129.0,14.761616627,111.0
2016-08-07,6,1,23.0,31.0,1,74.0,80.4615384615,23.0,1.21978265691,129.0,17.1760807951,88.0
2016-08-08,0,0,24.0,32.0,1,74.0,83.6923076923,23.0,1.23425154815,129.0,14.0569425245,80.0
2016-08-09,1,0,25.0,33.0,1,75.0,84.3076923077,23.0,1.16177389132,129.0,13.702243586,111.0
2016-08-10,2,0,26.0,33.0,1,77.0,88.3076923077,23.0,1.10124333925,129.0,13.3150268805,58.0
2016-08-11,3,0,27.0,34.0,1,77.0,86.8461538462,23.0,0.988683740322,129.0,15.3615211278,40.0
2016-08-12,4,0,25.0,29.0,0,77.0,83.0769230769,23.0,0.856381888957,129.0,19.7541097514,69.0
2016-08-13,5,1,24.0,31.0,0,77.0,80.0769230769,23.0,0.710487130398,129.0,18.6731462409,107.0
2016-08-14,6,1,24.0,33.0,1,77.0,81.2307692308,23.0,0.900562851782,129.0,19.8034722913,95.0
2016-08-15,0,0,21.0,29.0,0,78.0,82.9230769231,23.0,1.09627831715,129.0,19.9671327569,58.0
2016-08-16,1,0,23.0,31.0,1,78.0,81.4615384615,23.0,1.06079151367,129.0,21.0150692622,70.0
2016-08-17,2,0,23.0,28.0,0,77.0,80.8461538462,23.0,0.903748733536,129.0,21.2235216169,48.0
2016-08-18,3,0,22.0,24.0,0,77.0,78.8461538462,23.0,0.726072607261,129.0,22.9308195494,64.0
2016-08-19,4,0,22.0,32.0,1,77.0,76.8461538462,40.0,0.762623088204,129.0,23.0045017462,108.0
2016-08-20,5,1,23.0,31.0,1,77.0,76.6153846154,40.0,0.921852084643,129.0,22.673394987,138.0
2016-08-21,6,1,23.0,34.0,1,78.0,80.4615384615,40.0,1.26247200163,138.0,27.9136453663,115.0
2016-08-22,0,0,23.0,32.0,1,78.0,83.1538461538,40.0,1.43339289259,138.0,29.3882398087,68.0
2016-08-23,1,0,24.0,30.0,0,78.0,79.8461538462,40.0,1.28143712575,138.0,28.4735941203,80.0
2016-08-24,2,0,24.0,31.0,0,78.0,81.5384615385,40.0,1.04864433812,138.0,27.7699765508,73.0
2016-08-25,3,0,18.0,30.0,1,77.0,84.0769230769,40.0,0.881707560343,138.0,25.2509300315,77.0
2016-08-26,4,0,17.0,29.0,1,77.0,84.6923076923,40.0,0.924809006836,138.0,24.971936912,74.0
2016-08-27,5,1,20.0,32.0,1,77.0,82.1538461538,40.0,0.921242031668,138.0,24.2418777955,149.0
2016-08-28,6,1,18.0,31.0,1,78.0,86.3076923077,40.0,1.18906064209,149.0,30.0240534735,91.0
2016-08-29,0,0,19.0,31.0,1,78.0,88.8461538462,40.0,1.23646387084,149.0,28.8972880118,59.0
2016-08-30,1,0,19.0,31.0,1,77.0,88.0,40.0,1.21470647979,149.0,29.5894991769,26.0
2016-08-31,2,0,19.0,33.0,1,77.0,86.3076923077,26.0,0.729231406671,149.0,32.3309440139,60.0
2016-09-01,3,0,19.0,27.0,1,77.0,86.0,26.0,0.593411090649,149.0,32.56000378,55.0
2016-09-02,4,0,19.0,28.0,1,77.0,81.9230769231,26.0,0.582043343653,149.0,32.8667742876,68.0
2016-09-03,5,1,20.0,30.0,1,75.0,76.5384615385,26.0,0.774111675127,149.0,28.7097286771,113.0
2016-09-04,6,1,18.0,29.0,0,75.0,76.3846153846,26.0,0.987034713509,149.0,28.5078625094,99.0
2016-09-05,0,0,20.0,31.0,1,75.0,78.7692307692,26.0,1.14169215087,149.0,28.9990818055,48.0
2016-09-06,1,0,21.0,30.0,1,74.0,76.3076923077,26.0,1.07460219054,149.0,30.1263611001,61.0
2016-09-07,2,0,19.0,31.0,1,74.0,75.3846153846,26.0,0.852808528085,149.0,30.3962003231,70.0
2016-09-08,3,0,18.0,31.0,1,74.0,74.8461538462,26.0,0.731209150327,149.0,30.4248030241,66.0
2016-09-09,4,0,19.0,31.0,1,74.0,74.2307692308,26.0,0.825995807128,149.0,30.5164617521,80.0
2016-09-10,5,1,18.0,30.0,1,74.0,68.9230769231,26.0,0.939947780679,149.0,21.8084723779,123.0
2016-09-11,6,1,18.0,25.0,0,74.0,71.3846153846,26.0,1.1645021645,149.0,25.6321266609,98.0
2016-09-12,0,0,18.0,27.0,1,75.0,74.3846153846,26.0,1.27813163482,149.0,26.2811381955,45.0
2016-09-13,1,0,19.0,27.0,1,75.0,75.8461538462,26.0,1.1552660152,149.0,23.9770600425,55.0
2016-09-14,2,0,20.0,30.0,1,74.0,75.4615384615,26.0,0.870138431114,149.0,24.2665181954,68.0
2016-09-15,3,1,21.0,30.0,1,74.0,76.4615384615,26.0,0.742705570292,149.0,23.6630688712,103.0
2016-09-16,4,1,20.0,30.0,0,74.0,79.1538461538,26.0,0.980264584689,149.0,24.5226619017,103.0
2016-09-17,5,1,17.0,24.0,1,75.0,78.3846153846,26.0,1.22512854907,149.0,23.587931926,67.0
2016-09-18,6,0,15.0,22.0,0,75.0,75.9230769231,26.0,1.2406271302,149.0,22.9697511405,39.0
2016-09-19,0,0,13.0,25.0,1,75.0,75.2307692308,26.0,0.962911771481,149.0,23.9170162988,40.0
2016-09-20,1,0,14.0,26.0,1,74.0,73.6153846154,26.0,0.666210358202,149.0,25.4816327865,63.0
2016-09-21,2,0,16.0,23.0,0,74.0,73.0769230769,26.0,0.646630236794,149.0,25.6258929704,44.0
2016-09-22,3,0,17.0,26.0,0,73.0,71.3846153846,26.0,0.674466620785,149.0,26.7395945586,51.0
2016-09-23,4,0,19.0,27.0,1,73.0,69.1538461538,26.0,0.733519034355,149.0,27.1345540532,82.0
2016-09-24,5,1,20.0,29.0,1,74.0,66.0,26.0,0.839857651246,149.0,22.7156333832,129.0
2016-09-25,6,1,19.0,27.0,1,74.0,68.3846153846,26.0,1.21718931475,149.0,27.145019267,135.0
2016-09-26,0,0,19.0,24.0,0,74.0,75.3076923077,26.0,1.51554971529,135.0,31.4358556071,50.0
2016-09-27,1,0,12.0,23.0,1,74.0,74.9230769231,26.0,1.385395985,135.0,31.7113460366,46.0
2016-09-28,2,0,10.0,20.0,1,73.0,73.2307692308,26.0,1.03564223268,135.0,32.6099414907,48.0
2016-09-29,3,0,12.0,22.0,1,73.0,69.0,39.0,0.653505786249,135.0,32.0360374002,74.0
2016-09-30,4,0,14.0,24.0,1,73.0,66.7692307692,39.0,0.765550239234,135.0,30.5668343298,212.0
2016-10-01,5,1,15.0,26.0,1,73.0,77.9230769231,39.0,1.43470790378,212.0,49.3191514346,99.0
2016-10-02,6,1,16.0,26.0,1,73.0,82.5384615385,39.0,1.65271517493,212.0,48.2567099912,98.0
2016-10-03,0,1,16.0,28.0,1,73.0,87.0,39.0,1.69779991698,212.0,46.7760622541,99.0
2016-10-04,1,1,11.0,19.0,0,73.0,89.7692307692,39.0,1.19595959596,212.0,46.336816806,67.0
2016-10-05,2,1,13.0,21.0,1,70.0,91.5384615385,39.0,1.06731352335,212.0,44.9745490158,87.0
2016-10-06,3,1,14.0,17.0,0,70.0,94.3076923077,39.0,1.03286384977,212.0,43.4765801064,84.0
2016-10-07,4,1,12.0,16.0,0,70.0,94.4615384615,39.0,0.983064849236,212.0,43.4362758437,62.0
2016-10-08,5,0,5.0,19.0,1,70.0,89.3076923077,39.0,0.965402941786,212.0,43.0051600041,43.0
2016-10-09,6,0,8.0,18.0,1,70.0,82.2307692308,39.0,0.781153130812,212.0,42.4701774935,39.0
2016-10-10,0,0,10.0,20.0,1,70.0,81.3846153846,39.0,0.595533498759,212.0,43.2070835744,50.0
2016-10-11,1,0,10.0,20.0,1,70.0,81.6923076923,39.0,0.550343964978,212.0,42.9675810088,52.0
2016-10-12,2,0,10.0,19.0,1,68.0,82.0,39.0,0.584940883634,212.0,42.7389211915,47.0
2016-10-13,3,0,12.0,22.0,1,68.0,79.9230769231,39.0,0.619671449366,212.0,43.7219563544,58.0
2016-10-14,4,0,13.0,23.0,1,68.0,68.0769230769,39.0,0.662866793329,212.0,21.5958027919,91.0
2016-10-15,5,1,11.0,17.0,0,68.0,67.4615384615,39.0,0.847934241834,212.0,20.8053816433,120.0
2016-10-16,6,1,12.0,20.0,1,68.0,69.1538461538,39.0,1.1751856706,212.0,23.8870616857,156.0
2016-10-17,0,0,9.0,21.0,1,70.0,73.5384615385,39.0,1.49918300654,212.0,32.6039530039,53.0
2016-10-18,1,0,12.0,20.0,1,68.0,72.4615384615,39.0,1.33821435835,212.0,33.0305578439,55.0
2016-10-19,2,0,14.0,22.0,1,68.0,70.0,39.0,1.06925880923,212.0,33.0477509999,62.0
2016-10-20,3,0,11.0,15.0,0,68.0,68.3076923077,39.0,0.693594451244,212.0,32.8502069198,35.0
2016-10-21,4,0,11.0,11.0,0,67.0,66.2307692308,35.0,0.695493022192,212.0,34.0161813218,76.0
2016-10-22,5,1,7.0,15.0,1,67.0,68.7692307692,35.0,0.804277080428,212.0,33.4138475351,110.0
2016-10-23,6,1,0.0,5.0,1,67.0,74.2307692308,35.0,1.01890272015,212.0,33.9006554195,102.0
2016-10-24,0,0,6.0,13.0,1,67.0,78.2307692308,35.0,1.32505175983,212.0,33.8734155943,32.0
2016-10-25,1,0,10.0,17.0,1,67.0,76.6923076923,32.0,1.15040075436,212.0,35.4474358743,51.0
2016-10-26,2,0,0.0,10.0,1,66.0,77.0,32.0,0.895016932753,212.0,35.2048947646,47.0
2016-10-27,3,0,7.0,11.0,0,63.0,76.1538461538,32.0,0.64628386776,212.0,35.7789068798,24.0
2016-10-28,4,0,2.0,13.0,1,63.0,71.0,24.0,0.624200562804,212.0,38.0242837388,75.0
2016-10-29,5,1,2.0,12.0,1,66.0,67.5384615385,24.0,0.729088639201,212.0,35.3610289282,132.0
2016-10-30,6,1,2.0,13.0,1,67.0,65.6923076923,24.0,1.07843137255,156.0,31.0592104892,92.0
2016-10-31,0,0,-4.0,6.0,1,67.0,68.6923076923,24.0,1.35600907029,156.0,31.567716263,21.0
