time_stamp,dayofweek,holiday,lt,ht,sunny,m2M,w2A,m1L,d3w3,m1Lar,w2Std,pay_sum
2016-08-01,0,0,27.0,37.0,1,5.0,5.0,5.0,1.0,5.0,0.0,5.0
2016-08-02,1,0,27.0,35.0,0,5.0,5.0,5.0,1.0,5.0,0.0,5.0
2016-08-03,2,0,26.0,32.0,0,5.0,5.0,5.0,1.0,5.0,0.0,5.0
2016-08-04,3,0,27.0,33.0,0,5.0,5.0,5.0,1.0,5.0,0.0,5.0
2016-08-05,4,0,26.0,33.0,0,5.0,5.0,5.0,1.0,5.0,0.0,5.0
2016-08-06,5,1,26.0,34.0,0,5.0,5.0,5.0,1.0,5.0,0.0,5.0
2016-08-07,6,1,27.0,35.0,1,5.0,5.0,5.0,1.0,5.0,0.0,5.0
2016-08-08,0,0,26.0,34.0,0,5.0,5.0,5.0,1.0,5.0,0.0,5.0
2016-08-09,1,0,26.0,30.0,0,5.0,5.0,5.0,1.0,5.0,0.0,5.0
2016-08-10,2,0,27.0,35.0,0,5.0,5.0,5.0,1.0,5.0,0.0,5.0
2016-08-11,3,0,27.0,36.0,1,5.0,5.0,5.0,1.0,5.0,0.0,5.0
2016-08-12,4,0,27.0,36.0,1,5.0,5.0,5.0,1.0,5.0,0.0,5.0
2016-08-13,5,1,27.0,35.0,1,5.0,5.0,5.0,1.0,5.0,0.0,5.0
2016-08-14,6,1,28.0,35.0,1,5.0,5.0,5.0,1.0,5.0,0.0,5.0
2016-08-15,0,0,27.0,36.0,1,5.0,5.0,5.0,1.0,5.0,0.0,5.0
2016-08-16,1,0,26.0,36.0,1,5.0,5.0,5.0,1.0,5.0,0.0,5.0
2016-08-17,2,0,28.0,37.0,1,5.0,5.0,5.0,1.0,5.0,0.0,5.0
2016-08-18,3,0,28.0,37.0,1,5.0,5.0,5.0,1.0,5.0,0.0,5.0
2016-08-19,4,0,28.0,38.0,1,5.0,5.0,5.0,1.0,5.0,0.0,5.0
2016-08-20,5,1,27.0,37.0,0,5.0,5.0,5.0,1.0,5.0,0.0,5.0
2016-08-21,6,1,27.0,35.0,0,5.0,5.0,5.0,1.0,5.0,0.0,5.0
2016-08-22,0,0,27.0,36.0,1,5.0,5.0,5.0,1.0,5.0,0.0,5.0
2016-08-23,1,0,27.0,35.0,0,5.0,5.0,5.0,1.0,5.0,0.0,5.0
2016-08-24,2,0,27.0,35.0,1,5.0,5.0,5.0,1.0,5.0,0.0,5.0
2016-08-25,3,0,26.0,35.0,1,5.0,5.0,5.0,1.0,5.0,0.0,5.0
2016-08-26,4,0,25.0,34.0,0,5.0,5.0,5.0,1.0,5.0,0.0,5.0
2016-08-27,5,1,23.0,31.0,1,5.0,5.0,5.0,1.0,5.0,0.0,5.0
2016-08-28,6,1,21.0,31.0,1,5.0,5.0,5.0,1.0,5.0,0.0,5.0
2016-08-29,0,0,21.0,32.0,1,5.0,5.0,5.0,1.0,5.0,0.0,5.0
2016-08-30,1,0,21.0,32.0,1,5.0,5.0,5.0,1.0,5.0,0.0,5.0
2016-08-31,2,0,21.0,33.0,1,5.0,5.0,5.0,1.0,5.0,0.0,5.0
2016-09-01,3,0,23.0,33.0,0,5.0,5.0,5.0,1.0,5.0,0.0,5.0
2016-09-02,4,0,22.0,34.0,1,5.0,5.0,5.0,1.0,5.0,0.0,5.0
2016-09-03,5,1,23.0,35.0,1,5.0,5.0,5.0,1.0,5.0,0.0,5.0
2016-09-04,6,1,24.0,32.0,1,5.0,5.0,5.0,1.0,5.0,0.0,5.0
2016-09-05,0,0,24.0,30.0,0,5.0,5.0,5.0,1.0,5.0,0.0,5.0
2016-09-06,1,0,23.0,28.0,0,5.0,5.0,5.0,1.0,5.0,0.0,5.0
2016-09-07,2,0,21.0,27.0,0,5.0,5.0,5.0,1.0,5.0,0.0,5.0
2016-09-08,3,0,22.0,30.0,1,5.0,5.0,5.0,1.0,5.0,0.0,5.0
2016-09-09,4,0,22.0,29.0,1,5.0,5.0,5.0,1.0,5.0,0.0,5.0
2016-09-10,5,1,22.0,28.0,0,5.0,5.0,5.0,1.0,5.0,0.0,1.0
2016-09-11,6,1,21.0,25.0,0,5.0,4.69230769231,1.0,0.763888888889,5.0,1.06587742004,56.0
2016-09-12,0,0,21.0,27.0,1,5.0,8.61538461538,1.0,2.81179138322,56.0,13.7199375505,82.0
2016-09-13,1,0,21.0,28.0,0,5.0,14.5384615385,1.0,4.1369047619,82.0,23.7992093748,73.0
2016-09-14,2,0,21.0,25.0,0,5.0,19.7692307692,1.0,4.81735159817,82.0,28.1947999738,65.0
2016-09-15,3,1,22.0,25.0,0,5.0,24.3846153846,1.0,4.16666666667,82.0,30.2363471073,49.0
2016-09-16,4,1,23.0,27.0,0,5.0,27.7692307692,1.0,3.14814814815,82.0,30.3394991241,64.0
2016-09-17,5,1,22.0,27.0,1,5.0,32.3076923077,1.0,2.60805860806,82.0,30.9997136845,78.0
2016-09-18,6,0,22.0,26.0,0,5.0,37.9230769231,1.0,2.41161616162,82.0,32.1354382346,98.0
2016-09-19,0,0,20.0,27.0,1,5.0,45.0769230769,1.0,2.57648953301,98.0,34.2894052677,134.0
2016-09-20,1,0,19.0,26.0,1,5.0,55.0,1.0,2.75555555556,134.0,39.5221456907,128.0
2016-09-21,2,0,19.0,26.0,1,5.0,64.4615384615,1.0,2.74914089347,134.0,41.1107610554,131.0
2016-09-22,3,0,20.0,27.0,1,5.0,74.1538461538,1.0,2.62262262262,134.0,40.801293633,170.0
2016-09-23,4,0,20.0,29.0,1,5.0,86.8461538462,1.0,2.45704467354,170.0,42.9236283394,158.0
2016-09-24,5,1,21.0,30.0,1,5.0,98.9230769231,1.0,2.32346241458,170.0,38.9762482673,86.0
2016-09-25,6,1,21.0,30.0,1,5.0,101.230769231,1.0,1.97424892704,170.0,37.2148726393,116.0
2016-09-26,0,0,24.0,31.0,1,5.0,103.846153846,1.0,1.59045725646,170.0,36.9653604043,158.0
2016-09-27,1,0,23.0,28.0,0,5.0,110.384615385,1.0,1.4440433213,170.0,38.4198235321,122.0
2016-09-28,2,0,22.0,28.0,0,5.0,114.769230769,1.0,1.48397976391,170.0,36.1772428387,129.0
2016-09-29,3,0,22.0,25.0,0,5.0,120.923076923,1.0,1.43282536346,170.0,30.8830586829,133.0
2016-09-30,4,0,22.0,29.0,0,5.0,126.230769231,1.0,1.26046282619,170.0,26.2214059535,84.0
2016-10-01,5,1,23.0,30.0,0,5.0,126.692307692,1.0,1.09113844213,170.0,25.4086133651,11.0
2016-10-02,6,1,22.0,30.0,1,5.0,120.0,1.0,0.734654422426,170.0,39.5863224243,11.0
2016-10-03,0,1,21.0,27.0,0,5.0,110.538461538,1.0,0.353687020354,170.0,48.7483575812,11.0
2016-10-04,1,1,20.0,27.0,1,5.0,101.538461538,1.0,0.113636363636,170.0,55.0826168093,11.0
2016-10-05,2,1,21.0,27.0,1,5.0,92.3076923077,1.0,0.116896918172,170.0,59.2678205792,11.0
2016-10-06,3,1,22.0,27.0,0,5.0,80.0769230769,1.0,0.119305856833,170.0,58.3720975737,5.0
2016-10-07,4,1,20.0,23.0,0,5.0,68.3076923077,1.0,0.100840336134,170.0,56.8796091832,92.0
2016-10-08,5,0,17.0,22.0,0,5.0,68.7692307692,1.0,0.400222345748,170.0,57.0453987171,68.0
2016-10-09,6,0,16.0,22.0,1,5.0,65.0769230769,1.0,0.621820237422,170.0,55.3985025325,79.0
2016-10-10,0,0,15.0,21.0,1,5.0,59.0,5.0,0.929599377674,170.0,48.8136172678,111.0
2016-10-11,1,0,17.0,23.0,1,5.0,58.1538461538,5.0,1.0135533294,170.0,47.799012146,124.0
2016-10-12,2,0,18.0,25.0,1,11.0,57.7692307692,5.0,1.23865877712,170.0,47.2442977368,123.0
2016-10-13,3,0,18.0,23.0,1,11.0,57.0,5.0,1.45262730777,170.0,46.0801976491,120.0
2016-10-14,4,0,19.0,22.0,0,11.0,59.7692307692,5.0,1.52440290758,170.0,48.6307181271,107.0
2016-10-15,5,1,20.0,23.0,0,11.0,67.1538461538,5.0,1.43501435014,170.0,47.9484437124,92.0
2016-10-16,6,1,20.0,26.0,0,11.0,73.3846153846,5.0,1.32750728256,170.0,45.4440289071,116.0
2016-10-17,0,0,20.0,24.0,0,49.0,81.4615384615,5.0,1.34615384615,170.0,42.8981179157,145.0
2016-10-18,1,0,20.0,24.0,0,56.0,91.7692307692,5.0,1.48662876395,170.0,40.7754712205,173.0
2016-10-19,2,0,20.0,24.0,0,64.0,104.230769231,5.0,1.77832411391,173.0,38.8985936984,144.0
2016-10-20,3,0,21.0,25.0,0,65.0,114.923076923,5.0,1.88034188034,173.0,27.6223475259,143.0
2016-10-21,4,0,21.0,25.0,0,68.0,118.846153846,5.0,1.80711058731,173.0,27.7096099793,124.0
2016-10-22,5,1,20.0,23.0,0,73.0,123.153846154,5.0,1.5138121547,173.0,23.5039968904,111.0
2016-10-23,6,1,17.0,23.0,0,78.0,125.615384615,5.0,1.31937172775,173.0,20.1934431915,112.0
2016-10-24,0,0,19.0,24.0,1,79.0,125.692307692,5.0,1.15033979778,173.0,20.1394546385,168.0
2016-10-25,1,0,19.0,23.0,1,82.0,129.076923077,5.0,1.20233702337,173.0,23.0566577685,136.0
2016-10-26,2,0,19.0,24.0,0,84.0,130.076923077,5.0,1.20947812182,173.0,23.053321264,114.0
2016-10-27,3,0,18.0,24.0,0,86.0,129.615384615,5.0,1.16014432417,173.0,23.3090885593,145.0
2016-10-28,4,0,15.0,19.0,0,92.0,132.538461538,5.0,1.07264086897,173.0,22.6634758167,102.0
2016-10-29,5,1,12.0,15.0,0,92.0,133.307692308,5.0,0.966921119593,173.0,21.4095040556,70.0
2016-10-30,6,1,14.0,18.0,1,92.0,129.769230769,5.0,0.852150537634,173.0,27.0388718647,97.0
2016-10-31,0,0,12.0,17.0,0,97.0,126.076923077,5.0,0.727223573939,173.0,27.9682829661,128.0
