time_stamp,dayofweek,holiday,lt,ht,sunny,m2M,w2A,m1L,d3w3,m1Lar,w2Std,pay_sum
2016-08-01,0,0,23.0,33.0,0,21.0,25.1538461538,21.0,1.64556962025,43.0,7.86272759334,39.0
2016-08-02,1,0,22.0,32.0,1,21.0,26.5384615385,21.0,1.55826558266,43.0,8.56302772312,19.0
2016-08-03,2,0,22.0,30.0,0,21.0,26.3846153846,19.0,1.37414965986,43.0,8.67834140072,43.0
2016-08-04,3,0,21.0,32.0,1,21.0,28.0769230769,19.0,1.31510416667,43.0,9.5632432418,38.0
2016-08-05,4,0,22.0,31.0,0,21.0,29.3846153846,19.0,1.26023944549,43.0,9.66785682669,67.0
2016-08-06,5,1,23.0,32.0,0,21.0,32.9230769231,19.0,1.71594202899,67.0,13.578611793,74.0
2016-08-07,6,1,22.0,31.0,0,21.0,37.0,19.0,1.90021231423,74.0,16.9297189763,73.0
2016-08-08,0,0,22.0,30.0,0,21.0,41.0,19.0,2.09803921569,74.0,18.7247265565,43.0
2016-08-09,1,0,22.0,32.0,0,21.0,42.6923076923,19.0,1.80436847104,74.0,17.8126343034,63.0
2016-08-10,2,0,22.0,31.0,1,21.0,45.9230769231,19.0,1.60394265233,74.0,17.3890396004,47.0
2016-08-11,3,0,23.0,34.0,1,21.0,47.9230769231,19.0,1.32467532468,74.0,15.8330789972,51.0
2016-08-12,4,0,24.0,34.0,0,21.0,48.6923076923,19.0,1.34166666667,74.0,15.7205627976,72.0
2016-08-13,5,1,23.0,34.0,0,21.0,51.6923076923,19.0,1.33176654916,74.0,16.1549450176,78.0
2016-08-14,6,1,25.0,34.0,0,21.0,54.3846153846,19.0,1.47577092511,78.0,17.3539552643,69.0
2016-08-15,0,0,24.0,33.0,0,21.0,56.6923076923,19.0,1.52719665272,78.0,17.1481535915,54.0
2016-08-16,1,0,24.0,33.0,1,21.0,59.3846153846,19.0,1.35490394338,78.0,13.3447682721,48.0
2016-08-17,2,0,25.0,34.0,1,21.0,59.7692307692,19.0,1.12204724409,78.0,12.9326887332,46.0
2016-08-18,3,0,23.0,34.0,1,21.0,60.3846153846,19.0,0.947806596222,78.0,12.041840273,39.0
2016-08-19,4,0,23.0,34.0,1,21.0,58.2307692308,19.0,0.853384664742,78.0,13.1216429914,39.0
2016-08-20,5,1,24.0,34.0,1,21.0,55.5384615385,19.0,0.791068580542,78.0,13.2003227502,54.0
2016-08-21,6,1,25.0,34.0,1,21.0,54.0769230769,19.0,0.833333333333,78.0,12.2000097003,56.0
2016-08-22,0,0,25.0,34.0,0,21.0,55.0769230769,19.0,0.925753339546,78.0,11.7765186083,40.0
2016-08-23,1,0,25.0,34.0,0,21.0,53.3076923077,19.0,0.91407678245,78.0,12.1742768882,50.0
2016-08-24,2,0,25.0,36.0,0,21.0,53.5384615385,19.0,0.884044807751,78.0,12.0805971873,41.0
2016-08-25,3,0,22.0,34.0,1,21.0,52.7692307692,19.0,0.791062801932,78.0,12.5278388225,47.0
2016-08-26,4,0,22.0,30.0,1,21.0,50.8461538462,19.0,0.848708487085,78.0,11.2854307293,71.0
2016-08-27,5,1,21.0,29.0,1,21.0,50.3076923077,19.0,0.980573543016,78.0,10.0795651263,71.0
2016-08-28,6,1,22.0,30.0,1,21.0,50.4615384615,19.0,1.16774791474,78.0,10.3746390826,60.0
2016-08-29,0,0,20.0,24.0,0,33.0,50.9230769231,19.0,1.22871046229,78.0,10.6515548772,56.0
2016-08-30,1,0,18.0,26.0,0,38.0,51.5384615385,19.0,1.14478114478,78.0,10.6959042097,63.0
2016-08-31,2,0,19.0,26.0,0,39.0,52.8461538462,19.0,1.07993966817,78.0,10.9744188831,53.0
2016-09-01,3,0,17.0,29.0,1,39.0,53.9230769231,38.0,1.03583258055,78.0,10.2241158238,61.0
2016-09-02,4,0,20.0,30.0,1,39.0,55.6153846154,38.0,1.07664233577,78.0,9.40162393124,63.0
2016-09-03,5,1,20.0,27.0,0,40.0,56.3076923077,39.0,1.09158186864,78.0,9.58672652389,92.0
2016-09-04,6,1,20.0,24.0,1,41.0,59.0769230769,39.0,1.30434782609,92.0,13.4990685631,72.0
2016-09-05,0,0,19.0,22.0,0,41.0,61.5384615385,39.0,1.34878193702,92.0,12.6892770274,48.0
2016-09-06,1,0,19.0,27.0,1,43.0,61.3846153846,39.0,1.2596553773,92.0,12.8394731592,52.0
2016-09-07,2,0,20.0,25.0,1,43.0,62.2307692308,39.0,1.01654846336,92.0,11.787567415,48.0
2016-09-08,3,0,19.0,25.0,1,43.0,62.3076923077,39.0,0.867780709469,92.0,11.6907893751,61.0
2016-09-09,4,0,20.0,29.0,1,46.0,61.5384615385,39.0,0.926085706068,92.0,11.419385573,80.0
2016-09-10,5,1,18.0,29.0,1,47.0,62.2307692308,39.0,1.06329113924,92.0,12.2169733514,83.0
2016-09-11,6,1,19.0,32.0,1,47.0,64.0,39.0,1.23212321232,92.0,13.376213101,76.0
2016-09-12,0,0,19.0,28.0,1,48.0,65.5384615385,39.0,1.27670940171,92.0,13.517028489,50.0
2016-09-13,1,0,19.0,25.0,0,48.0,64.5384615385,39.0,1.11645299145,92.0,14.1346023025,59.0
2016-09-14,2,0,18.0,21.0,0,48.0,65.0,39.0,0.974196945761,92.0,13.8452991189,55.0
2016-09-15,3,1,18.0,28.0,1,50.0,64.5384615385,39.0,0.858189429618,92.0,14.0691445512,72.0
2016-09-16,4,1,19.0,26.0,1,50.0,65.2307692308,39.0,0.972549019608,92.0,14.1972578401,71.0
2016-09-17,5,1,20.0,25.0,0,51.0,63.6153846154,39.0,1.03529411765,92.0,12.0991955329,94.0
2016-09-18,6,0,18.0,23.0,0,52.0,65.3076923077,40.0,1.20702826585,94.0,14.4615384615,44.0
2016-09-19,0,0,17.0,23.0,0,52.0,65.0,40.0,1.07427396556,94.0,14.8634813191,58.0
2016-09-20,1,0,17.0,24.0,0,53.0,65.4615384615,40.0,1.01135190918,94.0,14.5423275283,62.0
2016-09-21,2,0,18.0,27.0,1,54.0,66.5384615385,41.0,0.840379195491,94.0,13.703539041,67.0
2016-09-22,3,0,19.0,26.0,0,54.0,67.0,41.0,0.953838306554,94.0,13.6099511105,71.0
2016-09-23,4,0,18.0,22.0,0,55.0,66.3076923077,44.0,1.01394169835,94.0,13.1522716107,85.0
2016-09-24,5,1,18.0,24.0,1,56.0,66.4615384615,44.0,1.13659531091,94.0,13.3567348878,103.0
2016-09-25,6,1,18.0,24.0,1,56.0,68.5384615385,44.0,1.28951954195,103.0,16.4251935224,87.0
2016-09-26,0,0,19.0,25.0,1,58.0,71.3846153846,44.0,1.33043057571,103.0,16.1699553376,57.0
2016-09-27,1,0,19.0,26.0,1,58.0,71.2307692308,44.0,1.190648349,103.0,16.2960771408,77.0
2016-09-28,2,0,19.0,28.0,1,59.0,72.9230769231,44.0,1.04343720491,103.0,15.6522868246,65.0
2016-09-29,3,0,18.0,26.0,1,60.0,72.3846153846,44.0,0.936911487759,103.0,15.794538791,66.0
2016-09-30,4,0,19.0,28.0,1,61.0,72.0,44.0,0.989063242986,103.0,15.8841963066,68.0
2016-10-01,5,1,19.0,30.0,1,61.0,70.0,44.0,0.956500841144,103.0,14.5707821447,76.0
2016-10-02,6,1,19.0,32.0,1,62.0,72.4615384615,44.0,1.00937274694,103.0,12.5306724273,72.0
2016-10-03,0,1,20.0,29.0,1,63.0,73.5384615385,44.0,1.02200141945,103.0,11.8231544965,80.0
2016-10-04,1,1,18.0,27.0,0,63.0,74.9230769231,44.0,1.06293706294,103.0,11.4385417203,95.0
2016-10-05,2,1,18.0,23.0,1,63.0,77.0769230769,44.0,1.1201814059,103.0,12.3441766929,99.0
2016-10-06,3,1,19.0,24.0,0,63.0,79.2307692308,44.0,1.22021821421,103.0,13.4859120005,87.0
2016-10-07,4,1,18.0,22.0,0,63.0,79.3846153846,44.0,1.23815818462,103.0,13.5620424009,79.0
2016-10-08,5,0,14.0,20.0,0,63.0,77.5384615385,44.0,1.17935024477,103.0,11.7317149682,59.0
2016-10-09,6,0,15.0,19.0,0,63.0,75.3846153846,44.0,0.991407799075,103.0,12.3508857455,67.0
2016-10-10,0,0,14.0,18.0,0,65.0,76.1538461538,44.0,0.8979413053,103.0,11.4612803275,46.0
2016-10-11,1,0,15.0,18.0,0,63.0,73.7692307692,44.0,0.761398849048,103.0,13.9843530482,65.0
2016-10-12,2,0,14.0,17.0,0,63.0,73.7692307692,44.0,0.789007092199,103.0,13.9843530482,54.0
2016-10-13,3,0,15.0,20.0,1,63.0,72.8461538462,44.0,0.739744451917,103.0,14.8367846084,57.0
2016-10-14,4,0,15.0,19.0,0,63.0,72.0,44.0,0.804203792552,103.0,15.3923057702,66.0
2016-10-15,5,1,15.0,21.0,1,63.0,71.2307692308,44.0,0.829817158931,103.0,15.423028966,124.0
2016-10-16,6,1,15.0,24.0,0,65.0,75.2307692308,44.0,1.12862691341,124.0,20.8811797712,89.0
2016-10-17,0,0,15.0,24.0,1,65.0,75.9230769231,44.0,1.24748490946,124.0,21.1749545035,59.0
2016-10-18,1,0,16.0,22.0,1,65.0,73.1538461538,46.0,1.23104774836,124.0,20.8505530414,75.0
2016-10-19,2,0,16.0,21.0,1,66.0,71.3076923077,46.0,1.00247246572,124.0,19.4990517142,69.0
2016-10-20,3,0,17.0,24.0,1,66.0,69.9230769231,46.0,0.910722296994,124.0,18.9674277014,50.0
2016-10-21,4,0,18.0,22.0,0,66.0,67.6923076923,46.0,0.881017257039,124.0,19.4674664125,89.0
2016-10-22,5,1,17.0,22.0,0,67.0,70.0,46.0,0.936304298897,124.0,20.0691113597,101.0
2016-10-23,6,1,16.0,21.0,0,67.0,72.6153846154,46.0,1.05960264901,124.0,21.6600961058,74.0
2016-10-24,0,0,17.0,22.0,1,68.0,74.7692307692,46.0,1.17021276596,124.0,20.2528396723,55.0
2016-10-25,1,0,15.0,21.0,1,67.0,74.0,46.0,1.04735883424,124.0,20.7920102998,67.0
2016-10-26,2,0,15.0,21.0,0,67.0,75.0,46.0,0.912476722533,124.0,20.1074039177,54.0
2016-10-27,3,0,13.0,21.0,1,67.0,74.7692307692,46.0,0.838694305456,124.0,20.3286605036,56.0
2016-10-28,4,0,8.0,16.0,0,67.0,74.0,46.0,0.857558139535,124.0,20.8289739029,89.0
2016-10-29,5,1,11.0,15.0,1,67.0,71.3076923077,46.0,0.943575154101,124.0,15.8618294385,108.0
2016-10-30,6,1,11.0,17.0,1,68.0,72.7692307692,46.0,1.16563003916,124.0,18.1368890817,80.0
2016-10-31,0,0,11.0,19.0,1,69.0,74.3846153846,46.0,1.2469052442,124.0,17.7700632506,73.0
