time_stamp,dayofweek,holiday,lt,ht,sunny,m2M,w2A,m1L,d3w3,m1Lar,w2Std,pay_sum
2016-08-01,0,0,25.0,35.0,0,93.0,103.461538462,75.0,1.06038291605,136.0,13.4771338234,105.0
2016-08-02,1,0,25.0,29.0,0,93.0,104.307692308,75.0,0.958456002617,136.0,13.1989779056,60.0
2016-08-03,2,0,25.0,31.0,0,90.0,101.769230769,60.0,0.866666666667,136.0,17.5768809964,100.0
2016-08-04,3,0,26.0,32.0,1,93.0,101.076923077,60.0,0.882450882451,136.0,17.4552682744,113.0
2016-08-05,4,0,26.0,34.0,1,93.0,100.692307692,60.0,0.90682610862,136.0,17.1302010199,120.0
2016-08-06,5,1,27.0,35.0,1,93.0,101.923076923,60.0,1.09683794466,136.0,17.8819270105,123.0
2016-08-07,6,1,27.0,36.0,1,94.0,104.153846154,60.0,1.15715910938,136.0,18.5507460097,97.0
2016-08-08,0,0,27.0,35.0,0,94.0,104.846153846,60.0,1.09872354177,136.0,18.0973697785,114.0
2016-08-09,1,0,25.0,34.0,0,94.0,106.384615385,60.0,1.06897103537,136.0,17.9595205587,164.0
2016-08-10,2,0,26.0,31.0,0,94.0,110.692307692,60.0,1.16063138347,164.0,23.6460587556,113.0
2016-08-11,3,0,26.0,32.0,0,94.0,110.230769231,60.0,1.20790855731,164.0,23.5377073786,109.0
2016-08-12,4,0,26.0,30.0,0,95.0,108.153846154,60.0,1.19745618117,164.0,22.3326120758,112.0
2016-08-13,5,1,25.0,32.0,0,95.0,109.615384615,60.0,1.03229794468,164.0,21.9107927797,118.0
2016-08-14,6,1,26.0,32.0,0,96.0,111.384615385,60.0,1.03622191655,164.0,21.5853884395,121.0
2016-08-15,0,0,25.0,31.0,0,96.0,112.615384615,60.0,1.05691056911,164.0,21.6423319572,111.0
2016-08-16,1,0,25.0,31.0,0,97.0,116.538461538,60.0,1.04586881817,164.0,15.4999522809,113.0
2016-08-17,2,0,25.0,31.0,0,98.0,117.538461538,60.0,1.02862254025,164.0,14.8044451984,106.0
2016-08-18,3,0,25.0,30.0,0,98.0,117.0,60.0,0.989653621233,164.0,15.0843780627,102.0
2016-08-19,4,0,26.0,32.0,0,98.0,115.615384615,60.0,0.977615349475,164.0,15.5639547156,115.0
2016-08-20,5,1,26.0,34.0,1,100.0,115.0,60.0,0.973918287351,164.0,15.4172730303,128.0
2016-08-21,6,1,27.0,35.0,0,102.0,117.384615385,60.0,1.02495543672,164.0,14.8351892552,110.0
2016-08-22,0,0,27.0,35.0,1,103.0,117.076923077,60.0,1.04639098859,164.0,14.9432852863,113.0
2016-08-23,1,0,27.0,35.0,1,103.0,113.153846154,60.0,1.01650738488,164.0,6.31050593907,149.0
2016-08-24,2,0,28.0,36.0,1,104.0,115.923076923,60.0,1.05487026797,164.0,11.445264647,119.0
2016-08-25,3,0,27.0,36.0,1,104.0,116.692307692,60.0,1.07764106916,164.0,11.289100362,53.0
2016-08-26,4,0,25.0,35.0,0,104.0,112.153846154,53.0,0.934497816594,164.0,20.425648107,102.0
2016-08-27,5,1,24.0,32.0,0,104.0,110.923076923,53.0,0.805053621272,164.0,20.5181403358,115.0
2016-08-28,6,1,26.0,33.0,1,104.0,110.461538462,53.0,0.78705728028,164.0,20.3530960964,100.0
2016-08-29,0,0,26.0,33.0,1,104.0,109.615384615,53.0,0.929755096055,164.0,20.5409102545,105.0
2016-08-30,1,0,25.0,32.0,1,105.0,109.0,53.0,0.963565191207,164.0,20.5501263331,122.0
2016-08-31,2,0,25.0,33.0,0,105.0,110.230769231,53.0,0.98065677013,164.0,20.811068971,105.0
2016-09-01,3,0,25.0,32.0,0,105.0,110.461538462,53.0,0.997446297131,164.0,20.7350145503,108.0
2016-09-02,4,0,25.0,31.0,0,105.0,109.923076923,53.0,1.00827689992,164.0,20.7010276165,132.0
2016-09-03,5,1,25.0,31.0,0,106.0,110.230769231,53.0,1.03185284881,164.0,20.9950684545,100.0
2016-09-04,6,1,26.0,31.0,0,106.0,109.461538462,53.0,1.02657004831,164.0,21.1718804245,129.0
2016-09-05,0,0,26.0,32.0,0,108.0,110.692307692,53.0,1.08116202456,164.0,21.7976167201,102.0
2016-09-06,1,0,26.0,33.0,0,106.0,107.076923077,53.0,0.996237772761,164.0,18.8412866556,149.0
2016-09-07,2,0,25.0,31.0,0,108.0,109.384615385,53.0,1.12193681724,164.0,21.7699102911,96.0
2016-09-08,3,0,26.0,32.0,0,108.0,112.692307692,53.0,1.02723505033,149.0,15.2385372576,106.0
2016-09-09,4,0,26.0,32.0,0,108.0,113.0,53.0,1.04324565314,149.0,15.05885888,90.0
2016-09-10,5,1,25.0,30.0,0,108.0,111.076923077,53.0,0.882842025699,149.0,16.2313160681,103.0
2016-09-11,6,1,25.0,30.0,0,108.0,111.307692308,53.0,0.906885047012,149.0,16.0929254184,96.0
2016-09-12,0,0,24.0,33.0,1,108.0,110.615384615,53.0,0.883386825615,149.0,16.5368514422,110.0
2016-09-13,1,0,26.0,35.0,1,108.0,109.692307692,53.0,0.961718020542,149.0,16.2072377725,109.0
2016-09-14,2,0,26.0,35.0,1,108.0,110.0,53.0,0.984990619137,149.0,16.1531135365,129.0
2016-09-15,3,1,25.0,34.0,1,109.0,111.615384615,53.0,1.05072463768,149.0,16.9048853273,89.0
2016-09-16,4,1,25.0,34.0,1,109.0,108.307692308,53.0,0.993166287016,149.0,16.7991969377,102.0
2016-09-17,5,1,25.0,34.0,1,109.0,108.461538462,53.0,0.977696303086,149.0,16.7314323476,101.0
2016-09-18,6,0,25.0,33.0,1,109.0,106.307692308,53.0,0.891739196824,149.0,15.7205627976,91.0
2016-09-19,0,0,23.0,32.0,1,108.0,105.461538462,53.0,0.903642231443,149.0,16.2178220325,105.0
2016-09-20,1,0,24.0,31.0,1,108.0,102.076923077,53.0,0.920074349442,149.0,10.2841292101,110.0
2016-09-21,2,0,24.0,31.0,1,108.0,103.153846154,53.0,0.945757997218,149.0,10.3243264176,90.0
2016-09-22,3,0,24.0,32.0,1,108.0,101.923076923,53.0,0.950599968833,149.0,10.8518806485,89.0
2016-09-23,4,0,25.0,32.0,1,108.0,101.846153846,53.0,0.919211195929,149.0,10.9393162059,106.0
2016-09-24,5,1,25.0,32.0,1,108.0,102.076923077,89.0,0.903901046622,149.0,10.9927356325,98.0
2016-09-25,6,1,26.0,33.0,1,108.0,102.230769231,89.0,0.943183647191,149.0,10.9203680281,116.0
2016-09-26,0,0,26.0,34.0,1,108.0,102.692307692,89.0,1.02318145484,149.0,11.3570351994,101.0
2016-09-27,1,0,27.0,35.0,1,106.0,102.076923077,89.0,1.03092783505,149.0,11.2144243548,141.0
2016-09-28,2,0,28.0,34.0,1,108.0,103.0,89.0,1.14633365354,149.0,13.6268964806,114.0
2016-09-29,3,0,21.0,28.0,0,109.0,104.923076923,89.0,1.1355661882,149.0,13.2749708878,107.0
2016-09-30,4,0,20.0,26.0,0,109.0,105.307692308,89.0,1.14538838791,149.0,13.2571293759,144.0
2016-10-01,5,1,20.0,28.0,0,109.0,108.615384615,89.0,1.13283674736,149.0,16.6896488489,113.0
2016-10-02,6,1,23.0,31.0,1,110.0,110.307692308,89.0,1.12086220169,149.0,15.9150853227,92.0
2016-10-03,0,1,24.0,33.0,1,109.0,109.307692308,89.0,1.08368265797,149.0,16.6103981121,86.0
2016-10-04,1,1,24.0,32.0,1,109.0,107.461538462,86.0,0.913370998117,149.0,17.7270561772,107.0
2016-10-05,2,1,23.0,33.0,1,108.0,108.769230769,86.0,0.903901046622,149.0,17.0029583225,94.0
2016-10-06,3,1,25.0,32.0,1,108.0,109.153846154,86.0,0.908084163898,144.0,16.6032719382,111.0
2016-10-07,4,1,25.0,31.0,1,108.0,109.538461538,86.0,0.982986767486,144.0,16.5836591704,84.0
2016-10-08,5,0,24.0,31.0,0,107.0,108.461538462,84.0,0.917897411466,144.0,17.7140334833,119.0
2016-10-09,6,0,22.0,30.0,1,107.0,108.692307692,84.0,0.984171759912,144.0,17.8298997598,90.0
2016-10-10,0,0,22.0,30.0,1,107.0,107.846153846,84.0,0.924873737374,144.0,18.4259271924,97.0
2016-10-11,1,0,21.0,28.0,0,106.0,104.461538462,84.0,0.971891376846,144.0,15.8920172734,114.0
2016-10-12,2,0,20.0,25.0,0,106.0,104.461538462,84.0,0.945203328623,144.0,15.8920172734,109.0
2016-10-13,3,0,22.0,28.0,1,106.0,104.615384615,84.0,0.99548918961,144.0,15.9254921988,104.0
2016-10-14,4,0,20.0,30.0,1,106.0,101.538461538,84.0,1.01821578702,144.0,11.1742518911,113.0
2016-10-15,5,1,21.0,31.0,1,106.0,101.538461538,84.0,1.00803957947,144.0,11.1742518911,113.0
2016-10-16,6,1,24.0,32.0,1,106.0,103.153846154,84.0,1.02183000464,144.0,11.1964702807,112.0
2016-10-17,0,0,23.0,32.0,1,107.0,105.153846154,84.0,1.04128157733,144.0,10.2345279388,98.0
2016-10-18,1,0,23.0,26.0,0,106.0,104.461538462,84.0,1.01524438158,144.0,10.3894575605,135.0
2016-10-19,2,0,23.0,27.0,0,106.0,107.615384615,84.0,1.07376283847,144.0,12.7009294726,101.0
2016-10-20,3,0,24.0,31.0,1,106.0,106.846153846,84.0,1.04244694132,144.0,12.7752534453,102.0
2016-10-21,4,0,24.0,27.0,0,105.0,108.230769231,84.0,1.07609041706,144.0,11.088135351,96.0
2016-10-22,5,1,24.0,30.0,1,105.0,106.461538462,84.0,0.959717541326,144.0,11.0635603159,121.0
2016-10-23,6,1,24.0,31.0,1,105.0,108.846153846,84.0,1.00981323204,144.0,10.5891537676,131.0
2016-10-24,0,0,24.0,30.0,1,105.0,111.461538462,84.0,1.07856810786,144.0,11.4999356829,112.0
2016-10-25,1,0,24.0,31.0,1,106.0,111.307692308,84.0,1.12554112554,144.0,11.478304722,169.0
2016-10-26,2,0,25.0,32.0,1,106.0,115.923076923,84.0,1.23113700882,169.0,19.1329821491,113.0
2016-10-27,3,0,24.0,33.0,1,106.0,116.615384615,84.0,1.1762949694,169.0,18.8497641754,125.0
2016-10-28,4,0,22.0,33.0,1,107.0,117.538461538,84.0,1.19319847552,169.0,18.94370358,113.0
2016-10-29,5,1,20.0,29.0,1,107.0,117.538461538,84.0,1.03174603175,169.0,18.94370358,118.0
2016-10-30,6,1,19.0,28.0,1,107.0,118.0,84.0,1.03368176539,169.0,18.8761143329,116.0
2016-10-31,0,0,19.0,27.0,1,107.0,119.384615385,84.0,0.999280057595,169.0,17.9980275053,102.0
