time_stamp,dayofweek,holiday,lt,ht,sunny,m2M,w2A,m1L,d3w3,m1Lar,w2Std,pay_sum
2016-08-01,0,0,27.0,34.0,0,49.0,46.8461538462,32.0,1.08268446422,72.0,5.69542534167,45.0
2016-08-02,1,0,27.0,34.0,0,49.0,46.7692307692,32.0,1.04719764012,72.0,5.71305988542,43.0
2016-08-03,2,0,25.0,32.0,0,49.0,46.1538461538,32.0,1.01496896678,72.0,5.65476183061,44.0
2016-08-04,3,0,25.0,32.0,0,49.0,45.6923076923,32.0,0.957562568009,72.0,5.56617000465,50.0
2016-08-05,4,0,26.0,34.0,1,49.0,47.0769230769,32.0,0.992753623188,72.0,4.00886591409,46.0
2016-08-06,5,1,27.0,33.0,0,49.0,46.6153846154,32.0,1.00791936645,72.0,3.75271105158,46.0
2016-08-07,6,1,26.0,32.0,0,48.0,46.3076923077,32.0,1.02564102564,55.0,3.62437507366,63.0
2016-08-08,0,0,26.0,33.0,0,48.0,47.0769230769,32.0,1.09231853418,63.0,5.52562615264,42.0
2016-08-09,1,0,26.0,31.0,0,48.0,47.3076923077,32.0,1.0686482661,63.0,5.23868179815,53.0
2016-08-10,2,0,26.0,33.0,1,48.0,48.0769230769,32.0,1.11581920904,63.0,5.28366915725,49.0
2016-08-11,3,0,27.0,34.0,1,49.0,48.2307692308,32.0,1.01802757158,63.0,5.27918767285,51.0
2016-08-12,4,0,27.0,34.0,1,49.0,48.3846153846,32.0,1.06029106029,63.0,5.32827669555,53.0
2016-08-13,5,1,26.0,33.0,1,49.0,48.9230769231,32.0,1.05919003115,63.0,5.413111411,56.0
2016-08-14,6,1,26.0,33.0,1,49.0,49.3076923077,32.0,1.10079119367,63.0,5.71616621636,54.0
2016-08-15,0,0,26.0,34.0,1,49.0,50.0,32.0,1.12027491409,63.0,5.69750282681,48.0
2016-08-16,1,0,27.0,35.0,1,49.0,50.3846153846,32.0,1.0759278175,63.0,5.37141238464,66.0
2016-08-17,2,0,27.0,35.0,1,49.0,52.0769230769,32.0,1.11776447106,66.0,6.45054009023,47.0
2016-08-18,3,0,27.0,35.0,1,49.0,51.8461538462,32.0,1.07119095143,66.0,6.57321082818,47.0
2016-08-19,4,0,27.0,35.0,1,49.0,51.9230769231,32.0,1.06666666667,66.0,6.50989233589,56.0
2016-08-20,5,1,27.0,37.0,1,49.0,52.6923076923,32.0,0.990099009901,66.0,6.35349226059,42.0
2016-08-21,6,1,26.0,34.0,1,49.0,51.0769230769,39.0,0.965700965701,66.0,6.19505433591,56.0
2016-08-22,0,0,26.0,35.0,1,49.0,52.1538461538,39.0,1.01449275362,66.0,5.72237381951,66.0
2016-08-23,1,0,25.0,34.0,1,49.0,53.1538461538,39.0,1.05636070853,66.0,6.81453372011,38.0
2016-08-24,2,0,25.0,34.0,1,49.0,52.3076923077,38.0,1.03660511824,66.0,7.87776437815,66.0
2016-08-25,3,0,25.0,34.0,1,49.0,53.4615384615,38.0,1.08452950558,66.0,8.66127885934,57.0
2016-08-26,4,0,26.0,34.0,1,49.0,53.7692307692,38.0,1.01641414141,66.0,8.71032849468,44.0
2016-08-27,5,1,23.0,31.0,1,49.0,52.8461538462,38.0,1.05629348514,66.0,9.05407816185,54.0
2016-08-28,6,1,22.0,30.0,1,49.0,52.8461538462,38.0,0.988835725678,66.0,9.05407816185,59.0
2016-08-29,0,0,22.0,30.0,1,49.0,53.6923076923,38.0,0.985561833019,66.0,9.07561920231,49.0
2016-08-30,1,0,19.0,32.0,1,49.0,52.3846153846,38.0,1.02079395085,66.0,8.40822364427,50.0
2016-08-31,2,0,23.0,33.0,1,49.0,52.6153846154,38.0,0.994649039975,66.0,8.29771480625,65.0
2016-09-01,3,0,23.0,32.0,1,49.0,54.0,38.0,1.01894998447,66.0,8.73542742559,70.0
2016-09-02,4,0,23.0,33.0,1,49.0,55.0769230769,38.0,1.13149847095,70.0,9.72278480574,62.0
2016-09-03,5,1,22.0,32.0,1,49.0,56.6153846154,38.0,1.19829683698,70.0,9.09385643454,71.0
2016-09-04,6,1,24.0,31.0,0,49.0,57.7692307692,38.0,1.21593291405,71.0,9.86176646802,55.0
2016-09-05,0,0,23.0,30.0,0,49.0,56.9230769231,38.0,1.11904761905,71.0,9.58734372823,52.0
2016-09-06,1,0,23.0,29.0,0,49.0,58.0,38.0,1.07293550332,71.0,8.06702690444,66.0
2016-09-07,2,0,21.0,26.0,0,49.0,58.0,38.0,1.02518518519,71.0,8.06702690444,52.0
2016-09-08,3,0,20.0,29.0,1,50.0,57.6153846154,38.0,1.00294985251,71.0,8.22321723993,36.0
2016-09-09,4,0,22.0,31.0,1,50.0,57.0,36.0,0.924924924925,71.0,9.42990333583,52.0
2016-09-10,5,1,23.0,28.0,1,50.0,56.8461538462,36.0,0.833333333333,71.0,9.49369145879,64.0
2016-09-11,6,1,21.0,26.0,0,50.0,57.2307692308,36.0,0.898345153664,71.0,9.67275194438,40.0
2016-09-12,0,0,21.0,26.0,0,50.0,56.5384615385,36.0,0.943738656987,71.0,10.5218847728,52.0
2016-09-13,1,0,22.0,26.0,0,50.0,56.6923076923,36.0,0.931899641577,71.0,10.4394563326,42.0
2016-09-14,2,0,22.0,26.0,0,50.0,54.9230769231,36.0,0.818070818071,71.0,10.8234896865,77.0
2016-09-15,3,1,24.0,26.0,0,51.0,55.4615384615,36.0,1.02517985612,77.0,11.6988847898,67.0
2016-09-16,4,1,24.0,29.0,0,51.0,55.8461538462,36.0,1.09251101322,77.0,11.986185342,46.0
2016-09-17,5,1,23.0,28.0,0,51.0,53.9230769231,36.0,1.123927832,77.0,11.3913701375,71.0
2016-09-18,6,0,22.0,26.0,0,51.0,55.1538461538,36.0,1.07696810067,77.0,12.2715816412,52.0
2016-09-19,0,0,20.0,26.0,1,52.0,55.1538461538,36.0,0.986573263281,77.0,12.2715816412,51.0
2016-09-20,1,0,19.0,26.0,1,52.0,54.0,36.0,1.01487314086,77.0,11.8969938026,61.0
2016-09-21,2,0,19.0,26.0,1,52.0,54.6923076923,36.0,0.9599063506,77.0,12.0216766742,66.0
2016-09-22,3,0,18.0,27.0,1,52.0,57.0,36.0,1.04552129222,77.0,11.0523231112,59.0
2016-09-23,4,0,21.0,28.0,1,52.0,57.5384615385,36.0,1.09540636042,77.0,10.9657886497,78.0
2016-09-24,5,1,20.0,29.0,1,52.0,58.6153846154,36.0,1.18817676324,78.0,12.1689292971,88.0
2016-09-25,6,1,21.0,30.0,1,52.0,62.3076923077,36.0,1.27986348123,88.0,13.1989779056,68.0
2016-09-26,0,0,24.0,30.0,1,52.0,63.5384615385,36.0,1.31313131313,88.0,12.9235347904,55.0
2016-09-27,1,0,24.0,31.0,0,53.0,64.5384615385,36.0,1.19512885868,88.0,11.6593665524,53.0
2016-09-28,2,0,23.0,29.0,0,53.0,62.6923076923,36.0,0.996038483305,88.0,11.4380244084,48.0
2016-09-29,3,0,23.0,27.0,0,53.0,61.2307692308,36.0,0.873949579832,88.0,11.9945747105,57.0
2016-09-30,4,0,25.0,31.0,0,53.0,62.0769230769,36.0,0.881450488145,88.0,11.2555048991,67.0
2016-10-01,5,1,24.0,32.0,1,54.0,61.7692307692,36.0,0.9571508069,88.0,11.060350851,68.0
2016-10-02,6,1,23.0,32.0,1,54.0,63.0,36.0,1.044045677,88.0,10.791734729,62.0
2016-10-03,0,1,22.0,27.0,0,55.0,63.8461538462,36.0,1.06256742179,88.0,10.2345279388,54.0
2016-10-04,1,1,22.0,26.0,0,55.0,63.3076923077,36.0,0.982905982906,88.0,10.5494047618,56.0
2016-10-05,2,1,22.0,26.0,1,55.0,62.5384615385,36.0,0.93452866069,88.0,10.6887099647,48.0
2016-10-06,3,1,23.0,27.0,0,55.0,61.6923076923,36.0,0.871964679912,88.0,11.3502600132,74.0
2016-10-07,4,1,21.0,26.0,0,55.0,61.3846153846,36.0,0.960086299892,88.0,10.9512097087,56.0
2016-10-08,5,0,19.0,22.0,0,56.0,58.9230769231,40.0,0.971880971881,88.0,7.84916985774,56.0
2016-10-09,6,0,18.0,20.0,1,56.0,58.0,40.0,1.01224489796,88.0,7.42138282781,51.0
2016-10-10,0,0,18.0,21.0,1,56.0,57.6923076923,40.0,0.887074829932,88.0,7.61965692126,60.0
2016-10-11,1,0,19.0,23.0,1,56.0,58.2307692308,42.0,0.909586056645,88.0,7.51566411574,44.0
2016-10-12,2,0,19.0,24.0,1,56.0,57.9230769231,42.0,0.859678313921,88.0,7.99482080871,66.0
2016-10-13,3,0,19.0,24.0,1,56.0,58.6153846154,44.0,0.93741384064,88.0,8.2698568636,63.0
2016-10-14,4,0,20.0,24.0,0,56.0,58.3076923077,44.0,0.965940815187,88.0,8.02289622925,66.0
2016-10-15,5,1,20.0,24.0,1,56.0,58.1538461538,44.0,1.10921501706,88.0,7.85293824331,68.0
2016-10-16,6,1,21.0,26.0,0,56.0,58.6153846154,44.0,1.12059158134,88.0,8.23256630274,69.0
2016-10-17,0,0,20.0,24.0,1,57.0,59.7692307692,44.0,1.14109050028,88.0,8.54988840371,68.0
2016-10-18,1,0,20.0,25.0,1,57.0,60.6923076923,44.0,1.13794060505,88.0,8.73881364404,53.0
2016-10-19,2,0,20.0,24.0,0,57.0,61.0769230769,44.0,1.05030403538,88.0,8.26914132331,54.0
2016-10-20,3,0,23.0,26.0,0,57.0,59.5384615385,44.0,0.969797727902,88.0,7.55100996419,64.0
2016-10-21,4,0,23.0,27.0,0,57.0,60.1538461538,44.0,0.95,88.0,7.56353757125,49.0
2016-10-22,5,1,21.0,25.0,0,57.0,59.6153846154,44.0,0.942703923229,88.0,8.0721597676,66.0
2016-10-23,6,1,19.0,22.0,0,57.0,60.7692307692,44.0,1.0070323488,88.0,7.82652144122,77.0
2016-10-24,0,0,20.0,24.0,1,59.0,62.0769230769,44.0,1.05960264901,77.0,8.93103093766,64.0
2016-10-25,1,0,20.0,26.0,1,59.0,63.6153846154,44.0,1.13486842105,77.0,7.24875014732,72.0
2016-10-26,2,0,22.0,28.0,0,60.0,64.0769230769,44.0,1.14516129032,77.0,7.56979360009,72.0
2016-10-27,3,0,21.0,26.0,1,61.0,64.7692307692,44.0,1.12008616047,77.0,7.84615384615,58.0
2016-10-28,4,0,17.0,22.0,0,61.0,64.1538461538,44.0,1.08602150538,77.0,8.03689716099,56.0
2016-10-29,5,1,13.0,16.0,0,61.0,63.2307692308,44.0,1.0,77.0,8.22897176635,52.0
2016-10-30,6,1,14.0,19.0,1,60.0,61.9230769231,44.0,0.891753961859,77.0,8.55265625371,76.0
2016-10-31,0,0,14.0,20.0,0,60.0,62.5384615385,44.0,0.975868469902,77.0,9.22884595348,53.0
