time_stamp,dayofweek,holiday,lt,ht,sunny,m2M,w2A,m1L,d3w3,m1Lar,w2Std,pay_sum
2016-08-01,0,0,26.0,32.0,0,358.0,462.615384615,277.0,1.42360306051,778.0,154.132080453,509.0
2016-08-02,1,0,25.0,28.0,0,362.0,477.923076923,277.0,1.43380547686,778.0,147.973730277,537.0
2016-08-03,2,0,26.0,31.0,0,362.0,493.923076923,277.0,1.33920704846,778.0,142.13615441,391.0
2016-08-04,3,0,27.0,31.0,0,362.0,498.461538462,277.0,1.04425550469,778.0,137.768264396,393.0
2016-08-05,4,0,27.0,32.0,0,363.0,495.769230769,282.0,0.952483957026,778.0,139.450655097,454.0
2016-08-06,5,1,28.0,34.0,1,376.0,479.769230769,282.0,0.902299478882,778.0,131.145341479,687.0
2016-08-07,6,1,28.0,35.0,1,388.0,481.153846154,282.0,1.10177404295,778.0,133.214601968,781.0
2016-08-08,0,0,28.0,34.0,1,388.0,513.692307692,282.0,1.31203495119,781.0,149.788766455,340.0
2016-08-09,1,0,27.0,33.0,1,376.0,515.461538462,282.0,1.23043419083,781.0,147.574552416,423.0
2016-08-10,2,0,25.0,28.0,0,376.0,516.923076923,282.0,1.04078193461,781.0,146.55398666,342.0
2016-08-11,3,0,26.0,31.0,0,376.0,515.307692308,282.0,0.744107744108,781.0,148.34646796,389.0
2016-08-12,4,0,26.0,30.0,0,388.0,510.384615385,297.0,0.78017780482,781.0,151.36381971,394.0
2016-08-13,5,1,26.0,31.0,0,389.0,493.692307692,297.0,0.78182007714,781.0,151.312912976,709.0
2016-08-14,6,1,26.0,31.0,0,391.0,488.384615385,297.0,1.03256168033,781.0,142.181648963,779.0
2016-08-15,0,0,26.0,30.0,0,393.0,509.153846154,297.0,1.24792785624,781.0,162.013221756,333.0
2016-08-16,1,0,25.0,29.0,0,393.0,493.461538462,297.0,1.20556107249,781.0,168.313176679,370.0
2016-08-17,2,0,25.0,29.0,0,391.0,491.846153846,310.0,0.984455958549,781.0,169.386152442,352.0
2016-08-18,3,0,26.0,30.0,0,389.0,488.692307692,317.0,0.701579384871,781.0,171.564916898,397.0
2016-08-19,4,0,26.0,31.0,0,389.0,484.307692308,317.0,0.748319791353,781.0,173.116850095,443.0
2016-08-20,5,1,27.0,33.0,1,391.0,465.538461538,317.0,0.810801618882,781.0,163.058562101,630.0
2016-08-21,6,1,26.0,31.0,0,391.0,453.923076923,317.0,1.0152284264,781.0,144.494589485,905.0
2016-08-22,0,0,26.0,33.0,1,393.0,497.384615385,317.0,1.3122367068,905.0,183.420298542,416.0
2016-08-23,1,0,27.0,34.0,1,393.0,496.846153846,317.0,1.31009938222,905.0,183.648010378,329.0
2016-08-24,2,0,28.0,34.0,1,391.0,495.846153846,317.0,1.11494019866,905.0,184.521771137,366.0
2016-08-25,3,0,28.0,34.0,1,389.0,494.076923077,329.0,0.752786529796,905.0,185.644599059,355.0
2016-08-26,4,0,26.0,33.0,0,389.0,491.076923077,329.0,0.718685831622,905.0,187.54300493,410.0
2016-08-27,5,1,26.0,31.0,0,391.0,468.076923077,329.0,0.796787488112,905.0,177.470891021,637.0
2016-08-28,6,1,26.0,31.0,1,393.0,457.153846154,329.0,1.00296884501,905.0,161.663870734,714.0
2016-08-29,0,0,25.0,31.0,1,394.0,486.461538462,329.0,1.21118332817,905.0,170.778135596,373.0
2016-08-30,1,0,25.0,30.0,1,394.0,486.692307692,329.0,1.19188357703,905.0,170.622563489,339.0
2016-08-31,2,0,26.0,30.0,1,393.0,485.692307692,329.0,0.986168741355,905.0,171.445162623,363.0
2016-09-01,3,0,25.0,30.0,0,391.0,483.076923077,329.0,0.745440676791,905.0,173.03021592,383.0
2016-09-02,4,0,25.0,29.0,0,391.0,478.461538462,329.0,0.753236835711,905.0,174.828538149,444.0
2016-09-03,5,1,26.0,31.0,0,393.0,464.153846154,329.0,0.849575212394,905.0,169.367077971,782.0
2016-09-04,6,1,26.0,32.0,0,394.0,454.692307692,329.0,1.148342433,905.0,146.346472253,761.0
2016-09-05,0,0,26.0,30.0,0,397.0,481.230769231,329.0,1.35599003651,905.0,166.778597523,301.0
2016-09-06,1,0,26.0,29.0,0,397.0,479.076923077,301.0,1.26735395189,905.0,168.897994495,344.0
2016-09-07,2,0,26.0,30.0,0,394.0,477.384615385,301.0,0.967120649333,905.0,170.12824957,308.0
2016-09-08,3,0,25.0,29.0,0,393.0,473.769230769,301.0,0.661598805929,905.0,173.162952978,380.0
2016-09-09,4,0,26.0,31.0,0,393.0,471.461538462,301.0,0.721174004193,905.0,174.194239675,444.0
2016-09-10,5,1,25.0,29.0,0,394.0,456.615384615,301.0,0.806784976124,905.0,167.550928405,645.0
2016-09-11,6,1,25.0,31.0,0,397.0,451.307692308,301.0,1.07690052049,905.0,160.247109474,702.0
2016-09-12,0,0,25.0,32.0,0,404.0,476.615384615,301.0,1.27292110874,905.0,171.468112515,373.0
2016-09-13,1,0,27.0,33.0,1,404.0,479.230769231,301.0,1.21675155631,905.0,169.598237403,368.0
2016-09-14,2,0,26.0,33.0,1,397.0,479.615384615,301.0,1.02058137068,905.0,169.339685231,409.0
2016-09-15,3,1,27.0,33.0,1,397.0,481.615384615,301.0,0.808720112518,905.0,168.337362031,732.0
2016-09-16,4,1,27.0,33.0,1,404.0,503.769230769,301.0,1.02632115895,905.0,180.444815279,527.0
2016-09-17,5,1,26.0,32.0,1,409.0,484.153846154,301.0,1.14733801073,905.0,162.056422346,572.0
2016-09-18,6,0,25.0,32.0,1,410.0,469.615384615,301.0,1.27818499127,905.0,144.044618334,338.0
2016-09-19,0,0,25.0,32.0,1,410.0,472.461538462,301.0,1.00683131897,905.0,141.018610547,299.0
2016-09-20,1,0,23.0,28.0,0,409.0,469.0,299.0,0.850659630607,782.0,144.635350504,326.0
2016-09-21,2,0,24.0,31.0,1,404.0,470.384615385,299.0,0.680228862047,782.0,143.166142571,317.0
2016-09-22,3,0,25.0,31.0,1,397.0,465.538461538,299.0,0.670081092616,782.0,147.154348787,313.0
2016-09-23,4,0,26.0,31.0,1,397.0,455.461538462,299.0,0.689680049057,782.0,152.666360903,400.0
2016-09-24,5,1,26.0,31.0,1,400.0,436.615384615,299.0,0.775106294917,782.0,142.916079981,571.0
2016-09-25,6,1,26.0,32.0,1,400.0,426.538461538,299.0,0.987426462106,782.0,127.651939866,716.0
2016-09-26,0,0,27.0,33.0,1,409.0,452.923076923,299.0,1.23807426978,782.0,147.728160712,357.0
2016-09-27,1,0,27.0,33.0,1,400.0,452.076923077,299.0,1.20479278883,782.0,148.242764275,351.0
2016-09-28,2,0,26.0,32.0,1,397.0,447.615384615,299.0,1.03865791393,782.0,150.330169172,322.0
2016-09-29,3,0,24.0,29.0,1,394.0,416.076923077,299.0,0.756074286134,782.0,128.82991861,343.0
2016-09-30,4,0,23.0,26.0,0,393.0,401.923076923,299.0,0.75418476042,782.0,125.94104942,425.0
2016-10-01,5,1,23.0,28.0,0,393.0,390.615384615,299.0,0.829433474109,782.0,116.400858087,609.0
2016-10-02,6,1,24.0,30.0,0,394.0,411.461538462,299.0,1.05906783572,782.0,128.725477357,510.0
2016-10-03,0,1,24.0,30.0,0,397.0,427.692307692,299.0,1.16903274655,761.0,126.810206223,465.0
2016-10-04,1,1,25.0,32.0,1,397.0,438.384615385,299.0,1.18625028084,732.0,123.604542151,456.0
2016-10-05,2,1,25.0,30.0,1,397.0,449.076923077,299.0,1.06604089842,732.0,118.550516035,464.0
2016-10-06,3,1,26.0,32.0,1,397.0,460.692307692,299.0,1.06362554237,732.0,111.857316129,484.0
2016-10-07,4,1,25.0,31.0,0,400.0,467.153846154,299.0,1.083584163,732.0,110.583658658,592.0
2016-10-08,5,0,24.0,30.0,1,400.0,468.769230769,299.0,1.1858011858,732.0,112.229952019,402.0
2016-10-09,6,0,22.0,28.0,1,402.0,444.615384615,299.0,1.12971031109,732.0,87.4832190164,385.0
2016-10-10,0,0,23.0,28.0,1,402.0,446.769230769,299.0,1.04374810778,732.0,85.6245416348,338.0
2016-10-11,1,0,21.0,26.0,1,402.0,445.769230769,299.0,0.850340136054,732.0,86.804957184,363.0
2016-10-12,2,0,22.0,26.0,0,400.0,448.923076923,299.0,0.816602752087,732.0,82.908161924,373.0
2016-10-13,3,0,23.0,28.0,1,397.0,451.230769231,299.0,0.802151019494,732.0,80.3043765894,315.0
2016-10-14,4,0,24.0,30.0,1,397.0,442.769230769,299.0,0.792519699883,732.0,88.0447035459,367.0
2016-10-15,5,1,24.0,31.0,1,397.0,424.153846154,299.0,0.814325961947,716.0,75.6396783887,637.0
2016-10-16,6,1,24.0,31.0,1,400.0,433.923076923,299.0,1.02749863675,716.0,92.4333119593,695.0
2016-10-17,0,0,24.0,31.0,1,402.0,451.615384615,299.0,1.27323141487,716.0,115.757397811,312.0
2016-10-18,1,0,23.0,27.0,0,400.0,440.538461538,299.0,1.23743931354,716.0,121.552530831,291.0
2016-10-19,2,0,24.0,27.0,0,385.0,427.230769231,291.0,0.980436588866,716.0,127.576314323,297.0
2016-10-20,3,0,24.0,30.0,0,383.0,412.846153846,291.0,0.683371298405,716.0,130.864490191,569.0
2016-10-21,4,0,24.0,27.0,0,383.0,411.076923077,291.0,0.8643358733,716.0,128.565733883,439.0
2016-10-22,5,1,24.0,30.0,0,385.0,413.923076923,291.0,0.993831391364,716.0,128.742713932,752.0
2016-10-23,6,1,25.0,30.0,1,400.0,442.153846154,291.0,1.30428338521,752.0,156.541882405,701.0
2016-10-24,0,0,25.0,31.0,0,402.0,470.076923077,291.0,1.36626227614,752.0,167.46685621,339.0
2016-10-25,1,0,25.0,30.0,1,400.0,468.230769231,291.0,1.31066008411,752.0,168.764357268,340.0
2016-10-26,2,0,25.0,31.0,1,385.0,465.692307692,291.0,1.02324546769,752.0,170.417760277,359.0
2016-10-27,3,0,26.0,31.0,1,383.0,469.076923077,291.0,0.780509812768,752.0,167.808252084,339.0
2016-10-28,4,0,24.0,32.0,1,383.0,466.923076923,291.0,0.803436665506,752.0,169.277860581,373.0
2016-10-29,5,1,22.0,29.0,1,383.0,446.615384615,291.0,0.831780055918,752.0,163.38935963,567.0
2016-10-30,6,1,20.0,25.0,1,385.0,436.769230769,291.0,0.972697543539,752.0,151.552556939,698.0
2016-10-31,0,0,21.0,27.0,1,400.0,466.461538462,291.0,1.19658119658,752.0,161.673752869,344.0
