time_stamp,dayofweek,holiday,lt,ht,sunny,m2M,w2A,m1L,d3w3,m1Lar,w2Std,pay_sum
2016-08-01,0,0,27.0,37.0,1,69.0,54.6153846154,23.0,0.623461853979,103.0,23.279368421,72.0
2016-08-02,1,0,27.0,35.0,0,69.0,52.8461538462,23.0,0.667789001122,103.0,20.8947772416,81.0
2016-08-03,2,0,26.0,32.0,0,72.0,54.6923076923,23.0,0.993508326277,103.0,22.1997387905,94.0
2016-08-04,3,0,27.0,33.0,0,73.0,56.9230769231,23.0,1.37911781128,103.0,24.4649247777,76.0
2016-08-05,4,0,26.0,33.0,0,74.0,59.5384615385,23.0,1.40145170296,103.0,24.5470204509,91.0
2016-08-06,5,1,26.0,34.0,0,74.0,64.1538461538,23.0,1.39088729017,103.0,24.3874058098,29.0
2016-08-07,6,1,27.0,35.0,1,73.0,64.5384615385,23.0,1.05376344086,103.0,23.7830430369,36.0
2016-08-08,0,0,26.0,34.0,0,73.0,62.8461538462,23.0,0.874684608915,103.0,24.9425375115,85.0
2016-08-09,1,0,26.0,30.0,0,74.0,62.6153846154,23.0,0.848176420696,103.0,24.7216456433,60.0
2016-08-10,2,0,27.0,35.0,0,74.0,61.5384615385,23.0,1.02086858432,103.0,24.5062484485,90.0
2016-08-11,3,0,27.0,36.0,1,74.0,63.6923076923,23.0,1.29798398233,95.0,25.655662489,88.0
2016-08-12,4,0,27.0,36.0,1,74.0,65.3076923077,23.0,1.26629422719,95.0,26.4615384615,67.0
2016-08-13,5,1,27.0,35.0,1,74.0,68.6153846154,23.0,1.26713214378,95.0,23.6270329578,21.0
2016-08-14,6,1,28.0,35.0,1,73.0,68.4615384615,21.0,0.912389839295,95.0,23.9281468781,24.0
2016-08-15,0,0,27.0,36.0,1,73.0,64.7692307692,21.0,0.596379126731,95.0,26.6462693193,87.0
2016-08-16,1,0,26.0,36.0,1,74.0,65.2307692308,21.0,0.7034372502,95.0,26.9733596383,76.0
2016-08-17,2,0,28.0,37.0,1,74.0,63.8461538462,21.0,0.994945464219,95.0,25.9017259711,96.0
2016-08-18,3,0,28.0,37.0,1,76.0,65.3846153846,21.0,1.34162134162,96.0,27.1421853367,81.0
2016-08-19,4,0,28.0,38.0,1,76.0,64.6153846154,21.0,1.29643863695,96.0,26.540356677,79.0
2016-08-20,5,1,27.0,37.0,0,76.0,68.4615384615,21.0,1.25860373648,96.0,24.6564561201,35.0
2016-08-21,6,1,27.0,35.0,0,74.0,68.3846153846,21.0,0.950292397661,96.0,24.7589563019,27.0
2016-08-22,0,0,27.0,36.0,1,74.0,63.9230769231,21.0,0.710506424792,96.0,26.5256379274,84.0
2016-08-23,1,0,27.0,35.0,0,74.0,65.7692307692,21.0,0.734037204625,96.0,27.0189501765,102.0
2016-08-24,2,0,27.0,35.0,1,76.0,66.6923076923,21.0,1.06446776612,102.0,28.0175346617,96.0
2016-08-25,3,0,26.0,35.0,1,76.0,67.3076923077,21.0,1.38847858198,102.0,28.5613634004,101.0
2016-08-26,4,0,25.0,34.0,0,76.0,69.9230769231,21.0,1.46138807429,102.0,29.9370147488,108.0
2016-08-27,5,1,23.0,31.0,1,76.0,76.6153846154,21.0,1.4091014091,108.0,27.907921295,55.0
2016-08-28,6,1,21.0,31.0,1,76.0,79.0,21.0,1.20383036936,108.0,24.4162619202,101.0
2016-08-29,0,0,21.0,32.0,1,76.0,80.0769230769,21.0,1.19079837618,108.0,25.0459931955,109.0
2016-08-30,1,0,21.0,32.0,1,76.0,82.6153846154,21.0,1.15695263043,109.0,26.1520361365,101.0
2016-08-31,2,0,21.0,33.0,1,76.0,83.0,21.0,1.34807108799,109.0,26.3818119165,101.0
2016-09-01,3,0,23.0,33.0,0,76.0,84.5384615385,21.0,1.33677197507,109.0,26.800158968,101.0
2016-09-02,4,0,22.0,34.0,1,77.0,86.2307692308,21.0,1.27444794953,109.0,27.0900317919,101.0
2016-09-03,5,1,23.0,35.0,1,79.0,91.3076923077,21.0,1.21321321321,109.0,22.8688051398,101.0
2016-09-04,6,1,24.0,32.0,1,79.0,97.0,21.0,1.15958668197,109.0,13.4049359451,101.0
2016-09-05,0,0,24.0,30.0,0,79.0,98.3076923077,21.0,1.15034168565,109.0,12.8923627684,101.0
2016-09-06,1,0,23.0,28.0,0,79.0,98.2307692308,21.0,1.13419427288,109.0,12.873071752,101.0
2016-09-07,2,0,21.0,27.0,0,81.0,98.6153846154,21.0,1.13101903695,109.0,12.8753698172,1.0
2016-09-08,3,0,22.0,30.0,1,81.0,90.9230769231,1.0,0.793278624463,109.0,28.9680501414,117.0
2016-09-09,4,0,22.0,29.0,1,81.0,91.6153846154,1.0,0.837155963303,117.0,29.4710769857,67.0
2016-09-10,5,1,22.0,28.0,0,81.0,92.5384615385,1.0,0.694444444444,117.0,28.4810743764,87.0
2016-09-11,6,1,21.0,25.0,0,81.0,91.4615384615,1.0,0.984023238925,117.0,28.405349942,53.0
2016-09-12,0,0,21.0,27.0,1,79.0,87.1538461538,1.0,0.764542936288,117.0,29.6384525545,91.0
2016-09-13,1,0,21.0,28.0,0,81.0,86.3846153846,1.0,0.858416945373,117.0,29.397902755,76.0
2016-09-14,2,0,21.0,25.0,0,81.0,84.4615384615,1.0,0.826756858324,117.0,29.1959306559,77.0
2016-09-15,3,1,22.0,25.0,0,81.0,82.6153846154,1.0,0.929523809524,117.0,28.8485127241,18.0
2016-09-16,4,1,23.0,27.0,0,79.0,76.2307692308,1.0,0.686746987952,117.0,32.9642086702,33.0
2016-09-17,5,1,22.0,27.0,1,77.0,71.0,1.0,0.520960520961,117.0,33.9977374813,35.0
2016-09-18,6,0,22.0,26.0,0,77.0,65.9230769231,1.0,0.364715860899,117.0,34.0665898554,83.0
2016-09-19,0,0,20.0,27.0,1,79.0,64.5384615385,1.0,0.651142733937,117.0,32.9606184236,70.0
2016-09-20,1,0,19.0,26.0,1,79.0,62.1538461538,1.0,0.827282728273,117.0,31.3168574753,90.0
2016-09-21,2,0,19.0,26.0,1,81.0,69.0,1.0,1.07712765957,117.0,26.5677653152,93.0
2016-09-22,3,0,20.0,27.0,1,81.0,67.1538461538,1.0,1.12745098039,117.0,23.8645090647,89.0
2016-09-23,4,0,20.0,29.0,1,83.0,68.8461538462,1.0,1.22192273136,117.0,24.56340666,90.0
2016-09-24,5,1,21.0,30.0,1,83.0,69.0769230769,1.0,1.23104774836,117.0,24.7462865542,48.0
2016-09-25,6,1,21.0,30.0,1,83.0,68.6923076923,1.0,1.06572769953,117.0,25.0303957232,30.0
2016-09-26,0,0,24.0,31.0,1,83.0,64.0,1.0,0.830244625649,117.0,26.103344908,67.0
2016-09-27,1,0,23.0,28.0,0,83.0,63.3076923077,1.0,0.735107731305,117.0,25.8944146499,87.0
2016-09-28,2,0,22.0,28.0,0,84.0,64.0769230769,1.0,0.875565072567,117.0,26.4326765677,108.0
2016-09-29,3,0,22.0,25.0,0,85.0,71.0,1.0,1.25478927203,117.0,25.215990043,91.0
2016-09-30,4,0,22.0,29.0,0,87.0,75.4615384615,1.0,1.34651600753,117.0,23.1437493958,116.0
2016-10-01,5,1,23.0,30.0,0,87.0,81.6923076923,1.0,1.45328719723,117.0,22.2999986733,14.0
2016-10-02,6,1,22.0,30.0,1,87.0,76.3846153846,1.0,1.04788999526,117.0,28.6612535598,18.0
2016-10-03,0,1,21.0,27.0,0,87.0,72.3846153846,1.0,0.740185046262,117.0,32.6273562934,12.0
2016-10-04,1,1,20.0,27.0,1,85.0,66.3846153846,1.0,0.231153138955,117.0,35.8491250007,24.0
2016-10-05,2,1,21.0,27.0,1,85.0,61.0769230769,1.0,0.296052631579,117.0,36.6153846154,23.0
2016-10-06,3,1,22.0,27.0,0,85.0,56.0,1.0,0.32214032214,117.0,36.9656805491,32.0
2016-10-07,4,1,20.0,23.0,0,84.0,51.5384615385,12.0,0.431693989071,117.0,36.0824171641,34.0
2016-10-08,5,0,17.0,22.0,0,84.0,50.4615384615,12.0,0.486737763194,116.0,36.3796548903,71.0
2016-10-09,6,0,16.0,22.0,1,83.0,53.6153846154,12.0,0.756697045015,116.0,36.2460363065,78.0
2016-10-10,0,0,15.0,21.0,1,81.0,54.4615384615,12.0,1.00411522634,116.0,36.6744836566,76.0
2016-10-11,1,0,17.0,23.0,1,81.0,53.6153846154,12.0,1.24895920067,116.0,36.0353212654,88.0
2016-10-12,2,0,18.0,25.0,1,83.0,52.0769230769,12.0,1.34894091416,116.0,34.0530390341,87.0
2016-10-13,3,0,18.0,23.0,1,84.0,51.7692307692,12.0,1.40145170296,116.0,33.7163595219,80.0
2016-10-14,4,0,19.0,22.0,0,83.0,49.0,12.0,1.43581081081,116.0,29.5478751026,61.0
2016-10-15,5,1,20.0,23.0,0,83.0,52.6153846154,12.0,1.26984126984,116.0,27.8720661417,30.0
2016-10-16,6,1,20.0,26.0,0,81.0,53.5384615385,12.0,0.952380952381,116.0,26.8918500225,33.0
2016-10-17,0,0,20.0,24.0,0,80.0,55.1538461538,12.0,0.710805388363,116.0,24.9055018755,77.0
2016-10-18,1,0,20.0,24.0,0,80.0,59.2307692308,12.0,0.809482509396,116.0,23.7847845551,79.0
2016-10-19,2,0,20.0,24.0,0,80.0,63.5384615385,12.0,1.12099644128,116.0,21.8231189501,90.0
2016-10-20,3,0,21.0,25.0,0,83.0,68.0,12.0,1.46037399822,116.0,20.8252804949,79.0
2016-10-21,4,0,21.0,25.0,0,80.0,71.4615384615,12.0,1.52240638428,116.0,18.4958015386,61.0
2016-10-22,5,1,20.0,23.0,0,79.0,70.6923076923,12.0,1.35333921742,116.0,18.7057564788,26.0
2016-10-23,6,1,17.0,23.0,0,79.0,66.6923076923,12.0,0.969909436167,116.0,21.9873551611,41.0
2016-10-24,0,0,19.0,24.0,1,78.0,64.0,12.0,0.729344729345,116.0,22.8102541044,76.0
2016-10-25,1,0,19.0,23.0,1,77.0,63.0769230769,12.0,0.780141843972,116.0,22.0505068439,91.0
2016-10-26,2,0,19.0,24.0,0,78.0,63.3846153846,12.0,1.07493540052,116.0,22.4072050965,77.0
2016-10-27,3,0,18.0,24.0,0,77.0,63.1538461538,12.0,1.21847690387,116.0,22.2497922336,92.0
2016-10-28,4,0,15.0,19.0,0,77.0,65.5384615385,12.0,1.24431682221,116.0,23.5163294644,95.0
2016-10-29,5,1,12.0,15.0,0,77.0,70.5384615385,12.0,1.2420606916,116.0,22.3076923077,47.0
2016-10-30,6,1,14.0,18.0,1,77.0,71.6153846154,12.0,1.12554112554,95.0,20.7532702207,41.0
2016-10-31,0,0,12.0,17.0,0,77.0,68.8461538462,12.0,0.903034789045,95.0,22.2013379841,81.0
