time_stamp,dayofweek,holiday,lt,ht,sunny,m2M,w2A,m1L,d3w3,m1Lar,w2Std,pay_sum
2016-08-01,0,0,26.0,32.0,0,60.0,63.0769230769,41.0,1.12915699923,90.0,13.8645177367,41.0
2016-08-02,1,0,25.0,28.0,0,59.0,62.3846153846,41.0,1.10236220472,90.0,14.6997564686,62.0
2016-08-03,2,0,26.0,31.0,0,59.0,63.3846153846,41.0,1.00756982511,90.0,14.1885027211,50.0
2016-08-04,3,0,27.0,31.0,0,59.0,62.8461538462,41.0,0.80378250591,90.0,14.5488363471,65.0
2016-08-05,4,0,27.0,32.0,0,59.0,62.8461538462,41.0,0.931333859511,90.0,14.5488363471,79.0
2016-08-06,5,1,28.0,34.0,1,60.0,63.3846153846,41.0,1.02727032036,90.0,15.0001972374,114.0
2016-08-07,6,1,28.0,35.0,1,61.0,65.8461538462,41.0,1.33644133644,114.0,19.7322311649,99.0
2016-08-08,0,0,28.0,34.0,1,61.0,69.9230769231,41.0,1.46365914787,114.0,20.6638351436,36.0
2016-08-09,1,0,27.0,33.0,1,61.0,67.6153846154,36.0,1.26139817629,114.0,22.5611594817,284.0
2016-08-10,2,0,25.0,28.0,0,62.0,85.6923076923,36.0,1.8009886095,284.0,61.2967367878,195.0
2016-08-11,3,0,26.0,31.0,0,63.0,95.6923076923,36.0,2.03276100257,284.0,67.4050724129,211.0
2016-08-12,4,0,26.0,30.0,0,63.0,108.076923077,36.0,2.5068119891,284.0,72.4722350426,222.0
2016-08-13,5,1,26.0,31.0,0,64.0,119.076923077,36.0,2.10915197313,284.0,77.8751086316,246.0
2016-08-14,6,1,26.0,31.0,0,65.0,131.076923077,36.0,2.10640608035,284.0,84.229961359,321.0
2016-08-15,0,0,26.0,30.0,0,65.0,152.615384615,36.0,2.1699669967,321.0,93.7086634707,77.0
2016-08-16,1,0,25.0,29.0,0,65.0,153.769230769,36.0,1.76317590691,321.0,92.6724204647,91.0
2016-08-17,2,0,25.0,29.0,0,65.0,156.923076923,36.0,1.3161081954,321.0,89.7384760448,76.0
2016-08-18,3,0,26.0,30.0,0,65.0,157.769230769,36.0,0.653804930332,321.0,88.9158234998,77.0
2016-08-19,4,0,26.0,31.0,0,65.0,157.615384615,36.0,0.646785950961,321.0,89.0536039624,99.0
2016-08-20,5,1,27.0,33.0,1,66.0,156.461538462,36.0,0.662721893491,321.0,89.7060287697,114.0
2016-08-21,6,1,26.0,31.0,0,66.0,157.615384615,36.0,0.755503451869,321.0,89.0536039624,104.0
2016-08-22,0,0,26.0,33.0,1,67.0,162.846153846,36.0,0.806000508518,321.0,83.5858344217,77.0
2016-08-23,1,0,27.0,34.0,1,67.0,146.923076923,36.0,0.745796991531,321.0,78.5546958284,69.0
2016-08-24,2,0,28.0,34.0,1,67.0,137.230769231,36.0,0.627510040161,321.0,79.7883294398,71.0
2016-08-25,3,0,28.0,34.0,1,67.0,126.461538462,36.0,0.543451039319,321.0,78.5430948682,63.0
2016-08-26,4,0,26.0,33.0,0,67.0,114.230769231,36.0,0.511463844797,321.0,75.0140026376,76.0
2016-08-27,5,1,26.0,31.0,0,68.0,101.153846154,36.0,0.536809815951,321.0,65.060736303,106.0
2016-08-28,6,1,26.0,31.0,1,69.0,84.6153846154,36.0,0.624601657106,321.0,15.5985130531,103.0
2016-08-29,0,0,25.0,31.0,1,71.0,86.6153846154,36.0,0.708426547353,321.0,16.1509154851,69.0
2016-08-30,1,0,25.0,30.0,1,71.0,84.9230769231,36.0,0.751249831104,321.0,16.744512481,79.0
2016-08-31,2,0,26.0,30.0,1,71.0,85.1538461538,36.0,0.711753863604,321.0,16.6402947175,70.0
2016-09-01,3,0,25.0,30.0,0,71.0,84.6153846154,36.0,0.657616892911,321.0,17.0046982718,62.0
2016-09-02,4,0,25.0,29.0,0,71.0,81.7692307692,36.0,0.686178861789,321.0,17.4495044944,66.0
2016-09-03,5,1,26.0,31.0,0,71.0,78.0769230769,36.0,0.705882352941,321.0,15.1680917032,90.0
2016-09-04,6,1,26.0,32.0,0,71.0,77.0,36.0,0.886719544438,321.0,13.7169182455,103.0
2016-09-05,0,0,26.0,30.0,0,72.0,79.0,36.0,1.03703703704,321.0,15.3672979458,43.0
2016-09-06,1,0,26.0,29.0,0,72.0,77.0,36.0,0.97299525871,321.0,18.0042729971,51.0
2016-09-07,2,0,26.0,30.0,0,72.0,75.4615384615,43.0,0.824958123953,321.0,19.2618210842,61.0
2016-09-08,3,0,25.0,29.0,0,71.0,75.3076923077,43.0,0.655668358714,321.0,19.3684303617,54.0
2016-09-09,4,0,26.0,31.0,0,71.0,73.6153846154,43.0,0.722839102983,321.0,20.1782002001,62.0
2016-09-10,5,1,25.0,29.0,0,71.0,70.2307692308,43.0,0.79783637593,321.0,18.0390765846,83.0
2016-09-11,6,1,25.0,31.0,0,72.0,68.6923076923,43.0,0.909922267947,321.0,15.9054156978,113.0
2016-09-12,0,0,25.0,32.0,0,76.0,72.0769230769,43.0,1.15127175368,321.0,19.8124340852,65.0
2016-09-13,1,0,27.0,33.0,1,76.0,71.0,43.0,1.1677852349,114.0,19.7873308341,59.0
2016-09-14,2,0,26.0,33.0,1,72.0,70.1538461538,43.0,1.06901217862,114.0,20.0455103504,67.0
2016-09-15,3,1,27.0,33.0,1,71.0,70.5384615385,43.0,0.859199280252,114.0,19.9330239499,97.0
2016-09-16,4,1,27.0,33.0,1,72.0,72.9230769231,43.0,0.98913284542,114.0,21.0693417022,58.0
2016-09-17,5,1,26.0,32.0,1,72.0,70.4615384615,43.0,1.01718213058,114.0,20.7979857923,62.0
2016-09-18,6,0,25.0,32.0,1,72.0,67.3076923077,43.0,1.02310231023,114.0,18.6191985921,55.0
2016-09-19,0,0,25.0,32.0,1,72.0,68.2307692308,43.0,0.833333333333,113.0,17.6641917064,48.0
2016-09-20,1,0,23.0,28.0,0,72.0,68.0,43.0,0.803506208912,113.0,17.9057360814,41.0
2016-09-21,2,0,24.0,31.0,1,71.0,66.4615384615,41.0,0.716417910448,113.0,19.2498367011,52.0
2016-09-22,3,0,25.0,31.0,1,70.0,66.3076923077,41.0,0.706766917293,113.0,19.3565119847,43.0
2016-09-23,4,0,26.0,31.0,1,70.0,64.8461538462,41.0,0.693700586585,113.0,20.3199263848,58.0
2016-09-24,5,1,26.0,31.0,1,70.0,62.9230769231,41.0,0.8,113.0,19.6838924327,88.0
2016-09-25,6,1,26.0,32.0,1,71.0,61.0,41.0,1.0,113.0,15.4670866433,82.0
2016-09-26,0,0,27.0,33.0,1,76.0,62.3076923077,41.0,1.1701308699,113.0,16.4381573709,41.0
2016-09-27,1,0,27.0,33.0,1,76.0,60.9230769231,41.0,1.09128523403,113.0,17.3890396004,57.0
2016-09-28,2,0,26.0,32.0,1,71.0,60.1538461538,41.0,0.933852140078,113.0,17.3242655693,64.0
2016-09-29,3,0,24.0,29.0,1,70.0,57.6153846154,41.0,0.833976833977,113.0,13.7982075845,50.0
2016-09-30,4,0,23.0,26.0,0,70.0,57.0,41.0,0.888542478566,113.0,13.9449466998,74.0
2016-10-01,5,1,23.0,28.0,0,71.0,57.9230769231,41.0,0.983778126635,113.0,14.6259071433,79.0
2016-10-02,6,1,24.0,30.0,0,74.0,59.7692307692,41.0,1.09139784946,113.0,15.6212569481,77.0
2016-10-03,0,1,24.0,30.0,0,76.0,62.0,41.0,1.22470713525,113.0,15.8502608569,82.0
2016-10-04,1,1,25.0,32.0,1,76.0,65.1538461538,41.0,1.24444444444,113.0,15.4314671213,60.0
2016-10-05,2,1,25.0,30.0,1,74.0,65.7692307692,41.0,1.15141955836,113.0,15.0494254741,70.0
2016-10-06,3,1,26.0,32.0,1,71.0,67.8461538462,41.0,1.13886650551,113.0,13.5524403357,60.0
2016-10-07,4,1,25.0,31.0,0,71.0,68.0,41.0,1.01903995709,113.0,13.4507649196,74.0
2016-10-08,5,0,24.0,30.0,1,71.0,66.9230769231,41.0,1.08366533865,113.0,12.3192253656,45.0
2016-10-09,6,0,22.0,28.0,1,70.0,64.0769230769,41.0,0.958500669344,113.0,12.7729373675,66.0
2016-10-10,0,0,23.0,28.0,1,70.0,66.0,41.0,0.976510952758,113.0,10.8981296913,51.0
2016-10-11,1,0,21.0,26.0,1,69.0,65.5384615385,41.0,0.848389630793,97.0,11.3856548382,57.0
2016-10-12,2,0,22.0,26.0,0,69.0,65.0,41.0,0.907668231612,97.0,11.6090150646,47.0
2016-10-13,3,0,23.0,28.0,1,67.0,64.7692307692,41.0,0.80603224129,97.0,11.9302707826,62.0
2016-10-14,4,0,24.0,30.0,1,66.0,63.8461538462,41.0,0.860549507517,97.0,11.6410821189,67.0
2016-10-15,5,1,24.0,31.0,1,66.0,62.9230769231,41.0,0.927536231884,88.0,10.8518806485,101.0
2016-10-16,6,1,24.0,31.0,1,66.0,64.7692307692,41.0,1.19418483904,101.0,14.513409429,103.0
2016-10-17,0,0,24.0,31.0,1,66.0,66.3846153846,41.0,1.34224863794,103.0,17.2517043151,54.0
2016-10-18,1,0,23.0,27.0,0,66.0,65.9230769231,41.0,1.28071481757,103.0,17.4948851359,41.0
2016-10-19,2,0,24.0,27.0,0,65.0,63.6923076923,41.0,1.0,103.0,18.6439704231,46.0
2016-10-20,3,0,24.0,30.0,0,64.0,62.6153846154,41.0,0.714285714286,103.0,19.2215362451,56.0
2016-10-21,4,0,24.0,27.0,0,63.0,61.2307692308,41.0,0.734463276836,103.0,18.9985985157,15.0
2016-10-22,5,1,24.0,30.0,0,62.0,58.9230769231,15.0,0.63209076175,103.0,22.3553866799,110.0
2016-10-23,6,1,25.0,30.0,1,62.0,62.3076923077,15.0,0.952380952381,110.0,26.1751044826,109.0
2016-10-24,0,0,25.0,31.0,0,62.0,66.7692307692,15.0,1.20556414219,110.0,28.6897297254,47.0
2016-10-25,1,0,25.0,30.0,1,62.0,66.0,15.0,1.38433515483,110.0,29.072852788,48.0
2016-10-26,2,0,25.0,31.0,1,62.0,66.0769230769,15.0,1.08022239873,110.0,29.0237609249,59.0
2016-10-27,3,0,26.0,31.0,1,62.0,65.8461538462,15.0,0.816110227875,110.0,29.0671534259,51.0
2016-10-28,4,0,24.0,32.0,1,61.0,64.6153846154,15.0,0.85290148448,110.0,29.3297917891,72.0
2016-10-29,5,1,22.0,29.0,1,61.0,62.3846153846,15.0,0.961436872689,110.0,27.5249214672,80.0
2016-10-30,6,1,20.0,25.0,1,61.0,60.6153846154,15.0,1.06060606061,110.0,25.5238605156,75.0
2016-10-31,0,0,21.0,27.0,1,61.0,62.2307692308,15.0,1.1641025641,110.0,25.7178592426,58.0
