time_stamp,dayofweek,holiday,lt,ht,sunny,m2M,w2A,m1L,d3w3,m1Lar,w2Std,pay_sum
2016-08-01,0,0,21.0,30.0,0,85.0,299.076923077,56.0,0.557209698001,534.0,180.823101629,158.0
2016-08-02,1,0,20.0,33.0,1,85.0,296.153846154,56.0,0.447688564477,534.0,182.762496638,146.0
2016-08-03,2,0,20.0,31.0,1,86.0,284.692307692,56.0,0.540651238992,534.0,187.096184484,92.0
2016-08-04,3,0,20.0,29.0,0,87.0,255.615384615,56.0,0.539325842697,534.0,185.402903662,107.0
2016-08-05,4,0,20.0,29.0,0,87.0,223.846153846,56.0,0.466910272026,534.0,172.299312983,83.0
2016-08-06,5,1,20.0,30.0,0,87.0,223.538461538,56.0,0.380798055499,534.0,172.546812103,85.0
2016-08-07,6,1,19.0,29.0,0,87.0,223.461538462,56.0,0.37037037037,534.0,172.608322905,85.0
2016-08-08,0,0,19.0,30.0,1,87.0,190.076923077,56.0,0.363192650014,534.0,153.085426899,79.0
2016-08-09,1,0,20.0,30.0,1,87.0,157.230769231,56.0,0.366688756351,534.0,125.011478763,80.0
2016-08-10,2,0,22.0,30.0,0,87.0,122.307692308,58.0,0.377241805813,534.0,62.8286860199,129.0
2016-08-11,3,0,22.0,31.0,1,88.0,110.538461538,58.0,0.483505414253,534.0,43.0198798135,104.0
2016-08-12,4,0,23.0,32.0,1,89.0,100.923076923,72.0,0.586966713549,534.0,26.1164891576,107.0
2016-08-13,5,1,21.0,29.0,0,90.0,103.615384615,72.0,0.634032634033,534.0,24.76516928,94.0
2016-08-14,6,1,20.0,28.0,0,91.0,103.769230769,72.0,0.567494650665,534.0,24.6986572234,108.0
2016-08-15,0,0,19.0,24.0,0,92.0,99.9230769231,72.0,0.649432534678,534.0,19.2452253358,133.0
2016-08-16,1,0,19.0,24.0,0,92.0,98.9230769231,72.0,0.797904013338,534.0,17.0359869709,179.0
2016-08-17,2,0,21.0,28.0,0,92.0,105.615384615,72.0,1.14566284779,534.0,27.1109925521,144.0
2016-08-18,3,0,21.0,29.0,0,94.0,108.461538462,72.0,1.31830008673,534.0,28.9843867376,201.0
2016-08-19,4,0,20.0,29.0,1,94.0,117.538461538,72.0,1.53350892596,534.0,36.9669611007,196.0
2016-08-20,5,1,20.0,28.0,1,95.0,126.076923077,72.0,1.50152650569,534.0,41.0580480979,104.0
2016-08-21,6,1,20.0,31.0,1,98.0,127.538461538,72.0,1.3835956918,534.0,39.891420679,95.0
2016-08-22,0,0,21.0,30.0,1,98.0,128.769230769,72.0,1.12009074153,534.0,38.6008247145,198.0
2016-08-23,1,0,22.0,28.0,0,98.0,137.846153846,72.0,1.10140102649,534.0,39.9169255673,195.0
2016-08-24,2,0,21.0,28.0,0,98.0,142.923076923,72.0,1.29821761107,534.0,42.5774616045,182.0
2016-08-25,3,0,16.0,26.0,1,98.0,148.923076923,72.0,1.48521244995,534.0,42.1635306113,174.0
2016-08-26,4,0,13.0,24.0,1,98.0,154.076923077,72.0,1.374750499,282.0,40.7967976467,203.0
2016-08-27,5,1,13.0,27.0,1,102.0,162.461538462,72.0,1.33572281959,229.0,38.7370134757,129.0
2016-08-28,6,1,13.0,28.0,1,104.0,164.076923077,72.0,1.19030816279,203.0,36.8227804459,116.0
2016-08-29,0,0,15.0,27.0,1,104.0,162.769230769,79.0,1.04028793684,203.0,38.1800468351,180.0
2016-08-30,1,0,14.0,26.0,1,107.0,162.846153846,79.0,0.953663188601,203.0,38.2136627879,151.0
2016-08-31,2,0,12.0,29.0,1,107.0,163.384615385,79.0,0.995656531908,203.0,37.9929921909,186.0
2016-09-01,3,0,12.0,29.0,1,107.0,162.230769231,79.0,1.12086720867,203.0,37.0491437587,125.0
2016-09-02,4,0,13.0,30.0,1,108.0,156.769230769,79.0,0.995796960879,203.0,36.9014359657,125.0
2016-09-03,5,1,16.0,26.0,0,116.0,158.384615385,79.0,0.930431071276,203.0,34.9649020976,100.0
2016-09-04,6,1,13.0,29.0,1,116.0,158.769230769,79.0,0.748823277706,203.0,34.2864715329,131.0
2016-09-05,0,0,15.0,29.0,1,125.0,153.615384615,79.0,0.76214943267,203.0,33.0140726673,118.0
2016-09-06,1,0,11.0,21.0,0,125.0,147.692307692,79.0,0.762091931434,203.0,31.9479976871,82.0
2016-09-07,2,0,12.0,27.0,1,125.0,140.0,80.0,0.737768862142,203.0,34.6831814706,97.0
2016-09-08,3,0,12.0,28.0,1,125.0,134.076923077,82.0,0.685833044683,203.0,34.9449270853,98.0
2016-09-09,4,0,14.0,27.0,1,125.0,126.0,82.0,0.66212501494,203.0,29.8431798677,134.0
2016-09-10,5,1,14.0,26.0,1,125.0,126.384615385,82.0,0.778053683339,203.0,29.9115065627,89.0
2016-09-11,6,1,11.0,26.0,1,125.0,124.307692308,82.0,0.760753643797,203.0,31.4578707661,123.0
2016-09-12,0,0,13.0,24.0,1,125.0,119.923076923,82.0,0.842464085707,203.0,27.053967542,76.0
2016-09-13,1,0,14.0,25.0,1,125.0,114.153846154,76.0,0.733104238259,203.0,27.7983014253,83.0
2016-09-14,2,0,12.0,28.0,1,125.0,106.230769231,76.0,0.746031746032,203.0,19.6865977299,107.0
2016-09-15,3,1,13.0,28.0,1,125.0,104.846153846,76.0,0.722924310368,203.0,18.9365180531,62.0
2016-09-16,4,1,14.0,27.0,1,125.0,100.0,62.0,0.726643598616,203.0,21.0968462827,105.0
2016-09-17,5,1,15.0,24.0,1,123.0,100.384615385,62.0,0.798368298368,203.0,21.1388758217,66.0
2016-09-18,6,0,12.0,19.0,0,118.0,95.3846153846,62.0,0.694072088174,203.0,20.9928136478,70.0
2016-09-19,0,0,12.0,20.0,1,116.0,91.6923076923,62.0,0.755012531328,203.0,20.9114786858,86.0
2016-09-20,1,0,11.0,24.0,1,108.0,92.0,62.0,0.717401841978,203.0,20.7957096167,98.0
2016-09-21,2,0,12.0,25.0,1,108.0,92.0769230769,62.0,0.857383966245,203.0,20.8159019778,88.0
2016-09-22,3,0,12.0,27.0,1,108.0,91.3076923077,62.0,0.93567251462,203.0,20.7675212972,77.0
2016-09-23,4,0,14.0,28.0,1,107.0,86.9230769231,62.0,0.927689594356,203.0,16.9590526698,103.0
2016-09-24,5,1,13.0,27.0,1,107.0,88.0,62.0,0.943828138757,203.0,17.4928556845,128.0
2016-09-25,6,1,14.0,25.0,1,107.0,88.3846153846,62.0,1.08641975309,186.0,18.2947594915,111.0
2016-09-26,0,0,13.0,24.0,1,107.0,91.0769230769,62.0,1.21083377589,186.0,18.8412866556,90.0
2016-09-27,1,0,9.0,22.0,1,107.0,91.6153846154,62.0,1.15988013397,186.0,18.702276544,74.0
2016-09-28,2,0,8.0,19.0,1,107.0,89.0769230769,62.0,0.981441827266,186.0,18.6813833224,98.0
2016-09-29,3,0,10.0,22.0,1,107.0,91.8461538462,62.0,0.935046395432,186.0,17.060282953,91.0
2016-09-30,4,0,12.0,25.0,1,105.0,90.7692307692,62.0,0.960730593607,134.0,16.6324698483,102.0
2016-10-01,5,1,12.0,27.0,1,104.0,93.5384615385,62.0,1.05549510337,134.0,15.2144434647,104.0
2016-10-02,6,1,11.0,28.0,1,104.0,96.1538461538,62.0,1.08851017042,134.0,13.7999228194,81.0
2016-10-03,0,1,14.0,28.0,1,104.0,95.7692307692,62.0,1.04897660819,134.0,14.1429724117,115.0
2016-10-04,1,1,8.0,24.0,1,104.0,97.0769230769,62.0,1.0775862069,134.0,15.045886422,80.0
2016-10-05,2,1,9.0,22.0,1,104.0,96.4615384615,62.0,1.00601421542,134.0,15.559391844,97.0
2016-10-06,3,1,11.0,18.0,0,104.0,98.0,62.0,1.0443490701,134.0,14.5125940002,97.0
2016-10-07,4,1,5.0,19.0,0,104.0,97.5384615385,62.0,0.984195402299,134.0,14.4414754446,96.0
2016-10-08,5,0,4.0,19.0,1,104.0,95.0769230769,62.0,1.02509720749,134.0,11.4586986673,78.0
2016-10-09,6,0,5.0,18.0,1,104.0,92.5384615385,62.0,0.953889475537,128.0,11.3042904354,105.0
2016-10-10,0,0,4.0,20.0,1,104.0,93.6923076923,62.0,0.972294824882,128.0,11.7433098164,88.0
2016-10-11,1,0,6.0,21.0,1,104.0,94.7692307692,62.0,0.949378174812,128.0,10.4598414913,96.0
2016-10-12,2,0,6.0,20.0,1,104.0,94.6153846154,62.0,1.00819815106,128.0,10.4258440834,83.0
2016-10-13,3,0,6.0,22.0,1,103.0,94.0,62.0,0.928534167971,128.0,10.8486085602,82.0
2016-10-14,4,0,8.0,20.0,1,102.0,92.4615384615,62.0,0.917721518987,128.0,11.0217643751,98.0
2016-10-15,5,1,6.0,16.0,0,100.0,92.0,66.0,0.939621293319,128.0,10.648221231,134.0
2016-10-16,6,1,5.0,22.0,1,100.0,96.0769230769,66.0,1.10817010764,134.0,14.938136731,109.0
2016-10-17,0,0,5.0,22.0,1,100.0,95.6153846154,70.0,1.19147449336,134.0,14.4304083931,96.0
2016-10-18,1,0,7.0,23.0,1,98.0,96.8461538462,74.0,1.17098445596,134.0,13.7104460672,104.0
2016-10-19,2,0,10.0,23.0,1,98.0,97.3846153846,74.0,1.06404958678,134.0,13.8427346206,105.0
2016-10-20,3,0,9.0,15.0,0,100.0,98.0,74.0,1.04273504274,134.0,13.9890066728,93.0
2016-10-21,4,0,9.0,16.0,0,98.0,97.7692307692,74.0,1.03726601408,134.0,14.0447298966,99.0
2016-10-22,5,1,8.0,13.0,0,98.0,99.3846153846,74.0,1.02272727273,134.0,12.8334806211,125.0
2016-10-23,6,1,6.0,13.0,1,98.0,100.923076923,74.0,1.06734006734,134.0,14.5044371909,101.0
2016-10-24,0,0,4.0,11.0,0,98.0,101.923076923,74.0,1.1020684978,134.0,14.0190065404,80.0
2016-10-25,1,0,7.0,15.0,1,98.0,100.692307692,74.0,1.03763987792,134.0,15.1423228346,95.0
2016-10-26,2,0,6.0,14.0,1,98.0,101.615384615,74.0,0.936863543788,134.0,14.3823527632,101.0
2016-10-27,3,0,4.0,10.0,0,98.0,103.076923077,78.0,0.934959349593,134.0,13.2343465647,91.0
2016-10-28,4,0,0.0,11.0,1,98.0,102.538461538,78.0,0.974698590593,134.0,13.5681492679,132.0
2016-10-29,5,1,0.0,11.0,1,98.0,102.384615385,78.0,1.07089737234,134.0,13.2173456054,126.0
2016-10-30,6,1,1.0,14.0,1,98.0,103.692307692,78.0,1.14164213281,134.0,14.578090069,131.0
2016-10-31,0,0,-2.0,10.0,1,98.0,106.384615385,78.0,1.24619573923,134.0,16.0649569012,85.0
