time_stamp,dayofweek,holiday,lt,ht,sunny,m2M,w2A,m1L,d3w3,m1Lar,w2Std,pay_sum
2016-08-01,0,0,27.0,32.0,0,319.0,302.538461538,243.0,0.97,476.0,15.4751184144,297.0
2016-08-02,1,0,26.0,34.0,0,317.0,303.384615385,243.0,0.945595139464,476.0,14.8351892552,322.0
2016-08-03,2,0,26.0,36.0,1,317.0,304.923076923,243.0,1.00391637708,476.0,15.6276950338,303.0
2016-08-04,3,0,26.0,37.0,1,317.0,304.769230769,243.0,1.01564221194,476.0,15.6360227392,258.0
2016-08-05,4,0,26.0,35.0,0,315.0,301.307692308,243.0,0.986537064968,476.0,20.0130135177,326.0
2016-08-06,5,1,26.0,35.0,0,317.0,301.769230769,243.0,0.982118142058,476.0,20.5019843173,295.0
2016-08-07,6,1,26.0,34.0,0,315.0,302.461538462,243.0,0.968114984305,343.0,20.1059324755,316.0
2016-08-08,0,0,26.0,35.0,0,315.0,301.692307692,258.0,1.03250688705,343.0,19.3684303617,315.0
2016-08-09,1,0,26.0,33.0,0,315.0,301.846153846,258.0,1.01551790316,343.0,19.4653386378,316.0
2016-08-10,2,0,26.0,34.0,1,316.0,302.0,258.0,1.03616171563,343.0,19.5684203993,333.0
2016-08-11,3,0,26.0,30.0,0,316.0,304.153846154,258.0,1.04993737407,343.0,21.2488774503,306.0
2016-08-12,4,0,26.0,32.0,0,316.0,303.538461538,258.0,1.03962551709,343.0,21.069903379,299.0
2016-08-13,5,1,26.0,30.0,0,316.0,305.923076923,258.0,1.0246326943,343.0,18.5117905815,268.0
2016-08-14,6,1,27.0,33.0,0,316.0,304.153846154,258.0,0.956450287592,333.0,20.8099316298,286.0
2016-08-15,0,0,27.0,34.0,0,315.0,303.307692308,258.0,0.940722360077,333.0,21.3014431269,316.0
2016-08-16,1,0,26.0,34.0,1,316.0,302.846153846,258.0,0.958994708995,333.0,20.953597649,316.0
2016-08-17,2,0,26.0,34.0,0,316.0,303.846153846,258.0,1.01157024793,333.0,21.2452570412,290.0
2016-08-18,3,0,26.0,33.0,0,316.0,306.307692308,258.0,1.01850317592,333.0,17.273299161,280.0
2016-08-19,4,0,27.0,35.0,0,315.0,302.769230769,258.0,0.984280397711,333.0,17.5856315744,302.0
2016-08-20,5,1,27.0,36.0,0,314.0,303.307692308,258.0,0.963269814968,333.0,17.4461131461,338.0
2016-08-21,6,1,26.0,35.0,1,314.0,305.0,258.0,1.00844020607,338.0,19.536947246,328.0
2016-08-22,0,0,26.0,35.0,1,314.0,306.0,258.0,1.05567370086,338.0,20.339427418,356.0
2016-08-23,1,0,26.0,35.0,1,314.0,309.076923077,258.0,1.1083997614,356.0,24.2660305095,279.0
2016-08-24,2,0,27.0,36.0,1,314.0,304.923076923,258.0,1.04850563449,356.0,24.4366104236,287.0
2016-08-25,3,0,27.0,36.0,0,314.0,303.461538462,258.0,0.999133073255,356.0,24.8924313014,314.0
2016-08-26,4,0,26.0,35.0,0,314.0,304.615384615,258.0,0.955483170467,356.0,25.0062714027,316.0
2016-08-27,5,1,26.0,34.0,0,314.0,308.307692308,258.0,0.992263160742,356.0,22.7710498234,355.0
2016-08-28,6,1,24.0,29.0,0,314.0,313.615384615,258.0,1.05913978495,356.0,24.8952836483,268.0
2016-08-29,0,0,22.0,33.0,1,313.0,309.923076923,258.0,1.01738989111,356.0,27.6724287624,334.0
2016-08-30,1,0,23.0,33.0,1,313.0,311.307692308,258.0,1.03386809269,356.0,28.3830518644,332.0
2016-08-31,2,0,25.0,34.0,1,313.0,314.538461538,258.0,1.00918422474,356.0,28.1633023212,344.0
2016-09-01,3,0,25.0,33.0,0,313.0,319.461538462,258.0,1.08462199313,356.0,27.2752787044,285.0
2016-09-02,4,0,26.0,31.0,0,306.0,318.153846154,258.0,1.03433430201,356.0,28.4627858355,306.0
2016-09-03,5,1,25.0,32.0,1,306.0,315.692307692,268.0,1.00021394951,356.0,28.0202800606,380.0
2016-09-04,6,1,24.0,33.0,1,306.0,319.692307692,268.0,1.02329012541,380.0,32.7963051751,383.0
2016-09-05,0,0,26.0,32.0,1,306.0,321.769230769,268.0,1.11476093644,383.0,35.7516085623,332.0
2016-09-06,1,0,25.0,32.0,0,306.0,325.846153846,268.0,1.13902324856,383.0,33.5990983255,311.0
2016-09-07,2,0,26.0,32.0,0,306.0,327.692307692,268.0,1.06376360809,383.0,32.0369609031,307.0
2016-09-08,3,0,25.0,30.0,0,307.0,327.153846154,268.0,0.980847658872,383.0,32.3201441206,314.0
2016-09-09,4,0,25.0,32.0,1,311.0,327.0,268.0,0.960478177977,383.0,32.3775800873,382.0
2016-09-10,5,1,24.0,30.0,1,313.0,329.076923077,268.0,1.02666461948,383.0,34.8766210838,392.0
2016-09-11,6,1,24.0,28.0,0,313.0,338.615384615,268.0,1.10283310527,392.0,33.8083705191,295.0
2016-09-12,0,0,22.0,28.0,1,313.0,335.615384615,268.0,1.09371802742,392.0,35.7588901513,335.0
2016-09-13,1,0,25.0,31.0,1,313.0,335.846153846,268.0,1.03672144451,392.0,35.7444910308,322.0
2016-09-14,2,0,25.0,28.0,0,314.0,334.153846154,268.0,0.960597346249,392.0,35.8390550911,441.0
2016-09-15,3,1,24.0,27.0,0,314.0,346.153846154,268.0,1.08702108702,441.0,42.8105776898,341.0
2016-09-16,4,1,25.0,31.0,0,314.0,348.846153846,268.0,1.08891847906,441.0,41.2736573725,311.0
2016-09-17,5,1,24.0,31.0,0,314.0,343.538461538,268.0,1.08513278729,441.0,41.3625906506,298.0
2016-09-18,6,0,22.0,33.0,1,314.0,337.0,268.0,0.93896713615,441.0,41.3260953133,327.0
2016-09-19,0,0,21.0,31.0,1,314.0,336.615384615,268.0,0.926090828139,441.0,41.394050969,302.0
2016-09-20,1,0,21.0,29.0,1,314.0,335.923076923,268.0,0.921288014311,441.0,41.8889769573,288.0
2016-09-21,2,0,22.0,28.0,1,314.0,334.461538462,268.0,0.919021848066,441.0,43.1840700412,318.0
2016-09-22,3,0,22.0,29.0,1,314.0,334.769230769,268.0,0.905509847918,441.0,43.0512286006,300.0
2016-09-23,4,0,22.0,29.0,1,314.0,328.461538462,268.0,0.904326995059,441.0,41.6535442847,325.0
2016-09-24,5,1,21.0,30.0,1,314.0,323.307692308,268.0,0.949074074074,441.0,37.400914459,388.0
2016-09-25,6,1,22.0,30.0,1,314.0,330.461538462,268.0,1.01875597124,441.0,40.099137502,319.0
2016-09-26,0,0,25.0,33.0,1,315.0,329.230769231,268.0,1.03990326481,441.0,40.1864000075,277.0
2016-09-27,1,0,25.0,31.0,0,315.0,325.769230769,277.0,0.996657550896,441.0,42.5299059417,315.0
2016-09-28,2,0,25.0,27.0,0,315.0,316.076923077,277.0,0.921598381386,441.0,26.5024281571,311.0
2016-09-29,3,0,25.0,30.0,0,315.0,313.769230769,277.0,0.913921360255,441.0,25.5196872604,338.0
2016-09-30,4,0,25.0,32.0,0,316.0,315.846153846,277.0,0.982220184421,441.0,26.2966688556,359.0
2016-10-01,5,1,25.0,31.0,0,316.0,320.538461538,277.0,1.03225806452,441.0,28.0757639381,334.0
2016-10-02,6,1,24.0,31.0,1,316.0,321.076923077,277.0,1.04952410037,441.0,28.2610401531,305.0
2016-10-03,0,1,25.0,32.0,0,316.0,321.307692308,277.0,1.02060643248,441.0,28.1162001355,266.0
2016-10-04,1,1,25.0,32.0,0,316.0,319.615384615,266.0,0.933519005622,441.0,30.6206025704,282.0
2016-10-05,2,1,25.0,31.0,1,316.0,316.846153846,266.0,0.902072758037,441.0,32.2271890797,275.0
2016-10-06,3,1,24.0,28.0,0,315.0,314.923076923,266.0,0.87955541306,441.0,33.8786557232,306.0
2016-10-07,4,1,25.0,29.0,0,315.0,313.461538462,266.0,0.923044013049,441.0,33.8221943168,339.0
2016-10-08,5,0,22.0,31.0,0,315.0,309.692307692,266.0,0.977579428329,441.0,27.4321109297,301.0
2016-10-09,6,0,21.0,24.0,0,314.0,308.307692308,266.0,1.00938967136,441.0,27.3815901527,334.0
2016-10-10,0,0,18.0,21.0,0,315.0,312.692307692,266.0,1.03397027601,441.0,26.5688788895,289.0
2016-10-11,1,0,19.0,24.0,0,315.0,310.692307692,266.0,0.980735551664,441.0,27.2887258078,313.0
2016-10-12,2,0,20.0,23.0,1,315.0,310.846153846,266.0,0.994263862333,441.0,27.2956636563,300.0
2016-10-13,3,0,20.0,27.0,1,315.0,307.923076923,266.0,0.958147439983,441.0,26.2457660716,322.0
2016-10-14,4,0,21.0,28.0,1,315.0,305.076923077,266.0,0.993676603433,388.0,22.2553763201,310.0
2016-10-15,5,1,23.0,28.0,1,314.0,303.230769231,266.0,1.00295937584,388.0,20.7221689025,420.0
2016-10-16,6,1,24.0,28.0,1,315.0,312.076923077,266.0,1.1139347734,420.0,37.4134108791,344.0
2016-10-17,0,0,23.0,27.0,0,316.0,318.076923077,266.0,1.12525538268,420.0,35.7608757819,342.0
2016-10-18,1,0,23.0,26.0,0,318.0,322.692307692,266.0,1.15388628065,420.0,34.661849157,289.0
2016-10-19,2,0,23.0,26.0,0,316.0,323.769230769,266.0,1.02072864322,420.0,33.3562445916,312.0
2016-10-20,3,0,25.0,28.0,0,315.0,324.230769231,266.0,0.991275097235,420.0,33.1480451823,290.0
2016-10-21,4,0,25.0,32.0,0,314.0,320.461538462,266.0,0.946915351506,420.0,34.0285296245,305.0
2016-10-22,5,1,24.0,30.0,0,314.0,320.769230769,266.0,0.968396327141,420.0,33.8688734935,372.0
2016-10-23,6,1,22.0,30.0,0,315.0,323.692307692,266.0,1.02149685734,420.0,36.4277675479,403.0
2016-10-24,0,0,21.0,26.0,0,316.0,332.461538462,266.0,1.11662531017,420.0,40.5132749082,345.0
2016-10-25,1,0,23.0,30.0,1,318.0,334.923076923,266.0,1.14677724876,420.0,40.2271655983,320.0
2016-10-26,2,0,24.0,31.0,1,318.0,336.461538462,266.0,1.08602806589,420.0,39.2322774974,310.0
2016-10-27,3,0,24.0,31.0,1,318.0,335.538461538,266.0,0.990853658537,420.0,39.7000588735,291.0
2016-10-28,4,0,22.0,33.0,1,315.0,334.076923077,266.0,0.942874692875,420.0,40.9436038744,337.0
2016-10-29,5,1,19.0,23.0,1,315.0,327.692307692,266.0,0.954998981877,420.0,32.6858817214,201.0
2016-10-30,6,1,18.0,22.0,1,314.0,316.692307692,201.0,0.86152247337,420.0,46.4929847734,234.0
2016-10-31,0,0,19.0,27.0,1,314.0,308.384615385,201.0,0.809224318658,420.0,50.6883971878,333.0
