time_stamp,dayofweek,holiday,lt,ht,sunny,m2M,w2A,m1L,d3w3,m1Lar,w2Std,pay_sum
2016-08-01,0,0,26.0,34.0,1,63.0,62.4615384615,41.0,1.30108423686,88.0,14.7992483417,43.0
2016-08-02,1,0,24.0,33.0,1,63.0,62.6153846154,41.0,1.20495495495,88.0,14.5841772086,62.0
2016-08-03,2,0,23.0,33.0,1,62.0,62.6923076923,41.0,1.04881450488,88.0,14.578090069,53.0
2016-08-04,3,0,23.0,31.0,1,62.0,61.0,41.0,0.878509869336,88.0,14.3258776077,60.0
2016-08-05,4,0,24.0,32.0,0,62.0,62.1538461538,41.0,0.981216708719,88.0,13.5751251806,70.0
2016-08-06,5,1,23.0,30.0,1,62.0,62.7692307692,41.0,1.00826446281,88.0,13.734593305,73.0
2016-08-07,6,1,23.0,30.0,0,62.0,62.1538461538,41.0,1.11019961717,88.0,13.0669645339,71.0
2016-08-08,0,0,22.0,30.0,1,62.0,63.8461538462,41.0,1.14683815648,88.0,12.6724786832,47.0
2016-08-09,1,0,23.0,31.0,1,62.0,64.0,41.0,1.01866666667,88.0,12.4529885199,85.0
2016-08-10,2,0,25.0,33.0,1,62.0,66.0,41.0,1.06227106227,88.0,13.5305921185,62.0
2016-08-11,3,0,25.0,34.0,1,62.0,66.1538461538,41.0,1.02564102564,88.0,13.4727425901,46.0
2016-08-12,4,0,26.0,36.0,1,62.0,64.8461538462,41.0,1.01954569466,88.0,14.5011731825,55.0
2016-08-13,5,1,27.0,37.0,1,62.0,62.3076923077,41.0,0.865869853918,88.0,13.0406737402,90.0
2016-08-14,6,1,27.0,38.0,1,62.0,62.8461538462,41.0,1.00738396624,90.0,13.9936587498,77.0
2016-08-15,0,0,28.0,38.0,1,62.0,65.4615384615,41.0,1.14551083591,90.0,13.1944941,34.0
2016-08-16,1,0,27.0,37.0,1,62.0,63.3076923077,34.0,1.04605776737,90.0,15.6420764674,55.0
2016-08-17,2,0,26.0,37.0,1,62.0,63.4615384615,34.0,0.866614460976,90.0,15.5495010289,57.0
2016-08-18,3,0,27.0,37.0,1,61.0,63.2307692308,34.0,0.763997906855,90.0,15.6212569481,41.0
2016-08-19,4,0,27.0,37.0,1,61.0,61.0,34.0,0.814696485623,90.0,16.5389982024,47.0
2016-08-20,5,1,26.0,37.0,1,61.0,59.0,34.0,0.798238370493,90.0,16.5389982024,72.0
2016-08-21,6,1,26.0,35.0,1,62.0,59.0769230769,34.0,0.888888888889,90.0,16.5968557655,52.0
2016-08-22,0,0,25.0,35.0,1,62.0,59.4615384615,34.0,0.942928039702,90.0,16.3688982037,20.0
2016-08-23,1,0,25.0,35.0,1,61.0,54.4615384615,20.0,0.822622107969,90.0,17.6792594024,52.0
2016-08-24,2,0,26.0,35.0,1,60.0,53.6923076923,20.0,0.708976558033,90.0,17.5516145012,45.0
2016-08-25,3,0,22.0,27.0,0,60.0,53.6153846154,20.0,0.677671589922,90.0,17.5873138787,53.0
2016-08-26,4,0,20.0,24.0,0,60.0,53.4615384615,20.0,0.881834215168,90.0,17.5832760779,65.0
2016-08-27,5,1,18.0,29.0,1,60.0,51.5384615385,20.0,0.965068087626,90.0,14.5951276623,85.0
2016-08-28,6,1,19.0,31.0,1,60.0,52.1538461538,20.0,1.18713450292,90.0,15.7765461456,65.0
2016-08-29,0,0,20.0,30.0,1,60.0,54.5384615385,20.0,1.23776626367,90.0,15.184077615,53.0
2016-08-30,1,0,20.0,28.0,1,59.0,54.3846153846,20.0,1.2018946122,90.0,15.1887532356,32.0
2016-08-31,2,0,19.0,31.0,1,59.0,52.4615384615,20.0,0.912408759124,90.0,16.2793658193,42.0
2016-09-01,3,0,19.0,33.0,1,58.0,52.5384615385,20.0,0.775335775336,90.0,16.2273054999,58.0
2016-09-02,4,0,20.0,33.0,1,58.0,53.3846153846,20.0,0.803652968037,90.0,16.2032212445,75.0
2016-09-03,5,1,20.0,30.0,1,59.0,53.6153846154,20.0,1.08024691358,90.0,16.4856042634,87.0
2016-09-04,6,1,19.0,31.0,1,59.0,56.3076923077,20.0,1.34556574924,90.0,18.7098682945,72.0
2016-09-05,0,0,21.0,29.0,1,60.0,60.3076923077,20.0,1.3829787234,90.0,15.8618294385,38.0
2016-09-06,1,0,16.0,26.0,0,59.0,59.2307692308,20.0,1.18211821182,90.0,16.8347344506,34.0
2016-09-07,2,0,16.0,28.0,1,58.0,58.3846153846,20.0,0.882352941176,90.0,17.7787187456,54.0
2016-09-08,3,0,19.0,31.0,1,58.0,58.4615384615,20.0,0.762942779292,90.0,17.7574053225,47.0
2016-09-09,4,0,18.0,27.0,0,57.0,57.0769230769,20.0,0.817438692098,90.0,17.8948275228,40.0
2016-09-10,5,1,17.0,29.0,1,55.0,53.6153846154,20.0,0.87932647334,90.0,16.4529093127,88.0
2016-09-11,6,1,19.0,30.0,1,57.0,55.3846153846,20.0,1.05580693816,90.0,18.6693432851,90.0
2016-09-12,0,0,18.0,25.0,1,58.0,58.2307692308,20.0,1.23687943262,90.0,20.7888795945,49.0
2016-09-13,1,0,19.0,26.0,0,57.0,59.5384615385,20.0,1.29124004551,90.0,19.5983334637,47.0
2016-09-14,2,0,18.0,27.0,1,57.0,59.9230769231,20.0,1.05621805792,90.0,19.2971163189,62.0
2016-09-15,3,1,19.0,27.0,0,57.0,60.2307692308,20.0,0.890391659622,90.0,19.2958897423,73.0
2016-09-16,4,1,19.0,29.0,1,58.0,60.0769230769,20.0,1.01875174923,90.0,19.1851767236,83.0
2016-09-17,5,1,20.0,29.0,1,59.0,59.7692307692,20.0,1.22231567143,90.0,18.7786861429,85.0
2016-09-18,6,0,18.0,24.0,0,59.0,60.7692307692,20.0,1.32892197408,90.0,19.7256328597,42.0
2016-09-19,0,0,16.0,20.0,0,58.0,61.0769230769,20.0,1.16861435726,90.0,19.3965164932,39.0
2016-09-20,1,0,16.0,21.0,0,58.0,61.4615384615,20.0,0.918395573997,90.0,18.8989840371,47.0
2016-09-21,2,0,15.0,27.0,1,57.0,60.9230769231,32.0,0.70523415978,90.0,19.2012080488,55.0
2016-09-22,3,0,16.0,28.0,1,55.0,61.5384615385,32.0,0.778790389395,90.0,18.8704709681,58.0
2016-09-23,4,0,18.0,27.0,1,57.0,62.9230769231,32.0,0.896358543417,90.0,17.8733214961,77.0
2016-09-24,5,1,17.0,24.0,0,58.0,62.0769230769,32.0,1.07344632768,90.0,16.8999842442,110.0
2016-09-25,6,1,18.0,27.0,1,58.0,63.6153846154,32.0,1.34099616858,110.0,19.9982247733,108.0
2016-09-26,0,0,18.0,24.0,0,58.0,68.1538461538,32.0,1.52691511387,110.0,22.6812228467,44.0
2016-09-27,1,0,16.0,23.0,0,57.0,67.9230769231,32.0,1.34565998973,110.0,22.9093918882,48.0
2016-09-28,2,0,15.0,24.0,1,55.0,66.8461538462,32.0,1.03199174407,110.0,23.484352086,49.0
2016-09-29,3,0,14.0,21.0,1,55.0,65.0,34.0,0.726429675425,110.0,23.8682279965,81.0
2016-09-30,4,0,16.0,25.0,1,55.0,64.8461538462,34.0,0.888888888889,110.0,23.7579012083,90.0
2016-10-01,5,1,15.0,27.0,1,55.0,65.2307692308,34.0,1.09698329594,110.0,24.1187888654,82.0
2016-10-02,6,1,17.0,29.0,1,57.0,68.3076923077,34.0,1.26912465513,110.0,23.5024863345,71.0
2016-10-03,0,1,17.0,30.0,1,57.0,70.7692307692,34.0,1.19911176906,110.0,21.926990204,69.0
2016-10-04,1,1,15.0,23.0,1,57.0,72.4615384615,34.0,1.07793153678,110.0,20.8497016567,58.0
2016-10-05,2,1,14.0,20.0,1,57.0,72.6923076923,34.0,0.964207450694,110.0,20.6709927393,83.0
2016-10-06,3,1,14.0,18.0,0,57.0,74.6153846154,39.0,1.0152284264,110.0,20.3754696465,87.0
2016-10-07,4,1,11.0,17.0,0,58.0,75.3846153846,39.0,1.09906001446,110.0,20.6380472449,81.0
2016-10-08,5,0,13.0,20.0,1,58.0,73.1538461538,39.0,1.2134396906,110.0,18.1990961477,50.0
2016-10-09,6,0,11.0,18.0,0,57.0,68.6923076923,39.0,1.04782504206,110.0,16.0977046399,60.0
2016-10-10,0,0,12.0,18.0,1,58.0,69.9230769231,39.0,0.904356060606,110.0,14.715044831,34.0
2016-10-11,1,0,12.0,18.0,1,58.0,68.8461538462,34.0,0.688172043011,110.0,16.6633921833,44.0
2016-10-12,2,0,12.0,18.0,0,57.0,68.4615384615,34.0,0.664739884393,110.0,17.1671214585,45.0
2016-10-13,3,0,12.0,18.0,1,55.0,65.6923076923,34.0,0.598103574034,110.0,17.8126343034,49.0
2016-10-14,4,0,12.0,18.0,0,55.0,62.5384615385,34.0,0.685033507074,110.0,16.8322738745,49.0
2016-10-15,5,1,11.0,18.0,1,55.0,60.0,34.0,0.74362974519,110.0,16.1816610348,113.0
2016-10-16,6,1,11.0,20.0,1,55.0,63.2307692308,34.0,1.09298109298,113.0,21.405081518,98.0
2016-10-17,0,0,12.0,23.0,1,58.0,65.4615384615,34.0,1.29256773552,113.0,23.3159416729,54.0
2016-10-18,1,0,12.0,24.0,1,58.0,65.1538461538,34.0,1.31155654541,113.0,23.438450178,53.0
2016-10-19,2,0,15.0,24.0,1,55.0,62.8461538462,34.0,1.01159634838,113.0,23.0412544859,54.0
2016-10-20,3,0,16.0,23.0,1,55.0,60.3076923077,34.0,0.810674723061,113.0,22.0362799296,69.0
2016-10-21,4,0,14.0,20.0,0,58.0,59.3846153846,34.0,0.900486057815,113.0,21.3920850264,54.0
2016-10-22,5,1,12.0,16.0,0,58.0,59.6923076923,34.0,0.925490196078,113.0,21.2833796311,89.0
2016-10-23,6,1,10.0,15.0,1,58.0,61.9230769231,34.0,1.093065223,113.0,22.6731340118,98.0
2016-10-24,0,0,10.0,13.0,0,58.0,66.8461538462,34.0,1.21533030761,113.0,23.0212148107,44.0
2016-10-25,1,0,10.0,15.0,0,58.0,66.8461538462,34.0,1.17737003058,113.0,23.0212148107,44.0
2016-10-26,2,0,9.0,12.0,0,58.0,66.7692307692,34.0,0.977147360126,113.0,23.0956334406,56.0
2016-10-27,3,0,7.0,11.0,0,56.0,67.3076923077,34.0,0.775444264943,113.0,22.7541530119,45.0
2016-10-28,4,0,7.0,10.0,1,56.0,67.0,34.0,0.804215196894,113.0,23.0250699489,76.0
2016-10-29,5,1,6.0,14.0,1,58.0,64.1538461538,34.0,0.960912052117,113.0,19.1184411734,120.0
2016-10-30,6,1,6.0,12.0,1,58.0,65.8461538462,34.0,1.24741200828,120.0,22.6812228467,113.0
2016-10-31,0,0,6.0,14.0,1,58.0,70.3846153846,34.0,1.50694952451,120.0,25.5750433086,45.0
