time_stamp,dayofweek,holiday,lt,ht,sunny,m2M,w2A,m1L,d3w3,m1Lar,w2Std,pay_sum
2016-08-01,0,0,27.0,37.0,1,154.0,269.153846154,129.0,0.7463279079,639.0,110.089366603,163.0
2016-08-02,1,0,26.0,36.0,0,154.0,241.769230769,129.0,0.65822450864,639.0,86.2252451397,172.0
2016-08-03,2,0,25.0,31.0,0,154.0,225.0,129.0,0.679146141215,639.0,76.4057992161,150.0
2016-08-04,3,0,25.0,29.0,0,152.0,210.230769231,129.0,0.637864141514,639.0,70.7064939311,156.0
2016-08-05,4,0,25.0,31.0,0,154.0,189.615384615,129.0,0.628038365524,639.0,35.8534162336,156.0
2016-08-06,5,1,24.0,32.0,0,156.0,187.769230769,129.0,0.608214849921,639.0,36.9035204619,135.0
2016-08-07,6,1,25.0,32.0,0,154.0,185.307692308,129.0,0.587771203156,639.0,39.2024030178,172.0
2016-08-08,0,0,26.0,32.0,0,156.0,177.615384615,129.0,0.670577159823,639.0,30.2185334408,143.0
2016-08-09,1,0,26.0,32.0,0,156.0,171.153846154,129.0,0.709723207949,639.0,27.8563517238,163.0
2016-08-10,2,0,26.0,34.0,0,156.0,166.230769231,129.0,0.796666666667,639.0,22.7364629079,145.0
2016-08-11,3,0,27.0,35.0,0,156.0,163.0,129.0,0.790603909194,639.0,22.5388553392,137.0
2016-08-12,4,0,28.0,38.0,1,156.0,156.0,129.0,0.843761850588,639.0,13.638181697,157.0
2016-08-13,5,1,28.0,37.0,1,156.0,156.230769231,129.0,0.837866208608,639.0,13.6277649059,172.0
2016-08-14,6,1,28.0,37.0,1,156.0,155.461538462,129.0,0.888126548504,639.0,12.3762513563,158.0
2016-08-15,0,0,28.0,37.0,1,156.0,155.076923077,129.0,0.959416863672,639.0,12.2126135202,202.0
2016-08-16,1,0,27.0,37.0,1,157.0,157.384615385,135.0,1.05586980252,639.0,17.0634042123,233.0
2016-08-17,2,0,27.0,36.0,1,157.0,163.769230769,135.0,1.17483902922,519.0,26.1920535399,216.0
2016-08-18,3,0,28.0,37.0,1,158.0,168.384615385,135.0,1.27872716559,424.0,29.4945587199,243.0
2016-08-19,4,0,27.0,37.0,1,163.0,175.076923077,135.0,1.35328053193,424.0,35.2364792148,260.0
2016-08-20,5,1,26.0,36.0,1,163.0,184.692307692,135.0,1.36367946894,424.0,39.7538282924,184.0
2016-08-21,6,1,26.0,34.0,1,163.0,185.615384615,135.0,1.30224623258,272.0,39.5873687344,170.0
2016-08-22,0,0,27.0,33.0,1,166.0,187.692307692,135.0,1.16155883466,272.0,37.9724284902,242.0
2016-08-23,1,0,27.0,34.0,1,167.0,193.769230769,135.0,1.10554628084,272.0,39.8113896462,281.0
2016-08-24,2,0,27.0,34.0,1,167.0,204.230769231,135.0,1.24026845638,281.0,43.3343953746,251.0
2016-08-25,3,0,24.0,35.0,0,168.0,213.0,135.0,1.35078534031,281.0,40.2683307518,227.0
2016-08-26,4,0,21.0,27.0,0,170.0,218.384615385,135.0,1.30043690568,281.0,36.9647201064,285.0
2016-08-27,5,1,18.0,27.0,1,172.0,227.076923077,135.0,1.25876433226,285.0,38.2973418207,245.0
2016-08-28,6,1,18.0,30.0,1,172.0,233.769230769,135.0,1.22670555826,285.0,32.8566907977,277.0
2016-08-29,0,0,19.0,31.0,1,172.0,239.538461538,135.0,1.26647834275,285.0,33.3526965456,277.0
2016-08-30,1,0,20.0,31.0,1,177.0,242.923076923,135.0,1.22115237659,285.0,34.7218874409,258.0
2016-08-31,2,0,21.0,32.0,1,179.0,246.153846154,135.0,1.20968342644,285.0,34.0132240207,255.0
2016-09-01,3,0,21.0,31.0,1,180.0,247.076923077,135.0,1.1466724726,285.0,34.0778780905,253.0
2016-09-02,4,0,22.0,33.0,1,181.0,246.538461538,135.0,1.08907371863,285.0,33.9243851134,289.0
2016-09-03,5,1,22.0,33.0,1,182.0,254.615384615,135.0,1.10556249133,289.0,30.3886073327,270.0
2016-09-04,6,1,22.0,31.0,1,184.0,262.307692308,135.0,1.10071844923,289.0,18.2140462086,234.0
2016-09-05,0,0,23.0,32.0,1,184.0,261.692307692,137.0,1.06801346801,289.0,19.0076284904,198.0
2016-09-06,1,0,21.0,31.0,1,187.0,255.307692308,137.0,0.952187182096,289.0,24.5744852529,205.0
2016-09-07,2,0,23.0,32.0,1,198.0,251.769230769,137.0,0.86595976074,289.0,28.0114093407,163.0
2016-09-08,3,0,22.0,32.0,1,198.0,246.846153846,137.0,0.782200110558,289.0,36.3230085035,189.0
2016-09-09,4,0,21.0,31.0,0,198.0,239.461538462,137.0,0.781260957991,289.0,37.5532757654,225.0
2016-09-10,5,1,22.0,32.0,1,202.0,237.923076923,157.0,0.802391878737,289.0,37.7042367308,261.0
2016-09-11,6,1,20.0,31.0,1,205.0,236.692307692,158.0,0.921187308086,289.0,36.6551174208,247.0
2016-09-12,0,0,22.0,33.0,1,216.0,234.384615385,158.0,0.999318336742,289.0,34.9494986462,212.0
2016-09-13,1,0,21.0,32.0,1,216.0,230.846153846,163.0,0.99564405725,289.0,34.7072285839,159.0
2016-09-14,2,0,21.0,31.0,1,216.0,223.461538462,159.0,0.871220131106,289.0,38.7588508693,220.0
2016-09-15,3,1,23.0,31.0,0,220.0,220.923076923,159.0,0.834392206692,289.0,37.810176771,208.0
2016-09-16,4,1,22.0,30.0,0,216.0,214.692307692,159.0,0.842482956584,289.0,32.3594822992,181.0
2016-09-17,5,1,21.0,32.0,1,212.0,207.846153846,159.0,0.886269373499,289.0,29.1939038785,201.0
2016-09-18,6,0,20.0,31.0,1,208.0,205.307692308,159.0,0.873103958565,289.0,28.2281491134,163.0
2016-09-19,0,0,18.0,29.0,1,205.0,202.615384615,159.0,0.8274500873,289.0,30.3835442849,147.0
2016-09-20,1,0,18.0,27.0,1,202.0,198.153846154,147.0,0.795950155763,289.0,33.77492505,160.0
2016-09-21,2,0,17.0,28.0,1,202.0,197.923076923,147.0,0.748705694942,289.0,34.0236604065,148.0
2016-09-22,3,0,17.0,30.0,1,202.0,194.769230769,147.0,0.743464052288,289.0,36.5137568304,158.0
2016-09-23,4,0,18.0,31.0,1,201.0,189.615384615,147.0,0.786697054107,289.0,36.6113443149,201.0
2016-09-24,5,1,22.0,32.0,1,201.0,185.0,147.0,0.871134020619,289.0,30.6117121879,253.0
2016-09-25,6,1,23.0,30.0,1,201.0,185.461538462,147.0,1.04642215953,289.0,31.5731516534,257.0
2016-09-26,0,0,23.0,33.0,1,201.0,188.923076923,147.0,1.19757453259,289.0,36.3920142095,193.0
2016-09-27,1,0,22.0,32.0,1,201.0,191.538461538,147.0,1.18770062511,289.0,35.3545022367,164.0
2016-09-28,2,0,16.0,25.0,0,201.0,187.230769231,147.0,1.0370745714,289.0,35.034387165,188.0
2016-09-29,3,0,15.0,18.0,0,201.0,185.692307692,147.0,0.920763642507,289.0,34.5239818886,149.0
2016-09-30,4,0,17.0,20.0,0,201.0,183.230769231,147.0,0.863049095607,289.0,35.8847596666,196.0
2016-10-01,5,1,17.0,20.0,0,201.0,182.846153846,147.0,0.933858957512,289.0,35.7186573825,212.0
2016-10-02,6,1,16.0,23.0,0,201.0,186.615384615,147.0,0.984969053935,270.0,36.0096962616,161.0
2016-10-03,0,1,18.0,29.0,1,201.0,187.692307692,147.0,1.01998745182,261.0,35.0041417668,157.0
2016-10-04,1,1,17.0,30.0,1,201.0,187.461538462,147.0,0.950587391265,261.0,35.1953130285,155.0
2016-10-05,2,1,18.0,30.0,1,201.0,188.0,147.0,0.863453815261,261.0,34.6365747107,165.0
2016-10-06,3,1,19.0,29.0,1,201.0,188.538461538,147.0,0.881130507066,261.0,34.2178886743,173.0
2016-10-07,4,1,19.0,27.0,1,201.0,186.384615385,147.0,0.912709432565,261.0,34.2469279061,163.0
2016-10-08,5,0,16.0,26.0,1,201.0,179.461538462,147.0,0.937412293012,261.0,28.7338326037,148.0
2016-10-09,6,0,16.0,24.0,1,201.0,171.076923077,147.0,0.909432544156,261.0,19.2092186942,175.0
2016-10-10,0,0,16.0,23.0,1,201.0,169.692307692,147.0,0.906040268456,257.0,18.2013719491,136.0
2016-10-11,1,0,16.0,21.0,1,201.0,167.538461538,136.0,0.861486486486,257.0,20.2849523031,176.0
2016-10-12,2,0,16.0,19.0,1,201.0,166.615384615,136.0,0.906890130354,257.0,19.5941061057,132.0
2016-10-13,3,0,15.0,18.0,0,201.0,165.307692308,132.0,0.832864378165,257.0,21.225473141,187.0
2016-10-14,4,0,15.0,19.0,1,201.0,164.615384615,132.0,0.932203389831,257.0,20.3414637607,199.0
2016-10-15,5,1,16.0,23.0,1,199.0,163.615384615,132.0,0.9906291834,257.0,18.1935680162,237.0
2016-10-16,6,1,16.0,24.0,1,199.0,169.461538462,132.0,1.1983073668,257.0,26.6562602969,228.0
2016-10-17,0,0,16.0,23.0,1,199.0,174.923076923,132.0,1.26440064743,257.0,30.5348767514,169.0
2016-10-18,1,0,18.0,25.0,1,198.0,176.0,132.0,1.20555238639,257.0,30.0563573206,187.0
2016-10-19,2,0,18.0,24.0,0,198.0,177.692307692,132.0,1.11079410366,257.0,30.0086772461,212.0
2016-10-20,3,0,19.0,23.0,0,199.0,180.692307692,132.0,1.06128550075,257.0,31.3108106555,190.0
2016-10-21,4,0,18.0,24.0,0,198.0,182.769230769,132.0,1.10237694179,257.0,30.9618967968,231.0
2016-10-22,5,1,16.0,21.0,0,198.0,189.153846154,132.0,1.17844177604,257.0,31.6831577531,260.0
2016-10-23,6,1,15.0,18.0,1,198.0,195.692307692,132.0,1.23369565217,260.0,36.4931703102,265.0
2016-10-24,0,0,12.0,16.0,0,198.0,205.615384615,132.0,1.33051742344,265.0,36.4513130745,160.0
2016-10-25,1,0,12.0,16.0,0,196.0,204.384615385,132.0,1.20397222955,265.0,37.6799037675,132.0
2016-10-26,2,0,13.0,16.0,0,193.0,204.384615385,132.0,0.987588652482,265.0,37.6799037675,177.0
2016-10-27,3,0,12.0,16.0,0,190.0,203.615384615,132.0,0.830676585193,265.0,38.1263858997,157.0
2016-10-28,4,0,9.0,14.0,0,189.0,200.384615385,132.0,0.826680858613,265.0,40.1085804393,208.0
2016-10-29,5,1,7.0,11.0,0,189.0,198.153846154,132.0,0.946394272743,265.0,38.7950158453,300.0
2016-10-30,6,1,9.0,15.0,0,189.0,203.692307692,132.0,1.12435539775,300.0,46.9441314681,232.0
2016-10-31,0,0,9.0,14.0,0,189.0,208.538461538,132.0,1.22142444499,300.0,46.3608179801,166.0
