time_stamp,dayofweek,holiday,lt,ht,sunny,m2M,w2A,m1L,d3w3,m1Lar,w2Std,pay_sum
2016-08-01,0,0,27.0,37.0,1,38.0,26.2307692308,5.0,1.02923976608,59.0,10.899215541,23.0
2016-08-02,1,0,26.0,36.0,0,38.0,25.9230769231,5.0,1.05896510229,59.0,10.9295755316,23.0
2016-08-03,2,0,25.0,31.0,0,36.0,25.6153846154,5.0,0.936739659367,59.0,10.9512097087,26.0
2016-08-04,3,0,25.0,29.0,0,36.0,27.2307692308,5.0,0.864864864865,59.0,9.19994854629,10.0
2016-08-05,4,0,25.0,31.0,0,36.0,26.3076923077,5.0,0.743541272842,59.0,10.2235370621,26.0
2016-08-06,5,1,24.0,32.0,0,36.0,24.5384615385,5.0,0.793346129239,59.0,7.86046959466,47.0
2016-08-07,6,1,25.0,32.0,0,36.0,25.5384615385,5.0,1.05196451204,59.0,9.62860629435,41.0
2016-08-08,0,0,26.0,32.0,0,36.0,26.3846153846,5.0,1.41527001862,59.0,10.4332195897,17.0
2016-08-09,1,0,26.0,32.0,0,35.0,25.9230769231,5.0,1.32827324478,49.0,10.7019878704,37.0
2016-08-10,2,0,26.0,34.0,0,35.0,26.5384615385,5.0,1.17939168218,49.0,11.0843991865,26.0
2016-08-11,3,0,27.0,35.0,0,34.0,28.0,5.0,0.955794504182,49.0,9.55953008179,6.0
2016-08-12,4,0,28.0,38.0,1,34.0,26.6923076923,5.0,0.848708487085,49.0,11.179545989,33.0
2016-08-13,5,1,28.0,37.0,1,34.0,26.6153846154,5.0,0.823827629911,49.0,11.1323400093,42.0
2016-08-14,6,1,28.0,37.0,1,35.0,27.4615384615,5.0,1.01123595506,49.0,11.8296588456,39.0
2016-08-15,0,0,28.0,37.0,1,36.0,28.6923076923,5.0,1.39963167587,49.0,12.1299668043,17.0
2016-08-16,1,0,27.0,37.0,1,35.0,28.2307692308,5.0,1.21663563004,49.0,12.4477606646,19.0
2016-08-17,2,0,27.0,36.0,1,34.0,27.6923076923,5.0,0.948766603416,49.0,12.6818138437,24.0
2016-08-18,3,0,28.0,37.0,1,34.0,28.7692307692,5.0,0.735294117647,49.0,11.6892708607,16.0
2016-08-19,4,0,27.0,37.0,1,34.0,28.0,5.0,0.732464307883,49.0,12.1655250606,28.0
2016-08-20,5,1,26.0,36.0,1,33.0,26.5384615385,6.0,0.853735091023,49.0,10.8671373671,41.0
2016-08-21,6,1,26.0,34.0,1,33.0,26.5384615385,6.0,1.04744300678,49.0,10.8671373671,56.0
2016-08-22,0,0,27.0,33.0,1,33.0,29.5384615385,6.0,1.45180023229,56.0,12.9947645352,30.0
2016-08-23,1,0,27.0,34.0,1,31.0,29.0,6.0,1.45725760184,56.0,12.8182562117,23.0
2016-08-24,2,0,27.0,34.0,1,31.0,28.7692307692,6.0,1.25720876586,56.0,12.8969516145,30.0
2016-08-25,3,0,24.0,35.0,0,30.0,30.6153846154,6.0,0.92530657748,56.0,11.0977368555,13.0
2016-08-26,4,0,21.0,27.0,0,30.0,29.0769230769,6.0,0.752136752137,56.0,12.0093651818,30.0
2016-08-27,5,1,18.0,27.0,1,30.0,28.1538461538,6.0,0.856807511737,56.0,11.427673253,50.0
2016-08-28,6,1,18.0,30.0,1,30.0,29.0,6.0,1.07452339688,56.0,12.5514326488,57.0
2016-08-29,0,0,19.0,31.0,1,30.0,32.0769230769,6.0,1.48028092923,57.0,14.0464150283,39.0
2016-08-30,1,0,20.0,31.0,1,30.0,33.6153846154,6.0,1.57242864836,57.0,13.6186436777,43.0
2016-08-31,2,0,21.0,32.0,1,30.0,35.0769230769,6.0,1.4570230608,57.0,13.5275305522,40.0
2016-09-01,3,0,21.0,31.0,1,30.0,36.9230769231,6.0,1.21393034826,57.0,12.3877205854,46.0
2016-09-02,4,0,22.0,33.0,1,30.0,38.3076923077,6.0,1.25915080527,57.0,12.3187450371,20.0
2016-09-03,5,1,22.0,33.0,1,30.0,36.6923076923,6.0,1.06908724155,57.0,13.2048045766,17.0
2016-09-04,6,1,22.0,31.0,1,30.0,33.6923076923,6.0,0.865936358894,57.0,12.9042903741,49.0
2016-09-05,0,0,23.0,32.0,1,30.0,35.1538461538,6.0,0.854446100348,57.0,13.4670318462,41.0
2016-09-06,1,0,21.0,31.0,1,30.0,36.5384615385,6.0,1.02934102934,57.0,13.0656059627,38.0
2016-09-07,2,0,23.0,32.0,1,30.0,37.1538461538,6.0,1.20697784064,57.0,12.9308584631,38.0
2016-09-08,3,0,22.0,32.0,1,30.0,39.0769230769,6.0,1.06995884774,57.0,10.8943283654,46.0
2016-09-09,4,0,21.0,31.0,0,30.0,40.3076923077,6.0,1.08879964302,57.0,10.7014349533,51.0
2016-09-10,5,1,22.0,32.0,1,30.0,40.3846153846,13.0,1.18890356671,57.0,10.7741746894,86.0
2016-09-11,6,1,20.0,31.0,1,30.0,42.6153846154,13.0,1.5501905972,86.0,15.8091427371,74.0
2016-09-12,0,0,22.0,33.0,1,30.0,45.3076923077,13.0,1.69273967108,86.0,17.8169522361,33.0
2016-09-13,1,0,21.0,32.0,1,30.0,44.5384615385,13.0,1.52992469283,86.0,18.1133838516,55.0
2016-09-14,2,0,21.0,31.0,1,30.0,45.6923076923,13.0,1.24711316397,86.0,18.2646552975,94.0
2016-09-15,3,1,23.0,31.0,0,30.0,49.3846153846,13.0,1.28123900035,94.0,22.3487685482,162.0
2016-09-16,4,1,22.0,30.0,0,31.0,60.3076923077,13.0,1.92153228298,162.0,35.9066837905,138.0
2016-09-17,5,1,21.0,32.0,1,33.0,69.6153846154,13.0,2.25078548986,162.0,39.0217660396,126.0
2016-09-18,6,0,20.0,31.0,1,33.0,75.5384615385,13.0,2.29773462783,162.0,41.2247412356,70.0
2016-09-19,0,0,18.0,29.0,1,34.0,77.7692307692,13.0,1.75743225467,162.0,40.0637066647,49.0
2016-09-20,1,0,18.0,27.0,1,34.0,78.6153846154,13.0,1.28305839225,162.0,39.3241723695,50.0
2016-09-21,2,0,17.0,28.0,1,34.0,79.5384615385,13.0,0.878150168875,162.0,38.4919879468,50.0
2016-09-22,3,0,17.0,30.0,1,37.0,79.8461538462,13.0,0.771820771821,162.0,38.2378108358,42.0
2016-09-23,4,0,18.0,31.0,1,38.0,79.1538461538,13.0,0.723198370257,162.0,38.8306899914,57.0
2016-09-24,5,1,22.0,32.0,1,38.0,76.9230769231,17.0,0.736347912034,162.0,39.2045161026,100.0
2016-09-25,6,1,23.0,30.0,1,39.0,78.9230769231,17.0,0.947619047619,162.0,39.6648682734,78.0
2016-09-26,0,0,23.0,33.0,1,39.0,82.3846153846,17.0,1.09023428439,162.0,37.4053440475,61.0
2016-09-27,1,0,22.0,32.0,1,40.0,82.8461538462,17.0,1.09132420091,162.0,37.1003756022,60.0
2016-09-28,2,0,16.0,25.0,0,41.0,80.2307692308,17.0,0.89518668466,162.0,37.4189459337,66.0
2016-09-29,3,0,15.0,18.0,0,41.0,72.8461538462,17.0,0.830004438526,162.0,29.1015361843,78.0
2016-09-30,4,0,17.0,20.0,0,41.0,68.2307692308,17.0,0.889470241988,162.0,22.385276226,106.0
2016-10-01,5,1,17.0,20.0,0,42.0,66.6923076923,17.0,1.07596298687,162.0,18.7550387707,115.0
2016-10-02,6,1,16.0,23.0,0,42.0,70.1538461538,17.0,1.2536687631,162.0,22.7692307692,119.0
2016-10-03,0,1,18.0,29.0,1,43.0,75.5384615385,33.0,1.35242641209,162.0,25.2696698241,103.0
2016-10-04,1,1,17.0,30.0,1,46.0,79.6153846154,33.0,1.30317092034,162.0,25.0953212358,90.0
2016-10-05,2,1,18.0,30.0,1,46.0,82.6923076923,33.0,1.20930232558,162.0,23.6883113513,109.0
2016-10-06,3,1,19.0,29.0,1,46.0,87.8461538462,33.0,1.20775844831,162.0,21.4578160544,106.0
2016-10-07,4,1,19.0,27.0,1,49.0,91.6153846154,33.0,1.24362895005,162.0,19.9597227572,91.0
2016-10-08,5,0,16.0,26.0,1,49.0,90.9230769231,33.0,1.275,162.0,19.8124340852,60.0
2016-10-09,6,0,16.0,24.0,1,50.0,89.5384615385,33.0,1.07756813417,162.0,21.2444214745,61.0
2016-10-10,0,0,16.0,23.0,1,50.0,89.5384615385,33.0,0.882230545152,162.0,21.2444214745,67.0
2016-10-11,1,0,16.0,21.0,1,50.0,90.0769230769,33.0,0.774140415895,162.0,20.5668199496,64.0
2016-10-12,2,0,16.0,19.0,1,51.0,89.9230769231,42.0,0.783833435395,162.0,20.7529850993,57.0
2016-10-13,3,0,15.0,18.0,0,55.0,88.3076923077,42.0,0.760517799353,162.0,22.372320176,63.0
2016-10-14,4,0,15.0,19.0,1,56.0,85.0,42.0,0.741636436921,162.0,22.6885264125,64.0
2016-10-15,5,1,16.0,23.0,1,57.0,81.0769230769,42.0,0.758137618459,138.0,21.542307349,104.0
2016-10-16,6,1,16.0,24.0,1,57.0,79.9230769231,42.0,0.936739659367,126.0,19.8124340852,119.0
2016-10-17,0,0,16.0,23.0,1,57.0,81.1538461538,42.0,1.12416764591,119.0,21.6220903915,51.0
2016-10-18,1,0,18.0,25.0,1,57.0,78.1538461538,42.0,1.07895254971,119.0,22.8568998296,58.0
2016-10-19,2,0,18.0,24.0,0,58.0,74.2307692308,42.0,0.902077151335,119.0,21.5661909413,64.0
2016-10-20,3,0,19.0,23.0,0,60.0,71.0,42.0,0.690205465789,119.0,19.623376954,101.0
2016-10-21,4,0,18.0,24.0,0,60.0,71.7692307692,42.0,0.892356942777,119.0,20.5656691008,117.0
2016-10-22,5,1,16.0,21.0,0,61.0,76.1538461538,51.0,1.12709832134,119.0,23.4614123578,140.0
2016-10-23,6,1,15.0,18.0,1,61.0,82.2307692308,51.0,1.41306492994,140.0,28.4501016523,136.0
2016-10-24,0,0,12.0,16.0,0,63.0,87.5384615385,51.0,1.52148664344,140.0,31.3972448194,66.0
2016-10-25,1,0,12.0,16.0,0,64.0,87.6923076923,51.0,1.34275618375,140.0,31.2862334321,63.0
2016-10-26,2,0,13.0,16.0,0,64.0,88.1538461538,51.0,1.06941081517,140.0,30.871560609,75.0
2016-10-27,3,0,12.0,16.0,0,64.0,89.0769230769,51.0,0.83898827884,140.0,30.2793698198,70.0
2016-10-28,4,0,9.0,14.0,0,64.0,89.5384615385,51.0,0.866666666667,140.0,29.9374100535,74.0
2016-10-29,5,1,7.0,11.0,0,66.0,87.2307692308,51.0,0.90458488228,140.0,29.8899361663,79.0
2016-10-30,6,1,9.0,15.0,0,66.0,84.1538461538,51.0,0.910947712418,140.0,28.4870987098,97.0
2016-10-31,0,0,9.0,14.0,0,67.0,87.6923076923,51.0,1.00280786201,140.0,26.9654611434,48.0
