time_stamp,dayofweek,holiday,lt,ht,sunny,m2M,w2A,m1L,d3w3,m1Lar,w2Std,pay_sum
2016-08-01,0,0,28.0,34.0,1,122.0,145.615384615,111.0,1.12031285944,196.0,26.5895828692,119.0
2016-08-02,1,0,27.0,35.0,0,122.0,145.692307692,111.0,1.14199675701,196.0,26.510911006,123.0
2016-08-03,2,0,26.0,32.0,0,122.0,145.769230769,111.0,1.01955307263,196.0,26.443419557,118.0
2016-08-04,3,0,27.0,32.0,0,122.0,145.461538462,111.0,0.837696335079,196.0,26.739815846,102.0
2016-08-05,4,0,27.0,33.0,0,122.0,141.769230769,102.0,0.808866878906,196.0,29.0706138861,126.0
2016-08-06,5,1,27.0,33.0,0,122.0,138.076923077,102.0,0.834841356014,196.0,27.7612389949,177.0
2016-08-07,6,1,27.0,35.0,1,122.0,138.076923077,102.0,0.975081256771,196.0,27.7612389949,184.0
2016-08-08,0,0,27.0,34.0,0,122.0,140.923076923,102.0,1.14238798968,196.0,30.3098398302,99.0
2016-08-09,1,0,27.0,33.0,0,122.0,139.384615385,99.0,1.08631479514,196.0,31.8519132659,398.0
2016-08-10,2,0,28.0,34.0,1,122.0,159.692307692,99.0,1.46498870603,398.0,75.7936313697,298.0
2016-08-11,3,0,28.0,36.0,1,122.0,171.615384615,99.0,1.61832061069,398.0,83.9794283066,292.0
2016-08-12,4,0,28.0,35.0,1,123.0,185.384615385,99.0,1.92761681787,398.0,87.8263482995,302.0
2016-08-13,5,1,28.0,35.0,1,126.0,194.923076923,99.0,1.67748001881,398.0,93.0826444523,306.0
2016-08-14,6,1,28.0,36.0,1,127.0,203.384615385,99.0,1.63309744148,398.0,97.6820103598,428.0
2016-08-15,0,0,27.0,35.0,1,134.0,227.153846154,99.0,1.74631268437,428.0,110.950332723,152.0
2016-08-16,1,0,28.0,36.0,1,134.0,229.384615385,99.0,1.48110999666,428.0,109.110063318,146.0
2016-08-17,2,0,28.0,35.0,1,134.0,231.538461538,99.0,1.21,428.0,107.148793299,149.0
2016-08-18,3,0,28.0,35.0,1,134.0,235.153846154,99.0,0.743884173739,428.0,103.4458953,157.0
2016-08-19,4,0,29.0,37.0,1,137.0,237.538461538,99.0,0.744032921811,428.0,101.235912892,185.0
2016-08-20,5,1,28.0,37.0,0,139.0,238.153846154,99.0,0.806835921453,428.0,100.889769363,206.0
2016-08-21,6,1,27.0,34.0,0,140.0,239.846153846,99.0,0.898287025654,428.0,100.149001419,239.0
2016-08-22,0,0,28.0,35.0,1,143.0,250.615384615,99.0,1.00310484834,428.0,91.585637488,129.0
2016-08-23,1,0,26.0,34.0,1,143.0,229.923076923,99.0,0.912632164719,428.0,86.1773319637,140.0
2016-08-24,2,0,25.0,34.0,1,140.0,217.769230769,99.0,0.80347963622,428.0,86.8581105076,151.0
2016-08-25,3,0,26.0,35.0,1,140.0,206.923076923,99.0,0.656660412758,428.0,85.7074285789,158.0
2016-08-26,4,0,25.0,32.0,0,143.0,195.846153846,99.0,0.696772191186,428.0,81.9257132115,147.0
2016-08-27,5,1,24.0,30.0,1,144.0,183.615384615,99.0,0.712611345523,428.0,76.2390354906,160.0
2016-08-28,6,1,22.0,30.0,1,146.0,163.0,99.0,0.730787364451,428.0,28.9163249075,145.0
2016-08-29,0,0,22.0,32.0,1,146.0,162.461538462,99.0,0.702736318408,428.0,29.1801180591,125.0
2016-08-30,1,0,23.0,31.0,1,146.0,160.846153846,99.0,0.71398920714,428.0,30.5937302623,113.0
2016-08-31,2,0,23.0,33.0,1,146.0,158.076923077,99.0,0.666666666667,428.0,33.0697666677,126.0
2016-09-01,3,0,24.0,34.0,1,146.0,155.692307692,99.0,0.66229985444,428.0,34.1611218862,105.0
2016-09-02,4,0,24.0,34.0,1,146.0,149.538461538,99.0,0.661474858187,428.0,35.5064791154,101.0
2016-09-03,5,1,23.0,34.0,1,146.0,141.461538462,99.0,0.678520335173,428.0,33.6374685424,157.0
2016-09-04,6,1,24.0,33.0,1,147.0,135.153846154,99.0,0.809093948512,428.0,19.4534796328,196.0
2016-09-05,0,0,25.0,31.0,1,147.0,140.307692308,99.0,0.997254255903,428.0,25.1744211312,79.0
2016-09-06,1,0,22.0,26.0,0,147.0,135.615384615,79.0,0.970350404313,428.0,30.0141978238,80.0
2016-09-07,2,0,21.0,24.0,0,146.0,130.153846154,79.0,0.816373462113,428.0,33.0264373212,105.0
2016-09-08,3,0,23.0,30.0,1,145.0,126.076923077,79.0,0.618194590797,428.0,32.6059492883,113.0
2016-09-09,4,0,23.0,32.0,1,145.0,123.461538462,79.0,0.715915915916,428.0,32.183644639,111.0
2016-09-10,5,1,23.0,29.0,1,145.0,119.692307692,79.0,0.818407960199,428.0,30.5094805326,165.0
2016-09-11,6,1,21.0,26.0,0,146.0,121.230769231,79.0,0.995139421847,428.0,32.204046201,154.0
2016-09-12,0,0,22.0,29.0,1,147.0,123.461538462,79.0,1.0895730394,428.0,33.3711422654,67.0
2016-09-13,1,0,22.0,29.0,1,147.0,119.923076923,67.0,1.00599426635,239.0,36.5775499421,91.0
2016-09-14,2,0,22.0,24.0,0,146.0,117.230769231,67.0,0.832666132906,239.0,37.3118950844,114.0
2016-09-15,3,1,20.0,24.0,0,145.0,117.923076923,67.0,0.738929638685,239.0,37.1617287386,119.0
2016-09-16,4,1,22.0,26.0,0,145.0,119.307692308,67.0,0.890354492993,239.0,36.8393280975,144.0
2016-09-17,5,1,22.0,27.0,1,145.0,118.307692308,67.0,1.0428769018,239.0,35.9687569884,151.0
2016-09-18,6,0,22.0,27.0,1,146.0,114.846153846,67.0,1.14238410596,239.0,29.9944768091,102.0
2016-09-19,0,0,20.0,27.0,1,146.0,116.615384615,67.0,1.10600362167,239.0,28.4673590722,90.0
2016-09-20,1,0,19.0,26.0,1,145.0,117.384615385,67.0,0.964838255977,196.0,27.5891240041,83.0
2016-09-21,2,0,19.0,26.0,1,144.0,115.692307692,67.0,0.78785274316,196.0,28.9386210277,82.0
2016-09-22,3,0,20.0,27.0,1,143.0,113.307692308,67.0,0.737847222222,196.0,30.3071065933,84.0
2016-09-23,4,0,20.0,28.0,1,140.0,111.230769231,67.0,0.725841714036,196.0,31.3028724319,116.0
2016-09-24,5,1,21.0,28.0,1,140.0,107.461538462,67.0,0.837043633126,196.0,27.2950133079,178.0
2016-09-25,6,1,22.0,29.0,1,143.0,109.307692308,67.0,1.13105924596,196.0,30.9475601508,167.0
2016-09-26,0,0,24.0,30.0,1,144.0,117.0,67.0,1.32700057571,196.0,31.889231363,89.0
2016-09-27,1,0,24.0,31.0,0,144.0,116.846153846,67.0,1.24444444444,196.0,32.0188553917,84.0
2016-09-28,2,0,22.0,27.0,0,140.0,114.538461538,67.0,0.983796296296,196.0,33.2001283237,68.0
2016-09-29,3,0,22.0,24.0,0,129.0,110.615384615,67.0,0.711229157444,196.0,35.3826086387,69.0
2016-09-30,4,0,22.0,26.0,0,129.0,104.846153846,67.0,0.664561720042,196.0,35.58272302,109.0
2016-10-01,5,1,23.0,26.0,1,129.0,101.615384615,67.0,0.758907913003,196.0,33.0629666442,192.0
2016-10-02,6,1,23.0,30.0,0,140.0,108.538461538,67.0,1.12172199485,196.0,40.9100615509,125.0
2016-10-03,0,1,20.0,25.0,1,140.0,111.230769231,67.0,1.25830748782,196.0,40.7528268886,104.0
2016-10-04,1,1,22.0,27.0,1,140.0,112.846153846,67.0,1.23641703377,192.0,40.011241024,111.0
2016-10-05,2,1,22.0,27.0,1,129.0,115.076923077,67.0,0.9998529628,192.0,39.0255567909,111.0
2016-10-06,3,1,21.0,26.0,1,126.0,117.153846154,67.0,0.962077615464,192.0,38.0219494378,103.0
2016-10-07,4,1,20.0,23.0,0,126.0,116.153846154,67.0,0.97685602645,192.0,38.2096366295,99.0
2016-10-08,5,0,17.0,22.0,1,125.0,110.076923077,67.0,0.963373345645,192.0,33.9331050937,83.0
2016-10-09,6,0,16.0,21.0,1,125.0,103.615384615,67.0,0.884955752212,192.0,30.2795652381,79.0
2016-10-10,0,0,15.0,22.0,1,119.0,102.846153846,67.0,0.814606741573,192.0,30.7642303629,70.0
2016-10-11,1,0,17.0,23.0,1,116.0,101.769230769,67.0,0.72852881143,192.0,31.637742422,80.0
2016-10-12,2,0,18.0,21.0,1,114.0,102.692307692,68.0,0.719786264341,192.0,30.8030583281,87.0
2016-10-13,3,0,18.0,22.0,1,113.0,104.076923077,68.0,0.743879472693,192.0,29.640049669,77.0
2016-10-14,4,0,18.0,21.0,0,113.0,101.615384615,68.0,0.780175859313,192.0,30.4467718676,113.0
2016-10-15,5,1,20.0,24.0,1,113.0,95.5384615385,68.0,0.914191419142,192.0,16.4812965538,185.0
2016-10-16,6,1,19.0,25.0,1,113.0,100.153846154,68.0,1.22669283611,192.0,28.270251159,184.0
2016-10-17,0,0,19.0,24.0,1,113.0,106.307692308,68.0,1.50648538834,192.0,36.0691315188,75.0
2016-10-18,1,0,19.0,25.0,1,111.0,103.538461538,68.0,1.39359698682,192.0,36.9732031542,81.0
2016-10-19,2,0,19.0,23.0,0,111.0,101.230769231,68.0,1.06067696147,192.0,37.3695759556,66.0
2016-10-20,3,0,20.0,22.0,0,111.0,98.3846153846,66.0,0.693533270853,192.0,38.5178049968,65.0
2016-10-21,4,0,19.0,22.0,0,109.0,95.7692307692,65.0,0.676236044657,192.0,39.5282836346,104.0
2016-10-22,5,1,20.0,23.0,0,105.0,97.3846153846,65.0,0.782550782551,192.0,39.4023397617,145.0
2016-10-23,6,1,17.0,22.0,1,105.0,102.461538462,65.0,1.03527860204,192.0,40.9288602044,182.0
2016-10-24,0,0,19.0,23.0,1,105.0,111.076923077,65.0,1.36825396825,192.0,44.7943360748,64.0
2016-10-25,1,0,17.0,20.0,1,105.0,109.846153846,64.0,1.26968663744,192.0,45.8389256047,77.0
2016-10-26,2,0,18.0,21.0,0,104.0,109.076923077,64.0,1.06653458808,192.0,46.2974688434,61.0
2016-10-27,3,0,18.0,21.0,0,104.0,107.846153846,61.0,0.681166750969,192.0,47.334888993,80.0
2016-10-28,4,0,15.0,18.0,0,103.0,105.307692308,61.0,0.742254000681,192.0,47.8722412186,100.0
2016-10-29,5,1,10.0,15.0,0,102.0,98.7692307692,61.0,0.813502109705,192.0,41.9837951269,153.0
2016-10-30,6,1,14.0,18.0,1,102.0,96.3846153846,61.0,1.08345534407,192.0,37.7410987194,160.0
2016-10-31,0,0,11.0,15.0,0,102.0,102.923076923,61.0,1.28720585944,185.0,40.7156396684,88.0
