time_stamp,dayofweek,holiday,lt,ht,sunny,m2M,w2A,m1L,d3w3,m1Lar,w2Std,pay_sum
2016-08-01,0,0,27.0,35.0,1,95.0,108.769230769,59.0,1.25608415764,174.0,25.3381859777,90.0
2016-08-02,1,0,26.0,36.0,0,92.0,107.230769231,59.0,1.06805293006,174.0,25.8193542378,62.0
2016-08-03,2,0,25.0,30.0,0,90.0,104.384615385,61.0,0.870263326911,174.0,28.4727628595,74.0
2016-08-04,3,0,25.0,32.0,0,90.0,101.846153846,61.0,0.723663144412,174.0,29.5760978178,73.0
2016-08-05,4,0,26.0,32.0,0,90.0,96.7692307692,61.0,0.682671892863,174.0,28.4041000457,125.0
2016-08-06,5,1,26.0,34.0,0,90.0,96.3076923077,61.0,0.878127522195,174.0,27.8881960566,131.0
2016-08-07,6,1,26.0,34.0,0,90.0,97.8461538462,61.0,1.06731549067,174.0,29.1780901833,128.0
2016-08-08,0,0,26.0,34.0,1,90.0,100.0,61.0,1.22079160706,151.0,30.270574694,65.0
2016-08-09,1,0,27.0,34.0,1,90.0,98.1538461538,61.0,1.05263157895,151.0,31.5883283066,125.0
2016-08-10,2,0,27.0,34.0,1,90.0,103.076923077,61.0,1.02021174206,151.0,30.3782856114,100.0
2016-08-11,3,0,27.0,35.0,1,95.0,105.615384615,61.0,0.933526476742,151.0,28.5833153633,77.0
2016-08-12,4,0,28.0,35.0,1,95.0,99.9230769231,61.0,1.00215696035,151.0,26.2516271685,124.0
2016-08-13,5,1,28.0,36.0,1,97.0,99.4615384615,61.0,1.00233100233,151.0,25.7670492762,181.0
2016-08-14,6,1,27.0,36.0,1,97.0,104.230769231,61.0,1.22908622909,181.0,33.514988257,154.0
2016-08-15,0,0,27.0,36.0,1,99.0,109.153846154,61.0,1.43932267168,181.0,35.6928050363,116.0
2016-08-16,1,0,27.0,36.0,1,100.0,113.307692308,61.0,1.39650100635,181.0,33.0043927505,97.0
2016-08-17,2,0,27.0,35.0,1,100.0,115.076923077,61.0,1.11770976093,181.0,31.4287020669,111.0
2016-08-18,3,0,27.0,36.0,1,100.0,118.0,61.0,0.967308553515,181.0,29.0569732131,78.0
2016-08-19,4,0,29.0,37.0,1,100.0,114.384615385,61.0,0.882716049383,181.0,30.8308997387,142.0
2016-08-20,5,1,27.0,36.0,0,101.0,115.230769231,61.0,1.01596071209,181.0,31.4206053072,117.0
2016-08-21,6,1,27.0,33.0,0,102.0,114.384615385,61.0,1.03533026114,181.0,31.2127647989,132.0
2016-08-22,0,0,27.0,34.0,1,104.0,119.538461538,61.0,1.17842073538,181.0,27.9989433444,91.0
2016-08-23,1,0,25.0,34.0,1,104.0,116.923076923,61.0,1.01145322029,181.0,28.9388254997,117.0
2016-08-24,2,0,24.0,34.0,1,104.0,118.230769231,61.0,0.992410974898,181.0,28.5257072889,115.0
2016-08-25,3,0,25.0,34.0,1,104.0,121.153846154,61.0,0.925766695328,181.0,25.9847474606,81.0
2016-08-26,4,0,23.0,29.0,1,104.0,117.846153846,62.0,0.914402570844,181.0,28.0654349521,101.0
2016-08-27,5,1,20.0,29.0,1,104.0,111.692307692,62.0,0.879218472469,181.0,21.5598794609,139.0
2016-08-28,6,1,19.0,30.0,1,107.0,110.538461538,62.0,0.945647370747,181.0,19.5747694146,131.0
2016-08-29,0,0,20.0,31.0,1,110.0,111.692307692,62.0,1.06197223415,181.0,20.2916603384,83.0
2016-08-30,1,0,21.0,31.0,1,110.0,110.615384615,62.0,1.02900451829,181.0,21.3848920845,95.0
2016-08-31,2,0,22.0,32.0,1,107.0,109.384615385,62.0,0.902716914987,181.0,21.7840395404,102.0
2016-09-01,3,0,22.0,33.0,1,102.0,111.230769231,65.0,0.809131628377,181.0,19.989050257,80.0
2016-09-02,4,0,22.0,34.0,1,102.0,106.461538462,65.0,0.816025924289,181.0,19.4683782447,143.0
2016-09-03,5,1,23.0,34.0,1,107.0,108.461538462,65.0,0.973782771536,181.0,21.6603692866,148.0
2016-09-04,6,1,22.0,33.0,1,110.0,109.692307692,65.0,1.11461619348,181.0,23.3514440844,124.0
2016-09-05,0,0,24.0,33.0,1,111.0,112.230769231,65.0,1.24232899267,181.0,22.972069483,78.0
2016-09-06,1,0,22.0,26.0,0,110.0,109.230769231,65.0,1.05676328502,181.0,24.6394113508,74.0
2016-09-07,2,0,20.0,26.0,1,107.0,106.076923077,74.0,0.847535697835,181.0,26.2692026129,73.0
2016-09-08,3,0,21.0,30.0,1,102.0,105.461538462,73.0,0.692520775623,181.0,26.934722756,75.0
2016-09-09,4,0,23.0,32.0,1,102.0,103.461538462,73.0,0.705097665555,181.0,28.1305073503,99.0
2016-09-10,5,1,21.0,30.0,1,102.0,100.384615385,73.0,0.791286240589,181.0,26.1961196819,125.0
2016-09-11,6,1,20.0,28.0,1,107.0,99.9230769231,73.0,0.961105753777,181.0,25.7008276983,108.0
2016-09-12,0,0,20.0,30.0,1,108.0,101.846153846,73.0,1.05850470269,154.0,25.2947125939,74.0
2016-09-13,1,0,21.0,30.0,1,107.0,100.230769231,73.0,0.999348958333,148.0,26.3297253664,78.0
2016-09-14,2,0,22.0,28.0,1,107.0,98.3846153846,73.0,0.861926073264,148.0,26.9744564686,108.0
2016-09-15,3,1,21.0,23.0,0,107.0,100.538461538,73.0,0.850507033039,148.0,26.5347823537,118.0
2016-09-16,4,1,21.0,23.0,0,108.0,98.6153846154,73.0,0.986212489862,148.0,24.1900757195,95.0
2016-09-17,5,1,21.0,27.0,1,107.0,94.5384615385,73.0,1.06414719045,148.0,19.5433064859,103.0
2016-09-18,6,0,20.0,28.0,1,107.0,92.9230769231,73.0,1.06236342242,148.0,17.8345452961,70.0
2016-09-19,0,0,17.0,26.0,1,103.0,92.3076923077,70.0,0.906937394247,148.0,18.4657046581,64.0
2016-09-20,1,0,18.0,26.0,1,102.0,91.5384615385,64.0,0.814853017019,148.0,19.3971266096,68.0
2016-09-21,2,0,17.0,24.0,1,101.0,91.1538461538,64.0,0.706911636045,148.0,19.8061612552,70.0
2016-09-22,3,0,19.0,27.0,1,100.0,90.7692307692,64.0,0.710642040457,148.0,20.1614782965,57.0
2016-09-23,4,0,19.0,28.0,1,100.0,87.5384615385,57.0,0.718629076838,148.0,21.8759277064,86.0
2016-09-24,5,1,21.0,29.0,1,100.0,84.5384615385,57.0,0.812821980538,148.0,19.0206987844,114.0
2016-09-25,6,1,21.0,28.0,1,101.0,85.0,57.0,0.986374976012,148.0,19.6468827044,111.0
2016-09-26,0,0,23.0,30.0,1,102.0,87.8461538462,57.0,1.1713747646,148.0,20.5083328424,62.0
2016-09-27,1,0,23.0,30.0,0,101.0,86.6153846154,57.0,1.08835798256,148.0,21.5175722878,78.0
2016-09-28,2,0,19.0,23.0,0,100.0,84.3076923077,57.0,0.949139723955,148.0,20.693308526,52.0
2016-09-29,3,0,17.0,19.0,0,99.0,79.2307692308,52.0,0.735632183908,148.0,19.8848757608,63.0
2016-09-30,4,0,18.0,21.0,0,99.0,76.7692307692,52.0,0.755086071987,148.0,19.7606985479,180.0
2016-10-01,5,1,20.0,24.0,0,100.0,82.6923076923,52.0,1.11805950351,180.0,33.4994480216,182.0
2016-10-02,6,1,20.0,24.0,0,101.0,91.3076923077,52.0,1.54573558829,182.0,42.3581517273,162.0
2016-10-03,0,1,18.0,26.0,1,102.0,98.8461538462,52.0,1.81849731043,182.0,45.4360855469,146.0
2016-10-04,1,1,20.0,25.0,1,102.0,104.846153846,52.0,1.64236634825,182.0,46.1116473754,159.0
2016-10-05,2,1,20.0,26.0,1,102.0,111.692307692,52.0,1.52614379085,182.0,47.0276262758,148.0
2016-10-06,3,1,19.0,25.0,1,102.0,118.692307692,52.0,1.45893719807,182.0,45.0988395133,160.0
2016-10-07,4,1,17.0,20.0,0,103.0,124.384615385,52.0,1.45823575332,182.0,45.2829369487,131.0
2016-10-08,5,0,14.0,22.0,1,103.0,125.692307692,52.0,1.35305902296,182.0,45.2095711708,102.0
2016-10-09,6,0,13.0,21.0,1,103.0,125.0,52.0,1.19362186788,182.0,45.4972526643,105.0
2016-10-10,0,0,16.0,21.0,1,105.0,128.307692308,52.0,1.00775193798,182.0,42.2435877981,87.0
2016-10-11,1,0,16.0,20.0,1,103.0,129.0,52.0,0.869179600887,182.0,41.4803011635,58.0
2016-10-12,2,0,16.0,19.0,1,102.0,129.461538462,52.0,0.743052459504,182.0,40.6459675067,59.0
2016-10-13,3,0,17.0,20.0,1,102.0,129.153846154,52.0,0.60579064588,182.0,41.1598126516,72.0
2016-10-14,4,0,16.0,18.0,1,101.0,120.846153846,52.0,0.564769161811,182.0,40.9574754215,121.0
2016-10-15,5,1,18.0,21.0,0,102.0,116.153846154,52.0,0.750670241287,182.0,36.9840842148,131.0
2016-10-16,6,1,17.0,23.0,1,102.0,113.769230769,52.0,0.956598759965,182.0,34.8913783623,135.0
2016-10-17,0,0,18.0,22.0,1,102.0,112.923076923,52.0,1.10682110682,182.0,34.226533878,74.0
2016-10-18,1,0,18.0,23.0,1,102.0,106.384615385,52.0,0.974072482452,182.0,32.8926890674,72.0
2016-10-19,2,0,19.0,22.0,1,101.0,100.538461538,52.0,0.79818207641,182.0,31.7092934318,79.0
2016-10-20,3,0,19.0,21.0,0,99.0,94.3076923077,52.0,0.634786288616,182.0,27.0253004406,62.0
2016-10-21,4,0,19.0,21.0,0,99.0,89.0,52.0,0.632516703786,182.0,26.0561523814,117.0
2016-10-22,5,1,18.0,21.0,0,99.0,90.1538461538,52.0,0.788990825688,182.0,26.9239560296,118.0
2016-10-23,6,1,15.0,18.0,1,99.0,91.1538461538,52.0,0.926966292135,182.0,27.6873927262,115.0
2016-10-24,0,0,16.0,20.0,1,101.0,93.3076923077,52.0,1.10847189232,182.0,28.3613621659,74.0
2016-10-25,1,0,14.0,17.0,1,99.0,94.5384615385,52.0,1.01320132013,182.0,27.1225576982,83.0
2016-10-26,2,0,16.0,18.0,0,95.0,96.3846153846,52.0,0.927536231884,182.0,25.4030236284,62.0
2016-10-27,3,0,15.0,17.0,0,95.0,95.6153846154,52.0,0.786214324179,182.0,26.2664994638,62.0
2016-10-28,4,0,11.0,15.0,0,95.0,91.0769230769,58.0,0.771812080537,182.0,26.5835736975,113.0
2016-10-29,5,1,8.0,12.0,0,95.0,89.6923076923,58.0,0.878265703168,182.0,24.8824455123,150.0
2016-10-30,6,1,10.0,17.0,1,95.0,90.8461538462,58.0,1.17498192336,182.0,27.1968498002,134.0
2016-10-31,0,0,10.0,15.0,0,99.0,95.4615384615,58.0,1.39961219813,162.0,28.979078354,66.0
