time_stamp,dayofweek,holiday,lt,ht,sunny,m2M,w2A,m1L,d3w3,m1Lar,w2Std,pay_sum
2016-08-01,0,0,27.0,37.0,1,29.0,32.6153846154,10.0,1.42477405635,95.0,18.702276544,21.0
2016-08-02,1,0,27.0,35.0,0,29.0,32.0,10.0,1.35702746365,95.0,18.9412045755,10.0
2016-08-03,2,0,26.0,32.0,0,29.0,30.5384615385,10.0,0.455555555556,95.0,19.828555107,49.0
2016-08-04,3,0,27.0,33.0,0,29.0,32.0769230769,10.0,0.860215053763,95.0,20.4166656603,75.0
2016-08-05,4,0,26.0,33.0,0,29.0,35.6153846154,10.0,1.34134134134,95.0,23.3519508707,73.0
2016-08-06,5,1,26.0,34.0,0,29.0,39.0,10.0,1.84976525822,95.0,25.2586618806,122.0
2016-08-07,6,1,27.0,35.0,1,29.0,46.1538461538,10.0,2.24159402242,122.0,33.3024511776,90.0
2016-08-08,0,0,26.0,34.0,0,29.0,50.8461538462,10.0,2.19907407407,122.0,34.8178693155,93.0
2016-08-09,1,0,26.0,30.0,0,29.0,55.7692307692,10.0,2.19109195402,122.0,35.8890466388,68.0
2016-08-10,2,0,27.0,35.0,0,29.0,58.7692307692,10.0,1.73043778008,122.0,35.1483752686,67.0
2016-08-11,3,0,27.0,36.0,1,29.0,61.6923076923,10.0,1.51243781095,122.0,34.1160567101,74.0
2016-08-12,4,0,27.0,36.0,1,29.0,65.1538461538,10.0,1.32698412698,122.0,32.8840530766,82.0
2016-08-13,5,1,27.0,35.0,1,29.0,64.1538461538,10.0,1.34783922635,122.0,32.1507175511,101.0
2016-08-14,6,1,28.0,35.0,1,29.0,71.1538461538,10.0,1.45815602837,122.0,29.3856222139,115.0
2016-08-15,0,0,27.0,36.0,1,29.0,78.3846153846,10.0,1.57546920434,122.0,27.6698626989,96.0
2016-08-16,1,0,26.0,36.0,1,29.0,85.0,10.0,1.56626506024,122.0,19.6468827044,108.0
2016-08-17,2,0,28.0,37.0,1,29.0,89.5384615385,10.0,1.51149016821,122.0,17.5043527976,72.0
2016-08-18,3,0,28.0,37.0,1,29.0,89.3076923077,10.0,1.26896551724,122.0,17.7130313411,93.0
2016-08-19,4,0,28.0,38.0,1,29.0,90.8461538462,10.0,1.20211360634,122.0,17.0873149254,106.0
2016-08-20,5,1,27.0,37.0,0,29.0,89.6153846154,10.0,1.18469945355,122.0,15.2796418682,91.0
2016-08-21,6,1,27.0,35.0,0,29.0,89.6923076923,10.0,1.20381901204,122.0,15.2839011099,106.0
2016-08-22,0,0,27.0,36.0,1,29.0,90.6923076923,10.0,1.19455943229,122.0,15.8812158776,67.0
2016-08-23,1,0,27.0,35.0,0,29.0,90.6153846154,10.0,1.00686498856,122.0,15.9929718292,73.0
2016-08-24,2,0,27.0,35.0,1,29.0,91.0769230769,10.0,0.925507900677,122.0,15.3796145719,64.0
2016-08-25,3,0,26.0,35.0,1,29.0,90.3076923077,10.0,0.772288472459,122.0,16.4287956176,83.0
2016-08-26,4,0,25.0,34.0,0,29.0,90.3846153846,10.0,0.828157349896,122.0,16.3920171075,77.0
2016-08-27,5,1,23.0,31.0,1,29.0,88.5384615385,10.0,0.865198918501,122.0,16.4439158008,106.0
2016-08-28,6,1,21.0,31.0,1,29.0,87.8461538462,10.0,1.01798698814,122.0,15.47626547,86.0
2016-08-29,0,0,21.0,32.0,1,29.0,87.0769230769,10.0,1.03362151777,122.0,15.2993792657,80.0
2016-08-30,1,0,21.0,32.0,1,29.0,84.9230769231,10.0,1.03796985308,122.0,14.1283214663,87.0
2016-08-31,2,0,21.0,33.0,1,29.0,86.0769230769,10.0,0.954536879834,122.0,13.6295015906,85.0
2016-09-01,3,0,23.0,33.0,0,49.0,85.4615384615,49.0,0.944881889764,122.0,13.4828402886,78.0
2016-09-02,4,0,22.0,34.0,1,64.0,83.3076923077,64.0,0.939496429914,122.0,12.2058284652,50.0
2016-09-03,5,1,23.0,35.0,1,64.0,80.1538461538,50.0,0.824143934997,122.0,14.8264117442,43.0
2016-09-04,6,1,24.0,32.0,1,64.0,75.3076923077,43.0,0.69049061175,122.0,15.8472740455,79.0
2016-09-05,0,0,24.0,30.0,0,67.0,76.2307692308,43.0,0.701754385965,115.0,15.6851416519,66.0
2016-09-06,1,0,23.0,28.0,0,67.0,75.6923076923,43.0,0.787269681742,115.0,15.9054156978,62.0
2016-09-07,2,0,21.0,27.0,0,67.0,75.5384615385,43.0,0.872313527181,115.0,16.0269743035,81.0
2016-09-08,3,0,22.0,30.0,1,67.0,75.3846153846,43.0,0.887473460722,115.0,15.9640869143,87.0
2016-09-09,4,0,22.0,29.0,1,68.0,76.1538461538,43.0,0.988609499248,115.0,16.261545739,81.0
2016-09-10,5,1,22.0,28.0,0,72.0,74.2307692308,43.0,1.07722258274,115.0,13.9292379059,84.0
2016-09-11,6,1,21.0,25.0,0,73.0,74.0769230769,43.0,1.10599078341,115.0,13.8089243076,107.0
2016-09-12,0,0,21.0,27.0,1,73.0,76.1538461538,43.0,1.16313876417,115.0,16.3417641165,94.0
2016-09-13,1,0,21.0,28.0,0,74.0,76.6923076923,43.0,1.20253164557,108.0,16.7991969377,91.0
2016-09-14,2,0,21.0,25.0,0,75.0,77.1538461538,43.0,1.21136693632,108.0,17.1008148877,73.0
2016-09-15,3,1,22.0,25.0,0,75.0,76.7692307692,43.0,1.0770194114,107.0,17.1336548984,58.0
2016-09-16,4,1,23.0,27.0,0,75.0,77.3846153846,43.0,0.937896070976,107.0,16.2837269479,86.0
2016-09-17,5,1,22.0,27.0,1,77.0,80.6923076923,43.0,0.928540864356,107.0,12.9993172329,104.0
2016-09-18,6,0,22.0,26.0,0,78.0,82.6153846154,43.0,1.04906937394,107.0,14.3823527632,98.0
2016-09-19,0,0,20.0,27.0,1,79.0,85.0769230769,43.0,1.20451693852,107.0,14.0628344799,103.0
2016-09-20,1,0,19.0,26.0,1,80.0,88.2307692308,43.0,1.26293995859,107.0,13.0981727801,93.0
2016-09-21,2,0,19.0,26.0,1,81.0,89.1538461538,43.0,1.21137206428,107.0,12.9783616001,91.0
2016-09-22,3,0,20.0,27.0,1,81.0,89.4615384615,43.0,1.17310443491,107.0,12.9710647485,106.0
2016-09-23,4,0,20.0,29.0,1,82.0,91.3846153846,43.0,1.1460185734,107.0,13.4194947832,104.0
2016-09-24,5,1,21.0,30.0,1,83.0,92.9230769231,43.0,1.14797864226,107.0,13.6295015906,138.0
2016-09-25,6,1,21.0,30.0,1,84.0,95.3076923077,43.0,1.28389596015,138.0,17.9202704967,116.0
2016-09-26,0,0,24.0,31.0,1,85.0,97.0,43.0,1.28522706875,138.0,18.7370468078,106.0
2016-09-27,1,0,23.0,28.0,0,86.0,98.1538461538,43.0,1.26249342451,138.0,18.7938048461,81.0
2016-09-28,2,0,22.0,28.0,0,85.0,98.7692307692,43.0,1.0625986323,138.0,18.0774140686,81.0
2016-09-29,3,0,22.0,25.0,0,85.0,100.538461538,43.0,0.942832014072,138.0,14.8355881095,91.0
2016-09-30,4,0,22.0,29.0,0,86.0,100.923076923,43.0,0.885389326334,138.0,14.5150401492,106.0
2016-10-01,5,1,23.0,30.0,0,86.0,101.076923077,43.0,0.961771319841,138.0,14.5573747552,105.0
2016-10-02,6,1,22.0,30.0,1,87.0,101.615384615,43.0,1.04588744589,138.0,14.5630642461,98.0
2016-10-03,0,1,21.0,27.0,0,87.0,101.230769231,58.0,1.06791083463,138.0,14.5874226445,66.0
2016-10-04,1,1,20.0,27.0,1,87.0,99.1538461538,58.0,0.9418767507,138.0,17.284257639,83.0
2016-10-05,2,1,21.0,27.0,1,87.0,98.5384615385,58.0,0.860327412052,138.0,17.7010012086,79.0
2016-10-06,3,1,22.0,27.0,0,86.0,96.4615384615,58.0,0.785529715762,138.0,18.2782568796,106.0
2016-10-07,4,1,20.0,23.0,0,86.0,96.6153846154,58.0,0.91389599318,138.0,18.3493385399,83.0
2016-10-08,5,0,17.0,22.0,0,86.0,92.3846153846,58.0,0.92381937263,138.0,14.1885027211,76.0
2016-10-09,6,0,16.0,22.0,1,86.0,89.3076923077,58.0,0.923988842399,138.0,13.0229656045,80.0
2016-10-10,0,0,15.0,21.0,1,86.0,87.3076923077,58.0,0.843479795306,138.0,12.281221534,78.0
2016-10-11,1,0,17.0,23.0,1,86.0,87.0769230769,58.0,0.832443970117,138.0,12.4249224635,58.0
2016-10-12,2,0,18.0,25.0,1,86.0,85.3076923077,58.0,0.782183595872,138.0,14.6097154997,68.0
2016-10-13,3,0,18.0,23.0,1,85.0,83.5384615385,58.0,0.75429839157,138.0,15.1942063078,106.0
2016-10-14,4,0,19.0,22.0,0,85.0,83.5384615385,58.0,0.856879039705,138.0,15.1942063078,81.0
2016-10-15,5,1,20.0,23.0,0,84.0,81.6923076923,58.0,0.972540045767,138.0,13.8751832442,104.0
2016-10-16,6,1,20.0,26.0,0,85.0,82.1538461538,58.0,1.11751152074,138.0,14.4958676013,113.0
2016-10-17,0,0,20.0,24.0,0,85.0,85.7692307692,58.0,1.13979728438,138.0,15.8170008154,77.0
2016-10-18,1,0,20.0,24.0,0,84.0,85.3076923077,58.0,1.12708453134,138.0,15.977795243,78.0
2016-10-19,2,0,20.0,24.0,0,83.0,85.2307692308,58.0,1.0291858679,138.0,16.0103516809,85.0
2016-10-20,3,0,21.0,25.0,0,83.0,83.6153846154,58.0,0.924855491329,138.0,14.8507366382,65.0
2016-10-21,4,0,21.0,25.0,0,83.0,82.2307692308,58.0,0.899940793369,138.0,15.660601453,61.0
2016-10-22,5,1,20.0,23.0,0,83.0,81.0769230769,58.0,0.855116514691,138.0,16.6014899167,93.0
2016-10-23,6,1,17.0,23.0,0,84.0,82.0769230769,58.0,0.890243902439,138.0,16.8954319655,94.0
2016-10-24,0,0,19.0,24.0,1,85.0,83.3076923077,58.0,0.991207034373,116.0,17.1346909262,95.0
2016-10-25,1,0,19.0,23.0,1,85.0,86.1538461538,58.0,1.11904761905,113.0,15.7081368128,97.0
2016-10-26,2,0,19.0,24.0,0,85.0,88.3846153846,58.0,1.12288967413,113.0,15.0155737693,84.0
2016-10-27,3,0,18.0,24.0,0,85.0,86.6923076923,58.0,1.09785202864,113.0,14.1496649342,77.0
2016-10-28,4,0,15.0,19.0,0,85.0,86.3846153846,58.0,1.02994011976,113.0,14.3126542265,96.0
2016-10-29,5,1,12.0,15.0,0,85.0,85.7692307692,58.0,1.01380670611,113.0,13.7009480085,117.0
2016-10-30,6,1,14.0,18.0,1,85.0,86.0769230769,58.0,1.11947500483,117.0,14.3390887945,113.0
2016-10-31,0,0,12.0,17.0,0,86.0,88.8461538462,58.0,1.23344684071,117.0,15.7277126991,93.0
