time_stamp,dayofweek,holiday,lt,ht,sunny,m2M,w2A,m1L,d3w3,m1Lar,w2Std,pay_sum
2016-08-01,0,0,25.0,35.0,0,58.0,64.4615384615,42.0,1.24227093873,141.0,9.93529361275,79.0
2016-08-02,1,0,25.0,29.0,0,58.0,67.3076923077,42.0,1.18676510801,141.0,8.24979827618,48.0
2016-08-03,2,0,25.0,31.0,0,58.0,66.6153846154,42.0,1.06048053024,141.0,9.38524588046,69.0
2016-08-04,3,0,26.0,32.0,1,58.0,67.0,42.0,1.06146764148,141.0,9.37262790503,78.0
2016-08-05,4,0,26.0,34.0,1,58.0,67.5384615385,42.0,1.0325655282,141.0,9.77921960561,60.0
2016-08-06,5,1,27.0,35.0,1,58.0,66.3076923077,42.0,1.08490566038,141.0,9.64273034574,64.0
2016-08-07,6,1,27.0,36.0,1,59.0,66.4615384615,42.0,1.04473752263,141.0,9.58857801774,74.0
2016-08-08,0,0,27.0,35.0,0,60.0,67.6923076923,42.0,1.00763358779,141.0,9.4493354702,70.0
2016-08-09,1,0,25.0,34.0,0,60.0,68.6153846154,42.0,1.03637269557,141.0,9.03445082864,94.0
2016-08-10,2,0,26.0,31.0,0,60.0,70.5384615385,42.0,1.15393939394,94.0,11.2906726966,72.0
2016-08-11,3,0,26.0,32.0,0,60.0,71.4615384615,42.0,1.13762352374,94.0,10.8742135674,90.0
2016-08-12,4,0,26.0,30.0,0,60.0,72.0,42.0,1.21730860675,94.0,11.5824801383,40.0
2016-08-13,5,1,25.0,32.0,0,60.0,69.4615384615,40.0,0.985846754514,94.0,14.3667103703,66.0
2016-08-14,6,1,26.0,32.0,0,60.0,69.5384615385,40.0,0.953771289538,94.0,14.34527735,56.0
2016-08-15,0,0,25.0,31.0,0,60.0,67.7692307692,40.0,0.789473684211,94.0,14.4868844989,171.0
2016-08-16,1,0,25.0,31.0,0,60.0,77.2307692308,40.0,1.31892865181,171.0,30.1665985593,100.0
2016-08-17,2,0,25.0,31.0,0,60.0,79.6153846154,40.0,1.4417989418,171.0,30.6432034415,95.0
2016-08-18,3,0,25.0,30.0,0,61.0,80.9230769231,40.0,1.57724628313,171.0,30.9079565023,77.0
2016-08-19,4,0,26.0,32.0,0,62.0,82.2307692308,40.0,1.1767250703,171.0,30.3496390706,85.0
2016-08-20,5,1,26.0,34.0,1,62.0,83.8461538462,40.0,1.10324103885,171.0,29.8917177977,97.0
2016-08-21,6,1,27.0,35.0,0,62.0,85.6153846154,40.0,1.08937960042,171.0,29.9372124018,68.0
2016-08-22,0,0,27.0,35.0,1,62.0,85.4615384615,40.0,1.05887335875,171.0,30.0220826024,92.0
2016-08-23,1,0,27.0,35.0,1,62.0,85.3076923077,40.0,1.05892047796,171.0,29.9830326772,97.0
2016-08-24,2,0,28.0,36.0,1,62.0,87.2307692308,40.0,1.0409072499,171.0,29.8693407157,85.0
2016-08-25,3,0,27.0,36.0,1,64.0,86.8461538462,40.0,1.10506150434,171.0,29.8633970808,78.0
2016-08-26,4,0,25.0,35.0,0,64.0,89.7692307692,40.0,1.03730301217,171.0,26.8418555078,65.0
2016-08-27,5,1,24.0,32.0,0,65.0,89.6923076923,40.0,0.909090909091,171.0,26.9112061742,74.0
2016-08-28,6,1,26.0,33.0,1,65.0,91.0769230769,40.0,0.865231259968,171.0,25.571803999,65.0
2016-08-29,0,0,26.0,33.0,1,65.0,82.9230769231,40.0,0.815836832633,171.0,12.181079518,84.0
2016-08-30,1,0,25.0,32.0,1,65.0,81.6923076923,40.0,0.897203781935,171.0,11.1588848036,65.0
2016-08-31,2,0,25.0,33.0,0,65.0,79.3846153846,40.0,0.864646464646,171.0,11.269690198,94.0
2016-09-01,3,0,25.0,32.0,0,66.0,80.6923076923,40.0,0.979443772672,171.0,11.8865445285,91.0
2016-09-02,4,0,25.0,31.0,0,68.0,81.1538461538,40.0,0.977517106549,171.0,12.1582270585,63.0
2016-09-03,5,1,25.0,31.0,0,68.0,78.5384615385,40.0,0.971406188797,171.0,12.1250876896,62.0
2016-09-04,6,1,26.0,31.0,0,68.0,78.0769230769,40.0,0.843091334895,171.0,12.6214807035,42.0
2016-09-05,0,0,26.0,32.0,0,68.0,74.2307692308,40.0,0.705087608191,171.0,15.1563840124,50.0
2016-09-06,1,0,26.0,33.0,0,68.0,70.6153846154,40.0,0.671462829736,171.0,14.8972814326,50.0
2016-09-07,2,0,25.0,31.0,0,68.0,67.9230769231,40.0,0.637915543576,171.0,15.2136656103,76.0
2016-09-08,3,0,26.0,32.0,0,68.0,67.7692307692,40.0,0.791189031243,171.0,15.1208152311,62.0
2016-09-09,4,0,26.0,32.0,0,66.0,67.5384615385,40.0,0.858447488584,171.0,15.184077615,69.0
2016-09-10,5,1,25.0,30.0,0,68.0,67.1538461538,40.0,0.963687150838,171.0,15.0784928539,62.0
2016-09-11,6,1,25.0,30.0,0,68.0,66.9230769231,42.0,0.902290790089,171.0,15.1325504407,61.0
2016-09-12,0,0,24.0,33.0,1,68.0,65.1538461538,42.0,0.917562724014,171.0,14.3572343268,59.0
2016-09-13,1,0,26.0,35.0,1,68.0,64.6923076923,42.0,0.894129206583,171.0,14.4508962479,58.0
2016-09-14,2,0,26.0,35.0,1,68.0,61.9230769231,42.0,0.892230576441,100.0,11.7699848929,66.0
2016-09-15,3,1,25.0,34.0,1,68.0,60.0,42.0,0.92564491654,97.0,8.43071308235,46.0
2016-09-16,4,1,25.0,34.0,1,68.0,58.6923076923,42.0,0.872465999487,97.0,9.15158343075,57.0
2016-09-17,5,1,25.0,34.0,1,68.0,58.3076923077,42.0,0.878835153406,97.0,9.10945928805,52.0
2016-09-18,6,0,25.0,33.0,1,68.0,59.0769230769,42.0,0.814289466772,97.0,8.06189077328,75.0
2016-09-19,0,0,23.0,32.0,1,69.0,61.0,42.0,0.973544973545,97.0,8.62910994608,79.0
2016-09-20,1,0,24.0,31.0,1,69.0,63.2307692308,42.0,1.0779696494,97.0,9.22499819599,73.0
2016-09-21,2,0,24.0,31.0,1,69.0,63.0,42.0,1.20776802341,97.0,8.93566750983,79.0
2016-09-22,3,0,24.0,32.0,1,69.0,64.3076923077,42.0,1.24093473006,94.0,9.88693477727,63.0
2016-09-23,4,0,25.0,32.0,1,69.0,63.8461538462,42.0,1.15498254096,94.0,9.7967510615,86.0
2016-09-24,5,1,25.0,32.0,1,69.0,65.6923076923,42.0,1.20158102767,94.0,11.404348802,57.0
2016-09-25,6,1,26.0,33.0,1,69.0,65.3846153846,42.0,1.07291666667,94.0,11.5794145032,72.0
2016-09-26,0,0,26.0,34.0,1,70.0,66.3846153846,42.0,1.10087045571,94.0,11.5461512838,96.0
2016-09-27,1,0,27.0,35.0,1,70.0,69.3076923077,42.0,1.11275964392,96.0,13.6685186603,105.0
2016-09-28,2,0,28.0,34.0,1,70.0,72.3076923077,42.0,1.32171387073,105.0,16.5825887159,73.0
2016-09-29,3,0,21.0,28.0,0,72.0,74.3846153846,42.0,1.31604226705,105.0,14.7467778047,66.0
2016-09-30,4,0,20.0,26.0,0,70.0,75.0769230769,42.0,1.17448856799,105.0,14.1119782098,78.0
2016-10-01,5,1,20.0,28.0,0,72.0,77.0769230769,42.0,1.03259576493,105.0,12.4434816947,53.0
2016-10-02,6,1,23.0,31.0,1,72.0,75.3846153846,42.0,0.942809284518,105.0,14.008450535,66.0
2016-10-03,0,1,24.0,33.0,1,70.0,74.3846153846,42.0,0.938095238095,105.0,14.1776555594,52.0
2016-10-04,1,1,24.0,32.0,1,70.0,72.7692307692,46.0,0.817790530846,105.0,15.3880765337,65.0
2016-10-05,2,1,23.0,33.0,1,70.0,71.6923076923,46.0,0.875807609476,105.0,15.4042182803,57.0
2016-10-06,3,1,25.0,32.0,1,69.0,71.2307692308,46.0,0.826210826211,105.0,15.7438820653,61.0
2016-10-07,4,1,25.0,31.0,1,68.0,69.3076923077,46.0,0.866477272727,105.0,15.3441776248,51.0
2016-10-08,5,0,24.0,31.0,0,66.0,68.8461538462,46.0,0.800758114191,105.0,15.7911667316,95.0
2016-10-09,6,0,22.0,30.0,1,66.0,70.6153846154,46.0,0.967063770147,105.0,17.2650757379,59.0
2016-10-10,0,0,22.0,30.0,1,66.0,67.7692307692,46.0,0.971333807155,105.0,15.8364421323,63.0
2016-10-11,1,0,21.0,28.0,0,66.0,64.5384615385,46.0,1.03555237414,105.0,11.6395571196,76.0
2016-10-12,2,0,20.0,25.0,0,66.0,64.7692307692,46.0,0.946915351506,105.0,11.8331597065,52.0
2016-10-13,3,0,22.0,28.0,1,66.0,63.6923076923,46.0,0.920703784044,105.0,12.2999975947,61.0
2016-10-14,4,0,20.0,30.0,1,66.0,62.3846153846,46.0,0.927835051546,105.0,11.5926930669,70.0
2016-10-15,5,1,21.0,31.0,1,66.0,63.6923076923,51.0,0.889861415026,105.0,11.4178309632,67.0
2016-10-16,6,1,24.0,32.0,1,66.0,63.7692307692,51.0,0.966325036603,105.0,11.4364723323,56.0
2016-10-17,0,0,23.0,32.0,1,66.0,64.0769230769,51.0,0.97033685269,105.0,11.1663060379,52.0
2016-10-18,1,0,23.0,26.0,0,65.0,63.0769230769,51.0,0.916470280178,105.0,11.612072885,57.0
2016-10-19,2,0,23.0,27.0,0,65.0,63.0769230769,51.0,0.875099443119,105.0,11.612072885,48.0
2016-10-20,3,0,24.0,31.0,1,65.0,62.0769230769,48.0,0.844767285445,105.0,12.2879649593,64.0
2016-10-21,4,0,24.0,27.0,0,65.0,63.0769230769,48.0,0.919727891156,105.0,11.8676129313,58.0
2016-10-22,5,1,24.0,30.0,1,64.0,60.2307692308,48.0,0.921409214092,105.0,7.50542210317,84.0
2016-10-23,6,1,24.0,31.0,1,64.0,62.1538461538,48.0,1.10042735043,105.0,9.7967510615,65.0
2016-10-24,0,0,24.0,30.0,1,64.0,62.3076923077,48.0,1.09436954798,105.0,9.8244954099,70.0
2016-10-25,1,0,24.0,31.0,1,64.0,61.8461538462,48.0,1.1532385466,105.0,9.29719687984,78.0
2016-10-26,2,0,25.0,32.0,1,64.0,63.8461538462,48.0,1.10334110334,105.0,9.74952585708,62.0
2016-10-27,3,0,24.0,33.0,1,63.0,63.9230769231,48.0,1.08695652174,95.0,9.73069321953,68.0
2016-10-28,4,0,22.0,33.0,1,63.0,63.7692307692,48.0,1.0625798212,95.0,9.64886478898,64.0
2016-10-29,5,1,20.0,29.0,1,63.0,63.5384615385,48.0,1.01517530089,95.0,9.60460934708,55.0
2016-10-30,6,1,19.0,28.0,1,63.0,63.4615384615,48.0,0.981627296588,95.0,9.66846885193,53.0
2016-10-31,0,0,19.0,27.0,1,63.0,63.5384615385,48.0,0.910052910053,95.0,9.5805522935,70.0
