time_stamp,dayofweek,holiday,lt,ht,sunny,m2M,w2A,m1L,d3w3,m1Lar,w2Std,pay_sum
2016-08-01,0,0,28.0,36.0,1,160.0,146.923076923,114.0,1.08108108108,195.0,16.6569991686,142.0
2016-08-02,1,0,27.0,36.0,0,158.0,149.076923077,114.0,1.06657608696,195.0,13.8311884937,172.0
2016-08-03,2,0,26.0,32.0,0,158.0,151.384615385,114.0,1.08783783784,195.0,14.9179213934,158.0
2016-08-04,3,0,26.0,33.0,0,158.0,152.230769231,114.0,1.05486646553,195.0,14.9571379726,136.0
2016-08-05,4,0,27.0,33.0,0,158.0,153.153846154,114.0,1.04990424693,191.0,13.4841568223,135.0
2016-08-06,5,1,26.0,33.0,0,158.0,150.923076923,114.0,0.96982027806,191.0,13.8977670506,144.0
2016-08-07,6,1,27.0,35.0,1,158.0,148.692307692,114.0,0.940723110053,191.0,12.4244462213,170.0
2016-08-08,0,0,27.0,34.0,0,158.0,151.461538462,114.0,1.00887540726,173.0,12.8459235355,136.0
2016-08-09,1,0,27.0,34.0,1,157.0,150.307692308,114.0,1.00368016059,173.0,13.4929304303,156.0
2016-08-10,2,0,28.0,35.0,1,157.0,151.923076923,114.0,1.02564102564,173.0,12.8030136985,152.0
2016-08-11,3,0,28.0,35.0,1,157.0,152.384615385,114.0,0.984042553191,173.0,12.6888107071,158.0
2016-08-12,4,0,28.0,36.0,1,158.0,152.923076923,114.0,1.02125794433,173.0,12.7669135988,172.0
2016-08-13,5,1,28.0,36.0,1,158.0,153.846153846,114.0,1.05355191257,173.0,13.6485905378,192.0
2016-08-14,6,1,28.0,37.0,1,158.0,155.615384615,114.0,1.1339198436,192.0,16.6573544004,160.0
2016-08-15,0,0,27.0,36.0,1,158.0,157.0,114.0,1.12870220786,192.0,16.2101582586,157.0
2016-08-16,1,0,27.0,36.0,1,157.0,155.846153846,114.0,1.09427066538,192.0,15.6246656769,137.0
2016-08-17,2,0,27.0,36.0,1,157.0,154.230769231,114.0,0.975400150392,192.0,16.3855182128,147.0
2016-08-18,3,0,28.0,36.0,1,156.0,155.076923077,124.0,0.947164948454,192.0,15.6915535264,170.0
2016-08-19,4,0,29.0,37.0,1,156.0,157.769230769,124.0,0.969153591632,192.0,15.0033526825,176.0
2016-08-20,5,1,28.0,37.0,0,156.0,160.230769231,124.0,1.04704258256,192.0,15.1665311999,198.0
2016-08-21,6,1,28.0,35.0,0,157.0,162.384615385,134.0,1.14478114478,198.0,18.1045615227,149.0
2016-08-22,0,0,27.0,35.0,1,156.0,163.384615385,134.0,1.09816272966,198.0,16.9412489846,119.0
2016-08-23,1,0,26.0,35.0,1,156.0,160.538461538,119.0,0.995088618407,198.0,20.6457869966,166.0
2016-08-24,2,0,25.0,34.0,1,156.0,161.615384615,119.0,0.924387646432,198.0,20.5371650412,150.0
2016-08-25,3,0,26.0,35.0,1,156.0,161.0,119.0,0.922391857506,198.0,20.7549808665,179.0
2016-08-26,4,0,24.0,32.0,0,156.0,161.538461538,119.0,1.03513174404,198.0,21.1209534481,163.0
2016-08-27,5,1,23.0,30.0,1,156.0,159.307692308,119.0,1.02276270658,198.0,19.2329229563,227.0
2016-08-28,6,1,20.0,31.0,1,156.0,164.461538462,119.0,1.16217320261,227.0,26.3777743991,168.0
2016-08-29,0,0,20.0,32.0,1,157.0,165.307692308,119.0,1.1286407767,227.0,26.3011687818,155.0
2016-08-30,1,0,21.0,31.0,1,156.0,166.692307692,119.0,1.11279716743,227.0,25.2263129273,177.0
2016-08-31,2,0,23.0,33.0,1,156.0,169.0,119.0,1.00401606426,227.0,24.6857168295,188.0
2016-09-01,3,0,24.0,33.0,1,156.0,170.384615385,119.0,1.03482587065,227.0,25.2023761442,169.0
2016-09-02,4,0,24.0,34.0,1,157.0,169.846153846,119.0,1.06363907977,227.0,25.1513760255,174.0
2016-09-03,5,1,22.0,34.0,1,158.0,168.0,119.0,1.06338239712,227.0,23.8650049558,414.0
2016-09-04,6,1,23.0,32.0,1,158.0,188.384615385,119.0,1.40850311657,414.0,69.1470433892,235.0
2016-09-05,0,0,24.0,32.0,1,158.0,197.307692308,119.0,1.49867977784,414.0,67.0710124425,132.0
2016-09-06,1,0,21.0,26.0,0,157.0,194.692307692,119.0,1.42414296134,414.0,68.8793645725,167.0
2016-09-07,2,0,21.0,25.0,0,157.0,196.0,119.0,0.968443960827,414.0,68.1762421962,124.0
2016-09-08,3,0,21.0,30.0,1,156.0,191.769230769,119.0,0.776859504132,414.0,70.7576077412,137.0
2016-09-09,4,0,22.0,32.0,1,156.0,189.769230769,119.0,0.794579040193,414.0,71.9007369665,174.0
2016-09-10,5,1,23.0,29.0,1,156.0,185.692307692,119.0,0.813008130081,414.0,71.1730119718,202.0
2016-09-11,6,1,21.0,28.0,1,157.0,188.307692308,119.0,0.944751381215,414.0,71.0994802701,216.0
2016-09-12,0,0,21.0,29.0,1,158.0,193.0,119.0,1.06178818043,414.0,70.7585276187,121.0
2016-09-13,1,0,21.0,30.0,1,157.0,188.692307692,119.0,0.978576615832,414.0,73.2617904561,155.0
2016-09-14,2,0,21.0,24.0,0,157.0,186.153846154,119.0,0.892031547457,414.0,73.8114501789,222.0
2016-09-15,3,1,21.0,25.0,0,158.0,190.230769231,119.0,0.89247311828,414.0,74.2139877404,338.0
2016-09-16,4,1,22.0,25.0,0,158.0,202.846153846,119.0,1.22379118528,414.0,83.7136567793,198.0
2016-09-17,5,1,21.0,27.0,1,160.0,186.230769231,119.0,1.30712191757,414.0,57.4806373368,158.0
2016-09-18,6,0,21.0,27.0,1,160.0,180.307692308,119.0,1.19986168741,414.0,56.1007124806,127.0
2016-09-19,0,0,20.0,26.0,1,160.0,179.923076923,119.0,0.841170323929,414.0,56.4466549237,110.0
2016-09-20,1,0,19.0,26.0,1,160.0,175.538461538,110.0,0.70016839493,414.0,59.4158945124,120.0
2016-09-21,2,0,18.0,26.0,1,158.0,175.230769231,110.0,0.644462496615,414.0,59.6917129233,124.0
2016-09-22,3,0,17.0,27.0,1,158.0,174.230769231,110.0,0.646929824561,414.0,60.4281567663,133.0
2016-09-23,4,0,19.0,27.0,1,158.0,171.076923077,110.0,0.696793272341,414.0,61.4196930815,182.0
2016-09-24,5,1,19.0,28.0,1,158.0,169.538461538,110.0,0.867160493827,414.0,60.8739117857,189.0
2016-09-25,6,1,21.0,29.0,1,160.0,167.461538462,110.0,1.00931210574,414.0,59.7026160806,205.0
2016-09-26,0,0,23.0,30.0,1,160.0,173.923076923,110.0,1.12874779541,414.0,58.86420035,122.0
2016-09-27,1,0,23.0,30.0,1,160.0,171.384615385,110.0,1.02472445636,414.0,60.3190727096,85.0
2016-09-28,2,0,21.0,26.0,0,160.0,160.846153846,85.0,0.827807916416,414.0,62.4842702099,109.0
2016-09-29,3,0,20.0,23.0,0,158.0,143.230769231,85.0,0.640324214792,414.0,37.2376026787,121.0
2016-09-30,4,0,21.0,24.0,0,158.0,137.307692308,85.0,0.64874884152,414.0,34.0415687413,195.0
2016-10-01,5,1,22.0,25.0,0,158.0,140.153846154,85.0,0.877192982456,414.0,37.0651114285,217.0
2016-10-02,6,1,21.0,30.0,0,160.0,147.076923077,85.0,1.09976271536,414.0,42.033798742,196.0
2016-10-03,0,1,19.0,25.0,1,163.0,153.692307692,85.0,1.22605363985,338.0,42.4434186533,170.0
2016-10-04,1,1,21.0,27.0,1,166.0,157.538461538,85.0,1.17033022182,338.0,41.4703144701,178.0
2016-10-05,2,1,20.0,28.0,1,167.0,161.692307692,85.0,1.10670328553,338.0,40.5981898334,156.0
2016-10-06,3,1,20.0,25.0,1,166.0,163.461538462,85.0,1.08562197092,338.0,39.8026195207,168.0
2016-10-07,4,1,18.0,22.0,0,167.0,162.384615385,85.0,1.09189777053,338.0,39.474506791,180.0
2016-10-08,5,0,16.0,23.0,1,168.0,161.692307692,85.0,1.08843537415,338.0,39.0785886986,138.0
2016-10-09,6,0,14.0,21.0,1,168.0,156.538461538,85.0,1.04583602324,338.0,37.4096149398,147.0
2016-10-10,0,0,15.0,22.0,1,168.0,158.461538462,85.0,0.988835725678,338.0,36.2079791134,127.0
2016-10-11,1,0,17.0,23.0,1,167.0,161.692307692,85.0,0.874177806068,338.0,31.009637746,138.0
2016-10-12,2,0,17.0,22.0,1,166.0,163.923076923,85.0,0.870299957752,338.0,28.0397013549,139.0
2016-10-13,3,0,17.0,20.0,1,166.0,165.307692308,85.0,0.851781572844,338.0,26.2748332803,141.0
2016-10-14,4,0,18.0,21.0,1,166.0,161.153846154,85.0,0.892876214888,338.0,25.5097150539,171.0
2016-10-15,5,1,19.0,21.0,0,167.0,157.615384615,85.0,0.968954774949,217.0,20.1438612964,202.0
2016-10-16,6,1,18.0,25.0,1,168.0,158.076923077,85.0,1.10537634409,217.0,21.0656904375,210.0
2016-10-17,0,0,18.0,25.0,1,168.0,161.153846154,85.0,1.2191551652,217.0,25.1146483577,106.0
2016-10-18,1,0,18.0,24.0,1,167.0,155.615384615,85.0,1.07614002285,217.0,28.4997664269,115.0
2016-10-19,2,0,19.0,22.0,0,166.0,152.461538462,85.0,0.893727319855,217.0,30.4823161461,138.0
2016-10-20,3,0,19.0,22.0,0,166.0,150.153846154,85.0,0.740511551155,217.0,30.3539280283,122.0
2016-10-21,4,0,20.0,22.0,0,166.0,145.692307692,85.0,0.791389680279,217.0,29.8982495381,195.0
2016-10-22,5,1,19.0,22.0,0,167.0,150.076923077,85.0,0.966953564977,217.0,32.5138113575,231.0
2016-10-23,6,1,16.0,22.0,1,168.0,156.538461538,85.0,1.15174443043,231.0,38.9666827798,170.0
2016-10-24,0,0,17.0,23.0,1,168.0,159.846153846,85.0,1.25262715427,231.0,38.1350760281,113.0
2016-10-25,1,0,16.0,19.0,1,168.0,157.923076923,85.0,1.10288595644,231.0,39.7829912215,116.0
2016-10-26,2,0,17.0,20.0,0,167.0,156.153846154,85.0,0.867297032931,231.0,41.0756266001,118.0
2016-10-27,3,0,16.0,19.0,0,158.0,154.384615385,106.0,0.766766103193,231.0,42.1709678872,124.0
2016-10-28,4,0,14.0,18.0,0,158.0,150.769230769,106.0,0.806033997523,231.0,42.6039973678,138.0
2016-10-29,5,1,9.0,13.0,0,156.0,145.846153846,106.0,0.855566813014,231.0,40.0189304317,242.0
2016-10-30,6,1,13.0,18.0,1,156.0,148.307692308,106.0,1.09947643979,242.0,44.6100792602,177.0
2016-10-31,0,0,11.0,16.0,0,156.0,153.769230769,106.0,1.19553552264,242.0,43.4266027049,127.0
