time_stamp,dayofweek,holiday,lt,ht,sunny,m2M,w2A,m1L,d3w3,m1Lar,w2Std,pay_sum
2016-08-01,0,0,27.0,35.0,1,62.0,76.6923076923,53.0,0.9510991476,90.0,9.96443379367,70.0
2016-08-02,1,0,26.0,36.0,0,63.0,76.0769230769,53.0,0.983827493261,90.0,10.1106306466,79.0
2016-08-03,2,0,25.0,30.0,0,63.0,75.3846153846,53.0,0.986507409865,90.0,9.56386196164,70.0
2016-08-04,3,0,25.0,32.0,0,64.0,74.4615384615,54.0,0.965608465608,90.0,9.45934934025,69.0
2016-08-05,4,0,26.0,32.0,0,65.0,72.8461538462,54.0,0.954883924661,90.0,8.40188764364,69.0
2016-08-06,5,1,26.0,34.0,0,65.0,71.5384615385,54.0,0.921985815603,90.0,7.53060815417,77.0
2016-08-07,6,1,26.0,34.0,0,66.0,71.6923076923,54.0,0.957470496549,90.0,7.61965692126,71.0
2016-08-08,0,0,26.0,34.0,1,66.0,73.0,54.0,0.963160230803,90.0,5.68398560059,54.0
2016-08-09,1,0,27.0,34.0,1,66.0,70.4615384615,54.0,0.911141181777,90.0,6.2093649448,65.0
2016-08-10,2,0,27.0,34.0,1,66.0,69.6923076923,54.0,0.870561282932,90.0,6.21888705582,69.0
2016-08-11,3,0,27.0,35.0,1,66.0,69.6153846154,54.0,0.86916319926,90.0,6.22078972897,66.0
2016-08-12,4,0,28.0,35.0,1,66.0,69.8461538462,54.0,0.940291490362,90.0,6.0236221386,63.0
2016-08-13,5,1,28.0,36.0,1,66.0,68.9230769231,54.0,0.94623655914,90.0,6.08227612331,83.0
2016-08-14,6,1,27.0,36.0,1,67.0,69.6153846154,54.0,1.00736516987,90.0,7.05515045403,57.0
2016-08-15,0,0,27.0,36.0,1,67.0,68.6153846154,54.0,0.962541488857,90.0,7.81062847406,64.0
2016-08-16,1,0,27.0,36.0,1,67.0,67.4615384615,54.0,0.983369486623,90.0,7.28132896381,68.0
2016-08-17,2,0,27.0,35.0,1,68.0,67.3076923077,54.0,0.915697674419,90.0,7.24711736204,75.0
2016-08-18,3,0,27.0,36.0,1,69.0,67.7692307692,54.0,0.999275887038,90.0,7.52589218993,85.0
2016-08-19,4,0,29.0,37.0,1,69.0,69.0,54.0,1.08339272986,90.0,8.82304674396,86.0
2016-08-20,5,1,27.0,36.0,0,69.0,69.6923076923,54.0,1.15983026874,90.0,9.73008510821,81.0
2016-08-21,6,1,27.0,33.0,0,70.0,70.4615384615,54.0,1.18226600985,87.0,10.1875896192,72.0
2016-08-22,0,0,27.0,34.0,1,70.0,71.8461538462,54.0,1.11970016397,87.0,9.01149824345,72.0
2016-08-23,1,0,25.0,34.0,1,70.0,72.3846153846,54.0,1.0593220339,87.0,8.79281578719,54.0
2016-08-24,2,0,24.0,34.0,1,69.0,71.2307692308,54.0,0.942857142857,87.0,10.0548790006,77.0
2016-08-25,3,0,25.0,34.0,1,69.0,72.0769230769,54.0,0.961174242424,86.0,10.0419239534,73.0
2016-08-26,4,0,23.0,29.0,1,70.0,72.8461538462,54.0,0.963172804533,86.0,9.69413902113,81.0
2016-08-27,5,1,20.0,29.0,1,70.0,72.6923076923,54.0,1.08757062147,86.0,9.5465226483,159.0
2016-08-28,6,1,19.0,30.0,1,70.0,80.5384615385,54.0,1.38741134752,159.0,24.1585002865,82.0
2016-08-29,0,0,20.0,31.0,1,71.0,81.9230769231,54.0,1.40121845083,159.0,23.6820657183,68.0
2016-08-30,1,0,21.0,31.0,1,71.0,81.9230769231,54.0,1.34201954397,159.0,23.6820657183,69.0
2016-08-31,2,0,22.0,32.0,1,71.0,81.4615384615,54.0,0.951140065147,159.0,23.8702111899,51.0
2016-09-01,3,0,22.0,33.0,1,71.0,78.8461538462,51.0,0.824561403509,159.0,25.1666634011,68.0
2016-09-02,4,0,22.0,34.0,1,71.0,77.4615384615,51.0,0.821857923497,159.0,25.2300656562,77.0
2016-09-03,5,1,23.0,34.0,1,72.0,77.1538461538,51.0,0.860215053763,159.0,25.2094187339,74.0
2016-09-04,6,1,22.0,33.0,1,72.0,77.3076923077,51.0,0.950520833333,159.0,25.1835862766,58.0
2016-09-05,0,0,24.0,33.0,1,72.0,76.2307692308,51.0,0.910675381264,159.0,25.6819417135,55.0
2016-09-06,1,0,22.0,26.0,0,72.0,76.3076923077,51.0,0.821797407163,159.0,25.6166550851,58.0
2016-09-07,2,0,20.0,26.0,1,72.0,74.8461538462,51.0,0.76,159.0,26.0734057079,81.0
2016-09-08,3,0,21.0,30.0,1,72.0,75.4615384615,51.0,0.864527629234,159.0,26.1169422896,72.0
2016-09-09,4,0,23.0,32.0,1,72.0,74.7692307692,51.0,0.949167791273,159.0,26.0802130895,66.0
2016-09-10,5,1,21.0,30.0,1,72.0,67.6153846154,51.0,0.995228357192,159.0,9.44244477419,66.0
2016-09-11,6,1,20.0,28.0,1,72.0,66.3846153846,51.0,0.930869267625,159.0,8.48109627836,75.0
2016-09-12,0,0,20.0,30.0,1,72.0,66.9230769231,51.0,0.94262295082,159.0,8.78338937962,73.0
2016-09-13,1,0,21.0,30.0,1,72.0,67.2307692308,51.0,0.962013935716,159.0,8.91976065696,52.0
2016-09-14,2,0,22.0,28.0,1,72.0,67.3076923077,51.0,0.914494741655,159.0,8.78271567766,50.0
2016-09-15,3,1,21.0,23.0,0,72.0,65.9230769231,50.0,0.813008130081,159.0,9.9108451744,55.0
2016-09-16,4,1,21.0,23.0,0,72.0,64.2307692308,50.0,0.74284362432,159.0,9.75195322569,56.0
2016-09-17,5,1,21.0,27.0,1,71.0,62.8461538462,50.0,0.821847881572,159.0,9.5421828969,54.0
2016-09-18,6,0,20.0,28.0,1,70.0,62.5384615385,50.0,0.860719874804,159.0,9.75559314615,52.0
2016-09-19,0,0,17.0,26.0,1,70.0,62.3076923077,50.0,0.855784469097,159.0,9.96443379367,57.0
2016-09-20,1,0,18.0,26.0,1,70.0,62.2307692308,50.0,0.869333333333,159.0,10.0011833619,67.0
2016-09-21,2,0,17.0,24.0,1,69.0,61.1538461538,50.0,0.926803580832,159.0,8.57407679575,68.0
2016-09-22,3,0,19.0,27.0,1,69.0,60.8461538462,50.0,1.01105845182,159.0,8.24477600429,71.0
2016-09-23,4,0,19.0,28.0,1,69.0,61.2307692308,50.0,1.08994708995,159.0,8.58580085556,70.0
2016-09-24,5,1,21.0,29.0,1,69.0,61.5384615385,50.0,1.1093418259,159.0,8.81969286588,88.0
2016-09-25,6,1,21.0,28.0,1,69.0,62.5384615385,50.0,1.18714359772,159.0,10.8032429933,79.0
2016-09-26,0,0,23.0,30.0,1,69.0,63.0,50.0,1.20610687023,88.0,11.354429837,50.0
2016-09-27,1,0,23.0,30.0,0,69.0,62.8461538462,50.0,1.11111111111,88.0,11.5148476315,65.0
2016-09-28,2,0,19.0,23.0,0,69.0,64.0,50.0,1.0057024365,88.0,10.9051857812,74.0
2016-09-29,3,0,17.0,19.0,0,69.0,65.4615384615,50.0,0.978260869565,88.0,10.8742135674,86.0
2016-09-30,4,0,18.0,21.0,0,69.0,67.7692307692,50.0,1.14678899083,88.0,11.7679737891,91.0
2016-10-01,5,1,20.0,24.0,0,69.0,70.6153846154,50.0,1.25531382846,91.0,12.5424722231,58.0
2016-10-02,6,1,20.0,24.0,0,69.0,71.0769230769,50.0,1.19047619048,91.0,11.9451408754,65.0
2016-10-03,0,1,18.0,26.0,1,69.0,71.6923076923,50.0,1.09072375127,91.0,11.3976017409,61.0
2016-10-04,1,1,20.0,25.0,1,68.0,71.2307692308,50.0,0.931409769679,91.0,11.6958496659,61.0
2016-10-05,2,1,20.0,26.0,1,68.0,70.6923076923,50.0,0.93875502008,91.0,11.9896404988,61.0
2016-10-06,3,1,19.0,25.0,1,68.0,69.9230769231,50.0,0.914542728636,91.0,12.2628992585,67.0
2016-10-07,4,1,17.0,20.0,0,68.0,69.6923076923,50.0,0.936802973978,91.0,12.2874834088,46.0
2016-10-08,5,0,14.0,22.0,1,68.0,66.4615384615,46.0,0.867614061331,91.0,12.5674511498,65.0
2016-10-09,6,0,13.0,21.0,1,68.0,65.3846153846,46.0,0.879012345679,91.0,12.0354505942,57.0
2016-10-10,0,0,16.0,21.0,1,68.0,65.9230769231,46.0,0.82962962963,91.0,11.4788202185,65.0
2016-10-11,1,0,16.0,20.0,1,68.0,65.9230769231,46.0,0.924826904055,91.0,11.4788202185,76.0
2016-10-12,2,0,16.0,19.0,1,68.0,66.0769230769,46.0,0.973451327434,91.0,11.5988165077,50.0
2016-10-13,3,0,17.0,20.0,1,68.0,63.3076923077,46.0,0.953807740325,91.0,10.7802141793,52.0
2016-10-14,4,0,16.0,18.0,1,68.0,60.3076923077,46.0,0.901037711972,91.0,7.61965692126,71.0
2016-10-15,5,1,18.0,21.0,0,68.0,61.3076923077,46.0,0.887179487179,91.0,8.08973343085,68.0
2016-10-16,6,1,17.0,23.0,1,68.0,61.5384615385,46.0,0.987845875356,91.0,8.2332850217,72.0
2016-10-17,0,0,18.0,22.0,1,68.0,62.3846153846,46.0,1.07297228579,91.0,8.68720067808,55.0
2016-10-18,1,0,18.0,23.0,1,67.0,61.9230769231,46.0,0.999231360492,91.0,8.9051544146,51.0
2016-10-19,2,0,19.0,22.0,1,67.0,61.1538461538,46.0,0.928534167971,91.0,9.37136517307,68.0
2016-10-20,3,0,19.0,21.0,0,67.0,61.2307692308,46.0,0.920634920635,91.0,9.42299842981,78.0
2016-10-21,4,0,19.0,21.0,0,67.0,63.6923076923,46.0,1.05319433307,91.0,9.30165093191,68.0
2016-10-22,5,1,18.0,21.0,0,67.0,63.9230769231,46.0,1.13497745956,91.0,9.36820759855,82.0
2016-10-23,6,1,15.0,18.0,1,67.0,65.8461538462,46.0,1.19309262166,91.0,10.2720393739,85.0
2016-10-24,0,0,16.0,20.0,1,67.0,67.3846153846,46.0,1.20698510529,91.0,11.4592150459,75.0
2016-10-25,1,0,14.0,17.0,1,67.0,67.3076923077,46.0,1.22967479675,91.0,11.404348802,69.0
2016-10-26,2,0,16.0,18.0,0,67.0,68.7692307692,46.0,1.15656565657,91.0,10.2518579641,70.0
2016-10-27,3,0,15.0,17.0,0,67.0,70.1538461538,46.0,1.07835726883,91.0,9.03707026935,75.0
2016-10-28,4,0,11.0,15.0,0,67.0,70.4615384615,46.0,1.05522682446,91.0,9.12827715327,56.0
2016-10-29,5,1,8.0,12.0,0,67.0,69.5384615385,46.0,0.997766195086,91.0,9.90427556948,77.0
2016-10-30,6,1,10.0,17.0,1,67.0,69.9230769231,46.0,1.0173636586,85.0,10.0877804105,67.0
2016-10-31,0,0,10.0,15.0,0,67.0,70.8461538462,46.0,0.976800976801,85.0,9.18900809786,63.0
