time_stamp,dayofweek,holiday,lt,ht,sunny,m2M,w2A,m1L,d3w3,m1Lar,w2Std,pay_sum
2016-08-01,0,0,28.0,34.0,1,90.0,41.5384615385,28.0,0.380434782609,208.0,25.1659580344,28.0
2016-08-02,1,0,28.0,34.0,0,90.0,36.9230769231,28.0,0.397727272727,208.0,21.4492658596,28.0
2016-08-03,2,0,26.0,32.0,0,89.0,33.3846153846,28.0,0.408163265306,208.0,18.6528548507,28.0
2016-08-04,3,0,27.0,32.0,0,88.0,28.0,28.0,0.427480916031,208.0,0.0,28.0
2016-08-05,4,0,27.0,33.0,0,88.0,28.0,28.0,0.481099656357,208.0,0.0,28.0
2016-08-06,5,1,27.0,33.0,1,88.0,28.0,28.0,0.569105691057,208.0,0.0,28.0
2016-08-07,6,1,27.0,34.0,1,88.0,28.0,28.0,0.695652173913,208.0,0.0,28.0
2016-08-08,0,0,27.0,34.0,0,87.0,28.0,28.0,0.760869565217,208.0,0.0,28.0
2016-08-09,1,0,28.0,34.0,1,84.0,28.0,28.0,0.828402366864,208.0,0.0,28.0
2016-08-10,2,0,28.0,34.0,1,81.0,28.0,28.0,0.888888888889,208.0,0.0,28.0
2016-08-11,3,0,28.0,35.0,1,81.0,28.0,28.0,1.0,208.0,0.0,28.0
2016-08-12,4,0,28.0,34.0,1,81.0,28.0,28.0,1.0,208.0,0.0,28.0
2016-08-13,5,1,28.0,35.0,1,81.0,28.0,28.0,1.0,208.0,0.0,28.0
2016-08-14,6,1,28.0,36.0,1,81.0,28.0,28.0,1.0,208.0,0.0,28.0
2016-08-15,0,0,28.0,35.0,1,81.0,28.0,28.0,1.0,207.0,0.0,28.0
2016-08-16,1,0,28.0,35.0,1,78.0,28.0,28.0,1.0,98.0,0.0,28.0
2016-08-17,2,0,28.0,35.0,1,76.0,28.0,28.0,1.0,98.0,0.0,28.0
2016-08-18,3,0,28.0,36.0,1,74.0,28.0,28.0,1.0,98.0,0.0,28.0
2016-08-19,4,0,29.0,36.0,1,67.0,28.0,28.0,1.0,98.0,0.0,28.0
2016-08-20,5,1,28.0,37.0,0,64.0,28.0,28.0,1.0,28.0,0.0,28.0
2016-08-21,6,1,28.0,35.0,0,28.0,28.0,28.0,1.0,28.0,0.0,28.0
2016-08-22,0,0,28.0,35.0,1,28.0,28.0,28.0,1.0,28.0,0.0,28.0
2016-08-23,1,0,26.0,34.0,1,28.0,28.0,28.0,1.0,28.0,0.0,28.0
2016-08-24,2,0,26.0,34.0,1,28.0,28.0,28.0,1.0,28.0,0.0,28.0
2016-08-25,3,0,27.0,35.0,1,28.0,28.0,28.0,1.0,28.0,0.0,28.0
2016-08-26,4,0,26.0,34.0,0,28.0,28.0,28.0,1.0,28.0,0.0,28.0
2016-08-27,5,1,23.0,31.0,1,28.0,28.0,28.0,1.0,28.0,0.0,28.0
2016-08-28,6,1,22.0,30.0,1,28.0,28.0,28.0,1.0,28.0,0.0,28.0
2016-08-29,0,0,23.0,31.0,1,28.0,28.0,28.0,1.0,28.0,0.0,28.0
2016-08-30,1,0,23.0,31.0,1,28.0,28.0,28.0,1.0,28.0,0.0,28.0
2016-08-31,2,0,25.0,34.0,1,28.0,28.0,28.0,1.0,28.0,0.0,28.0
2016-09-01,3,0,26.0,33.0,1,28.0,28.0,28.0,1.0,28.0,0.0,87.0
2016-09-02,4,0,25.0,34.0,1,28.0,32.5384615385,28.0,1.54011847065,87.0,15.7216919456,143.0
2016-09-03,5,1,25.0,35.0,1,28.0,41.3846153846,28.0,2.34332425068,143.0,33.2555107326,197.0
2016-09-04,6,1,25.0,33.0,1,28.0,54.3846153846,28.0,3.15245478036,197.0,52.7819002508,173.0
2016-09-05,0,0,25.0,30.0,0,28.0,65.5384615385,28.0,3.26335877863,197.0,60.7474157533,72.0
2016-09-06,1,0,22.0,27.0,0,28.0,68.9230769231,28.0,2.69841269841,197.0,59.7796743673,95.0
2016-09-07,2,0,20.0,24.0,0,28.0,74.0769230769,28.0,1.95570894449,197.0,58.9112259623,86.0
2016-09-08,3,0,22.0,29.0,1,28.0,78.5384615385,28.0,1.3859216653,197.0,57.4303797716,90.0
2016-09-09,4,0,23.0,31.0,1,28.0,83.3076923077,28.0,1.41256189732,197.0,55.5799972533,157.0
2016-09-10,5,1,24.0,29.0,1,28.0,93.2307692308,28.0,1.57670454545,197.0,56.3302813034,178.0
2016-09-11,6,1,23.0,26.0,0,28.0,104.769230769,28.0,1.81857081729,197.0,57.1437510496,152.0
2016-09-12,0,0,23.0,29.0,1,28.0,114.307692308,28.0,1.93024177566,197.0,53.7835900272,79.0
2016-09-13,1,0,23.0,30.0,1,28.0,118.230769231,28.0,1.57337949606,197.0,48.9916065749,76.0
2016-09-14,2,0,22.0,24.0,0,28.0,121.923076923,28.0,1.14916713457,197.0,43.5597936325,155.0
2016-09-15,3,1,23.0,26.0,0,28.0,127.153846154,28.0,1.08315863033,197.0,43.1327934387,172.0
2016-09-16,4,1,23.0,27.0,0,28.0,129.384615385,28.0,1.30929174789,197.0,44.6189653735,217.0
2016-09-17,5,1,23.0,27.0,0,28.0,130.923076923,28.0,1.61832515246,217.0,47.1942981211,183.0
2016-09-18,6,0,23.0,28.0,0,28.0,131.692307692,28.0,1.59154145799,217.0,47.9493075516,88.0
2016-09-19,0,0,21.0,27.0,0,28.0,132.923076923,28.0,1.32464712269,217.0,46.587323364,73.0
2016-09-20,1,0,20.0,26.0,1,28.0,131.230769231,28.0,0.916966546715,217.0,48.3021799893,93.0
2016-09-21,2,0,20.0,27.0,1,28.0,131.769230769,28.0,0.659911665368,217.0,47.8316822042,95.0
2016-09-22,3,0,21.0,27.0,1,28.0,132.153846154,28.0,0.675990675991,217.0,47.5133117442,100.0
2016-09-23,4,0,21.0,27.0,1,28.0,127.769230769,28.0,0.758593441328,217.0,47.6479943014,144.0
2016-09-24,5,1,22.0,28.0,1,28.0,125.153846154,28.0,0.91202582728,217.0,45.7128935756,175.0
2016-09-25,6,1,23.0,29.0,1,28.0,126.923076923,28.0,1.12634408602,217.0,47.1404799729,160.0
2016-09-26,0,0,24.0,31.0,1,28.0,133.153846154,28.0,1.24350986501,217.0,45.7263535424,102.0
2016-09-27,1,0,25.0,30.0,0,28.0,135.153846154,28.0,1.13139158576,217.0,43.706796081,93.0
2016-09-28,2,0,22.0,28.0,0,28.0,130.384615385,28.0,0.916602117222,217.0,44.6534320527,80.0
2016-09-29,3,0,22.0,25.0,0,28.0,123.307692308,28.0,0.712804561949,217.0,44.7873344311,122.0
2016-09-30,4,0,23.0,28.0,0,28.0,116.0,72.0,0.77519379845,217.0,35.7405178388,267.0
2016-10-01,5,1,24.0,29.0,0,72.0,122.461538462,72.0,1.19065752729,267.0,51.4222570558,167.0
2016-10-02,6,1,24.0,32.0,1,73.0,128.538461538,72.0,1.40350877193,267.0,51.6580701635,181.0
2016-10-03,0,1,22.0,26.0,1,76.0,136.846153846,72.0,1.49471381699,267.0,50.734370316,191.0
2016-10-04,1,1,22.0,26.0,1,79.0,144.384615385,72.0,1.25728947982,267.0,50.9396905272,149.0
2016-10-05,2,1,22.0,27.0,1,80.0,148.538461538,73.0,1.21785881253,267.0,48.9043263536,144.0
2016-10-06,3,1,22.0,26.0,0,86.0,151.923076923,73.0,1.14258734655,267.0,46.9098341969,159.0
2016-10-07,4,1,20.0,25.0,0,87.0,153.076923077,73.0,1.08941913714,267.0,46.885230639,125.0
2016-10-08,5,0,17.0,22.0,0,88.0,149.230769231,73.0,1.05366814377,267.0,46.9797891834,51.0
2016-10-09,6,0,18.0,22.0,1,88.0,140.846153846,51.0,0.836141270436,267.0,53.5735958987,96.0
2016-10-10,0,0,18.0,22.0,1,90.0,140.384615385,51.0,0.673100717644,267.0,53.9309222867,91.0
2016-10-11,1,0,19.0,25.0,1,91.0,140.230769231,51.0,0.589400693413,267.0,54.0685517101,86.0
2016-10-12,2,0,19.0,23.0,1,91.0,140.692307692,51.0,0.678345136042,267.0,53.5758048367,100.0
2016-10-13,3,0,19.0,23.0,1,93.0,139.0,51.0,0.688284258914,267.0,54.4793538875,107.0
2016-10-14,4,0,19.0,23.0,0,93.0,126.692307692,51.0,0.738221214412,267.0,40.4349137321,139.0
2016-10-15,5,1,21.0,25.0,1,95.0,124.538461538,51.0,0.883780332056,267.0,38.9489120705,174.0
2016-10-16,6,1,20.0,26.0,1,95.0,124.0,51.0,1.06707317073,267.0,38.2059197991,175.0
2016-10-17,0,0,20.0,25.0,1,96.0,122.769230769,51.0,1.20627858114,267.0,36.2346070154,66.0
2016-10-18,1,0,20.0,25.0,1,96.0,116.384615385,51.0,1.03620474407,267.0,38.3035215524,88.0
2016-10-19,2,0,20.0,24.0,0,96.0,112.076923077,51.0,0.819019168534,267.0,38.1040307548,86.0
2016-10-20,3,0,20.0,23.0,0,96.0,106.461538462,51.0,0.605601816805,267.0,36.101598909,97.0
2016-10-21,4,0,0.0,21.0,0,97.0,104.307692308,51.0,0.730852211435,267.0,35.7650121582,109.0
2016-10-22,5,1,19.0,23.0,0,100.0,108.769230769,51.0,0.80640706987,267.0,32.2851569757,171.0
2016-10-23,6,1,18.0,23.0,1,100.0,114.538461538,51.0,1.04547975596,267.0,35.9778038082,190.0
2016-10-24,0,0,20.0,24.0,1,102.0,122.153846154,51.0,1.30392564849,267.0,40.3958226208,84.0
2016-10-25,1,0,18.0,22.0,1,102.0,122.0,51.0,1.26889078985,267.0,40.5367829166,80.0
2016-10-26,2,0,19.0,21.0,0,102.0,120.461538462,51.0,1.03781882146,267.0,41.7052208217,59.0
2016-10-27,3,0,18.0,22.0,0,102.0,116.769230769,51.0,0.683839313094,267.0,44.7474173662,89.0
2016-10-28,4,0,15.0,20.0,0,102.0,112.923076923,51.0,0.710944808232,267.0,44.8200874239,160.0
2016-10-29,5,1,13.0,17.0,1,107.0,111.846153846,51.0,0.913811007269,267.0,43.4880109983,209.0
2016-10-30,6,1,14.0,18.0,1,109.0,114.461538462,51.0,1.29378531073,209.0,47.9961783489,197.0
2016-10-31,0,0,13.0,17.0,0,122.0,124.538461538,51.0,1.53014328197,209.0,50.4527431359,113.0
