time_stamp,dayofweek,holiday,lt,ht,sunny,m2M,w2A,m1L,d3w3,m1Lar,w2Std,pay_sum
2016-08-01,0,0,28.0,34.0,1,87.0,110.307692308,80.0,1.09990834097,141.0,17.4328805836,108.0
2016-08-02,1,0,27.0,35.0,0,87.0,111.769230769,80.0,1.16406966086,141.0,16.3479184568,98.0
2016-08-03,2,0,26.0,32.0,0,88.0,111.846153846,80.0,1.03984002461,141.0,16.280456211,99.0
2016-08-04,3,0,27.0,32.0,0,88.0,111.153846154,80.0,0.931866788879,141.0,16.6171651468,106.0
2016-08-05,4,0,27.0,33.0,0,89.0,110.153846154,80.0,0.921112631099,141.0,16.5056920431,108.0
2016-08-06,5,1,27.0,33.0,0,95.0,109.461538462,84.0,0.955433455433,141.0,16.3923780816,120.0
2016-08-07,6,1,27.0,35.0,1,96.0,108.538461538,84.0,1.0200030539,141.0,15.405370615,112.0
2016-08-08,0,0,27.0,34.0,0,97.0,108.692307692,84.0,1.03737604882,141.0,15.4291662639,105.0
2016-08-09,1,0,27.0,33.0,0,97.0,108.846153846,84.0,1.02074814478,141.0,15.3815381538,87.0
2016-08-10,2,0,28.0,34.0,1,97.0,106.692307692,84.0,0.924996196562,141.0,16.3018857587,106.0
2016-08-11,3,0,28.0,36.0,1,98.0,108.384615385,84.0,0.907568143749,141.0,14.9436812555,82.0
2016-08-12,4,0,28.0,35.0,1,98.0,108.0,82.0,0.851920693928,141.0,15.5415076984,117.0
2016-08-13,5,1,28.0,35.0,1,98.0,106.153846154,82.0,0.944857496902,141.0,12.6724786832,112.0
2016-08-14,6,1,28.0,36.0,1,99.0,104.615384615,82.0,0.972482801751,141.0,10.4626696221,145.0
2016-08-15,0,0,27.0,35.0,1,99.0,107.461538462,82.0,1.15059221658,145.0,15.0313282315,89.0
2016-08-16,1,0,28.0,36.0,1,99.0,106.769230769,82.0,1.0713732776,145.0,15.6458588581,88.0
2016-08-17,2,0,28.0,35.0,1,99.0,105.923076923,82.0,1.00972091565,145.0,16.3258244624,108.0
2016-08-18,3,0,28.0,35.0,1,99.0,106.076923077,82.0,0.883720930233,145.0,16.3352452288,110.0
2016-08-19,4,0,29.0,37.0,1,101.0,106.230769231,82.0,0.938794293603,145.0,16.3620284907,119.0
2016-08-20,5,1,28.0,37.0,0,103.0,106.153846154,82.0,1.04447543778,145.0,16.2993447431,121.0
2016-08-21,6,1,27.0,34.0,0,105.0,106.846153846,82.0,1.09034267913,145.0,16.7186959091,132.0
2016-08-22,0,0,28.0,35.0,1,106.0,108.923076923,82.0,1.146025878,145.0,17.9891486029,93.0
2016-08-23,1,0,26.0,34.0,1,106.0,109.384615385,82.0,1.06839586228,145.0,17.4908259977,106.0
2016-08-24,2,0,25.0,34.0,1,106.0,109.384615385,82.0,1.01877500769,145.0,17.4908259977,115.0
2016-08-25,3,0,26.0,35.0,1,106.0,111.923076923,82.0,0.96245210728,145.0,15.6276950338,99.0
2016-08-26,4,0,25.0,32.0,0,106.0,110.538461538,82.0,0.984918436442,145.0,15.9113669316,113.0
2016-08-27,5,1,24.0,30.0,1,106.0,110.615384615,82.0,1.00972672534,145.0,15.9206612809,124.0
2016-08-28,6,1,22.0,30.0,1,106.0,109.0,82.0,1.03178258867,145.0,13.1792377508,130.0
2016-08-29,0,0,22.0,32.0,1,108.0,112.153846154,82.0,1.11414693382,145.0,12.9189553867,117.0
2016-08-30,1,0,23.0,31.0,1,108.0,114.384615385,82.0,1.11111111111,145.0,10.9019296918,128.0
2016-08-31,2,0,23.0,33.0,1,108.0,115.923076923,82.0,1.11209964413,145.0,11.2964360511,98.0
2016-09-01,3,0,24.0,34.0,1,108.0,115.0,82.0,1.01001177856,145.0,12.1970992768,110.0
2016-09-02,4,0,24.0,34.0,1,108.0,114.307692308,82.0,0.992467877714,145.0,12.2058284652,118.0
2016-09-03,5,1,23.0,34.0,1,108.0,114.076923077,82.0,0.960377080572,145.0,12.1050627581,165.0
2016-09-04,6,1,24.0,33.0,1,110.0,116.615384615,82.0,1.14761279019,165.0,17.7440714326,138.0
2016-09-05,0,0,25.0,31.0,1,110.0,120.076923077,82.0,1.20354488279,165.0,17.1798698771,111.0
2016-09-06,1,0,22.0,26.0,0,110.0,120.461538462,82.0,1.17197452229,165.0,16.9143334056,84.0
2016-09-07,2,0,21.0,24.0,0,110.0,118.076923077,82.0,0.952380952381,165.0,19.5032996753,121.0
2016-09-08,3,0,23.0,30.0,1,110.0,119.769230769,82.0,0.89951608312,165.0,18.7130306149,98.0
2016-09-09,4,0,23.0,32.0,1,110.0,118.615384615,82.0,0.870314519604,165.0,19.5390672226,118.0
2016-09-10,5,1,23.0,29.0,1,110.0,118.153846154,84.0,0.96922634455,165.0,19.4771904223,114.0
2016-09-11,6,1,21.0,26.0,0,110.0,116.923076923,84.0,0.95652173913,165.0,19.19319406,107.0
2016-09-12,0,0,22.0,29.0,1,110.0,116.153846154,84.0,0.976663785653,165.0,19.3742340944,129.0
2016-09-13,1,0,22.0,29.0,1,111.0,116.230769231,84.0,0.998431036942,165.0,19.4230388423,102.0
2016-09-14,2,0,22.0,24.0,0,110.0,116.538461538,84.0,0.96959265634,165.0,19.161722199,61.0
2016-09-15,3,1,20.0,24.0,0,110.0,112.769230769,61.0,0.851560221639,165.0,24.2269838313,69.0
2016-09-16,4,1,22.0,26.0,0,110.0,109.0,61.0,0.68986024383,165.0,26.7955220139,98.0
2016-09-17,5,1,22.0,27.0,1,110.0,103.846153846,61.0,0.685920577617,165.0,21.4362961563,126.0
2016-09-18,6,0,22.0,27.0,1,110.0,102.923076923,61.0,0.883062085594,165.0,20.1664669819,102.0
2016-09-19,0,0,20.0,27.0,1,110.0,102.230769231,61.0,0.98922773479,165.0,20.0313363975,79.0
2016-09-20,1,0,19.0,26.0,1,110.0,101.846153846,61.0,0.952824332713,165.0,20.4218817556,101.0
2016-09-21,2,0,19.0,26.0,1,110.0,100.307692308,61.0,0.874012087401,165.0,19.6601299604,106.0
2016-09-22,3,0,20.0,27.0,1,108.0,100.923076923,61.0,0.888060860115,165.0,19.7034223441,99.0
2016-09-23,4,0,20.0,28.0,1,108.0,99.4615384615,61.0,0.958646616541,165.0,19.0772332481,116.0
2016-09-24,5,1,21.0,28.0,1,108.0,99.6153846154,61.0,1.02934102934,165.0,19.2015162123,137.0
2016-09-25,6,1,22.0,29.0,1,108.0,101.923076923,61.0,1.12929098492,165.0,21.6029255087,158.0
2016-09-26,0,0,24.0,30.0,1,110.0,104.153846154,61.0,1.28941176471,165.0,25.4402653404,127.0
2016-09-27,1,0,24.0,31.0,0,110.0,106.076923077,61.0,1.29766297663,165.0,26.1400416057,125.0
2016-09-28,2,0,22.0,27.0,0,110.0,111.0,61.0,1.2584407612,165.0,23.0284105467,86.0
2016-09-29,3,0,22.0,24.0,0,110.0,112.307692308,61.0,1.04320987654,165.0,20.9995773415,96.0
2016-09-30,4,0,22.0,26.0,0,110.0,112.153846154,61.0,0.957280947926,165.0,21.1108654264,109.0
2016-10-01,5,1,23.0,26.0,1,110.0,110.846153846,61.0,0.909517112049,165.0,20.7358706439,147.0
2016-10-02,6,1,23.0,30.0,0,110.0,114.307692308,61.0,1.07992023316,165.0,22.6389202494,125.0
2016-10-03,0,1,20.0,25.0,1,111.0,117.846153846,61.0,1.17104656524,158.0,20.3199263848,90.0
2016-10-04,1,1,22.0,27.0,1,111.0,117.0,61.0,1.11883789213,158.0,21.2132034356,90.0
2016-10-05,2,1,22.0,27.0,1,110.0,115.769230769,61.0,0.930161634645,158.0,22.2543127926,115.0
2016-10-06,3,1,21.0,26.0,1,110.0,117.0,61.0,0.881123058542,158.0,21.7291013655,95.0
2016-10-07,4,1,20.0,23.0,0,110.0,115.384615385,61.0,0.897263346792,158.0,22.5099583485,122.0
2016-10-08,5,0,17.0,22.0,1,111.0,114.230769231,61.0,0.994756554307,158.0,21.743801402,112.0
2016-10-09,6,0,16.0,21.0,1,112.0,110.692307692,61.0,0.981357196122,158.0,17.6999983285,93.0
2016-10-10,0,0,15.0,22.0,1,112.0,108.076923077,61.0,0.969319697643,158.0,17.6088331788,78.0
2016-10-11,1,0,17.0,23.0,1,111.0,104.461538462,61.0,0.847559149446,158.0,18.5622254328,107.0
2016-10-12,2,0,18.0,21.0,1,110.0,106.076923077,61.0,0.832210746894,158.0,17.7827121686,114.0
2016-10-13,3,0,18.0,22.0,1,110.0,107.461538462,61.0,0.889087124591,158.0,17.644416788,99.0
2016-10-14,4,0,18.0,21.0,0,110.0,106.692307692,69.0,0.958801498127,158.0,17.7780530879,98.0
2016-10-15,5,1,20.0,24.0,1,110.0,102.923076923,78.0,0.94845989631,158.0,13.5161529487,122.0
2016-10-16,6,1,19.0,25.0,1,111.0,102.692307692,78.0,0.989147286822,158.0,13.1581189641,121.0
2016-10-17,0,0,19.0,24.0,1,112.0,105.076923077,78.0,1.06032338308,158.0,13.4476851795,113.0
2016-10-18,1,0,19.0,25.0,1,112.0,106.846153846,78.0,1.11319574734,158.0,12.8473053376,101.0
2016-10-19,2,0,19.0,23.0,0,111.0,105.769230769,78.0,1.04021114734,158.0,12.7046559978,87.0
2016-10-20,3,0,20.0,22.0,0,110.0,105.153846154,78.0,0.938571874026,158.0,13.3868256354,84.0
2016-10-21,4,0,19.0,22.0,0,110.0,102.230769231,78.0,0.858179523584,158.0,13.5371502862,76.0
2016-10-22,5,1,20.0,23.0,0,110.0,99.4615384615,76.0,0.806398955273,158.0,14.8718390804,99.0
2016-10-23,6,1,17.0,22.0,1,109.0,99.9230769231,76.0,0.856481481481,158.0,14.7568056709,148.0
2016-10-24,0,0,19.0,23.0,1,110.0,105.307692308,76.0,1.03825136612,158.0,18.1548239632,110.0
2016-10-25,1,0,17.0,20.0,1,110.0,105.538461538,76.0,1.13658070678,148.0,18.1938932469,83.0
2016-10-26,2,0,18.0,21.0,0,109.0,103.153846154,76.0,1.1024894924,148.0,18.9446406217,88.0
2016-10-27,3,0,18.0,21.0,0,107.0,102.307692308,76.0,0.911597729116,148.0,19.3525375612,78.0
2016-10-28,4,0,15.0,18.0,0,107.0,100.769230769,76.0,0.825459970164,148.0,20.4004292796,72.0
2016-10-29,5,1,10.0,15.0,0,106.0,96.9230769231,72.0,0.805005919161,148.0,20.7455705688,91.0
2016-10-30,6,1,14.0,18.0,1,106.0,94.6153846154,72.0,0.815981039445,148.0,19.5744671272,123.0
2016-10-31,0,0,11.0,15.0,0,106.0,95.3846153846,72.0,0.946706388613,148.0,20.4583571847,83.0
