time_stamp,dayofweek,holiday,lt,ht,sunny,m2M,w2A,m1L,d3w3,m1Lar,w2Std,pay_sum
2016-08-01,0,0,27.0,32.0,0,42.0,21.0,21.0,1.0,48.0,0.0,21.0
2016-08-02,1,0,26.0,34.0,0,39.0,21.0,21.0,1.0,48.0,0.0,21.0
2016-08-03,2,0,26.0,36.0,1,39.0,21.0,21.0,1.0,45.0,0.0,21.0
2016-08-04,3,0,26.0,37.0,1,36.0,21.0,21.0,1.0,35.0,0.0,21.0
2016-08-05,4,0,26.0,35.0,0,35.0,21.0,21.0,1.0,21.0,0.0,21.0
2016-08-06,5,1,26.0,35.0,0,21.0,21.0,21.0,1.0,21.0,0.0,21.0
2016-08-07,6,1,26.0,34.0,0,21.0,21.0,21.0,1.0,21.0,0.0,21.0
2016-08-08,0,0,26.0,35.0,0,21.0,21.0,21.0,1.0,21.0,0.0,21.0
2016-08-09,1,0,26.0,33.0,0,21.0,21.0,21.0,1.0,21.0,0.0,21.0
2016-08-10,2,0,26.0,34.0,1,21.0,21.0,21.0,1.0,21.0,0.0,21.0
2016-08-11,3,0,26.0,30.0,0,21.0,21.0,21.0,1.0,21.0,0.0,21.0
2016-08-12,4,0,26.0,32.0,0,21.0,21.0,21.0,1.0,21.0,0.0,21.0
2016-08-13,5,1,26.0,30.0,0,21.0,21.0,21.0,1.0,21.0,0.0,21.0
2016-08-14,6,1,27.0,33.0,0,21.0,21.0,21.0,1.0,21.0,0.0,21.0
2016-08-15,0,0,27.0,34.0,0,21.0,21.0,21.0,1.0,21.0,0.0,21.0
2016-08-16,1,0,26.0,34.0,1,21.0,21.0,21.0,1.0,21.0,0.0,21.0
2016-08-17,2,0,26.0,34.0,0,21.0,21.0,21.0,1.0,21.0,0.0,21.0
2016-08-18,3,0,26.0,33.0,0,21.0,21.0,21.0,1.0,21.0,0.0,21.0
2016-08-19,4,0,27.0,35.0,0,21.0,21.0,21.0,1.0,21.0,0.0,21.0
2016-08-20,5,1,27.0,36.0,0,21.0,21.0,21.0,1.0,21.0,0.0,21.0
2016-08-21,6,1,26.0,35.0,1,21.0,21.0,21.0,1.0,21.0,0.0,21.0
2016-08-22,0,0,26.0,35.0,1,21.0,21.0,21.0,1.0,21.0,0.0,21.0
2016-08-23,1,0,26.0,35.0,1,21.0,21.0,21.0,1.0,21.0,0.0,21.0
2016-08-24,2,0,27.0,36.0,1,21.0,21.0,21.0,1.0,21.0,0.0,21.0
2016-08-25,3,0,27.0,36.0,0,21.0,21.0,21.0,1.0,21.0,0.0,21.0
2016-08-26,4,0,26.0,35.0,0,21.0,21.0,21.0,1.0,21.0,0.0,7.0
2016-08-27,5,1,26.0,34.0,0,21.0,19.9230769231,7.0,0.804597701149,21.0,3.73057097015,7.0
2016-08-28,6,1,24.0,29.0,0,21.0,18.8461538462,7.0,0.595238095238,21.0,5.05121697212,27.0
2016-08-29,0,0,22.0,33.0,1,21.0,19.3076923077,7.0,0.686767169179,27.0,5.48262451729,35.0
2016-08-30,1,0,23.0,33.0,1,21.0,20.3846153846,7.0,1.11650485437,35.0,6.90081892062,40.0
2016-08-31,2,0,25.0,34.0,1,21.0,21.8461538462,7.0,1.5777262181,40.0,8.66332813865,35.0
2016-09-01,3,0,25.0,33.0,0,21.0,22.9230769231,7.0,1.64794007491,40.0,9.33530551156,22.0
2016-09-02,4,0,26.0,31.0,0,21.0,23.0,7.0,1.44992526158,40.0,9.32325463146,37.0
2016-09-03,5,1,25.0,32.0,1,21.0,24.2307692308,7.0,1.35642135642,40.0,10.0088718042,40.0
2016-09-04,6,1,24.0,33.0,1,21.0,25.6923076923,7.0,1.37214137214,40.0,10.7873473989,38.0
2016-09-05,0,0,26.0,32.0,1,21.0,27.0,7.0,1.53949129853,40.0,11.163126113,32.0
2016-09-06,1,0,25.0,32.0,0,21.0,27.8461538462,7.0,1.44073346431,40.0,11.0929371421,36.0
2016-09-07,2,0,26.0,32.0,0,21.0,29.0,7.0,1.34860050891,40.0,11.1009355115,39.0
2016-09-08,3,0,25.0,30.0,0,21.0,30.3846153846,7.0,1.31611316113,40.0,11.1392477411,45.0
2016-09-09,4,0,25.0,32.0,1,21.0,33.3076923077,7.0,1.41342756184,45.0,9.48184188034,41.0
2016-09-10,5,1,24.0,30.0,1,21.0,35.9230769231,7.0,1.4220705347,45.0,5.86333507697,28.0
2016-09-11,6,1,24.0,28.0,0,21.0,36.0,7.0,1.28161888702,45.0,5.75125404385,46.0
2016-09-12,0,0,22.0,28.0,1,21.0,36.8461538462,7.0,1.2405609493,46.0,6.32268387324,58.0
2016-09-13,1,0,25.0,31.0,1,21.0,38.2307692308,7.0,1.34351145038,58.0,8.46852858124,50.0
2016-09-14,2,0,25.0,28.0,0,21.0,39.3846153846,7.0,1.50097465887,58.0,8.95749330954,37.0
2016-09-15,3,1,24.0,27.0,0,21.0,40.5384615385,7.0,1.38095238095,58.0,7.48963781208,23.0
2016-09-16,4,1,25.0,31.0,0,21.0,39.4615384615,7.0,1.02420856611,58.0,8.81096680817,38.0
2016-09-17,5,1,24.0,31.0,0,21.0,39.3076923077,7.0,0.874609549308,58.0,8.81767992671,53.0
2016-09-18,6,0,22.0,33.0,1,21.0,40.4615384615,7.0,0.98318240621,58.0,9.5241828611,51.0
2016-09-19,0,0,21.0,31.0,1,21.0,41.9230769231,7.0,1.19983100972,58.0,9.57128348006,45.0
2016-09-20,1,0,21.0,29.0,1,21.0,42.6153846154,7.0,1.2510495382,58.0,9.44244477419,64.0
2016-09-21,2,0,22.0,28.0,1,21.0,44.5384615385,7.0,1.29607128392,64.0,10.9376933626,73.0
2016-09-22,3,0,22.0,29.0,1,21.0,46.6923076923,7.0,1.3882532418,73.0,13.3150268805,71.0
2016-09-23,4,0,22.0,29.0,1,21.0,49.0,7.0,1.52716593245,73.0,14.6602550088,71.0
2016-09-24,5,1,21.0,30.0,1,21.0,52.3076923077,7.0,1.52644657437,73.0,14.3975671844,47.0
2016-09-25,6,1,22.0,30.0,1,21.0,52.3846153846,7.0,1.32911392405,73.0,14.3662984984,88.0
2016-09-26,0,0,25.0,33.0,1,21.0,54.6923076923,22.0,1.36786188579,88.0,17.2108401233,69.0
2016-09-27,1,0,25.0,31.0,0,22.0,56.1538461538,22.0,1.31147540984,88.0,17.5536371591,49.0
2016-09-28,2,0,25.0,27.0,0,23.0,57.0769230769,22.0,1.31168417701,88.0,16.822427971,17.0
2016-09-29,3,0,25.0,30.0,0,23.0,56.6153846154,17.0,0.883218842002,88.0,17.8046599844,69.0
2016-09-30,4,0,25.0,32.0,0,27.0,59.0,17.0,0.859598853868,88.0,17.2180584986,119.0
2016-10-01,5,1,25.0,31.0,0,28.0,64.0769230769,17.0,1.20093731693,119.0,23.3418130548,39.0
2016-10-02,6,1,24.0,31.0,1,32.0,63.1538461538,17.0,1.33804892426,119.0,24.0667218497,21.0
2016-10-03,0,1,25.0,32.0,0,32.0,61.3076923077,17.0,1.09079829372,119.0,26.2132808834,21.0
2016-10-04,1,1,25.0,32.0,0,32.0,58.0,17.0,0.507042253521,119.0,28.2951477221,38.0
2016-10-05,2,1,25.0,31.0,1,35.0,55.3076923077,17.0,0.500312695435,119.0,28.4047250007,37.0
2016-10-06,3,1,24.0,28.0,0,35.0,52.6923076923,17.0,0.592592592593,119.0,28.4047250007,32.0
2016-10-07,4,1,25.0,29.0,0,35.0,49.6923076923,17.0,0.664183736809,119.0,28.3722090878,79.0
2016-10-08,5,0,22.0,31.0,0,36.0,52.1538461538,17.0,0.89696969697,119.0,29.4013242869,78.0
2016-10-09,6,0,21.0,24.0,0,37.0,51.3846153846,17.0,1.11801242236,119.0,28.5725485833,75.0
2016-10-10,0,0,18.0,21.0,0,37.0,51.8461538462,17.0,1.33679055027,119.0,28.8999498372,69.0
2016-10-11,1,0,19.0,24.0,0,37.0,53.3846153846,17.0,1.27366609294,119.0,29.2378533926,104.0
2016-10-12,2,0,20.0,23.0,1,38.0,60.0769230769,17.0,1.38586197262,119.0,30.0882331676,96.0
2016-10-13,3,0,20.0,27.0,1,38.0,62.1538461538,17.0,1.47235905857,119.0,31.5298299633,118.0
2016-10-14,4,0,21.0,28.0,1,38.0,62.0769230769,17.0,1.67588932806,119.0,31.3919674647,90.0
2016-10-15,5,1,23.0,28.0,1,39.0,66.0,17.0,1.5494393476,119.0,31.449593369,64.0
2016-10-16,6,1,24.0,28.0,1,39.0,69.3076923077,17.0,1.41225337487,119.0,28.6823038861,74.0
2016-10-17,0,0,23.0,27.0,0,40.0,73.3846153846,17.0,1.17920868891,119.0,25.064650135,92.0
2016-10-18,1,0,23.0,26.0,0,40.0,77.5384615385,17.0,1.15115115115,119.0,23.266401608,111.0
2016-10-19,2,0,23.0,26.0,0,41.0,83.2307692308,17.0,1.29499766246,119.0,21.6480727376,97.0
2016-10-20,3,0,25.0,28.0,0,45.0,88.2307692308,17.0,1.37551581843,119.0,16.0103516809,81.0
2016-10-21,4,0,25.0,32.0,0,45.0,88.3846153846,17.0,1.36064030132,119.0,15.9303216518,80.0
2016-10-22,5,1,24.0,30.0,0,46.0,88.5384615385,17.0,1.18050789293,119.0,15.8386838255,62.0
2016-10-23,6,1,22.0,30.0,0,47.0,87.5384615385,17.0,0.99243435692,119.0,17.0276489394,114.0
2016-10-24,0,0,21.0,26.0,0,49.0,91.0,17.0,1.07270060758,119.0,17.4752572337,105.0
2016-10-25,1,0,23.0,30.0,1,50.0,91.0769230769,17.0,1.12987535183,119.0,17.5344124881,107.0
2016-10-26,2,0,24.0,31.0,1,51.0,91.9230769231,17.0,1.25771604938,119.0,18.0105163231,126.0
2016-10-27,3,0,24.0,31.0,1,53.0,92.5384615385,17.0,1.23673618734,126.0,19.0004671384,108.0
2016-10-28,4,0,22.0,33.0,1,58.0,93.9230769231,21.0,1.22816495588,126.0,19.4163354637,87.0
2016-10-29,5,1,19.0,23.0,1,62.0,95.6923076923,21.0,1.15053763441,126.0,17.5691364675,93.0
2016-10-30,6,1,18.0,22.0,1,64.0,97.1538461538,21.0,1.02236421725,126.0,16.4590220938,100.0
2016-10-31,0,0,19.0,27.0,1,64.0,97.7692307692,21.0,0.977824340842,126.0,16.4042857728,122.0
