time_stamp,dayofweek,holiday,lt,ht,sunny,m2M,w2A,m1L,d3w3,m1Lar,w2Std,pay_sum
2016-08-01,0,0,28.0,36.0,1,86.0,78.6923076923,63.0,0.923012376757,133.0,8.808951875,84.0
2016-08-02,1,0,27.0,36.0,0,84.0,79.6153846154,63.0,0.938490805327,133.0,8.68720067808,115.0
2016-08-03,2,0,26.0,32.0,0,84.0,82.3076923077,63.0,1.11741230834,133.0,12.8265626751,101.0
2016-08-04,3,0,26.0,33.0,0,86.0,85.1538461538,63.0,1.24146492862,133.0,12.5504897474,95.0
2016-08-05,4,0,27.0,33.0,0,88.0,85.5384615385,63.0,1.28141738772,133.0,12.7678405175,112.0
2016-08-06,5,1,26.0,33.0,0,88.0,87.3846153846,63.0,1.23694779116,133.0,14.5947222365,73.0
2016-08-07,6,1,27.0,35.0,1,88.0,85.6923076923,63.0,1.11776447106,115.0,14.8861557541,85.0
2016-08-08,0,0,27.0,34.0,0,88.0,86.5384615385,63.0,1.0663507109,115.0,14.5052530782,54.0
2016-08-09,1,0,27.0,34.0,1,88.0,84.5384615385,54.0,0.84630738523,115.0,16.8687940594,483.0
2016-08-10,2,0,28.0,35.0,1,90.0,115.230769231,54.0,2.00032159511,483.0,107.49751614,373.0
2016-08-11,3,0,28.0,35.0,1,95.0,138.076923077,54.0,2.54687937308,483.0,126.595942053,367.0
2016-08-12,4,0,28.0,36.0,1,95.0,160.0,54.0,3.06631565752,483.0,139.051180395,360.0
2016-08-13,5,1,28.0,36.0,1,95.0,182.230769231,54.0,2.50199021949,483.0,145.974789102,321.0
2016-08-14,6,1,28.0,37.0,1,96.0,201.769230769,54.0,2.21307148136,483.0,146.242240476,283.0
2016-08-15,0,0,27.0,36.0,1,96.0,217.076923077,54.0,1.90928896811,483.0,143.503128638,143.0
2016-08-16,1,0,27.0,36.0,1,96.0,219.230769231,54.0,1.45231846019,483.0,142.1587162,103.0
2016-08-17,2,0,27.0,36.0,1,97.0,219.384615385,54.0,1.02281515855,483.0,142.031707436,129.0
2016-08-18,3,0,28.0,36.0,1,99.0,222.0,54.0,0.714081690945,483.0,140.015933159,117.0
2016-08-19,4,0,29.0,37.0,1,99.0,222.384615385,54.0,0.657993966817,483.0,139.719795669,88.0
2016-08-20,5,1,28.0,37.0,0,97.0,223.538461538,54.0,0.626700440942,483.0,138.538312049,93.0
2016-08-21,6,1,28.0,35.0,0,96.0,224.153846154,54.0,0.555089876129,483.0,137.938027419,94.0
2016-08-22,0,0,27.0,35.0,1,96.0,227.230769231,54.0,0.510820098449,483.0,134.51174032,102.0
2016-08-23,1,0,26.0,35.0,1,96.0,197.923076923,54.0,0.538777032066,483.0,115.795882442,114.0
2016-08-24,2,0,25.0,34.0,1,96.0,178.0,54.0,0.575833565524,483.0,105.809698552,123.0
2016-08-25,3,0,26.0,35.0,1,96.0,159.230769231,54.0,0.624827204866,483.0,91.2596918741,103.0
2016-08-26,4,0,24.0,32.0,0,96.0,139.461538462,54.0,0.628233555063,483.0,71.2747828798,100.0
2016-08-27,5,1,23.0,30.0,1,96.0,122.461538462,54.0,0.597890875745,483.0,48.7420453228,86.0
2016-08-28,6,1,20.0,31.0,1,96.0,107.307692308,54.0,0.529886321966,483.0,16.3066037373,85.0
2016-08-29,0,0,20.0,32.0,1,95.0,102.846153846,54.0,0.492682483411,483.0,13.6485905378,85.0
2016-08-30,1,0,21.0,31.0,1,95.0,101.461538462,54.0,0.522076068115,483.0,14.4521245956,84.0
2016-08-31,2,0,23.0,33.0,1,95.0,98.0,54.0,0.568232662192,483.0,12.7279220614,57.0
2016-09-01,3,0,24.0,33.0,1,95.0,93.3846153846,54.0,0.56429463171,483.0,15.5639547156,60.0
2016-09-02,4,0,24.0,34.0,1,94.0,91.2307692308,54.0,0.565400843882,483.0,17.9192798883,94.0
2016-09-03,5,1,22.0,34.0,1,94.0,91.3076923077,54.0,0.656400684399,483.0,17.9288534765,73.0
2016-09-04,6,1,23.0,32.0,1,93.0,89.6923076923,54.0,0.782893602345,483.0,18.5488320818,88.0
2016-09-05,0,0,24.0,32.0,1,90.0,88.6153846154,54.0,0.905218317359,483.0,18.2062477084,82.0
2016-09-06,1,0,21.0,26.0,0,88.0,86.1538461538,54.0,0.872374798061,483.0,16.7094913325,80.0
2016-09-07,2,0,21.0,25.0,0,88.0,82.8461538462,57.0,0.921828908555,483.0,12.912999734,73.0
2016-09-08,3,0,21.0,30.0,1,88.0,80.5384615385,57.0,0.88813303099,373.0,11.7317149682,75.0
2016-09-09,4,0,22.0,32.0,1,88.0,78.6153846154,57.0,0.868075385494,367.0,10.3518000036,73.0
2016-09-10,5,1,23.0,29.0,1,86.0,77.6153846154,57.0,0.851145773156,360.0,10.2171685189,87.0
2016-09-11,6,1,21.0,28.0,1,86.0,77.7692307692,57.0,0.908739365816,321.0,10.341505962,70.0
2016-09-12,0,0,21.0,29.0,1,86.0,76.6153846154,57.0,0.90622537431,283.0,10.3071182389,63.0
2016-09-13,1,0,21.0,30.0,1,85.0,75.0,57.0,0.893763965062,143.0,10.6626595037,69.0
2016-09-14,2,0,21.0,24.0,0,85.0,75.9230769231,57.0,0.848561226633,129.0,9.52294022519,87.0
2016-09-15,3,1,21.0,25.0,0,86.0,78.0,57.0,0.929344366645,129.0,8.73542742559,41.0
2016-09-16,4,1,22.0,25.0,0,86.0,73.9230769231,41.0,0.86860670194,123.0,12.0541185969,64.0
2016-09-17,5,1,21.0,27.0,1,86.0,73.2307692308,41.0,0.859060402685,123.0,12.3422591509,57.0
2016-09-18,6,0,21.0,27.0,1,86.0,70.8461538462,41.0,0.738714090287,123.0,12.2527620362,65.0
2016-09-19,0,0,20.0,26.0,1,86.0,69.5384615385,41.0,0.859916782247,123.0,11.8945067128,79.0
2016-09-20,1,0,19.0,26.0,1,85.0,69.4615384615,41.0,0.932498260264,123.0,11.8296588456,81.0
2016-09-21,2,0,18.0,26.0,1,85.0,70.0769230769,41.0,1.02669404517,123.0,12.2000097003,59.0
2016-09-22,3,0,17.0,27.0,1,85.0,68.8461538462,41.0,1.0,123.0,12.4458590818,74.0
2016-09-23,4,0,19.0,27.0,1,85.0,68.9230769231,41.0,0.990740740741,103.0,12.4743523862,64.0
2016-09-24,5,1,19.0,28.0,1,85.0,67.1538461538,41.0,0.917773119031,100.0,11.3669301305,71.0
2016-09-25,6,1,21.0,29.0,1,85.0,67.2307692308,41.0,0.985384252711,94.0,11.3892921787,52.0
2016-09-26,0,0,23.0,30.0,1,85.0,66.3846153846,41.0,0.900770712909,94.0,12.0609889985,58.0
2016-09-27,1,0,23.0,30.0,1,85.0,65.5384615385,41.0,0.885952031326,94.0,12.2324623889,70.0
2016-09-28,2,0,21.0,26.0,0,85.0,64.2307692308,41.0,0.883002207506,94.0,10.6781865801,65.0
2016-09-29,3,0,20.0,23.0,0,85.0,66.0769230769,41.0,0.953792933037,94.0,8.31552337463,84.0
2016-09-30,4,0,21.0,24.0,0,85.0,67.6153846154,41.0,1.07352941176,94.0,9.54776221497,87.0
2016-10-01,5,1,22.0,25.0,0,85.0,69.9230769231,41.0,1.1568627451,94.0,10.2990779159,63.0
2016-10-02,6,1,21.0,30.0,0,84.0,69.7692307692,41.0,1.15299334812,88.0,10.3860397884,80.0
2016-10-03,0,1,19.0,25.0,1,84.0,69.8461538462,41.0,1.11922141119,88.0,10.457578436,55.0
2016-10-04,1,1,21.0,27.0,1,82.0,67.8461538462,41.0,0.973451327434,87.0,10.6181713176,55.0
2016-10-05,2,1,20.0,28.0,1,82.0,67.5384615385,41.0,0.956696878147,87.0,10.9236186215,56.0
2016-10-06,3,1,20.0,25.0,1,81.0,66.1538461538,41.0,0.826487428429,87.0,11.155172335,54.0
2016-10-07,4,1,18.0,22.0,0,81.0,65.3846153846,41.0,0.827689992476,87.0,11.6125824434,57.0
2016-10-08,5,0,16.0,23.0,1,80.0,64.3076923077,41.0,0.837722598445,87.0,11.6907893751,71.0
2016-10-09,6,0,14.0,21.0,1,80.0,65.7692307692,41.0,0.9088639201,87.0,11.2397224586,72.0
2016-10-10,0,0,15.0,22.0,1,79.0,66.8461538462,41.0,1.00401606426,87.0,11.1137209295,67.0
2016-10-11,1,0,17.0,23.0,1,75.0,66.6153846154,41.0,1.06544901065,87.0,11.0769230769,75.0
2016-10-12,2,0,17.0,22.0,1,75.0,67.3846153846,41.0,1.07268170426,87.0,11.2833332605,92.0
2016-10-13,3,0,17.0,20.0,1,75.0,68.0,41.0,1.15727002967,92.0,12.3413002681,65.0
2016-10-14,4,0,18.0,21.0,1,74.0,66.3076923077,41.0,1.14652829256,92.0,11.0619556998,67.0
2016-10-15,5,1,19.0,21.0,0,73.0,66.6153846154,52.0,1.1102850062,92.0,11.0212275007,77.0
2016-10-16,6,1,18.0,25.0,1,73.0,66.3846153846,52.0,1.01703163017,92.0,10.7670327427,47.0
2016-10-17,0,0,18.0,25.0,1,73.0,65.7692307692,47.0,0.93696345352,92.0,11.59677572,53.0
2016-10-18,1,0,18.0,24.0,1,73.0,65.6153846154,47.0,0.879284649776,92.0,11.7508655101,68.0
2016-10-19,2,0,19.0,22.0,0,72.0,66.5384615385,47.0,0.832713754647,92.0,11.4261197708,67.0
2016-10-20,3,0,19.0,22.0,0,71.0,67.5384615385,47.0,0.943775100402,92.0,10.8387863684,69.0
2016-10-21,4,0,20.0,22.0,0,71.0,68.4615384615,47.0,1.03816793893,92.0,10.404254933,78.0
2016-10-22,5,1,19.0,22.0,0,71.0,69.0,47.0,1.07672955975,92.0,10.6986699389,69.0
2016-10-23,6,1,16.0,22.0,1,70.0,68.7692307692,47.0,1.09589041096,92.0,10.6637693304,58.0
2016-10-24,0,0,17.0,23.0,1,70.0,68.0769230769,47.0,1.03771197165,92.0,11.0416103791,64.0
2016-10-25,1,0,16.0,19.0,1,69.0,67.2307692308,47.0,0.960281548517,92.0,10.899215541,55.0
2016-10-26,2,0,17.0,20.0,0,69.0,64.3846153846,47.0,0.890566037736,92.0,8.66059565848,52.0
2016-10-27,3,0,16.0,19.0,0,69.0,63.3846153846,47.0,0.861678004535,92.0,9.26148734972,57.0
2016-10-28,4,0,14.0,18.0,0,68.0,62.6153846154,47.0,0.826404635928,92.0,9.3441751625,72.0
2016-10-29,5,1,9.0,13.0,0,68.0,62.2307692308,47.0,0.911379657603,92.0,8.83310073751,48.0
2016-10-30,6,1,13.0,18.0,1,68.0,62.3076923077,47.0,0.907692307692,92.0,8.70353257534,48.0
2016-10-31,0,0,11.0,16.0,0,68.0,61.9230769231,47.0,0.874316939891,92.0,9.20252087922,63.0
