time_stamp,dayofweek,holiday,lt,ht,sunny,m2M,w2A,m1L,d3w3,m1Lar,w2Std,pay_sum
2016-08-01,0,0,26.0,34.0,1,140.0,147.230769231,91.0,1.12285336856,203.0,24.8724557142,143.0
2016-08-02,1,0,26.0,35.0,0,141.0,147.230769231,91.0,1.1350813143,203.0,24.8724557142,122.0
2016-08-03,2,0,26.0,31.0,0,141.0,146.0,91.0,1.03644266132,203.0,25.6814809063,117.0
2016-08-04,3,0,25.0,32.0,0,140.0,146.307692308,91.0,0.857174913048,203.0,25.3054710271,130.0
2016-08-05,4,0,26.0,33.0,1,140.0,143.846153846,91.0,0.830800405268,203.0,25.2155207205,139.0
2016-08-06,5,1,27.0,34.0,1,140.0,140.615384615,91.0,0.888275227247,203.0,22.8255540384,203.0
2016-08-07,6,1,26.0,34.0,1,141.0,144.0,91.0,1.08318990247,203.0,27.9807626223,209.0
2016-08-08,0,0,26.0,33.0,0,141.0,150.076923077,91.0,1.23390437801,209.0,32.4948789775,86.0
2016-08-09,1,0,26.0,34.0,1,141.0,147.307692308,86.0,1.13698630137,209.0,36.1032379016,466.0
2016-08-10,2,0,27.0,33.0,0,141.0,174.153846154,86.0,1.56198686371,466.0,91.2400436329,241.0
2016-08-11,3,0,27.0,35.0,1,141.0,182.0,86.0,1.56595576619,466.0,92.259666994,303.0
2016-08-12,4,0,27.0,34.0,1,141.0,194.538461538,86.0,1.91451047294,466.0,96.6704277307,332.0
2016-08-13,5,1,27.0,35.0,1,142.0,207.0,86.0,1.59214830971,466.0,102.942104715,433.0
2016-08-14,6,1,27.0,35.0,1,142.0,224.923076923,86.0,1.8061897514,466.0,119.167923884,393.0
2016-08-15,0,0,26.0,35.0,1,143.0,244.153846154,86.0,1.83590963139,466.0,124.450698396,244.0
2016-08-16,1,0,26.0,34.0,1,143.0,253.538461538,86.0,1.6485632848,466.0,119.382137167,223.0
2016-08-17,2,0,26.0,34.0,1,143.0,261.692307692,86.0,1.29333032559,466.0,113.239966182,205.0
2016-08-18,3,0,27.0,35.0,1,143.0,267.461538462,86.0,0.995776839298,466.0,108.181197986,211.0
2016-08-19,4,0,27.0,36.0,1,144.0,273.0,86.0,0.932166301969,466.0,103.190637619,176.0
2016-08-20,5,1,26.0,36.0,0,144.0,270.923076923,86.0,0.862470862471,466.0,104.837208264,239.0
2016-08-21,6,1,27.0,34.0,1,151.0,273.230769231,86.0,0.904297580354,466.0,103.773535863,197.0
2016-08-22,0,0,27.0,35.0,1,151.0,281.769230769,86.0,0.873848789891,466.0,91.9047616128,169.0
2016-08-23,1,0,25.0,33.0,1,151.0,258.923076923,86.0,0.855244557535,466.0,79.3216058824,159.0
2016-08-24,2,0,23.0,33.0,1,151.0,252.615384615,86.0,0.73560319462,466.0,83.6389111336,157.0
2016-08-25,3,0,25.0,34.0,1,151.0,241.384615385,86.0,0.675722744688,466.0,85.8912894854,138.0
2016-08-26,4,0,23.0,30.0,0,151.0,226.461538462,86.0,0.632664437012,466.0,85.7039765567,135.0
2016-08-27,5,1,20.0,28.0,1,151.0,203.538461538,86.0,0.607859768165,466.0,64.6667378352,192.0
2016-08-28,6,1,20.0,29.0,1,151.0,188.076923077,86.0,0.659714832943,466.0,34.5219251145,157.0
2016-08-29,0,0,20.0,30.0,1,157.0,181.384615385,86.0,0.676450034941,466.0,31.3161016867,140.0
2016-08-30,1,0,21.0,29.0,1,157.0,175.0,86.0,0.733573357336,466.0,30.6343196181,132.0
2016-08-31,2,0,22.0,31.0,1,157.0,169.384615385,86.0,0.659746251442,466.0,31.303817564,110.0
2016-09-01,3,0,24.0,33.0,1,157.0,161.615384615,86.0,0.614839851923,466.0,32.5210901074,87.0
2016-09-02,4,0,23.0,34.0,1,157.0,154.769230769,86.0,0.562826105551,466.0,37.72400551,121.0
2016-09-03,5,1,22.0,34.0,1,157.0,145.692307692,86.0,0.591352859135,466.0,29.7098393838,162.0
2016-09-04,6,1,22.0,31.0,1,157.0,143.0,86.0,0.735440270324,466.0,26.332197314,166.0
2016-09-05,0,0,23.0,31.0,1,158.0,142.769230769,86.0,0.913715913716,466.0,26.11558287,114.0
2016-09-06,1,0,21.0,27.0,0,157.0,139.307692308,86.0,0.93042837596,466.0,26.7103685295,98.0
2016-09-07,2,0,20.0,25.0,1,157.0,134.769230769,87.0,0.823529411765,466.0,28.2846896507,100.0
2016-09-08,3,0,20.0,29.0,1,157.0,131.846153846,87.0,0.705323838589,433.0,29.726564535,107.0
2016-09-09,4,0,22.0,32.0,1,157.0,129.692307692,87.0,0.706018518519,433.0,30.4261643868,129.0
2016-09-10,5,1,22.0,29.0,1,144.0,124.846153846,87.0,0.808664259928,433.0,24.5696690872,185.0
2016-09-11,6,1,22.0,28.0,0,157.0,127.0,87.0,1.01764563693,433.0,28.246170605,132.0
2016-09-12,0,0,20.0,30.0,1,157.0,126.384615385,87.0,1.0927355139,393.0,28.0426555901,87.0
2016-09-13,1,0,20.0,30.0,1,157.0,122.923076923,87.0,1.01673587517,244.0,29.8546776092,115.0
2016-09-14,2,0,22.0,26.0,0,143.0,123.307692308,87.0,0.854110727528,239.0,29.7176058032,100.0
2016-09-15,3,1,21.0,25.0,0,143.0,124.307692308,87.0,0.783703127027,239.0,28.6796218605,121.0
2016-09-16,4,1,22.0,24.0,0,143.0,124.307692308,87.0,0.876712328767,239.0,28.6796218605,160.0
2016-09-17,5,1,21.0,27.0,1,143.0,124.153846154,87.0,1.00673801031,239.0,28.4816976424,174.0
2016-09-18,6,0,20.0,27.0,1,157.0,124.769230769,87.0,1.19422572178,239.0,29.4491839933,94.0
2016-09-19,0,0,19.0,27.0,1,157.0,123.230769231,87.0,1.14407912323,197.0,30.4761037439,88.0
2016-09-20,1,0,18.0,26.0,1,143.0,122.461538462,87.0,0.968707482993,192.0,31.2203468778,90.0
2016-09-21,2,0,17.0,26.0,1,140.0,121.692307692,87.0,0.746227709191,192.0,31.8805091538,108.0
2016-09-22,3,0,17.0,27.0,1,140.0,121.769230769,87.0,0.77791377669,192.0,31.8461538462,74.0
2016-09-23,4,0,18.0,27.0,1,140.0,117.538461538,74.0,0.75429839157,192.0,34.1728983589,104.0
2016-09-24,5,1,19.0,28.0,1,140.0,111.307692308,74.0,0.812730889457,192.0,28.1599404921,186.0
2016-09-25,6,1,20.0,28.0,1,140.0,115.461538462,74.0,1.02564102564,192.0,34.2336213159,188.0
2016-09-26,0,0,22.0,30.0,1,143.0,123.230769231,74.0,1.30601092896,188.0,38.1316622853,98.0
2016-09-27,1,0,23.0,30.0,1,143.0,121.923076923,74.0,1.28961748634,188.0,38.6790771079,122.0
2016-09-28,2,0,21.0,25.0,0,140.0,123.615384615,74.0,1.10479285134,188.0,38.1606693651,79.0
2016-09-29,3,0,21.0,24.0,0,139.0,120.384615385,74.0,0.818953711312,188.0,39.9798765949,82.0
2016-09-30,4,0,21.0,25.0,0,138.0,114.384615385,74.0,0.790392403296,188.0,39.4335633333,111.0
2016-10-01,5,1,23.0,27.0,0,138.0,109.538461538,74.0,0.783974636115,188.0,35.4826401425,174.0
2016-10-02,6,1,21.0,30.0,0,139.0,115.692307692,74.0,1.03892427459,188.0,39.0155484102,177.0
2016-10-03,0,1,20.0,25.0,1,140.0,122.538461538,74.0,1.25971370143,188.0,41.297448952,187.0
2016-10-04,1,1,21.0,27.0,1,157.0,130.0,74.0,1.42497682426,188.0,43.4511219648,155.0
2016-10-05,2,1,20.0,27.0,1,155.0,133.615384615,74.0,1.34525660964,188.0,43.4255126386,169.0
2016-10-06,3,1,19.0,25.0,1,155.0,140.923076923,74.0,1.30025445293,188.0,40.6854000244,145.0
2016-10-07,4,1,19.0,23.0,0,155.0,144.076923077,74.0,1.20025591811,188.0,39.265294009,148.0
2016-10-08,5,0,16.0,24.0,1,148.0,141.153846154,74.0,1.19426134161,188.0,37.4059768031,98.0
2016-10-09,6,0,15.0,22.0,1,145.0,134.230769231,74.0,1.00916247258,188.0,36.4103828095,107.0
2016-10-10,0,0,15.0,22.0,1,140.0,134.923076923,74.0,0.90443248783,188.0,35.7952758775,108.0
2016-10-11,1,0,16.0,23.0,1,138.0,133.846153846,74.0,0.796437659033,188.0,36.3737990102,95.0
2016-10-12,2,0,17.0,21.0,0,135.0,135.076923077,74.0,0.792737501598,188.0,34.7307479342,96.0
2016-10-13,3,0,17.0,21.0,1,132.0,136.153846154,74.0,0.758209712185,188.0,33.2539093222,88.0
2016-10-14,4,0,17.0,21.0,1,132.0,134.384615385,74.0,0.711825487945,188.0,35.105420273,100.0
2016-10-15,5,1,18.0,21.0,0,129.0,128.692307692,74.0,0.749241524865,188.0,34.2083764267,174.0
2016-10-16,6,1,17.0,25.0,1,129.0,128.461538462,74.0,0.960339567582,188.0,33.8903557523,150.0
2016-10-17,0,0,18.0,24.0,1,129.0,125.615384615,74.0,1.102014295,188.0,30.2083494865,85.0
2016-10-18,1,0,18.0,23.0,1,122.0,120.230769231,74.0,1.07858649789,188.0,30.7249681634,112.0
2016-10-19,2,0,18.0,22.0,1,121.0,115.846153846,74.0,0.903292984511,188.0,27.3322749591,102.0
2016-10-20,3,0,19.0,21.0,0,121.0,112.538461538,74.0,0.772310473976,188.0,26.1816594192,85.0
2016-10-21,4,0,19.0,22.0,0,115.0,107.692307692,74.0,0.780169602087,188.0,24.971936912,94.0
2016-10-22,5,1,18.0,22.0,0,114.0,107.384615385,79.0,0.756902356902,188.0,25.1137059163,145.0
2016-10-23,6,1,15.0,21.0,0,114.0,110.307692308,79.0,0.884158821122,188.0,27.0366833861,155.0
2016-10-24,0,0,17.0,23.0,1,114.0,113.923076923,79.0,1.08945112678,188.0,29.5152152117,105.0
2016-10-25,1,0,17.0,19.0,0,112.0,114.692307692,79.0,1.14358322745,187.0,29.1399398537,98.0
2016-10-26,2,0,17.0,20.0,0,111.0,114.846153846,79.0,1.0422125182,187.0,29.0459745757,60.0
2016-10-27,3,0,16.0,20.0,0,110.0,112.692307692,60.0,0.795162509448,187.0,31.8587860491,73.0
2016-10-28,4,0,14.0,16.0,0,108.0,110.615384615,60.0,0.723004694836,187.0,33.4584437119,94.0
2016-10-29,5,1,10.0,15.0,0,108.0,104.461538462,60.0,0.711821887739,187.0,28.1742254951,148.0
2016-10-30,6,1,12.0,18.0,1,108.0,104.307692308,60.0,0.969081679742,187.0,27.929539409,145.0
2016-10-31,0,0,11.0,15.0,0,108.0,108.923076923,60.0,1.17059891107,187.0,29.2823431662,90.0
