time_stamp,dayofweek,holiday,lt,ht,sunny,m2M,w2A,m1L,d3w3,m1Lar,w2Std,pay_sum
2016-08-01,0,0,30.0,37.0,1,125.0,381.923076923,68.0,0.587166382737,791.0,211.069606287,134.0
2016-08-02,1,0,29.0,36.0,1,125.0,349.923076923,68.0,0.43018018018,791.0,214.665916301,108.0
2016-08-03,2,0,28.0,34.0,0,123.0,318.076923077,68.0,0.411758106137,791.0,217.466340999,89.0
2016-08-04,3,0,27.0,32.0,1,123.0,287.0,68.0,0.370059813293,791.0,219.109035028,109.0
2016-08-05,4,0,27.0,34.0,1,123.0,234.538461538,68.0,0.340567612688,791.0,167.791819451,97.0
2016-08-06,5,1,27.0,33.0,0,123.0,231.846153846,68.0,0.328929029381,791.0,169.685612533,133.0
2016-08-07,6,1,27.0,33.0,0,123.0,231.846153846,68.0,0.375852319973,791.0,169.685612533,112.0
2016-08-08,0,0,26.0,34.0,0,114.0,197.692307692,68.0,0.396728728032,791.0,143.697002065,114.0
2016-08-09,1,0,27.0,34.0,1,114.0,164.538461538,68.0,0.450637042616,791.0,103.970125432,139.0
2016-08-10,2,0,27.0,33.0,0,114.0,138.923076923,68.0,0.493777056277,791.0,54.1486011446,74.0
2016-08-11,3,0,28.0,35.0,1,114.0,125.076923077,68.0,0.483477489466,791.0,45.2318157911,116.0
2016-08-12,4,0,29.0,36.0,1,114.0,113.307692308,68.0,0.57207442184,791.0,17.8987950406,82.0
2016-08-13,5,1,28.0,36.0,1,114.0,110.153846154,74.0,0.479210711769,791.0,19.4574334375,122.0
2016-08-14,6,1,29.0,36.0,1,116.0,109.923076923,74.0,0.565420973584,791.0,19.2971163189,127.0
2016-08-15,0,0,29.0,37.0,1,122.0,109.384615385,74.0,0.659888357257,791.0,18.7063891247,186.0
2016-08-16,1,0,29.0,37.0,1,123.0,115.384615385,74.0,0.971524288107,791.0,27.6643020781,164.0
2016-08-17,2,0,30.0,37.0,1,123.0,121.153846154,74.0,1.18789689951,791.0,29.3305987608,192.0
2016-08-18,3,0,30.0,37.0,1,123.0,127.538461538,74.0,1.38177182919,791.0,34.5579009882,195.0
2016-08-19,4,0,29.0,37.0,1,123.0,135.076923077,74.0,1.44562508199,791.0,37.6266303781,244.0
2016-08-20,5,1,28.0,37.0,1,125.0,143.615384615,74.0,1.58026546456,791.0,47.4885224377,150.0
2016-08-21,6,1,28.0,34.0,1,127.0,146.538461538,74.0,1.46135715172,556.0,46.613988301,139.0
2016-08-22,0,0,29.0,35.0,1,128.0,148.461538462,74.0,1.31996037642,556.0,45.7394214497,215.0
2016-08-23,1,0,28.0,35.0,1,128.0,154.307692308,74.0,1.20042872454,556.0,48.9039633684,204.0
2016-08-24,2,0,30.0,37.0,1,128.0,164.307692308,74.0,1.27659574468,545.0,44.5583189425,238.0
2016-08-25,3,0,30.0,37.0,1,128.0,173.692307692,74.0,1.43936904371,472.0,46.2125267989,202.0
2016-08-26,4,0,25.0,34.0,1,129.0,182.923076923,74.0,1.36382888607,269.0,38.2792603788,207.0
2016-08-27,5,1,24.0,30.0,1,132.0,189.461538462,74.0,1.33871301469,269.0,34.3748910703,196.0
2016-08-28,6,1,22.0,31.0,1,133.0,194.769230769,74.0,1.22000403307,244.0,29.2683968344,154.0
2016-08-29,0,0,23.0,32.0,1,133.0,192.307692308,74.0,1.10978282526,244.0,31.1852643096,195.0
2016-08-30,1,0,24.0,31.0,1,133.0,194.692307692,74.0,1.06799921615,244.0,30.0957053297,205.0
2016-08-31,2,0,24.0,29.0,1,134.0,195.692307692,74.0,1.04538163978,244.0,30.2054111693,192.0
2016-09-01,3,0,22.0,25.0,0,134.0,195.461538462,74.0,1.09356239032,244.0,30.2212746883,134.0
2016-09-02,4,0,23.0,32.0,1,134.0,187.0,74.0,0.96694892106,244.0,30.8395350658,234.0
2016-09-03,5,1,24.0,34.0,1,139.0,193.461538462,74.0,0.989486703772,244.0,31.2080250641,156.0
2016-09-04,6,1,27.0,30.0,1,139.0,194.769230769,74.0,0.918814658951,244.0,29.1894444729,211.0
2016-09-05,0,0,26.0,30.0,1,139.0,194.461538462,74.0,1.04694713004,244.0,28.9950005893,147.0
2016-09-06,1,0,24.0,28.0,0,147.0,190.076923077,74.0,0.899387576553,244.0,31.4287020669,127.0
2016-09-07,2,0,24.0,31.0,1,147.0,181.538461538,74.0,0.863373386738,244.0,32.3148343754,130.0
2016-09-08,3,0,26.0,32.0,1,147.0,176.0,74.0,0.731884057971,244.0,34.4338831341,120.0
2016-09-09,4,0,23.0,31.0,1,147.0,169.307692308,82.0,0.706786651669,244.0,36.1692274973,149.0
2016-09-10,5,1,22.0,25.0,0,149.0,165.692307692,82.0,0.748241912799,244.0,35.6659385352,6.0
2016-09-11,6,1,22.0,26.0,0,149.0,154.307692308,6.0,0.535749074615,244.0,55.6201189601,202.0
2016-09-12,0,0,22.0,30.0,1,150.0,154.846153846,6.0,0.698151950719,244.0,56.0437276444,111.0
2016-09-13,1,0,23.0,31.0,1,150.0,147.615384615,6.0,0.641334941697,244.0,55.1634472922,103.0
2016-09-14,2,0,24.0,30.0,1,150.0,140.769230769,6.0,0.87184323588,244.0,54.7514015924,138.0
2016-09-15,3,1,23.0,27.0,0,150.0,141.076923077,6.0,0.752860656614,244.0,54.7237278567,323.0
2016-09-16,4,1,22.0,28.0,1,150.0,147.923076923,6.0,1.16300649552,323.0,69.4942848103,221.0
2016-09-17,5,1,22.0,29.0,1,150.0,152.923076923,6.0,1.39553918559,323.0,72.1818872853,194.0
2016-09-18,6,0,22.0,29.0,1,150.0,151.615384615,6.0,1.49181322013,323.0,71.2660653538,110.0
2016-09-19,0,0,20.0,29.0,1,149.0,148.769230769,6.0,1.08932461874,323.0,72.1271887775,92.0
2016-09-20,1,0,20.0,27.0,1,147.0,146.076923077,6.0,0.851612903226,323.0,73.5291271836,71.0
2016-09-21,2,0,20.0,29.0,1,147.0,141.538461538,6.0,0.610943269554,323.0,76.155322441,88.0
2016-09-22,3,0,20.0,29.0,1,147.0,139.076923077,6.0,0.570519377202,323.0,77.319976062,98.0
2016-09-23,4,0,21.0,30.0,1,139.0,135.153846154,6.0,0.612561077345,323.0,78.0077374405,121.0
2016-09-24,5,1,24.0,32.0,1,139.0,144.0,6.0,0.741008930727,323.0,68.8420712154,231.0
2016-09-25,6,1,24.0,34.0,1,139.0,146.230769231,6.0,1.07836089145,323.0,71.1176207162,185.0
2016-09-26,0,0,26.0,34.0,1,139.0,151.923076923,6.0,1.2695035461,323.0,71.0313706844,102.0
2016-09-27,1,0,25.0,34.0,1,138.0,151.846153846,6.0,1.23553965414,323.0,71.0848313949,105.0
2016-09-28,2,0,20.0,27.0,0,138.0,149.307692308,6.0,0.943441636582,323.0,72.1157025634,94.0
2016-09-29,3,0,17.0,20.0,0,138.0,131.692307692,6.0,0.731292517007,323.0,52.962083121,131.0
2016-09-30,4,0,18.0,22.0,1,138.0,124.769230769,6.0,0.807043286867,323.0,46.2986190958,211.0
2016-10-01,5,1,18.0,23.0,1,139.0,126.076923077,6.0,0.991697941544,323.0,48.426727424,225.0
2016-10-02,6,1,22.0,25.0,1,139.0,134.923076923,6.0,1.27962085308,323.0,54.7700950666,216.0
2016-10-03,0,1,22.0,27.0,1,147.0,144.461538462,6.0,1.42094366351,323.0,57.2076049068,191.0
2016-10-04,1,1,22.0,27.0,1,149.0,153.692307692,6.0,1.33884122445,323.0,54.2123809523,174.0
2016-10-05,2,1,21.0,28.0,1,150.0,160.307692308,6.0,1.21688134883,323.0,50.9409682723,180.0
2016-10-06,3,1,22.0,26.0,1,154.0,166.615384615,6.0,1.1951754386,323.0,47.816216209,183.0
2016-10-07,4,1,21.0,25.0,1,156.0,171.384615385,6.0,1.19253830779,323.0,46.0894422443,157.0
2016-10-08,5,0,18.0,25.0,1,157.0,165.692307692,6.0,1.16919617763,323.0,42.8295092653,96.0
2016-10-09,6,0,17.0,23.0,1,157.0,158.846153846,6.0,0.984976844008,323.0,46.1783268409,93.0
2016-10-10,0,0,17.0,24.0,1,157.0,158.153846154,71.0,0.781391147245,323.0,47.0839612637,121.0
2016-10-11,1,0,18.0,24.0,1,157.0,159.384615385,71.0,0.688429935598,323.0,45.8719596964,95.0
2016-10-12,2,0,19.0,22.0,1,157.0,159.461538462,71.0,0.684612828182,323.0,45.7629601393,102.0
2016-10-13,3,0,17.0,22.0,1,157.0,157.230769231,71.0,0.70361765682,323.0,47.7592582183,106.0
2016-10-14,4,0,18.0,23.0,1,156.0,149.153846154,71.0,0.673782521681,323.0,46.8530372611,129.0
2016-10-15,5,1,19.0,25.0,1,154.0,141.769230769,71.0,0.775782688766,231.0,41.586154956,225.0
2016-10-16,6,1,20.0,28.0,1,154.0,142.461538462,71.0,1.04450499546,231.0,42.8712121173,184.0
2016-10-17,0,0,20.0,25.0,1,154.0,141.923076923,71.0,1.18842500552,231.0,42.2983206404,89.0
2016-10-18,1,0,21.0,24.0,0,150.0,135.384615385,71.0,1.10592938041,231.0,43.390070579,100.0
2016-10-19,2,0,21.0,23.0,0,149.0,129.230769231,71.0,0.826684397163,231.0,42.2850288949,97.0
2016-10-20,3,0,22.0,27.0,1,149.0,122.615384615,88.0,0.641111858328,231.0,40.0221831979,126.0
2016-10-21,4,0,22.0,27.0,1,147.0,120.230769231,89.0,0.745355947848,231.0,38.8075207742,151.0
2016-10-22,5,1,20.0,23.0,0,147.0,124.461538462,89.0,0.885731201895,231.0,38.933109075,197.0
2016-10-23,6,1,19.0,24.0,1,147.0,132.461538462,89.0,1.13018597997,231.0,42.1948144547,221.0
2016-10-24,0,0,19.0,25.0,1,147.0,140.153846154,89.0,1.34229771172,225.0,48.1054069468,102.0
2016-10-25,1,0,19.0,23.0,0,138.0,140.692307692,89.0,1.25877511498,225.0,47.633835123,105.0
2016-10-26,2,0,20.0,25.0,1,134.0,140.923076923,89.0,1.0650740326,225.0,47.4527482198,115.0
2016-10-27,3,0,18.0,27.0,1,131.0,141.615384615,89.0,0.822162645219,225.0,47.001699579,118.0
2016-10-28,4,0,14.0,19.0,0,130.0,140.769230769,89.0,0.87610160705,225.0,47.3191355766,202.0
2016-10-29,5,1,12.0,14.0,0,130.0,139.0,89.0,1.08289768484,225.0,44.4816297432,273.0
2016-10-30,6,1,12.0,17.0,1,130.0,145.846153846,89.0,1.38325169116,273.0,56.1890300734,262.0
2016-10-31,0,0,13.0,15.0,0,130.0,159.153846154,89.0,1.63832388574,273.0,61.3951215224,133.0
