time_stamp,dayofweek,holiday,lt,ht,sunny,m2M,w2A,m1L,d3w3,m1Lar,w2Std,pay_sum
2016-08-01,0,0,27.0,36.0,1,65.0,69.9230769231,26.0,1.44379844961,100.0,19.1007915199,90.0
2016-08-02,1,0,27.0,35.0,1,65.0,71.8461538462,26.0,1.37832017229,100.0,19.7556073981,93.0
2016-08-03,2,0,25.0,33.0,0,65.0,74.0,26.0,1.32674664785,100.0,20.4073893103,72.0
2016-08-04,3,0,26.0,34.0,0,65.0,74.5384615385,26.0,1.19382022472,100.0,20.2545925832,96.0
2016-08-05,4,0,25.0,34.0,0,65.0,76.9230769231,26.0,1.19587628866,100.0,20.8085098659,96.0
2016-08-06,5,1,27.0,35.0,0,65.0,79.3076923077,26.0,1.18438761777,100.0,21.0800110034,87.0
2016-08-07,6,1,25.0,35.0,1,65.0,81.0,26.0,1.23342175066,100.0,20.7438591469,92.0
2016-08-08,0,0,26.0,35.0,1,65.0,83.0769230769,26.0,1.19435396308,100.0,20.3865020898,94.0
2016-08-09,1,0,26.0,31.0,0,65.0,85.3076923077,26.0,1.16368286445,100.0,19.8664178002,75.0
2016-08-10,2,0,26.0,36.0,1,67.0,86.0769230769,26.0,1.10546378653,100.0,19.2492219162,111.0
2016-08-11,3,0,27.0,35.0,1,67.0,92.6153846154,26.0,1.15226337449,111.0,9.89590794636,125.0
2016-08-12,4,0,27.0,36.0,1,69.0,94.5384615385,26.0,1.23412698413,125.0,13.0656059627,92.0
2016-08-13,5,1,27.0,36.0,1,69.0,94.0,26.0,1.28099980473,125.0,13.0147844924,107.0
2016-08-14,6,1,28.0,36.0,1,69.0,94.6153846154,26.0,1.23499142367,125.0,13.4194947832,96.0
2016-08-15,0,0,28.0,37.0,1,70.0,95.0769230769,26.0,1.10486891386,125.0,13.3558488395,113.0
2016-08-16,1,0,28.0,38.0,1,71.0,96.6153846154,26.0,1.15244347192,125.0,14.1559363005,98.0
2016-08-17,2,0,28.0,37.0,1,72.0,98.6153846154,26.0,1.09976715028,125.0,12.2445495664,117.0
2016-08-18,3,0,29.0,37.0,1,72.0,100.230769231,26.0,1.12021857923,125.0,13.1450712972,137.0
2016-08-19,4,0,28.0,38.0,1,72.0,103.384615385,26.0,1.17982235629,137.0,16.2931720552,149.0
2016-08-20,5,1,29.0,38.0,0,72.0,108.153846154,26.0,1.3176393657,149.0,19.5481502326,123.0
2016-08-21,6,1,28.0,36.0,0,73.0,110.538461538,26.0,1.32169978995,149.0,19.3216314991,112.0
2016-08-22,0,0,28.0,37.0,1,73.0,111.923076923,26.0,1.2278177458,149.0,18.7225143712,119.0
2016-08-23,1,0,28.0,37.0,1,73.0,115.307692308,26.0,1.1179535765,149.0,15.4291662639,101.0
2016-08-24,2,0,27.0,36.0,1,75.0,114.538461538,26.0,1.03426791277,149.0,15.8677970194,110.0
2016-08-25,3,0,28.0,37.0,1,75.0,113.384615385,26.0,1.02135561746,149.0,15.60837281,136.0
2016-08-26,4,0,26.0,36.0,1,79.0,116.769230769,26.0,1.05439076269,149.0,15.3730725929,127.0
2016-08-27,5,1,24.0,29.0,1,79.0,118.307692308,72.0,1.11310056699,149.0,15.3190912333,120.0
2016-08-28,6,1,22.0,32.0,1,80.0,120.153846154,72.0,1.12879457707,149.0,13.8998957043,117.0
2016-08-29,0,0,22.0,32.0,1,80.0,120.461538462,72.0,1.06199854121,149.0,13.7819022055,107.0
2016-08-30,1,0,21.0,32.0,1,87.0,121.153846154,72.0,0.989785642354,149.0,12.8293303012,109.0
2016-08-31,2,0,24.0,32.0,1,90.0,120.538461538,72.0,0.958963282937,149.0,13.2003227502,108.0
2016-09-01,3,0,24.0,32.0,1,92.0,118.307692308,72.0,0.939947780679,149.0,12.6696767938,111.0
2016-09-02,4,0,22.0,31.0,1,92.0,115.384615385,75.0,0.943749100849,149.0,9.14446837029,123.0
2016-09-03,5,1,22.0,34.0,1,93.0,115.384615385,75.0,0.977282468924,149.0,9.14446837029,128.0
2016-09-04,6,1,24.0,35.0,1,94.0,116.615384615,75.0,1.02043692741,149.0,9.66785682669,117.0
2016-09-05,0,0,24.0,32.0,0,96.0,116.461538462,75.0,1.0355987055,149.0,9.6445710884,129.0
2016-09-06,1,0,24.0,29.0,0,96.0,118.615384615,75.0,1.03888888889,149.0,9.05995807036,132.0
2016-09-07,2,0,23.0,29.0,1,96.0,120.307692308,75.0,1.04347826087,149.0,9.34290858504,103.0
2016-09-08,3,0,22.0,31.0,1,98.0,117.769230769,92.0,1.01917961641,149.0,9.21665587738,112.0
2016-09-09,4,0,25.0,32.0,1,99.0,116.615384615,92.0,0.986916951081,149.0,8.92307692308,125.0
2016-09-10,5,1,21.0,30.0,0,99.0,117.0,92.0,0.966183574879,149.0,9.16515138991,105.0
2016-09-11,6,1,21.0,25.0,0,100.0,116.076923077,96.0,0.974775545105,149.0,9.70694864883,87.0
2016-09-12,0,0,20.0,27.0,1,100.0,114.538461538,87.0,0.916052593556,149.0,12.2701350041,94.0
2016-09-13,1,0,21.0,27.0,0,100.0,113.384615385,87.0,0.828985507246,149.0,13.3908031674,61.0
2016-09-14,2,0,22.0,25.0,0,100.0,109.769230769,61.0,0.716718495483,149.0,19.3675138238,82.0
2016-09-15,3,1,24.0,26.0,0,100.0,107.538461538,61.0,0.71916249431,149.0,20.7201699749,74.0
2016-09-16,4,1,23.0,27.0,0,100.0,103.769230769,61.0,0.674751243781,149.0,21.9830488757,69.0
2016-09-17,5,1,22.0,28.0,1,100.0,99.2307692308,61.0,0.716674629718,149.0,22.5939196932,101.0
2016-09-18,6,0,21.0,26.0,1,101.0,98.0,61.0,0.783180869844,136.0,22.0209690278,88.0
2016-09-19,0,0,19.0,27.0,1,101.0,94.8461538462,61.0,0.835762876579,136.0,20.217456866,76.0
2016-09-20,1,0,19.0,28.0,1,101.0,90.5384615385,61.0,0.872427983539,136.0,17.644416788,109.0
2016-09-21,2,0,20.0,27.0,1,101.0,91.0,61.0,0.898321816387,136.0,18.0384205346,109.0
2016-09-22,3,0,20.0,29.0,1,103.0,90.7692307692,61.0,0.96837944664,136.0,17.7857066474,118.0
2016-09-23,4,0,21.0,31.0,1,105.0,90.2307692308,61.0,1.10946012878,136.0,16.8210209429,113.0
2016-09-24,5,1,22.0,31.0,1,107.0,90.8461538462,61.0,1.13107119095,132.0,17.4833817968,127.0
2016-09-25,6,1,23.0,33.0,1,107.0,93.9230769231,61.0,1.18503806687,132.0,19.8899338223,101.0
2016-09-26,0,0,24.0,32.0,1,107.0,94.4615384615,61.0,1.14467942263,132.0,19.979279207,126.0
2016-09-27,1,0,24.0,31.0,0,108.0,99.4615384615,61.0,1.19191919192,132.0,19.0933552059,101.0
2016-09-28,2,0,24.0,26.0,0,108.0,100.923076923,61.0,1.10549376475,132.0,18.4159694014,98.0
2016-09-29,3,0,23.0,27.0,0,108.0,102.769230769,61.0,1.10319076714,132.0,16.7522850159,106.0
2016-09-30,4,0,23.0,26.0,0,108.0,105.615384615,61.0,1.04541559554,132.0,13.6242908724,116.0
2016-10-01,5,1,22.0,30.0,0,109.0,106.769230769,61.0,1.09066121336,132.0,13.8183481488,95.0
2016-10-02,6,1,23.0,32.0,1,109.0,107.307692308,61.0,1.0760353021,132.0,13.1989779056,83.0
2016-10-03,0,1,23.0,29.0,1,109.0,107.846153846,61.0,1.00358422939,132.0,11.9990137662,104.0
2016-10-04,1,1,21.0,29.0,1,109.0,107.461538462,61.0,0.941883767535,132.0,12.0359422284,92.0
2016-10-05,2,1,21.0,28.0,1,109.0,106.153846154,61.0,0.927218344965,132.0,12.7027928719,108.0
2016-10-06,3,1,23.0,27.0,1,109.0,105.384615385,61.0,0.993464052288,127.0,12.2571075866,101.0
2016-10-07,4,1,21.0,25.0,0,109.0,104.461538462,61.0,0.968468468468,127.0,12.099684577,108.0
2016-10-08,5,0,17.0,22.0,0,109.0,103.0,61.0,1.01651434985,127.0,10.3030988617,90.0
2016-10-09,6,0,17.0,22.0,1,108.0,102.153846154,61.0,0.957872817556,127.0,10.8687707453,94.0
2016-10-10,0,0,17.0,22.0,1,108.0,99.6923076923,61.0,0.927425758298,127.0,8.5699350629,89.0
2016-10-11,1,0,17.0,19.0,0,108.0,98.7692307692,61.0,0.875420875421,127.0,9.01412435402,89.0
2016-10-12,2,0,17.0,22.0,1,108.0,98.0769230769,61.0,0.880686417355,127.0,9.38461538462,91.0
2016-10-13,3,0,18.0,24.0,1,108.0,96.9230769231,69.0,0.882545931759,127.0,9.26084842817,107.0
2016-10-14,4,0,19.0,24.0,1,108.0,96.2307692308,69.0,0.944389601843,127.0,8.06849376997,102.0
2016-10-15,5,1,20.0,24.0,1,108.0,96.7692307692,69.0,0.999500249875,127.0,8.20088031066,117.0
2016-10-16,6,1,20.0,26.0,1,108.0,99.3846153846,76.0,1.07750784994,127.0,8.79281578719,109.0
2016-10-17,0,0,20.0,24.0,1,108.0,99.7692307692,76.0,1.09333333333,127.0,9.09060246928,105.0
2016-10-18,1,0,21.0,24.0,0,107.0,100.769230769,76.0,1.10113107119,127.0,8.89385134326,111.0
2016-10-19,2,0,20.0,23.0,0,107.0,101.0,83.0,1.07420261114,127.0,9.11465430375,124.0
2016-10-20,3,0,21.0,24.0,1,107.0,102.769230769,83.0,1.11384111384,127.0,10.9835810761,129.0
2016-10-21,4,0,23.0,27.0,0,107.0,104.384615385,83.0,1.18489583333,129.0,12.9943091777,122.0
2016-10-22,5,1,19.0,23.0,0,108.0,106.846153846,83.0,1.20481927711,129.0,13.0669645339,100.0
2016-10-23,6,1,18.0,20.0,0,107.0,107.307692308,83.0,1.11854684512,129.0,12.706053163,98.0
2016-10-24,0,0,20.0,25.0,1,107.0,108.0,83.0,1.02269095558,129.0,11.9099182972,123.0
2016-10-25,1,0,20.0,26.0,1,107.0,110.615384615,83.0,1.0108644308,129.0,11.159945282,106.0
2016-10-26,2,0,20.0,28.0,1,106.0,111.769230769,83.0,1.03073286052,129.0,9.75983800428,121.0
2016-10-27,3,0,21.0,26.0,1,106.0,112.846153846,83.0,1.09289617486,129.0,9.94481816244,107.0
2016-10-28,4,0,16.0,26.0,0,106.0,113.230769231,83.0,1.04342393002,129.0,9.60892090439,102.0
2016-10-29,5,1,14.0,17.0,1,106.0,112.076923077,83.0,1.02516309413,129.0,9.980454271,94.0
2016-10-30,6,1,14.0,17.0,1,105.0,110.923076923,83.0,0.9412861137,129.0,11.076388876,108.0
2016-10-31,0,0,13.0,17.0,0,105.0,111.153846154,83.0,0.93610469592,129.0,10.9814259537,90.0
