time_stamp,dayofweek,holiday,lt,ht,sunny,m2M,w2A,m1L,d3w3,m1Lar,w2Std,pay_sum
2016-08-01,0,0,25.0,35.0,0,84.0,83.0769230769,63.0,1.071863581,103.0,9.63536385854,63.0
2016-08-02,1,0,25.0,29.0,0,84.0,82.3846153846,63.0,0.995270409212,103.0,10.6737525774,111.0
2016-08-03,2,0,25.0,31.0,0,84.0,83.3846153846,63.0,1.04166666667,111.0,12.5363377154,102.0
2016-08-04,3,0,26.0,32.0,1,84.0,84.6153846154,63.0,1.10510510511,111.0,13.4824014155,91.0
2016-08-05,4,0,26.0,34.0,1,85.0,84.4615384615,63.0,1.20134360798,111.0,13.3969880921,102.0
2016-08-06,5,1,27.0,35.0,1,85.0,87.4615384615,63.0,1.14540865851,111.0,12.5980180652,104.0
2016-08-07,6,1,27.0,36.0,1,85.0,90.0,63.0,1.13793103448,111.0,12.3475316749,85.0
2016-08-08,0,0,27.0,35.0,0,85.0,90.6923076923,63.0,1.11622554661,111.0,11.7825465145,81.0
2016-08-09,1,0,25.0,34.0,0,85.0,90.0769230769,63.0,1.03033772181,111.0,12.0604983853,104.0
2016-08-10,2,0,26.0,31.0,0,85.0,91.7692307692,63.0,1.02681118083,111.0,12.3484900737,121.0
2016-08-11,3,0,26.0,32.0,0,85.0,94.4615384615,63.0,1.14093959732,121.0,14.4361479233,87.0
2016-08-12,4,0,26.0,30.0,0,86.0,94.6153846154,63.0,1.16722783389,121.0,14.3448648627,123.0
2016-08-13,5,1,25.0,32.0,0,86.0,96.9230769231,63.0,1.19797321752,123.0,16.1933582703,64.0
2016-08-14,6,1,26.0,32.0,0,86.0,95.2307692308,63.0,0.995458673933,123.0,18.2636833683,99.0
2016-08-15,0,0,25.0,31.0,0,86.0,98.0,63.0,1.02619303911,123.0,15.7186807041,106.0
2016-08-16,1,0,25.0,31.0,0,86.0,97.6153846154,63.0,0.956444444444,123.0,15.4548397276,76.0
2016-08-17,2,0,25.0,31.0,0,86.0,95.6153846154,63.0,1.00231853041,123.0,16.4107772353,95.0
2016-08-18,3,0,25.0,30.0,0,86.0,95.9230769231,63.0,0.983315583955,123.0,16.3587734093,93.0
2016-08-19,4,0,26.0,32.0,0,86.0,95.2307692308,63.0,0.933191940615,123.0,16.2771848169,117.0
2016-08-20,5,1,26.0,34.0,1,86.0,96.2307692308,63.0,1.06457242583,123.0,17.160571293,86.0
2016-08-21,6,1,27.0,35.0,0,86.0,96.3076923077,63.0,1.03315881326,123.0,17.1122296141,92.0
2016-08-22,0,0,27.0,35.0,1,86.0,97.1538461538,63.0,1.01426852329,123.0,16.5986382845,113.0
2016-08-23,1,0,27.0,35.0,1,86.0,97.8461538462,63.0,0.999484801649,123.0,17.0512627723,109.0
2016-08-24,2,0,28.0,36.0,1,87.0,96.9230769231,63.0,1.07460643395,123.0,16.0693762191,109.0
2016-08-25,3,0,27.0,36.0,1,87.0,98.6153846154,63.0,1.12241437776,123.0,16.0936607756,84.0
2016-08-26,4,0,25.0,35.0,0,87.0,95.6153846154,63.0,1.03353867214,123.0,14.8559154835,132.0
2016-08-27,5,1,24.0,32.0,0,89.0,100.846153846,63.0,1.09649122807,132.0,14.7744381845,94.0
2016-08-28,6,1,26.0,33.0,1,89.0,100.461538462,63.0,1.04114189757,132.0,14.8821802818,106.0
2016-08-29,0,0,26.0,33.0,1,89.0,100.461538462,63.0,1.10116086235,132.0,14.8821802818,93.0
2016-08-30,1,0,25.0,32.0,1,89.0,101.769230769,63.0,0.977155244289,132.0,13.3425510544,99.0
2016-08-31,2,0,25.0,33.0,0,90.0,102.076923077,64.0,1.00488956331,132.0,13.2285329058,116.0
2016-09-01,3,0,25.0,32.0,0,90.0,103.846153846,64.0,1.02359587903,132.0,13.4327163978,101.0
2016-09-02,4,0,25.0,31.0,0,91.0,102.615384615,64.0,1.06182795699,132.0,12.8932806683,109.0
2016-09-03,5,1,25.0,31.0,0,92.0,104.384615385,64.0,1.07113520618,132.0,12.041840273,65.0
2016-09-04,6,1,26.0,31.0,0,92.0,102.307692308,64.0,0.918964076859,132.0,15.7547776167,99.0
2016-09-05,0,0,26.0,32.0,0,92.0,101.230769231,64.0,0.915492957746,132.0,15.4628778601,109.0
2016-09-06,1,0,26.0,33.0,0,92.0,101.230769231,64.0,0.900544285007,132.0,15.4628778601,94.0
2016-09-07,2,0,25.0,31.0,0,93.0,100.076923077,64.0,0.996699669967,132.0,15.3996080792,108.0
2016-09-08,3,0,26.0,32.0,0,93.0,101.923076923,64.0,1.01883701884,132.0,14.7880489089,119.0
2016-09-09,4,0,26.0,32.0,0,93.0,100.923076923,64.0,1.05056455572,132.0,13.0588109864,129.0
2016-09-10,5,1,25.0,30.0,0,93.0,103.615384615,64.0,1.14102564103,132.0,14.840373526,101.0
2016-09-11,6,1,25.0,30.0,0,94.0,103.230769231,64.0,1.11377054412,132.0,14.83837979,123.0
2016-09-12,0,0,24.0,33.0,1,94.0,105.538461538,65.0,1.12116881054,132.0,15.3903835341,89.0
2016-09-13,1,0,26.0,35.0,1,94.0,104.769230769,65.0,1.00368767035,132.0,15.9381199845,106.0
2016-09-14,2,0,26.0,35.0,1,94.0,104.0,65.0,1.02119460501,132.0,15.6155740799,133.0
2016-09-15,3,1,25.0,34.0,1,95.0,106.461538462,65.0,1.02901960784,133.0,17.3720172187,74.0
2016-09-16,4,1,25.0,34.0,1,95.0,103.769230769,65.0,1.00951459442,133.0,19.3675138238,88.0
2016-09-17,5,1,25.0,34.0,1,95.0,105.538461538,65.0,0.954229338509,133.0,16.5975687961,106.0
2016-09-18,6,0,25.0,33.0,1,95.0,106.076923077,65.0,0.866893093967,133.0,16.4899108476,108.0
2016-09-19,0,0,23.0,32.0,1,99.0,106.0,65.0,0.96981374438,133.0,16.4784241218,75.0
2016-09-20,1,0,24.0,31.0,1,99.0,104.538461538,65.0,0.938921377518,133.0,18.2276855555,98.0
2016-09-21,2,0,24.0,31.0,1,99.0,103.769230769,65.0,0.92100950508,133.0,18.2763144162,100.0
2016-09-22,3,0,24.0,32.0,1,99.0,102.307692308,65.0,0.895228726021,133.0,17.7520729684,142.0
2016-09-23,4,0,25.0,32.0,1,99.0,103.307692308,65.0,1.09712810584,142.0,19.5069400486,144.0
2016-09-24,5,1,25.0,32.0,1,100.0,106.615384615,65.0,1.19968919969,144.0,22.2832757623,119.0
2016-09-25,6,1,26.0,33.0,1,101.0,106.307692308,65.0,1.24711316397,144.0,22.0816130103,105.0
2016-09-26,0,0,26.0,34.0,1,101.0,107.538461538,65.0,1.13527687799,144.0,21.5214218311,122.0
2016-09-27,1,0,27.0,35.0,1,102.0,108.769230769,65.0,1.05375361657,144.0,21.853194965,80.0
2016-09-28,2,0,28.0,34.0,1,102.0,104.692307692,65.0,0.947092395496,144.0,21.8962048534,120.0
2016-09-29,3,0,21.0,28.0,0,102.0,108.230769231,65.0,0.992907801418,144.0,20.3097318323,120.0
2016-09-30,4,0,20.0,26.0,0,104.0,110.692307692,65.0,0.990865459049,144.0,19.6366400674,126.0
2016-10-01,5,1,20.0,28.0,0,104.0,112.230769231,65.0,1.12029384757,144.0,19.989050257,174.0
2016-10-02,6,1,23.0,31.0,1,104.0,117.307692308,65.0,1.25616868551,174.0,25.8051414537,142.0
2016-10-03,0,1,24.0,33.0,1,105.0,122.461538462,74.0,1.29126497225,174.0,23.4212769297,126.0
2016-10-04,1,1,24.0,32.0,1,106.0,124.615384615,74.0,1.28004633652,174.0,22.3349965526,114.0
2016-10-05,2,1,23.0,33.0,1,106.0,125.692307692,74.0,1.1154913126,174.0,21.4418161379,131.0
2016-10-06,3,1,25.0,32.0,1,106.0,124.846153846,74.0,1.05698005698,174.0,20.9939410814,106.0
2016-10-07,4,1,25.0,31.0,1,106.0,121.923076923,74.0,0.992366412214,174.0,20.767806219,117.0
2016-10-08,5,0,24.0,31.0,0,106.0,121.769230769,74.0,0.996200928662,174.0,20.796278684,108.0
2016-10-09,6,0,22.0,30.0,1,106.0,122.0,74.0,0.931476009568,174.0,20.6248543118,100.0
2016-10-10,0,0,22.0,30.0,1,106.0,120.307692308,74.0,0.905040378725,174.0,21.4418161379,83.0
2016-10-11,1,0,21.0,28.0,0,106.0,120.538461538,74.0,0.815468684321,174.0,21.0187293205,81.0
2016-10-12,2,0,20.0,25.0,0,106.0,117.538461538,74.0,0.745762711864,174.0,23.5163294644,86.0
2016-10-13,3,0,22.0,28.0,1,106.0,114.923076923,74.0,0.72337962963,174.0,24.9444352927,100.0
2016-10-14,4,0,20.0,30.0,1,106.0,112.923076923,74.0,0.787610619469,174.0,25.0183364707,88.0
2016-10-15,5,1,21.0,31.0,1,106.0,106.307692308,75.0,0.819500523404,174.0,18.5197799264,73.0
2016-10-16,6,1,24.0,32.0,1,106.0,101.0,73.0,0.791989076013,174.0,17.3825730591,85.0
2016-10-17,0,0,23.0,32.0,1,106.0,97.8461538462,73.0,0.759259259259,174.0,16.2426132506,93.0
2016-10-18,1,0,23.0,26.0,0,106.0,96.2307692308,73.0,0.770056757171,174.0,15.5867490376,71.0
2016-10-19,2,0,23.0,27.0,0,106.0,91.6153846154,71.0,0.781544256121,174.0,13.3274641915,93.0
2016-10-20,3,0,24.0,31.0,1,106.0,90.6153846154,71.0,0.817040216182,174.0,12.6827469819,94.0
2016-10-21,4,0,24.0,27.0,0,106.0,88.8461538462,71.0,0.832929782082,174.0,10.249548987,100.0
2016-10-22,5,1,24.0,30.0,1,105.0,88.2307692308,71.0,0.960991126737,174.0,9.2748945352,86.0
2016-10-23,6,1,24.0,31.0,1,101.0,87.1538461538,71.0,0.964685615848,174.0,8.6366495805,83.0
2016-10-24,0,0,24.0,30.0,1,101.0,87.1538461538,71.0,0.947850599013,174.0,8.6366495805,97.0
2016-10-25,1,0,24.0,31.0,1,101.0,88.3846153846,71.0,0.945777777778,174.0,8.81029521498,87.0
2016-10-26,2,0,25.0,32.0,1,101.0,88.4615384615,71.0,0.972146368105,174.0,8.79348871535,108.0
2016-10-27,3,0,24.0,33.0,1,101.0,89.0769230769,71.0,1.06201127478,174.0,9.80158180689,77.0
2016-10-28,4,0,22.0,33.0,1,101.0,88.2307692308,71.0,1.01134039784,174.0,10.3191669771,95.0
2016-10-29,5,1,20.0,29.0,1,101.0,89.9230769231,71.0,1.04868913858,174.0,9.44996164796,77.0
2016-10-30,6,1,19.0,28.0,1,100.0,89.3076923077,71.0,0.944792259533,174.0,9.99526515125,78.0
2016-10-31,0,0,19.0,27.0,1,100.0,88.1538461538,71.0,0.951293759513,142.0,10.3615127634,71.0
