time_stamp,dayofweek,holiday,lt,ht,sunny,m2M,w2A,m1L,d3w3,m1Lar,w2Std,pay_sum
2016-08-01,0,0,24.0,30.0,1,122.0,136.0,98.0,1.02716784518,173.0,22.7967609035,152.0
2016-08-02,1,0,24.0,33.0,1,122.0,140.153846154,98.0,0.987928061099,173.0,20.274448314,189.0
2016-08-03,2,0,25.0,34.0,1,124.0,147.153846154,98.0,1.15552325581,189.0,20.2212612931,168.0
2016-08-04,3,0,25.0,33.0,1,125.0,148.538461538,98.0,1.21712099474,189.0,20.9710987373,176.0
2016-08-05,4,0,25.0,32.0,1,125.0,148.769230769,98.0,1.24765917603,189.0,21.253610901,175.0
2016-08-06,5,1,24.0,33.0,1,125.0,152.692307692,98.0,1.20810055866,189.0,21.0252032475,155.0
2016-08-07,6,1,23.0,31.0,1,127.0,154.692307692,98.0,1.16805170822,189.0,19.8818998295,126.0
2016-08-08,0,0,24.0,32.0,1,127.0,153.615384615,98.0,1.04503265727,189.0,20.9964775857,131.0
2016-08-09,1,0,25.0,33.0,1,129.0,152.307692308,98.0,0.933605257195,189.0,21.81878025,147.0
2016-08-10,2,0,26.0,33.0,1,129.0,153.307692308,98.0,0.900479215424,189.0,21.2472065689,176.0
2016-08-11,3,0,27.0,34.0,1,130.0,154.538461538,98.0,1.00320406585,189.0,22.047554843,158.0
2016-08-12,4,0,25.0,29.0,0,131.0,154.0,98.0,1.06817677104,189.0,21.8702467363,155.0
2016-08-13,5,1,24.0,31.0,0,131.0,157.230769231,98.0,1.07484338938,189.0,18.4021480609,154.0
2016-08-14,6,1,24.0,33.0,1,132.0,158.615384615,98.0,1.01809461522,189.0,17.4026455174,136.0
2016-08-15,0,0,21.0,29.0,0,132.0,157.384615385,98.0,0.971403623663,189.0,18.3660994625,160.0
2016-08-16,1,0,23.0,31.0,1,132.0,155.153846154,98.0,0.978473581213,189.0,15.9992603379,162.0
2016-08-17,2,0,23.0,28.0,0,133.0,154.692307692,98.0,0.986856280974,189.0,15.7058764866,163.0
2016-08-18,3,0,22.0,24.0,0,134.0,153.692307692,98.0,1.04402109568,189.0,14.6989513775,150.0
2016-08-19,4,0,22.0,32.0,1,136.0,151.769230769,113.0,1.02747133896,189.0,13.3598355941,206.0
2016-08-20,5,1,23.0,31.0,1,136.0,155.692307692,113.0,1.08976377953,206.0,19.710928696,165.0
2016-08-21,6,1,23.0,34.0,1,139.0,158.692307692,113.0,1.08406158968,206.0,17.8428378882,162.0
2016-08-22,0,0,23.0,32.0,1,140.0,161.076923077,113.0,1.10557975524,206.0,15.9540761055,189.0
2016-08-23,1,0,24.0,30.0,0,141.0,164.307692308,113.0,1.07031736154,206.0,16.9949522614,196.0
2016-08-24,2,0,24.0,31.0,0,142.0,165.846153846,113.0,1.12482006992,206.0,18.7938048461,188.0
2016-08-25,3,0,18.0,30.0,1,143.0,168.153846154,113.0,1.17393976644,206.0,19.516644391,185.0
2016-08-26,4,0,17.0,29.0,1,147.0,170.461538462,113.0,1.16217320261,206.0,19.5983334637,182.0
2016-08-27,5,1,20.0,32.0,1,148.0,172.615384615,113.0,1.12427833485,206.0,19.2055218884,183.0
2016-08-28,6,1,18.0,31.0,1,148.0,176.230769231,113.0,1.09518120271,206.0,16.1538461538,167.0
2016-08-29,0,0,19.0,31.0,1,150.0,176.769230769,126.0,1.04806934594,206.0,15.7145393048,202.0
2016-08-30,1,0,19.0,31.0,1,150.0,179.846153846,126.0,1.0700785112,206.0,16.4215906371,188.0
2016-08-31,2,0,19.0,33.0,1,152.0,181.769230769,126.0,1.07601661354,206.0,15.787793952,191.0
2016-09-01,3,0,19.0,27.0,1,154.0,184.923076923,126.0,1.11174894757,206.0,12.9701523534,176.0
2016-09-02,4,0,19.0,28.0,1,155.0,182.615384615,126.0,1.05563480742,206.0,11.6125824434,198.0
2016-09-03,5,1,20.0,30.0,1,155.0,185.153846154,126.0,1.06133183056,206.0,11.079059623,171.0
2016-09-04,6,1,18.0,29.0,0,158.0,185.846153846,126.0,1.01376488095,206.0,9.82027850025,166.0
2016-09-05,0,0,20.0,31.0,1,159.0,184.076923077,126.0,0.993500464253,206.0,11.0833314796,185.0
2016-09-06,1,0,21.0,30.0,1,160.0,183.230769231,131.0,0.963188486023,206.0,10.547721928,185.0
2016-09-07,2,0,19.0,31.0,1,160.0,183.0,136.0,0.983035304906,206.0,10.4734095543,188.0
2016-09-08,3,0,18.0,31.0,1,162.0,183.230769231,136.0,1.0127960795,206.0,10.547721928,205.0
2016-09-09,4,0,19.0,31.0,1,162.0,185.0,136.0,1.04938271605,206.0,12.0192153846,201.0
2016-09-10,5,1,18.0,30.0,1,162.0,186.384615385,136.0,1.06796116505,206.0,12.7251323798,173.0
2016-09-11,6,1,18.0,25.0,0,163.0,186.846153846,136.0,1.03791341759,206.0,12.1075065962,144.0
2016-09-12,0,0,18.0,27.0,1,163.0,182.384615385,136.0,0.939938305208,206.0,15.818871211,133.0
2016-09-13,1,0,19.0,27.0,1,163.0,178.153846154,133.0,0.830794793686,206.0,20.4331787272,180.0
2016-09-14,2,0,20.0,30.0,1,165.0,177.307692308,133.0,0.845591636599,206.0,20.1088752521,147.0
2016-09-15,3,1,21.0,30.0,1,165.0,175.076923077,133.0,0.860215053763,206.0,21.6775727369,113.0
2016-09-16,4,1,20.0,30.0,0,165.0,168.538461538,113.0,0.839054157132,206.0,26.137551485,128.0
2016-09-17,5,1,17.0,24.0,1,165.0,165.230769231,113.0,0.751719461397,206.0,28.2520355867,106.0
2016-09-18,6,0,15.0,22.0,0,165.0,160.615384615,106.0,0.684418145957,205.0,32.3527158806,138.0
2016-09-19,0,0,13.0,25.0,1,165.0,157.0,106.0,0.747889022919,205.0,32.0504410146,146.0
2016-09-20,1,0,14.0,26.0,1,163.0,154.0,106.0,0.794135613928,205.0,31.1003339087,153.0
2016-09-21,2,0,16.0,23.0,0,163.0,151.307692308,106.0,0.90028842192,205.0,29.5150147328,197.0
2016-09-22,3,0,17.0,26.0,0,165.0,150.692307692,106.0,1.01524920684,205.0,28.4534291982,160.0
2016-09-23,4,0,19.0,27.0,1,165.0,147.538461538,106.0,1.05622864244,205.0,24.731217845,185.0
2016-09-24,5,1,20.0,29.0,1,165.0,148.461538462,106.0,1.11764099392,205.0,25.8624033169,159.0
2016-09-25,6,1,19.0,27.0,1,165.0,149.615384615,106.0,1.04153750775,205.0,25.9719921973,94.0
2016-09-26,0,0,19.0,24.0,0,165.0,146.615384615,94.0,0.931419457735,205.0,29.7024693652,146.0
2016-09-27,1,0,12.0,23.0,1,165.0,144.0,94.0,0.859173126615,205.0,28.1014645115,141.0
2016-09-28,2,0,10.0,20.0,1,165.0,143.538461538,94.0,0.833060019679,205.0,28.097674102,163.0
2016-09-29,3,0,12.0,22.0,1,165.0,147.384615385,94.0,0.997672098437,205.0,27.0570294053,143.0
2016-09-30,4,0,14.0,24.0,1,165.0,148.538461538,94.0,1.01051203798,205.0,26.5202836295,159.0
2016-10-01,5,1,15.0,26.0,1,163.0,152.615384615,94.0,1.05621805792,205.0,23.5781465362,125.0
2016-10-02,6,1,16.0,26.0,1,163.0,151.615384615,94.0,0.976223136717,205.0,24.4368525656,112.0
2016-10-03,0,1,16.0,28.0,1,162.0,149.0,94.0,0.911917098446,205.0,26.6198306647,108.0
2016-10-04,1,1,11.0,19.0,0,162.0,145.538461538,94.0,0.814736096351,205.0,28.7177655672,82.0
2016-10-05,2,1,13.0,21.0,1,162.0,136.692307692,82.0,0.729997582789,205.0,29.2111270037,96.0
2016-10-06,3,1,14.0,17.0,0,162.0,131.769230769,82.0,0.695609874742,205.0,30.2430000703,102.0
2016-10-07,4,1,12.0,16.0,0,162.0,125.384615385,82.0,0.687538367096,205.0,26.9087874167,102.0
2016-10-08,5,0,5.0,19.0,1,162.0,121.0,82.0,0.73773515308,201.0,25.6904651573,158.0
2016-10-09,6,0,8.0,18.0,1,160.0,125.923076923,82.0,0.883681191261,197.0,26.1723916148,128.0
2016-10-10,0,0,10.0,20.0,1,160.0,124.538461538,82.0,0.953434082811,197.0,25.5421684057,153.0
2016-10-11,1,0,10.0,20.0,1,160.0,125.461538462,82.0,1.07875660401,197.0,26.3252303215,166.0
2016-10-12,2,0,10.0,19.0,1,162.0,125.692307692,82.0,1.11111111111,197.0,26.6642503836,180.0
2016-10-13,3,0,12.0,22.0,1,162.0,128.538461538,82.0,1.23118677523,197.0,30.1116266444,165.0
2016-10-14,4,0,13.0,23.0,1,163.0,129.0,82.0,1.27019637087,197.0,30.6167375039,172.0
2016-10-15,5,1,11.0,17.0,0,163.0,132.615384615,82.0,1.27891156463,197.0,32.6391422906,141.0
2016-10-16,6,1,12.0,20.0,1,163.0,134.846153846,82.0,1.16216873328,197.0,32.1411458171,146.0
2016-10-17,0,0,9.0,21.0,1,163.0,137.769230769,82.0,1.11597374179,197.0,31.2832072086,149.0
2016-10-18,1,0,12.0,20.0,1,162.0,142.923076923,82.0,1.05696969697,197.0,26.8799654832,166.0
2016-10-19,2,0,14.0,22.0,1,162.0,148.307692308,82.0,1.11635791258,197.0,23.7725912486,154.0
2016-10-20,3,0,11.0,15.0,0,160.0,152.307692308,82.0,1.1312108056,197.0,19.6640422145,153.0
2016-10-21,4,0,11.0,11.0,0,159.0,156.230769231,82.0,1.14334058496,185.0,13.2905625635,133.0
2016-10-22,5,1,7.0,15.0,1,159.0,154.307692308,82.0,1.06049650518,185.0,14.6360178242,142.0
2016-10-23,6,1,0.0,5.0,1,158.0,155.384615385,82.0,1.02050548402,180.0,13.0945582446,121.0
2016-10-24,0,0,6.0,13.0,1,154.0,152.923076923,82.0,0.939836240655,180.0,15.9974110331,138.0
2016-10-25,1,0,10.0,17.0,1,153.0,150.769230769,82.0,0.933100639907,180.0,15.9766841951,153.0
2016-10-26,2,0,0.0,10.0,1,153.0,148.692307692,82.0,0.939995436915,180.0,13.6234222256,154.0
2016-10-27,3,0,7.0,11.0,0,153.0,147.846153846,82.0,0.99753418516,180.0,12.9070413332,103.0
2016-10-28,4,0,2.0,13.0,1,153.0,142.538461538,82.0,0.918767507003,180.0,15.7559043127,145.0
2016-10-29,5,1,2.0,12.0,1,153.0,142.846153846,82.0,0.904794058069,180.0,15.7619119977,149.0
2016-10-30,6,1,2.0,13.0,1,149.0,143.076923077,82.0,0.887249972064,180.0,15.828219874,123.0
2016-10-31,0,0,-4.0,6.0,1,149.0,141.076923077,82.0,0.941415509651,180.0,16.5783062068,114.0
