time_stamp,dayofweek,holiday,lt,ht,sunny,m2M,w2A,m1L,d3w3,m1Lar,w2Std,pay_sum
2016-08-01,0,0,27.0,37.0,1,126.0,131.076923077,68.0,0.79060665362,180.0,31.9096357245,157.0
2016-08-02,1,0,27.0,35.0,0,126.0,131.538461538,68.0,0.881329725551,180.0,32.2361846011,126.0
2016-08-03,2,0,26.0,32.0,0,126.0,129.461538462,68.0,0.947964966512,180.0,31.6510186605,147.0
2016-08-04,3,0,27.0,33.0,0,128.0,129.769230769,68.0,1.10214020249,180.0,31.8002270097,147.0
2016-08-05,4,0,26.0,33.0,0,129.0,130.461538462,68.0,1.06747998475,180.0,32.0687132087,172.0
2016-08-06,5,1,26.0,34.0,0,129.0,135.769230769,68.0,1.15019128718,180.0,32.7863804889,112.0
2016-08-07,6,1,27.0,35.0,1,126.0,139.153846154,68.0,1.05096317971,180.0,27.4530260455,105.0
2016-08-08,0,0,26.0,34.0,0,126.0,135.0,68.0,0.971285892634,180.0,28.2107453614,173.0
2016-08-09,1,0,26.0,30.0,0,129.0,136.384615385,68.0,0.965824665676,180.0,29.5674937455,165.0
2016-08-10,2,0,27.0,35.0,0,130.0,135.230769231,68.0,1.09220907298,180.0,28.0991482109,185.0
2016-08-11,3,0,27.0,36.0,1,134.0,137.846153846,68.0,1.26972566157,185.0,30.8889976774,160.0
2016-08-12,4,0,27.0,36.0,1,134.0,141.076923077,68.0,1.22832369942,185.0,30.8406862601,144.0
2016-08-13,5,1,27.0,35.0,1,135.0,144.461538462,68.0,1.16055535778,185.0,28.4702689313,101.0
2016-08-14,6,1,28.0,35.0,1,135.0,145.692307692,68.0,0.950035186488,185.0,26.1221527426,90.0
2016-08-15,0,0,27.0,36.0,1,135.0,140.538461538,68.0,0.805385262652,185.0,29.7414897579,197.0
2016-08-16,1,0,26.0,36.0,1,135.0,146.0,68.0,0.918886915335,197.0,32.9194821905,152.0
2016-08-17,2,0,28.0,37.0,1,136.0,146.384615385,68.0,1.05011362277,197.0,32.9581050182,159.0
2016-08-18,3,0,28.0,37.0,1,138.0,147.307692308,68.0,1.21168753727,197.0,33.1300110645,180.0
2016-08-19,4,0,28.0,38.0,1,138.0,147.923076923,68.0,1.14572395286,197.0,33.6531208713,162.0
2016-08-20,5,1,27.0,37.0,0,139.0,151.769230769,68.0,1.14422747516,197.0,32.1514537203,108.0
2016-08-21,6,1,27.0,35.0,0,139.0,152.0,68.0,1.01971447995,197.0,31.8240354256,105.0
2016-08-22,0,0,27.0,36.0,1,138.0,146.769230769,68.0,0.865051903114,197.0,33.4874347185,178.0
2016-08-23,1,0,27.0,35.0,0,139.0,147.769230769,85.0,0.886018581464,197.0,34.2033598128,222.0
2016-08-24,2,0,27.0,35.0,1,143.0,150.615384615,85.0,1.11589879571,222.0,38.4578459766,174.0
2016-08-25,3,0,26.0,35.0,1,143.0,151.692307692,85.0,1.25711782742,222.0,38.8990500485,160.0
2016-08-26,4,0,25.0,34.0,0,143.0,152.923076923,85.0,1.22251539138,222.0,38.8893134193,204.0
2016-08-27,5,1,23.0,31.0,1,143.0,160.846153846,85.0,1.14810072557,222.0,37.9855157696,137.0
2016-08-28,6,1,21.0,31.0,1,143.0,164.461538462,85.0,1.05830164766,222.0,32.9769508891,177.0
2016-08-29,0,0,21.0,32.0,1,143.0,162.923076923,85.0,1.09282700422,222.0,31.8710419285,241.0
2016-08-30,1,0,21.0,32.0,1,144.0,169.769230769,90.0,1.1433868974,241.0,37.7973418808,229.0
2016-08-31,2,0,21.0,33.0,1,147.0,175.153846154,90.0,1.31504065041,241.0,40.7503584767,202.0
2016-09-01,3,0,23.0,33.0,0,147.0,176.846153846,90.0,1.34858518964,241.0,41.3685985591,202.0
2016-09-02,4,0,22.0,34.0,1,151.0,179.923076923,90.0,1.24852071006,241.0,41.6366361208,202.0
2016-09-03,5,1,23.0,35.0,1,151.0,187.153846154,90.0,1.16058603849,241.0,36.3441798406,202.0
2016-09-04,6,1,24.0,32.0,1,151.0,194.615384615,90.0,1.12440857222,241.0,27.6225617414,202.0
2016-09-05,0,0,24.0,30.0,0,152.0,196.461538462,90.0,1.12284602557,241.0,27.2498846423,202.0
2016-09-06,1,0,23.0,28.0,0,153.0,194.923076923,90.0,1.10745614035,241.0,26.3130898646,202.0
2016-09-07,2,0,21.0,27.0,0,155.0,197.076923077,90.0,1.09455432132,241.0,25.6498959016,147.0
2016-09-08,3,0,22.0,30.0,1,155.0,196.076923077,90.0,1.0041917259,241.0,27.2776649645,227.0
2016-09-09,4,0,22.0,29.0,1,155.0,197.846153846,90.0,1.03142626914,241.0,28.4546769276,203.0
2016-09-10,5,1,22.0,28.0,0,157.0,202.923076923,90.0,1.00750829405,241.0,22.3863335317,145.0
2016-09-11,6,1,21.0,25.0,0,157.0,200.461538462,90.0,0.993606359081,241.0,26.4854543087,180.0
2016-09-12,0,0,21.0,27.0,1,159.0,195.769230769,90.0,0.911917098446,241.0,24.1920325287,194.0
2016-09-13,1,0,21.0,28.0,0,159.0,193.076923077,105.0,0.902922755741,241.0,22.2103979061,215.0
2016-09-14,2,0,21.0,25.0,0,160.0,194.076923077,105.0,1.01385661417,241.0,22.872427265,177.0
2016-09-15,3,1,22.0,25.0,0,160.0,192.153846154,105.0,1.00428449015,241.0,23.1744094733,52.0
2016-09-16,4,1,23.0,27.0,0,160.0,180.615384615,52.0,0.791867308721,241.0,43.6745630273,112.0
2016-09-17,5,1,22.0,27.0,1,160.0,173.692307692,52.0,0.61226321932,241.0,46.7602471129,134.0
2016-09-18,6,0,22.0,26.0,0,160.0,168.461538462,52.0,0.541326067212,241.0,47.1031852338,189.0
2016-09-19,0,0,20.0,27.0,1,160.0,167.461538462,52.0,0.801547816473,241.0,46.5148700535,169.0
2016-09-20,1,0,19.0,26.0,1,162.0,164.923076923,52.0,0.921866216976,241.0,45.4489765281,214.0
2016-09-21,2,0,19.0,26.0,1,165.0,170.076923077,52.0,1.06816059757,241.0,46.8999943226,200.0
2016-09-22,3,0,20.0,27.0,1,169.0,168.0,52.0,1.08931240658,241.0,44.8878945477,192.0
2016-09-23,4,0,20.0,29.0,1,172.0,167.153846154,52.0,1.13546936481,241.0,44.3202439487,213.0
2016-09-24,5,1,21.0,30.0,1,173.0,172.384615385,52.0,1.13010180256,241.0,45.3966085848,166.0
2016-09-25,6,1,21.0,30.0,1,172.0,171.307692308,52.0,1.07746013775,241.0,45.3692281608,121.0
2016-09-26,0,0,24.0,31.0,1,172.0,165.692307692,52.0,0.96562379297,241.0,46.7108694572,207.0
2016-09-27,1,0,23.0,28.0,0,173.0,165.076923077,52.0,0.952656445859,241.0,46.1060008416,218.0
2016-09-28,2,0,22.0,28.0,0,174.0,168.230769231,52.0,1.03174603175,229.0,48.169817946,206.0
2016-09-29,3,0,22.0,25.0,0,177.0,180.076923077,52.0,1.1995057504,227.0,35.3628695722,214.0
2016-09-30,4,0,22.0,29.0,0,177.0,187.923076923,52.0,1.20902027667,227.0,30.3478843223,219.0
2016-10-01,5,1,23.0,30.0,0,178.0,194.461538462,52.0,1.1859688196,227.0,26.9974796106,83.0
2016-10-02,6,1,22.0,30.0,1,178.0,186.307692308,52.0,0.98426323319,227.0,40.1964112738,84.0
2016-10-03,0,1,21.0,27.0,0,178.0,179.769230769,52.0,0.760216642048,227.0,48.5293786455,70.0
2016-10-04,1,1,20.0,27.0,1,178.0,168.692307692,52.0,0.487654320988,227.0,55.3997842475,103.0
2016-10-05,2,1,21.0,27.0,1,178.0,161.230769231,52.0,0.541166561381,227.0,57.1841207735,93.0
2016-10-06,3,1,22.0,27.0,0,178.0,153.615384615,52.0,0.552957073069,227.0,59.1380893289,110.0
2016-10-07,4,1,20.0,23.0,0,178.0,145.692307692,52.0,0.636505460218,227.0,57.5291024885,131.0
2016-10-08,5,0,17.0,22.0,0,178.0,143.0,52.0,0.69539870914,219.0,57.334376854,185.0
2016-10-09,6,0,16.0,22.0,1,178.0,147.923076923,52.0,0.888055034396,219.0,57.9780615518,234.0
2016-10-10,0,0,15.0,21.0,1,180.0,150.0,52.0,1.12371028706,234.0,60.4864892734,196.0
2016-10-11,1,0,17.0,23.0,1,180.0,148.307692308,52.0,1.26348228043,234.0,58.8458019095,212.0
2016-10-12,2,0,18.0,25.0,1,185.0,148.769230769,52.0,1.31409272337,234.0,59.3181174116,219.0
2016-10-13,3,0,18.0,23.0,1,189.0,149.153846154,52.0,1.27283800244,234.0,59.7544284215,218.0
2016-10-14,4,0,19.0,22.0,0,189.0,149.076923077,52.0,1.3154960981,234.0,59.6650413539,213.0
2016-10-15,5,1,20.0,23.0,0,192.0,159.076923077,70.0,1.29896083133,234.0,58.6376900826,159.0
2016-10-16,6,1,20.0,26.0,0,192.0,164.846153846,70.0,1.16577751433,234.0,54.5116023696,128.0
2016-10-17,0,0,20.0,24.0,0,192.0,169.307692308,70.0,1.01163378857,234.0,48.6215916193,191.0
2016-10-18,1,0,20.0,24.0,0,192.0,176.076923077,70.0,0.975112199102,234.0,44.9023924983,210.0
2016-10-19,2,0,20.0,24.0,0,194.0,185.076923077,70.0,1.07783211084,234.0,38.6372907524,214.0
2016-10-20,3,0,21.0,25.0,0,196.0,193.076923077,70.0,1.25305623472,234.0,32.5516430838,196.0
2016-10-21,4,0,21.0,25.0,0,196.0,198.076923077,70.0,1.27218631374,234.0,27.1816157851,186.0
2016-10-22,5,1,20.0,23.0,0,196.0,198.153846154,70.0,1.18536197295,234.0,27.145891186,128.0
2016-10-23,6,1,17.0,23.0,0,196.0,190.0,70.0,1.0011778563,234.0,30.824565628,130.0
2016-10-24,0,0,19.0,24.0,1,196.0,184.923076923,70.0,0.856481481481,234.0,34.6198287745,189.0
2016-10-25,1,0,19.0,23.0,1,194.0,183.153846154,70.0,0.841332580463,234.0,33.7680917979,176.0
2016-10-26,2,0,19.0,24.0,0,194.0,179.846153846,70.0,0.910344827586,234.0,32.1626782128,213.0
2016-10-27,3,0,18.0,24.0,0,196.0,179.461538462,70.0,1.03361945637,234.0,31.7311188792,197.0
2016-10-28,4,0,15.0,19.0,0,196.0,178.230769231,70.0,1.02969601125,234.0,30.6999219396,200.0
2016-10-29,5,1,12.0,15.0,0,196.0,181.384615385,70.0,1.06764680144,234.0,30.6682959862,167.0
2016-10-30,6,1,14.0,18.0,1,194.0,184.384615385,70.0,1.00481026189,234.0,26.9858608607,131.0
2016-10-31,0,0,12.0,17.0,0,192.0,179.769230769,70.0,0.902909980963,234.0,30.3775064712,212.0
