time_stamp,dayofweek,holiday,lt,ht,sunny,m2M,w2A,m1L,d3w3,m1Lar,w2Std,pay_sum
2016-08-01,0,0,27.0,37.0,1,59.0,73.8461538462,1.0,1.29931490669,126.0,21.897826214,66.0
2016-08-02,1,0,26.0,36.0,0,59.0,75.3846153846,1.0,1.27457948353,123.0,20.5483986332,69.0
2016-08-03,2,0,25.0,31.0,0,59.0,77.1538461538,1.0,1.14232209738,123.0,18.8632575449,64.0
2016-08-04,3,0,25.0,29.0,0,59.0,77.9230769231,1.0,0.921296296296,123.0,18.0914834977,50.0
2016-08-05,4,0,25.0,31.0,0,59.0,77.2307692308,1.0,0.819341840161,123.0,18.9540084908,73.0
2016-08-06,5,1,24.0,32.0,0,60.0,74.7692307692,1.0,0.854466529586,123.0,17.1829694136,122.0
2016-08-07,6,1,25.0,32.0,0,60.0,75.8461538462,1.0,1.11719106247,123.0,19.512702584,116.0
2016-08-08,0,0,26.0,32.0,0,60.0,79.1538461538,1.0,1.36403508772,122.0,22.2082664923,83.0
2016-08-09,1,0,26.0,32.0,0,60.0,80.6153846154,1.0,1.37443802184,122.0,21.7840395404,168.0
2016-08-10,2,0,26.0,34.0,0,60.0,88.2307692308,1.0,1.45721659718,168.0,31.5208205822,47.0
2016-08-11,3,0,27.0,35.0,0,60.0,87.1538461538,1.0,1.18819776715,168.0,32.6516489249,73.0
2016-08-12,4,0,28.0,38.0,1,61.0,87.2307692308,1.0,1.13879003559,168.0,32.6170173757,93.0
2016-08-13,5,1,28.0,37.0,1,64.0,87.1538461538,1.0,0.848267622461,168.0,32.6021380938,128.0
2016-08-14,6,1,28.0,37.0,1,64.0,88.6153846154,46.0,1.15702479339,168.0,33.9468780972,133.0
2016-08-15,0,0,28.0,37.0,1,66.0,93.7692307692,46.0,1.34549600912,168.0,35.1855605134,71.0
2016-08-16,1,0,27.0,37.0,1,69.0,93.9230769231,46.0,1.25686163165,168.0,35.0811400974,93.0
2016-08-17,2,0,27.0,36.0,1,69.0,96.1538461538,46.0,1.10924369748,168.0,34.0132240207,87.0
2016-08-18,3,0,28.0,37.0,1,69.0,99.0,46.0,0.923983066446,168.0,31.48626074,93.0
2016-08-19,4,0,27.0,37.0,1,70.0,100.538461538,47.0,0.993449781659,168.0,30.6559453002,101.0
2016-08-20,5,1,26.0,36.0,1,71.0,98.9230769231,47.0,1.01866956679,168.0,30.0293741795,132.0
2016-08-21,6,1,26.0,34.0,1,72.0,100.153846154,47.0,1.16720372359,168.0,31.0157432824,99.0
2016-08-22,0,0,27.0,33.0,1,73.0,101.384615385,47.0,1.16798592788,168.0,30.6256264276,59.0
2016-08-23,1,0,27.0,34.0,1,73.0,93.0,47.0,1.02564102564,168.0,25.7771514808,67.0
2016-08-24,2,0,27.0,34.0,1,72.0,94.5384615385,47.0,0.794491525424,168.0,23.480320351,76.0
2016-08-25,3,0,24.0,35.0,0,72.0,94.7692307692,47.0,0.703587600139,168.0,23.2814017756,72.0
2016-08-26,4,0,21.0,27.0,0,72.0,93.1538461538,47.0,0.749259452866,168.0,24.063525395,62.0
2016-08-27,5,1,18.0,27.0,1,72.0,88.0769230769,47.0,0.755531570426,168.0,23.1199598697,103.0
2016-08-28,6,1,18.0,30.0,1,72.0,85.7692307692,47.0,0.858695652174,168.0,19.7762633406,72.0
2016-08-29,0,0,19.0,31.0,1,72.0,85.8461538462,47.0,0.863860032805,168.0,19.7205326572,49.0
2016-08-30,1,0,20.0,31.0,1,72.0,82.4615384615,47.0,0.873294346979,168.0,21.8618578443,48.0
2016-08-31,2,0,21.0,32.0,1,72.0,79.4615384615,47.0,0.658484317163,168.0,23.6370484446,46.0
2016-09-01,3,0,21.0,31.0,1,72.0,75.8461538462,46.0,0.566112430721,168.0,24.8529402497,29.0
2016-09-02,4,0,22.0,33.0,1,72.0,70.3076923077,29.0,0.506172839506,168.0,26.592030661,53.0
2016-09-03,5,1,22.0,33.0,1,72.0,64.2307692308,29.0,0.552319309601,168.0,20.0121265012,88.0
2016-09-04,6,1,22.0,31.0,1,72.0,63.3846153846,29.0,0.755555555556,168.0,18.7146115747,67.0
2016-09-05,0,0,23.0,32.0,1,72.0,64.0,29.0,0.926916221034,168.0,18.6918328525,17.0
2016-09-06,1,0,21.0,31.0,1,72.0,60.1538461538,17.0,0.807511737089,168.0,22.4459904038,22.0
2016-09-07,2,0,23.0,32.0,1,71.0,56.0,17.0,0.521525215252,168.0,24.0672135743,24.0
2016-09-08,3,0,22.0,32.0,1,70.0,52.3076923077,17.0,0.326594090202,133.0,24.9934902767,22.0
2016-09-09,4,0,21.0,31.0,0,70.0,49.2307692308,17.0,0.37558685446,133.0,26.0507015885,55.0
2016-09-10,5,1,22.0,32.0,1,69.0,45.5384615385,17.0,0.59587020649,133.0,21.0990899717,119.0
2016-09-11,6,1,20.0,31.0,1,71.0,49.1538461538,17.0,1.13623188406,133.0,28.1666637489,71.0
2016-09-12,0,0,22.0,33.0,1,71.0,50.8461538462,17.0,1.40562248996,133.0,28.7612082603,27.0
2016-09-13,1,0,21.0,32.0,1,71.0,49.2307692308,17.0,1.28936423054,132.0,29.4570191352,32.0
2016-09-14,2,0,21.0,31.0,1,71.0,48.1538461538,17.0,0.803957946815,132.0,29.8092555421,40.0
2016-09-15,3,1,23.0,31.0,0,69.0,49.0,17.0,0.630975143403,132.0,29.4069588834,81.0
2016-09-16,4,1,22.0,30.0,0,71.0,51.1538461538,17.0,0.957746478873,132.0,30.6213755252,90.0
2016-09-17,5,1,21.0,32.0,1,71.0,51.3076923077,17.0,1.3371356147,132.0,30.8105491809,61.0
2016-09-18,6,0,20.0,31.0,1,71.0,50.8461538462,17.0,1.48575088056,132.0,30.6163509704,24.0
2016-09-19,0,0,18.0,29.0,1,71.0,51.3846153846,17.0,1.14829396325,119.0,30.0730865151,13.0
2016-09-20,1,0,18.0,27.0,1,71.0,50.6923076923,13.0,0.665987088005,119.0,30.8355055475,21.0
2016-09-21,2,0,17.0,28.0,1,71.0,50.4615384615,13.0,0.404463040446,119.0,31.0449187831,27.0
2016-09-22,3,0,17.0,30.0,1,69.0,50.8461538462,13.0,0.426275331936,119.0,30.7191900781,23.0
2016-09-23,4,0,18.0,31.0,1,69.0,48.3846153846,13.0,0.512265512266,119.0,31.5583427018,22.0
2016-09-24,5,1,22.0,32.0,1,69.0,40.9230769231,13.0,0.559440559441,119.0,24.7027296482,66.0
2016-09-25,6,1,23.0,30.0,1,67.0,40.5384615385,13.0,0.863477246208,119.0,24.2665181954,42.0
2016-09-26,0,0,23.0,33.0,1,67.0,41.6923076923,13.0,0.98261526833,119.0,23.9498983951,22.0
2016-09-27,1,0,22.0,32.0,1,67.0,40.9230769231,13.0,0.98261526833,119.0,24.4051115026,18.0
2016-09-28,2,0,16.0,25.0,0,66.0,39.2307692308,13.0,0.62404870624,119.0,25.1614902523,22.0
2016-09-29,3,0,15.0,18.0,0,66.0,34.6923076923,13.0,0.471841704718,119.0,22.38606921,23.0
2016-09-30,4,0,17.0,20.0,0,64.0,29.5384615385,13.0,0.497630331754,119.0,15.8046506525,62.0
2016-10-01,5,1,17.0,20.0,0,62.0,29.6153846154,13.0,0.906395595087,119.0,15.9592676791,105.0
2016-10-02,6,1,16.0,23.0,0,62.0,35.8461538462,13.0,1.54283394235,119.0,25.5066994332,91.0
2016-10-03,0,1,18.0,29.0,1,66.0,41.8461538462,13.0,1.94350282486,119.0,28.4330418672,103.0
2016-10-04,1,1,17.0,30.0,1,66.0,48.1538461538,13.0,2.08507670851,119.0,31.9827986312,100.0
2016-10-05,2,1,18.0,30.0,1,66.0,53.7692307692,13.0,1.92913385827,119.0,34.1132815239,125.0
2016-10-06,3,1,19.0,29.0,1,66.0,61.6153846154,13.0,2.06289308176,125.0,37.6778622241,80.0
2016-10-07,4,1,19.0,27.0,1,66.0,66.0769230769,13.0,1.93650793651,125.0,36.1247018374,70.0
2016-10-08,5,0,16.0,26.0,1,66.0,66.3846153846,13.0,1.73119294932,125.0,36.1397681265,25.0
2016-10-09,6,0,16.0,24.0,1,66.0,65.0769230769,13.0,1.10062893082,125.0,37.2877821575,33.0
2016-10-10,0,0,16.0,23.0,1,62.0,65.9230769231,13.0,0.79012345679,125.0,36.4152578725,15.0
2016-10-11,1,0,16.0,21.0,1,62.0,65.6923076923,13.0,0.453134698945,125.0,36.7263992568,20.0
2016-10-12,2,0,16.0,19.0,1,61.0,65.5384615385,13.0,0.424867228991,125.0,36.9128190879,26.0
2016-10-13,3,0,15.0,18.0,0,59.0,65.7692307692,13.0,0.380062305296,125.0,36.6546331339,15.0
2016-10-14,4,0,15.0,19.0,1,55.0,62.1538461538,13.0,0.382565067419,125.0,39.0854018663,29.0
2016-10-15,5,1,16.0,23.0,1,53.0,56.3076923077,13.0,0.454840805718,125.0,37.9055194182,86.0
2016-10-16,6,1,16.0,24.0,1,53.0,55.9230769231,13.0,0.809968847352,125.0,37.5754861547,53.0
2016-10-17,0,0,16.0,23.0,1,53.0,52.0769230769,13.0,1.01725703906,125.0,35.0328670701,28.0
2016-10-18,1,0,18.0,25.0,1,49.0,46.5384615385,13.0,1.00210021002,125.0,32.6275376487,24.0
2016-10-19,2,0,18.0,24.0,0,48.0,38.7692307692,15.0,0.62893081761,125.0,23.8687238103,20.0
2016-10-20,3,0,19.0,23.0,0,46.0,34.1538461538,15.0,0.432432432432,125.0,21.0889914915,21.0
2016-10-21,4,0,18.0,24.0,0,42.0,30.3846153846,15.0,0.405363267852,125.0,18.5743349049,44.0
2016-10-22,5,1,16.0,21.0,0,42.0,31.8461538462,15.0,0.562169312169,125.0,18.8387740653,79.0
2016-10-23,6,1,15.0,18.0,1,42.0,35.3846153846,15.0,0.963855421687,125.0,22.6564253462,59.0
2016-10-24,0,0,12.0,16.0,0,42.0,38.7692307692,15.0,1.27450980392,125.0,22.6449309871,9.0
2016-10-25,1,0,12.0,16.0,0,40.0,37.9230769231,9.0,1.13821138211,125.0,23.5190971126,27.0
2016-10-26,2,0,13.0,16.0,0,33.0,38.0,9.0,0.83005679336,125.0,23.4815803426,13.0
2016-10-27,3,0,12.0,16.0,0,32.0,37.8461538462,9.0,0.469348659004,125.0,23.637799435,27.0
2016-10-28,4,0,9.0,14.0,0,29.0,37.6923076923,9.0,0.684022460439,125.0,23.7012969959,38.0
2016-10-29,5,1,7.0,11.0,0,29.0,34.0,9.0,0.780780780781,125.0,19.1993589637,67.0
2016-10-30,6,1,9.0,15.0,0,29.0,35.0769230769,9.0,1.25714285714,125.0,20.578037353,78.0
2016-10-31,0,0,9.0,14.0,0,32.0,38.9230769231,9.0,1.59895150721,125.0,23.3780355115,31.0
