time_stamp,dayofweek,holiday,lt,ht,sunny,m2M,w2A,m1L,d3w3,m1Lar,w2Std,pay_sum
2016-08-01,0,0,19.0,28.0,1,106.0,102.0,81.0,0.978622327791,136.0,9.53535929701,119.0
2016-08-02,1,0,19.0,31.0,1,106.0,104.846153846,81.0,1.06060606061,136.0,8.61881799719,112.0
2016-08-03,2,0,20.0,32.0,1,106.0,105.692307692,82.0,1.06742460129,136.0,8.73881364404,74.0
2016-08-04,3,0,19.0,32.0,1,106.0,103.692307692,74.0,0.979447655748,136.0,12.1299668043,91.0
2016-08-05,4,0,20.0,30.0,1,106.0,102.0,74.0,0.906117108276,136.0,12.2474487139,99.0
2016-08-06,5,1,21.0,30.0,1,106.0,101.538461538,74.0,0.866141732283,136.0,12.2387492109,104.0
2016-08-07,6,1,17.0,28.0,1,106.0,100.846153846,74.0,0.97174020823,136.0,11.8181487151,93.0
2016-08-08,0,0,19.0,30.0,1,106.0,100.230769231,74.0,0.977865873802,136.0,12.0009861528,90.0
2016-08-09,1,0,19.0,30.0,1,106.0,100.538461538,74.0,0.944389601843,136.0,11.6791423856,271.0
2016-08-10,2,0,20.0,31.0,1,106.0,113.230769231,74.0,1.37826350941,271.0,46.9912493428,206.0
2016-08-11,3,0,20.0,32.0,0,106.0,120.615384615,74.0,1.64205039096,271.0,53.0551794927,157.0
2016-08-12,4,0,16.0,25.0,0,107.0,125.615384615,74.0,1.80164819551,271.0,53.1855076581,176.0
2016-08-13,5,1,20.0,29.0,0,109.0,130.692307692,74.0,1.48669149083,271.0,54.584281501,183.0
2016-08-14,6,1,19.0,29.0,1,109.0,136.538461538,74.0,1.38319260153,271.0,55.7902878019,144.0
2016-08-15,0,0,16.0,27.0,0,109.0,138.461538462,74.0,1.32542819499,271.0,55.5830845666,113.0
2016-08-16,1,0,18.0,28.0,1,109.0,138.538461538,74.0,1.14717768218,271.0,55.5470907424,114.0
2016-08-17,2,0,16.0,24.0,0,109.0,141.615384615,74.0,0.964262508122,271.0,52.9332503639,114.0
2016-08-18,3,0,18.0,23.0,0,109.0,143.384615385,74.0,0.88490982224,271.0,51.5789737446,152.0
2016-08-19,4,0,17.0,28.0,1,110.0,147.461538462,74.0,0.963611005452,271.0,49.9794040421,97.0
2016-08-20,5,1,15.0,27.0,0,110.0,146.923076923,74.0,0.925076452599,271.0,50.4799450482,113.0
2016-08-21,6,1,19.0,30.0,1,110.0,148.461538462,74.0,0.92041698449,271.0,49.0989822621,164.0
2016-08-22,0,0,20.0,26.0,1,111.0,154.153846154,74.0,0.934883139608,271.0,46.1949816686,104.0
2016-08-23,1,0,19.0,25.0,0,110.0,141.307692308,74.0,0.955246333208,271.0,33.3498578371,123.0
2016-08-24,2,0,17.0,29.0,1,110.0,134.923076923,74.0,0.962580009847,271.0,27.8442413283,102.0
2016-08-25,3,0,11.0,24.0,1,110.0,130.692307692,74.0,0.806669118548,271.0,28.3423700637,139.0
2016-08-26,4,0,11.0,23.0,1,110.0,127.846153846,74.0,0.879545729129,271.0,25.3493928128,106.0
2016-08-27,5,1,11.0,26.0,1,110.0,121.923076923,74.0,0.837860678498,271.0,20.2540082964,129.0
2016-08-28,6,1,11.0,26.0,1,110.0,120.769230769,74.0,0.891431295436,271.0,19.3714851746,131.0
2016-08-29,0,0,14.0,27.0,1,110.0,122.153846154,74.0,0.859760394644,271.0,19.4099346246,100.0
2016-08-30,1,0,13.0,28.0,1,110.0,121.076923077,74.0,0.899887514061,271.0,20.2045750282,99.0
2016-08-31,2,0,13.0,27.0,1,110.0,119.923076923,74.0,0.859375,271.0,20.9888671533,100.0
2016-09-01,3,0,13.0,23.0,1,110.0,115.923076923,74.0,0.796377680117,271.0,19.3885832325,84.0
2016-09-02,4,0,14.0,23.0,1,110.0,114.923076923,84.0,0.782524540301,271.0,20.6340328974,116.0
2016-09-03,5,1,13.0,27.0,0,110.0,115.153846154,84.0,0.853242320819,271.0,20.6280099113,123.0
2016-09-04,6,1,12.0,25.0,0,110.0,112.0,84.0,0.926962261444,271.0,15.3873074568,118.0
2016-09-05,0,0,13.0,26.0,1,112.0,113.076923077,84.0,1.02233676976,271.0,15.2792546056,106.0
2016-09-06,1,0,13.0,27.0,1,112.0,111.769230769,84.0,0.997126436782,271.0,15.1004525972,95.0
2016-09-07,2,0,11.0,26.0,1,110.0,111.230769231,84.0,0.92423583949,271.0,15.5571099064,96.0
2016-09-08,3,0,11.0,26.0,1,110.0,107.923076923,84.0,0.881959910913,206.0,13.7698753609,109.0
2016-09-09,4,0,12.0,26.0,1,109.0,108.153846154,84.0,0.886132033673,183.0,13.7608483294,118.0
2016-09-10,5,1,12.0,24.0,0,109.0,107.307692308,84.0,0.951959917477,183.0,12.7543936043,127.0
2016-09-11,6,1,13.0,21.0,0,109.0,107.0,84.0,1.0606741573,183.0,12.2160046345,122.0
2016-09-12,0,0,10.0,24.0,0,110.0,108.692307692,84.0,1.09080101055,164.0,12.6453677465,86.0
2016-09-13,1,0,12.0,25.0,1,109.0,107.692307692,84.0,1.01239045029,164.0,13.8307606743,101.0
2016-09-14,2,0,11.0,27.0,1,109.0,107.769230769,84.0,0.934240362812,164.0,13.7904863871,114.0
2016-09-15,3,1,13.0,28.0,1,109.0,110.076923077,84.0,0.920489296636,164.0,12.0157687322,105.0
2016-09-16,4,1,14.0,27.0,1,109.0,109.230769231,84.0,0.979042374178,164.0,11.9560338558,98.0
2016-09-17,5,1,12.0,22.0,0,109.0,107.307692308,84.0,0.983860955928,164.0,11.591672179,108.0
2016-09-18,6,0,8.0,22.0,1,109.0,106.538461538,84.0,0.97568627451,164.0,11.1811337296,81.0
2016-09-19,0,0,6.0,22.0,1,109.0,104.615384615,81.0,0.90851535296,164.0,13.0945582446,78.0
2016-09-20,1,0,10.0,22.0,1,108.0,103.307692308,78.0,0.853717026379,139.0,14.7355384929,87.0
2016-09-21,2,0,11.0,22.0,0,108.0,102.615384615,78.0,0.791505791506,139.0,15.2645313443,89.0
2016-09-22,3,0,11.0,22.0,0,107.0,101.076923077,78.0,0.815278446477,139.0,15.5487399364,88.0
2016-09-23,4,0,13.0,25.0,1,107.0,98.7692307692,78.0,0.858955588092,139.0,15.0851625837,117.0
2016-09-24,5,1,12.0,27.0,1,108.0,98.0,78.0,0.959373470387,131.0,13.8286213785,132.0
2016-09-25,6,1,12.0,22.0,0,109.0,98.7692307692,78.0,1.09220547723,132.0,15.3380063199,111.0
2016-09-26,0,0,11.0,22.0,0,109.0,100.692307692,78.0,1.1639185257,132.0,15.1829084848,59.0
2016-09-27,1,0,3.0,16.0,1,109.0,97.4615384615,59.0,0.993747943402,132.0,18.8092259875,83.0
2016-09-28,2,0,4.0,16.0,1,108.0,95.0769230769,59.0,0.837887067395,132.0,18.5242524544,81.0
2016-09-29,3,0,8.0,21.0,1,108.0,93.2307692308,59.0,0.748950461797,132.0,18.6388917059,81.0
2016-09-30,4,0,10.0,21.0,1,106.0,91.9230769231,59.0,0.838466803559,132.0,18.8535307383,102.0
2016-10-01,5,1,11.0,26.0,1,106.0,91.4615384615,59.0,0.915236609464,132.0,18.5248912988,130.0
2016-10-02,6,1,12.0,24.0,1,106.0,95.2307692308,59.0,1.08061453478,132.0,20.8516881669,114.0
2016-10-03,0,1,10.0,23.0,1,108.0,98.0,59.0,1.17747149906,132.0,20.769800562,133.0
2016-10-04,1,1,7.0,14.0,0,109.0,101.538461538,59.0,1.2623472292,133.0,22.4451995368,105.0
2016-10-05,2,1,5.0,19.0,1,109.0,102.769230769,59.0,1.18398923646,133.0,22.1607895102,129.0
2016-10-06,3,1,8.0,18.0,0,111.0,105.923076923,59.0,1.2196743104,133.0,22.7442690616,97.0
2016-10-07,4,1,4.0,15.0,0,111.0,104.384615385,59.0,1.10058187864,133.0,22.6190473224,97.0
2016-10-08,5,0,2.0,13.0,1,109.0,101.692307692,59.0,1.07990638582,133.0,21.2109718175,84.0
2016-10-09,6,0,4.0,16.0,1,108.0,99.6153846154,59.0,0.928058754799,133.0,21.5175722878,100.0
2016-10-10,0,0,2.0,19.0,1,106.0,102.769230769,59.0,0.927852071983,133.0,18.0603852338,106.0
2016-10-11,1,0,4.0,16.0,1,106.0,104.538461538,59.0,0.948642459928,133.0,17.1402153501,91.0
2016-10-12,2,0,6.0,18.0,1,106.0,105.307692308,59.0,0.970588235294,133.0,16.2688215988,82.0
2016-10-13,3,0,6.0,21.0,1,105.0,105.384615385,59.0,0.914454277286,133.0,16.1556775519,97.0
2016-10-14,4,0,7.0,22.0,1,105.0,105.0,59.0,0.893743793446,133.0,16.2906296804,103.0
2016-10-15,5,1,6.0,16.0,0,104.0,102.923076923,59.0,0.947103274559,133.0,14.6048545062,107.0
2016-10-16,6,1,3.0,19.0,1,104.0,102.384615385,59.0,1.03314824163,133.0,14.3126542265,145.0
2016-10-17,0,0,5.0,17.0,1,104.0,103.307692308,59.0,1.14497661667,145.0,16.4802194505,81.0
2016-10-18,1,0,7.0,21.0,1,104.0,101.461538462,59.0,1.07506053269,145.0,17.4999577345,70.0
2016-10-19,2,0,8.0,20.0,1,103.0,96.9230769231,59.0,0.960727036676,145.0,17.4199776493,107.0
2016-10-20,3,0,7.0,14.0,0,103.0,97.6923076923,59.0,0.826923076923,145.0,17.6259625613,80.0
2016-10-21,4,0,5.0,10.0,0,102.0,96.3846153846,59.0,0.832523485585,145.0,18.2484497194,91.0
2016-10-22,5,1,4.0,12.0,1,102.0,96.9230769231,59.0,0.917946177976,145.0,17.9763157792,121.0
2016-10-23,6,1,4.0,14.0,1,102.0,98.5384615385,59.0,0.960842382363,145.0,19.0893259929,117.0
2016-10-24,0,0,2.0,10.0,1,102.0,99.3846153846,59.0,1.0912106136,145.0,19.6372427233,63.0
2016-10-25,1,0,4.0,14.0,1,101.0,97.2307692308,59.0,1.01964769648,145.0,21.8496746892,95.0
2016-10-26,2,0,3.0,12.0,1,100.0,98.2307692308,63.0,0.947948983109,145.0,21.4230423974,75.0
2016-10-27,3,0,-1.0,8.0,0,100.0,96.5384615385,63.0,0.812412831241,145.0,22.3042437653,79.0
2016-10-28,4,0,-4.0,5.0,1,100.0,94.6923076923,63.0,0.876451953537,145.0,22.6830489586,107.0
2016-10-29,5,1,-1.0,6.0,1,100.0,94.6923076923,63.0,0.907668231612,145.0,22.6830489586,118.0
2016-10-30,6,1,-6.0,6.0,1,101.0,92.6153846154,63.0,1.04737295435,145.0,18.9027407925,122.0
2016-10-31,0,0,-9.0,1.0,1,102.0,95.7692307692,63.0,1.18571672647,145.0,20.0850263635,84.0
