time_stamp,dayofweek,holiday,lt,ht,sunny,m2M,w2A,m1L,d3w3,m1Lar,w2Std,pay_sum
2016-08-01,0,0,24.0,30.0,0,116.0,151.230769231,59.0,0.791342576936,193.0,40.9129542136,172.0
2016-08-02,1,0,23.0,31.0,1,117.0,151.0,67.0,0.774986041318,193.0,40.7864985202,199.0
2016-08-03,2,0,23.0,31.0,1,123.0,154.076923077,67.0,0.965608465608,199.0,42.7361521224,172.0
2016-08-04,3,0,24.0,31.0,0,131.0,152.923076923,67.0,1.19157340355,199.0,42.028308296,221.0
2016-08-05,4,0,24.0,33.0,0,133.0,156.769230769,67.0,1.26984126984,221.0,45.6393114054,184.0
2016-08-06,5,1,24.0,30.0,0,139.0,160.846153846,67.0,1.21116708648,221.0,45.5223464209,130.0
2016-08-07,6,1,23.0,28.0,0,139.0,165.230769231,67.0,1.10423116615,221.0,39.1489342544,70.0
2016-08-08,0,0,24.0,29.0,0,139.0,157.230769231,67.0,0.822093770071,221.0,46.479364894,211.0
2016-08-09,1,0,24.0,32.0,1,142.0,159.692307692,67.0,0.869841269841,221.0,48.3757482397,198.0
2016-08-10,2,0,26.0,34.0,1,144.0,160.461538462,67.0,1.00135883767,221.0,48.8964610716,183.0
2016-08-11,3,0,27.0,35.0,1,151.0,160.846153846,67.0,1.23914181057,221.0,49.0523208168,220.0
2016-08-12,4,0,26.0,35.0,1,152.0,164.230769231,67.0,1.23891981035,221.0,51.4410100483,175.0
2016-08-13,5,1,26.0,34.0,1,155.0,169.384615385,67.0,1.17551352451,221.0,48.8396724955,116.0
2016-08-14,6,1,24.0,33.0,0,155.0,173.153846154,67.0,1.02579544314,221.0,42.2371439773,80.0
2016-08-15,0,0,24.0,29.0,0,155.0,166.076923077,67.0,0.766449746927,221.0,49.0030792415,226.0
2016-08-16,1,0,23.0,27.0,0,158.0,168.153846154,67.0,0.859295459173,226.0,50.8902985372,196.0
2016-08-17,2,0,23.0,27.0,0,159.0,170.0,67.0,1.01970343287,226.0,51.4288156282,197.0
2016-08-18,3,0,26.0,32.0,1,160.0,168.153846154,67.0,1.25012622438,226.0,49.9751417497,205.0
2016-08-19,4,0,24.0,29.0,0,164.0,169.769230769,67.0,1.1971971972,226.0,50.7939333842,180.0
2016-08-20,5,1,22.0,28.0,0,165.0,173.615384615,67.0,1.14050558495,226.0,49.5138495956,105.0
2016-08-21,6,1,22.0,30.0,1,165.0,176.307692308,67.0,0.949612403101,226.0,44.5047700389,68.0
2016-08-22,0,0,22.0,32.0,1,165.0,165.307692308,67.0,0.705435651479,226.0,51.6666603041,210.0
2016-08-23,1,0,24.0,32.0,1,166.0,166.230769231,67.0,0.762872223882,226.0,52.3452353958,196.0
2016-08-24,2,0,26.0,33.0,1,171.0,167.230769231,67.0,0.937407297538,226.0,52.778424855,184.0
2016-08-25,3,0,19.0,26.0,0,172.0,164.461538462,67.0,1.17976404719,226.0,50.8460956592,178.0
2016-08-26,4,0,17.0,26.0,1,172.0,164.692307692,67.0,1.11778846154,226.0,50.9001807695,176.0
2016-08-27,5,1,17.0,28.0,1,174.0,169.307692308,67.0,1.06303102154,226.0,48.9589853706,112.0
2016-08-28,6,1,17.0,28.0,1,174.0,171.769230769,67.0,0.909445745511,226.0,45.0557839643,55.0
2016-08-29,0,0,18.0,29.0,1,174.0,158.615384615,55.0,0.701431492843,226.0,51.7650586958,189.0
2016-08-30,1,0,20.0,30.0,1,175.0,158.076923077,55.0,0.730031785092,226.0,51.4085619006,185.0
2016-08-31,2,0,20.0,32.0,1,175.0,157.153846154,55.0,0.879188441439,226.0,50.8055813921,181.0
2016-09-01,3,0,19.0,30.0,1,176.0,155.307692308,55.0,1.15121344119,226.0,49.4514285636,173.0
2016-09-02,4,0,19.0,30.0,1,176.0,154.769230769,55.0,1.11872146119,226.0,49.217185626,181.0
2016-09-03,5,1,22.0,32.0,1,176.0,160.615384615,55.0,1.08839385617,226.0,47.4399028108,96.0
2016-09-04,6,1,22.0,30.0,1,175.0,162.769230769,55.0,0.911023382933,226.0,43.6721242656,81.0
2016-09-05,0,0,22.0,31.0,1,175.0,152.846153846,55.0,0.758153324862,226.0,46.3844240333,187.0
2016-09-06,1,0,19.0,31.0,1,175.0,152.153846154,55.0,0.773069979824,226.0,45.7986330899,198.0
2016-09-07,2,0,19.0,26.0,1,176.0,153.230769231,55.0,0.989384288747,226.0,46.6907235823,201.0
2016-09-08,3,0,20.0,32.0,1,176.0,155.0,55.0,1.24574829932,226.0,48.0128188011,183.0
2016-09-09,4,0,22.0,32.0,1,176.0,155.538461538,55.0,1.23606244027,226.0,48.2838010495,192.0
2016-09-10,5,1,19.0,29.0,1,178.0,161.692307692,55.0,1.19032858029,226.0,47.4331669346,130.0
2016-09-11,6,1,19.0,30.0,1,178.0,167.461538462,55.0,1.02392538524,226.0,37.6596404751,115.0
2016-09-12,0,0,19.0,28.0,1,178.0,161.769230769,55.0,0.912412569162,226.0,39.5204987631,238.0
2016-09-13,1,0,19.0,28.0,0,178.0,165.846153846,55.0,0.995363214838,238.0,44.1672453537,218.0
2016-09-14,2,0,20.0,30.0,1,179.0,168.692307692,55.0,1.16447435505,238.0,46.1975434168,198.0
2016-09-15,3,1,20.0,31.0,1,180.0,170.615384615,55.0,1.32563089085,238.0,46.8525320907,42.0
2016-09-16,4,1,19.0,31.0,1,179.0,159.923076923,42.0,0.967776016904,238.0,57.835923809,62.0
2016-09-17,5,1,18.0,29.0,1,179.0,157.307692308,42.0,0.648416532475,238.0,61.3306105218,125.0
2016-09-18,6,0,17.0,26.0,1,179.0,160.692307692,42.0,0.480839895013,238.0,58.1581195011,235.0
2016-09-19,0,0,15.0,25.0,1,179.0,164.384615385,42.0,0.873434751112,238.0,61.1574744932,231.0
2016-09-20,1,0,14.0,26.0,1,180.0,166.923076923,42.0,1.20599938782,238.0,63.1523938744,255.0
2016-09-21,2,0,17.0,27.0,1,181.0,171.076923077,42.0,1.43869101068,255.0,66.9206896126,238.0
2016-09-22,3,0,21.0,29.0,1,181.0,175.307692308,42.0,1.41710706596,255.0,69.2391447925,255.0
2016-09-23,4,0,22.0,30.0,1,183.0,180.153846154,42.0,1.43295019157,255.0,72.3717392292,210.0
2016-09-24,5,1,21.0,30.0,1,183.0,186.307692308,42.0,1.30402522723,255.0,71.2378298544,149.0
2016-09-25,6,1,21.0,29.0,1,183.0,188.923076923,42.0,1.11778627344,255.0,69.1658670137,90.0
2016-09-26,0,0,20.0,29.0,1,183.0,177.538461538,42.0,0.839644693782,255.0,72.2619331477,221.0
2016-09-27,1,0,16.0,26.0,0,183.0,177.769230769,42.0,0.854700854701,255.0,72.3954459322,209.0
2016-09-28,2,0,11.0,22.0,1,184.0,178.615384615,42.0,0.964034111976,255.0,72.6906389715,229.0
2016-09-29,3,0,13.0,24.0,1,184.0,193.0,42.0,1.20629690646,255.0,61.940418021,238.0
2016-09-30,4,0,15.0,26.0,1,185.0,206.538461538,42.0,1.22198120029,255.0,49.8900566394,211.0
2016-10-01,5,1,19.0,28.0,1,185.0,213.153846154,42.0,1.19925709737,255.0,43.9927374318,74.0
2016-10-02,6,1,19.0,28.0,1,185.0,200.769230769,42.0,0.935264663805,255.0,56.8752397745,62.0
2016-10-03,0,1,21.0,31.0,1,184.0,187.769230769,42.0,0.651276276276,255.0,66.9088402187,70.0
2016-10-04,1,1,19.0,30.0,1,184.0,173.538461538,42.0,0.403446925186,255.0,70.6645546929,78.0
2016-10-05,2,1,15.0,26.0,1,184.0,161.230769231,42.0,0.426309378806,255.0,72.2806004893,73.0
2016-10-06,3,1,17.0,24.0,1,184.0,147.230769231,42.0,0.444444444444,255.0,70.3629643034,92.0
2016-10-07,4,1,12.0,20.0,0,183.0,138.153846154,42.0,0.484304932735,255.0,69.2829717717,96.0
2016-10-08,5,0,9.0,21.0,1,183.0,134.076923077,42.0,0.524728588661,255.0,70.0795828255,225.0
2016-10-09,6,0,12.0,19.0,1,183.0,144.461538462,42.0,0.832829199435,255.0,72.7309217751,205.0
2016-10-10,0,0,13.0,21.0,1,183.0,143.230769231,42.0,1.06910569106,255.0,71.5511155062,218.0
2016-10-11,1,0,13.0,23.0,1,184.0,143.923076923,42.0,1.33209990749,255.0,72.2245020628,217.0
2016-10-12,2,0,16.0,23.0,1,185.0,143.0,42.0,1.32422925719,255.0,71.20069144,190.0
2016-10-13,3,0,14.0,25.0,1,187.0,139.307692308,42.0,1.31981839299,255.0,67.3171421938,220.0
2016-10-14,4,0,15.0,24.0,1,187.0,140.0,42.0,1.31986106726,255.0,68.0926969991,222.0
2016-10-15,5,1,14.0,19.0,0,187.0,151.384615385,62.0,1.30041152263,255.0,68.4774398128,103.0
2016-10-16,6,1,13.0,21.0,1,185.0,154.538461538,62.0,1.11691771698,255.0,65.1514394252,98.0
2016-10-17,0,0,14.0,23.0,1,184.0,156.692307692,62.0,0.900958466454,255.0,62.7392462319,222.0
2016-10-18,1,0,15.0,25.0,1,185.0,167.769230769,62.0,0.897231944003,255.0,60.5413448634,248.0
2016-10-19,2,0,15.0,25.0,1,187.0,181.230769231,62.0,1.19755429053,255.0,57.3439740596,219.0
2016-10-20,3,0,15.0,22.0,1,189.0,191.0,62.0,1.46144872203,255.0,51.8666930328,210.0
2016-10-21,4,0,15.0,20.0,0,189.0,199.769230769,62.0,1.4364523658,255.0,44.1224761251,187.0
2016-10-22,5,1,10.0,14.0,0,187.0,196.846153846,62.0,1.26164874552,248.0,43.6098897638,101.0
2016-10-23,6,1,8.0,13.0,0,187.0,188.846153846,62.0,1.00789313904,248.0,50.3920722609,64.0
2016-10-24,0,0,8.0,15.0,0,187.0,177.0,62.0,0.713706407137,248.0,59.4358089422,236.0
2016-10-25,1,0,10.0,19.0,1,189.0,178.461538462,62.0,0.775778680596,248.0,60.6231935618,232.0
2016-10-26,2,0,11.0,16.0,1,190.0,181.692307692,62.0,0.983818770227,248.0,62.2493554065,223.0
2016-10-27,3,0,10.0,14.0,0,192.0,181.923076923,62.0,1.23304782298,248.0,62.3963282185,224.0
2016-10-28,4,0,7.0,14.0,1,198.0,182.076923077,62.0,1.17149758454,248.0,62.4973372214,237.0
2016-10-29,5,1,7.0,14.0,1,198.0,192.384615385,62.0,1.17647058824,248.0,59.5877355238,128.0
2016-10-30,6,1,6.0,17.0,1,198.0,194.692307692,62.0,1.03360533474,248.0,56.382464016,86.0
2016-10-31,0,0,0.0,8.0,1,198.0,184.230769231,62.0,0.819925461322,248.0,62.617463583,217.0
