time_stamp,dayofweek,holiday,lt,ht,sunny,m2M,w2A,m1L,d3w3,m1Lar,w2Std,pay_sum
2016-08-01,0,0,28.0,34.0,1,344.0,368.0,277.0,1.0,368.0,0.0,368.0
2016-08-02,1,0,27.0,35.0,0,355.0,368.0,277.0,1.0,368.0,0.0,368.0
2016-08-03,2,0,26.0,32.0,0,355.0,368.0,297.0,1.0,368.0,0.0,368.0
2016-08-04,3,0,27.0,32.0,0,355.0,368.0,301.0,1.0,368.0,0.0,368.0
2016-08-05,4,0,27.0,33.0,0,364.0,368.0,301.0,1.0,368.0,0.0,368.0
2016-08-06,5,1,27.0,33.0,0,368.0,368.0,301.0,1.0,368.0,0.0,368.0
2016-08-07,6,1,27.0,35.0,1,368.0,368.0,368.0,1.0,368.0,0.0,368.0
2016-08-08,0,0,27.0,34.0,0,368.0,368.0,368.0,1.0,368.0,0.0,368.0
2016-08-09,1,0,27.0,33.0,0,368.0,368.0,368.0,1.0,368.0,0.0,3.0
2016-08-10,2,0,28.0,34.0,1,368.0,339.923076923,3.0,0.704312604241,368.0,97.2613145789,247.0
2016-08-11,3,0,28.0,36.0,1,368.0,330.615384615,3.0,0.599359906896,368.0,99.8834231735,240.0
2016-08-12,4,0,28.0,35.0,1,368.0,320.769230769,3.0,0.484237572883,368.0,101.999361873,249.0
2016-08-13,5,1,28.0,35.0,1,368.0,311.615384615,3.0,0.740405412203,368.0,102.68738104,340.0
2016-08-14,6,1,28.0,36.0,1,368.0,309.461538462,3.0,0.837500631409,368.0,101.771701813,370.0
2016-08-15,0,0,27.0,35.0,1,368.0,309.615384615,3.0,0.968540120184,370.0,101.861548918,176.0
2016-08-16,1,0,28.0,36.0,1,368.0,294.846153846,3.0,0.921620637645,370.0,106.154347825,173.0
2016-08-17,2,0,28.0,35.0,1,368.0,279.846153846,3.0,0.771376461753,370.0,108.508664067,178.0
2016-08-18,3,0,28.0,35.0,1,368.0,265.230769231,3.0,0.583222664896,370.0,108.446480133,181.0
2016-08-19,4,0,29.0,37.0,1,368.0,250.846153846,3.0,0.607618068643,370.0,106.240544306,197.0
2016-08-20,5,1,28.0,37.0,0,368.0,237.692307692,3.0,0.654194611131,370.0,101.396695907,222.0
2016-08-21,6,1,27.0,34.0,0,368.0,226.461538462,3.0,0.724637681159,370.0,94.1697447613,232.0
2016-08-22,0,0,28.0,35.0,1,368.0,216.0,3.0,0.806092124814,370.0,84.9696778495,144.0
2016-08-23,1,0,26.0,34.0,1,368.0,226.846153846,3.0,0.772609819121,370.0,63.3328765685,152.0
2016-08-24,2,0,25.0,34.0,1,368.0,219.538461538,3.0,0.711974110032,370.0,66.0100404771,150.0
2016-08-25,3,0,26.0,35.0,1,368.0,212.615384615,3.0,0.629143743828,370.0,68.1847472923,94.0
2016-08-26,4,0,25.0,32.0,0,368.0,200.692307692,3.0,0.592991913747,370.0,74.0772825297,161.0
2016-08-27,5,1,24.0,30.0,1,368.0,186.923076923,3.0,0.636042402827,370.0,62.6595950519,194.0
2016-08-28,6,1,22.0,30.0,1,368.0,173.384615385,3.0,0.735282076476,370.0,34.1839783919,213.0
2016-08-29,0,0,22.0,32.0,1,368.0,176.230769231,3.0,0.966973101805,370.0,35.7860175663,118.0
2016-08-30,1,0,23.0,31.0,1,368.0,172.0,3.0,0.868270900521,370.0,39.0226758535,145.0
2016-08-31,2,0,23.0,33.0,1,368.0,169.461538462,3.0,0.807669466361,370.0,39.618595837,165.0
2016-09-01,3,0,24.0,34.0,1,368.0,168.230769231,3.0,0.740356339734,370.0,39.48934393,135.0
2016-09-02,4,0,24.0,34.0,1,368.0,163.461538462,3.0,0.793226381462,370.0,39.4707591567,142.0
2016-09-03,5,1,23.0,34.0,1,368.0,157.307692308,3.0,0.831921701487,370.0,35.9430845288,235.0
2016-09-04,6,1,24.0,33.0,1,368.0,157.538461538,3.0,1.00185891791,370.0,36.4282548509,258.0
2016-09-05,0,0,25.0,31.0,1,368.0,166.307692308,3.0,1.21333715487,370.0,44.8594122109,133.0
2016-09-06,1,0,22.0,26.0,0,368.0,164.846153846,3.0,1.21001256403,370.0,45.6050708278,136.0
2016-09-07,2,0,21.0,24.0,0,368.0,163.769230769,3.0,1.0312102534,370.0,46.1054874861,179.0
2016-09-08,3,0,23.0,30.0,1,368.0,170.307692308,94.0,0.877141458639,370.0,41.5495711639,149.0
2016-09-09,4,0,23.0,32.0,1,340.0,169.384615385,94.0,0.92145765068,370.0,41.8780986666,189.0
2016-09-10,5,1,23.0,29.0,1,258.0,169.0,94.0,1.03690332932,370.0,41.6727175094,237.0
2016-09-11,6,1,21.0,26.0,0,249.0,170.846153846,94.0,1.15149694603,370.0,44.0451624059,241.0
2016-09-12,0,0,22.0,29.0,1,247.0,180.307692308,94.0,1.29791788286,370.0,44.8799846006,155.0
2016-09-13,1,0,22.0,29.0,1,241.0,181.076923077,94.0,1.2306794984,258.0,44.3508070145,136.0
2016-09-14,2,0,22.0,24.0,0,240.0,178.846153846,94.0,1.03855539287,258.0,45.8087095411,165.0
2016-09-15,3,1,20.0,24.0,0,237.0,181.153846154,94.0,0.87205966724,258.0,44.2716199315,165.0
2016-09-16,4,1,22.0,26.0,0,235.0,182.923076923,94.0,0.890162368672,258.0,43.1160536557,144.0
2016-09-17,5,1,22.0,27.0,1,232.0,175.923076923,94.0,0.918604651163,258.0,41.4477642312,202.0
2016-09-18,6,0,22.0,27.0,1,222.0,171.615384615,94.0,0.993486925245,258.0,35.1207553396,121.0
2016-09-19,0,0,20.0,27.0,1,213.0,170.692307692,94.0,0.907148407148,258.0,36.2626839674,138.0
2016-09-20,1,0,19.0,26.0,1,202.0,170.846153846,94.0,0.897323600973,258.0,36.1191322705,106.0
2016-09-21,2,0,19.0,26.0,1,197.0,165.230769231,94.0,0.722915428798,258.0,39.8924589869,115.0
2016-09-22,3,0,20.0,27.0,1,194.0,162.615384615,94.0,0.715281928671,258.0,41.9331674518,144.0
2016-09-23,4,0,20.0,28.0,1,189.0,159.153846154,94.0,0.726802070888,258.0,41.467032603,169.0
2016-09-24,5,1,21.0,28.0,1,181.0,153.923076923,106.0,0.869388584197,258.0,35.1205868587,194.0
2016-09-25,6,1,22.0,29.0,1,181.0,150.307692308,106.0,1.05034182722,258.0,27.5803291535,239.0
2016-09-26,0,0,24.0,30.0,1,181.0,156.769230769,106.0,1.20738066586,258.0,36.3638743941,130.0
2016-09-27,1,0,24.0,31.0,0,179.0,156.307692308,106.0,1.13120353627,258.0,36.6614125696,130.0
2016-09-28,2,0,22.0,27.0,0,178.0,153.615384615,106.0,1.0176404609,258.0,37.2053314243,133.0
2016-09-29,3,0,22.0,24.0,0,176.0,151.153846154,106.0,0.805410390409,258.0,37.4285907868,143.0
2016-09-30,4,0,22.0,26.0,0,173.0,151.076923077,106.0,0.843987111527,258.0,37.4442386211,172.0
2016-10-01,5,1,23.0,26.0,1,172.0,148.769230769,106.0,0.95056227456,258.0,35.0848506561,211.0
2016-10-02,6,1,23.0,30.0,0,172.0,155.692307692,106.0,1.12682090831,258.0,37.7040797943,182.0
2016-10-03,0,1,20.0,25.0,1,172.0,159.076923077,106.0,1.19995752363,258.0,37.9381308863,155.0
2016-10-04,1,1,22.0,27.0,1,169.0,162.846153846,106.0,1.15685032721,241.0,34.780290957,151.0
2016-10-05,2,1,22.0,27.0,1,165.0,165.615384615,106.0,1.03477523325,241.0,32.1977984473,140.0
2016-10-06,3,1,21.0,26.0,1,165.0,165.307692308,106.0,0.953296996901,241.0,32.4212290741,139.0
2016-10-07,4,1,20.0,23.0,0,165.0,163.0,106.0,0.920573752944,241.0,33.1360830516,177.0
2016-10-08,5,0,17.0,22.0,1,165.0,161.692307692,106.0,0.98413726125,241.0,32.2093742097,135.0
2016-10-09,6,0,16.0,21.0,1,165.0,153.692307692,106.0,0.968954774949,241.0,23.8436723275,78.0
2016-10-10,0,0,15.0,22.0,1,161.0,149.692307692,78.0,0.854419980283,241.0,30.82302989,142.0
2016-10-11,1,0,17.0,23.0,1,155.0,150.615384615,78.0,0.768647829382,239.0,30.3962003231,124.0
2016-10-12,2,0,18.0,21.0,1,155.0,149.923076923,78.0,0.742659758204,239.0,30.8880398523,123.0
2016-10-13,3,0,18.0,22.0,1,152.0,148.384615385,78.0,0.845560265189,239.0,31.6824107026,161.0
2016-10-14,4,0,18.0,21.0,0,152.0,147.538461538,78.0,0.889179470415,239.0,31.1833668302,150.0
2016-10-15,5,1,20.0,24.0,1,151.0,142.846153846,78.0,0.959646213378,239.0,25.3190294924,221.0
2016-10-16,6,1,19.0,25.0,1,151.0,145.846153846,78.0,1.18340562785,239.0,31.3683970161,218.0
2016-10-17,0,0,19.0,24.0,1,151.0,150.692307692,78.0,1.27282549973,239.0,36.8038137977,132.0
2016-10-18,1,0,19.0,25.0,1,150.0,149.230769231,78.0,1.2331281719,239.0,37.1383149573,127.0
2016-10-19,2,0,19.0,23.0,0,150.0,148.230769231,78.0,1.03213242454,239.0,37.5461845775,132.0
2016-10-20,3,0,20.0,22.0,0,149.0,147.692307692,78.0,0.849077090119,239.0,37.7244760689,134.0
2016-10-21,4,0,19.0,22.0,0,149.0,144.384615385,78.0,0.864116094987,239.0,36.8855578607,171.0
2016-10-22,5,1,20.0,23.0,0,149.0,147.153846154,78.0,0.973707664884,239.0,37.4244801698,234.0
2016-10-23,6,1,17.0,22.0,1,149.0,159.153846154,78.0,1.18046430136,239.0,38.3262235067,265.0
2016-10-24,0,0,19.0,23.0,1,150.0,168.615384615,78.0,1.41619108011,265.0,47.1014265039,160.0
2016-10-25,1,0,17.0,20.0,1,150.0,171.384615385,78.0,1.38897670987,265.0,45.4254053985,149.0
2016-10-26,2,0,18.0,21.0,0,149.0,173.384615385,78.0,1.20638923918,265.0,43.7941662106,127.0
2016-10-27,3,0,18.0,21.0,0,149.0,170.769230769,78.0,0.919831223629,265.0,45.439992291,122.0
2016-10-28,4,0,15.0,18.0,0,149.0,168.615384615,78.0,0.854535695115,265.0,47.0098818769,157.0
2016-10-29,5,1,10.0,15.0,0,149.0,163.692307692,78.0,0.865579362541,265.0,44.5531396034,213.0
2016-10-30,6,1,14.0,18.0,1,149.0,163.307692308,78.0,1.00551808706,265.0,44.1019528878,245.0
2016-10-31,0,0,11.0,15.0,0,150.0,172.0,78.0,1.21842496285,265.0,48.0352434717,118.0
