time_stamp,dayofweek,holiday,lt,ht,sunny,m2M,w2A,m1L,d3w3,m1Lar,w2Std,pay_sum
2016-08-01,0,0,26.0,34.0,0,10.0,10.0,10.0,1.0,10.0,0.0,10.0
2016-08-02,1,0,25.0,31.0,0,10.0,10.0,10.0,1.0,10.0,0.0,10.0
2016-08-03,2,0,26.0,32.0,0,10.0,10.0,10.0,1.0,10.0,0.0,10.0
2016-08-04,3,0,26.0,32.0,0,10.0,10.0,10.0,1.0,10.0,0.0,73.0
2016-08-05,4,0,27.0,32.0,0,10.0,14.8461538462,10.0,2.35741444867,73.0,16.7875693657,71.0
2016-08-06,5,1,27.0,32.0,1,10.0,19.5384615385,10.0,3.16872427984,73.0,22.3731136192,62.0
2016-08-07,6,1,27.0,35.0,1,10.0,23.5384615385,10.0,3.6524822695,73.0,24.8243533795,67.0
2016-08-08,0,0,27.0,35.0,1,10.0,27.9230769231,10.0,3.07929176289,73.0,26.9856415909,74.0
2016-08-09,1,0,27.0,35.0,0,10.0,32.8461538462,10.0,2.72300469484,74.0,29.027430406,82.0
2016-08-10,2,0,26.0,35.0,0,10.0,38.3846153846,10.0,2.61277094318,82.0,30.9454568843,68.0
2016-08-11,3,0,27.0,32.0,0,10.0,42.8461538462,10.0,2.3817118554,82.0,30.711676942,70.0
2016-08-12,4,0,25.0,32.0,0,10.0,47.4615384615,10.0,2.13488597768,82.0,29.9271304354,53.0
2016-08-13,5,1,25.0,30.0,0,10.0,50.7692307692,10.0,1.74429223744,82.0,27.9123734519,60.0
2016-08-14,6,1,25.0,31.0,0,10.0,54.6153846154,10.0,1.5641025641,82.0,25.3575613409,59.0
2016-08-15,0,0,25.0,29.0,0,10.0,58.3846153846,10.0,1.38319260153,82.0,21.8439868914,61.0
2016-08-16,1,0,25.0,31.0,0,10.0,62.3076923077,10.0,1.36363636364,82.0,16.7991969377,51.0
2016-08-17,2,0,25.0,29.0,0,10.0,65.4615384615,10.0,1.23778501629,82.0,8.46363610363,62.0
2016-08-18,3,0,25.0,28.0,0,10.0,64.6153846154,10.0,1.19218910586,82.0,8.21385753598,53.0
2016-08-19,4,0,25.0,29.0,0,10.0,63.2307692308,10.0,1.08923884514,82.0,8.53187549184,73.0
2016-08-20,5,1,27.0,32.0,1,10.0,64.0769230769,10.0,1.16156935434,82.0,8.9051544146,86.0
2016-08-21,6,1,26.0,33.0,0,10.0,65.5384615385,10.0,1.22366522367,86.0,10.6526658608,67.0
2016-08-22,0,0,26.0,32.0,0,10.0,65.0,10.0,1.24312431243,86.0,10.384900281,87.0
2016-08-23,1,0,26.0,33.0,1,10.0,65.3846153846,10.0,1.24127230411,87.0,11.0769230769,48.0
2016-08-24,2,0,26.0,33.0,1,10.0,63.8461538462,10.0,1.01482039689,87.0,11.9604872157,59.0
2016-08-25,3,0,27.0,33.0,1,10.0,63.0,10.0,0.985021579081,87.0,11.8840552519,82.0
2016-08-26,4,0,26.0,34.0,1,10.0,65.2307692308,10.0,0.95166163142,87.0,12.5032540143,80.0
2016-08-27,5,1,26.0,32.0,0,10.0,66.7692307692,10.0,1.09786388475,87.0,12.9861100124,70.0
2016-08-28,6,1,25.0,31.0,0,10.0,67.6153846154,10.0,1.14993804213,87.0,12.8094824344,73.0
2016-08-29,0,0,26.0,29.0,0,10.0,68.5384615385,10.0,1.10615079365,87.0,12.731640686,70.0
2016-08-30,1,0,24.0,31.0,0,10.0,70.0,10.0,1.06606606607,87.0,11.6816753277,62.0
2016-08-31,2,0,27.0,32.0,0,10.0,70.0,10.0,1.03066867773,87.0,11.6816753277,81.0
2016-09-01,3,0,26.0,31.0,0,10.0,72.1538461538,10.0,1.06207928197,87.0,10.9041005261,65.0
2016-09-02,4,0,25.0,31.0,0,10.0,71.5384615385,48.0,1.02792191747,87.0,11.0635603159,51.0
2016-09-03,5,1,25.0,33.0,0,48.0,68.8461538462,48.0,0.980099502488,87.0,11.4679899241,72.0
2016-09-04,6,1,26.0,32.0,0,51.0,69.2307692308,48.0,0.926336536093,87.0,11.4834586465,66.0
2016-09-05,0,0,26.0,31.0,0,51.0,67.6153846154,48.0,0.927835051546,87.0,10.2847045621,71.0
2016-09-06,1,0,26.0,31.0,0,53.0,69.3846153846,48.0,1.01112723754,87.0,8.59819714143,72.0
2016-09-07,2,0,25.0,32.0,0,53.0,70.3846153846,48.0,1.00384245917,87.0,8.0721597676,69.0
2016-09-08,3,0,25.0,32.0,0,59.0,69.3846153846,48.0,1.00664767331,87.0,7.34363629838,66.0
2016-09-09,4,0,26.0,32.0,0,59.0,68.3076923077,48.0,0.987831066571,87.0,6.70688068484,64.0
2016-09-10,5,1,25.0,32.0,0,60.0,67.8461538462,48.0,0.964848484848,87.0,6.7805848834,98.0
2016-09-11,6,1,26.0,29.0,0,61.0,69.7692307692,48.0,1.08108108108,98.0,10.4965477559,83.0
2016-09-12,0,0,25.0,32.0,0,62.0,70.7692307692,48.0,1.16500237756,98.0,11.0742518147,51.0
2016-09-13,1,0,25.0,32.0,1,62.0,69.9230769231,48.0,1.10083036773,98.0,12.0859838622,64.0
2016-09-14,2,0,25.0,33.0,1,62.0,68.6153846154,48.0,0.936170212766,98.0,11.7312105844,77.0
2016-09-15,3,1,24.0,33.0,0,62.0,69.5384615385,48.0,0.91103202847,98.0,11.8815654538,89.0
2016-09-16,4,1,25.0,32.0,1,64.0,72.4615384615,48.0,1.0843941537,98.0,11.6329464792,63.0
2016-09-17,5,1,24.0,32.0,1,64.0,71.7692307692,48.0,1.0850509358,98.0,11.9044519543,74.0
2016-09-18,6,0,26.0,32.0,0,64.0,72.3846153846,48.0,1.07007575758,98.0,11.7965996505,52.0
2016-09-19,0,0,25.0,31.0,1,64.0,70.9230769231,48.0,0.906474820144,98.0,12.9938538043,71.0
2016-09-20,1,0,25.0,31.0,1,65.0,70.8461538462,48.0,0.938765785085,98.0,12.990210242,56.0
2016-09-21,2,0,25.0,31.0,0,65.0,69.8461538462,48.0,0.868510431829,98.0,13.5807904712,49.0
2016-09-22,3,0,25.0,31.0,1,65.0,68.5384615385,49.0,0.864015709377,98.0,14.6634836065,53.0
2016-09-23,4,0,24.0,29.0,0,65.0,67.6923076923,49.0,0.774509803922,98.0,15.2082195154,55.0
2016-09-24,5,1,25.0,30.0,0,65.0,64.3846153846,49.0,0.779349714569,98.0,12.7311759173,79.0
2016-09-25,6,1,26.0,31.0,0,66.0,64.0769230769,49.0,0.919370698132,98.0,12.3192253656,86.0
2016-09-26,0,0,25.0,32.0,1,66.0,66.7692307692,49.0,1.0697787503,98.0,12.974257626,59.0
2016-09-27,1,0,25.0,32.0,1,66.0,66.3846153846,49.0,1.09965635739,98.0,13.1238975305,53.0
2016-09-28,2,0,24.0,34.0,1,66.0,64.5384615385,49.0,0.983606557377,98.0,13.1886628739,60.0
2016-09-29,3,0,24.0,32.0,1,66.0,62.3076923077,49.0,0.858283433134,98.0,11.1588848036,71.0
2016-09-30,4,0,24.0,30.0,1,67.0,62.9230769231,49.0,0.913378009432,98.0,11.3981208874,80.0
2016-10-01,5,1,24.0,29.0,1,67.0,63.3846153846,49.0,1.06163522013,98.0,11.9456362263,102.0
2016-10-02,6,1,24.0,30.0,1,68.0,67.2307692308,49.0,1.25496031746,102.0,15.2525097363,73.0
2016-10-03,0,1,25.0,32.0,1,68.0,67.3846153846,49.0,1.24450951684,102.0,15.299766019,84.0
2016-10-04,1,1,24.0,32.0,0,68.0,69.5384615385,49.0,1.24579124579,102.0,15.5148335206,64.0
2016-10-05,2,1,25.0,32.0,0,68.0,70.6923076923,49.0,1.07307598932,102.0,14.4668566326,109.0
2016-10-06,3,1,23.0,32.0,0,69.0,75.0,49.0,1.22995932041,109.0,16.7194037435,81.0
2016-10-07,4,1,24.0,32.0,1,69.0,77.0,49.0,1.20009449563,109.0,15.733355063,87.0
2016-10-08,5,0,24.0,32.0,1,69.0,77.6153846154,49.0,1.2968164794,109.0,15.9544469882,80.0
2016-10-09,6,0,24.0,32.0,1,70.0,77.1538461538,49.0,1.13865932048,109.0,15.7911667316,66.0
2016-10-10,0,0,23.0,31.0,1,69.0,77.6923076923,49.0,1.07348537203,109.0,15.2738318973,63.0
2016-10-11,1,0,24.0,30.0,1,69.0,78.4615384615,49.0,0.958276020174,109.0,14.2268185784,75.0
2016-10-12,2,0,23.0,29.0,0,70.0,79.6153846154,49.0,0.918918918919,109.0,13.2580220217,59.0
2016-10-13,3,0,24.0,29.0,1,70.0,78.6923076923,49.0,0.88380439659,109.0,14.2093393739,69.0
2016-10-14,4,0,24.0,29.0,1,70.0,77.8461538462,49.0,0.902222222222,109.0,14.4320484918,58.0
2016-10-15,5,1,24.0,30.0,1,70.0,74.4615384615,49.0,0.838404327248,109.0,13.4999452114,79.0
2016-10-16,6,1,23.0,32.0,1,70.0,74.9230769231,49.0,0.932971014493,109.0,13.5445790375,74.0
2016-10-17,0,0,23.0,31.0,1,71.0,74.1538461538,49.0,0.945976238512,109.0,13.2887815836,79.0
2016-10-18,1,0,23.0,26.0,0,71.0,75.3076923077,49.0,1.02225159727,109.0,13.0052333572,72.0
2016-10-19,2,0,24.0,28.0,0,71.0,72.4615384615,49.0,0.983606557377,109.0,8.63459396948,58.0
2016-10-20,3,0,24.0,30.0,1,71.0,70.6923076923,49.0,0.92151675485,109.0,9.05015610052,61.0
2016-10-21,4,0,24.0,30.0,1,70.0,68.6923076923,53.0,0.852868943961,109.0,8.04204925458,82.0
2016-10-22,5,1,24.0,30.0,1,71.0,68.8461538462,53.0,0.909708078751,109.0,8.27271840585,71.0
2016-10-23,6,1,24.0,30.0,0,71.0,69.2307692308,53.0,0.969861772037,109.0,8.24764624842,85.0
2016-10-24,0,0,24.0,31.0,0,71.0,70.9230769231,53.0,1.07789855072,109.0,9.01674969975,69.0
2016-10-25,1,0,24.0,30.0,0,71.0,70.4615384615,53.0,1.01557210562,109.0,8.94956281369,62.0
2016-10-26,2,0,25.0,31.0,1,71.0,70.6923076923,53.0,1.00699300699,109.0,8.68583830049,59.0
2016-10-27,3,0,25.0,32.0,1,70.0,69.9230769231,58.0,0.899621212121,109.0,9.22756354592,60.0
2016-10-28,4,0,24.0,31.0,1,69.0,70.0769230769,58.0,0.873762973691,109.0,9.04230687433,73.0
2016-10-29,5,1,21.0,28.0,1,71.0,69.6153846154,58.0,0.931586608443,109.0,8.7225478065,93.0
2016-10-30,6,1,21.0,26.0,1,71.0,71.0769230769,58.0,1.07542231739,109.0,10.7019878704,82.0
2016-10-31,0,0,21.0,28.0,1,71.0,71.3076923077,58.0,1.16431924883,109.0,10.9008441126,78.0
