time_stamp,dayofweek,holiday,lt,ht,sunny,m2M,w2A,m1L,d3w3,m1Lar,w2Std,pay_sum
2016-08-01,0,0,28.0,34.0,1,40.0,49.0,23.0,0.88361358391,79.0,6.99450333641,39.0
2016-08-02,1,0,28.0,34.0,0,40.0,47.4615384615,23.0,0.859375,79.0,6.82321134201,43.0
2016-08-03,2,0,26.0,32.0,0,40.0,46.3076923077,23.0,0.862068965517,79.0,6.1816678778,41.0
2016-08-04,3,0,27.0,32.0,0,40.0,46.2307692308,23.0,0.790742526519,79.0,6.24073277445,33.0
2016-08-05,4,0,27.0,33.0,0,40.0,44.4615384615,23.0,0.781563126253,79.0,6.47617390149,52.0
2016-08-06,5,1,27.0,33.0,1,41.0,44.8461538462,23.0,0.863309352518,79.0,6.75785757865,48.0
2016-08-07,6,1,27.0,34.0,1,41.0,44.3076923077,23.0,0.941259731069,79.0,6.1816678778,42.0
2016-08-08,0,0,27.0,34.0,0,41.0,44.6153846154,23.0,1.01247771836,79.0,5.95545595411,44.0
2016-08-09,1,0,28.0,34.0,1,41.0,44.4615384615,23.0,0.971014492754,79.0,5.94352116064,38.0
2016-08-10,2,0,28.0,34.0,1,41.0,43.6923076923,23.0,0.918518518519,79.0,6.08130319263,55.0
2016-08-11,3,0,28.0,35.0,1,42.0,43.7692307692,23.0,1.00036509675,79.0,6.2160319541,34.0
2016-08-12,4,0,28.0,34.0,1,42.0,43.2307692308,33.0,0.950243172465,79.0,6.71569741099,55.0
2016-08-13,5,1,28.0,35.0,1,42.0,44.3846153846,33.0,1.06785317019,79.0,7.32265674296,63.0
2016-08-14,6,1,28.0,36.0,1,42.0,45.1538461538,33.0,1.11723631018,79.0,8.60094944532,52.0
2016-08-15,0,0,28.0,35.0,1,42.0,46.1538461538,33.0,1.23054650742,79.0,8.58304369401,51.0
2016-08-16,1,0,28.0,35.0,1,42.0,46.7692307692,33.0,1.19510439165,63.0,8.62156371819,41.0
2016-08-17,2,0,28.0,35.0,1,42.0,46.7692307692,33.0,1.04461371055,63.0,8.62156371819,50.0
2016-08-18,3,0,28.0,36.0,1,42.0,48.0769230769,33.0,1.03460837887,63.0,7.6707389922,50.0
2016-08-19,4,0,29.0,36.0,1,43.0,47.9230769231,33.0,1.01731601732,63.0,7.61033243448,39.0
2016-08-20,5,1,28.0,37.0,0,43.0,47.2307692308,33.0,1.00397255327,63.0,7.9725861662,48.0
2016-08-21,6,1,28.0,35.0,0,44.0,47.6923076923,33.0,0.994916485113,63.0,7.82878923132,41.0
2016-08-22,0,0,28.0,35.0,1,43.0,47.4615384615,33.0,0.927536231884,63.0,7.97703805273,52.0
2016-08-23,1,0,26.0,34.0,1,44.0,48.5384615385,33.0,1.01184068891,63.0,7.56119022596,32.0
2016-08-24,2,0,26.0,34.0,1,43.0,46.7692307692,32.0,0.905797101449,63.0,8.47760712024,45.0
2016-08-25,3,0,27.0,35.0,1,43.0,47.6153846154,32.0,0.922746781116,63.0,7.67151034712,47.0
2016-08-26,4,0,26.0,34.0,0,44.0,47.0,32.0,0.89176555196,63.0,7.36937529969,49.0
2016-08-27,5,1,23.0,31.0,1,45.0,45.9230769231,32.0,1.01293103448,63.0,5.81062075939,71.0
2016-08-28,6,1,22.0,30.0,1,46.0,47.3846153846,32.0,1.16335771508,71.0,8.78406302992,60.0
2016-08-29,0,0,23.0,31.0,1,47.0,48.0769230769,32.0,1.23329907503,71.0,9.37641508058,46.0
2016-08-30,1,0,23.0,31.0,1,47.0,48.4615384615,32.0,1.20285423038,71.0,9.17869929293,59.0
2016-08-31,2,0,25.0,34.0,1,47.0,49.1538461538,32.0,1.11675126904,71.0,9.59844661989,47.0
2016-09-01,3,0,26.0,33.0,1,47.0,48.9230769231,32.0,1.01536406146,71.0,9.61138378304,60.0
2016-09-02,4,0,25.0,34.0,1,47.0,50.5384615385,32.0,1.10335659688,71.0,9.57251984039,64.0
2016-09-03,5,1,25.0,35.0,1,47.0,51.7692307692,32.0,1.13545816733,71.0,10.1765480482,76.0
2016-09-04,6,1,25.0,33.0,1,48.0,54.4615384615,32.0,1.29701686122,76.0,11.5133059118,69.0
2016-09-05,0,0,25.0,30.0,0,48.0,55.7692307692,32.0,1.33205863607,76.0,12.1094613115,66.0
2016-09-06,1,0,22.0,27.0,0,48.0,58.3846153846,32.0,1.31341425459,76.0,10.2171685189,65.0
2016-09-07,2,0,20.0,24.0,0,48.0,59.9230769231,32.0,1.2277470841,76.0,9.57128348006,43.0
2016-09-08,3,0,22.0,29.0,1,48.0,59.6153846154,32.0,1.0750695088,76.0,10.0348505147,52.0
2016-09-09,4,0,23.0,31.0,1,49.0,59.8461538462,32.0,0.976800976801,76.0,9.82027850025,75.0
2016-09-10,5,1,24.0,29.0,1,49.0,60.1538461538,32.0,1.0128090557,76.0,10.219484812,62.0
2016-09-11,6,1,23.0,26.0,0,50.0,60.3076923077,32.0,1.10526315789,76.0,10.2310584112,39.0
2016-09-12,0,0,23.0,29.0,1,50.0,59.7692307692,32.0,1.04111209701,76.0,11.1158504028,66.0
2016-09-13,1,0,23.0,30.0,1,50.0,60.3076923077,32.0,0.958943439564,76.0,11.2344567181,62.0
2016-09-14,2,0,22.0,24.0,0,50.0,61.4615384615,32.0,0.945104697227,76.0,10.5583753457,46.0
2016-09-15,3,1,23.0,26.0,0,49.0,60.3846153846,32.0,0.985556499575,76.0,11.3377413402,35.0
2016-09-16,4,1,23.0,27.0,0,49.0,58.1538461538,32.0,0.819719117226,76.0,13.1198390811,48.0
2016-09-17,5,1,23.0,27.0,0,48.0,56.0,32.0,0.754385964912,76.0,12.2850753731,56.0
2016-09-18,6,0,23.0,28.0,0,48.0,55.0,32.0,0.815727699531,76.0,11.7014134583,45.0
2016-09-19,0,0,21.0,27.0,0,48.0,53.3846153846,32.0,0.875183553598,76.0,11.5194715526,54.0
2016-09-20,1,0,20.0,26.0,1,48.0,52.5384615385,32.0,0.914454277286,76.0,11.0287413649,66.0
2016-09-21,2,0,20.0,27.0,1,49.0,54.3076923077,32.0,0.957354221062,76.0,11.2001690604,62.0
2016-09-22,3,0,21.0,27.0,1,49.0,55.0769230769,35.0,1.05415580655,76.0,11.3575562002,49.0
2016-09-23,4,0,21.0,27.0,1,49.0,53.0769230769,35.0,1.03873239437,76.0,9.86416621656,70.0
2016-09-24,5,1,22.0,28.0,1,50.0,53.6923076923,35.0,1.06784660767,76.0,10.6220714725,78.0
2016-09-25,6,1,23.0,29.0,1,50.0,56.6923076923,35.0,1.15305823822,78.0,11.518444175,48.0
2016-09-26,0,0,24.0,31.0,1,50.0,55.3076923077,35.0,1.16562592923,78.0,11.3976017409,57.0
2016-09-27,1,0,25.0,30.0,0,50.0,54.9230769231,35.0,1.09613656783,78.0,11.2486685603,39.0
2016-09-28,2,0,22.0,28.0,0,50.0,54.3846153846,35.0,0.865644724977,78.0,11.8161458088,59.0
2016-09-29,3,0,22.0,25.0,0,50.0,56.2307692308,35.0,0.925925925926,78.0,10.4377557723,42.0
2016-09-30,4,0,23.0,28.0,0,50.0,55.7692307692,35.0,0.861803631887,78.0,10.9133217544,62.0
2016-10-01,5,1,24.0,29.0,0,51.0,56.2307692308,35.0,1.00338565713,78.0,11.0394665852,131.0
2016-10-02,6,1,24.0,32.0,1,52.0,62.8461538462,35.0,1.33333333333,131.0,22.3257221568,147.0
2016-10-03,0,1,22.0,26.0,1,52.0,70.0,35.0,1.80467091295,147.0,31.4006369362,79.0
2016-10-04,1,1,22.0,26.0,1,52.0,71.0,35.0,1.86959937156,147.0,31.4642654451,88.0
2016-10-05,2,1,22.0,27.0,1,52.0,73.0,35.0,1.59188846641,147.0,31.6543835827,95.0
2016-10-06,3,1,22.0,26.0,0,54.0,76.5384615385,35.0,1.2703030303,147.0,31.3432985958,81.0
2016-10-07,4,1,20.0,25.0,0,55.0,77.3846153846,35.0,1.25,147.0,31.303817564,41.0
2016-10-08,5,0,17.0,22.0,0,55.0,74.5384615385,35.0,1.03852596315,147.0,32.7663415122,39.0
2016-10-09,6,0,18.0,22.0,1,54.0,73.8461538462,35.0,0.773852439317,147.0,33.4085345012,54.0
2016-10-10,0,0,18.0,22.0,1,54.0,73.6153846154,35.0,0.644075943283,147.0,33.5342269733,52.0
2016-10-11,1,0,19.0,25.0,1,54.0,74.6153846154,35.0,0.704054382132,147.0,32.6697659843,48.0
2016-10-12,2,0,19.0,23.0,1,52.0,73.7692307692,35.0,0.755457444199,147.0,33.2013758894,58.0
2016-10-13,3,0,19.0,23.0,1,54.0,75.0,35.0,0.769980506823,147.0,32.2847904176,142.0
2016-10-14,4,0,19.0,23.0,0,54.0,81.1538461538,35.0,1.14814814815,147.0,36.5615311787,70.0
2016-10-15,5,1,21.0,25.0,1,56.0,76.4615384615,39.0,1.25698324022,147.0,33.6626142424,69.0
2016-10-16,6,1,20.0,26.0,1,57.0,70.4615384615,39.0,1.28928653361,147.0,26.8087683263,80.0
2016-10-17,0,0,20.0,25.0,1,58.0,70.5384615385,39.0,0.989159891599,147.0,26.8345798282,48.0
2016-10-18,1,0,20.0,25.0,1,58.0,67.4615384615,39.0,0.884399551066,147.0,26.9489985103,72.0
2016-10-19,2,0,20.0,24.0,0,59.0,65.6923076923,39.0,0.890075656431,147.0,25.8140826664,61.0
2016-10-20,3,0,20.0,23.0,0,59.0,64.1538461538,39.0,0.795429575917,147.0,25.4493347468,59.0
2016-10-21,4,0,0.0,21.0,0,59.0,65.5384615385,39.0,0.845442536328,147.0,24.6283619638,67.0
2016-10-22,5,1,19.0,23.0,0,60.0,67.6923076923,39.0,0.859770114943,147.0,23.4073775858,54.0
2016-10-23,6,1,18.0,23.0,1,60.0,67.6923076923,39.0,0.884303610906,147.0,23.4073775858,96.0
2016-10-24,0,0,20.0,24.0,1,60.0,71.0769230769,39.0,1.05288694808,147.0,24.0654924943,73.0
2016-10-25,1,0,18.0,22.0,1,61.0,73.0,39.0,1.09394162374,147.0,23.1250779624,67.0
2016-10-26,2,0,19.0,21.0,0,61.0,73.6923076923,39.0,1.18206862009,147.0,22.7980586737,46.0
2016-10-27,3,0,18.0,22.0,0,61.0,66.3076923077,39.0,0.956790123457,147.0,12.8565135565,55.0
2016-10-28,4,0,15.0,20.0,0,61.0,65.1538461538,39.0,0.854961832061,147.0,13.1432706025,110.0
2016-10-29,5,1,13.0,17.0,1,62.0,68.3076923077,39.0,1.01858556601,147.0,17.7867046949,390.0
2016-10-30,6,1,14.0,18.0,1,62.0,92.1538461538,39.0,2.15492137449,390.0,87.7363587064,386.0
2016-10-31,0,0,13.0,17.0,0,62.0,118.153846154,39.0,2.8798959857,390.0,116.248305962,310.0
