time_stamp,dayofweek,holiday,lt,ht,sunny,m2M,w2A,m1L,d3w3,m1Lar,w2Std,pay_sum
2016-08-01,0,0,30.0,37.0,1,66.0,66.0,66.0,1.0,93.0,0.0,66.0
2016-08-02,1,0,29.0,36.0,1,66.0,66.0,66.0,1.0,66.0,0.0,66.0
2016-08-03,2,0,28.0,34.0,0,66.0,66.0,66.0,1.0,66.0,0.0,66.0
2016-08-04,3,0,27.0,32.0,1,66.0,66.0,66.0,1.0,66.0,0.0,66.0
2016-08-05,4,0,27.0,34.0,1,66.0,66.0,66.0,1.0,66.0,0.0,66.0
2016-08-06,5,1,27.0,33.0,0,66.0,66.0,66.0,1.0,66.0,0.0,66.0
2016-08-07,6,1,27.0,33.0,0,66.0,66.0,66.0,1.0,66.0,0.0,66.0
2016-08-08,0,0,26.0,34.0,0,66.0,66.0,66.0,1.0,66.0,0.0,66.0
2016-08-09,1,0,27.0,34.0,1,66.0,66.0,66.0,1.0,66.0,0.0,66.0
2016-08-10,2,0,27.0,33.0,0,66.0,66.0,66.0,1.0,66.0,0.0,66.0
2016-08-11,3,0,28.0,35.0,1,66.0,66.0,66.0,1.0,66.0,0.0,66.0
2016-08-12,4,0,29.0,36.0,1,66.0,66.0,66.0,1.0,66.0,0.0,66.0
2016-08-13,5,1,28.0,36.0,1,66.0,66.0,66.0,1.0,66.0,0.0,66.0
2016-08-14,6,1,29.0,36.0,1,66.0,66.0,66.0,1.0,66.0,0.0,66.0
2016-08-15,0,0,29.0,37.0,1,66.0,66.0,66.0,1.0,66.0,0.0,66.0
2016-08-16,1,0,29.0,37.0,1,66.0,66.0,66.0,1.0,66.0,0.0,66.0
2016-08-17,2,0,30.0,37.0,1,66.0,66.0,66.0,1.0,66.0,0.0,66.0
2016-08-18,3,0,30.0,37.0,1,66.0,66.0,66.0,1.0,66.0,0.0,66.0
2016-08-19,4,0,29.0,37.0,1,66.0,66.0,66.0,1.0,66.0,0.0,66.0
2016-08-20,5,1,28.0,37.0,1,66.0,66.0,66.0,1.0,66.0,0.0,66.0
2016-08-21,6,1,28.0,34.0,1,66.0,66.0,66.0,1.0,66.0,0.0,66.0
2016-08-22,0,0,29.0,35.0,1,66.0,66.0,66.0,1.0,66.0,0.0,66.0
2016-08-23,1,0,28.0,35.0,1,66.0,66.0,66.0,1.0,66.0,0.0,66.0
2016-08-24,2,0,30.0,37.0,1,66.0,66.0,66.0,1.0,66.0,0.0,66.0
2016-08-25,3,0,30.0,37.0,1,66.0,66.0,66.0,1.0,66.0,0.0,66.0
2016-08-26,4,0,25.0,34.0,1,66.0,66.0,66.0,1.0,66.0,0.0,66.0
2016-08-27,5,1,24.0,30.0,1,66.0,66.0,66.0,1.0,66.0,0.0,17.0
2016-08-28,6,1,22.0,31.0,1,66.0,62.2307692308,17.0,0.781536847627,66.0,13.0569983955,28.0
2016-08-29,0,0,23.0,32.0,1,66.0,59.3076923077,17.0,0.600162206002,66.0,15.8424192761,20.0
2016-08-30,1,0,24.0,31.0,1,66.0,55.7692307692,17.0,0.365065992699,66.0,18.8114279757,15.0
2016-08-31,2,0,24.0,29.0,1,66.0,51.8461538462,15.0,0.369718309859,66.0,21.4075693078,23.0
2016-09-01,3,0,22.0,25.0,0,66.0,48.5384615385,15.0,0.353766392193,66.0,22.2697289701,33.0
2016-09-02,4,0,23.0,32.0,1,66.0,46.0,15.0,0.446540880503,66.0,22.0139815712,26.0
2016-09-03,5,1,24.0,34.0,1,66.0,42.9230769231,15.0,0.535947712418,66.0,21.7978881774,43.0
2016-09-04,6,1,27.0,30.0,1,66.0,41.1538461538,15.0,0.682046138415,66.0,20.7618220404,45.0
2016-09-05,0,0,26.0,30.0,1,66.0,39.5384615385,15.0,0.77868852459,66.0,19.5472421215,47.0
2016-09-06,1,0,24.0,28.0,0,66.0,38.0769230769,15.0,0.940438871473,66.0,18.1763224615,27.0
2016-09-07,2,0,24.0,31.0,1,66.0,35.0769230769,15.0,0.864197530864,66.0,16.4572244527,52.0
2016-09-08,3,0,26.0,32.0,1,66.0,34.0,15.0,0.929203539823,66.0,14.7700320295,53.0
2016-09-09,4,0,23.0,31.0,1,66.0,33.0,15.0,0.987654320988,66.0,12.8900677327,75.0
2016-09-10,5,1,22.0,25.0,0,66.0,37.4615384615,15.0,1.33333333333,75.0,16.194089067,63.0
2016-09-11,6,1,22.0,26.0,0,66.0,40.1538461538,15.0,1.41954663694,75.0,17.2709010671,57.0
2016-09-12,0,0,22.0,30.0,1,66.0,43.0,15.0,1.46396396396,75.0,16.7561699314,40.0
2016-09-13,1,0,23.0,31.0,1,66.0,44.9230769231,15.0,1.23743232792,75.0,14.7463765482,56.0
2016-09-14,2,0,24.0,30.0,1,66.0,47.4615384615,15.0,1.19718309859,75.0,13.5454527403,52.0
2016-09-15,3,1,23.0,27.0,0,66.0,48.9230769231,15.0,1.17740652347,75.0,12.916665076,60.0
2016-09-16,4,1,22.0,28.0,1,66.0,51.5384615385,15.0,1.34615384615,75.0,11.35859813,47.0
2016-09-17,5,1,22.0,29.0,1,66.0,51.8461538462,15.0,1.22969837587,75.0,11.1758403838,48.0
2016-09-18,6,0,22.0,29.0,1,66.0,52.0769230769,15.0,1.17157974301,75.0,11.0624905977,62.0
2016-09-19,0,0,20.0,29.0,1,66.0,53.2307692308,15.0,1.13275613276,75.0,11.2534018525,46.0
2016-09-20,1,0,20.0,27.0,1,66.0,54.6923076923,15.0,1.0890052356,75.0,8.69468993904,53.0
2016-09-21,2,0,20.0,29.0,1,66.0,54.7692307692,15.0,1.089678511,75.0,8.67493157724,41.0
2016-09-22,3,0,20.0,29.0,1,66.0,53.8461538462,15.0,0.93991272239,75.0,9.42048630009,57.0
2016-09-23,4,0,21.0,30.0,1,66.0,52.4615384615,15.0,0.983072916667,75.0,7.29188573917,45.0
2016-09-24,5,1,24.0,32.0,1,66.0,51.0769230769,15.0,0.929174788824,75.0,6.85522303359,71.0
2016-09-25,6,1,24.0,34.0,1,66.0,52.1538461538,15.0,1.09632446134,75.0,8.58304369401,77.0
2016-09-26,0,0,26.0,34.0,1,66.0,55.0,15.0,1.18915588417,77.0,10.0842603939,55.0
2016-09-27,1,0,25.0,34.0,1,66.0,54.9230769231,15.0,1.21921921922,77.0,10.0801521544,57.0
2016-09-28,2,0,20.0,27.0,0,66.0,55.3076923077,15.0,1.13004484305,77.0,10.0566443049,68.0
2016-09-29,3,0,17.0,20.0,0,66.0,55.9230769231,23.0,1.06194690265,77.0,10.5572544396,96.0
2016-09-30,4,0,18.0,22.0,1,66.0,59.6923076923,26.0,1.28004633652,96.0,14.6517765548,82.0
2016-10-01,5,1,18.0,23.0,1,66.0,62.3076923077,26.0,1.40170940171,96.0,15.3491899831,50.0
2016-10-02,6,1,22.0,25.0,1,63.0,61.3846153846,27.0,1.30696474635,96.0,15.696831927,30.0
2016-10-03,0,1,22.0,27.0,1,62.0,60.1538461538,27.0,0.936686903729,96.0,17.3907409222,26.0
2016-10-04,1,1,22.0,27.0,1,60.0,58.0769230769,26.0,0.629266844761,96.0,19.5938041167,36.0
2016-10-05,2,1,21.0,28.0,1,57.0,57.6923076923,26.0,0.554049984944,96.0,19.9706885802,47.0
2016-10-06,3,1,22.0,26.0,1,57.0,56.9230769231,26.0,0.66422912858,96.0,20.1740943499,38.0
2016-10-07,4,1,21.0,25.0,1,57.0,56.3846153846,26.0,0.743471582181,96.0,20.5745864957,56.0
2016-10-08,5,0,18.0,25.0,1,56.0,55.2307692308,26.0,0.860018298262,96.0,20.1385731912,49.0
2016-10-09,6,0,17.0,23.0,1,56.0,53.0769230769,26.0,0.882716049383,96.0,19.1691319913,62.0
2016-10-10,0,0,17.0,24.0,1,56.0,53.6153846154,26.0,1.01581508516,96.0,19.3133611047,59.0
2016-10-11,1,0,18.0,24.0,1,56.0,53.7692307692,26.0,1.02843315185,96.0,19.3476448424,57.0
2016-10-12,2,0,19.0,22.0,1,56.0,52.9230769231,26.0,1.06141920095,96.0,18.9430788597,58.0
2016-10-13,3,0,17.0,22.0,1,56.0,50.0,26.0,1.03663985702,96.0,14.475443397,62.0
2016-10-14,4,0,18.0,23.0,1,56.0,48.4615384615,26.0,1.03873239437,96.0,11.8101350518,72.0
2016-10-15,5,1,19.0,25.0,1,56.0,50.1538461538,26.0,1.12576956904,96.0,13.381078224,83.0
2016-10-16,6,1,20.0,28.0,1,56.0,54.2307692308,26.0,1.26567512394,96.0,14.6348049113,69.0
2016-10-17,0,0,20.0,25.0,1,56.0,57.5384615385,26.0,1.2906943244,96.0,12.5980180652,77.0
2016-10-18,1,0,21.0,24.0,0,56.0,60.6923076923,26.0,1.29708297933,96.0,11.9253099646,54.0
2016-10-19,2,0,21.0,23.0,0,55.0,61.2307692308,26.0,1.14646030381,96.0,11.4431964749,61.0
2016-10-20,3,0,22.0,27.0,1,55.0,63.0,26.0,1.13475177305,96.0,9.29019334071,82.0
2016-10-21,4,0,22.0,27.0,1,55.0,65.0,26.0,1.16430260047,96.0,10.3105621722,68.0
2016-10-22,5,1,20.0,23.0,0,55.0,66.4615384615,26.0,1.22745782432,96.0,9.22884595348,82.0
2016-10-23,6,1,19.0,24.0,1,55.0,68.0,26.0,1.29104062326,96.0,9.99230473145,79.0
2016-10-24,0,0,19.0,25.0,1,55.0,69.5384615385,26.0,1.2203570477,96.0,10.0277720864,56.0
2016-10-25,1,0,19.0,23.0,0,55.0,69.4615384615,26.0,1.13821138211,96.0,10.1270041482,90.0
2016-10-26,2,0,20.0,25.0,1,56.0,71.9230769231,26.0,1.14155251142,96.0,10.9013869157,85.0
2016-10-27,3,0,18.0,27.0,1,56.0,73.6923076923,26.0,1.13152094048,96.0,11.013171243,77.0
2016-10-28,4,0,14.0,19.0,0,56.0,74.0769230769,26.0,1.21562952243,96.0,11.0346415261,74.0
2016-10-29,5,1,12.0,14.0,0,57.0,73.3846153846,26.0,1.11821843165,90.0,10.7312517123,89.0
2016-10-30,6,1,12.0,17.0,1,57.0,74.9230769231,26.0,1.11576011158,90.0,11.4048676414,79.0
2016-10-31,0,0,13.0,15.0,0,57.0,75.0769230769,26.0,1.1095827602,90.0,11.445264647,66.0
