time_stamp,dayofweek,holiday,lt,ht,sunny,m2M,w2A,m1L,d3w3,m1Lar,w2Std,pay_sum
2016-08-01,0,0,26.0,32.0,0,123.0,123.153846154,84.0,0.824471576736,165.0,23.1843652684,132.0
2016-08-02,1,0,25.0,28.0,0,123.0,121.846153846,84.0,0.815195884448,165.0,22.1458318837,68.0
2016-08-03,2,0,26.0,31.0,0,123.0,116.153846154,68.0,0.77914951989,165.0,25.4916159787,166.0
2016-08-04,3,0,27.0,31.0,0,124.0,118.076923077,68.0,0.99348534202,166.0,28.1027278678,148.0
2016-08-05,4,0,27.0,32.0,0,124.0,117.153846154,68.0,1.03396941399,166.0,26.8810661243,169.0
2016-08-06,5,1,28.0,34.0,1,126.0,121.846153846,68.0,1.27575277338,169.0,30.0149863949,114.0
2016-08-07,6,1,28.0,35.0,1,124.0,123.692307692,68.0,1.12945492662,169.0,28.7091103615,74.0
2016-08-08,0,0,28.0,34.0,1,124.0,119.538461538,68.0,0.962783171521,169.0,31.5512169328,85.0
2016-08-09,1,0,27.0,33.0,1,124.0,117.307692308,68.0,0.755813953488,169.0,32.8619129912,349.0
2016-08-10,2,0,25.0,28.0,0,126.0,133.615384615,68.0,1.29509241555,349.0,70.0961301045,235.0
2016-08-11,3,0,26.0,31.0,0,128.0,142.615384615,68.0,1.64636397195,349.0,74.8624774673,252.0
2016-08-12,4,0,26.0,30.0,0,128.0,151.461538462,68.0,1.98976555992,349.0,80.2751186518,272.0
2016-08-13,5,1,26.0,31.0,0,128.0,165.230769231,68.0,1.7065767285,349.0,84.3163948344,196.0
2016-08-14,6,1,26.0,31.0,0,128.0,173.846153846,68.0,1.56300879192,349.0,81.2421320724,165.0
2016-08-15,0,0,26.0,30.0,0,132.0,176.384615385,68.0,1.35778635779,349.0,80.4062171932,162.0
2016-08-16,1,0,25.0,29.0,0,132.0,183.615384615,68.0,1.1047739755,349.0,74.3314184132,190.0
2016-08-17,2,0,25.0,29.0,0,134.0,185.461538462,68.0,1.07406253246,349.0,74.1688462326,162.0
2016-08-18,3,0,26.0,30.0,0,137.0,186.538461538,68.0,1.05338661748,349.0,73.7173556275,165.0
2016-08-19,4,0,26.0,31.0,0,137.0,186.230769231,68.0,1.05049273595,349.0,73.7982216235,161.0
2016-08-20,5,1,27.0,33.0,1,138.0,189.846153846,68.0,0.971434258983,349.0,71.2793487774,117.0
2016-08-21,6,1,26.0,31.0,0,137.0,193.153846154,68.0,0.873250542086,349.0,66.6758474941,105.0
2016-08-22,0,0,26.0,33.0,1,137.0,194.692307692,68.0,0.761053154496,349.0,64.3528549548,181.0
2016-08-23,1,0,27.0,34.0,1,137.0,181.769230769,68.0,0.774702037678,349.0,46.4445970132,175.0
2016-08-24,2,0,28.0,34.0,1,137.0,177.153846154,68.0,0.883903748442,349.0,43.8333314584,168.0
2016-08-25,3,0,28.0,34.0,1,140.0,170.692307692,68.0,0.998951482223,349.0,38.1462461413,172.0
2016-08-26,4,0,26.0,33.0,0,141.0,163.0,68.0,0.980952380952,349.0,24.6295632242,173.0
2016-08-27,5,1,26.0,31.0,0,141.0,161.230769231,68.0,0.960944085417,349.0,22.9653714105,98.0
2016-08-28,6,1,26.0,31.0,1,141.0,156.076923077,68.0,0.824262722114,349.0,28.4130564204,121.0
2016-08-29,0,0,25.0,31.0,1,141.0,152.923076923,68.0,0.722114764668,349.0,29.8211632092,149.0
2016-08-30,1,0,25.0,30.0,1,142.0,149.769230769,68.0,0.717558740372,349.0,27.8351019292,143.0
2016-08-31,2,0,26.0,30.0,1,143.0,148.307692308,68.0,0.827572387536,349.0,27.6527495236,160.0
2016-09-01,3,0,25.0,30.0,0,144.0,147.923076923,74.0,0.931478619268,349.0,27.4519483362,145.0
2016-09-02,4,0,25.0,29.0,0,145.0,146.692307692,74.0,0.960960960961,349.0,27.1955443618,136.0
2016-09-03,5,1,26.0,31.0,0,144.0,148.153846154,74.0,0.964566929134,349.0,26.0468399201,111.0
2016-09-04,6,1,26.0,32.0,0,144.0,148.615384615,74.0,0.872856824761,349.0,25.3211327415,79.0
2016-09-05,0,0,26.0,30.0,0,143.0,140.769230769,74.0,0.746593381427,349.0,29.5248366013,140.0
2016-09-06,1,0,26.0,29.0,0,142.0,138.076923077,79.0,0.768961901433,349.0,27.8276606675,87.0
2016-09-07,2,0,26.0,30.0,0,142.0,131.846153846,79.0,0.732232591529,349.0,29.450992288,131.0
2016-09-08,3,0,25.0,29.0,0,142.0,128.692307692,79.0,0.867248062016,272.0,27.0821673243,133.0
2016-09-09,4,0,26.0,31.0,0,141.0,125.615384615,79.0,0.859030837004,272.0,23.9664459723,97.0
2016-09-10,5,1,25.0,29.0,0,141.0,125.538461538,79.0,0.890039447732,272.0,24.0563933118,92.0
2016-09-11,6,1,25.0,31.0,0,140.0,123.307692308,79.0,0.797720797721,196.0,25.6646557782,81.0
2016-09-12,0,0,25.0,32.0,0,140.0,118.076923077,79.0,0.694712466229,190.0,26.7997173879,143.0
2016-09-13,1,0,27.0,33.0,1,140.0,118.076923077,79.0,0.823238244106,190.0,26.7997173879,135.0
2016-09-14,2,0,26.0,33.0,1,140.0,116.153846154,79.0,0.947479546054,190.0,24.5226619017,147.0
2016-09-15,3,1,27.0,33.0,1,141.0,116.307692308,79.0,1.13288018126,181.0,24.7087172888,75.0
2016-09-16,4,1,27.0,33.0,1,140.0,111.615384615,75.0,0.990428630878,181.0,26.2664994638,91.0
2016-09-17,5,1,26.0,32.0,1,137.0,110.076923077,75.0,0.870895937674,181.0,26.8370052739,91.0
2016-09-18,6,0,25.0,32.0,1,137.0,111.0,75.0,0.724147647225,181.0,25.9437260831,105.0
2016-09-19,0,0,25.0,32.0,1,136.0,108.307692308,75.0,0.824002296871,181.0,24.5744852529,122.0
2016-09-20,1,0,23.0,28.0,0,135.0,111.0,75.0,0.921338548457,181.0,24.0032049142,138.0
2016-09-21,2,0,24.0,31.0,1,136.0,111.538461538,75.0,1.06771976013,175.0,24.5188009012,143.0
2016-09-22,3,0,25.0,31.0,1,137.0,112.307692308,75.0,1.17991509296,173.0,25.3237031421,114.0
2016-09-23,4,0,26.0,31.0,1,137.0,113.615384615,75.0,1.16777531412,173.0,24.9354195459,149.0
2016-09-24,5,1,26.0,31.0,1,137.0,118.0,75.0,1.18040412851,173.0,25.7472926135,113.0
2016-09-25,6,1,26.0,32.0,1,137.0,120.461538462,75.0,1.07720956883,160.0,23.5261405662,97.0
2016-09-26,0,0,27.0,33.0,1,137.0,116.923076923,75.0,1.04786923526,160.0,23.3286273079,135.0
2016-09-27,1,0,27.0,33.0,1,136.0,116.923076923,75.0,0.98627787307,160.0,23.3286273079,142.0
2016-09-28,2,0,26.0,32.0,1,138.0,116.538461538,75.0,1.0641627543,160.0,22.8662175562,125.0
2016-09-29,3,0,24.0,29.0,1,138.0,120.384615385,75.0,1.147751606,160.0,19.5154316121,125.0
2016-09-30,4,0,23.0,26.0,0,138.0,123.0,75.0,1.10593877839,149.0,17.5849586076,168.0
2016-10-01,5,1,23.0,28.0,0,140.0,128.923076923,75.0,1.14254475878,168.0,18.7389415121,103.0
2016-10-02,6,1,24.0,30.0,0,138.0,128.769230769,75.0,1.07273466071,168.0,18.9418293575,87.0
2016-10-03,0,1,24.0,30.0,0,136.0,126.076923077,75.0,0.992376992377,168.0,21.9596186686,90.0
2016-10-04,1,1,25.0,32.0,1,135.0,122.384615385,75.0,0.790960451977,168.0,23.6172637689,78.0
2016-10-05,2,1,25.0,30.0,1,135.0,117.384615385,75.0,0.742034046268,168.0,25.526874109,100.0
2016-10-06,3,1,26.0,32.0,1,135.0,116.307692308,75.0,0.77144502015,168.0,25.93893603,97.0
2016-10-07,4,1,25.0,31.0,0,135.0,112.307692308,75.0,0.789549239162,168.0,24.5619612578,92.0
2016-10-08,5,0,24.0,30.0,1,135.0,110.692307692,75.0,0.829387286555,168.0,25.1469056527,124.0
2016-10-09,6,0,22.0,28.0,1,133.0,112.769230769,75.0,0.89097637347,168.0,25.0450481706,105.0
2016-10-10,0,0,23.0,28.0,1,131.0,110.461538462,75.0,0.920430107527,168.0,24.2601775141,155.0
2016-10-11,1,0,21.0,26.0,1,131.0,111.461538462,75.0,1.09308283518,168.0,25.7610779296,124.0
2016-10-12,2,0,22.0,26.0,0,125.0,111.384615385,75.0,1.1020232458,168.0,25.7220003455,146.0
2016-10-13,3,0,23.0,28.0,1,125.0,113.0,75.0,1.20311394197,168.0,27.146327135,143.0
2016-10-14,4,0,24.0,30.0,1,125.0,111.076923077,75.0,1.17212998439,168.0,23.869715407,148.0
2016-10-15,5,1,24.0,31.0,1,125.0,114.538461538,78.0,1.22203579418,168.0,25.6443587577,105.0
2016-10-16,6,1,24.0,31.0,1,125.0,115.923076923,78.0,1.10367892977,168.0,24.5841147537,96.0
2016-10-17,0,0,24.0,31.0,1,124.0,116.384615385,78.0,0.988808613118,168.0,24.1455154668,122.0
2016-10-18,1,0,23.0,27.0,0,124.0,119.769230769,78.0,0.922988998428,168.0,21.4625034247,126.0
2016-10-19,2,0,24.0,27.0,0,124.0,121.769230769,78.0,0.982576406741,168.0,20.7258806852,139.0
2016-10-20,3,0,24.0,30.0,0,125.0,125.0,78.0,1.09880749574,168.0,19.8688004361,149.0
2016-10-21,4,0,24.0,27.0,0,125.0,129.384615385,78.0,1.18505796479,168.0,18.3325622933,111.0
2016-10-22,5,1,24.0,30.0,0,124.0,128.384615385,78.0,1.13821138211,168.0,18.9433912224,119.0
2016-10-23,6,1,25.0,30.0,1,124.0,129.461538462,78.0,1.06655410159,168.0,17.955566459,110.0
2016-10-24,0,0,25.0,31.0,0,122.0,126.0,78.0,0.948793079392,168.0,17.011308456,133.0
2016-10-25,1,0,25.0,30.0,1,122.0,126.692307692,78.0,0.987452264048,168.0,17.0987386642,154.0
2016-10-26,2,0,25.0,31.0,1,124.0,127.307692308,78.0,1.05951427809,168.0,17.9073883136,132.0
2016-10-27,3,0,26.0,31.0,1,124.0,126.461538462,78.0,1.10277668114,168.0,17.3985648595,142.0
2016-10-28,4,0,24.0,32.0,1,124.0,126.0,78.0,1.10465866563,168.0,16.8933305001,146.0
2016-10-29,5,1,22.0,29.0,1,124.0,129.153846154,78.0,1.07485604607,168.0,16.5010309881,111.0
2016-10-30,6,1,20.0,25.0,1,124.0,130.307692308,78.0,1.01876675603,155.0,14.5516830398,90.0
2016-10-31,0,0,21.0,27.0,1,122.0,127.846153846,78.0,0.908614820634,155.0,18.0377644609,143.0
