time_stamp,dayofweek,holiday,lt,ht,sunny,m2M,w2A,m1L,d3w3,m1Lar,w2Std,pay_sum
2016-08-01,0,0,24.0,30.0,1,31.0,40.2307692308,25.0,0.934959349593,62.0,9.86176646802,56.0
2016-08-02,1,0,24.0,33.0,1,32.0,42.2307692308,25.0,0.998389694042,62.0,10.214272414,72.0
2016-08-03,2,0,25.0,34.0,1,33.0,44.0,25.0,1.27843137255,72.0,12.8781269541,53.0
2016-08-04,3,0,25.0,33.0,1,33.0,44.4615384615,25.0,1.40473418704,72.0,13.0832563849,86.0
2016-08-05,4,0,25.0,32.0,1,33.0,48.6923076923,25.0,1.57698056801,86.0,16.4942163075,51.0
2016-08-06,5,1,24.0,33.0,1,34.0,50.0,25.0,1.38584974471,86.0,15.942203303,36.0
2016-08-07,6,1,23.0,31.0,1,34.0,50.8461538462,25.0,1.25635439361,86.0,14.8471502256,32.0
2016-08-08,0,0,24.0,32.0,1,34.0,49.5384615385,25.0,0.872753942061,86.0,15.6775949128,57.0
2016-08-09,1,0,25.0,33.0,1,34.0,50.6923076923,25.0,0.890313390313,86.0,15.6322379685,70.0
2016-08-10,2,0,26.0,33.0,1,35.0,51.3076923077,25.0,1.10762800418,86.0,16.2119832953,67.0
2016-08-11,3,0,27.0,34.0,1,36.0,53.4615384615,25.0,1.32378027977,86.0,16.2935352192,58.0
2016-08-12,4,0,25.0,29.0,0,36.0,54.3076923077,25.0,1.29482071713,86.0,16.2214701761,56.0
2016-08-13,5,1,24.0,31.0,0,37.0,56.0769230769,25.0,1.17608836907,86.0,15.010055801,36.0
2016-08-14,6,1,24.0,33.0,1,37.0,56.1538461538,25.0,0.964320154291,86.0,14.9040322569,39.0
2016-08-15,0,0,21.0,29.0,0,37.0,54.8461538462,25.0,0.850373255437,86.0,15.5901653114,68.0
2016-08-16,1,0,23.0,31.0,1,37.0,54.5384615385,25.0,0.905349794239,86.0,15.2850625152,69.0
2016-08-17,2,0,23.0,28.0,0,39.0,55.7692307692,25.0,1.10691823899,86.0,15.7487672101,82.0
2016-08-18,3,0,22.0,24.0,0,39.0,55.4615384615,25.0,1.32366273799,86.0,15.184077615,54.0
2016-08-19,4,0,22.0,32.0,1,40.0,55.6923076923,25.0,1.23123123123,86.0,15.1372419771,52.0
2016-08-20,5,1,23.0,31.0,1,41.0,56.9230769231,25.0,1.11012695601,86.0,14.1010721822,33.0
2016-08-21,6,1,23.0,34.0,1,41.0,57.0,25.0,0.822241940254,86.0,13.9669940602,28.0
2016-08-22,0,0,23.0,32.0,1,41.0,54.7692307692,25.0,0.685471640886,86.0,15.9622335344,63.0
2016-08-23,1,0,24.0,30.0,0,41.0,54.2307692308,28.0,0.758409785933,86.0,15.5521645595,82.0
2016-08-24,2,0,24.0,31.0,0,41.0,55.3846153846,28.0,1.03068215669,86.0,16.9503277097,66.0
2016-08-25,3,0,18.0,30.0,1,42.0,56.0,28.0,1.27995147103,86.0,17.1778032087,55.0
2016-08-26,4,0,17.0,29.0,1,44.0,55.9230769231,28.0,1.22695678453,86.0,17.1798698771,67.0
2016-08-27,5,1,20.0,32.0,1,45.0,58.3076923077,28.0,1.10523221634,86.0,16.3819066017,34.0
2016-08-28,6,1,18.0,31.0,1,45.0,57.9230769231,28.0,0.915492957746,86.0,16.8817677641,31.0
2016-08-29,0,0,19.0,31.0,1,45.0,55.0769230769,28.0,0.792792792793,86.0,18.0233247956,68.0
2016-08-30,1,0,19.0,31.0,1,47.0,55.0,28.0,0.800240673887,86.0,17.9657794367,64.0
2016-08-31,2,0,19.0,33.0,1,47.0,53.6153846154,28.0,0.983408748115,86.0,16.4622573531,76.0
2016-09-01,3,0,19.0,27.0,1,48.0,55.3076923077,28.0,1.23478777085,86.0,17.5121259764,80.0
2016-09-02,4,0,19.0,28.0,1,49.0,57.4615384615,28.0,1.27869805289,86.0,18.6572954781,84.0
2016-09-03,5,1,20.0,30.0,1,49.0,61.3846153846,28.0,1.33891213389,84.0,18.4621794761,30.0
2016-09-04,6,1,18.0,29.0,0,49.0,61.5384615385,28.0,1.09050028106,84.0,18.1896647942,34.0
2016-09-05,0,0,20.0,31.0,1,49.0,59.3076923077,28.0,0.856481481481,84.0,19.5974276781,68.0
2016-09-06,1,0,21.0,30.0,1,49.0,58.2307692308,28.0,0.764552562989,84.0,18.6842337739,72.0
2016-09-07,2,0,19.0,31.0,1,50.0,58.6923076923,28.0,1.0166520596,84.0,18.9427664919,73.0
2016-09-08,3,0,18.0,31.0,1,51.0,60.0769230769,28.0,1.22413793103,84.0,19.2771747789,85.0
2016-09-09,4,0,19.0,31.0,1,52.0,61.4615384615,28.0,1.28527521654,85.0,20.3417546502,61.0
2016-09-10,5,1,18.0,30.0,1,53.0,63.5384615385,28.0,1.19574119574,85.0,18.7477809338,46.0
2016-09-11,6,1,18.0,25.0,0,53.0,64.6923076923,28.0,1.03309120258,85.0,17.0987386642,31.0
2016-09-12,0,0,18.0,27.0,1,53.0,61.8461538462,28.0,0.76222038111,85.0,19.2547542734,74.0
2016-09-13,1,0,19.0,27.0,1,53.0,62.6153846154,28.0,0.839588546011,85.0,19.5233133283,83.0
2016-09-14,2,0,20.0,30.0,1,54.0,63.1538461538,28.0,1.03070175439,85.0,19.9763173392,70.0
2016-09-15,3,1,21.0,30.0,1,55.0,62.3846153846,28.0,1.22935282968,85.0,19.4996586224,25.0
2016-09-16,4,1,20.0,30.0,0,55.0,57.8461538462,25.0,0.998037566583,85.0,20.7655267352,55.0
2016-09-17,5,1,17.0,24.0,1,55.0,59.7692307692,25.0,0.826446280992,85.0,19.1959685117,46.0
2016-09-18,6,0,15.0,22.0,0,55.0,60.6923076923,25.0,0.685714285714,85.0,18.1971452342,49.0
2016-09-19,0,0,13.0,25.0,1,55.0,59.2307692308,25.0,0.829187396352,85.0,18.314155291,75.0
2016-09-20,1,0,14.0,26.0,1,56.0,59.4615384615,25.0,0.93125171186,85.0,18.4916421229,90.0
2016-09-21,2,0,16.0,23.0,0,56.0,60.7692307692,25.0,1.15894936366,90.0,19.9466744718,135.0
2016-09-22,3,0,17.0,26.0,0,57.0,64.6153846154,25.0,1.55520995334,135.0,27.6002744176,141.0
2016-09-23,4,0,19.0,27.0,1,58.0,70.7692307692,25.0,1.81682799702,141.0,34.2303370759,113.0
2016-09-24,5,1,20.0,29.0,1,61.0,75.9230769231,25.0,1.81860682562,141.0,35.1446714168,41.0
2016-09-25,6,1,19.0,27.0,1,58.0,76.6923076923,25.0,1.37241218888,141.0,34.251074358,55.0
2016-09-26,0,0,19.0,24.0,0,58.0,75.2307692308,25.0,0.981220657277,141.0,34.7367104553,91.0
2016-09-27,1,0,12.0,23.0,1,61.0,75.8461538462,25.0,0.866342367385,141.0,34.9391694539,86.0
2016-09-28,2,0,10.0,20.0,1,63.0,77.0769230769,25.0,1.06519742883,141.0,34.9933214254,91.0
2016-09-29,3,0,12.0,22.0,1,64.0,82.1538461538,25.0,1.22542295382,141.0,31.7025748866,90.0
2016-09-30,4,0,14.0,24.0,1,66.0,84.8461538462,25.0,1.19704102219,141.0,30.7542271112,74.0
2016-10-01,5,1,15.0,26.0,1,66.0,87.0,25.0,1.12211221122,141.0,28.8817216619,49.0
2016-10-02,6,1,16.0,26.0,1,66.0,87.0,25.0,0.926288323549,141.0,28.8817216619,28.0
2016-10-03,0,1,16.0,28.0,1,64.0,83.3846153846,25.0,0.676978255996,141.0,32.8294859529,25.0
2016-10-04,1,1,11.0,19.0,0,64.0,78.3846153846,25.0,0.475857242827,141.0,36.2163126474,41.0
2016-10-05,2,1,13.0,21.0,1,64.0,71.1538461538,25.0,0.447619047619,141.0,33.4706442076,38.0
2016-10-06,3,1,14.0,17.0,0,64.0,63.2307692308,25.0,0.490681764567,141.0,27.6910256113,48.0
2016-10-07,4,1,12.0,16.0,0,64.0,58.2307692308,25.0,0.602181128497,141.0,23.8558293026,47.0
2016-10-08,5,0,5.0,19.0,1,63.0,58.6923076923,25.0,0.630182421227,141.0,23.5743818432,81.0
2016-10-09,6,0,8.0,18.0,1,63.0,60.6923076923,25.0,0.815381051656,141.0,24.2689564778,74.0
2016-10-10,0,0,10.0,20.0,1,64.0,59.3846153846,25.0,0.936485859991,141.0,23.0268687926,94.0
2016-10-11,1,0,10.0,20.0,1,66.0,60.0,25.0,1.15117891817,141.0,23.823065746,92.0
2016-10-12,2,0,10.0,19.0,1,67.0,60.0769230769,25.0,1.23898022397,141.0,23.9244372604,80.0
2016-10-13,3,0,12.0,22.0,1,68.0,59.3076923077,25.0,1.32536123568,141.0,23.0964020354,93.0
2016-10-14,4,0,13.0,23.0,1,68.0,60.7692307692,25.0,1.34041476985,141.0,24.5361706189,82.0
2016-10-15,5,1,11.0,17.0,0,68.0,63.3076923077,25.0,1.25091979397,141.0,24.8917181636,31.0
2016-10-16,6,1,12.0,20.0,1,67.0,63.5384615385,25.0,1.02871410737,141.0,24.5752075963,42.0
2016-10-17,0,0,9.0,21.0,1,67.0,64.8461538462,25.0,0.803525142561,141.0,22.8838073548,84.0
2016-10-18,1,0,12.0,20.0,1,68.0,68.1538461538,25.0,0.815160955348,141.0,22.2981411914,73.0
2016-10-19,2,0,14.0,22.0,1,68.0,70.8461538462,25.0,1.04791995787,141.0,20.5383174873,90.0
2016-10-20,3,0,11.0,15.0,0,70.0,74.0769230769,25.0,1.30068457083,141.0,19.986385899,82.0
2016-10-21,4,0,11.0,11.0,0,72.0,76.7692307692,25.0,1.28205128205,141.0,18.456409544,86.0
2016-10-22,5,1,7.0,15.0,1,72.0,77.1538461538,25.0,1.31197559115,113.0,18.5921660667,60.0
2016-10-23,6,1,0.0,5.0,1,72.0,76.0769230769,25.0,1.13179448995,94.0,19.1410213475,46.0
2016-10-24,0,0,6.0,13.0,1,72.0,72.3846153846,25.0,0.938416422287,94.0,19.9404438711,85.0
2016-10-25,1,0,10.0,17.0,1,73.0,71.8461538462,25.0,0.904356060606,94.0,19.4929815924,88.0
2016-10-26,2,0,0.0,10.0,1,73.0,72.4615384615,25.0,1.00137174211,94.0,19.8634391035,89.0
2016-10-27,3,0,7.0,11.0,0,74.0,72.1538461538,25.0,1.16522125862,94.0,19.5717463308,83.0
2016-10-28,4,0,2.0,13.0,1,74.0,72.2307692308,25.0,1.12920738328,94.0,19.6122169388,81.0
2016-10-29,5,1,2.0,12.0,1,74.0,76.0769230769,25.0,1.09880564604,94.0,15.6522868246,50.0
2016-10-30,6,1,2.0,13.0,1,74.0,76.6923076923,25.0,0.944187072579,94.0,14.408248788,50.0
2016-10-31,0,0,-4.0,6.0,1,74.0,74.0769230769,25.0,0.822540331743,94.0,15.857352279,87.0
