time_stamp,dayofweek,holiday,lt,ht,sunny,m2M,w2A,m1L,d3w3,m1Lar,w2Std,pay_sum
2016-08-01,0,0,27.0,37.0,1,39.0,52.1538461538,25.0,1.05263157895,63.0,7.47144465328,56.0
2016-08-02,1,0,27.0,35.0,0,39.0,52.0769230769,25.0,1.10777444111,63.0,7.42616516071,49.0
2016-08-03,2,0,26.0,32.0,0,40.0,53.0,25.0,1.12224448898,63.0,6.12686392361,64.0
2016-08-04,3,0,27.0,33.0,0,42.0,54.0,25.0,1.10026041667,64.0,6.7482191383,38.0
2016-08-05,4,0,26.0,33.0,0,42.0,53.6153846154,25.0,0.987896630684,64.0,7.46827610155,53.0
2016-08-06,5,1,26.0,34.0,0,43.0,53.1538461538,25.0,1.01406607785,64.0,7.30485774985,62.0
2016-08-07,6,1,27.0,35.0,1,43.0,53.8461538462,25.0,0.99512195122,64.0,7.67459499153,56.0
2016-08-08,0,0,26.0,34.0,0,43.0,53.5384615385,25.0,1.07954545455,64.0,7.49990138002,48.0
2016-08-09,1,0,26.0,30.0,0,44.0,53.1538461538,25.0,1.05698822031,64.0,7.64446661465,52.0
2016-08-10,2,0,27.0,35.0,0,44.0,53.4615384615,25.0,0.979284369115,64.0,7.51015092151,42.0
2016-08-11,3,0,27.0,36.0,1,44.0,52.0,25.0,0.899018676796,64.0,7.74596669241,40.0
2016-08-12,4,0,27.0,36.0,1,44.0,51.5384615385,25.0,0.850793650794,64.0,8.25194974271,67.0
2016-08-13,5,1,27.0,35.0,1,45.0,53.0769230769,25.0,0.938878386894,67.0,9.08474239474,63.0
2016-08-14,6,1,28.0,35.0,1,45.0,53.0769230769,25.0,1.06117353308,67.0,9.08474239474,69.0
2016-08-15,0,0,27.0,36.0,1,45.0,54.0769230769,25.0,1.23181677499,69.0,10.0189170186,58.0
2016-08-16,1,0,26.0,36.0,1,46.0,54.7692307692,25.0,1.17067159581,69.0,9.95492801159,55.0
2016-08-17,2,0,28.0,37.0,1,47.0,54.0769230769,37.0,1.11417202326,69.0,9.59536377201,59.0
2016-08-18,3,0,28.0,37.0,1,47.0,55.6923076923,37.0,1.05489113769,69.0,8.45244266365,55.0
2016-08-19,4,0,28.0,38.0,1,47.0,55.8461538462,38.0,1.02798053528,69.0,8.4201786373,41.0
2016-08-20,5,1,27.0,37.0,0,47.0,54.2307692308,38.0,0.948012232416,69.0,9.07366303908,60.0
2016-08-21,6,1,27.0,35.0,0,48.0,54.5384615385,38.0,0.956761729531,69.0,9.19544523217,71.0
2016-08-22,0,0,27.0,36.0,1,48.0,56.3076923077,38.0,1.0405323654,71.0,9.94898228568,55.0
2016-08-23,1,0,27.0,35.0,0,49.0,56.5384615385,38.0,1.11913357401,71.0,9.88094813743,68.0
2016-08-24,2,0,27.0,35.0,1,50.0,58.5384615385,38.0,1.16306954436,71.0,9.3530364022,96.0
2016-08-25,3,0,26.0,35.0,1,51.0,62.8461538462,38.0,1.24786324786,96.0,12.265311648,77.0
2016-08-26,4,0,25.0,34.0,0,51.0,63.6153846154,38.0,1.34561697376,96.0,12.8034758594,69.0
2016-08-27,5,1,23.0,31.0,1,52.0,64.0769230769,38.0,1.34332500694,96.0,12.8808835009,71.0
2016-08-28,6,1,21.0,31.0,1,53.0,64.2307692308,38.0,1.18969298246,96.0,12.9505203112,70.0
2016-08-29,0,0,21.0,32.0,1,53.0,65.1538461538,38.0,1.13085621971,96.0,12.9010801805,69.0
2016-08-30,1,0,21.0,32.0,1,53.0,66.2307692308,38.0,1.11553784861,96.0,12.5890907972,80.0
2016-08-31,2,0,21.0,33.0,1,53.0,67.8461538462,38.0,1.12915699923,96.0,12.9010801805,75.0
2016-09-01,3,0,23.0,33.0,0,53.0,69.3846153846,38.0,1.12449799197,96.0,12.462488093,67.0
2016-09-02,4,0,22.0,34.0,1,55.0,71.3846153846,38.0,1.11445783133,96.0,9.47497482472,75.0
2016-09-03,5,1,23.0,35.0,1,55.0,72.5384615385,40.0,1.07960199005,96.0,8.91511581197,68.0
2016-09-04,6,1,24.0,32.0,1,55.0,72.3076923077,40.0,1.04555638536,96.0,8.99046174381,57.0
2016-09-05,0,0,24.0,30.0,0,56.0,72.4615384615,40.0,0.996512207275,96.0,8.70557190818,82.0
2016-09-06,1,0,23.0,28.0,0,56.0,73.5384615385,40.0,1.01098901099,96.0,8.94956281369,78.0
2016-09-07,2,0,21.0,27.0,0,56.0,72.1538461538,40.0,1.04527938343,96.0,6.39526452025,69.0
2016-09-08,3,0,22.0,30.0,1,57.0,71.5384615385,40.0,1.09203624225,96.0,6.28325472513,75.0
2016-09-09,4,0,22.0,29.0,1,57.0,72.0,40.0,1.03351955307,96.0,6.30018314752,58.0
2016-09-10,5,1,22.0,28.0,0,58.0,71.0,41.0,0.941724941725,96.0,7.32750351022,72.0
2016-09-11,6,1,21.0,25.0,0,58.0,71.1538461538,41.0,0.955043093408,96.0,7.32588827742,75.0
2016-09-12,0,0,21.0,27.0,1,59.0,71.6153846154,41.0,0.941879163795,96.0,7.36455608917,67.0
2016-09-13,1,0,21.0,28.0,0,59.0,70.6153846154,41.0,0.983908045977,96.0,7.03331043118,56.0
2016-09-14,2,0,21.0,25.0,0,59.0,69.1538461538,41.0,0.936170212766,96.0,7.89202278688,69.0
2016-09-15,3,1,22.0,25.0,0,60.0,69.3076923077,41.0,0.912981455064,96.0,7.86799373689,66.0
2016-09-16,4,1,23.0,27.0,0,60.0,68.6153846154,41.0,0.910173933762,96.0,7.73143893004,54.0
2016-09-17,5,1,22.0,27.0,1,60.0,67.5384615385,41.0,0.911722141823,96.0,8.66127885934,52.0
2016-09-18,6,0,22.0,26.0,0,60.0,67.1538461538,52.0,0.840664711632,96.0,9.21408749058,64.0
2016-09-19,0,0,20.0,27.0,1,61.0,65.7692307692,52.0,0.833946529311,96.0,8.17269229864,54.0
2016-09-20,1,0,19.0,26.0,1,61.0,63.9230769231,52.0,0.850212553138,96.0,7.90775216978,66.0
2016-09-21,2,0,19.0,26.0,1,62.0,63.6923076923,52.0,0.926485397784,96.0,7.79925652655,50.0
2016-09-22,3,0,20.0,27.0,1,62.0,61.7692307692,50.0,0.867125733231,96.0,7.85595165027,55.0
2016-09-23,4,0,20.0,29.0,1,62.0,61.5384615385,50.0,0.885780885781,82.0,8.00591497308,78.0
2016-09-24,5,1,21.0,30.0,1,63.0,62.0,50.0,0.940632228219,82.0,8.73542742559,75.0
2016-09-25,6,1,21.0,30.0,1,63.0,62.0,50.0,1.05449936629,82.0,8.73542742559,80.0
2016-09-26,0,0,24.0,31.0,1,64.0,63.0,50.0,1.18304138106,82.0,9.91502356567,61.0
2016-09-27,1,0,23.0,28.0,0,64.0,63.3846153846,50.0,1.11111111111,82.0,9.73130129284,65.0
2016-09-28,2,0,22.0,28.0,0,64.0,63.0769230769,50.0,1.06295149639,82.0,9.61138378304,51.0
2016-09-29,3,0,22.0,25.0,0,64.0,61.9230769231,50.0,0.930599369085,82.0,10.0801521544,54.0
2016-09-30,4,0,22.0,29.0,0,64.0,61.9230769231,50.0,0.896624472574,82.0,10.0801521544,64.0
2016-10-01,5,1,23.0,30.0,0,64.0,62.8461538462,50.0,0.897027600849,82.0,9.67030469527,86.0
2016-10-02,6,1,22.0,30.0,1,65.0,64.5384615385,50.0,1.07340173639,86.0,11.4798511423,83.0
2016-10-03,0,1,21.0,27.0,0,66.0,66.7692307692,50.0,1.21070407898,86.0,12.0201999609,58.0
2016-10-04,1,1,20.0,27.0,1,66.0,66.1538461538,50.0,1.17769130999,86.0,12.2464824077,70.0
2016-10-05,2,1,21.0,27.0,1,66.0,67.6923076923,50.0,1.09383100052,86.0,11.3434807803,90.0
2016-10-06,3,1,22.0,27.0,0,67.0,70.3846153846,50.0,1.10941475827,90.0,12.137281799,60.0
2016-10-07,4,1,20.0,23.0,0,67.0,69.0,50.0,1.11448834853,90.0,12.2160046345,57.0
2016-10-08,5,0,17.0,22.0,0,67.0,67.6153846154,50.0,1.04466313399,90.0,12.4748267233,75.0
2016-10-09,6,0,16.0,22.0,1,67.0,67.2307692308,50.0,0.960960960961,90.0,12.1601736207,67.0
2016-10-10,0,0,15.0,21.0,1,67.0,67.6923076923,50.0,0.986369268897,90.0,12.0280736701,52.0
2016-10-11,1,0,17.0,23.0,1,67.0,66.6923076923,50.0,0.971700475833,90.0,12.730246329,70.0
2016-10-12,2,0,18.0,25.0,1,67.0,68.1538461538,50.0,0.932642487047,90.0,11.9089246033,62.0
2016-10-13,3,0,18.0,23.0,1,67.0,68.7692307692,50.0,0.903289150712,90.0,11.3554720537,73.0
2016-10-14,4,0,19.0,22.0,0,67.0,69.4615384615,50.0,1.0101010101,90.0,11.3178917894,64.0
2016-10-15,5,1,20.0,23.0,0,67.0,67.7692307692,50.0,0.988574267263,90.0,10.3191669771,53.0
2016-10-16,6,1,20.0,26.0,0,67.0,65.4615384615,50.0,0.963244613435,90.0,10.0047326079,79.0
2016-10-17,0,0,20.0,24.0,0,68.0,67.0769230769,50.0,0.980245061265,90.0,10.3586570147,56.0
2016-10-18,1,0,20.0,24.0,0,68.0,66.0,50.0,0.946626384693,90.0,10.7202181378,47.0
2016-10-19,2,0,20.0,24.0,0,68.0,62.6923076923,47.0,0.919191919192,90.0,9.35113827201,65.0
2016-10-20,3,0,21.0,25.0,0,67.0,63.0769230769,47.0,0.84147257701,90.0,9.33530551156,50.0
2016-10-21,4,0,21.0,25.0,0,67.0,62.5384615385,47.0,0.820045558087,90.0,9.85756550235,61.0
2016-10-22,5,1,20.0,23.0,0,67.0,61.4615384615,47.0,0.908152734778,90.0,9.17869929293,59.0
2016-10-23,6,1,17.0,23.0,0,67.0,60.8461538462,47.0,0.893796004206,90.0,9.05407816185,87.0
2016-10-24,0,0,19.0,24.0,1,67.0,63.5384615385,47.0,1.06399383192,90.0,11.0147829659,80.0
2016-10-25,1,0,19.0,23.0,1,67.0,64.3076923077,47.0,1.15276715124,90.0,11.7629445253,59.0
2016-10-26,2,0,19.0,24.0,0,66.0,64.0769230769,47.0,1.18077324974,90.0,11.8351597335,58.0
2016-10-27,3,0,18.0,24.0,0,66.0,62.9230769231,47.0,1.03087388802,90.0,11.6385403424,72.0
2016-10-28,4,0,15.0,19.0,0,66.0,63.5384615385,47.0,0.977501939488,90.0,11.8880378443,72.0
2016-10-29,5,1,12.0,15.0,0,66.0,65.0,47.0,1.04717470192,90.0,11.6684980248,65.0
2016-10-30,6,1,14.0,18.0,1,65.0,63.9230769231,47.0,1.08515057113,90.0,10.9506693751,75.0
2016-10-31,0,0,12.0,17.0,0,65.0,65.3846153846,47.0,1.08135679674,90.0,11.0630254698,67.0
