time_stamp,dayofweek,holiday,lt,ht,sunny,m2M,w2A,m1L,d3w3,m1Lar,w2Std,pay_sum
2016-08-01,0,0,28.0,34.0,1,99.0,99.3846153846,84.0,1.01549620837,133.0,7.96664644762,110.0
2016-08-02,1,0,27.0,35.0,0,99.0,101.384615385,84.0,1.04484967965,133.0,7.06604515149,92.0
2016-08-03,2,0,26.0,32.0,0,99.0,101.692307692,84.0,1.0042946812,133.0,6.54434124774,73.0
2016-08-04,3,0,27.0,32.0,0,99.0,100.076923077,73.0,0.925458522632,133.0,9.94957701816,93.0
2016-08-05,4,0,27.0,33.0,0,99.0,99.2307692308,73.0,0.87442806304,123.0,10.0472257645,99.0
2016-08-06,5,1,27.0,33.0,0,99.0,99.4615384615,73.0,0.900900900901,123.0,10.0047326079,96.0
2016-08-07,6,1,27.0,35.0,1,99.0,98.3846153846,73.0,0.9881626351,123.0,9.55581547894,91.0
2016-08-08,0,0,27.0,34.0,0,99.0,98.0769230769,73.0,0.979787598493,114.0,9.72278480574,76.0
2016-08-09,1,0,27.0,33.0,0,99.0,96.2307692308,73.0,0.904712762298,114.0,11.3283432569,220.0
2016-08-10,2,0,28.0,34.0,1,99.0,105.538461538,73.0,1.24637681159,220.0,34.9210436548,178.0
2016-08-11,3,0,28.0,36.0,1,100.0,110.461538462,73.0,1.46703806871,220.0,39.9203348695,175.0
2016-08-12,4,0,28.0,35.0,1,100.0,116.230769231,73.0,1.71685393258,220.0,43.2704444274,179.0
2016-08-13,5,1,28.0,35.0,1,100.0,121.846153846,73.0,1.53668399769,220.0,46.2149595392,202.0
2016-08-14,6,1,28.0,36.0,1,102.0,129.538461538,73.0,1.54444444444,220.0,50.4039305314,181.0
2016-08-15,0,0,27.0,35.0,1,102.0,135.0,73.0,1.50710646286,220.0,51.8177278842,138.0
2016-08-16,1,0,28.0,36.0,1,103.0,138.538461538,73.0,1.37612255679,220.0,50.3092213364,111.0
2016-08-17,2,0,28.0,35.0,1,103.0,141.461538462,73.0,1.13038906414,220.0,47.4384060321,142.0
2016-08-18,3,0,28.0,35.0,1,104.0,145.230769231,73.0,1.01664066563,220.0,45.3383075354,124.0
2016-08-19,4,0,29.0,37.0,1,105.0,147.153846154,73.0,0.971148892324,220.0,43.8421050762,126.0
2016-08-20,5,1,28.0,37.0,0,105.0,149.461538462,73.0,1.00204498978,220.0,41.8322940849,129.0
2016-08-21,6,1,27.0,34.0,0,105.0,152.384615385,73.0,0.958886780519,220.0,38.8677015638,123.0
2016-08-22,0,0,28.0,35.0,1,105.0,156.0,73.0,0.95166163142,220.0,33.395071032,96.0
2016-08-23,1,0,26.0,34.0,1,105.0,146.461538462,73.0,0.874811463047,220.0,31.4021444261,117.0
2016-08-24,2,0,25.0,34.0,1,105.0,141.769230769,73.0,0.830860534125,220.0,30.8922540606,103.0
2016-08-25,3,0,26.0,35.0,1,105.0,136.230769231,73.0,0.778516876078,220.0,30.8922540606,112.0
2016-08-26,4,0,25.0,32.0,0,105.0,131.076923077,73.0,0.814024764006,220.0,28.8483076119,121.0
2016-08-27,5,1,24.0,30.0,1,106.0,124.846153846,73.0,0.816326530612,220.0,20.3539682536,123.0
2016-08-28,6,1,22.0,30.0,1,107.0,120.384615385,73.0,0.854947166186,220.0,12.3321871635,123.0
2016-08-29,0,0,22.0,32.0,1,107.0,119.230769231,73.0,0.866690282206,220.0,11.2875278083,98.0
2016-08-30,1,0,23.0,31.0,1,107.0,118.230769231,73.0,0.849068246329,220.0,12.4847836379,102.0
2016-08-31,2,0,23.0,33.0,1,106.0,115.153846154,73.0,0.820317460317,220.0,11.0998693953,71.0
2016-09-01,3,0,24.0,34.0,1,105.0,111.076923077,71.0,0.716646833267,220.0,15.828219874,114.0
2016-09-02,4,0,24.0,34.0,1,105.0,110.153846154,71.0,0.77904451683,220.0,15.2711198211,96.0
2016-09-03,5,1,23.0,34.0,1,105.0,107.615384615,71.0,0.797163120567,220.0,14.6578330938,106.0
2016-09-04,6,1,24.0,33.0,1,105.0,106.307692308,71.0,0.926007326007,220.0,13.9691121649,102.0
2016-09-05,0,0,25.0,31.0,1,104.0,106.769230769,71.0,0.905165996725,220.0,13.7177809719,98.0
2016-09-06,1,0,22.0,26.0,0,104.0,105.307692308,71.0,0.916442048518,220.0,13.5611697668,89.0
2016-09-07,2,0,21.0,24.0,0,103.0,104.230769231,71.0,0.88663905507,220.0,14.2405371882,76.0
2016-09-08,3,0,23.0,30.0,1,103.0,101.461538462,71.0,0.825098039216,202.0,15.8677970194,92.0
2016-09-09,4,0,23.0,32.0,1,103.0,99.2307692308,71.0,0.819384664435,202.0,14.9776954485,103.0
2016-09-10,5,1,23.0,29.0,1,103.0,97.6923076923,71.0,0.874899112187,202.0,13.4014041479,114.0
2016-09-11,6,1,21.0,26.0,0,104.0,97.0,71.0,1.00194552529,202.0,12.2600037646,104.0
2016-09-12,0,0,22.0,29.0,1,104.0,97.4615384615,71.0,1.03682170543,181.0,12.4010879462,83.0
2016-09-13,1,0,22.0,29.0,1,103.0,96.0,71.0,0.988505747126,142.0,12.8900677327,75.0
2016-09-14,2,0,22.0,24.0,0,103.0,96.3076923077,71.0,0.872460872461,142.0,12.3249878476,86.0
2016-09-15,3,1,20.0,24.0,0,102.0,94.1538461538,71.0,0.823211875843,142.0,11.4612803275,80.0
2016-09-16,4,1,22.0,26.0,0,102.0,92.9230769231,71.0,0.830318690784,129.0,12.0413488796,105.0
2016-09-17,5,1,22.0,27.0,1,103.0,92.8461538462,71.0,0.94244479221,129.0,11.9604872157,120.0
2016-09-18,6,0,22.0,27.0,1,103.0,94.2307692308,71.0,1.06234761407,129.0,13.8350382733,86.0
2016-09-19,0,0,20.0,27.0,1,103.0,93.3076923077,71.0,1.09008061689,123.0,13.9525824209,91.0
2016-09-20,1,0,19.0,26.0,1,103.0,93.4615384615,71.0,1.04706504495,123.0,13.9152123985,123.0
2016-09-21,2,0,19.0,26.0,1,103.0,97.0769230769,71.0,1.02933607823,123.0,14.9741394434,86.0
2016-09-22,3,0,20.0,27.0,1,103.0,96.6153846154,71.0,1.04438642298,123.0,15.2140545425,84.0
2016-09-23,4,0,20.0,28.0,1,103.0,95.1538461538,71.0,1.02644946576,123.0,15.4414335417,103.0
2016-09-24,5,1,21.0,28.0,1,103.0,94.3076923077,71.0,0.957894736842,123.0,14.6675183543,109.0
2016-09-25,6,1,22.0,29.0,1,103.0,94.6923076923,71.0,1.03478412865,123.0,14.9788805959,127.0
2016-09-26,0,0,24.0,30.0,1,103.0,98.0769230769,71.0,1.1673553719,127.0,16.8132801836,77.0
2016-09-27,1,0,24.0,31.0,0,103.0,98.2307692308,71.0,1.08454608455,127.0,16.609329381,82.0
2016-09-28,2,0,22.0,27.0,0,103.0,97.9230769231,71.0,0.987910189983,127.0,16.8680924938,88.0
2016-09-29,3,0,22.0,24.0,0,103.0,98.5384615385,71.0,0.854967116649,127.0,16.3406778158,91.0
2016-09-30,4,0,22.0,26.0,0,103.0,97.4615384615,75.0,0.909090909091,127.0,16.3406778158,107.0
2016-10-01,5,1,23.0,26.0,1,103.0,96.4615384615,75.0,0.999825205384,127.0,15.2951243343,108.0
2016-10-02,6,1,23.0,30.0,0,103.0,98.1538461538,75.0,1.06750392465,127.0,15.2610421756,89.0
2016-10-03,0,1,20.0,25.0,1,103.0,98.0,75.0,1.05720744218,127.0,15.3422493587,88.0
2016-10-04,1,1,22.0,27.0,1,103.0,95.3076923077,75.0,0.984455958549,127.0,13.702243586,107.0
2016-10-05,2,1,22.0,27.0,1,104.0,96.9230769231,75.0,0.970442508115,127.0,13.7475118782,79.0
2016-10-06,3,1,21.0,26.0,1,104.0,96.5384615385,75.0,0.936752136752,127.0,14.167217764,84.0
2016-10-07,4,1,20.0,23.0,0,104.0,95.0769230769,75.0,0.933125972006,127.0,14.4033198014,76.0
2016-10-08,5,0,17.0,22.0,1,103.0,92.5384615385,75.0,0.845269672856,127.0,14.6319743902,89.0
2016-10-09,6,0,16.0,21.0,1,103.0,89.6153846154,75.0,0.879237288136,127.0,10.7312517123,84.0
2016-10-10,0,0,15.0,22.0,1,103.0,90.1538461538,75.0,0.882509303562,127.0,10.249548987,85.0
2016-10-11,1,0,17.0,23.0,1,102.0,90.3846153846,75.0,0.93326098752,127.0,10.0959890096,67.0
2016-10-12,2,0,18.0,21.0,1,102.0,88.7692307692,67.0,0.862573099415,127.0,11.8720994589,84.0
2016-10-13,3,0,18.0,22.0,1,98.0,88.2307692308,67.0,0.862573099415,127.0,11.9173683605,102.0
2016-10-14,4,0,18.0,21.0,0,98.0,87.8461538462,67.0,0.925214847321,127.0,11.3736953865,104.0
2016-10-15,5,1,20.0,24.0,1,98.0,87.5384615385,67.0,1.0634396773,127.0,10.8671373671,96.0
2016-10-16,6,1,19.0,25.0,1,98.0,88.0769230769,67.0,1.12665547472,127.0,11.0972036565,98.0
2016-10-17,0,0,19.0,24.0,1,98.0,88.8461538462,67.0,1.098820059,127.0,11.4074614843,75.0
2016-10-18,1,0,19.0,25.0,1,96.0,86.3846153846,67.0,0.995743105682,127.0,10.6521103835,89.0
2016-10-19,2,0,19.0,23.0,0,96.0,87.1538461538,67.0,0.969293377728,127.0,10.4502201217,78.0
2016-10-20,3,0,20.0,22.0,0,96.0,86.6923076923,67.0,0.901807341159,127.0,10.7086206494,73.0
2016-10-21,4,0,19.0,22.0,0,92.0,86.4615384615,67.0,0.911680911681,127.0,10.9657886497,73.0
2016-10-22,5,1,20.0,23.0,0,91.0,85.2307692308,67.0,0.868217054264,127.0,11.4968480373,121.0
2016-10-23,6,1,17.0,22.0,1,91.0,88.0769230769,67.0,1.01598173516,127.0,14.9123672911,101.0
2016-10-24,0,0,19.0,23.0,1,91.0,89.3076923077,67.0,1.11425873466,127.0,15.2637560424,68.0
2016-10-25,1,0,17.0,20.0,1,91.0,89.3846153846,67.0,1.12012359985,121.0,15.1532604338,79.0
2016-10-26,2,0,18.0,21.0,0,89.0,89.0,67.0,0.957898802626,121.0,15.3472623467,64.0
2016-10-27,3,0,18.0,21.0,0,89.0,86.0769230769,64.0,0.824540836264,121.0,16.1886072878,86.0
2016-10-28,4,0,15.0,18.0,0,89.0,84.6923076923,64.0,0.889665889666,121.0,15.3441776248,88.0
2016-10-29,5,1,10.0,15.0,0,89.0,84.0769230769,64.0,0.925170068027,121.0,15.0356578146,115.0
2016-10-30,6,1,14.0,18.0,1,89.0,85.3846153846,64.0,1.10347460863,121.0,16.8227797097,97.0
2016-10-31,0,0,11.0,15.0,0,89.0,87.0769230769,64.0,1.13765642776,121.0,16.7995491627,67.0
