time_stamp,dayofweek,holiday,lt,ht,sunny,m2M,w2A,m1L,d3w3,m1Lar,w2Std,pay_sum
2016-08-01,0,0,27.0,37.0,1,81.0,88.5384615385,61.0,1.22108456579,126.0,18.3580432367,118.0
2016-08-02,1,0,27.0,35.0,0,82.0,91.9230769231,61.0,1.26737076153,126.0,19.3925502685,127.0
2016-08-03,2,0,26.0,32.0,0,82.0,97.0,61.0,1.30939426913,127.0,19.2713418159,135.0
2016-08-04,3,0,27.0,33.0,0,85.0,101.384615385,61.0,1.33333333333,135.0,20.8678569964,143.0
2016-08-05,4,0,26.0,33.0,0,87.0,106.846153846,61.0,1.36570561457,143.0,21.7356359424,147.0
2016-08-06,5,1,26.0,34.0,0,88.0,109.615384615,61.0,1.40612076096,147.0,24.2377279385,203.0
2016-08-07,6,1,27.0,35.0,1,90.0,116.384615385,61.0,1.57106437221,203.0,34.7884562232,194.0
2016-08-08,0,0,26.0,34.0,0,90.0,124.769230769,61.0,1.63510670274,203.0,39.0840393278,142.0
2016-08-09,1,0,26.0,30.0,0,90.0,130.076923077,61.0,1.57188684748,203.0,36.277692952,211.0
2016-08-10,2,0,27.0,35.0,0,90.0,140.923076923,61.0,1.49698960044,211.0,37.7429800675,138.0
2016-08-11,3,0,27.0,36.0,1,91.0,144.615384615,61.0,1.31143162393,211.0,34.8149801125,129.0
2016-08-12,4,0,27.0,36.0,1,96.0,147.0,61.0,1.24820472647,211.0,32.5269119346,148.0
2016-08-13,5,1,27.0,35.0,1,96.0,150.076923077,61.0,1.06821106821,211.0,30.5222782154,179.0
2016-08-14,6,1,28.0,35.0,1,98.0,154.923076923,61.0,1.14544084401,211.0,29.7178049155,185.0
2016-08-15,0,0,27.0,36.0,1,101.0,160.076923077,61.0,1.23940934398,211.0,28.6583630926,169.0
2016-08-16,1,0,26.0,36.0,1,106.0,163.307692308,61.0,1.24678362573,211.0,27.0708035043,135.0
2016-08-17,2,0,28.0,37.0,1,106.0,163.307692308,61.0,1.11835334477,211.0,27.0708035043,151.0
2016-08-18,3,0,28.0,37.0,1,106.0,163.923076923,61.0,1.01926523297,211.0,26.6904233429,146.0
2016-08-19,4,0,28.0,38.0,1,108.0,163.846153846,70.0,0.952380952381,211.0,26.7404796972,162.0
2016-08-20,5,1,27.0,37.0,0,109.0,160.692307692,70.0,0.994152046784,211.0,24.2372396733,208.0
2016-08-21,6,1,27.0,35.0,0,109.0,161.769230769,70.0,1.08517350158,211.0,25.9441822326,228.0
2016-08-22,0,0,27.0,36.0,1,111.0,168.384615385,70.0,1.21544715447,228.0,30.6055260509,140.0
2016-08-23,1,0,27.0,35.0,0,111.0,162.923076923,70.0,1.16610993015,228.0,28.7949288764,173.0
2016-08-24,2,0,27.0,35.0,1,111.0,165.615384615,70.0,1.08275793055,228.0,27.9629932962,154.0
2016-08-25,3,0,26.0,35.0,1,111.0,167.538461538,70.0,0.931577897467,228.0,26.1816594192,164.0
2016-08-26,4,0,25.0,34.0,0,113.0,168.769230769,90.0,0.97449637789,228.0,25.6039475507,151.0
2016-08-27,5,1,23.0,31.0,1,115.0,166.615384615,98.0,0.945469206733,228.0,25.8294359852,229.0
2016-08-28,6,1,21.0,31.0,1,116.0,170.0,108.0,1.08517853581,229.0,30.4807631643,196.0
2016-08-29,0,0,21.0,32.0,1,118.0,172.076923077,116.0,1.13074204947,229.0,31.2519821857,170.0
2016-08-30,1,0,21.0,32.0,1,118.0,174.769230769,118.0,1.18231495281,229.0,29.3942795224,144.0
2016-08-31,2,0,21.0,33.0,1,126.0,174.230769231,127.0,1.01160368938,229.0,29.8847886343,176.0
2016-09-01,3,0,23.0,33.0,0,127.0,176.538461538,129.0,0.958528951487,229.0,28.7525661319,152.0
2016-09-02,4,0,22.0,34.0,1,129.0,175.769230769,129.0,0.922235248144,229.0,29.2605111848,174.0
2016-09-03,5,1,23.0,35.0,1,135.0,173.153846154,129.0,0.982291360924,229.0,27.7429024987,175.0
2016-09-04,6,1,24.0,32.0,1,135.0,169.076923077,129.0,0.983220488666,229.0,22.8455063363,175.0
2016-09-05,0,0,24.0,30.0,0,138.0,171.769230769,129.0,1.02654520521,229.0,21.2680831517,197.0
2016-09-06,1,0,23.0,28.0,0,140.0,173.615384615,129.0,1.05242905243,229.0,22.3108751045,201.0
2016-09-07,2,0,21.0,27.0,0,142.0,177.230769231,129.0,1.08677098151,229.0,22.6449309871,186.0
2016-09-08,3,0,22.0,30.0,1,143.0,178.923076923,129.0,1.09517112049,229.0,22.4138059737,141.0
2016-09-09,4,0,22.0,29.0,1,143.0,178.153846154,129.0,0.996038483305,229.0,23.5039968904,126.0
2016-09-10,5,1,22.0,28.0,0,143.0,170.230769231,126.0,0.874855156431,229.0,22.3612090156,175.0
2016-09-11,6,1,21.0,25.0,0,144.0,168.615384615,126.0,0.866921643621,229.0,21.1679673147,152.0
2016-09-12,0,0,21.0,27.0,1,146.0,167.230769231,126.0,0.885370858986,229.0,21.6160689736,106.0
2016-09-13,1,0,21.0,28.0,0,146.0,164.307692308,106.0,0.863237639553,229.0,26.5630877937,87.0
2016-09-14,2,0,21.0,25.0,0,146.0,157.461538462,87.0,0.701861458651,229.0,33.2857451231,139.0
2016-09-15,3,1,22.0,25.0,0,146.0,156.461538462,87.0,0.680606806068,229.0,33.6283199896,251.0
2016-09-16,4,1,23.0,27.0,0,147.0,162.384615385,87.0,0.948687350835,251.0,41.9478402516,236.0
2016-09-17,5,1,22.0,27.0,1,148.0,167.076923077,87.0,1.24243326387,251.0,46.2841749637,215.0
2016-09-18,6,0,22.0,26.0,0,151.0,170.153846154,87.0,1.38543516874,251.0,48.0061633124,135.0
2016-09-19,0,0,20.0,27.0,1,151.0,165.384615385,87.0,1.16861102802,251.0,48.1816091016,118.0
2016-09-20,1,0,19.0,26.0,1,151.0,159.0,87.0,0.940608984022,251.0,48.5370595921,127.0
2016-09-21,2,0,19.0,26.0,1,151.0,154.461538462,87.0,0.77519379845,251.0,48.5586328926,90.0
2016-09-22,3,0,20.0,27.0,1,151.0,150.538461538,87.0,0.696610521938,251.0,51.4611360223,96.0
2016-09-23,4,0,20.0,29.0,1,151.0,148.230769231,87.0,0.667092924126,251.0,53.1545697379,132.0
2016-09-24,5,1,21.0,30.0,1,151.0,144.923076923,87.0,0.687196110211,251.0,52.7220017398,230.0
2016-09-25,6,1,21.0,30.0,1,151.0,150.923076923,87.0,0.972399150743,251.0,57.4154382059,213.0
2016-09-26,0,0,24.0,31.0,1,152.0,159.153846154,87.0,1.21461765948,251.0,58.0514972362,119.0
2016-09-27,1,0,23.0,28.0,0,152.0,161.615384615,87.0,1.21882454999,251.0,55.5649840783,117.0
2016-09-28,2,0,22.0,28.0,0,152.0,159.923076923,87.0,0.996117581808,251.0,56.5542102608,103.0
2016-09-29,3,0,22.0,25.0,0,152.0,148.538461538,87.0,0.761712167172,251.0,51.7681449195,139.0
2016-09-30,4,0,22.0,29.0,0,152.0,141.076923077,87.0,0.803131991051,251.0,45.1977901748,220.0
2016-10-01,5,1,23.0,30.0,0,152.0,141.461538462,87.0,1.01818181818,251.0,45.8418944846,319.0
2016-10-02,6,1,22.0,30.0,1,154.0,155.615384615,87.0,1.41604010025,319.0,65.746059796,301.0
2016-10-03,0,1,21.0,27.0,0,162.0,169.692307692,87.0,1.65338057278,319.0,75.1095452455,281.0
2016-10-04,1,1,20.0,27.0,1,164.0,181.538461538,87.0,1.67737131155,319.0,79.4603097678,324.0
2016-10-05,2,1,21.0,27.0,1,164.0,199.538461538,87.0,1.60382368561,324.0,83.1056930241,281.0
2016-10-06,3,1,22.0,27.0,0,164.0,213.769230769,87.0,1.55602388479,324.0,79.9366613169,246.0
2016-10-07,4,1,20.0,23.0,0,169.0,222.538461538,87.0,1.49062883167,324.0,76.6717432502,229.0
2016-10-08,5,0,17.0,22.0,0,169.0,222.461538462,87.0,1.31937172775,324.0,76.6647199821,146.0
2016-10-09,6,0,16.0,22.0,1,169.0,217.307692308,87.0,1.0806577917,324.0,79.3331675864,161.0
2016-10-10,0,0,15.0,21.0,1,169.0,220.538461538,87.0,0.922388573395,324.0,76.0512128914,121.0
2016-10-11,1,0,17.0,23.0,1,169.0,220.846153846,87.0,0.73767666322,324.0,75.6386614146,116.0
2016-10-12,2,0,18.0,25.0,1,164.0,221.846153846,87.0,0.681390172916,324.0,74.1452277149,118.0
2016-10-13,3,0,18.0,23.0,1,162.0,220.230769231,90.0,0.604358188628,324.0,76.1346518157,96.0
2016-10-14,4,0,19.0,22.0,0,161.0,210.692307692,90.0,0.567010309278,324.0,83.0221329298,154.0
2016-10-15,5,1,20.0,23.0,0,161.0,198.0,90.0,0.644935155976,324.0,77.9516615504,245.0
2016-10-16,6,1,20.0,26.0,0,162.0,193.692307692,90.0,0.860271115746,324.0,73.5646075181,258.0
2016-10-17,0,0,20.0,24.0,0,164.0,191.923076923,90.0,1.10188679245,324.0,71.6964343481,123.0
2016-10-18,1,0,20.0,24.0,0,164.0,176.461538462,90.0,1.04831281922,324.0,62.6487342675,116.0
2016-10-19,2,0,20.0,24.0,0,161.0,163.769230769,90.0,0.829577699883,324.0,56.6068137325,117.0
2016-10-20,3,0,21.0,25.0,0,154.0,153.846153846,90.0,0.597515944948,324.0,52.4783415455,137.0
2016-10-21,4,0,21.0,25.0,0,154.0,146.769230769,96.0,0.634267592355,324.0,47.8670496048,156.0
2016-10-22,5,1,20.0,23.0,0,154.0,147.538461538,96.0,0.733583825371,324.0,47.9288180288,243.0
2016-10-23,6,1,17.0,23.0,0,156.0,153.846153846,96.0,0.974191203199,324.0,54.2626747389,251.0
2016-10-24,0,0,19.0,24.0,1,156.0,163.846153846,96.0,1.19113065787,324.0,59.0551843016,104.0
2016-10-25,1,0,19.0,23.0,1,156.0,162.923076923,96.0,1.16637409791,324.0,59.8838125533,133.0
2016-10-26,2,0,19.0,24.0,0,154.0,164.076923077,96.0,0.994903160041,324.0,59.1470937428,116.0
2016-10-27,3,0,18.0,24.0,0,152.0,165.615384615,96.0,0.749469214437,324.0,57.5961249518,102.0
2016-10-28,4,0,15.0,19.0,0,152.0,161.615384615,96.0,0.776634583472,324.0,60.018636159,138.0
2016-10-29,5,1,12.0,15.0,0,152.0,153.384615385,96.0,0.789794786467,324.0,55.1592637614,239.0
2016-10-30,6,1,14.0,18.0,1,152.0,151.923076923,96.0,1.03578765272,324.0,52.558336144,220.0
2016-10-31,0,0,12.0,17.0,0,152.0,159.384615385,96.0,1.25078566939,324.0,54.7617756378,106.0
