time_stamp,dayofweek,holiday,lt,ht,sunny,m2M,w2A,m1L,d3w3,m1Lar,w2Std,pay_sum
2016-08-01,0,0,26.0,34.0,1,152.0,147.692307692,113.0,0.928723285219,180.0,19.1607957735,143.0
2016-08-02,1,0,24.0,33.0,1,152.0,146.461538462,113.0,0.931537598204,180.0,18.9071227304,126.0
2016-08-03,2,0,23.0,33.0,1,151.0,144.076923077,113.0,0.897133220911,180.0,19.3766772513,115.0
2016-08-04,3,0,23.0,31.0,1,151.0,141.538461538,113.0,0.879120879121,180.0,20.8053816433,115.0
2016-08-05,4,0,24.0,32.0,0,151.0,136.538461538,113.0,0.820654679576,180.0,18.6614179716,122.0
2016-08-06,5,1,23.0,30.0,1,150.0,132.769230769,113.0,0.826000234659,180.0,16.0918223195,122.0
2016-08-07,6,1,23.0,30.0,0,150.0,128.769230769,113.0,0.85232668566,180.0,11.0045714008,94.0
2016-08-08,0,0,22.0,30.0,1,149.0,125.461538462,94.0,0.817313505018,180.0,14.0691445512,125.0
2016-08-09,1,0,23.0,31.0,1,148.0,126.384615385,94.0,0.834863508385,180.0,13.6073422575,102.0
2016-08-10,2,0,25.0,33.0,1,148.0,123.307692308,94.0,0.802098950525,180.0,14.2363814297,129.0
2016-08-11,3,0,25.0,34.0,1,145.0,123.692307692,94.0,0.895935573172,180.0,14.3172011413,131.0
2016-08-12,4,0,26.0,36.0,1,143.0,122.769230769,94.0,0.928205128205,180.0,13.400079484,133.0
2016-08-13,5,1,27.0,37.0,1,143.0,122.076923077,94.0,1.02263856362,180.0,12.5970786507,141.0
2016-08-14,6,1,27.0,38.0,1,143.0,122.923076923,94.0,1.06761565836,180.0,13.44196379,118.0
2016-08-15,0,0,28.0,38.0,1,142.0,121.0,94.0,1.0411686587,180.0,12.1592003786,130.0
2016-08-16,1,0,27.0,37.0,1,142.0,121.307692308,94.0,1.02624983511,180.0,12.3312274976,154.0
2016-08-17,2,0,26.0,37.0,1,142.0,124.307692308,94.0,1.05553367468,180.0,14.9068111195,142.0
2016-08-18,3,0,27.0,37.0,1,142.0,126.384615385,94.0,1.11067657411,180.0,15.3399351194,166.0
2016-08-19,4,0,27.0,37.0,1,142.0,129.769230769,94.0,1.19379844961,180.0,18.5229746994,124.0
2016-08-20,5,1,26.0,37.0,1,142.0,129.923076923,94.0,1.12412177986,180.0,18.4660250958,133.0
2016-08-21,6,1,26.0,35.0,1,142.0,132.923076923,94.0,1.09941520468,174.0,15.2792546056,125.0
2016-08-22,0,0,25.0,35.0,1,142.0,132.923076923,94.0,0.999869127078,174.0,15.2792546056,146.0
2016-08-23,1,0,25.0,35.0,1,142.0,136.307692308,94.0,1.04921438774,166.0,12.7121057711,151.0
2016-08-24,2,0,26.0,35.0,1,142.0,138.0,94.0,1.08080420028,166.0,13.0855175378,142.0
2016-08-25,3,0,22.0,27.0,0,142.0,138.846153846,94.0,1.11280101394,166.0,12.9605683271,93.0
2016-08-26,4,0,20.0,24.0,0,141.0,135.769230769,93.0,0.989363065488,166.0,17.8202730107,150.0
2016-08-27,5,1,18.0,29.0,1,141.0,136.461538462,93.0,0.976290097629,166.0,18.1812049386,144.0
2016-08-28,6,1,19.0,31.0,1,141.0,138.461538462,93.0,0.963045912654,166.0,17.4559462411,131.0
2016-08-29,0,0,20.0,30.0,1,141.0,138.538461538,93.0,1.05524518932,166.0,17.4206569894,112.0
2016-08-30,1,0,20.0,28.0,1,140.0,135.307692308,93.0,0.9573283859,166.0,18.1336262884,149.0
2016-08-31,2,0,19.0,31.0,1,140.0,135.846153846,93.0,0.962553713935,166.0,18.4259271924,133.0
2016-09-01,3,0,19.0,33.0,1,137.0,133.307692308,93.0,0.9667525457,166.0,16.2404273124,156.0
2016-09-02,4,0,20.0,33.0,1,140.0,135.769230769,93.0,1.06569343066,166.0,17.0481392901,144.0
2016-09-03,5,1,20.0,30.0,1,141.0,136.615384615,93.0,1.05237574432,166.0,17.1622952631,175.0
2016-09-04,6,1,19.0,31.0,1,142.0,140.461538462,93.0,1.13095238095,175.0,19.5629767462,198.0
2016-09-05,0,0,21.0,29.0,1,142.0,144.461538462,93.0,1.20176662018,198.0,24.8800673528,162.0
2016-09-06,1,0,16.0,26.0,0,142.0,145.307692308,93.0,1.2401483542,198.0,25.2720113211,139.0
2016-09-07,2,0,16.0,28.0,1,142.0,145.076923077,93.0,1.15790694976,198.0,25.31482247,152.0
2016-09-08,3,0,19.0,31.0,1,142.0,149.615384615,93.0,1.05631339629,198.0,20.3792445755,191.0
2016-09-09,4,0,18.0,27.0,0,142.0,152.769230769,93.0,1.09820004557,198.0,23.1754307774,138.0
2016-09-10,5,1,17.0,29.0,1,142.0,152.307692308,93.0,1.09405208689,198.0,23.4040910802,184.0
2016-09-11,6,1,19.0,30.0,1,142.0,156.384615385,93.0,1.14381270903,198.0,23.9471805359,198.0
2016-09-12,0,0,18.0,25.0,1,142.0,163.0,93.0,1.1396011396,198.0,22.6138147022,162.0
2016-09-13,1,0,19.0,26.0,0,142.0,164.0,93.0,1.18790260946,198.0,22.2572373709,170.0
2016-09-14,2,0,18.0,27.0,1,142.0,166.846153846,93.0,1.14681380504,198.0,20.3992690436,186.0
2016-09-15,3,1,19.0,27.0,0,142.0,169.153846154,93.0,1.08800672128,198.0,20.7358706439,183.0
2016-09-16,4,1,19.0,29.0,1,142.0,172.153846154,93.0,1.12046564806,198.0,19.673669064,218.0
2016-09-17,5,1,20.0,29.0,1,142.0,175.461538462,93.0,1.19272579498,218.0,23.176962649,186.0
2016-09-18,6,0,18.0,24.0,0,142.0,174.538461538,93.0,1.17306155076,218.0,22.4897083629,146.0
2016-09-19,0,0,16.0,20.0,0,142.0,173.307692308,93.0,1.08803165183,218.0,23.5547957403,153.0
2016-09-20,1,0,16.0,21.0,0,142.0,174.384615385,93.0,0.958308634657,218.0,22.245270756,80.0
2016-09-21,2,0,15.0,27.0,1,142.0,168.846153846,80.0,0.760815015558,218.0,33.3301576397,135.0
2016-09-22,3,0,16.0,28.0,1,142.0,164.538461538,80.0,0.743434343434,218.0,33.8039947221,95.0
2016-09-23,4,0,18.0,27.0,1,142.0,161.230769231,80.0,0.635701835333,218.0,38.0731155828,157.0
2016-09-24,5,1,17.0,24.0,0,142.0,159.153846154,80.0,0.798020414476,218.0,37.5066069131,233.0
2016-09-25,6,1,18.0,27.0,1,142.0,161.846153846,80.0,0.989392084863,233.0,41.2662017671,212.0
2016-09-26,0,0,18.0,24.0,0,142.0,165.692307692,80.0,1.20956399437,233.0,43.3773861953,173.0
2016-09-27,1,0,16.0,23.0,0,142.0,165.923076923,80.0,1.22911694511,233.0,43.4076589103,179.0
2016-09-28,2,0,15.0,24.0,1,143.0,165.384615385,80.0,1.11275525303,233.0,43.198180983,197.0
2016-09-29,3,0,14.0,21.0,1,144.0,166.461538462,80.0,1.08124076809,233.0,43.7943013234,171.0
2016-09-30,4,0,16.0,25.0,1,144.0,162.846153846,80.0,1.06690072167,233.0,41.2568803658,217.0
2016-10-01,5,1,15.0,27.0,1,146.0,165.230769231,80.0,1.1301072153,233.0,43.3681092441,212.0
2016-10-02,6,1,17.0,29.0,1,146.0,170.307692308,80.0,1.1544011544,233.0,44.6635019044,203.0
2016-10-03,0,1,17.0,30.0,1,149.0,174.153846154,80.0,1.20174938201,233.0,45.1575807655,193.0
2016-10-04,1,1,15.0,23.0,1,150.0,182.846153846,80.0,1.14857844526,233.0,36.1808409858,170.0
2016-10-05,2,1,14.0,20.0,1,151.0,185.538461538,80.0,1.07410570263,233.0,33.7402188325,174.0
2016-10-06,3,1,14.0,18.0,0,152.0,191.615384615,80.0,1.02168949772,233.0,21.9353541871,167.0
2016-10-07,4,1,11.0,17.0,0,153.0,192.384615385,80.0,0.986581716382,233.0,20.8567954672,203.0
2016-10-08,5,0,13.0,20.0,1,154.0,190.076923077,80.0,1.04514889529,233.0,17.6481053176,179.0
2016-10-09,6,0,11.0,18.0,0,156.0,187.538461538,80.0,1.04481872681,233.0,16.6577096247,177.0
2016-10-10,0,0,12.0,18.0,1,157.0,187.846153846,80.0,1.05661090634,233.0,16.4215906371,144.0
2016-10-11,1,0,12.0,18.0,1,157.0,185.153846154,80.0,0.928246542282,233.0,20.1068153537,122.0
2016-10-12,2,0,12.0,18.0,0,157.0,179.384615385,80.0,0.825414570524,233.0,25.8264576967,178.0
2016-10-13,3,0,12.0,18.0,1,162.0,179.923076923,80.0,0.808522261677,233.0,25.7187795453,190.0
2016-10-14,4,0,12.0,18.0,0,162.0,177.846153846,80.0,0.884316910305,233.0,23.6475601404,219.0
2016-10-15,5,1,11.0,18.0,1,166.0,178.384615385,80.0,1.0634057971,233.0,24.4840244981,232.0
2016-10-16,6,1,11.0,20.0,1,167.0,180.615384615,80.0,1.15495495495,233.0,27.7309559366,216.0
2016-10-17,0,0,12.0,23.0,1,170.0,182.384615385,80.0,1.18799536913,233.0,29.161456283,172.0
2016-10-18,1,0,12.0,24.0,1,170.0,182.538461538,80.0,1.10635260528,233.0,29.1009261936,177.0
2016-10-19,2,0,15.0,24.0,1,171.0,182.769230769,80.0,1.01363473269,233.0,29.0441410646,219.0
2016-10-20,3,0,16.0,23.0,1,172.0,186.769230769,95.0,1.00602196245,233.0,30.1563970664,213.0
2016-10-21,4,0,14.0,20.0,0,173.0,187.538461538,95.0,1.07978723404,233.0,30.6835345086,187.0
2016-10-22,5,1,12.0,16.0,0,174.0,188.153846154,122.0,1.10486390004,233.0,30.5861863085,205.0
2016-10-23,6,1,10.0,15.0,1,175.0,190.307692308,122.0,1.0792971189,233.0,30.7105209118,223.0
2016-10-24,0,0,10.0,13.0,0,177.0,196.384615385,122.0,1.0883992567,232.0,28.6961226583,215.0
2016-10-25,1,0,10.0,15.0,0,177.0,203.538461538,122.0,1.12451906261,232.0,19.3216314991,197.0
2016-10-26,2,0,9.0,12.0,0,178.0,205.0,122.0,1.10386788353,232.0,18.0085449803,174.0
2016-10-27,3,0,7.0,11.0,0,178.0,203.769230769,122.0,1.01683151137,232.0,19.4784055822,205.0
2016-10-28,4,0,7.0,10.0,1,179.0,202.692307692,122.0,0.998959417274,232.0,18.9873829176,230.0
2016-10-29,5,1,6.0,14.0,1,179.0,202.538461538,122.0,1.04236200257,232.0,18.755985238,261.0
2016-10-30,6,1,6.0,12.0,1,183.0,206.0,122.0,1.16612214124,261.0,24.264567393,274.0
2016-10-31,0,0,6.0,14.0,1,184.0,213.846153846,122.0,1.24117790217,274.0,28.1775856198,178.0
