time_stamp,dayofweek,holiday,lt,ht,sunny,m2M,w2A,m1L,d3w3,m1Lar,w2Std,pay_sum
2016-08-01,0,0,27.0,32.0,0,170.0,146.692307692,28.0,0.730223123732,232.0,62.7429243518,244.0
2016-08-02,1,0,26.0,34.0,0,170.0,151.384615385,28.0,0.843546428177,244.0,67.3915521544,215.0
2016-08-03,2,0,26.0,36.0,1,171.0,152.615384615,28.0,1.13108859104,244.0,68.3886388018,195.0
2016-08-04,3,0,26.0,37.0,1,175.0,155.153846154,28.0,1.42576847613,244.0,69.296293778,208.0
2016-08-05,4,0,26.0,35.0,0,175.0,159.230769231,28.0,1.33117932149,244.0,70.7119333267,218.0
2016-08-06,5,1,26.0,35.0,0,175.0,172.230769231,28.0,1.2773835236,244.0,64.5149402448,64.0
2016-08-07,6,1,26.0,34.0,0,175.0,174.307692308,28.0,1.0045100451,244.0,60.4335421579,47.0
2016-08-08,0,0,26.0,35.0,0,175.0,162.153846154,37.0,0.707983645363,244.0,68.4013564349,259.0
2016-08-09,1,0,26.0,33.0,0,176.0,167.692307692,37.0,0.777147658055,259.0,72.9524445896,190.0
2016-08-10,2,0,26.0,34.0,1,178.0,166.153846154,37.0,1.04476040021,259.0,72.2515330195,217.0
2016-08-11,3,0,26.0,30.0,0,180.0,167.769230769,37.0,1.37888198758,259.0,73.1301830207,230.0
2016-08-12,4,0,26.0,32.0,0,180.0,171.153846154,37.0,1.28882144664,259.0,74.8925858032,202.0
2016-08-13,5,1,26.0,30.0,0,181.0,180.692307692,37.0,1.25483372003,259.0,70.1683520765,85.0
2016-08-14,6,1,27.0,33.0,0,181.0,182.615384615,37.0,0.98588863463,259.0,67.1101717173,60.0
2016-08-15,0,0,27.0,34.0,0,181.0,168.461538462,37.0,0.690341191684,259.0,71.9033703978,249.0
2016-08-16,1,0,26.0,34.0,1,182.0,171.076923077,37.0,0.769606406876,259.0,74.1323779968,210.0
2016-08-17,2,0,26.0,34.0,0,182.0,172.230769231,37.0,1.01377087606,259.0,74.6109435633,258.0
2016-08-18,3,0,26.0,33.0,0,182.0,176.076923077,37.0,1.37553956835,259.0,77.5851507784,258.0
2016-08-19,4,0,27.0,35.0,0,182.0,179.153846154,37.0,1.36453340851,259.0,79.9440632845,210.0
2016-08-20,5,1,27.0,36.0,0,183.0,190.384615385,37.0,1.31557488448,259.0,72.9251865972,63.0
2016-08-21,6,1,26.0,35.0,1,183.0,191.615384615,37.0,0.961434003259,259.0,70.5925889132,48.0
2016-08-22,0,0,26.0,35.0,1,183.0,175.384615385,37.0,0.61388410786,259.0,77.182639002,269.0
2016-08-23,1,0,26.0,35.0,1,183.0,181.461538462,47.0,0.715630885122,269.0,81.1045055987,244.0
2016-08-24,2,0,27.0,36.0,1,183.0,183.538461538,47.0,1.04207300084,269.0,82.3245130188,267.0
2016-08-25,3,0,27.0,36.0,0,186.0,186.384615385,47.0,1.42543859649,269.0,84.4926382424,260.0
2016-08-26,4,0,26.0,35.0,0,186.0,190.846153846,47.0,1.39295392954,269.0,86.7018287038,224.0
2016-08-27,5,1,26.0,34.0,0,186.0,201.538461538,47.0,1.30043290043,269.0,81.3979922117,80.0
2016-08-28,6,1,24.0,29.0,0,186.0,203.076923077,47.0,0.968323461241,269.0,78.8576727046,51.0
2016-08-29,0,0,22.0,33.0,1,186.0,187.846153846,47.0,0.643990929705,269.0,87.1972530917,279.0
2016-08-30,1,0,23.0,33.0,1,187.0,193.153846154,47.0,0.726177825009,279.0,90.4245083812,246.0
2016-08-31,2,0,25.0,34.0,1,190.0,192.230769231,47.0,1.01239124703,279.0,89.8170395399,237.0
2016-09-01,3,0,25.0,33.0,0,195.0,190.615384615,47.0,1.33684210526,279.0,88.8027533024,271.0
2016-09-02,4,0,26.0,31.0,0,195.0,195.307692308,47.0,1.29921599035,279.0,91.2801137795,223.0
2016-09-03,5,1,25.0,32.0,1,196.0,207.615384615,47.0,1.21620497463,279.0,83.0241285239,71.0
2016-09-04,6,1,24.0,33.0,1,196.0,209.384615385,47.0,0.937448149992,279.0,79.7858079356,65.0
2016-09-05,0,0,26.0,32.0,1,196.0,193.692307692,47.0,0.624239262737,279.0,86.3119428543,284.0
2016-09-06,1,0,25.0,32.0,0,196.0,196.769230769,48.0,0.7164790174,284.0,88.7296272142,251.0
2016-09-07,2,0,26.0,32.0,0,199.0,195.538461538,48.0,1.02537810818,284.0,87.8535629369,249.0
2016-09-08,3,0,25.0,30.0,0,201.0,194.692307692,48.0,1.34292565947,284.0,87.2797312054,248.0
2016-09-09,4,0,25.0,32.0,1,201.0,196.538461538,48.0,1.26887192536,284.0,88.1298128066,232.0
2016-09-10,5,1,24.0,30.0,1,202.0,208.230769231,48.0,1.18565503781,284.0,81.7445870672,101.0
2016-09-11,6,1,24.0,28.0,0,202.0,212.076923077,48.0,0.932883750803,284.0,75.1679775707,64.0
2016-09-12,0,0,22.0,28.0,1,202.0,195.538461538,48.0,0.670551473693,284.0,81.9686763668,263.0
2016-09-13,1,0,25.0,31.0,1,205.0,196.846153846,48.0,0.719448646831,284.0,82.8936725374,265.0
2016-09-14,2,0,25.0,28.0,0,208.0,199.0,48.0,0.995627312479,284.0,84.2614977318,181.0
2016-09-15,3,1,24.0,27.0,0,208.0,192.076923077,48.0,1.21664521665,284.0,81.7204065829,10.0
2016-09-16,4,1,25.0,31.0,0,208.0,175.692307692,10.0,0.828112231,284.0,94.2675281521,61.0
2016-09-17,5,1,24.0,31.0,0,208.0,174.923076923,10.0,0.460021905805,284.0,95.1553074945,37.0
2016-09-18,6,0,22.0,33.0,1,208.0,172.769230769,10.0,0.197910940077,284.0,97.8964553819,217.0
2016-09-19,0,0,21.0,31.0,1,210.0,167.615384615,10.0,0.587248322148,284.0,93.573121109,249.0
2016-09-20,1,0,21.0,29.0,1,210.0,167.461538462,10.0,0.936947005681,284.0,93.4374454543,240.0
2016-09-21,2,0,22.0,28.0,1,210.0,166.769230769,10.0,1.31397729388,284.0,92.8623081989,234.0
2016-09-22,3,0,22.0,29.0,1,215.0,165.692307692,10.0,1.35966149506,284.0,91.9911238322,275.0
2016-09-23,4,0,22.0,29.0,1,217.0,169.0,10.0,1.38819386526,284.0,95.0384537559,239.0
2016-09-24,5,1,21.0,30.0,1,217.0,179.615384615,10.0,1.32447985834,284.0,94.5560789744,55.0
2016-09-25,6,1,22.0,30.0,1,217.0,178.923076923,10.0,1.01020861074,284.0,95.4289599154,58.0
2016-09-26,0,0,25.0,33.0,1,217.0,163.153846154,10.0,0.66496646831,284.0,97.1547901775,298.0
2016-09-27,1,0,25.0,31.0,0,218.0,165.692307692,10.0,0.766219239374,298.0,100.167079357,237.0
2016-09-28,2,0,25.0,27.0,0,223.0,170.0,10.0,1.10924055368,298.0,101.92153845,93.0
2016-09-29,3,0,25.0,30.0,0,223.0,176.384615385,10.0,1.2281216388,298.0,93.9898017885,272.0
2016-09-30,4,0,25.0,32.0,0,223.0,192.615384615,10.0,1.16362230598,298.0,90.8282728446,217.0
2016-10-01,5,1,25.0,31.0,0,223.0,206.461538462,10.0,1.08835904628,298.0,79.0001123511,49.0
2016-10-02,6,1,24.0,31.0,1,223.0,193.538461538,10.0,1.0103286385,298.0,89.2900333698,31.0
2016-10-03,0,1,25.0,32.0,0,223.0,176.769230769,10.0,0.596745027125,298.0,97.4017484017,64.0
2016-10-04,1,1,25.0,32.0,0,223.0,163.230769231,10.0,0.307988450433,298.0,99.8723445559,64.0
2016-10-05,2,1,25.0,31.0,1,223.0,150.153846154,10.0,0.353333333333,298.0,100.874519275,73.0
2016-10-06,3,1,24.0,28.0,0,223.0,134.615384615,10.0,0.437479595168,298.0,95.8809666374,78.0
2016-10-07,4,1,25.0,29.0,0,217.0,122.230769231,10.0,0.465367965368,298.0,91.913968007,92.0
2016-10-08,5,0,22.0,31.0,0,217.0,125.076923077,10.0,0.516746411483,298.0,90.347586523,180.0
2016-10-09,6,0,21.0,24.0,0,217.0,134.461538462,10.0,0.753174090811,298.0,89.2219491662,185.0
2016-10-10,0,0,18.0,21.0,0,217.0,125.769230769,10.0,1.00417490661,298.0,77.6155752075,270.0
2016-10-11,1,0,19.0,24.0,0,217.0,128.307692308,10.0,1.3816362054,298.0,81.6468800246,223.0
2016-10-12,2,0,20.0,23.0,1,223.0,138.307692308,10.0,1.48051097281,298.0,84.6171328491,239.0
2016-10-13,3,0,20.0,27.0,1,223.0,135.769230769,10.0,1.61750082864,298.0,80.9854249433,231.0
2016-10-14,4,0,21.0,28.0,1,223.0,136.846153846,10.0,1.53539381854,298.0,82.1432577446,223.0
2016-10-15,5,1,23.0,28.0,1,223.0,150.230769231,31.0,1.45420207743,298.0,80.9055991655,79.0
2016-10-16,6,1,24.0,28.0,1,223.0,153.923076923,31.0,1.11111111111,298.0,76.3468416942,61.0
2016-10-17,0,0,23.0,27.0,0,223.0,153.692307692,31.0,0.817291455589,298.0,76.6223351806,249.0
2016-10-18,1,0,23.0,26.0,0,223.0,167.923076923,31.0,0.872295100348,298.0,75.8180631395,227.0
2016-10-19,2,0,23.0,26.0,0,223.0,179.769230769,31.0,1.15223688445,298.0,71.995890744,215.0
2016-10-20,3,0,25.0,28.0,0,223.0,190.307692308,31.0,1.51038251366,298.0,66.1145679459,245.0
2016-10-21,4,0,25.0,32.0,0,223.0,202.076923077,31.0,1.48797920728,298.0,60.9860785356,205.0
2016-10-22,5,1,24.0,30.0,0,223.0,204.0,31.0,1.37085137085,298.0,60.6528583891,68.0
2016-10-23,6,1,22.0,30.0,0,223.0,195.0,31.0,1.05574238255,298.0,70.6595303605,52.0
2016-10-24,0,0,21.0,26.0,0,217.0,178.230769231,31.0,0.664825611128,298.0,76.4975151393,253.0
2016-10-25,1,0,23.0,30.0,1,217.0,180.538461538,31.0,0.721191028616,298.0,78.2457817832,221.0
2016-10-26,2,0,24.0,31.0,1,221.0,179.153846154,31.0,0.975157582499,272.0,77.3531821769,227.0
2016-10-27,3,0,24.0,31.0,1,223.0,178.846153846,31.0,1.24788607032,272.0,77.1540378861,229.0
2016-10-28,4,0,22.0,33.0,1,223.0,179.307692308,31.0,1.16263094625,272.0,77.4342248079,211.0
2016-10-29,5,1,19.0,23.0,1,221.0,189.461538462,31.0,1.13638299685,270.0,72.0850089874,57.0
2016-10-30,6,1,18.0,22.0,1,217.0,189.153846154,31.0,0.875385292823,270.0,72.6390932613,51.0
2016-10-31,0,0,19.0,27.0,1,217.0,173.923076923,31.0,0.596373153861,270.0,78.9756160406,250.0
