time_stamp,dayofweek,holiday,lt,ht,sunny,m2M,w2A,m1L,d3w3,m1Lar,w2Std,pay_sum
2016-08-01,0,0,30.0,37.0,1,56.0,38.0,26.0,1.02841677943,79.0,0.0,38.0
2016-08-02,1,0,29.0,36.0,1,53.0,38.0,26.0,1.02288021534,74.0,0.0,38.0
2016-08-03,2,0,28.0,34.0,0,53.0,38.0,26.0,1.00662251656,74.0,0.0,38.0
2016-08-04,3,0,27.0,32.0,1,50.0,38.0,26.0,1.0,59.0,0.0,38.0
2016-08-05,4,0,27.0,34.0,1,49.0,38.0,26.0,1.0,49.0,0.0,38.0
2016-08-06,5,1,27.0,33.0,0,46.0,38.0,26.0,1.0,49.0,0.0,38.0
2016-08-07,6,1,27.0,33.0,0,44.0,38.0,26.0,1.0,46.0,0.0,38.0
2016-08-08,0,0,26.0,34.0,0,41.0,38.0,26.0,1.0,46.0,0.0,38.0
2016-08-09,1,0,27.0,34.0,1,39.0,38.0,26.0,1.0,38.0,0.0,38.0
2016-08-10,2,0,27.0,33.0,0,38.0,38.0,26.0,1.0,38.0,0.0,38.0
2016-08-11,3,0,28.0,35.0,1,38.0,38.0,26.0,1.0,38.0,0.0,38.0
2016-08-12,4,0,29.0,36.0,1,38.0,38.0,33.0,1.0,38.0,0.0,38.0
2016-08-13,5,1,28.0,36.0,1,38.0,38.0,38.0,1.0,38.0,0.0,38.0
2016-08-14,6,1,29.0,36.0,1,38.0,38.0,38.0,1.0,38.0,0.0,38.0
2016-08-15,0,0,29.0,37.0,1,38.0,38.0,38.0,1.0,38.0,0.0,38.0
2016-08-16,1,0,29.0,37.0,1,38.0,38.0,38.0,1.0,38.0,0.0,38.0
2016-08-17,2,0,30.0,37.0,1,38.0,38.0,38.0,1.0,38.0,0.0,38.0
2016-08-18,3,0,30.0,37.0,1,38.0,38.0,38.0,1.0,38.0,0.0,38.0
2016-08-19,4,0,29.0,37.0,1,38.0,38.0,38.0,1.0,38.0,0.0,38.0
2016-08-20,5,1,28.0,37.0,1,38.0,38.0,38.0,1.0,38.0,0.0,38.0
2016-08-21,6,1,28.0,34.0,1,38.0,38.0,38.0,1.0,38.0,0.0,38.0
2016-08-22,0,0,29.0,35.0,1,38.0,38.0,38.0,1.0,38.0,0.0,38.0
2016-08-23,1,0,28.0,35.0,1,38.0,38.0,38.0,1.0,38.0,0.0,38.0
2016-08-24,2,0,30.0,37.0,1,38.0,38.0,38.0,1.0,38.0,0.0,38.0
2016-08-25,3,0,30.0,37.0,1,38.0,38.0,38.0,1.0,38.0,0.0,38.0
2016-08-26,4,0,25.0,34.0,1,38.0,38.0,38.0,1.0,38.0,0.0,18.0
2016-08-27,5,1,24.0,30.0,1,38.0,36.4615384615,18.0,0.846846846847,38.0,5.32938710021,25.0
2016-08-28,6,1,22.0,31.0,1,38.0,35.4615384615,18.0,0.742778541953,38.0,6.10945527744,48.0
2016-08-29,0,0,23.0,32.0,1,38.0,36.2307692308,18.0,0.82315694256,48.0,6.95207601704,55.0
2016-08-30,1,0,24.0,31.0,1,38.0,37.5384615385,18.0,1.1317418214,55.0,8.57200617947,58.0
2016-08-31,2,0,24.0,29.0,1,38.0,39.0769230769,18.0,1.38673557278,58.0,10.1637480856,66.0
2016-09-01,3,0,22.0,25.0,0,38.0,41.2307692308,18.0,1.48794679967,66.0,12.4230173849,55.0
2016-09-02,4,0,23.0,32.0,1,38.0,42.5384615385,18.0,1.45706145706,66.0,12.8997041386,75.0
2016-09-03,5,1,24.0,34.0,1,38.0,45.3846153846,18.0,1.52647975078,75.0,15.419959401,70.0
2016-09-04,6,1,27.0,30.0,1,38.0,47.8461538462,18.0,1.5015015015,75.0,16.556877046,74.0
2016-09-05,0,0,26.0,30.0,1,38.0,50.6153846154,18.0,1.58008658009,75.0,17.6527986953,77.0
2016-09-06,1,0,24.0,28.0,0,38.0,53.6153846154,18.0,1.52994115611,77.0,18.545322701,56.0
2016-09-07,2,0,24.0,31.0,1,38.0,55.0,18.0,1.40672782875,77.0,17.9914509613,60.0
2016-09-08,3,0,26.0,32.0,1,38.0,56.6923076923,18.0,1.28281821203,77.0,17.3355331634,58.0
2016-09-09,4,0,23.0,31.0,1,38.0,59.7692307692,18.0,1.1339198436,77.0,13.2673911768,96.0
2016-09-10,5,1,22.0,25.0,0,38.0,65.2307692308,18.0,1.31976564909,96.0,12.4168238609,80.0
2016-09-11,6,1,22.0,26.0,0,38.0,67.6923076923,18.0,1.38913624221,96.0,11.9188578143,70.0
2016-09-12,0,0,22.0,30.0,1,38.0,68.8461538462,18.0,1.41991341991,96.0,11.3466101603,63.0
2016-09-13,1,0,23.0,31.0,1,38.0,69.2307692308,18.0,1.20338983051,96.0,11.0533938133,46.0
2016-09-14,2,0,24.0,30.0,1,38.0,67.6923076923,18.0,1.00448933782,96.0,12.6696767938,105.0
2016-09-15,3,1,23.0,27.0,0,38.0,71.5384615385,18.0,1.13678618858,105.0,15.5049142811,45.0
2016-09-16,4,1,22.0,28.0,1,38.0,69.2307692308,18.0,1.01924076963,105.0,16.9803227574,65.0
2016-09-17,5,1,22.0,29.0,1,38.0,68.8461538462,18.0,1.08421583459,105.0,17.015134231,59.0
2016-09-18,6,0,22.0,29.0,1,38.0,67.6923076923,18.0,0.845211302826,105.0,17.1346909262,84.0
2016-09-19,0,0,20.0,29.0,1,38.0,68.2307692308,18.0,1.01811062163,105.0,17.5242857691,62.0
2016-09-20,1,0,20.0,27.0,1,38.0,68.6923076923,18.0,1.00048804295,105.0,17.273299161,80.0
2016-09-21,2,0,20.0,29.0,1,38.0,70.2307692308,18.0,1.09178743961,105.0,17.321191317,85.0
2016-09-22,3,0,20.0,29.0,1,38.0,72.3076923077,18.0,1.07328605201,105.0,17.3488399762,86.0
2016-09-23,4,0,21.0,30.0,1,38.0,71.5384615385,18.0,1.17757447807,105.0,16.4812965538,92.0
2016-09-24,5,1,24.0,32.0,1,38.0,72.4615384615,18.0,1.21506121506,105.0,17.2475879456,102.0
2016-09-25,6,1,24.0,34.0,1,38.0,74.9230769231,25.0,1.26897801949,105.0,18.9227642251,85.0
2016-09-26,0,0,26.0,34.0,1,38.0,76.6153846154,45.0,1.25760649087,105.0,18.7638706091,66.0
2016-09-27,1,0,25.0,34.0,1,45.0,78.1538461538,45.0,1.13275128722,105.0,16.9199297773,64.0
2016-09-28,2,0,20.0,27.0,0,46.0,75.0,45.0,0.960035722259,105.0,15.3723027653,80.0
2016-09-29,3,0,17.0,20.0,0,48.0,77.6923076923,45.0,0.924092409241,105.0,12.7181554987,100.0
2016-09-30,4,0,18.0,22.0,1,55.0,80.3846153846,45.0,1.07087996489,105.0,13.4309542678,107.0
2016-10-01,5,1,18.0,23.0,1,55.0,84.0769230769,45.0,1.23760241483,107.0,13.6407846518,64.0
2016-10-02,6,1,22.0,25.0,1,56.0,82.5384615385,45.0,1.17316017316,107.0,14.6529880629,43.0
2016-10-03,0,1,22.0,27.0,1,56.0,81.0769230769,43.0,0.938596491228,107.0,17.331436704,42.0
2016-10-04,1,1,22.0,27.0,1,56.0,78.1538461538,42.0,0.655233069481,107.0,20.2288680007,62.0
2016-10-05,2,1,21.0,28.0,1,58.0,76.3846153846,42.0,0.665308893415,107.0,20.555884284,72.0
2016-10-06,3,1,22.0,26.0,1,58.0,75.3076923077,42.0,0.782222222222,107.0,20.3899847791,90.0
2016-10-07,4,1,21.0,25.0,1,59.0,75.1538461538,42.0,0.979234972678,107.0,20.2706538692,89.0
2016-10-08,5,0,18.0,25.0,1,60.0,74.1538461538,42.0,1.07609860665,107.0,19.2147625692,111.0
2016-10-09,6,0,17.0,23.0,1,62.0,76.1538461538,42.0,1.22208175306,111.0,21.4614006061,102.0
2016-10-10,0,0,17.0,24.0,1,62.0,78.9230769231,42.0,1.24126592684,111.0,22.2795578552,76.0
2016-10-11,1,0,18.0,24.0,1,63.0,79.8461538462,42.0,1.19077049856,111.0,21.8872852231,100.0
2016-10-12,2,0,19.0,22.0,1,64.0,81.3846153846,42.0,1.134925495,111.0,22.5372800951,98.0
2016-10-13,3,0,17.0,22.0,1,64.0,81.2307692308,42.0,1.11043566363,111.0,22.4161818136,126.0
2016-10-14,4,0,18.0,23.0,1,65.0,82.6923076923,42.0,1.28648004765,126.0,24.5650928552,90.0
2016-10-15,5,1,19.0,25.0,1,66.0,84.6923076923,42.0,1.25574885023,126.0,24.0140491424,100.0
2016-10-16,6,1,20.0,28.0,1,66.0,89.0769230769,42.0,1.25247720967,126.0,21.0181662761,99.0
2016-10-17,0,0,20.0,25.0,1,70.0,93.4615384615,42.0,1.12342079689,126.0,16.1131355141,90.0
2016-10-18,1,0,21.0,24.0,0,70.0,95.6153846154,42.0,1.10664369137,126.0,13.4080255045,94.0
2016-10-19,2,0,21.0,23.0,0,72.0,97.3076923077,42.0,1.07502374169,126.0,11.5850342145,84.0
2016-10-20,3,0,22.0,27.0,1,74.0,96.8461538462,42.0,1.02741038911,126.0,11.9797659785,108.0
2016-10-21,4,0,22.0,27.0,1,75.0,98.3076923077,42.0,1.09578544061,126.0,12.091857498,104.0
2016-10-22,5,1,20.0,23.0,0,76.0,97.7692307692,42.0,1.10861423221,126.0,11.6629185301,93.0
2016-10-23,6,1,19.0,24.0,1,77.0,97.0769230769,42.0,1.11111111111,126.0,11.6583515028,112.0
2016-10-24,0,0,19.0,25.0,1,80.0,99.8461538462,42.0,1.08421052632,126.0,10.5454777318,76.0
2016-10-25,1,0,19.0,23.0,0,80.0,98.0,42.0,0.978753047719,126.0,12.3100959191,99.0
2016-10-26,2,0,20.0,25.0,1,80.0,98.0769230769,42.0,0.985746178946,126.0,12.3129796335,102.0
2016-10-27,3,0,18.0,27.0,1,80.0,96.2307692308,42.0,0.94555384878,126.0,9.45559538177,128.0
2016-10-28,4,0,14.0,19.0,0,84.0,99.1538461538,42.0,1.10107095047,128.0,12.4705570405,150.0
2016-10-29,5,1,12.0,14.0,0,84.0,103.0,42.0,1.24733300509,150.0,18.4265694457,140.0
2016-10-30,6,1,12.0,17.0,1,85.0,106.153846154,42.0,1.34686644111,150.0,20.8247122202,120.0
2016-10-31,0,0,13.0,15.0,0,85.0,108.461538462,42.0,1.29357942893,150.0,20.5673953499,106.0
