time_stamp,dayofweek,holiday,lt,ht,sunny,m2M,w2A,m1L,d3w3,m1Lar,w2Std,pay_sum
2016-08-01,0,0,24.0,30.0,1,56.0,69.2307692308,24.0,0.763473053892,101.0,24.770186317,109.0
2016-08-02,1,0,24.0,33.0,1,56.0,71.0769230769,24.0,0.853717026379,109.0,26.6961868163,63.0
2016-08-03,2,0,25.0,34.0,1,58.0,72.8461538462,24.0,0.99538722991,109.0,25.3038341693,76.0
2016-08-04,3,0,25.0,33.0,1,61.0,73.2307692308,24.0,1.19893642736,109.0,25.3108485289,86.0
2016-08-05,4,0,25.0,32.0,1,63.0,72.8461538462,24.0,1.08616944243,109.0,25.0747993438,81.0
2016-08-06,5,1,24.0,33.0,1,63.0,75.8461538462,24.0,1.13684210526,109.0,23.4876273611,39.0
2016-08-07,6,1,23.0,31.0,1,63.0,75.3846153846,24.0,0.959701840205,109.0,24.1391430016,42.0
2016-08-08,0,0,24.0,32.0,1,63.0,71.2307692308,33.0,0.773638968481,109.0,24.8693628206,89.0
2016-08-09,1,0,25.0,33.0,1,67.0,70.3076923077,33.0,0.809523809524,109.0,23.9531100129,100.0
2016-08-10,2,0,26.0,33.0,1,68.0,71.3076923077,33.0,1.05479452055,109.0,24.8824455123,88.0
2016-08-11,3,0,27.0,34.0,1,68.0,71.2307692308,33.0,1.25028210336,109.0,24.8291201435,93.0
2016-08-12,4,0,25.0,29.0,0,69.0,71.9230769231,33.0,1.26662159117,109.0,25.2965839544,85.0
2016-08-13,5,1,24.0,31.0,0,69.0,75.6923076923,33.0,1.16513359615,109.0,23.2292409074,36.0
2016-08-14,6,1,24.0,33.0,1,69.0,75.9230769231,33.0,0.942938973342,109.0,22.8151823218,50.0
2016-08-15,0,0,21.0,29.0,0,69.0,71.3846153846,33.0,0.777096114519,109.0,21.620995713,109.0
2016-08-16,1,0,23.0,31.0,1,70.0,74.9230769231,33.0,0.881355932203,109.0,23.6300380496,88.0
2016-08-17,2,0,23.0,28.0,0,71.0,75.8461538462,33.0,1.11562782294,109.0,23.8870616857,98.0
2016-08-18,3,0,22.0,24.0,0,73.0,76.7692307692,33.0,1.32435465769,109.0,24.4859578162,94.0
2016-08-19,4,0,22.0,32.0,1,73.0,77.7692307692,33.0,1.248606466,109.0,24.9002744692,96.0
2016-08-20,5,1,23.0,31.0,1,76.0,82.1538461538,33.0,1.2347266881,109.0,22.5996805758,32.0
2016-08-21,6,1,23.0,34.0,1,76.0,81.3846153846,32.0,0.952380952381,109.0,24.0753255798,49.0
2016-08-22,0,0,23.0,32.0,1,73.0,78.3076923077,32.0,0.789825970549,109.0,25.4237460636,95.0
2016-08-23,1,0,24.0,30.0,0,76.0,77.9230769231,32.0,0.768894713849,109.0,25.1287807365,115.0
2016-08-24,2,0,24.0,31.0,0,77.0,80.0,32.0,1.10330138445,115.0,26.9272524235,137.0
2016-08-25,3,0,18.0,30.0,1,77.0,83.3846153846,32.0,1.43151815182,137.0,30.8308997387,105.0
2016-08-26,4,0,17.0,29.0,1,80.0,84.9230769231,32.0,1.4512195122,137.0,31.3674538298,113.0
2016-08-27,5,1,20.0,32.0,1,81.0,90.8461538462,32.0,1.3807856865,137.0,28.7290958219,46.0
2016-08-28,6,1,18.0,31.0,1,81.0,90.5384615385,32.0,1.02444703143,137.0,29.1827540869,40.0
2016-08-29,0,0,19.0,31.0,1,80.0,85.2307692308,32.0,0.794887157979,137.0,31.5232608772,126.0
2016-08-30,1,0,19.0,31.0,1,80.0,88.1538461538,32.0,0.833824975418,137.0,33.3532287766,124.0
2016-08-31,2,0,19.0,33.0,1,81.0,90.1538461538,32.0,1.11688811862,137.0,34.6384538513,121.0
2016-09-01,3,0,19.0,27.0,1,84.0,92.2307692308,32.0,1.40610195187,137.0,35.6028387938,145.0
2016-09-02,4,0,19.0,28.0,1,84.0,96.0,32.0,1.42935678944,145.0,38.2944060988,129.0
2016-09-03,5,1,20.0,30.0,1,84.0,103.461538462,32.0,1.37726638773,145.0,34.3435480104,61.0
2016-09-04,6,1,18.0,29.0,0,84.0,104.384615385,32.0,1.16137978852,145.0,33.0024205675,58.0
2016-09-05,0,0,20.0,31.0,1,84.0,101.538461538,32.0,0.883190883191,145.0,35.2106089446,125.0
2016-09-06,1,0,21.0,30.0,1,84.0,102.307692308,32.0,0.852104068448,145.0,35.6033373876,124.0
2016-09-07,2,0,19.0,31.0,1,85.0,101.307692308,32.0,1.05770887166,145.0,34.788116042,98.0
2016-09-08,3,0,18.0,31.0,1,85.0,100.769230769,32.0,1.19305483926,145.0,34.7809714691,128.0
2016-09-09,4,0,19.0,31.0,1,86.0,101.923076923,32.0,1.18383223406,145.0,35.410692732,103.0
2016-09-10,5,1,18.0,30.0,1,87.0,106.307692308,32.0,1.07411034933,145.0,31.5311436163,51.0
2016-09-11,6,1,18.0,25.0,0,87.0,107.153846154,32.0,0.919765166341,145.0,29.8427833148,48.0
2016-09-12,0,0,18.0,27.0,1,87.0,101.153846154,32.0,0.674344850609,145.0,33.112503225,125.0
2016-09-13,1,0,19.0,27.0,1,88.0,101.230769231,32.0,0.744062448098,145.0,33.1666047198,107.0
2016-09-14,2,0,20.0,30.0,1,88.0,100.153846154,32.0,0.944191535997,145.0,32.731650535,120.0
2016-09-15,3,1,21.0,30.0,1,89.0,98.2307692308,32.0,1.17804551539,145.0,30.7124476047,32.0
2016-09-16,4,1,20.0,30.0,0,89.0,90.7692307692,32.0,0.903540903541,145.0,33.9437404361,45.0
2016-09-17,5,1,17.0,24.0,1,89.0,89.5384615385,32.0,0.687609075044,145.0,35.2651830577,42.0
2016-09-18,6,0,15.0,22.0,0,89.0,88.3076923077,32.0,0.414923291492,145.0,36.598412356,132.0
2016-09-19,0,0,13.0,25.0,1,89.0,88.8461538462,32.0,0.761209593326,145.0,37.1811493881,120.0
2016-09-20,1,0,14.0,26.0,1,89.0,88.5384615385,32.0,1.02403343783,145.0,36.9044824974,117.0
2016-09-21,2,0,16.0,23.0,0,93.0,90.0,32.0,1.28795811518,145.0,37.6195530174,114.0
2016-09-22,3,0,17.0,26.0,0,94.0,88.9230769231,32.0,1.2453432677,145.0,36.7056095869,131.0
2016-09-23,4,0,19.0,27.0,1,94.0,91.0769230769,32.0,1.28300549353,145.0,38.2571492333,117.0
2016-09-24,5,1,20.0,29.0,1,94.0,96.1538461538,32.0,1.24591292377,145.0,36.9591170263,53.0
2016-09-25,6,1,19.0,27.0,1,94.0,96.5384615385,32.0,1.038647343,145.0,36.4788988207,57.0
2016-09-26,0,0,19.0,24.0,0,94.0,91.3076923077,32.0,0.811874105866,145.0,36.8956629,113.0
2016-09-27,1,0,12.0,23.0,1,95.0,91.7692307692,32.0,0.802302572405,145.0,37.1258853221,111.0
2016-09-28,2,0,10.0,20.0,1,96.0,91.0769230769,32.0,1.00392997499,145.0,36.6741609698,93.0
2016-09-29,3,0,12.0,22.0,1,96.0,95.7692307692,32.0,1.15419624977,145.0,32.4775753314,34.0
2016-09-30,4,0,14.0,24.0,1,95.0,94.9230769231,32.0,0.900491865305,145.0,33.9013535887,86.0
2016-10-01,5,1,15.0,26.0,1,95.0,98.3076923077,32.0,0.79020589872,132.0,30.4716377975,39.0
2016-10-02,6,1,16.0,26.0,1,95.0,91.1538461538,32.0,0.592841163311,132.0,32.5667271303,34.0
2016-10-03,0,1,16.0,28.0,1,95.0,84.5384615385,32.0,0.624631703005,132.0,34.7000673567,20.0
2016-10-04,1,1,11.0,19.0,0,95.0,77.0769230769,20.0,0.385093167702,132.0,37.2526953872,23.0
2016-10-05,2,1,13.0,21.0,1,95.0,70.0769230769,20.0,0.339281780128,132.0,38.1947671375,30.0
2016-10-06,3,1,14.0,17.0,0,95.0,62.3076923077,20.0,0.322082506067,132.0,35.1641964228,25.0
2016-10-07,4,1,12.0,16.0,0,95.0,55.2307692308,20.0,0.348759221999,132.0,32.6099414907,37.0
2016-10-08,5,0,5.0,19.0,1,94.0,54.0,20.0,0.412741139524,132.0,32.9708495959,83.0
2016-10-09,6,0,8.0,18.0,1,94.0,56.0,20.0,0.672697749942,132.0,33.8685240759,68.0
2016-10-10,0,0,10.0,20.0,1,94.0,52.5384615385,20.0,0.904933814681,132.0,29.9374100535,96.0
2016-10-11,1,0,10.0,20.0,1,95.0,51.3846153846,20.0,1.20723362659,132.0,27.8803445005,90.0
2016-10-12,2,0,10.0,19.0,1,95.0,51.1538461538,20.0,1.26368159204,132.0,27.5453364861,86.0
2016-10-13,3,0,12.0,22.0,1,95.0,55.1538461538,20.0,1.40025740026,132.0,28.5221807178,103.0
2016-10-14,4,0,13.0,23.0,1,95.0,56.4615384615,20.0,1.45199063232,132.0,30.2441739707,83.0
2016-10-15,5,1,11.0,17.0,0,95.0,59.8461538462,20.0,1.38316806509,132.0,30.5610263467,37.0
2016-10-16,6,1,12.0,20.0,1,94.0,60.0769230769,20.0,1.15156209657,132.0,30.3757533328,28.0
2016-10-17,0,0,9.0,21.0,1,93.0,60.6923076923,20.0,0.8181315644,132.0,29.6294671812,93.0
2016-10-18,1,0,12.0,20.0,1,93.0,66.0769230769,20.0,0.886644219978,131.0,28.6341956367,73.0
2016-10-19,2,0,14.0,22.0,1,93.0,69.3846153846,20.0,1.10730593607,131.0,26.6935269063,70.0
2016-10-20,3,0,11.0,15.0,0,93.0,72.8461538462,20.0,1.30675526024,131.0,23.4318854222,74.0
2016-10-21,4,0,11.0,11.0,0,90.0,75.6923076923,20.0,1.21364653244,131.0,21.028861542,66.0
2016-10-22,5,1,7.0,15.0,1,86.0,74.3846153846,20.0,1.14848236259,117.0,21.0623194776,26.0
2016-10-23,6,1,0.0,5.0,1,86.0,71.1538461538,20.0,0.913845306909,113.0,24.7008132966,28.0
2016-10-24,0,0,6.0,13.0,1,83.0,65.9230769231,20.0,0.656275635767,113.0,26.0486572471,83.0
2016-10-25,1,0,10.0,17.0,1,83.0,65.3846153846,20.0,0.714099556946,113.0,25.6141140826,86.0
2016-10-26,2,0,0.0,10.0,1,83.0,65.3846153846,20.0,0.983770287141,111.0,25.6141140826,88.0
2016-10-27,3,0,7.0,11.0,0,86.0,64.2307692308,20.0,1.22556032427,103.0,24.1920325287,76.0
2016-10-28,4,0,2.0,13.0,1,83.0,63.6923076923,20.0,1.1598237068,103.0,23.8436723275,70.0
2016-10-29,5,1,2.0,12.0,1,83.0,66.2307692308,20.0,1.09550561798,103.0,22.5905148447,20.0
2016-10-30,6,1,2.0,13.0,1,83.0,65.6153846154,20.0,0.804263565891,103.0,23.705041533,24.0
2016-10-31,0,0,-4.0,6.0,1,76.0,60.3076923077,20.0,0.58282208589,103.0,24.6837991571,87.0
