time_stamp,dayofweek,holiday,lt,ht,sunny,m2M,w2A,m1L,d3w3,m1Lar,w2Std,pay_sum
2016-08-01,0,0,27.0,37.0,1,142.0,161.153846154,111.0,1.08976253818,274.0,33.4338523836,125.0
2016-08-02,1,0,27.0,35.0,0,142.0,159.076923077,111.0,1.0576070901,274.0,34.7506757842,109.0
2016-08-03,2,0,26.0,32.0,0,141.0,157.384615385,109.0,0.851318944844,274.0,36.5650915103,105.0
2016-08-04,3,0,27.0,33.0,0,138.0,154.461538462,105.0,0.685471640886,274.0,39.0337435573,110.0
2016-08-05,4,0,26.0,33.0,0,138.0,150.538461538,105.0,0.674578388507,274.0,40.7064829171,161.0
2016-08-06,5,1,26.0,34.0,0,141.0,147.769230769,105.0,0.811481601381,274.0,38.6227391096,197.0
2016-08-07,6,1,27.0,35.0,1,142.0,146.230769231,105.0,1.02936324645,274.0,36.1538461538,167.0
2016-08-08,0,0,26.0,34.0,0,143.0,147.153846154,105.0,1.14043662431,274.0,36.5173218199,158.0
2016-08-09,1,0,26.0,30.0,0,144.0,149.692307692,105.0,1.13170731707,274.0,36.0328581146,156.0
2016-08-10,2,0,27.0,35.0,0,144.0,153.153846154,105.0,1.03440860215,274.0,34.2678278224,129.0
2016-08-11,3,0,27.0,36.0,1,144.0,151.538461538,105.0,0.957010153381,274.0,34.8681370631,108.0
2016-08-12,4,0,27.0,36.0,1,144.0,149.0,105.0,0.863831190241,274.0,36.6962584553,179.0
2016-08-13,5,1,27.0,35.0,1,144.0,145.846153846,105.0,0.919845218353,274.0,31.9081522109,192.0
2016-08-14,6,1,28.0,35.0,1,144.0,145.846153846,105.0,1.06800445931,274.0,31.9081522109,198.0
2016-08-15,0,0,27.0,36.0,1,147.0,151.461538462,105.0,1.25068688867,255.0,34.0940224506,119.0
2016-08-16,1,0,26.0,36.0,1,147.0,152.230769231,105.0,1.12102191389,220.0,33.229166628,146.0
2016-08-17,2,0,28.0,37.0,1,147.0,155.384615385,105.0,1.00805573699,220.0,30.4240250752,149.0
2016-08-18,3,0,28.0,37.0,1,147.0,158.384615385,105.0,0.901666122182,220.0,27.5919120299,136.0
2016-08-19,4,0,28.0,38.0,1,147.0,156.461538462,105.0,0.940226876091,220.0,28.2069696369,172.0
2016-08-20,5,1,27.0,37.0,0,149.0,154.538461538,105.0,1.01285460993,220.0,26.1552035847,206.0
2016-08-21,6,1,27.0,35.0,0,150.0,157.538461538,105.0,1.13390690492,220.0,29.4425526292,201.0
2016-08-22,0,0,27.0,36.0,1,152.0,160.846153846,105.0,1.2459651388,220.0,31.6418567817,155.0
2016-08-23,1,0,27.0,35.0,0,155.0,160.769230769,105.0,1.19168787108,220.0,31.6547574409,139.0
2016-08-24,2,0,27.0,35.0,1,152.0,161.538461538,105.0,1.03838892385,220.0,30.9878769959,143.0
2016-08-25,3,0,26.0,35.0,1,150.0,164.230769231,105.0,0.907297830375,220.0,27.5489881041,164.0
2016-08-26,4,0,25.0,34.0,0,152.0,163.076923077,105.0,0.925119269861,220.0,27.2183804935,197.0
2016-08-27,5,1,23.0,31.0,1,155.0,163.461538462,105.0,1.04542626011,220.0,27.6561730058,273.0
2016-08-28,6,1,21.0,31.0,1,155.0,169.230769231,105.0,1.27309236948,273.0,39.5321754955,234.0
2016-08-29,0,0,21.0,32.0,1,156.0,178.076923077,105.0,1.38201806046,273.0,40.1640128597,157.0
2016-08-30,1,0,21.0,32.0,1,156.0,178.923076923,105.0,1.30311058777,273.0,39.5911053306,187.0
2016-08-31,2,0,21.0,33.0,1,156.0,181.846153846,105.0,1.11529184756,273.0,38.6659185128,162.0
2016-09-01,3,0,23.0,33.0,0,156.0,183.846153846,105.0,0.961337513062,273.0,36.8736849129,158.0
2016-09-02,4,0,22.0,34.0,1,157.0,182.769230769,108.0,0.969036697248,273.0,37.404553088,142.0
2016-09-03,5,1,23.0,35.0,1,157.0,177.846153846,108.0,0.895869691681,273.0,38.2257387187,139.0
2016-09-04,6,1,24.0,32.0,1,157.0,173.076923077,108.0,0.866133964684,273.0,38.9011796113,115.0
2016-09-05,0,0,24.0,30.0,0,157.0,170.0,108.0,0.782222222222,273.0,41.6911722809,139.0
2016-09-06,1,0,23.0,28.0,0,156.0,170.0,108.0,0.777909738717,273.0,41.6911722809,90.0
2016-09-07,2,0,21.0,27.0,0,155.0,165.923076923,90.0,0.693059333132,273.0,46.4517310077,129.0
2016-09-08,3,0,22.0,30.0,1,155.0,163.230769231,90.0,0.722794266101,273.0,47.4878994241,111.0
2016-09-09,4,0,22.0,29.0,1,155.0,156.615384615,90.0,0.67880283863,273.0,48.3059774316,97.0
2016-09-10,5,1,22.0,28.0,0,155.0,143.076923077,90.0,0.717326521924,273.0,37.1700076332,131.0
2016-09-11,6,1,21.0,25.0,0,152.0,135.153846154,90.0,0.738079686479,273.0,26.3463503642,131.0
2016-09-12,0,0,21.0,27.0,1,152.0,133.153846154,90.0,0.787798990564,273.0,25.5879964462,109.0
2016-09-13,1,0,21.0,28.0,0,150.0,127.153846154,90.0,0.82225177305,273.0,20.9902767008,110.0
2016-09-14,2,0,21.0,25.0,0,149.0,123.153846154,90.0,0.78431372549,273.0,18.8101697283,113.0
2016-09-15,3,1,22.0,25.0,0,146.0,119.692307692,90.0,0.756953944368,273.0,16.0114603926,173.0
2016-09-16,4,1,23.0,27.0,0,149.0,122.076923077,90.0,0.910344827586,273.0,20.7603969818,205.0
2016-09-17,5,1,22.0,27.0,1,149.0,127.153846154,90.0,1.15583804143,273.0,30.2014929683,170.0
2016-09-18,6,0,22.0,26.0,0,150.0,131.384615385,90.0,1.31984585742,273.0,32.0012943525,123.0
2016-09-19,0,0,20.0,27.0,1,150.0,130.153846154,90.0,1.21433796635,273.0,31.9924177408,93.0
2016-09-20,1,0,19.0,26.0,1,149.0,130.384615385,90.0,0.974747474747,273.0,31.7115326305,105.0
2016-09-21,2,0,19.0,26.0,1,146.0,128.538461538,90.0,0.828493999226,273.0,32.4288935379,123.0
2016-09-22,3,0,20.0,27.0,1,143.0,129.461538462,90.0,0.839874411303,273.0,32.0854996835,112.0
2016-09-23,4,0,20.0,29.0,1,142.0,130.615384615,90.0,0.900185332274,273.0,31.1535612523,205.0
2016-09-24,5,1,21.0,30.0,1,143.0,136.307692308,90.0,1.13519091847,273.0,36.9290059342,190.0
2016-09-25,6,1,21.0,30.0,1,146.0,140.846153846,90.0,1.27115456939,273.0,39.5315767726,185.0
2016-09-26,0,0,24.0,31.0,1,146.0,146.692307692,90.0,1.42945163278,234.0,40.0065083463,115.0
2016-09-27,1,0,23.0,28.0,0,146.0,147.076923077,90.0,1.19658119658,205.0,39.6745637143,104.0
2016-09-28,2,0,22.0,28.0,0,143.0,146.384615385,90.0,0.995686999384,205.0,40.3361614083,113.0
2016-09-29,3,0,22.0,25.0,0,142.0,141.769230769,90.0,0.817633296392,205.0,40.4591985284,116.0
2016-09-30,4,0,22.0,29.0,0,142.0,134.923076923,90.0,0.814380044021,205.0,36.5186180935,160.0
2016-10-01,5,1,23.0,30.0,0,143.0,134.153846154,90.0,0.941318814277,205.0,35.8712358601,210.0
2016-10-02,6,1,22.0,30.0,1,146.0,140.846153846,90.0,1.14326040932,210.0,40.9255349175,198.0
2016-10-03,0,1,21.0,27.0,0,149.0,148.923076923,90.0,1.29547268788,210.0,41.0468054383,180.0
2016-10-04,1,1,20.0,27.0,1,149.0,154.692307692,90.0,1.30972268627,210.0,39.7170465541,169.0
2016-10-05,2,1,21.0,27.0,1,149.0,158.230769231,90.0,1.19602055319,210.0,38.7738092535,192.0
2016-10-06,3,1,22.0,27.0,0,149.0,164.384615385,93.0,1.17557583659,210.0,37.267305658,164.0
2016-10-07,4,1,20.0,23.0,0,149.0,161.230769231,93.0,1.15626032375,210.0,35.383946482,160.0
2016-10-08,5,0,17.0,22.0,0,149.0,158.923076923,93.0,1.14020550215,210.0,34.3969174345,130.0
2016-10-09,6,0,16.0,22.0,1,149.0,154.692307692,93.0,1.00088183422,210.0,34.3116589635,134.0
2016-10-10,0,0,15.0,21.0,1,149.0,156.153846154,93.0,0.922240348015,210.0,32.96815749,122.0
2016-10-11,1,0,17.0,23.0,1,146.0,157.538461538,93.0,0.8349556565,210.0,31.0721626209,137.0
2016-10-12,2,0,18.0,25.0,1,143.0,159.384615385,93.0,0.846253229974,210.0,29.0160127185,111.0
2016-10-13,3,0,18.0,23.0,1,142.0,159.0,93.0,0.796984383414,210.0,29.6154845153,97.0
2016-10-14,4,0,19.0,22.0,0,142.0,154.153846154,93.0,0.770003347841,210.0,33.8999572358,139.0
2016-10-15,5,1,20.0,23.0,0,139.0,148.692307692,93.0,0.787920072661,210.0,29.952230212,170.0
2016-10-16,6,1,20.0,26.0,0,139.0,146.538461538,93.0,0.926623302522,210.0,27.2103356625,188.0
2016-10-17,0,0,20.0,24.0,0,142.0,147.153846154,93.0,1.10665775996,210.0,28.0380130807,120.0
2016-10-18,1,0,20.0,24.0,0,139.0,143.384615385,93.0,1.05869324474,210.0,28.141232988,108.0
2016-10-19,2,0,20.0,24.0,0,139.0,136.923076923,97.0,0.922906267332,210.0,25.7815125726,124.0
2016-10-20,3,0,21.0,25.0,0,139.0,133.846153846,97.0,0.778847217613,210.0,24.7319356107,117.0
2016-10-21,4,0,21.0,25.0,0,139.0,130.538461538,97.0,0.783389450056,210.0,23.8734335277,153.0
2016-10-22,5,1,20.0,23.0,0,139.0,132.307692308,97.0,0.901705000572,210.0,24.6088933749,193.0
2016-10-23,6,1,17.0,23.0,0,139.0,136.846153846,97.0,1.06143970656,210.0,29.4640488989,178.0
2016-10-24,0,0,19.0,24.0,1,139.0,141.153846154,97.0,1.20211057582,210.0,31.0306204947,103.0
2016-10-25,1,0,19.0,23.0,1,137.0,138.538461538,97.0,1.11267605634,210.0,32.6605275397,111.0
2016-10-26,2,0,19.0,24.0,0,134.0,138.538461538,97.0,0.947203092908,210.0,32.6605275397,95.0
2016-10-27,3,0,18.0,24.0,0,131.0,138.384615385,95.0,0.765799256506,210.0,32.8599322569,122.0
2016-10-28,4,0,15.0,19.0,0,131.0,137.076923077,95.0,0.824534942182,210.0,33.1464385799,128.0
2016-10-29,5,1,12.0,15.0,0,130.0,133.846153846,95.0,0.867924528302,210.0,31.7994827095,178.0
2016-10-30,6,1,14.0,18.0,1,130.0,133.076923077,95.0,1.05914377629,210.0,30.5776729468,191.0
2016-10-31,0,0,12.0,17.0,0,130.0,138.538461538,95.0,1.19917963566,198.0,33.9130457871,128.0
