time_stamp,dayofweek,holiday,lt,ht,sunny,m2M,w2A,m1L,d3w3,m1Lar,w2Std,pay_sum
2016-08-01,0,0,28.0,34.0,1,46.0,72.6153846154,39.0,1.18455342336,98.0,12.022661049,66.0
2016-08-02,1,0,28.0,34.0,0,46.0,72.3076923077,39.0,1.11739745403,98.0,12.1363067211,63.0
2016-08-03,2,0,26.0,32.0,0,46.0,72.6153846154,39.0,1.04842501175,98.0,11.842157168,68.0
2016-08-04,3,0,27.0,32.0,0,46.0,72.5384615385,39.0,0.923581809658,98.0,11.868610084,69.0
2016-08-05,4,0,27.0,33.0,0,46.0,72.6923076923,39.0,0.918273645546,98.0,11.8086318844,59.0
2016-08-06,5,1,27.0,33.0,1,50.0,71.3076923077,39.0,0.917602996255,98.0,12.2686881963,67.0
2016-08-07,6,1,27.0,34.0,1,57.0,68.9230769231,39.0,0.929235167977,98.0,9.5632432418,77.0
2016-08-08,0,0,27.0,34.0,0,59.0,70.2307692308,39.0,0.957773059684,98.0,9.41483155741,77.0
2016-08-09,1,0,28.0,34.0,1,59.0,70.6153846154,39.0,1.03755868545,98.0,9.5799346516,73.0
2016-08-10,2,0,28.0,34.0,1,59.0,71.8461538462,39.0,1.05532310553,98.0,8.74287537498,72.0
2016-08-11,3,0,28.0,35.0,1,59.0,72.3846153846,39.0,1.02992345164,98.0,8.51729879118,62.0
2016-08-12,4,0,28.0,34.0,1,60.0,71.0769230769,39.0,0.963687150838,98.0,8.70421240604,51.0
2016-08-13,5,1,28.0,35.0,1,60.0,69.0769230769,39.0,0.877192982456,98.0,10.0035496659,92.0
2016-08-14,6,1,28.0,36.0,1,61.0,68.9230769231,51.0,0.97619047619,98.0,9.62737713672,98.0
2016-08-15,0,0,28.0,35.0,1,62.0,71.3846153846,51.0,1.11729253593,98.0,12.2884464909,47.0
2016-08-16,1,0,28.0,35.0,1,62.0,70.1538461538,47.0,1.11818825195,98.0,13.7776081091,71.0
2016-08-17,2,0,28.0,35.0,1,63.0,70.3846153846,47.0,1.00911002102,98.0,13.7647177821,62.0
2016-08-18,3,0,28.0,36.0,1,63.0,69.8461538462,47.0,0.842696629213,98.0,13.9440980283,48.0
2016-08-19,4,0,29.0,36.0,1,63.0,69.0,47.0,0.866235941613,98.0,14.8789991392,76.0
2016-08-20,5,1,28.0,37.0,0,63.0,69.6923076923,47.0,0.890804597701,98.0,14.9788805959,72.0
2016-08-21,6,1,28.0,35.0,0,64.0,69.3076923077,47.0,0.953771289538,98.0,14.8499397325,114.0
2016-08-22,0,0,28.0,35.0,1,64.0,72.1538461538,47.0,1.23178185237,114.0,19.0135423554,44.0
2016-08-23,1,0,26.0,34.0,1,64.0,69.9230769231,44.0,1.09602096736,114.0,20.4317307466,58.0
2016-08-24,2,0,26.0,34.0,1,64.0,68.8461538462,44.0,1.03671706263,114.0,20.6615441892,80.0
2016-08-25,3,0,27.0,35.0,1,65.0,70.2307692308,44.0,0.866666666667,114.0,20.7592568644,78.0
2016-08-26,4,0,26.0,34.0,0,66.0,72.3076923077,44.0,1.01479915433,114.0,20.0705855013,41.0
2016-08-27,5,1,23.0,31.0,1,66.0,68.3846153846,41.0,0.952380952381,114.0,20.8087942265,94.0
2016-08-28,6,1,22.0,30.0,1,67.0,68.0769230769,41.0,1.00709219858,114.0,20.3940471649,82.0
2016-08-29,0,0,23.0,31.0,1,67.0,70.7692307692,41.0,1.02237926973,114.0,19.7334306197,64.0
2016-08-30,1,0,23.0,31.0,1,67.0,70.2307692308,41.0,1.13798008535,114.0,19.8151218329,41.0
2016-08-31,2,0,25.0,34.0,1,67.0,68.6153846154,41.0,0.906666666667,114.0,21.2260306864,57.0
2016-09-01,3,0,26.0,33.0,1,67.0,69.3076923077,41.0,0.788321167883,114.0,20.6821536425,66.0
2016-09-02,4,0,25.0,34.0,1,67.0,68.5384615385,41.0,0.789410348977,114.0,20.6047619015,73.0
2016-09-03,5,1,25.0,35.0,1,68.0,68.6153846154,41.0,0.956564177648,114.0,20.6194025935,84.0
2016-09-04,6,1,25.0,33.0,1,69.0,66.3076923077,41.0,1.09960552268,114.0,16.7211731986,106.0
2016-09-05,0,0,25.0,30.0,0,69.0,71.0769230769,41.0,1.24261752894,114.0,18.4326697364,64.0
2016-09-06,1,0,22.0,27.0,0,69.0,71.5384615385,41.0,1.20607787274,114.0,18.1727411446,58.0
2016-09-07,2,0,20.0,24.0,0,68.0,69.8461538462,41.0,1.08571428571,114.0,18.3296571534,54.0
2016-09-08,3,0,22.0,29.0,1,67.0,68.0,41.0,0.834518729256,114.0,18.6217408093,67.0
2016-09-09,4,0,23.0,31.0,1,67.0,70.0,41.0,0.854211405393,114.0,16.9342620379,58.0
2016-09-10,5,1,24.0,29.0,1,67.0,67.2307692308,41.0,0.862858520125,114.0,15.6802366846,84.0
2016-09-11,6,1,23.0,26.0,0,68.0,67.3846153846,41.0,1.0298102981,114.0,15.8334527142,80.0
2016-09-12,0,0,23.0,29.0,1,69.0,68.6153846154,41.0,1.06551475882,114.0,16.1413871367,62.0
2016-09-13,1,0,23.0,30.0,1,69.0,70.2307692308,41.0,1.08159846853,114.0,14.2351344656,55.0
2016-09-14,2,0,22.0,24.0,0,68.0,70.0769230769,41.0,0.960038986355,114.0,14.387288933,51.0
2016-09-15,3,1,23.0,26.0,0,67.0,68.9230769231,41.0,0.835197613721,114.0,15.2439725211,62.0
2016-09-16,4,1,23.0,27.0,0,67.0,68.0769230769,41.0,0.822320117474,114.0,15.2993792657,68.0
2016-09-17,5,1,23.0,27.0,0,67.0,66.8461538462,41.0,0.903193612774,114.0,14.5963438723,69.0
2016-09-18,6,0,23.0,28.0,0,68.0,64.0,41.0,1.00277147896,114.0,9.34797386521,66.0
2016-09-19,0,0,21.0,27.0,0,67.0,64.1538461538,41.0,1.0213836478,114.0,9.36315326443,65.0
2016-09-20,1,0,20.0,26.0,1,67.0,64.6923076923,41.0,0.988386459106,106.0,9.19351456513,56.0
2016-09-21,2,0,20.0,27.0,1,67.0,64.8461538462,41.0,0.924826904055,106.0,9.02855430838,47.0
2016-09-22,3,0,21.0,27.0,1,66.0,63.3076923077,41.0,0.84273890143,106.0,10.1631658861,53.0
2016-09-23,4,0,21.0,27.0,1,66.0,62.9230769231,41.0,0.794499618029,106.0,10.4473886208,81.0
2016-09-24,5,1,22.0,28.0,1,66.0,62.6923076923,41.0,0.923940786115,106.0,10.0029581424,59.0
2016-09-25,6,1,23.0,29.0,1,66.0,61.0769230769,41.0,1.02197511252,106.0,8.686519516,66.0
2016-09-26,0,0,24.0,31.0,1,66.0,61.3846153846,41.0,1.08908273857,106.0,8.78406302992,59.0
2016-09-27,1,0,25.0,30.0,0,66.0,61.6923076923,41.0,0.972002113048,106.0,8.62362243523,50.0
2016-09-28,2,0,22.0,28.0,0,66.0,61.6153846154,41.0,0.927397986222,106.0,8.7225478065,50.0
2016-09-29,3,0,22.0,25.0,0,66.0,60.6923076923,47.0,0.85414987913,106.0,9.25189889353,39.0
2016-09-30,4,0,23.0,28.0,0,65.0,58.4615384615,39.0,0.75831969449,106.0,10.6164993841,53.0
2016-10-01,5,1,24.0,29.0,0,65.0,57.2307692308,39.0,0.794850265883,106.0,10.2443518859,88.0
2016-10-02,6,1,24.0,32.0,1,65.0,58.9230769231,39.0,1.00083402836,106.0,12.9997724149,75.0
2016-10-03,0,1,22.0,26.0,1,65.0,59.6923076923,39.0,1.18811881188,106.0,13.6177746707,58.0
2016-10-04,1,1,22.0,26.0,1,65.0,59.8461538462,39.0,1.21262002743,88.0,13.5864533995,67.0
2016-10-05,2,1,22.0,27.0,1,65.0,61.3846153846,39.0,1.08313024641,88.0,13.1707044467,77.0
2016-10-06,3,1,22.0,26.0,0,65.0,63.2307692308,39.0,1.08079186731,88.0,13.5428314626,67.0
2016-10-07,4,1,20.0,25.0,0,65.0,62.1538461538,39.0,1.12985274431,88.0,12.611631712,86.0
2016-10-08,5,0,17.0,22.0,0,65.0,64.2307692308,39.0,1.21500264131,88.0,14.061151316,45.0
2016-10-09,6,0,18.0,22.0,1,64.0,62.6153846154,39.0,1.06365834005,88.0,14.9436812555,70.0
2016-10-10,0,0,18.0,22.0,1,65.0,63.4615384615,39.0,1.07544141252,88.0,15.0262098431,65.0
2016-10-11,1,0,19.0,25.0,1,65.0,64.6153846154,39.0,0.956175298805,88.0,14.5154478006,36.0
2016-10-12,2,0,19.0,23.0,1,65.0,63.5384615385,36.0,0.916398713826,88.0,16.0029583064,45.0
2016-10-13,3,0,19.0,23.0,1,64.0,64.0,36.0,0.787486515642,88.0,15.3622914957,37.0
2016-10-14,4,0,19.0,23.0,0,64.0,62.7692307692,36.0,0.659955257271,88.0,16.7706421424,56.0
2016-10-15,5,1,21.0,25.0,1,64.0,60.3076923077,36.0,0.773759461733,88.0,15.1575551884,61.0
2016-10-16,6,1,20.0,26.0,1,64.0,59.2307692308,36.0,0.867117117117,88.0,14.5610325403,100.0
2016-10-17,0,0,20.0,25.0,1,64.0,62.4615384615,36.0,1.18095238095,100.0,18.1473260782,48.0
2016-10-18,1,0,20.0,25.0,1,64.0,61.0,36.0,1.13927500681,100.0,18.4849210897,47.0
2016-10-19,2,0,20.0,24.0,0,62.0,58.6923076923,36.0,1.06557377049,100.0,18.2140462086,39.0
2016-10-20,3,0,20.0,23.0,0,62.0,56.5384615385,36.0,0.732240437158,100.0,18.7518835346,31.0
2016-10-21,4,0,0.0,21.0,0,62.0,52.3076923077,31.0,0.651085141903,100.0,17.8083153239,49.0
2016-10-22,5,1,19.0,23.0,0,62.0,52.6153846154,31.0,0.684498130572,100.0,17.7136994422,40.0
2016-10-23,6,1,18.0,23.0,1,61.0,50.3076923077,31.0,0.711743772242,100.0,17.2465586997,86.0
2016-10-24,0,0,20.0,24.0,1,61.0,51.9230769231,31.0,1.01273148148,100.0,19.3965164932,71.0
2016-10-25,1,0,18.0,22.0,1,62.0,54.6153846154,31.0,1.13610149942,100.0,19.4285217045,41.0
2016-10-26,2,0,19.0,21.0,0,61.0,54.3076923077,31.0,1.17857142857,100.0,19.6091996282,39.0
2016-10-27,3,0,18.0,22.0,0,59.0,54.4615384615,31.0,0.921855921856,100.0,19.4802281799,48.0
2016-10-28,4,0,15.0,20.0,0,59.0,53.8461538462,31.0,0.809614168248,100.0,19.5481502326,41.0
2016-10-29,5,1,13.0,17.0,1,59.0,52.3076923077,31.0,0.812698412698,100.0,19.710928696,54.0
2016-10-30,6,1,14.0,18.0,1,59.0,48.7692307692,31.0,0.921985815603,100.0,14.1864173726,69.0
2016-10-31,0,0,13.0,17.0,0,59.0,50.3846153846,31.0,1.0533076429,100.0,15.1684818039,59.0
