time_stamp,dayofweek,holiday,lt,ht,sunny,m2M,w2A,m1L,d3w3,m1Lar,w2Std,pay_sum
2016-08-01,0,0,26.0,33.0,0,88.0,88.0,65.0,0.97995545657,128.0,0.0,88.0
2016-08-02,1,0,24.0,31.0,0,88.0,88.0,69.0,0.983240223464,128.0,0.0,88.0
2016-08-03,2,0,24.0,32.0,1,88.0,88.0,69.0,0.977777777778,128.0,0.0,88.0
2016-08-04,3,0,24.0,30.0,0,88.0,88.0,76.0,1.0,128.0,0.0,88.0
2016-08-05,4,0,24.0,30.0,0,88.0,88.0,78.0,1.0,128.0,0.0,88.0
2016-08-06,5,1,24.0,28.0,0,88.0,88.0,78.0,1.0,128.0,0.0,88.0
2016-08-07,6,1,24.0,31.0,0,88.0,88.0,78.0,1.0,128.0,0.0,88.0
2016-08-08,0,0,24.0,29.0,1,88.0,88.0,78.0,1.0,128.0,0.0,88.0
2016-08-09,1,0,24.0,30.0,0,88.0,88.0,78.0,1.0,128.0,0.0,88.0
2016-08-10,2,0,26.0,33.0,1,88.0,88.0,78.0,1.0,128.0,0.0,88.0
2016-08-11,3,0,27.0,34.0,1,88.0,88.0,78.0,1.0,128.0,0.0,88.0
2016-08-12,4,0,26.0,35.0,1,88.0,88.0,88.0,1.0,128.0,0.0,88.0
2016-08-13,5,1,26.0,35.0,1,88.0,88.0,88.0,1.0,88.0,0.0,88.0
2016-08-14,6,1,26.0,33.0,0,88.0,88.0,88.0,1.0,88.0,0.0,88.0
2016-08-15,0,0,25.0,32.0,0,88.0,88.0,88.0,1.0,88.0,0.0,88.0
2016-08-16,1,0,23.0,28.0,1,88.0,88.0,88.0,1.0,88.0,0.0,88.0
2016-08-17,2,0,24.0,31.0,1,88.0,88.0,88.0,1.0,88.0,0.0,88.0
2016-08-18,3,0,27.0,35.0,1,88.0,88.0,88.0,1.0,88.0,0.0,88.0
2016-08-19,4,0,25.0,33.0,1,88.0,88.0,88.0,1.0,88.0,0.0,88.0
2016-08-20,5,1,23.0,32.0,1,88.0,88.0,88.0,1.0,88.0,0.0,88.0
2016-08-21,6,1,25.0,30.0,1,88.0,88.0,88.0,1.0,88.0,0.0,88.0
2016-08-22,0,0,25.0,31.0,1,88.0,88.0,88.0,1.0,88.0,0.0,88.0
2016-08-23,1,0,26.0,31.0,0,88.0,88.0,88.0,1.0,88.0,0.0,88.0
2016-08-24,2,0,27.0,34.0,1,88.0,88.0,88.0,1.0,88.0,0.0,88.0
2016-08-25,3,0,21.0,31.0,0,88.0,88.0,88.0,1.0,88.0,0.0,88.0
2016-08-26,4,0,18.0,27.0,1,88.0,88.0,88.0,1.0,88.0,0.0,88.0
2016-08-27,5,1,17.0,28.0,1,88.0,88.0,88.0,1.0,88.0,0.0,88.0
2016-08-28,6,1,19.0,31.0,1,88.0,88.0,88.0,1.0,88.0,0.0,88.0
2016-08-29,0,0,18.0,29.0,1,88.0,88.0,88.0,1.0,88.0,0.0,88.0
2016-08-30,1,0,21.0,31.0,1,88.0,88.0,88.0,1.0,88.0,0.0,88.0
2016-08-31,2,0,22.0,34.0,1,88.0,88.0,88.0,1.0,88.0,0.0,88.0
2016-09-01,3,0,22.0,35.0,1,88.0,88.0,88.0,1.0,88.0,0.0,75.0
2016-09-02,4,0,20.0,35.0,1,88.0,87.0,75.0,0.957832474719,88.0,3.46410161514,102.0
2016-09-03,5,1,22.0,33.0,1,88.0,88.0769230769,75.0,1.00321786864,102.0,5.29820780238,88.0
2016-09-04,6,1,20.0,33.0,1,88.0,88.0769230769,75.0,1.00321786864,102.0,5.29820780238,114.0
2016-09-05,0,0,22.0,34.0,1,88.0,90.0769230769,75.0,1.13411676926,114.0,8.70421240604,119.0
2016-09-06,1,0,21.0,32.0,1,88.0,92.4615384615,75.0,1.17711771177,119.0,11.5799254987,109.0
2016-09-07,2,0,20.0,31.0,1,88.0,94.0769230769,75.0,1.23980424144,119.0,12.2879649593,93.0
2016-09-08,3,0,20.0,34.0,1,88.0,94.4615384615,75.0,1.16052060738,119.0,12.1694155388,66.0
2016-09-09,4,0,20.0,33.0,1,88.0,92.7692307692,66.0,0.980607391145,119.0,14.2944521038,57.0
2016-09-10,5,1,19.0,32.0,1,88.0,90.3846153846,57.0,0.804020100503,119.0,17.1846911368,63.0
2016-09-11,6,1,20.0,32.0,1,88.0,88.4615384615,57.0,0.702151755379,119.0,18.6778988466,49.0
2016-09-12,0,0,21.0,30.0,1,88.0,85.4615384615,49.0,0.652383709709,119.0,21.4390563247,73.0
2016-09-13,1,0,20.0,27.0,0,88.0,84.3076923077,49.0,0.720404984424,119.0,21.673750928,66.0
2016-09-14,2,0,20.0,30.0,1,88.0,82.6153846154,49.0,0.741617357002,119.0,22.1725348523,57.0
2016-09-15,3,1,20.0,30.0,1,88.0,81.2307692308,49.0,0.787623066104,119.0,23.1455390158,23.0
2016-09-16,4,1,20.0,30.0,1,88.0,75.1538461538,23.0,0.610623170222,119.0,26.9525113825,60.0
2016-09-17,5,1,20.0,30.0,1,88.0,73.0,23.0,0.595998297148,119.0,26.9586578073,58.0
2016-09-18,6,0,19.0,27.0,1,88.0,68.6923076923,23.0,0.611979166667,119.0,24.4174736153,64.0
2016-09-19,0,0,16.0,25.0,1,88.0,64.4615384615,23.0,0.802469135802,119.0,19.6297081941,86.0
2016-09-20,1,0,16.0,26.0,1,88.0,62.6923076923,23.0,0.918322295806,119.0,16.2877236233,77.0
2016-09-21,2,0,18.0,29.0,1,88.0,61.4615384615,23.0,1.00956193018,119.0,14.4521245956,60.0
2016-09-22,3,0,19.0,31.0,1,88.0,61.0,23.0,1.00179694519,119.0,14.3955121212,69.0
2016-09-23,4,0,19.0,32.0,1,88.0,61.9230769231,23.0,0.946473696301,119.0,14.493826476,71.0
2016-09-24,5,1,20.0,29.0,1,88.0,62.5384615385,23.0,0.92980009298,119.0,14.6949252602,55.0
2016-09-25,6,1,19.0,24.0,0,88.0,63.0,23.0,0.945454545455,119.0,14.3527000944,64.0
2016-09-26,0,0,20.0,23.0,0,88.0,62.3076923077,23.0,0.959595959596,119.0,14.0678827634,70.0
2016-09-27,1,0,17.0,24.0,1,88.0,62.6153846154,23.0,0.983606557377,119.0,14.1885027211,75.0
2016-09-28,2,0,13.0,21.0,1,88.0,64.0,23.0,1.10319345474,119.0,14.4488487697,79.0
2016-09-29,3,0,13.0,23.0,1,88.0,68.3076923077,23.0,1.17032392894,119.0,8.84381239916,79.0
2016-09-30,4,0,15.0,23.0,1,88.0,69.7692307692,23.0,1.19671289163,119.0,8.91976065696,80.0
2016-10-01,5,1,17.0,26.0,1,88.0,71.4615384615,23.0,1.20659062104,119.0,8.60782635491,43.0
2016-10-02,6,1,16.0,28.0,1,88.0,69.8461538462,23.0,1.02877514642,119.0,11.3804566209,45.0
2016-10-03,0,1,18.0,31.0,1,88.0,66.6923076923,23.0,0.874316939891,119.0,12.1236235722,45.0
2016-10-04,1,1,19.0,29.0,1,88.0,64.2307692308,23.0,0.703703703704,119.0,12.997951591,45.0
2016-10-05,2,1,17.0,26.0,1,88.0,63.0769230769,23.0,0.721153846154,109.0,13.9530065051,79.0
2016-10-06,3,1,16.0,22.0,1,88.0,63.8461538462,23.0,0.864008179959,93.0,14.5223761239,83.0
2016-10-07,4,1,15.0,22.0,0,86.0,64.7692307692,23.0,1.03993971364,86.0,15.3078855805,119.0
2016-10-08,5,0,13.0,21.0,1,86.0,69.6923076923,23.0,1.34966378482,119.0,20.711886648,117.0
2016-10-09,6,0,12.0,17.0,1,86.0,73.7692307692,23.0,1.47582697201,119.0,24.125166707,93.0
2016-10-10,0,0,13.0,20.0,1,86.0,75.5384615385,23.0,1.51473296501,119.0,24.6221144646,80.0
2016-10-11,1,0,14.0,21.0,1,83.0,75.9230769231,23.0,1.33241442683,119.0,24.6497356468,94.0
2016-10-12,2,0,14.0,19.0,1,83.0,77.0769230769,23.0,1.19865319865,119.0,25.1134703005,72.0
2016-10-13,3,0,13.0,21.0,1,80.0,76.5384615385,23.0,1.10215053763,119.0,25.1414930853,60.0
2016-10-14,4,0,15.0,20.0,1,80.0,75.0,23.0,1.02008575942,119.0,25.4920802181,98.0
2016-10-15,5,1,14.0,17.0,0,80.0,79.2307692308,43.0,1.00877192982,119.0,24.3694444435,69.0
2016-10-16,6,1,14.0,24.0,1,79.0,81.0769230769,43.0,0.992349726776,119.0,22.5472547825,53.0
2016-10-17,0,0,13.0,25.0,1,79.0,81.6923076923,43.0,0.972590627763,119.0,21.6453392225,74.0
2016-10-18,1,0,14.0,24.0,1,79.0,83.9230769231,43.0,0.867064808671,119.0,19.0927353823,94.0
2016-10-19,2,0,15.0,25.0,1,79.0,85.0769230769,43.0,0.968024529128,119.0,19.2132227644,70.0
2016-10-20,3,0,14.0,20.0,0,77.0,84.0769230769,43.0,1.04868913858,119.0,19.6291053069,97.0
2016-10-21,4,0,13.0,15.0,0,77.0,82.3846153846,43.0,1.13725490196,119.0,17.3628181935,74.0
2016-10-22,5,1,9.0,16.0,1,75.0,79.0769230769,43.0,1.02925475123,119.0,14.2745687714,75.0
2016-10-23,6,1,8.0,10.0,0,75.0,77.6923076923,43.0,1.0307982401,119.0,13.7190749598,68.0
2016-10-24,0,0,7.0,12.0,0,75.0,76.7692307692,43.0,0.896323833127,119.0,13.9347592298,95.0
2016-10-25,1,0,9.0,18.0,1,75.0,76.8461538462,43.0,0.953525641026,119.0,14.0320849586,80.0
2016-10-26,2,0,11.0,16.0,0,75.0,77.4615384615,43.0,0.972972972973,119.0,13.9813908443,104.0
2016-10-27,3,0,9.0,13.0,0,75.0,80.8461538462,43.0,1.10320284698,119.0,14.6541994708,85.0
2016-10-28,4,0,9.0,13.0,1,75.0,79.8461538462,43.0,1.08555286521,119.0,13.8721977286,131.0
2016-10-29,5,1,6.0,14.0,1,75.0,84.6153846154,43.0,1.28051220488,131.0,19.0244315049,87.0
2016-10-30,6,1,9.0,16.0,1,75.0,87.2307692308,43.0,1.21686746988,131.0,16.6924849335,85.0
2016-10-31,0,0,2.0,10.0,1,75.0,88.0769230769,45.0,1.21321321321,131.0,16.2739127651,124.0
