time_stamp,dayofweek,holiday,lt,ht,sunny,m2M,w2A,m1L,d3w3,m1Lar,w2Std,pay_sum
2016-08-01,0,0,28.0,36.0,1,10.0,40.2307692308,10.0,1.21376811594,58.0,11.6100344275,76.0
2016-08-02,1,0,26.0,35.0,0,10.0,43.0769230769,10.0,1.40482128013,76.0,14.99980276,85.0
2016-08-03,2,0,26.0,32.0,0,10.0,45.8461538462,10.0,1.611554542,85.0,18.7035420498,66.0
2016-08-04,3,0,26.0,31.0,0,10.0,47.5384615385,10.0,1.62200785995,85.0,19.4407003064,74.0
2016-08-05,4,0,26.0,32.0,0,10.0,52.3076923077,10.0,1.54958677686,85.0,17.6608415837,83.0
2016-08-06,5,1,26.0,32.0,0,10.0,56.6923076923,10.0,1.47927031509,85.0,17.6608415837,74.0
2016-08-07,6,1,26.0,33.0,0,10.0,58.1538461538,10.0,1.5083251714,85.0,18.2370972464,78.0
2016-08-08,0,0,26.0,33.0,1,10.0,61.3076923077,10.0,1.47938306579,85.0,17.8471485134,81.0
2016-08-09,1,0,26.0,33.0,1,10.0,63.4615384615,10.0,1.41083863155,85.0,18.3957159922,89.0
2016-08-10,2,0,27.0,34.0,1,10.0,68.0769230769,10.0,1.44902132632,89.0,16.6107543406,94.0
2016-08-11,3,0,28.0,36.0,1,10.0,71.8461538462,10.0,1.47774979009,94.0,16.5056920431,107.0
2016-08-12,4,0,28.0,36.0,1,10.0,76.9230769231,10.0,1.50336962157,107.0,16.3869626343,109.0
2016-08-13,5,1,29.0,36.0,1,10.0,82.0769230769,12.0,1.50961772583,109.0,15.0765306071,83.0
2016-08-14,6,1,29.0,37.0,1,12.0,84.5384615385,12.0,1.42686709616,109.0,12.1250876896,79.0
2016-08-15,0,0,28.0,36.0,1,26.0,84.7692307692,12.0,1.25550150568,109.0,11.9881598392,84.0
2016-08-16,1,0,27.0,36.0,1,29.0,84.6923076923,12.0,1.1156462585,109.0,11.9896404988,64.0
2016-08-17,2,0,27.0,35.0,1,37.0,84.5384615385,12.0,1.00553709856,109.0,12.2387492109,51.0
2016-08-18,3,0,28.0,36.0,1,39.0,82.7692307692,12.0,0.878005735716,109.0,14.9879636127,64.0
2016-08-19,4,0,29.0,38.0,1,39.0,81.3076923077,12.0,0.777922642329,109.0,15.7986592196,70.0
2016-08-20,5,1,28.0,34.0,0,40.0,81.0,12.0,0.789586000854,109.0,15.9759434535,57.0
2016-08-21,6,1,27.0,32.0,1,41.0,79.3846153846,26.0,0.812074829932,109.0,17.2115277181,60.0
2016-08-22,0,0,26.0,33.0,0,42.0,77.7692307692,29.0,0.803264604811,109.0,17.9535890826,51.0
2016-08-23,1,0,26.0,34.0,1,44.0,74.8461538462,29.0,0.737812911726,109.0,18.9527597091,71.0
2016-08-24,2,0,25.0,34.0,1,45.0,73.0769230769,29.0,0.796673232655,109.0,18.1381940347,78.0
2016-08-25,3,0,24.0,34.0,1,46.0,70.8461538462,29.0,0.873171796551,109.0,15.4065228636,60.0
2016-08-26,4,0,22.0,28.0,0,49.0,67.0769230769,41.0,0.926418439716,109.0,10.9647093929,67.0
2016-08-27,5,1,19.0,28.0,1,51.0,65.8461538462,41.0,0.912936985081,109.0,9.96027613029,69.0
2016-08-28,6,1,19.0,30.0,1,51.0,65.0769230769,42.0,0.878136200717,109.0,9.27744608808,53.0
2016-08-29,0,0,20.0,30.0,1,51.0,62.6923076923,51.0,0.86301369863,109.0,8.00369737044,70.0
2016-08-30,1,0,20.0,31.0,1,53.0,63.1538461538,51.0,0.88827203331,109.0,8.23544080223,76.0
2016-08-31,2,0,21.0,32.0,1,53.0,65.0769230769,51.0,0.93230264699,109.0,8.09046483842,67.0
2016-09-01,3,0,21.0,33.0,1,55.0,65.3076923077,51.0,1.02675343456,109.0,8.09923657736,86.0
2016-09-02,4,0,21.0,34.0,1,57.0,66.5384615385,51.0,1.12254901961,109.0,9.76347498522,59.0
2016-09-03,5,1,22.0,35.0,1,58.0,66.6923076923,51.0,1.05788423154,109.0,9.62676249904,60.0
2016-09-04,6,1,21.0,31.0,1,59.0,66.6923076923,51.0,1.03771197165,109.0,9.62676249904,85.0
2016-09-05,0,0,21.0,31.0,1,60.0,69.3076923077,51.0,1.03186646434,109.0,9.62676249904,82.0
2016-09-06,1,0,20.0,26.0,0,60.0,70.1538461538,51.0,1.13273453094,109.0,10.204419509,66.0
2016-09-07,2,0,21.0,30.0,1,60.0,69.2307692308,51.0,1.14976560572,109.0,9.99348900461,69.0
2016-09-08,3,0,22.0,31.0,1,64.0,69.9230769231,51.0,1.0668633235,109.0,9.63536385854,70.0
2016-09-09,4,0,22.0,32.0,1,64.0,70.1538461538,51.0,1.00786627335,109.0,9.59844661989,68.0
2016-09-10,5,1,21.0,31.0,1,66.0,70.0769230769,51.0,1.00950987564,109.0,9.61138378304,64.0
2016-09-11,6,1,20.0,31.0,1,66.0,70.9230769231,51.0,0.982251398006,86.0,8.48946440697,51.0
2016-09-12,0,0,21.0,30.0,1,66.0,69.4615384615,51.0,0.889861415026,86.0,10.0200981464,47.0
2016-09-13,1,0,22.0,32.0,1,66.0,67.2307692308,47.0,0.801781737194,86.0,11.4431964749,63.0
2016-09-14,2,0,22.0,30.0,1,66.0,66.9230769231,47.0,0.805805805806,86.0,11.4989065598,51.0
2016-09-15,3,1,21.0,24.0,0,66.0,64.2307692308,47.0,0.811287477954,86.0,10.7928312829,40.0
2016-09-16,4,1,20.0,26.0,0,66.0,62.7692307692,40.0,0.792181069959,86.0,12.5462458139,41.0
2016-09-17,5,1,20.0,29.0,1,66.0,61.3076923077,40.0,0.694006309148,86.0,13.8251978168,38.0
2016-09-18,6,0,20.0,30.0,1,66.0,57.6923076923,38.0,0.633147113594,86.0,13.2918981418,39.0
2016-09-19,0,0,17.0,27.0,1,66.0,54.3846153846,38.0,0.643753409711,86.0,12.1309423918,57.0
2016-09-20,1,0,17.0,26.0,1,66.0,53.6923076923,38.0,0.742587974508,86.0,11.6973673263,54.0
2016-09-21,2,0,17.0,26.0,1,66.0,52.5384615385,38.0,0.840336134454,86.0,10.8387863684,46.0
2016-09-22,3,0,18.0,27.0,1,66.0,50.6923076923,38.0,0.910144927536,86.0,9.6904760174,58.0
2016-09-23,4,0,20.0,29.0,1,66.0,49.9230769231,38.0,0.916739193502,86.0,8.62430856503,54.0
2016-09-24,5,1,21.0,30.0,1,66.0,49.1538461538,38.0,0.921551472733,86.0,7.734499674,66.0
2016-09-25,6,1,22.0,29.0,1,66.0,50.3076923077,38.0,1.05575326216,86.0,8.94757909144,66.0
2016-09-26,0,0,23.0,30.0,1,66.0,51.7692307692,38.0,1.11913357401,86.0,9.79916673187,66.0
2016-09-27,1,0,22.0,30.0,1,66.0,52.0,38.0,1.19133574007,86.0,10.0918855446,67.0
2016-09-28,2,0,18.0,24.0,0,66.0,53.2307692308,38.0,1.1995177818,86.0,10.842607167,63.0
2016-09-29,3,0,17.0,20.0,0,66.0,55.0,38.0,1.1889596603,86.0,10.4070981694,57.0
2016-09-30,4,0,16.0,19.0,0,66.0,56.2307692308,38.0,1.14583333333,86.0,9.59289678038,56.0
2016-10-01,5,1,19.0,23.0,0,66.0,57.6153846154,38.0,1.08641975309,85.0,8.03395162409,48.0
2016-10-02,6,1,19.0,23.0,0,66.0,58.3076923077,38.0,0.996595481275,85.0,6.67238413606,38.0
2016-10-03,0,1,20.0,27.0,1,66.0,56.8461538462,38.0,0.886392009988,85.0,8.60094944532,55.0
2016-10-04,1,1,19.0,27.0,1,64.0,56.9230769231,38.0,0.88679245283,82.0,8.57959599606,58.0
2016-10-05,2,1,20.0,28.0,1,64.0,57.8461538462,38.0,0.943455170259,70.0,7.97926306455,45.0
2016-10-06,3,1,19.0,25.0,1,64.0,56.8461538462,38.0,0.982587064677,70.0,8.68106829518,61.0
2016-10-07,4,1,18.0,22.0,0,63.0,57.3846153846,38.0,1.00122100122,70.0,8.70489218365,61.0
2016-10-08,5,0,14.0,24.0,1,63.0,57.0,38.0,0.998505231689,68.0,8.42158399133,71.0
2016-10-09,6,0,14.0,21.0,1,63.0,57.3846153846,38.0,1.12176692822,71.0,8.92307692308,68.0
2016-10-10,0,0,16.0,21.0,1,63.0,57.5384615385,38.0,1.15141047784,71.0,9.08604496014,63.0
2016-10-11,1,0,15.0,20.0,1,63.0,57.2307692308,38.0,1.15395601257,71.0,8.82438793828,65.0
2016-10-12,2,0,16.0,20.0,0,63.0,57.3846153846,38.0,1.101742552,71.0,8.9403016774,60.0
2016-10-13,3,0,15.0,20.0,0,61.0,57.6153846154,38.0,1.05499438833,71.0,8.96607676436,54.0
2016-10-14,4,0,17.0,19.0,0,61.0,57.4615384615,38.0,1.00448933782,71.0,9.00952815819,56.0
2016-10-15,5,1,17.0,22.0,0,60.0,58.0769230769,38.0,0.96208262592,71.0,8.60645141258,65.0
2016-10-16,6,1,15.0,23.0,0,61.0,60.1538461538,38.0,0.991220617389,71.0,6.5144354953,66.0
2016-10-17,0,0,17.0,22.0,1,61.0,61.0,38.0,1.05919003115,71.0,6.50443635588,61.0
2016-10-18,1,0,18.0,23.0,1,61.0,61.2307692308,38.0,1.09308283518,71.0,6.44686979685,58.0
2016-10-19,2,0,19.0,23.0,0,61.0,62.2307692308,38.0,1.05774728416,71.0,4.59353803903,65.0
2016-10-20,3,0,19.0,21.0,0,61.0,62.5384615385,38.0,1.0448608745,71.0,4.63457548658,40.0
2016-10-21,4,0,19.0,22.0,0,61.0,60.9230769231,38.0,0.938399539436,71.0,7.6002179975,61.0
2016-10-22,5,1,16.0,20.0,0,61.0,60.1538461538,38.0,0.945061201252,71.0,7.0257346054,47.0
2016-10-23,6,1,14.0,16.0,0,61.0,58.5384615385,38.0,0.83615819209,71.0,7.4381075407,52.0
2016-10-24,0,0,14.0,18.0,0,61.0,57.6923076923,38.0,0.906258850184,71.0,7.50778688465,68.0
2016-10-25,1,0,16.0,18.0,0,61.0,57.9230769231,38.0,0.937938781241,71.0,7.77037310718,62.0
2016-10-26,2,0,14.0,17.0,0,61.0,58.0769230769,38.0,1.00775193798,71.0,7.82954501538,57.0
2016-10-27,3,0,14.0,17.0,0,61.0,58.3076923077,38.0,1.03888888889,71.0,7.74978526139,69.0
2016-10-28,4,0,8.0,14.0,0,61.0,59.3076923077,38.0,1.03752759382,71.0,8.21241663472,58.0
2016-10-29,5,1,8.0,10.0,0,60.0,58.7692307692,38.0,1.02649930265,71.0,8.04940366787,71.0
2016-10-30,6,1,12.0,17.0,1,60.0,59.1538461538,38.0,1.10183639399,71.0,8.49294869376,61.0
2016-10-31,0,0,8.0,15.0,0,60.0,59.1538461538,38.0,1.05908584169,71.0,8.49294869376,63.0
