time_stamp,dayofweek,holiday,lt,ht,sunny,m2M,w2A,m1L,d3w3,m1Lar,w2Std,pay_sum
2016-08-01,0,0,24.0,30.0,1,61.0,75.2307692308,38.0,1.18257729632,99.0,13.4744992552,60.0
2016-08-02,1,0,24.0,33.0,1,61.0,74.2307692308,38.0,1.05382180009,99.0,14.0720882828,42.0
2016-08-03,2,0,25.0,34.0,1,61.0,69.8461538462,38.0,0.828779599271,99.0,14.5435481537,65.0
2016-08-04,3,0,25.0,33.0,1,63.0,68.3846153846,38.0,0.760993392572,99.0,13.9919672644,55.0
2016-08-05,4,0,25.0,32.0,1,63.0,67.0769230769,38.0,0.753663642708,99.0,14.3819413393,74.0
2016-08-06,5,1,24.0,33.0,1,63.0,67.0,40.0,0.90633029666,99.0,14.3419771194,97.0
2016-08-07,6,1,23.0,31.0,1,64.0,68.6153846154,40.0,1.04994192799,99.0,16.312045863,101.0
2016-08-08,0,0,24.0,32.0,1,64.0,71.1538461538,40.0,1.23188405797,101.0,18.4467889799,56.0
2016-08-09,1,0,25.0,33.0,1,64.0,71.5384615385,40.0,1.16380297824,101.0,18.0708664158,72.0
2016-08-10,2,0,26.0,33.0,1,64.0,72.6923076923,42.0,1.06909430439,101.0,17.5778909008,61.0
2016-08-11,3,0,27.0,34.0,1,64.0,72.6923076923,42.0,0.896797153025,101.0,17.5778909008,61.0
2016-08-12,4,0,25.0,29.0,0,64.0,70.5384615385,42.0,0.927785748446,101.0,17.1581574437,68.0
2016-08-13,5,1,24.0,31.0,0,65.0,68.6153846154,42.0,0.913242009132,101.0,15.8868037234,69.0
2016-08-14,6,1,24.0,33.0,1,65.0,67.7692307692,42.0,0.95652173913,101.0,15.5472176395,88.0
2016-08-15,0,0,21.0,29.0,0,66.0,69.9230769231,42.0,1.07142857143,101.0,16.2455273772,66.0
2016-08-16,1,0,23.0,31.0,1,66.0,71.7692307692,42.0,1.05064782097,101.0,14.202674971,61.0
2016-08-17,2,0,23.0,28.0,0,66.0,71.4615384615,42.0,1.0101010101,101.0,14.3881114633,78.0
2016-08-18,3,0,22.0,24.0,0,68.0,73.2307692308,42.0,0.951717734448,101.0,13.6503245729,81.0
2016-08-19,4,0,22.0,32.0,1,68.0,73.7692307692,42.0,1.02707749767,101.0,13.8072101909,72.0
2016-08-20,5,1,23.0,31.0,1,68.0,71.8461538462,42.0,1.09452736318,101.0,12.0693263711,82.0
2016-08-21,6,1,23.0,34.0,1,69.0,70.3846153846,42.0,1.11189969245,101.0,9.27808386666,70.0
2016-08-22,0,0,23.0,32.0,1,70.0,71.4615384615,42.0,1.0523843082,101.0,8.30769230769,71.0
2016-08-23,1,0,24.0,30.0,0,70.0,71.3846153846,42.0,1.02670349908,101.0,8.30698002645,70.0
2016-08-24,2,0,24.0,31.0,0,70.0,72.0769230769,42.0,0.968111952283,101.0,7.77037310718,73.0
2016-08-25,3,0,18.0,30.0,1,70.0,73.0,42.0,0.969861772037,101.0,7.08193802245,65.0
2016-08-26,4,0,17.0,29.0,1,70.0,72.7692307692,42.0,0.948472412221,101.0,7.28701528172,88.0
2016-08-27,5,1,20.0,32.0,1,70.0,74.2307692308,42.0,1.03693507685,101.0,8.22897176635,70.0
2016-08-28,6,1,18.0,31.0,1,70.0,72.8461538462,42.0,1.0454758556,101.0,7.25201461501,70.0
2016-08-29,0,0,19.0,31.0,1,70.0,73.1538461538,42.0,1.05849582173,101.0,7.03667484679,59.0
2016-08-30,1,0,19.0,31.0,1,70.0,73.0,42.0,0.93230264699,101.0,7.31699812344,54.0
2016-08-31,2,0,19.0,33.0,1,70.0,71.1538461538,42.0,0.861581920904,101.0,8.71644029182,62.0
2016-09-01,3,0,19.0,27.0,1,70.0,69.6923076923,54.0,0.823335685721,101.0,8.53395584514,63.0
2016-09-02,4,0,19.0,28.0,1,70.0,69.0,54.0,0.845136921624,101.0,8.68243142124,69.0
2016-09-03,5,1,20.0,30.0,1,70.0,68.0,54.0,0.915958451369,101.0,7.83483346247,85.0
2016-09-04,6,1,18.0,29.0,0,70.0,69.1538461538,54.0,1.0267329075,101.0,9.05407816185,86.0
2016-09-05,0,0,20.0,31.0,1,70.0,70.3076923077,54.0,1.11966410077,101.0,10.1100453882,61.0
2016-09-06,1,0,21.0,30.0,1,70.0,69.6153846154,54.0,1.08234196408,88.0,10.4110773959,59.0
2016-09-07,2,0,19.0,31.0,1,70.0,68.5384615385,54.0,0.973995271868,88.0,10.7246329298,77.0
2016-09-08,3,0,18.0,31.0,1,70.0,69.4615384615,54.0,0.934091986724,88.0,10.8954145938,61.0
2016-09-09,4,0,19.0,31.0,1,70.0,67.3846153846,54.0,0.941457586619,88.0,9.66785682669,62.0
2016-09-10,5,1,18.0,30.0,1,70.0,66.7692307692,54.0,0.969696969697,88.0,9.73616451218,63.0
2016-09-11,6,1,18.0,25.0,0,70.0,66.2307692308,54.0,0.906432748538,88.0,9.73616451218,73.0
2016-09-12,0,0,18.0,27.0,1,70.0,67.3076923077,54.0,0.963503649635,88.0,9.65070436158,53.0
2016-09-13,1,0,19.0,27.0,1,70.0,67.2307692308,53.0,0.931263858093,88.0,9.75983800428,61.0
2016-09-14,2,0,20.0,30.0,1,70.0,67.1538461538,53.0,0.929654486701,88.0,9.80459981411,69.0
2016-09-15,3,1,21.0,30.0,1,69.0,67.6153846154,53.0,0.907063197026,88.0,9.73920279109,102.0
2016-09-16,4,1,20.0,30.0,0,70.0,70.1538461538,53.0,1.13809173412,102.0,13.3868256354,64.0
2016-09-17,5,1,17.0,24.0,1,69.0,68.5384615385,53.0,1.15792067012,102.0,12.7497534493,72.0
2016-09-18,6,0,15.0,22.0,0,69.0,67.4615384615,53.0,1.17097170972,102.0,11.7840530093,67.0
2016-09-19,0,0,13.0,25.0,1,69.0,67.9230769231,53.0,0.992907801418,102.0,11.6385403424,77.0
2016-09-20,1,0,14.0,26.0,1,69.0,69.3076923077,53.0,1.03896103896,102.0,11.5650974613,75.0
2016-09-21,2,0,16.0,23.0,0,69.0,69.1538461538,53.0,1.04360257327,102.0,11.4746955974,63.0
2016-09-22,3,0,17.0,26.0,0,69.0,69.3076923077,53.0,1.02454133905,102.0,11.3773365505,60.0
2016-09-23,4,0,19.0,27.0,1,69.0,69.1538461538,53.0,0.94964028777,102.0,11.4880952016,74.0
2016-09-24,5,1,20.0,29.0,1,69.0,70.0,53.0,0.952380952381,102.0,11.4084988563,100.0
2016-09-25,6,1,19.0,27.0,1,69.0,72.0769230769,53.0,1.11988513999,102.0,13.9419761234,88.0
2016-09-26,0,0,19.0,24.0,0,70.0,74.7692307692,53.0,1.23004694836,102.0,13.3655921401,56.0
2016-09-27,1,0,12.0,23.0,1,69.0,74.3846153846,53.0,1.14796518466,102.0,13.8204890348,69.0
2016-09-28,2,0,10.0,20.0,1,69.0,74.3846153846,53.0,1.00780695529,102.0,13.8204890348,59.0
2016-09-29,3,0,12.0,22.0,1,69.0,71.0769230769,53.0,0.871831319593,102.0,11.8156450292,36.0
2016-09-30,4,0,14.0,24.0,1,69.0,68.9230769231,36.0,0.79169683804,102.0,15.025422244,74.0
2016-10-01,5,1,15.0,26.0,1,69.0,69.0769230769,36.0,0.80938697318,102.0,15.0663228042,81.0
2016-10-02,6,1,16.0,26.0,1,69.0,70.1538461538,36.0,0.909523809524,102.0,15.3765363402,65.0
2016-10-03,0,1,16.0,28.0,1,69.0,69.2307692308,36.0,1.03871576959,102.0,15.2978321549,73.0
2016-10-04,1,1,11.0,19.0,0,69.0,69.0769230769,36.0,1.02528089888,102.0,15.2490178169,91.0
2016-10-05,2,1,13.0,21.0,1,69.0,71.2307692308,36.0,1.05578607653,102.0,16.1871451664,65.0
2016-10-06,3,1,14.0,17.0,0,69.0,71.6153846154,36.0,1.08351076414,102.0,15.9737210228,87.0
2016-10-07,4,1,12.0,16.0,0,69.0,72.6153846154,36.0,1.1312849162,102.0,16.4902696789,90.0
2016-10-08,5,0,5.0,19.0,1,69.0,71.8461538462,36.0,1.11264367816,102.0,15.3915369045,69.0
2016-10-09,6,0,8.0,18.0,1,69.0,70.3846153846,36.0,1.12947658402,102.0,14.6735683958,69.0
2016-10-10,0,0,10.0,20.0,1,69.0,71.3846153846,36.0,1.05263157895,102.0,14.0905776567,54.0
2016-10-11,1,0,10.0,20.0,1,69.0,70.2307692308,36.0,0.899508081518,102.0,14.8331948224,63.0
2016-10-12,2,0,10.0,19.0,1,69.0,70.5384615385,36.0,0.87139845397,102.0,14.6372306366,54.0
2016-10-13,3,0,12.0,22.0,1,69.0,71.9230769231,36.0,0.804516584333,102.0,11.8999776242,66.0
2016-10-14,4,0,13.0,23.0,1,69.0,71.3076923077,36.0,0.865862313698,102.0,11.9832229862,72.0
2016-10-15,5,1,11.0,17.0,0,69.0,70.6153846154,36.0,0.926864590876,100.0,11.6588590386,78.0
2016-10-16,6,1,12.0,20.0,1,69.0,71.6153846154,36.0,1.05032822757,100.0,11.6918016085,89.0
2016-10-17,0,0,9.0,21.0,1,69.0,72.8461538462,36.0,1.13485280152,100.0,12.5810978722,63.0
2016-10-18,1,0,12.0,20.0,1,69.0,70.6923076923,36.0,1.09680495947,100.0,11.65124368,66.0
2016-10-19,2,0,14.0,22.0,1,69.0,70.7692307692,36.0,1.03440094899,100.0,11.6166581064,56.0
2016-10-20,3,0,11.0,15.0,0,69.0,68.3846153846,36.0,0.865497076023,100.0,11.2149519807,78.0
2016-10-21,4,0,11.0,11.0,0,69.0,67.4615384615,36.0,0.933053417308,100.0,9.80278912128,98.0
2016-10-22,5,1,7.0,15.0,1,69.0,69.6923076923,36.0,1.06961733518,100.0,12.7543936043,106.0
2016-10-23,6,1,0.0,5.0,1,69.0,72.5384615385,36.0,1.26429051782,106.0,15.9981507807,94.0
2016-10-24,0,0,6.0,13.0,1,69.0,75.6153846154,36.0,1.31741821397,106.0,15.9833493243,70.0
2016-10-25,1,0,10.0,17.0,1,69.0,76.1538461538,36.0,1.21049092132,106.0,15.6640016198,68.0
2016-10-26,2,0,0.0,10.0,1,69.0,77.2307692308,36.0,1.03803131991,106.0,14.5451754949,63.0
2016-10-27,3,0,7.0,11.0,0,69.0,77.0,36.0,0.914051841746,106.0,14.74396878,103.0
2016-10-28,4,0,2.0,13.0,1,69.0,79.3846153846,36.0,1.05476673428,106.0,16.1794668617,105.0
2016-10-29,5,1,2.0,12.0,1,69.0,81.4615384615,54.0,1.19251925193,106.0,17.5438588186,105.0
2016-10-30,6,1,2.0,13.0,1,69.0,82.6923076923,54.0,1.34536857941,106.0,18.5612690854,126.0
2016-10-31,0,0,-4.0,6.0,1,69.0,87.5384615385,54.0,1.38016019717,126.0,20.8681405482,90.0
