time_stamp,dayofweek,holiday,lt,ht,sunny,m2M,w2A,m1L,d3w3,m1Lar,w2Std,pay_sum
2016-08-01,0,0,27.0,37.0,1,3.0,1.0,1.0,1.0,21.0,0.0,1.0
2016-08-02,1,0,27.0,35.0,0,3.0,1.0,1.0,1.0,1.0,0.0,1.0
2016-08-03,2,0,26.0,32.0,0,1.0,1.0,1.0,1.0,1.0,0.0,1.0
2016-08-04,3,0,27.0,33.0,0,1.0,1.0,1.0,1.0,1.0,0.0,1.0
2016-08-05,4,0,26.0,33.0,0,1.0,1.0,1.0,1.0,1.0,0.0,192.0
2016-08-06,5,1,26.0,34.0,0,1.0,15.6923076923,1.0,6.12954186414,192.0,50.895646807,352.0
2016-08-07,6,1,27.0,35.0,1,1.0,42.6923076923,1.0,6.4650059312,352.0,102.688763984,336.0
2016-08-08,0,0,26.0,34.0,0,1.0,68.4615384615,1.0,6.5403195838,352.0,127.925227791,239.0
2016-08-09,1,0,26.0,30.0,0,1.0,86.7692307692,1.0,5.4449339207,352.0,133.853624902,240.0
2016-08-10,2,0,27.0,35.0,0,1.0,105.153846154,1.0,3.9543910723,352.0,137.182554483,256.0
2016-08-11,3,0,27.0,36.0,1,1.0,124.769230769,1.0,3.00798035605,352.0,139.104915495,295.0
2016-08-12,4,0,27.0,36.0,1,1.0,147.384615385,1.0,2.74224302305,352.0,141.030023242,265.0
2016-08-13,5,1,27.0,35.0,1,1.0,167.692307692,1.0,2.4874256973,352.0,137.451185526,334.0
2016-08-14,6,1,28.0,35.0,1,1.0,193.307692308,1.0,2.36507936508,352.0,135.006771691,403.0
2016-08-15,0,0,27.0,36.0,1,1.0,224.230769231,1.0,2.28610540726,403.0,133.447283655,282.0
2016-08-16,1,0,26.0,36.0,1,1.0,245.846153846,1.0,2.12092829639,403.0,117.321941127,359.0
2016-08-17,2,0,28.0,37.0,1,1.0,273.384615385,1.0,1.95450716091,403.0,96.8476507491,286.0
2016-08-18,3,0,28.0,37.0,1,1.0,295.307692308,1.0,1.60686427457,403.0,56.6030504959,292.0
2016-08-19,4,0,28.0,38.0,1,1.0,303.0,1.0,1.50995085005,403.0,48.2142653643,342.0
2016-08-20,5,1,27.0,37.0,0,1.0,302.230769231,1.0,1.36965907399,403.0,47.5008564233,421.0
2016-08-21,6,1,27.0,35.0,0,1.0,308.769230769,1.0,1.43596025589,421.0,56.6652163639,315.0
2016-08-22,0,0,27.0,36.0,1,1.0,314.615384615,1.0,1.37886927603,421.0,52.9652113133,335.0
2016-08-23,1,0,27.0,35.0,0,1.0,321.923076923,1.0,1.28741435269,421.0,48.534621328,356.0
2016-08-24,2,0,27.0,35.0,1,1.0,329.615384615,1.0,1.13653053155,421.0,45.293128128,329.0
2016-08-25,3,0,26.0,35.0,1,1.0,332.230769231,1.0,1.0916680045,421.0,44.1869348009,349.0
2016-08-26,4,0,25.0,34.0,0,1.0,338.692307692,1.0,1.07944461844,421.0,39.8079710135,332.0
2016-08-27,5,1,23.0,31.0,1,1.0,338.538461538,1.0,1.05770237721,421.0,39.8296669188,447.0
2016-08-28,6,1,21.0,31.0,1,1.0,341.923076923,1.0,1.16103134167,447.0,46.4782191147,460.0
2016-08-29,0,0,21.0,32.0,1,1.0,355.615384615,1.0,1.23320394148,460.0,52.6213446917,389.0
2016-08-30,1,0,21.0,32.0,1,1.0,357.923076923,1.0,1.26186651088,460.0,53.3716455094,342.0
2016-08-31,2,0,21.0,33.0,1,1.0,362.230769231,1.0,1.14524736766,460.0,49.5132520663,314.0
2016-09-01,3,0,23.0,33.0,0,1.0,363.923076923,1.0,1.00210970464,460.0,47.4154495083,302.0
2016-09-02,4,0,22.0,34.0,1,1.0,360.846153846,1.0,0.913816950446,460.0,49.967445023,318.0
2016-09-03,5,1,23.0,35.0,1,1.0,352.923076923,192.0,0.892968115111,460.0,47.9253611013,317.0
2016-09-04,6,1,24.0,32.0,1,192.0,353.076923077,239.0,0.907022893374,460.0,47.8064391197,308.0
2016-09-05,0,0,24.0,30.0,0,239.0,351.0,239.0,0.909397753026,460.0,49.1152490812,307.0
2016-09-06,1,0,23.0,28.0,0,240.0,347.230769231,239.0,0.905601710149,460.0,50.448989997,312.0
2016-09-07,2,0,21.0,27.0,0,256.0,345.923076923,240.0,0.897342819805,460.0,51.1204633698,310.0
2016-09-08,3,0,22.0,30.0,1,265.0,342.923076923,256.0,0.896934588462,460.0,51.9888472337,307.0
2016-09-09,4,0,22.0,29.0,1,282.0,341.0,265.0,0.901504124212,460.0,52.813168521,302.0
2016-09-10,5,1,22.0,28.0,0,286.0,329.846153846,265.0,0.907519873599,460.0,43.7894370014,329.0
2016-09-11,6,1,21.0,25.0,0,292.0,319.769230769,282.0,0.924365607292,460.0,22.6483276549,303.0
2016-09-12,0,0,21.0,27.0,1,295.0,313.153846154,282.0,0.924798257339,460.0,11.0512523053,265.0
2016-09-13,1,0,21.0,28.0,0,295.0,307.230769231,265.0,0.900331225534,460.0,14.1918386414,210.0
2016-09-14,2,0,21.0,25.0,0,295.0,299.230769231,210.0,0.795135162757,460.0,29.3445155304,236.0
2016-09-15,3,1,22.0,25.0,0,295.0,294.153846154,210.0,0.739469578783,460.0,33.7976925791,252.0
2016-09-16,4,1,23.0,27.0,0,295.0,289.076923077,210.0,0.735123749342,460.0,34.7772284879,310.0
2016-09-17,5,1,22.0,27.0,1,302.0,288.538461538,210.0,0.85903439367,460.0,34.3927885657,311.0
2016-09-18,6,0,22.0,26.0,0,302.0,288.769230769,210.0,0.962938451357,460.0,34.5323791115,283.0
2016-09-19,0,0,20.0,27.0,1,302.0,286.923076923,210.0,1.0149320759,460.0,34.1477818594,242.0
2016-09-20,1,0,19.0,26.0,1,302.0,281.538461538,210.0,0.954664839557,460.0,35.2695453388,275.0
2016-09-21,2,0,19.0,26.0,1,302.0,278.846153846,210.0,0.919698798643,460.0,34.3171770263,254.0
2016-09-22,3,0,20.0,27.0,1,302.0,274.769230769,210.0,0.893757607373,460.0,33.8756864163,296.0
2016-09-23,4,0,20.0,29.0,1,302.0,274.307692308,210.0,0.960027928085,460.0,33.540755038,282.0
2016-09-24,5,1,21.0,30.0,1,302.0,270.692307692,210.0,0.974124809741,460.0,29.7719140115,335.0
2016-09-25,6,1,21.0,30.0,1,303.0,273.153846154,210.0,1.0639165647,460.0,33.4384535754,411.0
2016-09-26,0,0,24.0,31.0,1,307.0,284.384615385,210.0,1.1765379113,460.0,49.4827685028,263.0
2016-09-27,1,0,23.0,28.0,0,307.0,288.461538462,210.0,1.16458910434,411.0,45.1827322098,325.0
2016-09-28,2,0,22.0,28.0,0,307.0,295.307692308,210.0,1.15006043861,411.0,43.4234686907,185.0
2016-09-29,3,0,22.0,25.0,0,307.0,290.153846154,185.0,0.909037455166,411.0,51.4853917352,224.0
2016-09-30,4,0,22.0,29.0,0,307.0,283.538461538,185.0,0.875216121147,411.0,53.9752299095,277.0
2016-10-01,5,1,23.0,30.0,0,307.0,280.923076923,185.0,0.825660468195,411.0,53.4019036516,320.0
2016-10-02,6,1,22.0,30.0,1,308.0,283.769230769,185.0,0.985121190305,411.0,54.4131684375,266.0
2016-10-03,0,1,21.0,27.0,0,308.0,285.615384615,185.0,1.03533081399,411.0,53.3616665371,266.0
2016-10-04,1,1,20.0,27.0,1,308.0,284.923076923,185.0,1.01193657581,411.0,53.5529379191,253.0
2016-10-05,2,1,21.0,27.0,1,307.0,284.846153846,185.0,0.92954410894,411.0,53.5979996094,276.0
2016-10-06,3,1,22.0,27.0,0,307.0,283.307692308,185.0,0.93738945879,411.0,53.5427717098,270.0
2016-10-07,4,1,20.0,23.0,0,307.0,282.384615385,185.0,0.948818430115,411.0,53.6606695413,268.0
2016-10-08,5,0,17.0,22.0,0,307.0,277.230769231,185.0,0.974092024173,411.0,51.5351319246,292.0
2016-10-09,6,0,16.0,22.0,1,307.0,268.076923077,185.0,0.991636798088,411.0,34.8192288574,288.0
2016-10-10,0,0,15.0,21.0,1,307.0,270.0,185.0,1.00485839554,411.0,35.174291311,252.0
2016-10-11,1,0,17.0,23.0,1,307.0,264.384615385,185.0,0.989945862336,411.0,31.5900141514,256.0
2016-10-12,2,0,18.0,25.0,1,303.0,269.846153846,185.0,0.946773713946,411.0,22.1075905998,247.0
2016-10-13,3,0,18.0,23.0,1,302.0,271.615384615,185.0,0.905927525798,411.0,19.0809549089,251.0
2016-10-14,4,0,19.0,22.0,0,302.0,269.615384615,185.0,0.909803921569,411.0,19.7621956953,269.0
2016-10-15,5,1,20.0,23.0,0,302.0,265.692307692,185.0,0.936679489528,411.0,13.4128790885,335.0
2016-10-16,6,1,20.0,26.0,0,302.0,271.0,185.0,1.0588890953,411.0,22.8304789532,387.0
2016-10-17,0,0,20.0,24.0,0,303.0,280.307692308,185.0,1.19968524908,411.0,38.3112448152,266.0
2016-10-18,1,0,20.0,24.0,0,302.0,281.307692308,185.0,1.20900636319,411.0,37.7509747513,223.0
2016-10-19,2,0,20.0,24.0,0,302.0,277.230769231,185.0,1.06452788917,411.0,40.8395619771,248.0
2016-10-20,3,0,21.0,25.0,0,296.0,275.538461538,185.0,0.891712038717,411.0,41.5537009082,254.0
2016-10-21,4,0,21.0,25.0,0,292.0,274.461538462,185.0,0.880869934998,411.0,41.9149603999,240.0
2016-10-22,5,1,20.0,23.0,0,288.0,270.461538462,185.0,0.914863448616,411.0,42.5271232629,297.0
2016-10-23,6,1,17.0,23.0,0,288.0,271.153846154,185.0,0.969719259532,411.0,42.8788026416,420.0
2016-10-24,0,0,19.0,24.0,1,288.0,284.076923077,185.0,1.14091559371,420.0,57.8585297727,279.0
2016-10-25,1,0,19.0,23.0,1,283.0,285.846153846,185.0,1.18191527234,420.0,57.3220942151,281.0
2016-10-26,2,0,19.0,24.0,0,282.0,288.461538462,185.0,1.16189459956,420.0,56.255755787,254.0
2016-10-27,3,0,18.0,24.0,0,281.0,288.692307692,185.0,0.96783782177,420.0,56.1075678639,264.0
2016-10-28,4,0,15.0,19.0,0,279.0,288.307692308,223.0,0.9506811827,420.0,56.2581749484,251.0
2016-10-29,5,1,12.0,15.0,0,277.0,281.846153846,223.0,0.921730792281,420.0,55.3406877078,292.0
2016-10-30,6,1,14.0,18.0,1,277.0,274.538461538,223.0,0.96658282429,420.0,46.5462803349,367.0
2016-10-31,0,0,12.0,17.0,0,277.0,282.307692308,223.0,1.06788710908,420.0,52.5186920796,268.0
