time_stamp,dayofweek,holiday,lt,ht,sunny,m2M,w2A,m1L,d3w3,m1Lar,w2Std,pay_sum
2016-08-01,0,0,28.0,34.0,1,172.0,202.461538462,103.0,1.27038486628,382.0,53.1856189131,164.0
2016-08-02,1,0,28.0,34.0,0,172.0,201.769230769,103.0,1.10350448248,382.0,53.6213990667,149.0
2016-08-03,2,0,26.0,32.0,0,171.0,205.307692308,103.0,0.957063257948,382.0,48.234020256,172.0
2016-08-04,3,0,27.0,32.0,0,171.0,205.384615385,103.0,0.78881027893,382.0,48.1800125515,154.0
2016-08-05,4,0,27.0,33.0,0,171.0,201.076923077,103.0,0.781314252817,382.0,50.0422306864,188.0
2016-08-06,5,1,27.0,33.0,1,172.0,193.615384615,103.0,0.88796752181,382.0,43.8169943525,216.0
2016-08-07,6,1,27.0,34.0,1,172.0,191.230769231,103.0,0.972549019608,382.0,41.6360676599,221.0
2016-08-08,0,0,27.0,34.0,0,172.0,195.384615385,103.0,1.06947296372,382.0,41.7050789409,160.0
2016-08-09,1,0,28.0,34.0,1,172.0,193.769230769,103.0,1.02498068504,382.0,42.6274628815,210.0
2016-08-10,2,0,28.0,34.0,1,172.0,197.0,103.0,0.987468671679,382.0,42.140789668,172.0
2016-08-11,3,0,28.0,35.0,1,172.0,198.846153846,103.0,0.905370416771,382.0,40.4453023874,197.0
2016-08-12,4,0,28.0,34.0,1,173.0,193.538461538,103.0,0.97033685269,382.0,35.5108117547,173.0
2016-08-13,5,1,28.0,35.0,1,173.0,188.230769231,103.0,0.934643904121,382.0,32.9338587665,249.0
2016-08-14,6,1,28.0,36.0,1,178.0,186.538461538,103.0,1.0668734919,382.0,28.9631473657,234.0
2016-08-15,0,0,28.0,35.0,1,181.0,191.923076923,103.0,1.11139347734,285.0,30.7257384926,159.0
2016-08-16,1,0,28.0,35.0,1,181.0,192.692307692,103.0,1.093789931,285.0,29.7512368596,166.0
2016-08-17,2,0,28.0,35.0,1,181.0,192.230769231,103.0,0.952867979204,285.0,30.1130021653,170.0
2016-08-18,3,0,28.0,36.0,1,181.0,193.461538462,103.0,0.839054157132,285.0,28.8247099782,149.0
2016-08-19,4,0,29.0,36.0,1,181.0,190.461538462,148.0,0.847309573725,285.0,31.1710303983,215.0
2016-08-20,5,1,28.0,37.0,0,181.0,190.384615385,148.0,0.939561889681,285.0,31.1090846527,308.0
2016-08-21,6,1,28.0,35.0,0,181.0,197.076923077,148.0,1.17093570308,308.0,43.7606453659,256.0
2016-08-22,0,0,28.0,35.0,1,181.0,204.461538462,148.0,1.32550621065,308.0,44.9642856304,167.0
2016-08-23,1,0,26.0,34.0,1,173.0,201.153846154,148.0,1.23814363144,308.0,46.0047592084,186.0
2016-08-24,2,0,26.0,34.0,1,173.0,202.230769231,148.0,1.02784810127,308.0,45.4704533755,186.0
2016-08-25,3,0,27.0,35.0,1,173.0,201.384615385,148.0,0.902394106814,308.0,45.6618650206,190.0
2016-08-26,4,0,26.0,34.0,0,181.0,202.692307692,148.0,0.940428380187,308.0,45.0698340448,244.0
2016-08-27,5,1,23.0,31.0,1,186.0,202.307692308,149.0,1.03024260552,308.0,44.6927710819,305.0
2016-08-28,6,1,22.0,30.0,1,186.0,207.769230769,149.0,1.20279947917,308.0,51.9765536581,272.0
2016-08-29,0,0,23.0,31.0,1,186.0,216.461538462,149.0,1.30069708492,308.0,52.5395314679,183.0
2016-08-30,1,0,23.0,31.0,1,186.0,217.769230769,149.0,1.21183130033,308.0,51.4679195768,170.0
2016-08-31,2,0,25.0,34.0,1,183.0,217.769230769,149.0,0.997048735742,308.0,51.4679195768,180.0
2016-09-01,3,0,26.0,33.0,1,181.0,220.153846154,149.0,0.853756206952,308.0,48.8795161657,183.0
2016-09-02,4,0,25.0,34.0,1,183.0,217.692307692,149.0,0.851709811441,308.0,49.8727374507,223.0
2016-09-03,5,1,25.0,35.0,1,183.0,211.153846154,149.0,0.94227367744,308.0,42.6539675382,313.0
2016-09-04,6,1,25.0,33.0,1,186.0,215.538461538,149.0,1.13451676529,313.0,49.4300055006,296.0
2016-09-05,0,0,25.0,30.0,0,186.0,225.461538462,149.0,1.27158795659,313.0,51.5910179789,128.0
2016-09-06,1,0,22.0,27.0,0,186.0,221.0,128.0,1.13629355535,313.0,57.0317050825,154.0
2016-09-07,2,0,20.0,24.0,0,183.0,218.538461538,128.0,0.89445991953,313.0,59.140790797,111.0
2016-09-08,3,0,22.0,29.0,1,183.0,212.461538462,111.0,0.613583138173,313.0,65.4800208926,145.0
2016-09-09,4,0,23.0,31.0,1,183.0,204.846153846,111.0,0.650793650794,313.0,67.1059393839,207.0
2016-09-10,5,1,24.0,29.0,1,183.0,197.307692308,111.0,0.753029194112,313.0,60.6229007445,409.0
2016-09-11,6,1,23.0,26.0,0,186.0,207.846153846,111.0,1.19316400125,409.0,81.1303283459,265.0
2016-09-12,0,0,23.0,29.0,1,186.0,214.153846154,111.0,1.35019157088,409.0,82.1348292597,120.0
2016-09-13,1,0,23.0,30.0,1,186.0,210.307692308,111.0,1.23560535325,409.0,85.2249373178,133.0
2016-09-14,2,0,22.0,24.0,0,183.0,206.692307692,111.0,0.816197904357,409.0,87.4030316455,175.0
2016-09-15,3,1,23.0,26.0,0,183.0,206.076923077,111.0,0.67678684377,409.0,87.5956282176,289.0
2016-09-16,4,1,23.0,27.0,0,183.0,211.153846154,111.0,0.934053039193,409.0,90.3002224666,280.0
2016-09-17,5,1,23.0,27.0,0,186.0,208.615384615,111.0,1.17091595845,409.0,87.8316032675,308.0
2016-09-18,6,0,23.0,28.0,0,186.0,209.538461538,111.0,1.36860174782,409.0,88.802819935,163.0
2016-09-19,0,0,21.0,27.0,0,186.0,212.230769231,111.0,1.17748510505,409.0,86.7978676149,123.0
2016-09-20,1,0,20.0,26.0,1,186.0,209.846153846,111.0,0.941736028537,409.0,88.7683642139,134.0
2016-09-21,2,0,20.0,27.0,1,183.0,211.615384615,111.0,0.673238759317,409.0,86.9920760861,146.0
2016-09-22,3,0,21.0,27.0,1,183.0,211.692307692,111.0,0.651787158337,409.0,86.933559613,146.0
2016-09-23,4,0,21.0,27.0,1,183.0,207.0,111.0,0.702101359703,409.0,88.6887383363,162.0
2016-09-24,5,1,22.0,28.0,1,183.0,188.0,111.0,0.777264167095,409.0,67.2435298575,251.0
2016-09-25,6,1,23.0,29.0,1,183.0,186.923076923,111.0,0.968216852862,409.0,66.1041852957,204.0
2016-09-26,0,0,24.0,31.0,1,186.0,193.384615385,111.0,1.04798301486,409.0,63.2924086608,108.0
2016-09-27,1,0,25.0,30.0,0,183.0,191.461538462,108.0,0.967603334193,409.0,65.4412424471,119.0
2016-09-28,2,0,22.0,28.0,0,183.0,187.153846154,108.0,0.739216190721,409.0,68.169298474,136.0
2016-09-29,3,0,22.0,25.0,0,180.0,175.384615385,108.0,0.624033006704,409.0,62.5454154522,137.0
2016-09-30,4,0,23.0,28.0,0,180.0,164.384615385,108.0,0.686274509804,409.0,55.338869997,234.0
2016-10-01,5,1,24.0,29.0,0,183.0,158.692307692,108.0,0.93036058354,409.0,42.6170507866,324.0
2016-10-02,6,1,24.0,32.0,1,183.0,171.076923077,108.0,1.25496569159,409.0,61.3470098807,293.0
2016-10-03,0,1,22.0,26.0,1,186.0,184.153846154,108.0,1.46787408366,409.0,67.5139258043,255.0
2016-10-04,1,1,22.0,26.0,1,186.0,193.461538462,108.0,1.45807206755,409.0,68.2941774572,279.0
2016-10-05,2,1,22.0,27.0,1,186.0,203.692307692,108.0,1.3476737554,409.0,70.3490031807,279.0
2016-10-06,3,1,22.0,26.0,0,186.0,213.923076923,108.0,1.32810585641,409.0,70.8839371394,277.0
2016-10-07,4,1,20.0,25.0,0,186.0,222.769230769,108.0,1.36504822625,409.0,71.0277885448,257.0
2016-10-08,5,0,17.0,22.0,0,186.0,223.230769231,108.0,1.34591507326,409.0,71.2289416612,131.0
2016-10-09,6,0,18.0,22.0,1,186.0,217.615384615,108.0,1.10972048394,409.0,75.2856493236,152.0
2016-10-10,0,0,18.0,22.0,1,186.0,221.0,108.0,0.894632206759,324.0,71.1574635255,117.0
2016-10-11,1,0,19.0,25.0,1,186.0,220.846153846,108.0,0.6655020381,324.0,71.3796417365,144.0
2016-10-12,2,0,19.0,23.0,1,183.0,221.461538462,108.0,0.687473990845,324.0,70.6765279116,115.0
2016-10-13,3,0,19.0,23.0,1,183.0,219.769230769,108.0,0.630766649891,324.0,72.9068466197,134.0
2016-10-14,4,0,19.0,23.0,0,183.0,212.076923077,108.0,0.663963507349,324.0,76.2006072442,185.0
2016-10-15,5,1,21.0,25.0,1,183.0,201.384615385,108.0,0.745704467354,324.0,69.1737371924,243.0
2016-10-16,6,1,20.0,26.0,1,185.0,197.538461538,108.0,0.956026197159,324.0,65.2517201478,267.0
2016-10-17,0,0,20.0,25.0,1,186.0,198.461538462,108.0,1.13617786497,324.0,66.1369388055,121.0
2016-10-18,1,0,20.0,25.0,1,185.0,186.307692308,108.0,1.03104575163,324.0,64.7223473657,124.0
2016-10-19,2,0,20.0,24.0,0,183.0,174.384615385,108.0,0.839069157653,324.0,60.7004479283,129.0
2016-10-20,3,0,20.0,23.0,0,183.0,163.0,108.0,0.614121510673,324.0,53.8830642724,143.0
2016-10-21,4,0,0.0,21.0,0,183.0,154.230769231,108.0,0.665154950869,324.0,46.6643560995,168.0
2016-10-22,5,1,19.0,23.0,0,180.0,157.076923077,108.0,0.769298015561,324.0,46.2874987916,245.0
2016-10-23,6,1,18.0,23.0,1,180.0,164.230769231,108.0,0.984506418769,324.0,51.8075638169,279.0
2016-10-24,0,0,20.0,24.0,1,180.0,176.692307692,108.0,1.21755960236,324.0,58.054860812,116.0
2016-10-25,1,0,18.0,22.0,1,175.0,174.538461538,108.0,1.17668689097,324.0,59.7232275193,135.0
2016-10-26,2,0,19.0,21.0,0,170.0,176.076923077,115.0,1.01474248516,324.0,58.412935262,150.0
2016-10-27,3,0,18.0,22.0,0,168.0,177.307692308,115.0,0.796820665673,324.0,57.6773313895,140.0
2016-10-28,4,0,15.0,20.0,0,163.0,173.846153846,115.0,0.875025736051,324.0,58.4568824057,196.0
2016-10-29,5,1,13.0,17.0,1,163.0,170.230769231,115.0,0.980926430518,324.0,55.4438785497,289.0
2016-10-30,6,1,14.0,18.0,1,163.0,171.923076923,115.0,1.21124031008,324.0,58.6166969367,275.0
2016-10-31,0,0,13.0,17.0,0,163.0,183.769230769,115.0,1.40818973504,293.0,62.5572400608,140.0
