time_stamp,dayofweek,holiday,lt,ht,sunny,m2M,w2A,m1L,d3w3,m1Lar,w2Std,pay_sum
2016-08-01,0,0,27.0,35.0,1,248.0,469.615384615,145.0,0.74299634592,886.0,216.930169006,240.0
2016-08-02,1,0,26.0,36.0,0,248.0,427.769230769,145.0,0.665616543479,886.0,204.353447147,210.0
2016-08-03,2,0,25.0,30.0,0,240.0,387.0,163.0,0.593380900552,886.0,190.386651116,228.0
2016-08-04,3,0,25.0,32.0,0,228.0,348.538461538,171.0,0.542877732405,886.0,166.636691585,238.0
2016-08-05,4,0,26.0,32.0,0,238.0,298.692307692,171.0,0.539203956289,886.0,63.2666938935,283.0
2016-08-06,5,1,26.0,34.0,0,240.0,294.692307692,171.0,0.596646353607,886.0,62.483702017,289.0
2016-08-07,6,1,26.0,34.0,0,248.0,296.0,171.0,0.645007166746,886.0,62.1722173916,309.0
2016-08-08,0,0,26.0,34.0,1,248.0,285.230769231,171.0,0.74327174555,886.0,44.2912629796,212.0
2016-08-09,1,0,27.0,34.0,1,240.0,275.461538462,171.0,0.736698499318,886.0,45.3475728883,289.0
2016-08-10,2,0,27.0,34.0,1,240.0,269.538461538,171.0,0.784997819451,886.0,37.4815141813,220.0
2016-08-11,3,0,27.0,35.0,1,240.0,264.076923077,171.0,0.754460314969,886.0,39.094484243,183.0
2016-08-12,4,0,28.0,35.0,1,240.0,252.692307692,171.0,0.813926135027,886.0,39.49563679,278.0
2016-08-13,5,1,28.0,36.0,1,248.0,251.153846154,183.0,0.809124933167,886.0,38.0644113088,351.0
2016-08-14,6,1,27.0,36.0,1,248.0,256.153846154,183.0,0.951376684241,886.0,45.7969534658,328.0
2016-08-15,0,0,27.0,36.0,1,253.0,262.923076923,183.0,1.14562758125,886.0,49.2801435101,291.0
2016-08-16,1,0,27.0,36.0,1,257.0,269.153846154,183.0,1.17128539516,886.0,47.2747227203,308.0
2016-08-17,2,0,27.0,35.0,1,257.0,275.307692308,183.0,1.13124656782,886.0,46.7207491632,339.0
2016-08-18,3,0,27.0,36.0,1,258.0,283.076923077,183.0,1.13470029638,886.0,48.2437106917,452.0
2016-08-19,4,0,29.0,37.0,1,262.0,296.076923077,183.0,1.30089962121,886.0,65.9807215882,450.0
2016-08-20,5,1,27.0,36.0,0,272.0,308.461538462,183.0,1.43038266482,886.0,77.5803458304,338.0
2016-08-21,6,1,27.0,33.0,0,272.0,310.692307692,183.0,1.41649531643,452.0,77.9796665956,298.0
2016-08-22,0,0,27.0,34.0,1,273.0,317.307692308,183.0,1.22836783169,452.0,72.80256189,396.0
2016-08-23,1,0,25.0,34.0,1,277.0,325.538461538,183.0,1.13157894737,452.0,75.147665284,394.0
2016-08-24,2,0,24.0,34.0,1,278.0,338.923076923,183.0,1.16127655033,452.0,70.5107319038,458.0
2016-08-25,3,0,25.0,34.0,1,283.0,360.076923077,183.0,1.28673059078,458.0,61.1950997768,457.0
2016-08-26,4,0,23.0,29.0,1,286.0,373.846153846,183.0,1.31425702811,458.0,61.3161368569,515.0
2016-08-27,5,1,20.0,29.0,1,286.0,386.461538462,183.0,1.38848431887,515.0,71.3653820243,632.0
2016-08-28,6,1,19.0,30.0,1,289.0,409.846153846,183.0,1.48745768999,632.0,94.4505130123,491.0
2016-08-29,0,0,20.0,31.0,1,289.0,425.230769231,183.0,1.46223888591,632.0,90.0240599004,356.0
2016-08-30,1,0,21.0,31.0,1,291.0,428.923076923,183.0,1.30856005309,632.0,86.0361833886,292.0
2016-08-31,2,0,22.0,32.0,1,291.0,425.307692308,183.0,0.998203409141,632.0,90.6051319784,320.0
2016-09-01,3,0,22.0,33.0,1,292.0,415.153846154,183.0,0.833333333333,632.0,94.3633290522,268.0
2016-09-02,4,0,22.0,34.0,1,292.0,401.153846154,183.0,0.758555296957,632.0,101.394011471,309.0
2016-09-03,5,1,23.0,34.0,1,298.0,398.923076923,183.0,0.777431097244,632.0,103.064178317,404.0
2016-09-04,6,1,22.0,33.0,1,298.0,407.076923077,183.0,0.841915550978,632.0,98.8646794971,403.0
2016-09-05,0,0,24.0,33.0,1,308.0,407.615384615,183.0,0.944162436548,632.0,98.8219365724,248.0
2016-09-06,1,0,22.0,26.0,0,308.0,396.384615385,183.0,0.899403239557,632.0,107.634380025,213.0
2016-09-07,2,0,20.0,26.0,1,308.0,377.538461538,183.0,0.748635300234,632.0,116.296448378,205.0
2016-09-08,3,0,21.0,30.0,1,308.0,358.153846154,183.0,0.596213240231,632.0,122.283935767,214.0
2016-09-09,4,0,23.0,32.0,1,308.0,335.0,183.0,0.584292516063,632.0,118.841847072,256.0
2016-09-10,5,1,21.0,30.0,1,308.0,306.076923077,205.0,0.631224575677,632.0,83.5560259195,456.0
2016-09-11,6,1,20.0,28.0,1,309.0,303.384615385,205.0,0.847170760715,632.0,77.9285061515,325.0
2016-09-12,0,0,20.0,30.0,1,309.0,301.0,205.0,0.958056171471,632.0,76.7473377138,193.0
2016-09-13,1,0,21.0,30.0,1,309.0,293.384615385,193.0,0.925635542884,632.0,81.9948764455,188.0
2016-09-14,2,0,22.0,28.0,1,309.0,283.230769231,188.0,0.697800840128,632.0,86.1386662451,234.0
2016-09-15,3,1,21.0,23.0,0,309.0,280.615384615,188.0,0.628641521006,632.0,87.0725060038,321.0
2016-09-16,4,1,21.0,23.0,0,309.0,281.538461538,188.0,0.782764433207,632.0,87.4313932218,336.0
2016-09-17,5,1,21.0,27.0,1,309.0,276.307692308,188.0,0.98474801061,632.0,81.8012456322,402.0
2016-09-18,6,0,20.0,28.0,1,309.0,276.230769231,188.0,1.18795221269,632.0,81.6824563088,194.0
2016-09-19,0,0,17.0,26.0,1,309.0,272.076923077,188.0,1.07478521594,632.0,84.3422164011,184.0
2016-09-20,1,0,18.0,26.0,1,308.0,269.846153846,184.0,0.916622598273,632.0,86.2374594262,177.0
2016-09-21,2,0,17.0,24.0,1,298.0,267.692307692,177.0,0.669077757685,632.0,88.1584104067,169.0
2016-09-22,3,0,19.0,27.0,1,298.0,264.230769231,169.0,0.650586141288,632.0,91.0352035425,186.0
2016-09-23,4,0,19.0,28.0,1,298.0,258.846153846,169.0,0.668173825672,632.0,93.402228728,225.0
2016-09-24,5,1,21.0,29.0,1,292.0,241.076923077,169.0,0.753883148112,632.0,74.2049775839,412.0
2016-09-25,6,1,21.0,28.0,1,292.0,247.769230769,169.0,1.06786038666,632.0,84.6587301565,379.0
2016-09-26,0,0,23.0,30.0,1,298.0,262.076923077,169.0,1.28550642121,491.0,89.7573322811,171.0
2016-09-27,1,0,23.0,30.0,0,292.0,260.769230769,169.0,1.22696256616,456.0,90.9430539033,180.0
2016-09-28,2,0,19.0,23.0,0,291.0,256.615384615,169.0,0.935537613738,456.0,93.2742346001,156.0
2016-09-29,3,0,17.0,19.0,0,291.0,243.923076923,156.0,0.657076205288,456.0,94.8622171188,209.0
2016-09-30,4,0,18.0,21.0,0,291.0,234.153846154,156.0,0.712837616899,456.0,91.351263015,269.0
2016-10-01,5,1,20.0,24.0,0,291.0,223.923076923,156.0,0.860828241684,456.0,78.5282521806,328.0
2016-10-02,6,1,20.0,24.0,0,292.0,234.230769231,156.0,1.09369699437,456.0,82.61230477,313.0
2016-10-03,0,1,18.0,26.0,1,298.0,244.153846154,156.0,1.20537783959,456.0,83.7228451075,359.0
2016-10-04,1,1,20.0,25.0,1,308.0,258.153846154,156.0,1.28106584678,456.0,86.4939714696,281.0
2016-10-05,2,1,20.0,26.0,1,308.0,266.769230769,156.0,1.20992826763,456.0,82.6783888107,343.0
2016-10-06,3,1,19.0,25.0,1,308.0,278.846153846,156.0,1.24280927998,456.0,81.4558362208,269.0
2016-10-07,4,1,17.0,20.0,0,308.0,282.230769231,156.0,1.14355231144,456.0,80.0501322212,255.0
2016-10-08,5,0,14.0,22.0,1,308.0,270.153846154,156.0,1.14251828425,456.0,70.8789283582,199.0
2016-10-09,6,0,13.0,21.0,1,308.0,256.307692308,156.0,0.951816745656,456.0,65.6522125884,223.0
2016-10-10,0,0,16.0,21.0,1,308.0,260.307692308,156.0,0.884447057287,412.0,61.8041380434,181.0
2016-10-11,1,0,16.0,20.0,1,308.0,260.384615385,156.0,0.787154885451,412.0,61.7046793657,167.0
2016-10-12,2,0,16.0,19.0,1,298.0,261.230769231,156.0,0.745674175645,412.0,60.3275085183,167.0
2016-10-13,3,0,17.0,20.0,1,292.0,258.0,156.0,0.675055708481,412.0,64.0480588789,146.0
2016-10-14,4,0,16.0,18.0,1,292.0,248.538461538,146.0,0.639105252646,412.0,70.4858036821,224.0
2016-10-15,5,1,18.0,21.0,0,281.0,240.538461538,146.0,0.742892716331,412.0,66.8196371236,362.0
2016-10-16,6,1,17.0,23.0,1,281.0,244.307692308,146.0,1.01624323199,412.0,71.9833149635,348.0
2016-10-17,0,0,18.0,22.0,1,281.0,243.461538462,146.0,1.25058579367,412.0,70.6830579033,184.0
2016-10-18,1,0,18.0,23.0,1,269.0,236.0,146.0,1.19606662653,412.0,71.442284398,174.0
2016-10-19,2,0,19.0,22.0,1,269.0,223.0,146.0,0.941145104312,412.0,65.9545297914,162.0
2016-10-20,3,0,19.0,21.0,0,268.0,214.769230769,146.0,0.699771228637,412.0,66.3755676159,142.0
2016-10-21,4,0,19.0,21.0,0,256.0,206.076923077,142.0,0.660175402251,412.0,67.9190259268,229.0
2016-10-22,5,1,18.0,21.0,0,255.0,208.384615385,142.0,0.751551043429,412.0,68.148636717,298.0
2016-10-23,6,1,15.0,18.0,1,255.0,214.153846154,142.0,0.946318692977,412.0,72.1961496457,353.0
2016-10-24,0,0,16.0,20.0,1,255.0,227.384615385,142.0,1.24637065364,379.0,80.2223242108,186.0
2016-10-25,1,0,14.0,17.0,1,248.0,228.846153846,142.0,1.20988725065,362.0,79.2763871662,183.0
2016-10-26,2,0,16.0,18.0,0,234.0,230.076923077,142.0,1.08116202456,362.0,78.4263118509,169.0
2016-10-27,3,0,15.0,17.0,0,229.0,231.846153846,142.0,0.824142156863,362.0,76.7511925779,167.0
2016-10-28,4,0,11.0,15.0,0,225.0,227.461538462,142.0,0.811444652908,362.0,78.6781324175,244.0
2016-10-29,5,1,8.0,12.0,0,225.0,218.384615385,142.0,0.897346638818,362.0,68.8225571938,301.0
2016-10-30,6,1,10.0,17.0,1,225.0,214.769230769,142.0,1.08198465162,362.0,62.8981519187,413.0
2016-10-31,0,0,10.0,15.0,0,225.0,232.384615385,142.0,1.38269466696,413.0,81.2143777168,201.0
