time_stamp,dayofweek,holiday,lt,ht,sunny,m2M,w2A,m1L,d3w3,m1Lar,w2Std,pay_sum
2016-08-01,0,0,25.0,39.0,1,5.0,81.2307692308,5.0,1.04887770086,99.0,9.57684584461,58.0
2016-08-02,1,0,26.0,38.0,1,5.0,80.3076923077,5.0,0.972927241963,99.0,11.0758546493,69.0
2016-08-03,2,0,24.0,36.0,1,5.0,80.1538461538,5.0,0.902287791319,99.0,11.217062236,62.0
2016-08-04,3,0,23.0,31.0,0,5.0,79.1538461538,49.0,0.805626598465,99.0,12.1708741475,75.0
2016-08-05,4,0,23.0,31.0,0,49.0,77.3076923077,57.0,0.878090366581,99.0,10.7587861439,67.0
2016-08-06,5,1,23.0,35.0,1,57.0,74.9230769231,57.0,0.884265279584,99.0,9.23589601219,76.0
2016-08-07,6,1,22.0,33.0,1,58.0,73.7692307692,57.0,0.948032180909,99.0,8.01108699197,81.0
2016-08-08,0,0,23.0,34.0,0,62.0,74.0769230769,57.0,0.967184801382,99.0,8.20376591255,71.0
2016-08-09,1,0,23.0,33.0,0,62.0,74.0769230769,57.0,0.983818770227,99.0,8.20376591255,69.0
2016-08-10,2,0,25.0,34.0,1,63.0,73.6153846154,57.0,0.954849859581,99.0,8.30698002645,69.0
2016-08-11,3,0,24.0,37.0,1,67.0,72.8461538462,57.0,0.906527868141,99.0,8.23544080223,77.0
2016-08-12,4,0,25.0,38.0,1,68.0,72.7692307692,57.0,0.946094609461,99.0,8.19149508429,87.0
2016-08-13,5,1,25.0,39.0,1,69.0,72.6923076923,58.0,1.03280141844,99.0,8.05160868193,92.0
2016-08-14,6,1,24.0,41.0,1,69.0,73.3076923077,58.0,1.13399778516,99.0,9.1263322769,92.0
2016-08-15,0,0,25.0,40.0,1,69.0,75.9230769231,58.0,1.18859649123,99.0,9.23589601219,65.0
2016-08-16,1,0,26.0,40.0,1,69.0,75.6153846154,58.0,1.0964332893,99.0,9.52356156341,94.0
2016-08-17,2,0,26.0,40.0,1,70.0,78.0769230769,58.0,1.09154163949,99.0,9.81726531295,95.0
2016-08-18,3,0,25.0,40.0,1,70.0,79.6153846154,58.0,1.09317839466,99.0,10.7384174564,83.0
2016-08-19,4,0,26.0,41.0,1,71.0,80.8461538462,58.0,1.16688116688,99.0,10.1211595098,86.0
2016-08-20,5,1,26.0,41.0,1,71.0,81.6153846154,58.0,1.13402061856,99.0,10.1036053088,123.0
2016-08-21,6,1,27.0,42.0,1,71.0,84.8461538462,58.0,1.22354913053,123.0,14.9452650276,93.0
2016-08-22,0,0,25.0,40.0,1,71.0,86.5384615385,58.0,1.23821238212,123.0,14.5211537188,110.0
2016-08-23,1,0,27.0,42.0,1,75.0,89.6923076923,58.0,1.30373925215,123.0,14.8188269825,41.0
2016-08-24,2,0,27.0,41.0,1,75.0,87.5384615385,41.0,0.988254353989,123.0,19.0893259929,101.0
2016-08-25,3,0,25.0,38.0,0,75.0,89.3846153846,41.0,1.004784689,123.0,19.14133048,88.0
2016-08-26,4,0,22.0,35.0,0,75.0,89.4615384615,41.0,0.905690096476,123.0,19.1336006689,96.0
2016-08-27,5,1,21.0,30.0,1,75.0,89.7692307692,41.0,1.10916520724,123.0,19.2039813426,120.0
2016-08-28,6,1,21.0,33.0,1,76.0,91.9230769231,41.0,1.15677321157,123.0,20.8343707828,92.0
2016-08-29,0,0,19.0,32.0,1,77.0,94.0,41.0,1.15811242715,123.0,19.3390796058,74.0
2016-08-30,1,0,19.0,24.0,1,77.0,92.4615384615,41.0,1.07236595426,123.0,20.0599692638,72.0
2016-08-31,2,0,19.0,27.0,1,77.0,90.6923076923,41.0,0.890885270447,123.0,20.7601119583,78.0
2016-09-01,3,0,22.0,32.0,1,77.0,90.3076923077,41.0,0.838009726899,123.0,20.9445591076,96.0
2016-09-02,4,0,21.0,34.0,1,78.0,91.0769230769,41.0,0.915689558906,123.0,20.9558566753,96.0
2016-09-03,5,1,23.0,32.0,1,78.0,89.0,41.0,1.00278551532,123.0,18.929017204,96.0
2016-09-04,6,1,21.0,30.0,1,78.0,89.2307692308,41.0,1.06725958866,123.0,18.9945492026,96.0
2016-09-05,0,0,23.0,31.0,1,79.0,88.1538461538,41.0,1.04918032787,123.0,18.1652506551,96.0
2016-09-06,1,0,21.0,27.0,0,79.0,92.3846153846,41.0,1.0480349345,123.0,12.0737379435,69.0
2016-09-07,2,0,19.0,32.0,1,79.0,89.9230769231,41.0,0.963455149502,123.0,13.2691750278,71.0
2016-09-08,3,0,20.0,29.0,1,79.0,88.6153846154,41.0,0.876997398737,123.0,14.1993415965,59.0
2016-09-09,4,0,20.0,27.0,0,79.0,85.7692307692,41.0,0.750801735522,123.0,16.0247589501,70.0
2016-09-10,5,1,19.0,34.0,1,79.0,81.9230769231,41.0,0.777907429016,123.0,13.0764705804,84.0
2016-09-11,6,1,20.0,32.0,1,79.0,81.3076923077,41.0,0.83284457478,123.0,12.7724741015,82.0
2016-09-12,0,0,19.0,33.0,1,81.0,81.9230769231,41.0,0.938183263765,123.0,12.5970786507,81.0
2016-09-13,1,0,23.0,34.0,1,81.0,82.6153846154,41.0,0.959037080179,123.0,12.2759205297,74.0
2016-09-14,2,0,20.0,31.0,1,81.0,82.3076923077,41.0,0.934911242604,123.0,12.4368225931,50.0
2016-09-15,3,1,20.0,31.0,1,79.0,78.7692307692,41.0,0.827280064568,123.0,14.4230256409,94.0
2016-09-16,4,1,22.0,32.0,1,81.0,78.6153846154,41.0,0.880808080808,123.0,14.2480144989,62.0
2016-09-17,5,1,21.0,37.0,1,81.0,76.0,41.0,0.862646566164,123.0,13.9339099378,89.0
2016-09-18,6,0,20.0,32.0,1,81.0,75.4615384615,41.0,1.02790014684,123.0,13.2700668633,34.0
2016-09-19,0,0,18.0,23.0,0,81.0,70.6923076923,34.0,0.796212610286,120.0,15.9102512449,60.0
2016-09-20,1,0,21.0,25.0,0,81.0,70.0,34.0,0.793754066363,120.0,16.1626349718,62.0
2016-09-21,2,0,18.0,25.0,1,79.0,69.3076923077,34.0,0.683760683761,120.0,16.2971664143,60.0
2016-09-22,3,0,19.0,32.0,1,78.0,69.3846153846,34.0,0.817059483726,120.0,16.2506258414,58.0
2016-09-23,4,0,21.0,28.0,1,78.0,68.4615384615,34.0,0.829302004147,120.0,16.5279036067,77.0
2016-09-24,5,1,19.0,22.0,0,78.0,67.9230769231,34.0,0.910364145658,120.0,16.1219465253,96.0
2016-09-25,6,1,21.0,24.0,0,79.0,69.0,34.0,1.07843137255,120.0,17.4400070572,88.0
2016-09-26,0,0,19.0,25.0,0,81.0,69.5384615385,34.0,1.22535211268,96.0,17.9040836967,72.0
2016-09-27,1,0,20.0,23.0,0,81.0,69.3846153846,34.0,1.19934410869,96.0,17.873652554,67.0
2016-09-28,2,0,20.0,25.0,1,78.0,70.6923076923,34.0,1.0664787409,96.0,17.0085255336,54.0
2016-09-29,3,0,18.0,27.0,1,77.0,67.6153846154,34.0,0.909948137671,96.0,16.1079935318,33.0
2016-09-30,4,0,19.0,29.0,1,77.0,65.3846153846,33.0,0.745582183491,96.0,18.5536165313,99.0
2016-10-01,5,1,19.0,31.0,1,78.0,66.1538461538,33.0,0.890804597701,99.0,19.6893026553,124.0
2016-10-02,6,1,20.0,34.0,1,81.0,73.0769230769,33.0,1.19014411901,124.0,22.7510322284,87.0
2016-10-03,0,1,20.0,35.0,1,81.0,75.1538461538,33.0,1.43518518519,124.0,22.6947847409,110.0
2016-10-04,1,1,19.0,33.0,1,82.0,78.8461538462,33.0,1.44986449864,124.0,24.1146178261,97.0
2016-10-05,2,1,21.0,34.0,1,83.0,81.6923076923,33.0,1.28693368352,124.0,23.9048904407,103.0
2016-10-06,3,1,19.0,29.0,1,84.0,85.1538461538,33.0,1.34899912968,124.0,23.4778001651,79.0
2016-10-07,4,1,18.0,27.0,1,84.0,85.3076923077,33.0,1.20077469335,124.0,23.4303702173,75.0
2016-10-08,5,0,20.0,23.0,0,84.0,83.6923076923,33.0,1.11617806732,124.0,23.3613244336,100.0
2016-10-09,6,0,18.0,22.0,1,86.0,84.6153846154,33.0,1.05767228815,124.0,23.7471891828,89.0
2016-10-10,0,0,15.0,19.0,0,87.0,85.9230769231,33.0,1.07975460123,124.0,23.4830922432,96.0
2016-10-11,1,0,14.0,18.0,0,87.0,88.1538461538,33.0,1.14182692308,124.0,22.9509381536,75.0
2016-10-12,2,0,14.0,17.0,0,86.0,89.7692307692,33.0,1.03236053206,124.0,21.1592999963,59.0
2016-10-13,3,0,14.0,17.0,0,84.0,91.7692307692,33.0,0.912698412698,124.0,16.3902121174,89.0
2016-10-14,4,0,15.0,17.0,0,86.0,91.0,33.0,0.878644602049,124.0,16.2670029389,68.0
2016-10-15,5,1,15.0,19.0,0,84.0,86.6923076923,33.0,0.865384615385,124.0,14.2471838804,82.0
2016-10-16,6,1,16.0,25.0,1,83.0,86.3076923077,33.0,0.960997185364,124.0,14.301073738,114.0
2016-10-17,0,0,16.0,25.0,1,84.0,86.6153846154,33.0,1.03529411765,124.0,14.840373526,79.0
2016-10-18,1,0,16.0,25.0,1,82.0,85.2307692308,33.0,1.07087227414,124.0,14.6453134859,76.0
2016-10-19,2,0,18.0,28.0,1,82.0,83.1538461538,33.0,1.03421760861,124.0,13.8721977286,80.0
2016-10-20,3,0,18.0,26.0,0,81.0,83.2307692308,33.0,0.879655624181,124.0,13.8517082876,61.0
2016-10-21,4,0,17.0,22.0,0,80.0,82.1538461538,33.0,0.829986613119,124.0,14.9504111281,73.0
2016-10-22,5,1,18.0,25.0,1,80.0,80.0769230769,33.0,0.843183609141,124.0,14.1826629726,77.0
2016-10-23,6,1,18.0,23.0,0,79.0,79.1538461538,33.0,0.836305984939,124.0,13.960637818,94.0
2016-10-24,0,0,17.0,18.0,0,79.0,79.0,33.0,0.976390556222,124.0,13.7840487521,75.0
2016-10-25,1,0,16.0,22.0,0,79.0,79.0,33.0,0.997566909976,124.0,13.7840487521,81.0
2016-10-26,2,0,16.0,18.0,0,79.0,80.6923076923,33.0,1.02753801891,124.0,12.5169707283,58.0
2016-10-27,3,0,11.0,17.0,0,78.0,78.3076923077,33.0,0.89110972309,124.0,13.6121247727,71.0
2016-10-28,4,0,9.0,13.0,0,78.0,78.5384615385,33.0,0.876643706951,124.0,13.4599999121,77.0
2016-10-29,5,1,9.0,13.0,0,78.0,78.1538461538,58.0,0.872511647607,124.0,13.4269886299,87.0
2016-10-30,6,1,12.0,17.0,0,79.0,76.0769230769,58.0,0.996607294317,124.0,9.11854862322,99.0
2016-10-31,0,0,10.0,18.0,0,79.0,77.6153846154,58.0,1.11322751323,114.0,10.9792704083,64.0
