time_stamp,dayofweek,holiday,lt,ht,sunny,m2M,w2A,m1L,d3w3,m1Lar,w2Std,pay_sum
2016-08-01,0,0,24.0,30.0,1,188.0,189.230769231,70.0,0.777863445558,260.0,54.8272164955,237.0
2016-08-02,1,0,24.0,33.0,1,189.0,189.692307692,70.0,0.794871794872,260.0,55.2008704159,218.0
2016-08-03,2,0,25.0,34.0,1,192.0,190.230769231,70.0,0.990967741935,260.0,55.4397161805,221.0
2016-08-04,3,0,25.0,33.0,1,193.0,187.538461538,70.0,1.16692559986,260.0,52.9754883589,257.0
2016-08-05,4,0,25.0,32.0,1,197.0,188.230769231,70.0,1.20238403732,260.0,53.8132866724,255.0
2016-08-06,5,1,24.0,33.0,1,197.0,199.538461538,70.0,1.22288955622,260.0,51.1447649545,112.0
2016-08-07,6,1,23.0,31.0,1,197.0,200.153846154,70.0,1.04417670683,260.0,50.0274480873,128.0
2016-08-08,0,0,24.0,32.0,1,197.0,193.230769231,97.0,0.848765432099,260.0,53.2051961692,226.0
2016-08-09,1,0,25.0,33.0,1,199.0,194.230769231,104.0,0.800068675423,260.0,53.6873482391,264.0
2016-08-10,2,0,26.0,33.0,1,199.0,197.769230769,104.0,1.04674796748,264.0,56.5755503677,236.0
2016-08-11,3,0,27.0,34.0,1,205.0,200.615384615,104.0,1.23595505618,264.0,57.4891808705,210.0
2016-08-12,4,0,25.0,29.0,0,206.0,199.384615385,104.0,1.22056042634,264.0,57.1025238046,296.0
2016-08-13,5,1,24.0,31.0,0,209.0,213.923076923,104.0,1.21659288408,296.0,55.774906873,118.0
2016-08-14,6,1,24.0,33.0,1,209.0,213.692307692,104.0,1.01960784314,296.0,56.1637504437,121.0
2016-08-15,0,0,21.0,29.0,0,209.0,204.769230769,104.0,0.895472424471,296.0,60.7772146654,274.0
2016-08-16,1,0,23.0,31.0,1,209.0,209.076923077,104.0,0.845697329377,296.0,63.4864752871,270.0
2016-08-17,2,0,23.0,28.0,0,210.0,212.846153846,104.0,1.08235677083,296.0,65.5049571276,262.0
2016-08-18,3,0,22.0,24.0,0,211.0,213.230769231,104.0,1.29197723812,296.0,65.7771925006,270.0
2016-08-19,4,0,22.0,32.0,1,211.0,214.384615385,104.0,1.272107225,296.0,66.6258652264,303.0
2016-08-20,5,1,23.0,31.0,1,212.0,229.076923077,104.0,1.26543911495,303.0,63.4100957,101.0
2016-08-21,6,1,23.0,34.0,1,212.0,227.0,101.0,1.02610946183,303.0,67.0258273986,127.0
2016-08-22,0,0,23.0,32.0,1,211.0,219.384615385,101.0,0.829234012649,303.0,72.1361303493,249.0
2016-08-23,1,0,24.0,30.0,0,211.0,218.230769231,101.0,0.739534883721,303.0,71.5306860952,264.0
2016-08-24,2,0,24.0,31.0,0,212.0,220.384615385,101.0,0.982423823778,303.0,72.4489618353,245.0
2016-08-25,3,0,18.0,30.0,1,213.0,223.076923077,101.0,1.16678211345,303.0,72.6630384705,251.0
2016-08-26,4,0,17.0,29.0,1,216.0,219.615384615,101.0,1.17094214621,303.0,70.1345283794,274.0
2016-08-27,5,1,20.0,32.0,1,218.0,231.615384615,101.0,1.14353605109,303.0,64.8697374762,110.0
2016-08-28,6,1,18.0,31.0,1,218.0,230.769230769,101.0,0.946842615373,303.0,66.3616592807,125.0
2016-08-29,0,0,19.0,31.0,1,218.0,219.307692308,101.0,0.7765064836,303.0,70.634905966,227.0
2016-08-30,1,0,19.0,31.0,1,218.0,216.0,101.0,0.710823909532,303.0,69.1753624438,224.0
2016-08-31,2,0,19.0,33.0,1,218.0,213.076923077,101.0,0.888683175191,303.0,67.9620499741,240.0
2016-09-01,3,0,19.0,27.0,1,221.0,210.769230769,101.0,1.05876043821,303.0,66.4832585591,254.0
2016-09-02,4,0,19.0,28.0,1,224.0,207.0,101.0,1.11085325288,303.0,62.4117838972,207.0
2016-09-03,5,1,20.0,30.0,1,224.0,215.153846154,101.0,1.06260421404,303.0,54.4466515942,63.0
2016-09-04,6,1,18.0,29.0,0,224.0,210.230769231,63.0,0.804915514593,303.0,64.2125722726,113.0
2016-09-05,0,0,20.0,31.0,1,224.0,199.769230769,63.0,0.610991465263,303.0,68.0103542413,234.0
2016-09-06,1,0,21.0,30.0,1,224.0,197.461538462,63.0,0.659747365033,303.0,66.2786836421,229.0
2016-09-07,2,0,19.0,31.0,1,226.0,196.230769231,63.0,0.934306569343,303.0,65.5288002991,225.0
2016-09-08,3,0,18.0,31.0,1,226.0,194.230769231,63.0,1.12833128331,303.0,64.2101763396,231.0
2016-09-09,4,0,19.0,31.0,1,226.0,190.923076923,63.0,1.14366808582,303.0,61.0453318803,224.0
2016-09-10,5,1,18.0,30.0,1,226.0,199.692307692,63.0,1.10139293813,303.0,56.8336095246,112.0
2016-09-11,6,1,18.0,25.0,0,225.0,198.692307692,63.0,0.921726408193,303.0,58.2361038101,114.0
2016-09-12,0,0,18.0,27.0,1,224.0,190.0,63.0,0.756429652042,303.0,61.6927872607,208.0
2016-09-13,1,0,19.0,27.0,1,224.0,188.769230769,63.0,0.739982949702,303.0,61.1595062693,261.0
2016-09-14,2,0,20.0,30.0,1,224.0,190.384615385,63.0,0.989981321107,303.0,62.7480167772,237.0
2016-09-15,3,1,21.0,30.0,1,225.0,189.076923077,63.0,1.20313565099,303.0,61.5747969652,67.0
2016-09-16,4,1,20.0,30.0,0,225.0,178.307692308,63.0,1.01664417454,303.0,69.2613607625,58.0
2016-09-17,5,1,17.0,24.0,1,224.0,177.923076923,58.0,0.660644219363,303.0,69.9114401758,64.0
2016-09-18,6,0,15.0,22.0,0,224.0,174.153846154,58.0,0.350779510022,274.0,74.4816406432,180.0
2016-09-19,0,0,13.0,25.0,1,224.0,170.0,58.0,0.567936060179,274.0,72.5078245115,187.0
2016-09-20,1,0,14.0,26.0,1,221.0,166.769230769,58.0,0.819080197643,274.0,70.7206354894,213.0
2016-09-21,2,0,16.0,23.0,0,221.0,165.846153846,58.0,1.11079191803,274.0,70.029495054,223.0
2016-09-22,3,0,17.0,26.0,0,223.0,165.230769231,58.0,1.2038647343,274.0,69.4873024883,255.0
2016-09-23,4,0,19.0,27.0,1,224.0,167.615384615,58.0,1.31694301506,274.0,71.9514135869,241.0
2016-09-24,5,1,20.0,29.0,1,224.0,177.538461538,58.0,1.30395357272,274.0,72.4904400961,121.0
2016-09-25,6,1,19.0,27.0,1,224.0,178.076923077,58.0,1.11653999276,261.0,72.0410796682,111.0
2016-09-26,0,0,19.0,24.0,0,224.0,170.615384615,58.0,0.885519048956,261.0,73.5626770558,232.0
2016-09-27,1,0,12.0,23.0,1,224.0,168.384615385,58.0,0.867938645716,261.0,71.1893882126,228.0
2016-09-28,2,0,10.0,20.0,1,225.0,167.692307692,58.0,1.06718998224,261.0,70.5597233286,219.0
2016-09-29,3,0,12.0,22.0,1,225.0,179.384615385,58.0,1.27332395687,261.0,65.3034790704,206.0
2016-09-30,4,0,14.0,24.0,1,224.0,190.769230769,58.0,1.23079822825,261.0,55.2813139193,204.0
2016-10-01,5,1,15.0,26.0,1,224.0,201.538461538,58.0,1.15550656747,261.0,41.4406255236,69.0
2016-10-02,6,1,16.0,26.0,1,224.0,193.0,58.0,0.89099702381,261.0,54.4058820349,75.0
2016-10-03,0,1,16.0,28.0,1,224.0,184.384615385,58.0,0.672268907563,261.0,62.8814983937,56.0
2016-10-04,1,1,11.0,19.0,0,223.0,172.307692308,56.0,0.410761963442,261.0,70.8035034068,64.0
2016-10-05,2,1,13.0,21.0,1,223.0,160.076923077,56.0,0.423039375203,261.0,74.6205390765,69.0
2016-10-06,3,1,14.0,17.0,0,223.0,145.769230769,56.0,0.409756097561,261.0,72.8593522281,82.0
2016-10-07,4,1,12.0,16.0,0,219.0,133.538461538,56.0,0.462514789717,261.0,69.0948237899,86.0
2016-10-08,5,0,5.0,19.0,1,213.0,130.846153846,56.0,0.506247997437,261.0,70.203929491,207.0
2016-10-09,6,0,8.0,18.0,1,210.0,138.230769231,56.0,0.79415501906,261.0,72.7314912709,205.0
2016-10-10,0,0,10.0,20.0,1,208.0,136.153846154,56.0,1.04864181933,261.0,70.3713732814,214.0
2016-10-11,1,0,10.0,20.0,1,208.0,135.076923077,56.0,1.31775602568,261.0,69.0523341537,231.0
2016-10-12,2,0,10.0,19.0,1,213.0,136.0,56.0,1.36482939633,261.0,70.2380567455,245.0
2016-10-13,3,0,12.0,22.0,1,214.0,139.0,56.0,1.45339652449,255.0,73.9011814208,236.0
2016-10-14,4,0,13.0,23.0,1,214.0,141.461538462,56.0,1.50210970464,255.0,76.5120557465,253.0
2016-10-15,5,1,11.0,17.0,0,214.0,155.615384615,56.0,1.48643175375,255.0,78.7835774194,127.0
2016-10-16,6,1,12.0,20.0,1,213.0,159.615384615,56.0,1.24143490528,255.0,75.8546570362,123.0
2016-10-17,0,0,9.0,21.0,1,208.0,164.769230769,56.0,1.04824424299,255.0,70.7434735736,237.0
2016-10-18,1,0,12.0,20.0,1,208.0,178.076923077,56.0,1.01205320033,255.0,66.6915535402,249.0
2016-10-19,2,0,14.0,22.0,1,213.0,191.923076923,56.0,1.25386040766,255.0,61.055411829,266.0
2016-10-20,3,0,11.0,15.0,0,214.0,206.076923077,56.0,1.52011319992,266.0,54.9551726948,267.0
2016-10-21,4,0,11.0,11.0,0,214.0,220.0,56.0,1.55112565705,267.0,44.7505908857,289.0
2016-10-22,5,1,7.0,15.0,1,214.0,226.307692308,56.0,1.53029879922,289.0,48.1254524301,104.0
2016-10-23,6,1,0.0,5.0,1,213.0,218.538461538,56.0,1.2188365651,289.0,58.064440839,153.0
2016-10-24,0,0,6.0,13.0,1,208.0,213.846153846,56.0,0.981926085784,289.0,60.6488583872,289.0
2016-10-25,1,0,10.0,17.0,1,208.0,218.307692308,56.0,0.925737538149,289.0,63.7982211175,264.0
2016-10-26,2,0,0.0,10.0,1,213.0,219.769230769,56.0,1.14045715209,289.0,64.6054937485,261.0
2016-10-27,3,0,7.0,11.0,0,214.0,221.692307692,56.0,1.26025700573,289.0,65.4268641784,256.0
2016-10-28,4,0,2.0,13.0,1,214.0,221.923076923,56.0,1.16324098898,289.0,65.542072851,278.0
2016-10-29,5,1,2.0,12.0,1,214.0,233.538461538,56.0,1.16560369474,289.0,60.9067577211,134.0
2016-10-30,6,1,2.0,13.0,1,213.0,234.384615385,56.0,0.994935954721,289.0,59.423562358,131.0
2016-10-31,0,0,-4.0,6.0,1,208.0,226.230769231,56.0,0.824038242659,289.0,65.4700798911,242.0
