time_stamp,dayofweek,holiday,lt,ht,sunny,m2M,w2A,m1L,d3w3,m1Lar,w2Std,pay_sum
2016-08-01,0,0,28.0,34.0,1,3.0,46.6153846154,2.0,0.719030871434,76.0,24.9508392384,96.0
2016-08-02,1,0,28.0,34.0,0,3.0,50.1538461538,2.0,0.858085808581,96.0,28.2266817414,67.0
2016-08-03,2,0,26.0,32.0,0,3.0,51.0769230769,2.0,1.21341898644,96.0,28.5642636832,63.0
2016-08-04,3,0,27.0,32.0,0,3.0,50.7692307692,2.0,1.58931082982,96.0,28.4122233884,56.0
2016-08-05,4,0,27.0,33.0,0,3.0,50.9230769231,2.0,1.29571577847,96.0,28.4347066871,54.0
2016-08-06,5,1,27.0,33.0,1,3.0,54.2307692308,2.0,1.1464546057,96.0,25.9945374325,9.0
2016-08-07,6,1,27.0,34.0,1,4.0,54.0769230769,2.0,0.784701615562,96.0,26.2545572263,3.0
2016-08-08,0,0,27.0,34.0,0,4.0,48.4615384615,3.0,0.461215932914,96.0,28.6614600106,67.0
2016-08-09,1,0,28.0,34.0,1,5.0,48.2307692308,3.0,0.542396155166,96.0,28.4987283013,69.0
2016-08-10,2,0,28.0,34.0,1,7.0,48.7692307692,3.0,0.940778341794,96.0,28.8181402436,87.0
2016-08-11,3,0,28.0,35.0,1,9.0,51.0,3.0,1.47927031509,96.0,30.518594584,75.0
2016-08-12,4,0,28.0,34.0,1,9.0,51.3076923077,3.0,1.50097465887,96.0,30.7380611355,77.0
2016-08-13,5,1,28.0,35.0,1,11.0,56.1538461538,3.0,1.4590964591,96.0,29.4117876784,19.0
2016-08-14,6,1,28.0,36.0,1,11.0,57.0769230769,3.0,1.03636363636,96.0,28.0095081067,17.0
2016-08-15,0,0,28.0,35.0,1,14.0,51.0,3.0,0.723663144412,96.0,27.470263643,94.0
2016-08-16,1,0,28.0,35.0,1,17.0,53.0769230769,3.0,0.813771517997,96.0,29.5438696972,82.0
2016-08-17,2,0,28.0,35.0,1,19.0,54.5384615385,3.0,1.18586789555,96.0,30.4545446517,75.0
2016-08-18,3,0,28.0,36.0,1,19.0,56.0,3.0,1.51845130067,96.0,30.9416323969,79.0
2016-08-19,4,0,29.0,36.0,1,37.0,57.9230769231,3.0,1.41741741742,96.0,31.5288916062,69.0
2016-08-20,5,1,28.0,37.0,0,40.0,62.5384615385,3.0,1.27610872675,96.0,28.2505694554,9.0
2016-08-21,6,1,28.0,35.0,0,40.0,63.0,3.0,0.896886603827,96.0,27.3073672787,5.0
2016-08-22,0,0,28.0,35.0,1,40.0,58.2307692308,3.0,0.514250309789,96.0,31.3127004121,84.0
2016-08-23,1,0,26.0,34.0,1,42.0,59.3846153846,3.0,0.597743214395,96.0,31.9579975823,77.0
2016-08-24,2,0,26.0,34.0,1,47.0,58.6153846154,3.0,0.999698885878,96.0,31.3995062713,67.0
2016-08-25,3,0,27.0,35.0,1,49.0,58.0,3.0,1.3595706619,96.0,31.1497623154,71.0
2016-08-26,4,0,26.0,34.0,0,49.0,57.5384615385,3.0,1.26284875184,96.0,30.908339389,68.0
2016-08-27,5,1,23.0,31.0,1,50.0,61.3076923077,3.0,1.15019542155,96.0,28.9013830262,16.0
2016-08-28,6,1,22.0,30.0,1,50.0,61.2307692308,3.0,0.856117094725,96.0,29.0202948778,5.0
2016-08-29,0,0,23.0,31.0,1,50.0,54.3846153846,3.0,0.518195050946,96.0,30.9181013984,88.0
2016-08-30,1,0,23.0,31.0,1,54.0,54.8461538462,3.0,0.624284077892,96.0,31.3683970161,98.0
2016-08-31,2,0,25.0,34.0,1,54.0,56.6153846154,3.0,1.08368794326,98.0,33.0583131906,69.0
2016-09-01,3,0,26.0,33.0,1,55.0,55.8461538462,3.0,1.45423438837,98.0,32.6422240802,85.0
2016-09-02,4,0,25.0,34.0,1,56.0,57.0769230769,3.0,1.42735768904,98.0,33.4076489133,79.0
2016-09-03,5,1,25.0,35.0,1,58.0,62.4615384615,3.0,1.25572621935,98.0,30.7611527858,12.0
2016-09-04,6,1,25.0,33.0,1,58.0,63.0,3.0,0.952380952381,98.0,29.7967473702,18.0
2016-09-05,0,0,25.0,30.0,0,58.0,57.9230769231,3.0,0.62860438293,98.0,31.3674538298,77.0
2016-09-06,1,0,22.0,27.0,0,60.0,57.9230769231,5.0,0.619750941211,98.0,31.3674538298,78.0
2016-09-07,2,0,20.0,24.0,0,62.0,58.7692307692,5.0,0.999422299249,98.0,31.7469655634,64.0
2016-09-08,3,0,22.0,29.0,1,63.0,58.2307692308,5.0,1.2818261633,98.0,31.5939474392,64.0
2016-09-09,4,0,23.0,31.0,1,64.0,57.9230769231,5.0,1.21105232216,98.0,31.5166904219,58.0
2016-09-10,5,1,24.0,29.0,1,64.0,61.1538461538,5.0,1.04818258664,98.0,29.1147495104,12.0
2016-09-11,6,1,23.0,26.0,0,64.0,61.6923076923,5.0,0.750700280112,98.0,28.1189359012,10.0
2016-09-12,0,0,23.0,29.0,1,64.0,55.6923076923,5.0,0.477897252091,98.0,30.1161459772,87.0
2016-09-13,1,0,23.0,30.0,1,64.0,54.8461538462,5.0,0.645352279455,98.0,29.0512707357,79.0
2016-09-14,2,0,22.0,24.0,0,67.0,55.6153846154,5.0,1.03104862332,98.0,29.5440699804,68.0
2016-09-15,3,1,23.0,26.0,0,67.0,54.3076923077,5.0,1.37444933921,98.0,28.5748265097,6.0
2016-09-16,4,1,23.0,27.0,0,67.0,48.6923076923,5.0,0.950605778192,98.0,30.2918740446,7.0
2016-09-17,5,1,23.0,27.0,0,67.0,48.3076923077,5.0,0.507518796992,98.0,30.7830738091,7.0
2016-09-18,6,0,23.0,28.0,0,67.0,47.4615384615,5.0,0.125078173859,98.0,31.7408142608,78.0
2016-09-19,0,0,21.0,27.0,0,67.0,47.5384615385,5.0,0.580808080808,98.0,31.813435441,86.0
2016-09-20,1,0,20.0,26.0,1,67.0,48.1538461538,5.0,1.09195402299,98.0,32.4673709671,80.0
2016-09-21,2,0,20.0,27.0,1,68.0,49.3846153846,5.0,1.54186413902,98.0,33.3363706703,71.0
2016-09-22,3,0,21.0,27.0,1,68.0,49.9230769231,5.0,1.51777137368,98.0,33.6233928148,73.0
2016-09-23,4,0,21.0,27.0,1,68.0,51.0769230769,5.0,1.44283413849,98.0,34.1342632701,86.0
2016-09-24,5,1,22.0,28.0,1,68.0,56.7692307692,5.0,1.38262699128,98.0,33.3031618877,10.0
2016-09-25,6,1,23.0,29.0,1,68.0,56.7692307692,5.0,1.02331214048,98.0,33.3031618877,12.0
2016-09-26,0,0,24.0,31.0,1,68.0,51.0,5.0,0.694980694981,98.0,34.0542553537,101.0
2016-09-27,1,0,25.0,30.0,0,68.0,52.6923076923,6.0,0.774315391879,101.0,35.9002562995,72.0
2016-09-28,2,0,22.0,28.0,0,69.0,53.0,6.0,1.15588878475,101.0,36.0469778953,91.0
2016-09-29,3,0,22.0,25.0,0,69.0,59.5384615385,6.0,1.60877513711,101.0,34.6090592511,91.0
2016-09-30,4,0,23.0,28.0,0,69.0,66.0,6.0,1.5025140491,101.0,31.9350301995,73.0
2016-10-01,5,1,24.0,29.0,0,69.0,71.0769230769,6.0,1.43097643098,101.0,27.0198261637,7.0
2016-10-02,6,1,24.0,32.0,1,69.0,65.6153846154,6.0,0.962025316456,101.0,31.8180849918,7.0
2016-10-03,0,1,22.0,26.0,1,69.0,59.5384615385,6.0,0.524886877828,101.0,34.7532298103,6.0
2016-10-04,1,1,22.0,26.0,1,69.0,53.8461538462,6.0,0.129198966408,101.0,36.9278843024,5.0
2016-10-05,2,1,22.0,27.0,1,69.0,48.7692307692,5.0,0.123839009288,101.0,38.714246724,7.0
2016-10-06,3,1,22.0,26.0,0,69.0,43.6923076923,5.0,0.123711340206,101.0,39.5228942715,6.0
2016-10-07,4,1,20.0,25.0,0,69.0,37.5384615385,5.0,0.123839009288,101.0,38.6754053922,10.0
2016-10-08,5,0,17.0,22.0,0,69.0,37.5384615385,5.0,0.157750342936,101.0,38.6754053922,119.0
2016-10-09,6,0,18.0,22.0,1,69.0,45.7692307692,5.0,0.888450148075,119.0,43.4549348285,91.0
2016-10-10,0,0,18.0,22.0,1,69.0,45.0,5.0,1.44073346431,119.0,42.5495186631,94.0
2016-10-11,1,0,19.0,25.0,1,69.0,46.6923076923,5.0,1.96382428941,119.0,44.0024205897,86.0
2016-10-12,2,0,19.0,23.0,1,71.0,46.3076923077,5.0,1.72556510665,119.0,43.6337635948,93.0
2016-10-13,3,0,19.0,23.0,1,71.0,46.4615384615,5.0,1.70571696345,119.0,43.7943013234,81.0
2016-10-14,4,0,19.0,23.0,0,71.0,47.0769230769,5.0,1.63214061519,119.0,44.21705473,73.0
2016-10-15,5,1,21.0,25.0,1,71.0,52.1538461538,5.0,1.4637037037,119.0,43.0988954951,3.0
2016-10-16,6,1,20.0,26.0,1,71.0,51.8461538462,3.0,0.937873357228,119.0,43.4331425276,16.0
2016-10-17,0,0,20.0,25.0,1,69.0,52.6153846154,3.0,0.594891690915,119.0,42.6966733735,111.0
2016-10-18,1,0,20.0,25.0,1,71.0,60.7692307692,3.0,0.809968847352,119.0,42.9456791883,109.0
2016-10-19,2,0,20.0,24.0,0,71.0,68.6153846154,3.0,1.44607843137,119.0,41.7050789409,83.0
2016-10-20,3,0,20.0,23.0,0,72.0,74.5384615385,3.0,1.87037037037,119.0,37.6637254267,118.0
2016-10-21,4,0,0.0,21.0,0,72.0,82.8461538462,3.0,1.83703703704,119.0,34.2700725097,103.0
2016-10-22,5,1,19.0,23.0,0,72.0,81.6153846154,3.0,1.65984165984,119.0,33.2207962243,8.0
2016-10-23,6,1,18.0,23.0,1,72.0,75.2307692308,3.0,1.24931805783,119.0,38.3789883343,5.0
2016-10-24,0,0,20.0,24.0,1,72.0,68.3846153846,3.0,0.633360633361,119.0,42.1709678872,106.0
2016-10-25,1,0,18.0,22.0,1,73.0,69.9230769231,3.0,0.600100857287,119.0,43.1392406382,118.0
2016-10-26,2,0,19.0,21.0,0,73.0,71.8461538462,3.0,1.06536403815,119.0,44.6556847167,102.0
2016-10-27,3,0,18.0,22.0,0,73.0,73.4615384615,3.0,1.42140832788,119.0,45.3323036198,116.0
2016-10-28,4,0,15.0,20.0,0,73.0,76.7692307692,3.0,1.37003058104,119.0,46.7253083229,86.0
2016-10-29,5,1,13.0,17.0,1,73.0,83.1538461538,3.0,1.26508531003,119.0,41.5985320633,11.0
2016-10-30,6,1,14.0,18.0,1,73.0,82.7692307692,3.0,0.932982917214,119.0,42.2358831148,9.0
2016-10-31,0,0,13.0,17.0,0,73.0,74.9230769231,3.0,0.491765251682,119.0,45.6027353067,110.0
