time_stamp,dayofweek,holiday,lt,ht,sunny,m2M,w2A,m1L,d3w3,m1Lar,w2Std,pay_sum
2016-08-01,0,0,23.0,33.0,0,51.0,78.7692307692,40.0,1.22105263158,104.0,11.0533938133,62.0
2016-08-02,1,0,22.0,32.0,1,52.0,78.3076923077,40.0,1.08234196408,104.0,11.6049367173,80.0
2016-08-03,2,0,22.0,30.0,0,54.0,78.3846153846,49.0,1.05479452055,104.0,11.6125824434,75.0
2016-08-04,3,0,21.0,32.0,1,54.0,77.8461538462,49.0,0.976817465676,104.0,11.5947345732,67.0
2016-08-05,4,0,22.0,31.0,0,57.0,76.8461538462,49.0,0.9979770735,104.0,11.9218361637,75.0
2016-08-06,5,1,23.0,32.0,0,58.0,77.6153846154,49.0,0.967670011148,104.0,11.4457816317,81.0
2016-08-07,6,1,22.0,31.0,0,58.0,75.8461538462,49.0,0.981298129813,104.0,8.67220275315,78.0
2016-08-08,0,0,22.0,30.0,0,59.0,76.2307692308,49.0,1.01167315175,104.0,8.64828881388,87.0
2016-08-09,1,0,22.0,32.0,0,59.0,77.0,49.0,1.05060858424,104.0,9.11465430375,70.0
2016-08-10,2,0,22.0,31.0,1,60.0,77.6923076923,49.0,1.00945017182,104.0,8.16544892906,67.0
2016-08-11,3,0,23.0,34.0,1,61.0,77.1538461538,49.0,0.97158967686,104.0,8.6098883567,75.0
2016-08-12,4,0,24.0,34.0,0,61.0,75.9230769231,51.0,0.922541340296,104.0,7.63052108778,85.0
2016-08-13,5,1,23.0,34.0,0,61.0,76.2307692308,51.0,0.975085910653,104.0,7.90475850995,72.0
2016-08-14,6,1,25.0,34.0,0,62.0,74.9230769231,51.0,1.01754385965,104.0,7.04339885678,102.0
2016-08-15,0,0,24.0,33.0,0,63.0,78.0,51.0,1.1146976544,104.0,9.14834999835,67.0
2016-08-16,1,0,24.0,33.0,1,64.0,77.0,51.0,1.04396794455,104.0,9.57561004283,87.0
2016-08-17,2,0,25.0,34.0,1,65.0,77.9230769231,61.0,1.09052183174,104.0,9.9108451744,82.0
2016-08-18,3,0,23.0,34.0,1,65.0,79.0769230769,61.0,1.0002119093,104.0,9.433667518,88.0
2016-08-19,4,0,23.0,34.0,1,67.0,80.0769230769,61.0,1.09129511677,104.0,9.63536385854,79.0
2016-08-20,5,1,24.0,34.0,1,67.0,79.9230769231,61.0,1.05867346939,104.0,9.63536385854,93.0
2016-08-21,6,1,25.0,34.0,1,67.0,81.0769230769,61.0,1.1026293469,104.0,10.2165893636,91.0
2016-08-22,0,0,25.0,34.0,0,68.0,81.3846153846,61.0,1.09514886529,104.0,10.4479549824,89.0
2016-08-23,1,0,25.0,34.0,0,70.0,82.8461538462,61.0,1.13043478261,102.0,10.0754549723,103.0
2016-08-24,2,0,25.0,36.0,0,70.0,85.6153846154,61.0,1.15181115181,103.0,10.2847045621,96.0
2016-08-25,3,0,22.0,34.0,1,72.0,87.2307692308,61.0,1.15176964607,103.0,10.1386833173,90.0
2016-08-26,4,0,22.0,30.0,1,72.0,87.6153846154,62.0,1.14546175188,103.0,10.141601008,94.0
2016-08-27,5,1,21.0,29.0,1,73.0,89.3076923077,62.0,1.10127826942,103.0,9.18514365186,93.0
2016-08-28,6,1,22.0,30.0,1,74.0,88.6153846154,62.0,1.07992202729,103.0,8.51729879118,91.0
2016-08-29,0,0,20.0,24.0,0,75.0,90.4615384615,62.0,1.08129132633,103.0,5.79940825384,91.0
2016-08-30,1,0,18.0,26.0,0,75.0,90.7692307692,62.0,1.05667627281,103.0,5.71305988542,85.0
2016-08-31,2,0,19.0,26.0,0,75.0,91.0,67.0,1.01540216771,103.0,5.40654873563,79.0
2016-09-01,3,0,17.0,29.0,1,77.0,90.3076923077,67.0,0.967558338076,103.0,6.25588480349,79.0
2016-09-02,4,0,20.0,30.0,1,78.0,90.3076923077,67.0,0.925185608224,103.0,6.25588480349,80.0
2016-09-03,5,1,20.0,27.0,0,79.0,89.3076923077,67.0,0.902027667235,103.0,6.76398398061,85.0
2016-09-04,6,1,20.0,24.0,1,79.0,88.8461538462,67.0,0.933792575584,103.0,6.8370726287,94.0
2016-09-05,0,0,19.0,22.0,0,79.0,89.2307692308,67.0,0.976069342378,103.0,6.97417043486,75.0
2016-09-06,1,0,19.0,27.0,1,79.0,87.0769230769,67.0,0.963763991652,103.0,6.70776287895,69.0
2016-09-07,2,0,20.0,25.0,1,79.0,85.0,67.0,0.909785932722,103.0,7.72607971046,71.0
2016-09-08,3,0,19.0,25.0,1,79.0,83.5384615385,67.0,0.829955607026,103.0,8.40892734964,80.0
2016-09-09,4,0,20.0,29.0,1,79.0,82.4615384615,67.0,0.848765432099,103.0,7.88001742106,87.0
2016-09-10,5,1,18.0,29.0,1,80.0,82.0,67.0,0.921409214092,103.0,7.4110105197,107.0
2016-09-11,6,1,19.0,32.0,1,80.0,83.2307692308,67.0,1.05101649405,107.0,9.75983800428,105.0
2016-09-12,0,0,19.0,28.0,1,80.0,84.3076923077,67.0,1.136450019,107.0,11.2207542279,71.0
2016-09-13,1,0,19.0,25.0,0,80.0,83.2307692308,67.0,1.09562524197,107.0,11.7614353268,57.0
2016-09-14,2,0,18.0,21.0,0,80.0,81.5384615385,57.0,0.922955040602,107.0,13.6754433741,59.0
2016-09-15,3,1,18.0,28.0,1,80.0,80.0,57.0,0.754640839387,107.0,14.9409092505,70.0
2016-09-16,4,1,19.0,26.0,1,80.0,79.2307692308,57.0,0.761670761671,107.0,15.176671603,82.0
2016-09-17,5,1,20.0,25.0,0,80.0,79.0,57.0,0.869923727067,107.0,15.1098541458,77.0
2016-09-18,6,0,18.0,23.0,0,80.0,77.6923076923,57.0,0.952380952381,107.0,14.477487114,70.0
2016-09-19,0,0,17.0,23.0,0,80.0,77.3076923077,57.0,0.965023177413,107.0,14.6097154997,66.0
2016-09-20,1,0,17.0,24.0,0,80.0,77.0769230769,57.0,0.908509277031,107.0,14.7620174693,69.0
2016-09-21,2,0,18.0,27.0,1,80.0,76.9230769231,57.0,0.880017171067,107.0,14.8347903901,70.0
2016-09-22,3,0,19.0,26.0,0,80.0,76.1538461538,57.0,0.885146804836,107.0,14.9143511365,58.0
2016-09-23,4,0,18.0,22.0,0,80.0,73.9230769231,57.0,0.862899693386,107.0,15.2893202468,93.0
2016-09-24,5,1,18.0,24.0,1,80.0,72.8461538462,57.0,0.962962962963,107.0,13.2829917497,89.0
2016-09-25,6,1,18.0,24.0,1,80.0,71.6153846154,57.0,1.04918032787,107.0,10.7455784219,102.0
2016-09-26,0,0,19.0,25.0,1,81.0,74.0,57.0,1.21993127148,107.0,13.4450448407,89.0
2016-09-27,1,0,19.0,26.0,1,81.0,76.4615384615,57.0,1.18744698897,107.0,13.0302333919,74.0
2016-09-28,2,0,19.0,28.0,1,80.0,77.6153846154,57.0,1.12169312169,107.0,12.0609889985,129.0
2016-09-29,3,0,18.0,26.0,1,80.0,82.1538461538,57.0,1.1986863711,129.0,17.9865169752,97.0
2016-09-30,4,0,19.0,28.0,1,81.0,83.3076923077,57.0,1.22399020808,129.0,18.4156480927,112.0
2016-10-01,5,1,19.0,30.0,1,82.0,86.0,57.0,1.37482204596,129.0,19.8028746942,106.0
2016-10-02,6,1,19.0,32.0,1,82.0,88.7692307692,57.0,1.28048780488,129.0,19.8887438059,84.0
2016-10-03,0,1,20.0,29.0,1,84.0,90.1538461538,57.0,1.21798749748,129.0,18.8550999175,90.0
2016-10-04,1,1,18.0,27.0,0,85.0,91.7692307692,57.0,1.10715697904,129.0,17.8461538462,72.0
2016-10-05,2,1,18.0,23.0,1,85.0,91.9230769231,57.0,0.965273690406,129.0,17.6655315775,68.0
2016-10-06,3,1,19.0,24.0,0,85.0,92.6923076923,57.0,0.903555293655,129.0,16.3395914429,80.0
2016-10-07,4,1,18.0,22.0,0,84.0,91.6923076923,57.0,0.86529006883,129.0,16.6843298908,71.0
2016-10-08,5,0,14.0,20.0,0,84.0,90.3076923077,57.0,0.864416814683,129.0,17.5735142293,77.0
2016-10-09,6,0,15.0,19.0,0,84.0,88.3846153846,57.0,0.896226415094,129.0,17.5566707092,102.0
2016-10-10,0,0,14.0,18.0,0,85.0,89.3846153846,57.0,0.962278675905,129.0,17.9295135355,74.0
2016-10-11,1,0,15.0,18.0,0,84.0,89.3846153846,57.0,0.971022836308,129.0,17.9295135355,82.0
2016-10-12,2,0,14.0,17.0,0,84.0,85.7692307692,57.0,0.983419096627,129.0,13.8517082876,79.0
2016-10-13,3,0,15.0,20.0,1,82.0,84.3846153846,58.0,0.885122410546,129.0,13.5563692753,81.0
2016-10-14,4,0,15.0,19.0,0,82.0,82.0,58.0,0.917709518392,129.0,10.9684863271,89.0
2016-10-15,5,1,15.0,21.0,1,82.0,80.6923076923,58.0,0.94425483504,129.0,8.8351101633,92.0
2016-10-16,6,1,15.0,24.0,0,84.0,81.3076923077,58.0,0.999237223494,129.0,9.30991708948,77.0
2016-10-17,0,0,15.0,24.0,1,82.0,80.3076923077,58.0,0.990783410138,129.0,9.01609343499,60.0
2016-10-18,1,0,16.0,22.0,1,82.0,79.3846153846,58.0,0.886566008517,129.0,10.3369275419,62.0
2016-10-19,2,0,16.0,21.0,1,82.0,78.9230769231,58.0,0.801611278953,129.0,10.9506693751,54.0
2016-10-20,3,0,17.0,24.0,1,81.0,76.9230769231,54.0,0.727874276261,129.0,12.7909916526,56.0
2016-10-21,4,0,18.0,22.0,0,80.0,75.7692307692,54.0,0.736932305056,129.0,13.9015983926,95.0
2016-10-22,5,1,17.0,22.0,0,80.0,77.1538461538,54.0,0.884573894283,129.0,14.8212225897,83.0
2016-10-23,6,1,16.0,21.0,0,80.0,75.6923076923,54.0,1.0103626943,129.0,13.1405690978,89.0
2016-10-24,0,0,17.0,22.0,1,80.0,76.8461538462,54.0,1.15359688918,129.0,13.5921139684,61.0
2016-10-25,1,0,15.0,21.0,1,80.0,75.2307692308,54.0,1.01392515231,129.0,14.1211998082,69.0
2016-10-26,2,0,15.0,21.0,0,80.0,74.4615384615,54.0,0.952380952381,129.0,14.167217764,82.0
2016-10-27,3,0,13.0,21.0,1,80.0,74.5384615385,54.0,0.920738327904,129.0,14.2051744885,75.0
2016-10-28,4,0,8.0,16.0,0,79.0,73.4615384615,54.0,0.978990686593,112.0,13.5851467794,77.0
2016-10-29,5,1,11.0,15.0,1,79.0,72.3076923077,54.0,1.01364522417,112.0,12.5599155765,88.0
2016-10-30,6,1,11.0,17.0,1,79.0,73.1538461538,54.0,1.04918032787,106.0,13.2016674579,104.0
2016-10-31,0,0,11.0,19.0,1,80.0,76.5384615385,54.0,1.15326902465,104.0,14.9234734285,68.0
