time_stamp,dayofweek,holiday,lt,ht,sunny,m2M,w2A,m1L,d3w3,m1Lar,w2Std,pay_sum
2016-08-01,0,0,28.0,34.0,1,89.0,104.230769231,65.0,0.79269236724,147.0,26.2214059535,94.0
2016-08-02,1,0,28.0,34.0,0,89.0,102.692307692,65.0,0.722588752749,147.0,26.1897942994,136.0
2016-08-03,2,0,26.0,32.0,0,89.0,104.230769231,65.0,0.924369747899,147.0,27.4818929091,137.0
2016-08-04,3,0,27.0,32.0,0,89.0,104.615384615,65.0,1.14759224515,147.0,27.8996511187,144.0
2016-08-05,4,0,27.0,33.0,0,89.0,105.461538462,65.0,1.30577736026,147.0,28.8966737096,138.0
2016-08-06,5,1,27.0,33.0,1,89.0,110.923076923,65.0,1.27549467275,147.0,27.8000042569,65.0
2016-08-07,6,1,27.0,34.0,1,89.0,110.923076923,65.0,1.0606755311,147.0,27.8000042569,80.0
2016-08-08,0,0,27.0,34.0,0,89.0,106.923076923,65.0,0.877927718319,147.0,28.2174565131,105.0
2016-08-09,1,0,28.0,34.0,1,89.0,106.923076923,65.0,0.778816199377,147.0,28.2174565131,171.0
2016-08-10,2,0,28.0,34.0,1,89.0,111.769230769,65.0,1.08124525437,171.0,32.9921991856,153.0
2016-08-11,3,0,28.0,35.0,1,89.0,113.769230769,65.0,1.29061371841,171.0,34.6035877334,157.0
2016-08-12,4,0,28.0,34.0,1,89.0,116.615384615,65.0,1.43154761905,171.0,36.4703007972,171.0
2016-08-13,5,1,28.0,35.0,1,89.0,124.461538462,65.0,1.36803185438,171.0,36.3542725975,93.0
2016-08-14,6,1,28.0,36.0,1,89.0,126.461538462,65.0,1.1832490163,171.0,33.7607313642,80.0
2016-08-15,0,0,28.0,35.0,1,89.0,125.384615385,65.0,0.988505747126,171.0,34.9802987662,149.0
2016-08-16,1,0,28.0,35.0,1,89.0,126.384615385,65.0,0.908065425832,171.0,35.4521095424,140.0
2016-08-17,2,0,28.0,35.0,1,89.0,126.615384615,65.0,1.02671118531,171.0,35.5301355548,149.0
2016-08-18,3,0,28.0,36.0,1,89.0,127.0,65.0,1.20760959471,171.0,35.7426700393,114.0
2016-08-19,4,0,29.0,36.0,1,89.0,125.153846154,65.0,1.1138750691,171.0,35.7466429921,180.0
2016-08-20,5,1,28.0,37.0,0,93.0,134.0,65.0,1.17056414322,180.0,33.9501897582,108.0
2016-08-21,6,1,28.0,35.0,0,94.0,136.153846154,65.0,1.04524180967,180.0,31.2356949507,105.0
2016-08-22,0,0,28.0,35.0,1,105.0,136.153846154,65.0,1.01747572816,180.0,31.2356949507,142.0
2016-08-23,1,0,26.0,34.0,1,105.0,133.923076923,65.0,0.916957251711,180.0,29.6633976436,173.0
2016-08-24,2,0,26.0,34.0,1,105.0,135.461538462,65.0,1.06992739778,180.0,31.0969090342,141.0
2016-08-25,3,0,27.0,35.0,1,108.0,134.230769231,65.0,1.16296863045,180.0,30.5315822517,164.0
2016-08-26,4,0,26.0,34.0,0,108.0,133.692307692,65.0,1.20707070707,180.0,29.93424747,150.0
2016-08-27,5,1,23.0,31.0,1,112.0,138.076923077,65.0,1.11314984709,180.0,27.7473811334,124.0
2016-08-28,6,1,22.0,30.0,1,114.0,141.461538462,65.0,1.05453232214,180.0,22.6770483245,88.0
2016-08-29,0,0,23.0,31.0,1,114.0,136.769230769,65.0,0.876937984496,180.0,26.6029317244,145.0
2016-08-30,1,0,23.0,31.0,1,114.0,137.153846154,65.0,0.873074101247,180.0,26.6828846147,140.0
2016-08-31,2,0,25.0,34.0,1,116.0,136.461538462,65.0,0.916574517754,180.0,26.4825497977,136.0
2016-09-01,3,0,26.0,33.0,1,116.0,138.153846154,65.0,1.04259534423,180.0,25.684015244,108.0
2016-09-02,4,0,25.0,34.0,1,116.0,132.615384615,65.0,0.973754279194,180.0,23.7536667988,161.0
2016-09-03,5,1,25.0,35.0,1,120.0,136.692307692,65.0,1.00111234705,180.0,23.7272469646,86.0
2016-09-04,6,1,25.0,33.0,1,120.0,135.230769231,65.0,0.875570353928,180.0,26.1008512863,80.0
2016-09-05,0,0,25.0,30.0,0,120.0,130.461538462,80.0,0.827638572513,180.0,29.8267184936,116.0
2016-09-06,1,0,22.0,27.0,0,120.0,126.076923077,80.0,0.72030651341,180.0,27.3368208676,117.0
2016-09-07,2,0,20.0,24.0,0,120.0,124.230769231,80.0,0.80941298164,180.0,27.0758303975,133.0
2016-09-08,3,0,22.0,29.0,1,124.0,121.846153846,80.0,0.939545629573,180.0,24.7319356107,140.0
2016-09-09,4,0,23.0,31.0,1,125.0,121.076923077,80.0,1.01681658193,180.0,23.9886560962,138.0
2016-09-10,5,1,24.0,29.0,1,127.0,122.153846154,80.0,1.05914186316,180.0,24.4063237513,82.0
2016-09-11,6,1,23.0,26.0,0,127.0,121.692307692,80.0,0.936037441498,180.0,25.0948496567,78.0
2016-09-12,0,0,23.0,29.0,1,124.0,116.538461538,78.0,0.794666666667,180.0,26.6129389717,118.0
2016-09-13,1,0,23.0,30.0,1,120.0,114.846153846,78.0,0.758009543286,180.0,25.7528076254,154.0
2016-09-14,2,0,22.0,24.0,0,124.0,116.230769231,78.0,0.949281258476,180.0,27.2908940749,137.0
2016-09-15,3,1,23.0,26.0,0,127.0,118.461538462,78.0,1.12162347456,180.0,27.7089693466,66.0
2016-09-16,4,1,23.0,27.0,0,127.0,111.153846154,66.0,1.01406050277,180.0,28.0517273672,95.0
2016-09-17,5,1,23.0,27.0,0,127.0,111.846153846,66.0,0.857060684498,180.0,27.5285757933,79.0
2016-09-18,6,0,23.0,28.0,0,127.0,111.769230769,66.0,0.692940666955,173.0,27.618705607,118.0
2016-09-19,0,0,21.0,27.0,0,124.0,111.923076923,66.0,0.853052877593,173.0,27.6473994839,147.0
2016-09-20,1,0,20.0,26.0,1,124.0,114.230769231,66.0,1.00189311198,173.0,29.1841733878,139.0
2016-09-21,2,0,20.0,27.0,1,127.0,114.692307692,66.0,1.17510180337,173.0,29.5228324037,146.0
2016-09-22,3,0,21.0,27.0,1,132.0,115.153846154,66.0,1.23605150215,164.0,29.9585512483,141.0
2016-09-23,4,0,21.0,27.0,1,133.0,115.384615385,66.0,1.22943722944,164.0,30.144621823,153.0
2016-09-24,5,1,22.0,28.0,1,136.0,120.846153846,66.0,1.23404852054,161.0,30.032920793,107.0
2016-09-25,6,1,23.0,29.0,1,136.0,123.076923077,66.0,1.11203549639,161.0,27.7584679761,82.0
2016-09-26,0,0,24.0,31.0,1,136.0,120.307692308,66.0,0.962025316456,161.0,29.8441712268,133.0
2016-09-27,1,0,25.0,30.0,0,136.0,118.692307692,66.0,0.899692651579,161.0,28.5155412832,109.0
2016-09-28,2,0,22.0,28.0,0,136.0,116.538461538,66.0,0.914479254869,161.0,28.1058860099,151.0
2016-09-29,3,0,22.0,25.0,0,136.0,123.076923077,66.0,1.10408765276,161.0,25.3391200699,171.0
2016-09-30,4,0,23.0,28.0,0,137.0,128.923076923,66.0,1.19423663065,171.0,26.9057086835,168.0
2016-10-01,5,1,24.0,29.0,0,137.0,135.769230769,66.0,1.31086142322,171.0,24.5518410594,91.0
2016-10-02,6,1,24.0,32.0,1,137.0,133.692307692,66.0,1.14437791084,171.0,26.9882727107,121.0
2016-10-03,0,1,22.0,26.0,1,136.0,131.692307692,66.0,1.0101010101,171.0,26.8911899081,103.0
2016-10-04,1,1,22.0,26.0,1,133.0,128.923076923,66.0,0.854700854701,171.0,27.8331886519,98.0
2016-10-05,2,1,22.0,27.0,1,133.0,125.230769231,66.0,0.887786049076,171.0,28.4987283013,66.0
2016-10-06,3,1,22.0,26.0,0,133.0,119.461538462,66.0,0.736145574855,171.0,32.0878970345,106.0
2016-10-07,4,1,20.0,25.0,0,133.0,115.846153846,66.0,0.741045697818,171.0,30.7241978148,73.0
2016-10-08,5,0,17.0,22.0,0,133.0,113.230769231,66.0,0.67409547393,171.0,32.7464709694,104.0
2016-10-09,6,0,18.0,22.0,1,124.0,114.923076923,66.0,0.783174207832,171.0,31.6384905272,115.0
2016-10-10,0,0,18.0,22.0,1,121.0,113.538461538,66.0,0.818959472725,171.0,31.2080250641,154.0
2016-10-11,1,0,19.0,25.0,1,121.0,117.0,66.0,1.03957636566,171.0,32.9591822154,130.0
2016-10-12,2,0,19.0,23.0,1,124.0,115.384615385,66.0,1.11952861953,171.0,31.745474448,125.0
2016-10-13,3,0,19.0,23.0,1,125.0,111.846153846,66.0,1.15536723164,171.0,27.6484695747,111.0
2016-10-14,4,0,19.0,23.0,0,124.0,107.461538462,66.0,1.05263157895,171.0,22.421196649,187.0
2016-10-15,5,1,21.0,25.0,1,124.0,114.846153846,66.0,1.17597998332,187.0,30.2320414686,96.0
2016-10-16,6,1,20.0,26.0,1,121.0,112.923076923,66.0,1.08899944721,187.0,30.5726412096,92.0
2016-10-17,0,0,20.0,25.0,1,121.0,112.076923077,66.0,1.05440742303,187.0,30.9850126015,132.0
2016-10-18,1,0,20.0,25.0,1,121.0,114.692307692,66.0,0.89111668059,187.0,31.1210653747,145.0
2016-10-19,2,0,20.0,24.0,0,124.0,120.769230769,66.0,1.03015075377,187.0,28.6333690383,155.0
2016-10-20,3,0,20.0,23.0,0,125.0,124.538461538,66.0,1.21416526138,187.0,29.6482335305,178.0
2016-10-21,4,0,0.0,21.0,0,125.0,132.615384615,66.0,1.337811363,187.0,28.7978056363,208.0
2016-10-22,5,1,19.0,23.0,0,125.0,140.615384615,66.0,1.44324396425,208.0,33.7559988094,72.0
2016-10-23,6,1,18.0,23.0,1,124.0,137.307692308,66.0,1.2462585034,208.0,37.9501385735,84.0
2016-10-24,0,0,20.0,24.0,1,121.0,131.923076923,66.0,0.998217468806,208.0,40.1045969712,129.0
2016-10-25,1,0,18.0,22.0,1,121.0,131.846153846,66.0,0.771730300569,208.0,40.109170549,143.0
2016-10-26,2,0,19.0,21.0,0,121.0,133.230769231,66.0,0.934751214389,208.0,40.1595928691,169.0
2016-10-27,3,0,18.0,22.0,0,125.0,137.692307692,66.0,1.12990007686,208.0,40.660668229,169.0
2016-10-28,4,0,15.0,20.0,0,125.0,136.307692308,66.0,1.18853471707,208.0,39.2396671659,155.0
2016-10-29,5,1,13.0,17.0,1,125.0,140.846153846,66.0,1.1955862738,208.0,37.6968600077,82.0
2016-10-30,6,1,14.0,18.0,1,121.0,140.076923077,66.0,0.996563573883,208.0,38.772435765,92.0
2016-10-31,0,0,13.0,17.0,0,121.0,137.0,66.0,0.826425521226,208.0,40.8242009673,127.0
