time_stamp,dayofweek,holiday,lt,ht,sunny,m2M,w2A,m1L,d3w3,m1Lar,w2Std,pay_sum
2016-08-01,0,0,25.0,39.0,1,107.0,102.307692308,60.0,0.972088546679,145.0,22.0467496833,115.0
2016-08-02,1,0,26.0,38.0,1,108.0,106.538461538,60.0,0.899269145218,145.0,18.5165846021,94.0
2016-08-03,2,0,24.0,36.0,1,108.0,106.0,60.0,0.960532572515,145.0,18.7698612757,111.0
2016-08-04,3,0,23.0,31.0,0,108.0,106.384615385,60.0,1.01057950418,145.0,18.8170890479,89.0
2016-08-05,4,0,23.0,31.0,0,108.0,103.461538462,60.0,0.945033751205,145.0,18.3328850582,103.0
2016-08-06,5,1,23.0,35.0,1,108.0,104.692307692,60.0,0.976317061382,145.0,17.7130313411,105.0
2016-08-07,6,1,22.0,33.0,1,108.0,101.923076923,60.0,0.966796875,141.0,14.3068651539,127.0
2016-08-08,0,0,23.0,34.0,0,108.0,103.076923077,60.0,1.07682417229,141.0,15.6178474754,110.0
2016-08-09,1,0,23.0,33.0,0,108.0,103.923076923,60.0,1.07344632768,141.0,15.6719324736,97.0
2016-08-10,2,0,25.0,34.0,1,108.0,103.461538462,60.0,1.05031446541,141.0,15.7802963052,106.0
2016-08-11,3,0,24.0,37.0,1,107.0,104.615384615,60.0,0.98427672956,141.0,15.3699930511,85.0
2016-08-12,4,0,25.0,38.0,1,107.0,100.769230769,60.0,0.923965351299,141.0,13.4172899141,123.0
2016-08-13,5,1,25.0,39.0,1,108.0,104.538461538,60.0,0.990223904131,141.0,12.1946733934,109.0
2016-08-14,6,1,24.0,41.0,1,108.0,105.692307692,60.0,1.01504963176,141.0,11.8476522529,131.0
2016-08-15,0,0,25.0,40.0,1,109.0,106.923076923,60.0,1.15183246073,141.0,13.4705464366,142.0
2016-08-16,1,0,26.0,40.0,1,109.0,110.615384615,60.0,1.18781094527,142.0,15.7994082729,121.0
2016-08-17,2,0,26.0,40.0,1,109.0,111.384615385,60.0,1.21492445267,142.0,16.0409977703,105.0
2016-08-18,3,0,25.0,40.0,1,109.0,112.615384615,74.0,1.12745098039,142.0,14.8455559864,138.0
2016-08-19,4,0,26.0,41.0,1,110.0,115.307692308,74.0,1.11366070063,142.0,15.9874210908,156.0
2016-08-20,5,1,26.0,41.0,1,111.0,119.230769231,74.0,1.17647058824,156.0,18.9580664632,153.0
2016-08-21,6,1,27.0,42.0,1,112.0,121.230769231,74.0,1.28448275862,156.0,20.9400383739,129.0
2016-08-22,0,0,25.0,40.0,1,113.0,122.692307692,74.0,1.25107112254,156.0,20.7675212972,114.0
2016-08-23,1,0,27.0,42.0,1,113.0,124.0,74.0,1.1214953271,156.0,19.6116135138,143.0
2016-08-24,2,0,27.0,41.0,1,114.0,126.846153846,74.0,1.07851355127,156.0,19.4771904223,121.0
2016-08-25,3,0,25.0,38.0,0,114.0,129.615384615,74.0,1.04218362283,156.0,15.4797061269,139.0
2016-08-26,4,0,22.0,35.0,0,114.0,130.846153846,74.0,1.09481119261,156.0,15.5407462144,134.0
2016-08-27,5,1,21.0,30.0,1,114.0,132.769230769,74.0,1.05786011545,156.0,14.2080900365,101.0
2016-08-28,6,1,21.0,33.0,1,113.0,130.461538462,74.0,1.01478768145,156.0,16.5511579173,118.0
2016-08-29,0,0,19.0,32.0,1,113.0,128.615384615,85.0,0.954699121028,156.0,16.4995965524,106.0
2016-08-30,1,0,19.0,24.0,1,112.0,127.461538462,85.0,0.875774723794,156.0,17.4867659174,127.0
2016-08-31,2,0,19.0,27.0,1,112.0,129.153846154,85.0,0.937875751503,156.0,16.2520822517,111.0
2016-09-01,3,0,22.0,32.0,1,111.0,127.076923077,85.0,0.909691921195,156.0,16.7077206403,90.0
2016-09-02,4,0,21.0,34.0,1,111.0,122.0,85.0,0.878885316184,156.0,17.168844771,133.0
2016-09-03,5,1,23.0,32.0,1,111.0,120.461538462,85.0,0.886411889597,156.0,15.0926134996,81.0
2016-09-04,6,1,21.0,30.0,1,111.0,116.769230769,81.0,0.823178987273,156.0,18.1199161407,98.0
2016-09-05,0,0,23.0,31.0,1,111.0,115.538461538,81.0,0.860215053763,156.0,18.7969530453,114.0
2016-09-06,1,0,21.0,27.0,0,111.0,113.307692308,81.0,0.810175584128,156.0,17.044668083,77.0
2016-09-07,2,0,19.0,32.0,1,110.0,109.923076923,77.0,0.80850468597,156.0,19.3885832325,105.0
2016-09-08,3,0,20.0,29.0,1,109.0,107.307692308,77.0,0.839716312057,156.0,17.4901493831,89.0
2016-09-09,4,0,20.0,27.0,0,108.0,103.846153846,77.0,0.791356402395,156.0,16.2757306528,138.0
2016-09-10,5,1,19.0,34.0,1,109.0,106.692307692,77.0,0.975896531452,156.0,18.5985301958,80.0
2016-09-11,6,1,20.0,32.0,1,109.0,103.769230769,77.0,0.922337389214,156.0,19.5532953986,82.0
2016-09-12,0,0,19.0,33.0,1,109.0,101.923076923,77.0,0.914494741655,156.0,20.371403556,91.0
2016-09-13,1,0,23.0,34.0,1,108.0,99.1538461538,77.0,0.790007806401,156.0,19.1867187793,97.0
2016-09-14,2,0,20.0,31.0,1,106.0,98.0769230769,77.0,0.852676456656,156.0,18.8820693881,222.0
2016-09-15,3,1,20.0,31.0,1,106.0,108.230769231,77.0,1.24582193862,222.0,37.8115852132,108.0
2016-09-16,4,1,22.0,32.0,1,108.0,106.307692308,77.0,1.31303813038,222.0,37.1325787196,96.0
2016-09-17,5,1,21.0,37.0,1,108.0,107.461538462,77.0,1.3129912159,222.0,36.5568374844,186.0
2016-09-18,6,0,20.0,32.0,1,109.0,114.230769231,77.0,1.1653966831,222.0,41.9306274076,110.0
2016-09-19,0,0,18.0,23.0,0,110.0,113.923076923,77.0,1.16927665921,222.0,41.945865366,98.0
2016-09-20,1,0,21.0,25.0,0,109.0,115.538461538,77.0,1.19069205198,222.0,40.8837289143,82.0
2016-09-21,2,0,18.0,25.0,1,109.0,113.769230769,77.0,0.888072270709,222.0,41.7891296984,105.0
2016-09-22,3,0,19.0,32.0,1,108.0,115.0,77.0,0.866788321168,222.0,41.2739440996,90.0
2016-09-23,4,0,21.0,28.0,1,106.0,111.307692308,77.0,0.859314409803,222.0,41.1981788533,133.0
2016-09-24,5,1,19.0,22.0,0,108.0,115.384615385,77.0,0.993487808572,222.0,40.5150275283,121.0
2016-09-25,6,1,21.0,24.0,0,109.0,118.384615385,77.0,1.03117505995,222.0,39.3593669069,128.0
2016-09-26,0,0,19.0,25.0,0,110.0,121.230769231,77.0,1.13792076259,222.0,38.6068026014,101.0
2016-09-27,1,0,20.0,23.0,0,109.0,121.538461538,77.0,1.03153551429,222.0,38.4279853645,86.0
2016-09-28,2,0,20.0,25.0,1,109.0,111.076923077,77.0,0.936246098975,222.0,26.2311075999,114.0
2016-09-29,3,0,18.0,27.0,1,110.0,111.538461538,77.0,0.884773662551,222.0,26.22569317,161.0
2016-09-30,4,0,19.0,29.0,1,110.0,116.538461538,77.0,1.05048741452,222.0,28.8513841412,246.0
2016-10-01,5,1,19.0,31.0,1,110.0,121.153846154,77.0,1.41364808031,246.0,41.5837360105,206.0
2016-10-02,6,1,20.0,34.0,1,110.0,128.538461538,77.0,1.58336562056,246.0,47.1048182814,178.0
2016-10-03,0,1,20.0,35.0,1,111.0,134.692307692,77.0,1.57421289355,246.0,47.9316574612,176.0
2016-10-04,1,1,19.0,33.0,1,114.0,141.923076923,77.0,1.3590583667,246.0,46.506346198,168.0
2016-10-05,2,1,21.0,34.0,1,114.0,146.769230769,77.0,1.29223913851,246.0,45.6814283863,179.0
2016-10-06,3,1,19.0,29.0,1,114.0,153.615384615,80.0,1.26145682586,246.0,43.2657947354,175.0
2016-10-07,4,1,18.0,27.0,1,114.0,156.846153846,80.0,1.22405909251,246.0,43.1737921818,160.0
2016-10-08,5,0,20.0,23.0,0,118.0,159.846153846,80.0,1.21642409182,246.0,41.9153839095,118.0
2016-10-09,6,0,18.0,22.0,1,118.0,159.076923077,80.0,1.06902654867,246.0,42.5792682281,122.0
2016-10-10,0,0,15.0,19.0,0,121.0,160.692307692,82.0,0.936000936001,246.0,40.7022672122,101.0
2016-10-11,1,0,14.0,18.0,0,118.0,161.846153846,82.0,0.792654579265,246.0,38.7335000183,85.0
2016-10-12,2,0,14.0,17.0,0,118.0,159.615384615,82.0,0.720973782772,246.0,42.1125569827,90.0
2016-10-13,3,0,14.0,17.0,0,118.0,154.153846154,82.0,0.64606741573,246.0,46.0030871102,93.0
2016-10-14,4,0,15.0,17.0,0,114.0,142.384615385,82.0,0.636277302944,246.0,40.2062728775,132.0
2016-10-15,5,1,15.0,19.0,0,114.0,136.692307692,82.0,0.744945015963,246.0,35.7929615242,104.0
2016-10-16,6,1,16.0,25.0,1,114.0,131.0,82.0,0.7847346452,246.0,34.6365747107,120.0
2016-10-17,0,0,16.0,25.0,1,114.0,126.692307692,82.0,0.843402037432,246.0,32.1663575217,97.0
2016-10-18,1,0,16.0,25.0,1,114.0,121.230769231,82.0,0.757522123894,246.0,30.6823774181,102.0
2016-10-19,2,0,18.0,28.0,1,114.0,115.307692308,82.0,0.756013745704,246.0,26.0395693436,90.0
2016-10-20,3,0,18.0,26.0,0,111.0,108.769230769,85.0,0.702650133722,246.0,20.260434524,110.0
2016-10-21,4,0,17.0,22.0,0,110.0,104.923076923,85.0,0.772576106421,246.0,13.9254141685,127.0
2016-10-22,5,1,18.0,25.0,1,110.0,105.615384615,85.0,0.862683023348,246.0,14.7572066438,109.0
2016-10-23,6,1,18.0,23.0,0,110.0,104.615384615,85.0,0.938432329807,246.0,14.0358796361,126.0
2016-10-24,0,0,17.0,18.0,0,110.0,106.538461538,85.0,1.00221483942,246.0,15.0824165816,122.0
2016-10-25,1,0,16.0,22.0,0,110.0,109.384615385,85.0,1.00762066046,246.0,14.2155844142,101.0
2016-10-26,2,0,16.0,18.0,0,110.0,110.230769231,85.0,1.01868067717,246.0,13.3367845632,133.0
2016-10-27,3,0,11.0,17.0,0,110.0,113.307692308,85.0,1.05857865001,246.0,13.6177746707,111.0
2016-10-28,4,0,9.0,13.0,0,110.0,111.692307692,85.0,1.04879160967,246.0,12.5046736825,152.0
2016-10-29,5,1,9.0,13.0,0,110.0,115.384615385,85.0,1.18545127975,246.0,16.2221997064,96.0
2016-10-30,6,1,12.0,17.0,0,110.0,113.538461538,85.0,1.08738452219,206.0,16.9415982563,104.0
2016-10-31,0,0,10.0,18.0,0,110.0,114.076923077,85.0,1.0647307925,179.0,16.5132186606,101.0
