time_stamp,dayofweek,holiday,lt,ht,sunny,m2M,w2A,m1L,d3w3,m1Lar,w2Std,pay_sum
2016-08-01,0,0,27.0,37.0,1,480.0,554.692307692,413.0,1.13506677771,678.0,64.695005889,511.0
2016-08-02,1,0,27.0,35.0,0,481.0,550.153846154,413.0,1.10740534865,678.0,65.5260912847,493.0
2016-08-03,2,0,26.0,32.0,0,481.0,548.153846154,413.0,1.03933018198,678.0,66.8302627832,496.0
2016-08-04,3,0,27.0,33.0,0,481.0,544.923076923,413.0,0.92807424594,678.0,68.2432995172,425.0
2016-08-05,4,0,26.0,33.0,0,481.0,539.538461538,413.0,0.878861333831,678.0,74.4493791725,582.0
2016-08-06,5,1,26.0,34.0,0,492.0,533.461538462,413.0,0.934265734266,678.0,67.1538020971,622.0
2016-08-07,6,1,27.0,35.0,1,493.0,533.923076923,413.0,1.00995071143,678.0,67.7375722788,663.0
2016-08-08,0,0,26.0,34.0,0,495.0,545.769230769,413.0,1.13120664061,678.0,75.3781786891,636.0
2016-08-09,1,0,26.0,30.0,0,496.0,555.846153846,413.0,1.15698497305,678.0,77.9663104304,512.0
2016-08-10,2,0,27.0,35.0,0,498.0,557.384615385,413.0,1.0914240945,678.0,76.8810654508,489.0
2016-08-11,3,0,27.0,36.0,1,498.0,559.153846154,413.0,0.990950089288,678.0,74.9993293856,518.0
2016-08-12,4,0,27.0,36.0,1,499.0,556.076923077,413.0,0.917602996255,678.0,75.7997985977,537.0
2016-08-13,5,1,27.0,35.0,1,502.0,550.923076923,413.0,0.94330400782,678.0,74.6349696739,747.0
2016-08-14,6,1,28.0,35.0,1,505.0,556.230769231,413.0,1.08786863473,747.0,85.1904236638,787.0
2016-08-15,0,0,27.0,36.0,1,509.0,577.461538462,413.0,1.21956246504,787.0,103.6618878,556.0
2016-08-16,1,0,26.0,36.0,1,509.0,582.307692308,413.0,1.2252315629,787.0,101.039508355,542.0
2016-08-17,2,0,28.0,37.0,1,509.0,585.846153846,425.0,1.10021595751,787.0,98.7341778202,604.0
2016-08-18,3,0,28.0,37.0,1,510.0,599.615384615,425.0,0.9815455594,787.0,87.1440350238,576.0
2016-08-19,4,0,28.0,38.0,1,511.0,599.153846154,425.0,0.9915356711,787.0,87.2519306851,548.0
2016-08-20,5,1,27.0,37.0,0,512.0,593.461538462,425.0,0.999826419024,787.0,87.9865508819,737.0
2016-08-21,6,1,27.0,35.0,0,516.0,599.153846154,425.0,1.07129493711,787.0,94.457028206,720.0
2016-08-22,0,0,27.0,36.0,1,518.0,605.615384615,425.0,1.133729149,787.0,99.4952944087,657.0
2016-08-23,1,0,27.0,35.0,0,519.0,616.769230769,425.0,1.1789638057,787.0,96.4565696181,626.0
2016-08-24,2,0,27.0,35.0,1,524.0,627.307692308,425.0,1.10504248041,787.0,89.1268625788,581.0
2016-08-25,3,0,26.0,35.0,1,524.0,632.153846154,425.0,1.01525054466,787.0,84.6520899409,642.0
2016-08-26,4,0,25.0,34.0,0,524.0,640.230769231,425.0,1.00216802168,787.0,80.073191371,604.0
2016-08-27,5,1,23.0,31.0,1,537.0,629.230769231,425.0,0.991695163654,787.0,74.2616516071,860.0
2016-08-28,6,1,21.0,31.0,1,538.0,634.846153846,425.0,1.12509015145,860.0,87.5502898592,824.0
2016-08-29,0,0,21.0,32.0,1,542.0,655.461538462,425.0,1.2041788374,860.0,97.5402208043,738.0
2016-08-30,1,0,21.0,32.0,1,548.0,670.538461538,425.0,1.2523591613,860.0,93.9178162705,636.0
2016-08-31,2,0,21.0,33.0,1,555.0,673.0,425.0,1.12372188139,860.0,92.5510254276,679.0
2016-09-01,3,0,23.0,33.0,0,556.0,680.923076923,425.0,1.03679014216,860.0,88.2151753371,696.0
2016-09-02,4,0,22.0,34.0,1,558.0,692.307692308,425.0,1.00349301397,860.0,79.4397542557,611.0
2016-09-03,5,1,23.0,35.0,1,570.0,682.615384615,489.0,1.00120992136,860.0,81.0655370782,611.0
2016-09-04,6,1,24.0,32.0,1,576.0,674.230769231,489.0,0.979971387697,860.0,82.3913306176,652.0
2016-09-05,0,0,24.0,30.0,0,581.0,673.846153846,489.0,0.950497058227,860.0,82.4824887279,603.0
2016-09-06,1,0,23.0,28.0,0,582.0,672.076923077,489.0,0.942067398713,860.0,83.7270855343,651.0
2016-09-07,2,0,21.0,27.0,0,583.0,677.461538462,489.0,0.958848978771,860.0,79.8581582795,718.0
2016-09-08,3,0,22.0,30.0,1,583.0,683.307692308,489.0,0.981534020208,860.0,79.8299968832,672.0
2016-09-09,4,0,22.0,29.0,1,594.0,688.538461538,518.0,1.00655915569,860.0,76.6255785619,647.0
2016-09-10,5,1,22.0,28.0,0,603.0,672.153846154,537.0,1.01131963062,860.0,58.9430574679,647.0
2016-09-11,6,1,21.0,25.0,0,604.0,658.538461538,542.0,0.981405216523,860.0,39.5466917504,615.0
2016-09-12,0,0,21.0,27.0,1,604.0,649.076923077,542.0,0.955957835699,860.0,33.6828226902,594.0
2016-09-13,1,0,21.0,28.0,0,604.0,645.846153846,542.0,0.931656752755,860.0,36.6644790454,451.0
2016-09-14,2,0,21.0,25.0,0,604.0,628.307692308,451.0,0.841507616658,860.0,62.2295806676,550.0
2016-09-15,3,1,22.0,25.0,0,604.0,617.076923077,451.0,0.814253260842,860.0,62.1740256655,581.0
2016-09-16,4,1,23.0,27.0,0,604.0,614.769230769,451.0,0.809041628311,860.0,62.9091577608,614.0
2016-09-17,5,1,22.0,27.0,1,604.0,615.0,451.0,0.909564764139,860.0,62.9004096844,601.0
2016-09-18,6,0,22.0,26.0,0,604.0,611.076923077,451.0,0.952759873743,860.0,62.0551386807,483.0
2016-09-19,0,0,20.0,27.0,1,604.0,601.846153846,451.0,0.91942820013,860.0,70.8691602167,429.0
2016-09-20,1,0,19.0,26.0,1,604.0,584.769230769,429.0,0.833264491257,860.0,82.7230354358,502.0
2016-09-21,2,0,19.0,26.0,1,604.0,568.153846154,429.0,0.790297339593,860.0,75.6874607579,399.0
2016-09-22,3,0,20.0,27.0,1,604.0,547.153846154,399.0,0.762330553406,860.0,81.6030223364,493.0
2016-09-23,4,0,20.0,29.0,1,604.0,535.307692308,399.0,0.807203451171,860.0,77.3139300966,464.0
2016-09-24,5,1,21.0,30.0,1,604.0,521.230769231,399.0,0.79535456625,860.0,72.185822011,528.0
2016-09-25,6,1,21.0,30.0,1,604.0,514.538461538,399.0,0.880626223092,860.0,67.0311240964,615.0
2016-09-26,0,0,24.0,31.0,1,604.0,516.153846154,399.0,0.951957822404,824.0,69.1462732227,500.0
2016-09-27,1,0,23.0,28.0,0,604.0,519.923076923,399.0,0.986520159717,738.0,66.7872184207,502.0
2016-09-28,2,0,22.0,28.0,0,604.0,516.230769231,399.0,0.99017176449,718.0,66.3477480299,330.0
2016-09-29,3,0,22.0,25.0,0,603.0,496.923076923,330.0,0.842105263158,718.0,79.8397062759,444.0
2016-09-30,4,0,22.0,29.0,0,603.0,483.846153846,330.0,0.822535937601,718.0,73.2423229412,543.0
2016-10-01,5,1,23.0,30.0,0,603.0,479.384615385,330.0,0.857589372924,718.0,67.5124358476,588.0
2016-10-02,6,1,22.0,30.0,1,603.0,487.461538462,330.0,1.02830281069,718.0,73.4790555031,484.0
2016-10-03,0,1,21.0,27.0,0,603.0,491.692307692,330.0,1.0659010659,718.0,71.5492134187,464.0
2016-10-04,1,1,20.0,27.0,1,603.0,488.769230769,330.0,1.01245797904,718.0,71.8440124866,444.0
2016-10-05,2,1,21.0,27.0,1,601.0,492.230769231,330.0,0.927258193445,718.0,68.4388034852,462.0
2016-10-06,3,1,22.0,27.0,0,594.0,489.846153846,330.0,0.923585128257,718.0,68.9089099451,427.0
2016-10-07,4,1,20.0,23.0,0,588.0,487.0,330.0,0.915962344534,672.0,70.6595303605,490.0
2016-10-08,5,0,17.0,22.0,0,588.0,484.076923077,330.0,0.958537517812,647.0,69.6822033769,543.0
2016-10-09,6,0,16.0,22.0,1,588.0,478.538461538,330.0,1.00853106759,647.0,61.4286520277,515.0
2016-10-10,0,0,15.0,21.0,1,588.0,479.692307692,330.0,1.05987470473,615.0,61.9595210482,510.0
2016-10-11,1,0,17.0,23.0,1,588.0,480.307692308,330.0,1.07268684796,615.0,62.2172182641,515.0
2016-10-12,2,0,18.0,25.0,1,581.0,494.538461538,330.0,1.0411384917,615.0,44.9796798303,545.0
2016-10-13,3,0,18.0,23.0,1,581.0,502.307692308,330.0,1.05585258415,615.0,44.2968736792,491.0
2016-10-14,4,0,19.0,22.0,0,581.0,498.307692308,330.0,1.04024144869,615.0,42.7630045274,461.0
2016-10-15,5,1,20.0,23.0,0,581.0,488.538461538,330.0,1.010837638,615.0,34.9496679518,557.0
2016-10-16,6,1,20.0,26.0,0,576.0,494.153846154,330.0,1.02496179317,615.0,39.3560593592,595.0
2016-10-17,0,0,20.0,24.0,0,581.0,504.230769231,330.0,1.08509922637,615.0,46.4727444459,497.0
2016-10-18,1,0,20.0,24.0,0,581.0,508.307692308,330.0,1.10987716641,615.0,43.2210500983,452.0
2016-10-19,2,0,20.0,24.0,0,557.0,507.538461538,330.0,1.02656161697,615.0,44.118050352,450.0
2016-10-20,3,0,21.0,25.0,0,550.0,509.307692308,330.0,0.92959899,615.0,41.2187123588,455.0
2016-10-21,4,0,21.0,25.0,0,545.0,506.615384615,330.0,0.909669850846,615.0,43.4733135853,433.0
2016-10-22,5,1,20.0,23.0,0,543.0,498.153846154,330.0,0.91113381001,615.0,46.1883204582,444.0
2016-10-23,6,1,17.0,23.0,0,543.0,492.692307692,330.0,0.910769230769,615.0,48.0342579919,757.0
2016-10-24,0,0,19.0,24.0,1,543.0,511.692307692,330.0,1.08466925553,757.0,85.4223755729,520.0
2016-10-25,1,0,19.0,23.0,1,528.0,512.076923077,330.0,1.13384062984,757.0,85.4476551764,468.0
2016-10-26,2,0,19.0,24.0,0,520.0,506.153846154,330.0,1.14897119342,757.0,85.6287569901,378.0
2016-10-27,3,0,18.0,24.0,0,515.0,497.461538462,330.0,0.903797803361,757.0,92.2084723161,474.0
2016-10-28,4,0,15.0,19.0,0,515.0,498.461538462,378.0,0.874751491054,757.0,91.877523312,460.0
2016-10-29,5,1,12.0,15.0,0,510.0,491.0,378.0,0.876683037653,757.0,90.7524104363,601.0
2016-10-30,6,1,14.0,18.0,1,510.0,491.461538462,378.0,1.01692669515,757.0,91.2937906597,640.0
2016-10-31,0,0,12.0,17.0,0,510.0,502.461538462,378.0,1.11252820563,757.0,99.5409582376,454.0
