time_stamp,dayofweek,holiday,lt,ht,sunny,m2M,w2A,m1L,d3w3,m1Lar,w2Std,pay_sum
2016-08-01,0,0,27.0,33.0,0,122.0,127.769230769,98.0,0.995024875622,160.0,12.5462458139,143.0
2016-08-02,1,0,26.0,32.0,0,123.0,128.769230769,98.0,1.0152284264,160.0,13.1859706691,101.0
2016-08-03,2,0,26.0,34.0,0,122.0,127.769230769,98.0,0.945963799709,160.0,14.6767940649,103.0
2016-08-04,3,0,26.0,33.0,0,121.0,126.230769231,98.0,0.923486360612,160.0,16.0774751469,138.0
2016-08-05,4,0,26.0,35.0,1,122.0,126.923076923,98.0,0.897284533648,160.0,16.3728740885,133.0
2016-08-06,5,1,26.0,34.0,0,123.0,128.076923077,98.0,0.97969875573,160.0,16.2313160681,132.0
2016-08-07,6,1,26.0,33.0,0,124.0,128.538461538,98.0,1.05982905983,160.0,16.2509899562,141.0
2016-08-08,0,0,26.0,32.0,0,124.0,128.230769231,101.0,1.06060606061,160.0,15.9718687609,258.0
2016-08-09,1,0,26.0,29.0,0,124.0,136.538461538,101.0,1.32089552239,258.0,38.013389108,105.0
2016-08-10,2,0,27.0,33.0,0,124.0,133.769230769,101.0,1.25795582179,258.0,38.888704799,141.0
2016-08-11,3,0,27.0,33.0,0,124.0,136.538461538,101.0,1.24953514318,258.0,38.013389108,110.0
2016-08-12,4,0,27.0,33.0,0,124.0,134.769230769,101.0,0.888888888889,258.0,38.6665306398,110.0
2016-08-13,5,1,26.0,31.0,0,124.0,133.0,101.0,0.904082143752,258.0,39.2291100705,157.0
2016-08-14,6,1,27.0,34.0,0,126.0,136.307692308,101.0,0.933283822255,258.0,39.3003907113,143.0
2016-08-15,0,0,27.0,35.0,1,127.0,136.307692308,101.0,1.01573145051,258.0,39.3003907113,143.0
2016-08-16,1,0,26.0,34.0,1,128.0,139.538461538,101.0,1.10034773969,258.0,37.9688442818,116.0
2016-08-17,2,0,27.0,34.0,1,128.0,140.538461538,101.0,1.0078977059,258.0,37.1558368634,131.0
2016-08-18,3,0,27.0,34.0,1,129.0,140.0,101.0,0.96834264432,258.0,37.2393505686,140.0
2016-08-19,4,0,27.0,35.0,1,129.0,140.538461538,101.0,0.958395245171,258.0,37.1848095218,144.0
2016-08-20,5,1,27.0,35.0,1,129.0,141.461538462,101.0,1.02355407572,258.0,37.1102626996,133.0
2016-08-21,6,1,26.0,34.0,0,130.0,140.846153846,101.0,1.02130786187,258.0,37.1790804575,140.0
2016-08-22,0,0,27.0,35.0,1,130.0,131.769230769,101.0,1.02243471865,258.0,15.6261804288,140.0
2016-08-23,1,0,27.0,36.0,1,131.0,134.461538462,101.0,0.998307952623,258.0,13.6754433741,119.0
2016-08-24,2,0,27.0,35.0,1,130.0,132.769230769,101.0,0.958904109589,258.0,14.11575141,125.0
2016-08-25,3,0,27.0,36.0,1,130.0,133.923076923,101.0,0.92720028975,258.0,12.7548575269,129.0
2016-08-26,4,0,27.0,36.0,1,130.0,135.384615385,101.0,0.901946560271,258.0,10.8807413601,112.0
2016-08-27,5,1,25.0,34.0,0,130.0,131.923076923,101.0,0.891487029594,258.0,10.6081357636,194.0
2016-08-28,6,1,22.0,32.0,1,130.0,135.846153846,101.0,1.0394265233,258.0,19.5992392076,157.0
2016-08-29,0,0,23.0,33.0,1,131.0,136.923076923,101.0,1.14788645097,258.0,20.3336081722,123.0
2016-08-30,1,0,23.0,33.0,1,131.0,137.461538462,101.0,1.16734392316,258.0,19.8595661298,151.0
2016-08-31,2,0,25.0,33.0,1,131.0,139.0,101.0,1.05753895228,258.0,20.0729439028,121.0
2016-09-01,3,0,25.0,29.0,0,131.0,137.538461538,103.0,0.965298142717,258.0,20.6308782192,124.0
2016-09-02,4,0,23.0,32.0,1,131.0,136.0,105.0,0.962800875274,258.0,20.8363587547,138.0
2016-09-03,5,1,23.0,34.0,1,131.0,136.384615385,105.0,0.937691271882,258.0,20.8235756242,144.0
2016-09-04,6,1,24.0,32.0,1,132.0,136.692307692,105.0,0.993636808615,258.0,20.9041203718,147.0
2016-09-05,0,0,25.0,31.0,0,132.0,137.230769231,105.0,1.04838709677,258.0,21.0718691302,138.0
2016-09-06,1,0,25.0,32.0,0,132.0,138.692307692,105.0,1.04,258.0,20.4050695638,102.0
2016-09-07,2,0,24.0,31.0,0,132.0,136.923076923,102.0,0.948180815877,194.0,22.4138059737,128.0
2016-09-08,3,0,23.0,32.0,1,131.0,136.846153846,102.0,0.905623231205,194.0,22.4425631124,108.0
2016-09-09,4,0,24.0,31.0,1,131.0,136.538461538,102.0,0.842997880035,194.0,22.8055842845,272.0
2016-09-10,5,1,24.0,29.0,1,132.0,142.538461538,102.0,1.20436225699,272.0,40.517072156,194.0
2016-09-11,6,1,21.0,24.0,0,132.0,145.384615385,102.0,1.33519423122,272.0,42.6750484864,173.0
2016-09-12,0,0,21.0,27.0,1,133.0,149.230769231,102.0,1.4694722318,272.0,42.7373982257,121.0
2016-09-13,1,0,22.0,25.0,0,133.0,146.923076923,102.0,1.12145237275,272.0,43.3846153846,107.0
2016-09-14,2,0,23.0,25.0,0,133.0,145.846153846,102.0,0.92727482946,272.0,44.1811762107,78.0
2016-09-15,3,1,24.0,26.0,0,132.0,142.307692308,78.0,0.720338983051,272.0,47.5060880558,104.0
2016-09-16,4,1,24.0,30.0,0,132.0,139.692307692,78.0,0.682247403211,272.0,48.5946888763,84.0
2016-09-17,5,1,24.0,30.0,0,132.0,135.076923077,78.0,0.653402112503,272.0,50.7671328238,121.0
2016-09-18,6,0,23.0,30.0,1,132.0,133.076923077,78.0,0.769230769231,272.0,50.7701631616,132.0
2016-09-19,0,0,20.0,30.0,1,132.0,132.615384615,78.0,0.836124550304,272.0,50.7505793245,120.0
2016-09-20,1,0,20.0,29.0,1,132.0,134.0,78.0,0.93624497992,272.0,50.1382703516,109.0
2016-09-21,2,0,20.0,28.0,1,132.0,132.538461538,78.0,0.910237014624,272.0,50.5669630439,117.0
2016-09-22,3,0,21.0,29.0,1,132.0,133.230769231,78.0,0.874731386677,272.0,50.287104703,98.0
2016-09-23,4,0,20.0,29.0,1,132.0,119.846153846,78.0,0.831728917982,272.0,31.0454905777,103.0
2016-09-24,5,1,21.0,30.0,1,131.0,112.846153846,78.0,0.829420970266,272.0,22.6642590669,119.0
2016-09-25,6,1,22.0,32.0,1,129.0,108.692307692,78.0,0.84388185654,272.0,14.8654716885,147.0
2016-09-26,0,0,25.0,32.0,1,131.0,110.692307692,78.0,0.969649191959,272.0,17.8385262214,129.0
2016-09-27,1,0,25.0,29.0,0,129.0,112.384615385,78.0,1.02704108164,272.0,18.4413350991,113.0
2016-09-28,2,0,25.0,27.0,0,129.0,115.076923077,78.0,1.01739244148,272.0,15.5536863722,102.0
2016-09-29,3,0,26.0,29.0,0,129.0,114.923076923,78.0,0.901821995019,272.0,15.6719324736,106.0
2016-09-30,4,0,25.0,30.0,0,128.0,116.615384615,78.0,0.900294488851,272.0,13.2406045733,103.0
2016-10-01,5,1,24.0,31.0,1,128.0,115.230769231,78.0,0.906969962088,272.0,13.644688153,227.0
2016-10-02,6,1,23.0,32.0,1,129.0,122.538461538,78.0,1.24216524217,272.0,32.7428568478,169.0
2016-10-03,0,1,23.0,30.0,1,129.0,126.307692308,78.0,1.39307649358,272.0,34.9777613203,163.0
2016-10-04,1,1,22.0,32.0,1,129.0,130.461538462,78.0,1.52482269504,272.0,35.87074099,104.0
2016-10-05,2,1,24.0,30.0,1,128.0,129.461538462,78.0,1.17678812416,272.0,36.4092452008,112.0
2016-10-06,3,1,24.0,28.0,0,125.0,130.538461538,78.0,1.01963949422,272.0,35.6621225146,89.0
2016-10-07,4,1,22.0,26.0,0,124.0,129.461538462,78.0,0.818901866022,272.0,36.6744836566,119.0
2016-10-08,5,0,19.0,26.0,0,124.0,129.461538462,78.0,0.859868332662,272.0,36.6744836566,121.0
2016-10-09,6,0,18.0,24.0,1,123.0,127.461538462,78.0,0.887989203779,227.0,36.3711960942,118.0
2016-10-10,0,0,19.0,21.0,0,123.0,126.615384615,78.0,0.967044840627,227.0,36.4534233098,102.0
2016-10-11,1,0,18.0,22.0,0,123.0,125.769230769,78.0,0.923743735609,227.0,36.8847557549,129.0
2016-10-12,2,0,17.0,23.0,1,123.0,127.846153846,78.0,0.940827604798,227.0,36.2424446319,124.0
2016-10-13,3,0,19.0,26.0,1,123.0,129.230769231,78.0,0.947045484861,227.0,35.7214734948,135.0
2016-10-14,4,0,21.0,27.0,1,123.0,131.692307692,84.0,1.02199394179,227.0,34.9227380533,122.0
2016-10-15,5,1,20.0,23.0,0,123.0,123.615384615,84.0,1.00236779795,227.0,21.5139970951,106.0
2016-10-16,6,1,22.0,27.0,0,122.0,118.769230769,89.0,0.970718010429,227.0,17.458318917,147.0
2016-10-17,0,0,22.0,27.0,1,122.0,117.538461538,89.0,0.995619275189,227.0,14.6319743902,135.0
2016-10-18,1,0,21.0,25.0,0,122.0,119.923076923,89.0,1.02118699829,227.0,14.7568056709,102.0
2016-10-19,2,0,22.0,25.0,0,121.0,119.153846154,89.0,1.01065929728,227.0,15.3965338449,119.0
2016-10-20,3,0,22.0,25.0,0,121.0,121.461538462,89.0,0.932181199267,227.0,12.7195511811,98.0
2016-10-21,4,0,24.0,27.0,0,121.0,119.846153846,89.0,0.836940836941,227.0,14.1793248936,125.0
2016-10-22,5,1,23.0,28.0,0,121.0,120.153846154,89.0,0.934809348093,227.0,14.2442763342,127.0
2016-10-23,6,1,20.0,27.0,1,121.0,120.846153846,89.0,0.973439020998,227.0,14.341151943,158.0
2016-10-24,0,0,20.0,26.0,1,121.0,125.153846154,89.0,1.14269788183,227.0,16.3087808055,124.0
2016-10-25,1,0,23.0,28.0,1,121.0,124.769230769,89.0,1.13045881703,227.0,16.2724583087,119.0
2016-10-26,2,0,23.0,29.0,1,121.0,124.384615385,89.0,1.10513986496,227.0,16.3450225853,122.0
2016-10-27,3,0,23.0,29.0,1,121.0,123.384615385,89.0,0.992387166939,227.0,16.0601679345,93.0
2016-10-28,4,0,19.0,30.0,0,121.0,121.153846154,89.0,0.917834569937,227.0,17.9950683579,113.0
2016-10-29,5,1,17.0,23.0,0,121.0,121.692307692,89.0,0.904328646264,227.0,17.6346887843,128.0
2016-10-30,6,1,15.0,23.0,1,121.0,120.230769231,89.0,0.917078528281,227.0,16.2061424545,144.0
2016-10-31,0,0,16.0,24.0,1,121.0,120.923076923,89.0,1.03913630229,169.0,16.9953004294,116.0
