time_stamp,dayofweek,holiday,lt,ht,sunny,m2M,w2A,m1L,d3w3,m1Lar,w2Std,pay_sum
2016-08-01,0,0,27.0,35.0,1,108.0,128.615384615,83.0,1.0502283105,216.0,15.1380237585,122.0
2016-08-02,1,0,26.0,36.0,0,109.0,128.923076923,83.0,1.02486812359,216.0,14.9587203199,118.0
2016-08-03,2,0,25.0,30.0,0,109.0,129.307692308,83.0,0.930930930931,216.0,14.6044493504,96.0
2016-08-04,3,0,25.0,32.0,0,109.0,125.538461538,83.0,0.842105263158,216.0,16.2935352192,119.0
2016-08-05,4,0,26.0,32.0,0,109.0,125.923076923,96.0,0.839636913767,216.0,16.0741624424,110.0
2016-08-06,5,1,26.0,34.0,0,110.0,124.384615385,96.0,0.843717549325,216.0,16.5600931879,111.0
2016-08-07,6,1,26.0,34.0,0,111.0,120.769230769,96.0,0.920286912979,216.0,13.7121722801,138.0
2016-08-08,0,0,26.0,34.0,1,111.0,122.230769231,96.0,0.962724591043,216.0,14.4390168329,144.0
2016-08-09,1,0,27.0,34.0,1,113.0,125.153846154,96.0,1.04299363057,216.0,14.7013665186,100.0
2016-08-10,2,0,27.0,34.0,1,113.0,122.846153846,96.0,1.01907429639,216.0,16.0520602744,145.0
2016-08-11,3,0,27.0,35.0,1,114.0,124.384615385,96.0,1.03774843271,216.0,17.1084255515,139.0
2016-08-12,4,0,28.0,35.0,1,115.0,125.230769231,96.0,1.01426307448,216.0,17.5330625968,115.0
2016-08-13,5,1,28.0,36.0,1,115.0,122.230769231,96.0,1.06018333998,216.0,15.5818130976,141.0
2016-08-14,6,1,27.0,36.0,1,115.0,122.923076923,96.0,1.05671482076,216.0,16.1886072878,156.0
2016-08-15,0,0,27.0,36.0,1,118.0,125.538461538,96.0,1.08606827468,216.0,18.4207883595,122.0
2016-08-16,1,0,27.0,36.0,1,118.0,125.846153846,96.0,1.09757694826,158.0,18.3254600272,113.0
2016-08-17,2,0,27.0,35.0,1,118.0,127.153846154,96.0,1.03111814346,158.0,16.68184713,114.0
2016-08-18,3,0,27.0,36.0,1,115.0,126.769230769,96.0,0.924380876705,158.0,16.921328581,123.0
2016-08-19,4,0,29.0,37.0,1,118.0,127.769230769,96.0,0.928874734607,158.0,16.2724583087,163.0
2016-08-20,5,1,27.0,36.0,0,118.0,131.769230769,96.0,1.05778130372,163.0,17.9621561416,121.0
2016-08-21,6,1,27.0,33.0,0,118.0,130.461538462,96.0,1.08100929615,163.0,18.0793779021,158.0
2016-08-22,0,0,27.0,34.0,1,119.0,131.538461538,96.0,1.15737103954,163.0,19.2338459077,138.0
2016-08-23,1,0,25.0,34.0,1,119.0,134.461538462,96.0,1.08339828527,163.0,16.9733518951,103.0
2016-08-24,2,0,24.0,34.0,1,119.0,131.230769231,96.0,1.03381267003,163.0,18.5810235959,133.0
2016-08-25,3,0,25.0,34.0,1,119.0,130.769230769,96.0,0.963793325602,163.0,18.456409544,115.0
2016-08-26,4,0,23.0,29.0,1,119.0,130.769230769,96.0,0.902777777778,163.0,18.456409544,109.0
2016-08-27,5,1,20.0,29.0,1,119.0,128.307692308,96.0,0.918918918919,163.0,19.052093022,146.0
2016-08-28,6,1,19.0,30.0,1,121.0,127.538461538,96.0,0.949448293559,163.0,18.0963888647,151.0
2016-08-29,0,0,20.0,31.0,1,122.0,129.769230769,96.0,1.0390275112,163.0,19.0390442801,142.0
2016-08-30,1,0,21.0,31.0,1,122.0,132.0,96.0,1.10565419972,163.0,18.6382567689,107.0
2016-08-31,2,0,22.0,32.0,1,122.0,131.461538462,96.0,1.02210297687,163.0,19.2418429655,159.0
2016-09-01,3,0,22.0,33.0,1,122.0,134.230769231,96.0,1.03461392164,163.0,20.3815672612,140.0
2016-09-02,4,0,22.0,34.0,1,123.0,132.461538462,100.0,1.01984426024,163.0,18.7395730376,137.0
2016-09-03,5,1,23.0,34.0,1,123.0,133.692307692,100.0,1.09685534591,163.0,18.4698699149,154.0
2016-09-04,6,1,22.0,33.0,1,123.0,133.384615385,100.0,1.08509566969,163.0,18.0918105636,166.0
2016-09-05,0,0,24.0,33.0,1,125.0,135.538461538,100.0,1.13174839029,166.0,20.0714699343,146.0
2016-09-06,1,0,22.0,26.0,0,128.0,138.846153846,100.0,1.14006116208,166.0,17.85775485,120.0
2016-09-07,2,0,20.0,26.0,1,128.0,137.846153846,100.0,1.05455876968,166.0,18.5092332628,143.0
2016-09-08,3,0,21.0,30.0,1,128.0,140.0,103.0,0.991154731613,166.0,17.3160663502,139.0
2016-09-09,4,0,23.0,32.0,1,130.0,142.307692308,103.0,0.982764943161,166.0,14.8551188556,136.0
2016-09-10,5,1,21.0,30.0,1,130.0,141.538461538,103.0,1.01628981279,166.0,14.9028411572,149.0
2016-09-11,6,1,20.0,28.0,1,132.0,141.384615385,103.0,1.03427247225,166.0,14.8144340297,170.0
2016-09-12,0,0,20.0,30.0,1,133.0,143.538461538,103.0,1.0970464135,170.0,16.6669427985,135.0
2016-09-13,1,0,21.0,30.0,1,133.0,145.692307692,103.0,1.08211178644,170.0,13.2687290875,121.0
2016-09-14,2,0,22.0,28.0,1,132.0,142.769230769,103.0,1.0197486535,170.0,14.1701411217,152.0
2016-09-15,3,1,21.0,23.0,0,132.0,143.692307692,103.0,0.963855421687,170.0,14.3494015709,124.0
2016-09-16,4,1,21.0,23.0,0,132.0,142.692307692,103.0,0.93291035131,170.0,15.2082195154,123.0
2016-09-17,5,1,21.0,27.0,1,132.0,140.307692308,103.0,0.945273631841,170.0,15.6715549049,143.0
2016-09-18,6,0,20.0,28.0,1,133.0,138.538461538,103.0,0.926585887384,170.0,13.8653712792,117.0
2016-09-19,0,0,17.0,26.0,1,132.0,136.307692308,103.0,0.918134963442,170.0,14.7876487723,119.0
2016-09-20,1,0,18.0,26.0,1,132.0,136.230769231,103.0,0.904642558778,170.0,14.8746239573,118.0
2016-09-21,2,0,17.0,24.0,1,132.0,134.307692308,103.0,0.857558139535,170.0,15.4789416026,97.0
2016-09-22,3,0,19.0,27.0,1,130.0,131.076923077,97.0,0.821951519626,170.0,18.2902308454,102.0
2016-09-23,4,0,19.0,28.0,1,130.0,128.461538462,97.0,0.790326601845,170.0,19.770278332,120.0
2016-09-24,5,1,21.0,29.0,1,130.0,126.230769231,97.0,0.805555555556,170.0,18.9458899385,142.0
2016-09-25,6,1,21.0,28.0,1,132.0,124.076923077,97.0,0.927624872579,170.0,15.0356578146,158.0
2016-09-26,0,0,23.0,30.0,1,133.0,125.846153846,97.0,1.06544901065,170.0,17.3863171393,125.0
2016-09-27,1,0,23.0,30.0,0,133.0,126.153846154,97.0,1.07608558045,170.0,17.3331436797,107.0
2016-09-28,2,0,19.0,23.0,0,132.0,122.692307692,97.0,1.00115517905,170.0,16.2877236233,91.0
2016-09-29,3,0,17.0,19.0,0,125.0,120.153846154,91.0,0.844775729044,170.0,18.3296571534,84.0
2016-09-30,4,0,18.0,21.0,0,125.0,117.153846154,84.0,0.752903484181,170.0,20.6615441892,112.0
2016-10-01,5,1,20.0,24.0,0,125.0,114.769230769,84.0,0.777777777778,170.0,19.2839265318,105.0
2016-10-02,6,1,20.0,24.0,0,125.0,113.846153846,84.0,0.83785664579,170.0,19.441613394,101.0
2016-10-03,0,1,18.0,26.0,1,125.0,112.461538462,84.0,0.897924608217,170.0,19.6649449318,121.0
2016-10-04,1,1,20.0,25.0,1,125.0,112.692307692,84.0,0.923337568827,170.0,19.7460204964,102.0
2016-10-05,2,1,20.0,26.0,1,125.0,113.076923077,84.0,0.934660320208,170.0,19.4835691662,113.0
2016-10-06,3,1,19.0,25.0,1,124.0,113.923076923,84.0,0.973913043478,170.0,19.2212284025,133.0
2016-10-07,4,1,17.0,20.0,0,124.0,114.923076923,84.0,1.00432900433,170.0,19.8395934297,112.0
2016-10-08,5,0,14.0,22.0,1,124.0,112.615384615,84.0,1.04724294281,170.0,18.235799371,154.0
2016-10-09,6,0,13.0,21.0,1,124.0,112.307692308,84.0,1.14853195164,170.0,17.48575075,118.0
2016-10-10,0,0,16.0,21.0,1,123.0,111.769230769,84.0,1.10583153348,170.0,17.1919204913,115.0
2016-10-11,1,0,16.0,20.0,1,123.0,112.384615385,84.0,1.11591695502,158.0,17.1533287262,133.0
2016-10-12,2,0,16.0,19.0,1,123.0,115.615384615,84.0,1.03918228279,158.0,16.7724061919,120.0
2016-10-13,3,0,17.0,20.0,1,123.0,118.384615385,84.0,1.03691180614,158.0,14.0796550523,109.0
2016-10-14,4,0,16.0,18.0,1,123.0,118.153846154,84.0,1.02476999292,158.0,14.2064240823,96.0
2016-10-15,5,1,18.0,21.0,0,123.0,117.461538462,84.0,0.938357153169,158.0,15.0262098431,142.0
2016-10-16,6,1,17.0,23.0,1,123.0,120.615384615,84.0,1.00886756796,158.0,15.5342720933,152.0
2016-10-17,0,0,18.0,22.0,1,124.0,123.0,84.0,1.12068965517,158.0,17.6460934879,120.0
2016-10-18,1,0,18.0,23.0,1,123.0,124.384615385,84.0,1.18302614659,158.0,16.6203696226,104.0
2016-10-19,2,0,19.0,22.0,1,123.0,123.692307692,84.0,1.06848536516,158.0,17.2554767912,94.0
2016-10-20,3,0,19.0,21.0,0,121.0,120.692307692,84.0,0.899830220713,158.0,18.7057564788,79.0
2016-10-21,4,0,19.0,21.0,0,121.0,118.153846154,79.0,0.794949060123,158.0,21.7108485957,95.0
2016-10-22,5,1,18.0,21.0,0,121.0,113.615384615,79.0,0.772445597348,158.0,19.8282566887,104.0
2016-10-23,6,1,15.0,18.0,1,120.0,112.538461538,79.0,0.800230282096,158.0,19.9407406105,169.0
2016-10-24,0,0,16.0,20.0,1,121.0,116.692307692,79.0,1.03778905809,169.0,25.0027217453,143.0
2016-10-25,1,0,14.0,17.0,1,121.0,117.461538462,79.0,1.15315315315,169.0,25.6383588357,102.0
2016-10-26,2,0,16.0,18.0,0,121.0,116.076923077,79.0,1.15288220551,169.0,25.9480591788,93.0
2016-10-27,3,0,15.0,17.0,0,120.0,114.846153846,79.0,0.957235910507,169.0,26.6251649438,131.0
2016-10-28,4,0,11.0,15.0,0,120.0,117.538461538,79.0,0.915858968956,169.0,26.3515154567,109.0
2016-10-29,5,1,8.0,12.0,0,120.0,115.0,79.0,0.953608247423,169.0,25.4467770364,114.0
2016-10-30,6,1,10.0,17.0,1,120.0,112.076923077,79.0,1.01549053356,169.0,23.1033182381,137.0
2016-10-31,0,0,10.0,15.0,0,120.0,113.384615385,79.0,1.02301790281,169.0,23.9792809976,103.0
