time_stamp,dayofweek,holiday,lt,ht,sunny,m2M,w2A,m1L,d3w3,m1Lar,w2Std,pay_sum
2016-08-01,0,0,27.0,35.0,1,58.0,39.0,5.0,0.11862396204,83.0,26.7667991822,5.0
2016-08-02,1,0,26.0,36.0,0,58.0,36.0769230769,5.0,0.125944584383,83.0,28.2065500807,5.0
2016-08-03,2,0,25.0,30.0,0,58.0,32.6153846154,5.0,0.135317997294,83.0,29.0345641806,5.0
2016-08-04,3,0,25.0,32.0,0,57.0,29.9230769231,5.0,0.1414427157,83.0,29.8366360716,5.0
2016-08-05,4,0,26.0,32.0,0,56.0,27.0769230769,5.0,0.15243902439,83.0,30.3098398302,5.0
2016-08-06,5,1,26.0,34.0,0,56.0,24.3846153846,5.0,0.163132137031,83.0,30.5954709105,5.0
2016-08-07,6,1,26.0,34.0,0,56.0,21.6923076923,5.0,0.173310225303,83.0,30.6428172419,5.0
2016-08-08,0,0,26.0,34.0,1,56.0,16.8461538462,5.0,0.184501845018,83.0,27.7844620492,5.0
2016-08-09,1,0,27.0,34.0,1,55.0,10.8461538462,5.0,0.198412698413,83.0,20.2516709808,5.0
2016-08-10,2,0,27.0,34.0,1,55.0,5.0,5.0,0.217864923747,83.0,0.0,5.0
2016-08-11,3,0,27.0,35.0,1,54.0,5.0,5.0,0.235849056604,83.0,0.0,5.0
2016-08-12,4,0,28.0,35.0,1,54.0,5.0,5.0,0.258397932817,83.0,0.0,5.0
2016-08-13,5,1,28.0,36.0,1,54.0,5.0,5.0,0.284090909091,83.0,0.0,5.0
2016-08-14,6,1,27.0,36.0,1,51.0,5.0,5.0,0.315457413249,83.0,0.0,5.0
2016-08-15,0,0,27.0,36.0,1,50.0,5.0,5.0,0.393700787402,83.0,0.0,5.0
2016-08-16,1,0,27.0,36.0,1,49.0,5.0,5.0,0.568181818182,83.0,0.0,5.0
2016-08-17,2,0,27.0,35.0,1,48.0,5.0,5.0,1.0,83.0,0.0,5.0
2016-08-18,3,0,27.0,36.0,1,46.0,5.0,5.0,1.0,83.0,0.0,5.0
2016-08-19,4,0,29.0,37.0,1,43.0,5.0,5.0,1.0,83.0,0.0,5.0
2016-08-20,5,1,27.0,36.0,0,42.0,5.0,5.0,1.0,83.0,0.0,5.0
2016-08-21,6,1,27.0,33.0,0,41.0,5.0,5.0,1.0,83.0,0.0,5.0
2016-08-22,0,0,27.0,34.0,1,40.0,5.0,5.0,1.0,83.0,0.0,5.0
2016-08-23,1,0,25.0,34.0,1,40.0,5.0,5.0,1.0,83.0,0.0,5.0
2016-08-24,2,0,24.0,34.0,1,40.0,5.0,5.0,1.0,83.0,0.0,5.0
2016-08-25,3,0,25.0,34.0,1,40.0,5.0,5.0,1.0,81.0,0.0,41.0
2016-08-26,4,0,23.0,29.0,1,40.0,7.76923076923,5.0,2.5,41.0,9.59289678038,50.0
2016-08-27,5,1,20.0,29.0,1,40.0,11.2307692308,5.0,3.53591160221,50.0,14.718663433,51.0
2016-08-28,6,1,19.0,30.0,1,40.0,14.7692307692,5.0,4.17033773862,51.0,17.9664381392,58.0
2016-08-29,0,0,20.0,31.0,1,40.0,18.8461538462,5.0,3.78571428571,58.0,21.0378638644,43.0
2016-08-30,1,0,21.0,31.0,1,40.0,21.7692307692,5.0,3.18658280922,58.0,21.5447792932,56.0
2016-08-31,2,0,22.0,32.0,1,40.0,25.6923076923,5.0,2.83649503162,58.0,22.7440088997,48.0
2016-09-01,3,0,22.0,33.0,1,40.0,29.0,5.0,2.3786407767,58.0,22.6206168725,40.0
2016-09-02,4,0,22.0,34.0,1,40.0,31.6923076923,5.0,2.14765100671,58.0,21.6666514945,63.0
2016-09-03,5,1,23.0,34.0,1,40.0,36.1538461538,5.0,1.99339933993,63.0,21.6824855013,61.0
2016-09-04,6,1,22.0,33.0,1,40.0,40.4615384615,5.0,1.94890077243,63.0,20.6010282963,60.0
2016-09-05,0,0,24.0,33.0,1,40.0,44.6923076923,5.0,1.99134199134,63.0,18.4156480927,40.0
2016-09-06,1,0,22.0,26.0,0,40.0,47.3846153846,5.0,1.64874551971,63.0,14.5736245507,58.0
2016-09-07,2,0,20.0,26.0,1,40.0,51.4615384615,5.0,1.49621212121,63.0,8.13931942548,4.0
2016-09-08,3,0,21.0,30.0,1,37.0,48.6153846154,4.0,0.967283072546,63.0,14.9333826429,4.0
2016-09-09,4,0,23.0,32.0,1,5.0,45.0769230769,4.0,0.626780626781,63.0,19.0645120919,52.0
2016-09-10,5,1,21.0,30.0,1,5.0,45.1538461538,4.0,0.534045393858,63.0,19.0902558868,62.0
2016-09-11,6,1,20.0,28.0,1,5.0,45.4615384615,4.0,0.976013234078,63.0,19.3256122785,83.0
2016-09-12,0,0,20.0,30.0,1,5.0,48.5384615385,4.0,1.48567119155,83.0,21.7241991429,50.0
2016-09-13,1,0,21.0,30.0,1,5.0,48.0769230769,4.0,1.39935414424,83.0,21.6242795823,49.0
2016-09-14,2,0,22.0,28.0,1,5.0,48.1538461538,4.0,1.24700239808,83.0,21.6256477141,52.0
2016-09-15,3,1,21.0,23.0,0,5.0,49.0769230769,4.0,1.02303523035,83.0,21.5137220556,49.0
2016-09-16,4,1,21.0,23.0,0,5.0,48.0,4.0,1.01729399797,83.0,21.1369163023,49.0
2016-09-17,5,1,21.0,27.0,1,5.0,47.0769230769,4.0,1.01936799185,83.0,20.8085098659,53.0
2016-09-18,6,0,20.0,28.0,1,5.0,46.5384615385,4.0,1.03142076503,83.0,20.5561721392,54.0
2016-09-19,0,0,17.0,26.0,1,5.0,47.6153846154,4.0,1.05369807497,83.0,20.5521417994,51.0
2016-09-20,1,0,18.0,26.0,1,5.0,47.0769230769,4.0,1.07264086897,83.0,20.3638500911,59.0
2016-09-21,2,0,17.0,24.0,1,5.0,51.3076923077,4.0,1.10104061766,83.0,16.2782753546,52.0
2016-09-22,3,0,19.0,27.0,1,5.0,55.0,4.0,1.07462686567,83.0,8.90116673424,53.0
2016-09-23,4,0,19.0,28.0,1,5.0,55.0769230769,4.0,1.09882747069,83.0,8.87920248031,62.0
2016-09-24,5,1,21.0,29.0,1,5.0,55.0769230769,4.0,1.11780455154,83.0,8.87920248031,75.0
2016-09-25,6,1,21.0,28.0,1,5.0,54.4615384615,4.0,1.25288493241,83.0,7.00126784799,81.0
2016-09-26,0,0,23.0,30.0,1,40.0,56.8461538462,4.0,1.38149556401,83.0,9.7967510615,44.0
2016-09-27,1,0,23.0,30.0,0,40.0,56.4615384615,4.0,1.28452151574,83.0,10.1875896192,52.0
2016-09-28,2,0,19.0,23.0,0,41.0,56.4615384615,4.0,1.08655616943,83.0,10.1875896192,63.0
2016-09-29,3,0,17.0,19.0,0,43.0,57.5384615385,4.0,0.92576419214,83.0,10.0813261079,51.0
2016-09-30,4,0,18.0,21.0,0,44.0,57.6923076923,4.0,0.967365967366,83.0,9.96443379367,44.0
2016-10-01,5,1,20.0,24.0,0,44.0,57.0,4.0,0.935464772054,83.0,10.5611770906,66.0
2016-10-02,6,1,20.0,24.0,0,48.0,57.9230769231,4.0,0.967838893898,83.0,10.7807630561,58.0
2016-10-03,0,1,18.0,26.0,1,49.0,58.4615384615,4.0,1.00268576544,83.0,10.594740238,73.0
2016-10-04,1,1,20.0,25.0,1,49.0,59.5384615385,4.0,1.15103710196,83.0,11.2838576642,54.0
2016-10-05,2,1,20.0,26.0,1,49.0,59.6923076923,4.0,1.07903178769,83.0,11.1932989252,72.0
2016-10-06,3,1,19.0,25.0,1,50.0,61.1538461538,4.0,1.13779302459,83.0,11.4612803275,60.0
2016-10-07,4,1,17.0,20.0,0,50.0,61.0,4.0,1.05352591334,83.0,11.4623128288,54.0
2016-10-08,5,0,14.0,22.0,1,51.0,59.3846153846,44.0,1.05263157895,83.0,10.8382404301,56.0
2016-10-09,6,0,13.0,21.0,1,51.0,57.4615384615,44.0,0.960451977401,83.0,8.8718689785,59.0
2016-10-10,0,0,16.0,21.0,1,51.0,58.6153846154,44.0,0.948372615039,83.0,7.97629624419,50.0
2016-10-11,1,0,16.0,20.0,1,51.0,58.4615384615,44.0,0.932994062765,81.0,8.12039582794,45.0
2016-10-12,2,0,16.0,19.0,1,51.0,57.0769230769,44.0,0.875995449374,81.0,8.73949073029,69.0
2016-10-13,3,0,17.0,20.0,1,52.0,58.4615384615,44.0,0.920314253648,81.0,9.08604496014,50.0
2016-10-14,4,0,16.0,18.0,1,52.0,58.9230769231,44.0,0.92970521542,81.0,8.47132301411,82.0
2016-10-15,5,1,18.0,21.0,0,52.0,60.1538461538,44.0,1.13271344041,82.0,10.3615127634,86.0
2016-10-16,6,1,17.0,23.0,1,52.0,62.3076923077,44.0,1.22334455668,86.0,12.3996564182,89.0
2016-10-17,0,0,18.0,22.0,1,52.0,63.5384615385,44.0,1.38956474723,89.0,14.0800753091,77.0
2016-10-18,1,0,18.0,23.0,1,53.0,65.3076923077,44.0,1.33545310016,89.0,14.2147519007,60.0
2016-10-19,2,0,19.0,22.0,1,53.0,64.3846153846,44.0,1.2005312085,89.0,14.1396249626,58.0
2016-10-20,3,0,19.0,21.0,0,54.0,64.2307692308,44.0,1.03011093502,89.0,14.1972578401,56.0
2016-10-21,4,0,19.0,21.0,0,54.0,64.3846153846,44.0,0.910518053375,89.0,14.096035785,66.0
2016-10-22,5,1,18.0,21.0,0,54.0,65.1538461538,44.0,0.94191522763,89.0,13.8888231425,81.0
2016-10-23,6,1,15.0,18.0,1,56.0,66.8461538462,44.0,1.04343356464,89.0,14.3679459152,60.0
2016-10-24,0,0,16.0,20.0,1,56.0,67.6153846154,44.0,1.07476635514,89.0,13.6974925361,64.0
2016-10-25,1,0,14.0,17.0,1,56.0,69.0769230769,44.0,1.0561566203,89.0,12.1304546079,63.0
2016-10-26,2,0,16.0,18.0,0,58.0,68.6153846154,44.0,0.970168612192,89.0,12.2382657239,61.0
2016-10-27,3,0,15.0,17.0,0,58.0,69.4615384615,44.0,0.974598237429,89.0,11.2633878263,57.0
2016-10-28,4,0,11.0,15.0,0,58.0,67.5384615385,44.0,0.936126196018,89.0,11.091336776,66.0
2016-10-29,5,1,8.0,12.0,0,58.0,66.0,44.0,0.944316140621,89.0,9.72704398136,92.0
2016-10-30,6,1,10.0,17.0,1,58.0,66.2307692308,45.0,1.07607607608,92.0,10.2893062198,52.0
2016-10-31,0,0,10.0,15.0,0,58.0,64.3076923077,45.0,1.04947526237,92.0,10.4320852358,60.0
