time_stamp,dayofweek,holiday,lt,ht,sunny,m2M,w2A,m1L,d3w3,m1Lar,w2Std,pay_sum
2016-08-01,0,0,24.0,30.0,1,69.0,67.0,40.0,1.00192678227,92.0,10.9825035677,75.0
2016-08-02,1,0,24.0,33.0,1,69.0,68.2307692308,40.0,1.00791936645,92.0,10.9133217544,76.0
2016-08-03,2,0,25.0,34.0,1,70.0,71.0,40.0,1.02307875327,92.0,7.40062367434,72.0
2016-08-04,3,0,25.0,33.0,1,70.0,70.6153846154,40.0,1.06418515867,92.0,7.20617749454,55.0
2016-08-05,4,0,25.0,32.0,1,70.0,69.0769230769,40.0,0.995098039216,92.0,8.17558784959,75.0
2016-08-06,5,1,24.0,33.0,1,71.0,69.2307692308,40.0,0.990924699534,92.0,8.26627854278,55.0
2016-08-07,6,1,23.0,31.0,1,70.0,69.5384615385,40.0,0.91697645601,92.0,7.63207184912,64.0
2016-08-08,0,0,24.0,32.0,1,70.0,69.4615384615,40.0,0.96301811864,92.0,7.68230118384,39.0
2016-08-09,1,0,25.0,33.0,1,70.0,66.1538461538,39.0,0.79617031998,92.0,10.3615127634,185.0
2016-08-10,2,0,26.0,33.0,1,71.0,74.8461538462,39.0,1.30790190736,185.0,33.4016262935,150.0
2016-08-11,3,0,27.0,34.0,1,71.0,81.0769230769,39.0,1.61799697166,185.0,38.8418124002,149.0
2016-08-12,4,0,25.0,29.0,0,71.0,86.9230769231,39.0,1.99793601651,185.0,42.7127463203,121.0
2016-08-13,5,1,24.0,31.0,0,72.0,90.7692307692,39.0,1.68370414913,185.0,43.3521427847,127.0
2016-08-14,6,1,24.0,33.0,1,72.0,95.6153846154,39.0,1.52194747939,185.0,43.6093470248,98.0
2016-08-15,0,0,21.0,29.0,0,72.0,97.3846153846,39.0,1.30173062453,185.0,43.2017422397,93.0
2016-08-16,1,0,23.0,31.0,1,72.0,98.6923076923,39.0,1.18900729108,185.0,42.7899783655,73.0
2016-08-17,2,0,23.0,28.0,0,72.0,98.7692307692,39.0,0.986547085202,185.0,42.742797587,81.0
2016-08-18,3,0,22.0,24.0,0,72.0,100.769230769,39.0,0.916852264291,185.0,41.2294775917,76.0
2016-08-19,4,0,22.0,32.0,1,73.0,100.846153846,39.0,0.852325365944,185.0,41.1822332003,94.0
2016-08-20,5,1,23.0,31.0,1,73.0,103.846153846,39.0,0.918404683498,185.0,39.1011433117,100.0
2016-08-21,6,1,23.0,34.0,1,73.0,106.615384615,39.0,0.968783638321,185.0,37.419736589,59.0
2016-08-22,0,0,23.0,32.0,1,73.0,108.153846154,39.0,0.915671371697,185.0,34.9369677559,73.0
2016-08-23,1,0,24.0,30.0,0,73.0,99.5384615385,39.0,0.84103679536,185.0,28.056578509,83.0
2016-08-24,2,0,24.0,31.0,0,73.0,94.3846153846,39.0,0.774774774775,185.0,24.2027921515,80.0
2016-08-25,3,0,18.0,30.0,1,73.0,89.0769230769,39.0,0.839111111111,185.0,18.5491510835,85.0
2016-08-26,4,0,17.0,29.0,1,73.0,86.3076923077,39.0,0.877099911583,185.0,16.102482443,86.0
2016-08-27,5,1,20.0,32.0,1,75.0,83.1538461538,39.0,0.873347251218,185.0,11.0442895363,88.0
2016-08-28,6,1,18.0,31.0,1,75.0,82.3846153846,39.0,0.890034364261,185.0,10.3071182389,63.0
2016-08-29,0,0,19.0,31.0,1,75.0,80.0769230769,39.0,0.804480651731,185.0,11.0067219913,67.0
2016-08-30,1,0,19.0,31.0,1,75.0,79.6153846154,39.0,0.787287829541,185.0,11.4121289158,65.0
2016-08-31,2,0,19.0,33.0,1,75.0,78.3846153846,39.0,0.738216922203,185.0,12.041840273,78.0
2016-09-01,3,0,19.0,27.0,1,75.0,78.5384615385,39.0,0.828402366864,185.0,12.0231532061,48.0
2016-09-02,4,0,19.0,28.0,1,75.0,75.0,39.0,0.787466501752,185.0,13.6156019105,76.0
2016-09-03,5,1,20.0,30.0,1,75.0,73.1538461538,39.0,0.85994040017,185.0,11.5748145281,82.0
2016-09-04,6,1,18.0,29.0,0,75.0,74.9230769231,39.0,0.886021505376,185.0,11.0206906,55.0
2016-09-05,0,0,20.0,31.0,1,75.0,73.5384615385,39.0,0.939153439153,185.0,12.2387492109,63.0
2016-09-06,1,0,21.0,30.0,1,73.0,72.0,39.0,0.887705281846,185.0,12.2097061012,71.0
2016-09-07,2,0,19.0,31.0,1,73.0,71.3076923077,48.0,0.844504021448,185.0,11.9896404988,99.0
2016-09-08,3,0,18.0,31.0,1,75.0,72.3846153846,48.0,1.02530253025,150.0,13.6806346093,87.0
2016-09-09,4,0,19.0,31.0,1,75.0,72.4615384615,48.0,1.13616268789,149.0,13.7595582701,69.0
2016-09-10,5,1,18.0,30.0,1,75.0,71.0,48.0,1.1509817197,127.0,13.020693589,94.0
2016-09-11,6,1,18.0,25.0,0,75.0,73.3846153846,48.0,1.10229276896,127.0,14.1287402756,80.0
2016-09-12,0,0,18.0,27.0,1,75.0,74.3846153846,48.0,1.06649111257,100.0,14.1014918007,85.0
2016-09-13,1,0,19.0,27.0,1,75.0,75.9230769231,48.0,1.13521805829,100.0,14.0846973068,64.0
2016-09-14,2,0,20.0,30.0,1,75.0,74.8461538462,48.0,1.01439645626,100.0,14.4160495701,81.0
2016-09-15,3,1,21.0,30.0,1,75.0,77.3846153846,48.0,1.02154119476,100.0,12.2004947033,58.0
2016-09-16,4,1,20.0,30.0,0,75.0,76.0,48.0,0.91875990043,100.0,13.2548974984,74.0
2016-09-17,5,1,17.0,24.0,1,75.0,75.3846153846,48.0,0.973269362577,100.0,13.1473218188,63.0
2016-09-18,6,0,15.0,22.0,0,75.0,76.0,48.0,0.89102124743,100.0,12.3413002681,57.0
2016-09-19,0,0,13.0,25.0,1,75.0,75.5384615385,48.0,0.892569588222,99.0,12.917581249,69.0
2016-09-20,1,0,14.0,26.0,1,74.0,75.3846153846,48.0,0.86717136958,99.0,12.9824642768,50.0
2016-09-21,2,0,16.0,23.0,0,74.0,71.6153846154,48.0,0.823391812865,99.0,12.6888107071,78.0
2016-09-22,3,0,17.0,26.0,0,75.0,70.9230769231,48.0,0.902634593356,99.0,12.0604983853,75.0
2016-09-23,4,0,19.0,27.0,1,75.0,71.3846153846,48.0,0.930765703806,99.0,12.0928361599,82.0
2016-09-24,5,1,20.0,29.0,1,75.0,70.4615384615,48.0,1.0774873911,99.0,10.7102782023,68.0
2016-09-25,6,1,19.0,27.0,1,75.0,69.5384615385,48.0,1.02249488753,99.0,10.3597994086,74.0
2016-09-26,0,0,19.0,24.0,0,75.0,68.6923076923,48.0,1.01037437979,99.0,9.47372573436,67.0
2016-09-27,1,0,12.0,23.0,1,75.0,68.9230769231,48.0,0.945273631841,99.0,9.39280852946,68.0
2016-09-28,2,0,10.0,20.0,1,75.0,67.9230769231,48.0,0.965580965581,99.0,8.72186940496,82.0
2016-09-29,3,0,12.0,22.0,1,75.0,69.7692307692,48.0,1.0060268892,99.0,8.96277640839,83.0
2016-09-30,4,0,14.0,24.0,1,76.0,70.4615384615,48.0,1.06978879706,99.0,9.58857801774,86.0
2016-10-01,5,1,15.0,26.0,1,76.0,72.2307692308,50.0,1.15881809788,99.0,10.1538461538,60.0
2016-10-02,6,1,16.0,26.0,1,76.0,72.4615384615,50.0,1.07209737828,99.0,9.83412727046,51.0
2016-10-03,0,1,16.0,28.0,1,76.0,71.0769230769,50.0,0.9448441247,99.0,11.3710938413,66.0
2016-10-04,1,1,11.0,19.0,0,76.0,72.3076923077,50.0,0.847701149425,99.0,9.77740421258,50.0
2016-10-05,2,1,13.0,21.0,1,76.0,70.1538461538,50.0,0.818025961303,99.0,11.2581331548,64.0
2016-10-06,3,1,14.0,17.0,0,76.0,69.3076923077,50.0,0.87783467447,99.0,11.2754642776,49.0
2016-10-07,4,1,12.0,16.0,0,76.0,66.7692307692,49.0,0.809736711376,94.0,11.8331597065,43.0
2016-10-08,5,0,5.0,19.0,1,75.0,64.8461538462,43.0,0.786686838124,94.0,13.4040530831,54.0
2016-10-09,6,0,8.0,18.0,1,74.0,63.3076923077,43.0,0.737932777357,94.0,13.4128790885,73.0
2016-10-10,0,0,10.0,20.0,1,74.0,63.7692307692,43.0,0.856638951877,86.0,13.6334083224,66.0
2016-10-11,1,0,10.0,20.0,1,73.0,63.6153846154,43.0,0.960916106547,86.0,13.5960314433,64.0
2016-10-12,2,0,10.0,19.0,1,73.0,62.2307692308,43.0,1.0213836478,86.0,12.5278388225,50.0
2016-10-13,3,0,12.0,22.0,1,73.0,59.6923076923,43.0,0.923076923077,86.0,11.3502600132,71.0
2016-10-14,4,0,13.0,23.0,1,71.0,58.5384615385,43.0,0.956814067753,86.0,9.17031485589,84.0
2016-10-15,5,1,11.0,17.0,0,71.0,60.3846153846,43.0,1.0472541507,86.0,11.4188673932,89.0
2016-10-16,6,1,12.0,20.0,1,71.0,63.3076923077,43.0,1.23232323232,89.0,13.3438814292,76.0
2016-10-17,0,0,9.0,21.0,1,71.0,64.0769230769,43.0,1.24905944319,89.0,13.7586981633,86.0
2016-10-18,1,0,12.0,20.0,1,71.0,66.8461538462,43.0,1.24226676565,89.0,14.2604679708,64.0
2016-10-19,2,0,14.0,22.0,1,71.0,66.8461538462,43.0,1.13368447454,89.0,14.2604679708,63.0
2016-10-20,3,0,11.0,15.0,0,71.0,67.9230769231,43.0,1.08479755539,89.0,13.3731161921,75.0
2016-10-21,4,0,11.0,11.0,0,71.0,70.3846153846,43.0,1.03749357987,89.0,11.3513026127,81.0
2016-10-22,5,1,7.0,15.0,1,71.0,72.4615384615,43.0,1.10689916603,89.0,10.6092512939,75.0
2016-10-23,6,1,0.0,5.0,1,71.0,72.6153846154,43.0,1.14668652271,89.0,10.6304241289,76.0
2016-10-24,0,0,6.0,13.0,1,71.0,73.3846153846,43.0,1.14313870411,89.0,10.484702861,58.0
2016-10-25,1,0,10.0,17.0,1,69.0,72.9230769231,43.0,1.02375704139,89.0,11.0067219913,75.0
2016-10-26,2,0,0.0,10.0,1,69.0,74.8461538462,43.0,1.01554907677,89.0,8.79550719092,56.0
2016-10-27,3,0,7.0,11.0,0,69.0,73.6923076923,43.0,0.913705583756,89.0,10.1100453882,46.0
2016-10-28,4,0,2.0,13.0,1,69.0,70.7692307692,43.0,0.853835021708,89.0,12.0201999609,70.0
2016-10-29,5,1,2.0,12.0,1,70.0,69.3076923077,43.0,0.820219360992,89.0,10.8087188125,86.0
2016-10-30,6,1,2.0,13.0,1,70.0,70.0769230769,43.0,0.954405858729,89.0,11.5855449622,70.0
2016-10-31,0,0,-4.0,6.0,1,70.0,68.8461538462,43.0,1.06478209658,89.0,10.639882546,67.0
