time_stamp,dayofweek,holiday,lt,ht,sunny,m2M,w2A,m1L,d3w3,m1Lar,w2Std,pay_sum
2016-08-01,0,0,27.0,37.0,1,180.0,174.846153846,148.0,0.886764154481,223.0,12.359027556,169.0
2016-08-02,1,0,26.0,36.0,0,180.0,174.230769231,148.0,0.895437801077,223.0,12.4353951789,180.0
2016-08-03,2,0,25.0,31.0,0,180.0,174.153846154,148.0,0.941555366108,223.0,12.3963155435,161.0
2016-08-04,3,0,25.0,29.0,0,179.0,172.384615385,148.0,0.973096737264,223.0,12.5056200384,186.0
2016-08-05,4,0,25.0,31.0,0,180.0,171.384615385,148.0,1.00639740285,223.0,10.7312517123,220.0
2016-08-06,5,1,24.0,32.0,0,180.0,174.461538462,148.0,1.07112496458,223.0,16.7865119143,185.0
2016-08-07,6,1,25.0,32.0,0,180.0,175.692307692,148.0,1.11488398415,220.0,16.92692264,169.0
2016-08-08,0,0,26.0,32.0,0,180.0,175.692307692,148.0,1.08006397591,220.0,16.92692264,171.0
2016-08-09,1,0,26.0,32.0,0,180.0,175.0,148.0,0.989539157478,220.0,16.9206291936,495.0
2016-08-10,2,0,26.0,34.0,0,180.0,199.307692308,148.0,1.44551198823,495.0,87.0122755401,496.0
2016-08-11,3,0,27.0,35.0,0,180.0,223.461538462,148.0,1.86083753703,496.0,117.200430155,451.0
2016-08-12,4,0,28.0,38.0,1,181.0,245.230769231,148.0,2.17742544356,496.0,130.414813839,453.0
2016-08-13,5,1,28.0,37.0,1,181.0,268.0,148.0,1.99089874858,496.0,138.60513921,385.0
2016-08-14,6,1,28.0,37.0,1,182.0,286.230769231,148.0,1.75231103861,496.0,137.201790662,360.0
2016-08-15,0,0,28.0,37.0,1,182.0,300.923076923,148.0,1.56754988551,496.0,134.051919642,226.0
2016-08-16,1,0,27.0,37.0,1,184.0,304.461538462,148.0,1.25915839979,496.0,131.3940728,243.0
2016-08-17,2,0,27.0,36.0,1,184.0,310.769230769,148.0,1.06179955171,496.0,126.222120362,238.0
2016-08-18,3,0,28.0,37.0,1,184.0,314.769230769,148.0,0.895900652601,496.0,122.987275043,250.0
2016-08-19,4,0,27.0,37.0,1,185.0,317.076923077,148.0,0.912096824506,496.0,121.459370566,195.0
2016-08-20,5,1,26.0,36.0,1,185.0,317.846153846,148.0,0.846187201883,496.0,120.649426122,199.0
2016-08-21,6,1,26.0,34.0,1,185.0,320.153846154,148.0,0.790378006873,496.0,118.039006691,186.0
2016-08-22,0,0,27.0,33.0,1,185.0,321.307692308,148.0,0.709610326054,496.0,116.640397155,185.0
2016-08-23,1,0,27.0,34.0,1,185.0,297.461538462,148.0,0.696736340301,496.0,110.203738164,218.0
2016-08-24,2,0,27.0,34.0,1,185.0,276.076923077,148.0,0.712514365209,496.0,95.6093506358,226.0
2016-08-25,3,0,24.0,35.0,0,185.0,258.769230769,148.0,0.755419443944,496.0,81.7361174721,252.0
2016-08-26,4,0,21.0,27.0,0,186.0,243.307692308,148.0,0.831094393695,496.0,59.5255402397,224.0
2016-08-27,5,1,18.0,27.0,1,186.0,230.923076923,148.0,0.832443970117,496.0,43.2923186266,275.0
2016-08-28,6,1,18.0,30.0,1,186.0,224.384615385,148.0,0.874068901304,496.0,26.4445383674,245.0
2016-08-29,0,0,19.0,31.0,1,186.0,225.846153846,148.0,0.854877628404,496.0,27.0123793668,230.0
2016-08-30,1,0,20.0,31.0,1,186.0,224.846153846,161.0,0.903016073686,496.0,26.5962581343,214.0
2016-08-31,2,0,21.0,32.0,1,189.0,223.0,161.0,0.874088169997,496.0,26.4516976335,157.0
2016-09-01,3,0,21.0,31.0,1,189.0,215.846153846,157.0,0.807632869717,496.0,30.4551275305,186.0
2016-09-02,4,0,22.0,33.0,1,189.0,215.153846154,157.0,0.791080812385,496.0,31.0182233133,210.0
2016-09-03,5,1,22.0,33.0,1,190.0,216.0,157.0,0.815814708269,496.0,30.7145668272,217.0
2016-09-04,6,1,22.0,31.0,1,190.0,218.384615385,157.0,0.933881779403,496.0,29.4710769857,205.0
2016-09-05,0,0,23.0,32.0,1,190.0,219.923076923,157.0,0.967470340605,496.0,28.1819951755,177.0
2016-09-06,1,0,21.0,31.0,1,189.0,216.769230769,157.0,0.931063962074,496.0,30.4255809531,187.0
2016-09-07,2,0,23.0,32.0,1,187.0,213.769230769,157.0,0.895076293849,496.0,31.2782889709,161.0
2016-09-08,3,0,22.0,32.0,1,186.0,206.769230769,157.0,0.843576765486,496.0,32.1107550786,187.0
2016-09-09,4,0,21.0,31.0,0,187.0,203.923076923,157.0,0.861305642759,453.0,32.0971159463,176.0
2016-09-10,5,1,22.0,32.0,1,186.0,196.307692308,157.0,0.848308240246,453.0,25.3692261044,213.0
2016-09-11,6,1,20.0,31.0,1,186.0,193.846153846,157.0,0.926417370326,385.0,21.8309806462,212.0
2016-09-12,0,0,22.0,33.0,1,187.0,192.461538462,157.0,0.960370725471,360.0,19.9869780092,176.0
2016-09-13,1,0,21.0,32.0,1,186.0,189.538461538,157.0,0.970137207425,275.0,19.3931605097,196.0
2016-09-14,2,0,21.0,31.0,1,187.0,192.538461538,157.0,0.949593495935,275.0,16.9959967441,202.0
2016-09-15,3,1,23.0,31.0,0,187.0,193.769230769,157.0,0.944855967078,275.0,17.0571611226,180.0
2016-09-16,4,1,22.0,30.0,0,187.0,191.461538462,157.0,0.961890497587,275.0,16.7314323476,157.0
2016-09-17,5,1,21.0,32.0,1,187.0,186.846153846,157.0,0.924211248285,275.0,17.3153829067,151.0
2016-09-18,6,0,20.0,31.0,1,187.0,182.692307692,151.0,0.857494289229,275.0,18.8695302432,131.0
2016-09-19,0,0,18.0,29.0,1,187.0,179.153846154,131.0,0.792061344159,275.0,23.3793010156,148.0
2016-09-20,1,0,18.0,27.0,1,187.0,176.153846154,131.0,0.789932947552,275.0,24.647815175,132.0
2016-09-21,2,0,17.0,28.0,1,187.0,173.923076923,131.0,0.760266370699,275.0,27.107936784,158.0
2016-09-22,3,0,17.0,30.0,1,187.0,171.692307692,131.0,0.816554809843,275.0,27.1332456177,174.0
2016-09-23,4,0,18.0,31.0,1,187.0,171.538461538,131.0,0.873822975518,275.0,27.1140479758,189.0
2016-09-24,5,1,22.0,32.0,1,187.0,169.692307692,131.0,0.988990129081,275.0,24.9596123472,174.0
2016-09-25,6,1,23.0,30.0,1,187.0,166.769230769,131.0,1.02844010342,275.0,21.8672704011,175.0
2016-09-26,0,0,23.0,33.0,1,187.0,166.692307692,131.0,1.0309475903,245.0,21.8364008565,150.0
2016-09-27,1,0,22.0,32.0,1,187.0,163.153846154,131.0,0.966492349409,230.0,20.4858155574,167.0
2016-09-28,2,0,16.0,25.0,0,187.0,160.461538462,131.0,0.951276102088,217.0,17.2475879456,162.0
2016-09-29,3,0,15.0,18.0,0,187.0,159.076923077,131.0,0.932904859285,217.0,16.3211120401,185.0
2016-09-30,4,0,17.0,20.0,0,187.0,161.230769231,131.0,0.998445998446,217.0,17.6946486746,197.0
2016-10-01,5,1,17.0,20.0,0,189.0,164.769230769,131.0,1.06167056987,217.0,19.7723732911,141.0
2016-10-02,6,1,16.0,23.0,0,189.0,165.538461538,131.0,1.04235176881,217.0,18.6036199315,146.0
2016-10-03,0,1,18.0,29.0,1,189.0,165.384615385,131.0,0.973353443942,213.0,18.7556697542,131.0
2016-10-04,1,1,17.0,30.0,1,187.0,165.307692308,131.0,0.857435897436,213.0,18.8939738679,158.0
2016-10-05,2,1,18.0,30.0,1,187.0,165.307692308,131.0,0.904553961323,213.0,18.8939738679,124.0
2016-10-06,3,1,19.0,29.0,1,187.0,161.461538462,124.0,0.874074074074,213.0,21.6248268454,134.0
2016-10-07,4,1,19.0,27.0,1,187.0,157.230769231,124.0,0.886899051274,213.0,21.1992519685,143.0
2016-10-08,5,0,16.0,26.0,1,187.0,154.846153846,124.0,0.857112322326,213.0,20.9205315194,145.0
2016-10-09,6,0,16.0,24.0,1,186.0,152.538461538,124.0,0.897967868922,213.0,20.2127735113,136.0
2016-10-10,0,0,16.0,23.0,1,186.0,151.461538462,124.0,0.905692619887,212.0,20.6867307326,145.0
2016-10-11,1,0,16.0,21.0,1,185.0,149.769230769,124.0,0.906190172304,202.0,20.2414420517,137.0
2016-10-12,2,0,16.0,19.0,1,185.0,147.846153846,124.0,0.895170789164,202.0,20.1755608209,163.0
2016-10-13,3,0,15.0,18.0,0,180.0,146.153846154,124.0,0.956372232968,202.0,17.7670661352,165.0
2016-10-14,4,0,15.0,19.0,1,177.0,143.692307692,124.0,1.00714749838,197.0,11.749858365,196.0
2016-10-15,5,1,16.0,23.0,1,177.0,147.923076923,124.0,1.12688172043,197.0,18.167856393,182.0
2016-10-16,6,1,16.0,24.0,1,177.0,150.692307692,124.0,1.16511103959,197.0,20.2840771785,176.0
2016-10-17,0,0,16.0,23.0,1,176.0,154.153846154,124.0,1.1788488137,197.0,20.4670322295,156.0
2016-10-18,1,0,18.0,25.0,1,176.0,154.0,124.0,1.09758701687,197.0,20.4450483003,161.0
2016-10-19,2,0,18.0,24.0,0,176.0,156.846153846,124.0,1.05308127737,197.0,18.5590374164,164.0
2016-10-20,3,0,19.0,23.0,0,175.0,159.153846154,124.0,1.03440860215,197.0,17.4040055241,142.0
2016-10-21,4,0,18.0,24.0,0,174.0,159.076923077,124.0,1.02244116037,197.0,17.4772887286,216.0
2016-10-22,5,1,16.0,21.0,0,174.0,164.538461538,124.0,1.11538461538,216.0,22.5750556166,171.0
2016-10-23,6,1,15.0,18.0,1,174.0,167.230769231,124.0,1.12135665077,216.0,21.0463000445,164.0
2016-10-24,0,0,12.0,16.0,0,171.0,168.692307692,124.0,1.15586322635,216.0,20.089739499,158.0
2016-10-25,1,0,12.0,16.0,0,167.0,170.307692308,124.0,1.03419341305,216.0,18.2351503986,154.0
2016-10-26,2,0,13.0,16.0,0,165.0,169.615384615,124.0,0.989193682461,216.0,18.6652225421,167.0
2016-10-27,3,0,12.0,16.0,0,165.0,169.769230769,124.0,0.985292605163,216.0,18.634764229,183.0
2016-10-28,4,0,9.0,14.0,0,165.0,168.769230769,124.0,1.02407802499,216.0,17.5155045434,160.0
2016-10-29,5,1,7.0,11.0,0,164.0,167.076923077,124.0,1.03155339806,216.0,17.2156527098,206.0
2016-10-30,6,1,9.0,15.0,0,165.0,169.384615385,124.0,1.08734402852,216.0,20.0366528048,145.0
2016-10-31,0,0,9.0,14.0,0,164.0,168.538461538,124.0,1.01208160032,216.0,20.8016840465,153.0
