time_stamp,dayofweek,holiday,lt,ht,sunny,m2M,w2A,m1L,d3w3,m1Lar,w2Std,pay_sum
2016-08-01,0,0,28.0,34.0,1,80.0,104.384615385,57.0,1.18768078952,139.0,13.470985696,127.0
2016-08-02,1,0,28.0,34.0,0,81.0,106.230769231,57.0,1.2591119947,139.0,14.7395535166,126.0
2016-08-03,2,0,26.0,32.0,0,81.0,107.923076923,57.0,1.1813938516,139.0,15.6227720305,103.0
2016-08-04,3,0,27.0,32.0,0,82.0,107.923076923,57.0,1.13177555238,139.0,15.6227720305,67.0
2016-08-05,4,0,27.0,33.0,0,82.0,104.538461538,57.0,0.957464014233,139.0,18.9923684456,115.0
2016-08-06,5,1,27.0,33.0,1,82.0,105.153846154,57.0,0.916104146577,139.0,19.190727544,107.0
2016-08-07,6,1,27.0,34.0,1,85.0,105.846153846,57.0,0.921850079745,139.0,19.0821953012,98.0
2016-08-08,0,0,27.0,34.0,0,85.0,105.538461538,57.0,1.01587301587,139.0,19.1737616574,100.0
2016-08-09,1,0,28.0,34.0,1,86.0,106.923076923,57.0,0.969639167064,139.0,18.0403886128,89.0
2016-08-10,2,0,28.0,34.0,1,87.0,105.153846154,67.0,0.918988152418,139.0,18.575609127,98.0
2016-08-11,3,0,28.0,35.0,1,88.0,106.076923077,67.0,0.921200449366,139.0,17.8862282151,82.0
2016-08-12,4,0,28.0,34.0,1,88.0,105.0,67.0,0.875651041667,139.0,18.8557275526,126.0
2016-08-13,5,1,28.0,35.0,1,88.0,104.0,67.0,0.986937590711,139.0,17.3071794796,112.0
2016-08-14,6,1,28.0,36.0,1,88.0,103.846153846,67.0,1.02514816595,139.0,17.2263043666,86.0
2016-08-15,0,0,28.0,35.0,1,88.0,100.692307692,67.0,1.04600484262,139.0,16.4334771609,94.0
2016-08-16,1,0,28.0,35.0,1,89.0,98.2307692308,67.0,0.937249237683,139.0,14.7708332464,153.0
2016-08-17,2,0,28.0,35.0,1,89.0,102.076923077,67.0,1.04815864023,153.0,20.7937177586,101.0
2016-08-18,3,0,28.0,36.0,1,89.0,104.692307692,67.0,1.08766994843,153.0,18.1929175373,122.0
2016-08-19,4,0,29.0,36.0,1,91.0,105.230769231,67.0,1.16103134167,153.0,18.5893014978,112.0
2016-08-20,5,1,28.0,37.0,0,94.0,105.615384615,67.0,1.04752970607,153.0,18.6734631189,108.0
2016-08-21,6,1,28.0,35.0,0,96.0,106.384615385,67.0,1.07243650047,153.0,18.5494700797,103.0
2016-08-22,0,0,28.0,35.0,1,98.0,106.615384615,67.0,1.02442118617,153.0,18.4871617056,98.0
2016-08-23,1,0,26.0,34.0,1,98.0,107.307692308,67.0,0.99324975892,153.0,17.975986612,93.0
2016-08-24,2,0,26.0,34.0,1,98.0,106.923076923,67.0,0.949612403101,153.0,18.2228155321,122.0
2016-08-25,3,0,27.0,35.0,1,98.0,110.0,67.0,0.98474123014,153.0,17.0970082853,85.0
2016-08-26,4,0,26.0,34.0,0,98.0,106.846153846,67.0,0.957395883198,153.0,17.6279766885,124.0
2016-08-27,5,1,23.0,31.0,1,98.0,107.769230769,67.0,1.04779993669,153.0,18.1792521051,105.0
2016-08-28,6,1,22.0,30.0,1,100.0,109.230769231,67.0,0.990692538255,153.0,17.1021988967,69.0
2016-08-29,0,0,23.0,31.0,1,100.0,107.307692308,67.0,0.954210694845,153.0,19.8857684534,95.0
2016-08-30,1,0,23.0,31.0,1,98.0,102.846153846,67.0,0.858876117497,153.0,15.0529636941,75.0
2016-08-31,2,0,25.0,34.0,1,98.0,100.846153846,67.0,0.771589991929,153.0,16.7921508855,137.0
2016-09-01,3,0,26.0,33.0,1,100.0,102.0,67.0,0.965408805031,153.0,18.6217408093,128.0
2016-09-02,4,0,25.0,34.0,1,100.0,103.230769231,67.0,1.06817467798,153.0,19.7373283445,102.0
2016-09-03,5,1,25.0,35.0,1,101.0,102.769230769,69.0,1.15845959596,153.0,19.6905047252,105.0
2016-09-04,6,1,25.0,33.0,1,102.0,102.923076923,69.0,1.04802127327,153.0,19.6995179108,95.0
2016-09-05,0,0,25.0,30.0,0,102.0,102.692307692,69.0,0.944340212633,153.0,19.7732710627,94.0
2016-09-06,1,0,22.0,27.0,0,102.0,102.769230769,69.0,0.945489628558,153.0,19.7373283445,102.0
2016-09-07,2,0,20.0,24.0,0,102.0,101.230769231,69.0,0.935390549662,153.0,18.9418293575,81.0
2016-09-08,3,0,22.0,29.0,1,102.0,100.923076923,69.0,0.908345630431,153.0,19.2332306117,82.0
2016-09-09,4,0,23.0,31.0,1,102.0,97.6923076923,69.0,0.882010317857,153.0,18.6026657121,101.0
2016-09-10,5,1,24.0,29.0,1,102.0,97.3846153846,69.0,0.881763527054,153.0,18.5121102215,93.0
2016-09-11,6,1,23.0,26.0,0,102.0,99.2307692308,69.0,0.926485397784,153.0,16.6970925436,75.0
2016-09-12,0,0,23.0,29.0,1,102.0,97.6923076923,69.0,0.913567668535,153.0,17.8944968566,91.0
2016-09-13,1,0,23.0,30.0,1,102.0,98.9230769231,69.0,0.880503144654,153.0,16.808704423,89.0
2016-09-14,2,0,22.0,24.0,0,101.0,95.2307692308,69.0,0.881742738589,153.0,12.8431594852,70.0
2016-09-15,3,1,23.0,26.0,0,101.0,90.7692307692,69.0,0.871231921938,137.0,10.5550122702,53.0
2016-09-16,4,1,23.0,27.0,0,101.0,87.0,53.0,0.76728193992,137.0,14.043887255,77.0
2016-09-17,5,1,23.0,27.0,0,101.0,84.8461538462,53.0,0.735023888276,137.0,13.2423920326,88.0
2016-09-18,6,0,23.0,28.0,0,100.0,84.3076923077,53.0,0.792871431169,137.0,12.9578287318,70.0
2016-09-19,0,0,21.0,27.0,0,98.0,82.4615384615,53.0,0.866519174041,137.0,13.1536212306,78.0
2016-09-20,1,0,20.0,26.0,1,98.0,80.6153846154,53.0,0.868764954905,137.0,11.9069369667,77.0
2016-09-21,2,0,20.0,27.0,1,98.0,80.3076923077,53.0,0.856653340948,137.0,11.9446455039,87.0
2016-09-22,3,0,21.0,27.0,1,98.0,80.6923076923,53.0,0.943469785575,137.0,12.0727577334,63.0
2016-09-23,4,0,21.0,27.0,1,96.0,77.7692307692,53.0,0.905645322162,137.0,11.3825361927,98.0
2016-09-24,5,1,22.0,28.0,1,98.0,78.1538461538,53.0,0.99358974359,137.0,11.9604872157,121.0
2016-09-25,6,1,23.0,29.0,1,98.0,81.6923076923,53.0,1.1124260355,137.0,16.4615384615,130.0
2016-09-26,0,0,24.0,31.0,1,98.0,84.6923076923,53.0,1.34801081499,137.0,20.8525394705,90.0
2016-09-27,1,0,25.0,30.0,0,98.0,84.7692307692,53.0,1.32633216647,137.0,20.8701253033,102.0
2016-09-28,2,0,22.0,28.0,0,98.0,87.2307692308,53.0,1.23727185399,137.0,20.8701253033,70.0
2016-09-29,3,0,22.0,25.0,0,98.0,88.5384615385,53.0,1.01373573225,137.0,19.145657811,69.0
2016-09-30,4,0,23.0,28.0,0,95.0,87.9230769231,53.0,0.950128129312,130.0,19.6291053069,115.0
2016-10-01,5,1,24.0,29.0,0,95.0,90.0,53.0,0.988519167153,130.0,20.9137422616,78.0
2016-10-02,6,1,24.0,32.0,1,95.0,90.6153846154,53.0,1.01787101787,130.0,20.4282551743,86.0
2016-10-03,0,1,22.0,26.0,1,95.0,91.2307692308,53.0,1.08708357686,130.0,20.1576625864,73.0
2016-10-04,1,1,22.0,26.0,1,94.0,90.9230769231,53.0,0.93215339233,130.0,20.4015894496,78.0
2016-10-05,2,1,22.0,27.0,1,94.0,90.2307692308,53.0,0.927774515561,130.0,20.6738550837,88.0
2016-10-06,3,1,22.0,26.0,0,93.0,92.1538461538,53.0,0.916762562332,130.0,19.1586339398,78.0
2016-10-07,4,1,20.0,25.0,0,93.0,90.6153846154,53.0,0.935403488595,130.0,19.4285217045,72.0
2016-10-08,5,0,17.0,22.0,0,93.0,86.8461538462,53.0,0.9208744438,130.0,17.85775485,59.0
2016-10-09,6,0,18.0,22.0,1,91.0,81.3846153846,53.0,0.813862928349,130.0,14.3341360263,70.0
2016-10-10,0,0,18.0,22.0,1,91.0,79.8461538462,53.0,0.786384976526,130.0,14.4000328731,85.0
2016-10-11,1,0,19.0,25.0,1,90.0,78.5384615385,53.0,0.833333333333,130.0,13.0361354857,86.0
2016-10-12,2,0,19.0,23.0,1,89.0,79.7692307692,53.0,0.939022014417,130.0,12.9267394078,71.0
2016-10-13,3,0,19.0,23.0,1,89.0,79.9230769231,53.0,0.93853015319,130.0,12.8090204902,61.0
2016-10-14,4,0,19.0,23.0,0,88.0,75.7692307692,53.0,0.864050733254,130.0,8.9283803868,81.0
2016-10-15,5,1,21.0,25.0,1,88.0,76.0,59.0,0.864799025579,130.0,9.02134221636,101.0
2016-10-16,6,1,20.0,26.0,1,88.0,77.1538461538,59.0,1.00433973962,130.0,10.9744188831,87.0
2016-10-17,0,0,20.0,25.0,1,87.0,78.2307692308,59.0,1.11387163561,130.0,11.1985840187,74.0
2016-10-18,1,0,20.0,25.0,1,87.0,77.9230769231,59.0,1.10408765276,130.0,11.2555048991,64.0
2016-10-19,2,0,20.0,24.0,0,86.0,76.0769230769,59.0,0.951776649746,130.0,11.41834919,83.0
2016-10-20,3,0,20.0,23.0,0,86.0,76.4615384615,59.0,0.926624737945,130.0,11.5599799349,62.0
2016-10-21,4,0,0.0,21.0,0,85.0,75.6923076923,59.0,0.906527868141,130.0,12.1489766292,63.0
2016-10-22,5,1,19.0,23.0,0,85.0,76.0,59.0,0.911081909768,130.0,11.7669681083,60.0
2016-10-23,6,1,18.0,23.0,1,83.0,75.2307692308,59.0,0.824420677362,130.0,12.4415794579,69.0
2016-10-24,0,0,20.0,24.0,1,82.0,74.0,59.0,0.857908847185,130.0,12.203404317,70.0
2016-10-25,1,0,18.0,22.0,1,81.0,72.7692307692,59.0,0.893980233603,115.0,11.72868834,65.0
2016-10-26,2,0,19.0,21.0,0,81.0,72.3076923077,59.0,0.930869267625,115.0,11.905943024,41.0
2016-10-27,3,0,18.0,22.0,0,81.0,70.7692307692,41.0,0.823970037453,115.0,14.3159612168,63.0
2016-10-28,4,0,15.0,20.0,0,78.0,69.3846153846,41.0,0.796230859835,115.0,14.1287402756,100.0
2016-10-29,5,1,13.0,17.0,1,81.0,69.3076923077,41.0,0.934065934066,115.0,13.9580945106,74.0
2016-10-30,6,1,14.0,18.0,1,78.0,68.3076923077,41.0,1.08219178082,101.0,13.0936544548,71.0
2016-10-31,0,0,13.0,17.0,0,78.0,68.0769230769,41.0,1.1295527893,101.0,13.0175121011,55.0
