time_stamp,dayofweek,holiday,lt,ht,sunny,m2M,w2A,m1L,d3w3,m1Lar,w2Std,pay_sum
2016-08-01,0,0,23.0,33.0,0,45.0,51.6923076923,29.0,0.985680985681,68.0,8.03247845059,51.0
2016-08-02,1,0,22.0,32.0,1,46.0,51.4615384615,29.0,1.02310231023,68.0,8.00591497308,42.0
2016-08-03,2,0,22.0,30.0,0,45.0,51.6923076923,29.0,1.00728959576,68.0,7.67999013806,37.0
2016-08-04,3,0,21.0,32.0,1,45.0,49.3076923077,29.0,0.864936793081,68.0,7.03162761971,35.0
2016-08-05,4,0,22.0,31.0,0,45.0,47.9230769231,35.0,0.764587525151,68.0,7.8882730728,44.0
2016-08-06,5,1,23.0,32.0,0,45.0,46.6153846154,35.0,0.78510998308,68.0,6.96737961491,50.0
2016-08-07,6,1,22.0,31.0,0,45.0,46.3846153846,35.0,0.872210953347,68.0,6.79975634788,42.0
2016-08-08,0,0,22.0,30.0,0,44.0,45.9230769231,35.0,0.931825967797,68.0,6.87762859916,39.0
2016-08-09,1,0,22.0,32.0,0,44.0,45.7692307692,35.0,0.911621433542,68.0,7.00718143878,43.0
2016-08-10,2,0,22.0,31.0,1,44.0,44.6923076923,35.0,0.859320859321,68.0,6.23124404649,43.0
2016-08-11,3,0,23.0,34.0,1,44.0,44.1538461538,35.0,0.889363215937,68.0,6.04910869272,42.0
2016-08-12,4,0,24.0,34.0,0,44.0,44.0,35.0,0.921526277898,68.0,6.0764362025,46.0
2016-08-13,5,1,23.0,34.0,0,44.0,44.0769230769,35.0,0.958653494329,68.0,6.09491008909,62.0
2016-08-14,6,1,25.0,34.0,0,45.0,44.3076923077,35.0,1.08695652174,68.0,6.68390276807,60.0
2016-08-15,0,0,24.0,33.0,0,45.0,45.0,35.0,1.2017167382,68.0,7.72607971046,50.0
2016-08-16,1,0,24.0,33.0,1,45.0,45.6153846154,35.0,1.21856181367,68.0,7.78102684086,62.0
2016-08-17,2,0,25.0,34.0,1,45.0,47.5384615385,35.0,1.21212121212,68.0,8.47271988493,58.0
2016-08-18,3,0,23.0,34.0,1,45.0,49.3076923077,35.0,1.18798043326,68.0,8.06115677311,64.0
2016-08-19,4,0,23.0,34.0,1,45.0,50.8461538462,35.0,1.25941136208,68.0,8.77799831612,46.0
2016-08-20,5,1,24.0,34.0,1,45.0,50.5384615385,35.0,1.14871794872,64.0,8.8718689785,52.0
2016-08-21,6,1,25.0,34.0,1,45.0,51.3076923077,35.0,1.11570247934,64.0,8.52493731432,49.0
2016-08-22,0,0,25.0,34.0,0,45.0,52.0769230769,35.0,1.01449275362,64.0,7.80001517219,60.0
2016-08-23,1,0,25.0,34.0,0,46.0,53.3846153846,35.0,1.09078590786,64.0,7.59086963234,62.0
2016-08-24,2,0,25.0,36.0,0,46.0,54.8461538462,35.0,1.12983151635,64.0,7.27319794066,60.0
2016-08-25,3,0,22.0,34.0,1,46.0,56.2307692308,35.0,1.17343649259,64.0,6.35069767402,77.0
2016-08-26,4,0,22.0,30.0,1,46.0,58.6153846154,35.0,1.24336144955,77.0,7.73143893004,57.0
2016-08-27,5,1,21.0,29.0,1,47.0,58.2307692308,35.0,1.20422098076,77.0,7.67767839663,66.0
2016-08-28,6,1,22.0,30.0,1,48.0,58.6923076923,35.0,1.21432908318,77.0,7.94582246684,85.0
2016-08-29,0,0,20.0,24.0,0,48.0,61.3846153846,35.0,1.21212121212,85.0,10.1643302518,54.0
2016-08-30,1,0,18.0,26.0,0,49.0,60.7692307692,35.0,1.18326118326,85.0,10.3489415747,67.0
2016-08-31,2,0,19.0,26.0,0,49.0,61.4615384615,35.0,1.16482895109,85.0,10.441156616,64.0
2016-09-01,3,0,17.0,29.0,1,50.0,61.4615384615,35.0,1.02692200944,85.0,10.441156616,50.0
2016-09-02,4,0,20.0,30.0,1,50.0,61.7692307692,35.0,1.00138312586,85.0,10.0319017766,68.0
2016-09-03,5,1,20.0,27.0,0,50.0,63.0,39.0,1.00192678227,85.0,9.73494893511,55.0
2016-09-04,6,1,20.0,24.0,1,50.0,63.4615384615,39.0,0.956329463792,85.0,9.18707607805,63.0
2016-09-05,0,0,19.0,22.0,0,51.0,63.6923076923,39.0,1.01722723544,85.0,9.13475708392,66.0
2016-09-06,1,0,19.0,27.0,1,52.0,64.0,39.0,1.00299809212,85.0,9.13993772071,93.0
2016-09-07,2,0,20.0,25.0,1,52.0,66.5384615385,42.0,1.17647058824,93.0,11.855640557,82.0
2016-09-08,3,0,19.0,25.0,1,53.0,66.9230769231,42.0,1.25914315569,93.0,12.2628992585,113.0
2016-09-09,4,0,20.0,29.0,1,53.0,71.2307692308,42.0,1.4296351452,113.0,16.9576569778,119.0
2016-09-10,5,1,18.0,29.0,1,53.0,75.3076923077,46.0,1.48463356974,119.0,21.0800110034,104.0
2016-09-11,6,1,19.0,32.0,1,54.0,76.7692307692,46.0,1.52901023891,119.0,22.3233366894,111.0
2016-09-12,0,0,19.0,28.0,1,54.0,81.1538461538,46.0,1.46877748461,119.0,23.0078453304,101.0
2016-09-13,1,0,19.0,25.0,0,55.0,83.7692307692,46.0,1.35476956056,119.0,23.1820681567,90.0
2016-09-14,2,0,18.0,21.0,0,55.0,85.7692307692,46.0,1.27024185068,119.0,22.5018079484,95.0
2016-09-15,3,1,18.0,28.0,1,57.0,89.2307692308,46.0,1.18943647328,119.0,20.0620339722,91.0
2016-09-16,4,1,19.0,26.0,1,57.0,91.0,46.0,1.12400733048,119.0,19.1029598995,87.0
2016-09-17,5,1,20.0,25.0,0,58.0,93.4615384615,46.0,1.09770808203,119.0,16.1369875399,115.0
2016-09-18,6,0,18.0,23.0,0,59.0,97.4615384615,49.0,1.15718799368,119.0,14.4468010013,114.0
2016-09-19,0,0,17.0,23.0,0,59.0,101.153846154,49.0,1.20518688024,119.0,11.8311593414,94.0
2016-09-20,1,0,17.0,24.0,0,60.0,101.230769231,50.0,1.21314553991,119.0,11.7810398271,97.0
2016-09-21,2,0,18.0,27.0,1,60.0,102.384615385,50.0,1.12463126844,119.0,10.5066898947,115.0
2016-09-22,3,0,19.0,26.0,0,60.0,102.538461538,50.0,1.08916177256,119.0,10.6743069284,85.0
2016-09-23,4,0,18.0,22.0,0,60.0,99.9230769231,50.0,1.04761904762,119.0,10.4841384846,113.0
2016-09-24,5,1,18.0,24.0,1,62.0,100.615384615,50.0,1.07118412047,119.0,11.0142457512,136.0
2016-09-25,6,1,18.0,24.0,1,62.0,102.538461538,50.0,1.1017648029,136.0,14.3399140895,127.0
2016-09-26,0,0,19.0,25.0,1,62.0,104.538461538,50.0,1.20397054115,136.0,15.7314744999,133.0
2016-09-27,1,0,19.0,26.0,1,63.0,107.846153846,50.0,1.24410933082,136.0,16.8104644783,139.0
2016-09-28,2,0,19.0,28.0,1,64.0,111.230769231,50.0,1.2207434603,139.0,18.2510435788,147.0
2016-09-29,3,0,18.0,26.0,1,64.0,115.538461538,50.0,1.2622382889,147.0,19.531494821,126.0
2016-09-30,4,0,19.0,28.0,1,66.0,118.538461538,50.0,1.23723723724,147.0,17.8395213139,99.0
2016-10-01,5,1,19.0,30.0,1,66.0,117.307692308,55.0,1.11963882619,147.0,18.5778388053,73.0
2016-10-02,6,1,19.0,32.0,1,67.0,114.153846154,55.0,0.912570816108,147.0,22.0309088951,77.0
2016-10-03,0,1,20.0,29.0,1,68.0,112.846153846,63.0,0.771017185323,147.0,23.6345449708,87.0
2016-10-04,1,1,18.0,27.0,0,73.0,112.076923077,66.0,0.73488372093,147.0,24.2913771927,77.0
2016-10-05,2,1,18.0,23.0,1,77.0,109.153846154,73.0,0.753595997498,147.0,25.9906674193,74.0
2016-10-06,3,1,19.0,24.0,0,77.0,108.307692308,73.0,0.750197005516,147.0,26.925494397,97.0
2016-10-07,4,1,18.0,22.0,0,77.0,107.076923077,73.0,0.778039215686,147.0,27.048280305,82.0
2016-10-08,5,0,14.0,20.0,0,77.0,102.923076923,73.0,0.806246016571,147.0,26.426855625,110.0
2016-10-09,6,0,15.0,19.0,0,82.0,101.615384615,73.0,0.922733077905,147.0,25.6111107546,110.0
2016-10-10,0,0,14.0,18.0,0,82.0,99.8461538462,73.0,0.95690747782,147.0,24.1337496014,118.0
2016-10-11,1,0,15.0,18.0,0,85.0,98.2307692308,73.0,1.06039215686,147.0,22.0738405782,107.0
2016-10-12,2,0,14.0,17.0,0,85.0,95.1538461538,73.0,1.05495197607,147.0,17.3420172451,111.0
2016-10-13,3,0,15.0,20.0,1,87.0,94.0,73.0,1.04526364909,147.0,15.6696669249,98.0
2016-10-14,4,0,15.0,19.0,0,87.0,93.9230769231,73.0,0.989974937343,147.0,15.6473715584,129.0
2016-10-15,5,1,15.0,21.0,1,90.0,98.2307692308,73.0,1.06239195348,147.0,16.9485821787,139.0
2016-10-16,6,1,15.0,24.0,0,91.0,103.0,73.0,1.14392873887,147.0,18.9127551587,125.0
2016-10-17,0,0,15.0,24.0,1,93.0,105.923076923,73.0,1.23294117647,147.0,19.1490571709,112.0
2016-10-18,1,0,16.0,22.0,1,94.0,108.615384615,73.0,1.19478868764,147.0,17.2606197479,91.0
2016-10-19,2,0,16.0,21.0,1,94.0,109.923076923,73.0,1.07084557623,147.0,15.096925507,136.0
2016-10-20,3,0,17.0,24.0,1,95.0,112.923076923,73.0,1.10136452242,147.0,16.0741624424,120.0
2016-10-21,4,0,18.0,22.0,0,97.0,115.846153846,73.0,1.11593503779,147.0,13.4212584177,163.0
2016-10-22,5,1,17.0,22.0,0,97.0,119.923076923,73.0,1.29141624287,163.0,18.2185937921,168.0
2016-10-23,6,1,16.0,21.0,0,98.0,124.384615385,73.0,1.3339248743,168.0,21.9598881234,162.0
2016-10-24,0,0,17.0,22.0,1,99.0,127.769230769,73.0,1.41119221411,168.0,24.0101063534,106.0
2016-10-25,1,0,15.0,21.0,1,101.0,127.692307692,73.0,1.23268306474,168.0,24.0780289744,107.0
2016-10-26,2,0,15.0,21.0,0,104.0,127.384615385,73.0,1.04558762024,168.0,24.3137772325,137.0
2016-10-27,3,0,13.0,21.0,1,106.0,130.384615385,73.0,0.959824489236,168.0,22.8659587817,133.0
2016-10-28,4,0,8.0,16.0,0,107.0,130.692307692,73.0,1.01262422777,168.0,22.8721685608,157.0
2016-10-29,5,1,11.0,15.0,1,107.0,132.076923077,73.0,1.12560959536,168.0,23.8568214353,169.0
2016-10-30,6,1,11.0,17.0,1,110.0,135.461538462,73.0,1.18238021638,169.0,25.6653474391,121.0
2016-10-31,0,0,11.0,19.0,1,110.0,136.153846154,74.0,1.15013508298,169.0,25.1391394316,96.0
