time_stamp,dayofweek,holiday,lt,ht,sunny,m2M,w2A,m1L,d3w3,m1Lar,w2Std,pay_sum
2016-08-01,0,0,27.0,35.0,1,194.0,173.692307692,86.0,1.33374561946,260.0,39.9353027078,118.0
2016-08-02,1,0,26.0,36.0,0,192.0,174.153846154,86.0,1.19913016465,260.0,39.2484123223,131.0
2016-08-03,2,0,25.0,30.0,0,186.0,173.230769231,86.0,0.967312224613,260.0,40.1020886587,131.0
2016-08-04,3,0,25.0,32.0,0,184.0,173.153846154,86.0,0.76814230847,260.0,40.1819824794,137.0
2016-08-05,4,0,26.0,32.0,0,184.0,167.076923077,86.0,0.813206970345,260.0,39.2045161026,190.0
2016-08-06,5,1,26.0,34.0,0,184.0,165.153846154,86.0,0.936318102831,260.0,37.3771755813,245.0
2016-08-07,6,1,26.0,34.0,0,184.0,169.076923077,86.0,1.14445778311,260.0,42.5214182021,193.0
2016-08-08,0,0,26.0,34.0,1,184.0,170.153846154,86.0,1.23028700167,245.0,42.934379543,104.0
2016-08-09,1,0,27.0,34.0,1,183.0,167.076923077,86.0,1.06431026019,245.0,46.0208339751,182.0
2016-08-10,2,0,27.0,34.0,1,183.0,171.153846154,86.0,0.929916521064,245.0,44.7984308685,130.0
2016-08-11,3,0,27.0,35.0,1,183.0,169.846153846,86.0,0.808080808081,245.0,45.7229889222,82.0
2016-08-12,4,0,28.0,35.0,1,183.0,161.846153846,82.0,0.796442288256,245.0,50.9914716155,208.0
2016-08-13,5,1,28.0,36.0,1,183.0,159.538461538,82.0,0.850805226375,245.0,48.0890446258,235.0
2016-08-14,6,1,27.0,36.0,1,184.0,160.461538462,82.0,1.05042016807,245.0,49.3957571903,211.0
2016-08-15,0,0,27.0,36.0,1,184.0,167.615384615,82.0,1.29607609988,245.0,49.4625553191,124.0
2016-08-16,1,0,27.0,36.0,1,184.0,167.076923077,82.0,1.13636363636,245.0,49.894444794,131.0
2016-08-17,2,0,27.0,35.0,1,183.0,167.076923077,82.0,0.928471807133,245.0,49.894444794,79.0
2016-08-18,3,0,27.0,36.0,1,183.0,162.615384615,79.0,0.679275981289,245.0,54.7421065073,47.0
2016-08-19,4,0,29.0,37.0,1,182.0,151.615384615,47.0,0.545821386854,245.0,62.0180351703,124.0
2016-08-20,5,1,27.0,36.0,0,181.0,142.307692308,47.0,0.550964187328,245.0,56.1020836242,146.0
2016-08-21,6,1,27.0,33.0,0,179.0,138.692307692,47.0,0.716870194482,245.0,54.201028397,107.0
2016-08-22,0,0,27.0,34.0,1,175.0,138.923076923,47.0,0.855748496198,245.0,54.0590297566,113.0
2016-08-23,1,0,25.0,34.0,1,174.0,133.615384615,47.0,0.835902706406,245.0,52.9448747596,88.0
2016-08-24,2,0,24.0,34.0,1,164.0,130.384615385,47.0,0.713954566528,245.0,54.3302415596,107.0
2016-08-25,3,0,25.0,34.0,1,147.0,132.307692308,47.0,0.721480440384,245.0,53.0099912431,50.0
2016-08-26,4,0,23.0,29.0,1,146.0,120.153846154,47.0,0.60359694506,245.0,52.371228381,102.0
2016-08-27,5,1,20.0,29.0,1,144.0,109.923076923,47.0,0.673689686565,245.0,40.6059138142,166.0
2016-08-28,6,1,19.0,30.0,1,144.0,106.461538462,47.0,0.83596214511,245.0,33.0584921817,143.0
2016-08-29,0,0,20.0,31.0,1,144.0,107.923076923,47.0,1.0640776699,245.0,34.201802783,36.0
2016-08-30,1,0,21.0,31.0,1,143.0,100.615384615,36.0,0.94689172499,245.0,38.3837675257,97.0
2016-08-31,2,0,22.0,32.0,1,143.0,102.0,36.0,0.767946577629,245.0,37.9006799208,96.0
2016-09-01,3,0,22.0,33.0,1,137.0,105.769230769,36.0,0.63347164592,245.0,34.5301514759,87.0
2016-09-02,4,0,22.0,34.0,1,137.0,102.923076923,36.0,0.815494393476,245.0,34.4349141659,130.0
2016-09-03,5,1,23.0,34.0,1,133.0,101.692307692,36.0,0.955433455433,245.0,33.1346544488,228.0
2016-09-04,6,1,22.0,33.0,1,133.0,111.0,36.0,1.34787217931,245.0,47.2896150577,177.0
2016-09-05,0,0,24.0,33.0,1,137.0,115.923076923,36.0,1.58237207927,235.0,50.4662286751,122.0
2016-09-06,1,0,22.0,26.0,0,133.0,118.538461538,36.0,1.56495916852,235.0,49.8283443968,105.0
2016-09-07,2,0,20.0,26.0,1,132.0,118.384615385,36.0,1.18596800235,235.0,49.866804839,109.0
2016-09-08,3,0,21.0,30.0,1,131.0,122.923076923,36.0,0.960137162452,235.0,45.968988775,107.0
2016-09-09,4,0,23.0,32.0,1,131.0,123.307692308,36.0,0.924006908463,235.0,45.8129719879,165.0
2016-09-10,5,1,21.0,30.0,1,131.0,123.230769231,36.0,1.08779443255,235.0,45.7420087113,234.0
2016-09-11,6,1,20.0,28.0,1,131.0,130.230769231,36.0,1.37015976171,235.0,54.3792294145,207.0
2016-09-12,0,0,20.0,30.0,1,132.0,143.384615385,36.0,1.58059467919,234.0,50.5409787454,110.0
2016-09-13,1,0,21.0,30.0,1,131.0,144.384615385,36.0,1.42487716576,234.0,49.7355134866,145.0
2016-09-14,2,0,22.0,28.0,1,131.0,148.153846154,36.0,1.17737003058,234.0,47.7426533275,272.0
2016-09-15,3,1,21.0,23.0,0,131.0,162.384615385,36.0,1.2379610054,272.0,54.4885852006,164.0
2016-09-16,4,1,21.0,23.0,0,132.0,165.0,36.0,1.33563218391,272.0,53.6813962904,204.0
2016-09-17,5,1,21.0,27.0,1,137.0,163.153846154,36.0,1.45223508055,272.0,51.8649817445,191.0
2016-09-18,6,0,20.0,28.0,1,137.0,164.230769231,36.0,1.24804643894,272.0,52.2849498071,142.0
2016-09-19,0,0,17.0,26.0,1,142.0,165.769230769,36.0,1.15782664942,272.0,51.3047513861,126.0
2016-09-20,1,0,18.0,26.0,1,137.0,167.384615385,36.0,0.980454982377,272.0,49.6705120098,126.0
2016-09-21,2,0,17.0,24.0,1,131.0,168.692307692,36.0,0.83359779964,272.0,48.3216540334,150.0
2016-09-22,3,0,19.0,27.0,1,131.0,172.0,36.0,0.833851897946,272.0,45.3668804984,99.0
2016-09-23,4,0,19.0,28.0,1,131.0,166.923076923,36.0,0.785422557336,272.0,49.3815000216,242.0
2016-09-24,5,1,21.0,29.0,1,131.0,167.538461538,36.0,1.02387655093,272.0,50.2556776503,287.0
2016-09-25,6,1,21.0,28.0,1,131.0,173.692307692,36.0,1.26600141115,287.0,58.8706334202,258.0
2016-09-26,0,0,23.0,30.0,1,131.0,185.076923077,36.0,1.52386484655,287.0,59.7565079024,98.0
2016-09-27,1,0,23.0,30.0,0,131.0,181.461538462,36.0,1.24757469926,287.0,63.3835884906,114.0
2016-09-28,2,0,19.0,23.0,0,131.0,169.307692308,87.0,0.910588007362,287.0,59.9106830276,140.0
2016-09-29,3,0,17.0,19.0,0,131.0,167.461538462,87.0,0.675494146997,287.0,60.4134668948,162.0
2016-09-30,4,0,18.0,21.0,0,131.0,164.230769231,87.0,0.799001248439,287.0,59.4890472739,404.0
2016-10-01,5,1,20.0,24.0,0,131.0,180.615384615,98.0,1.29268515975,404.0,87.3934854653,259.0
2016-10-02,6,1,20.0,24.0,0,137.0,189.615384615,98.0,1.48930408882,404.0,88.9637250721,278.0
2016-10-03,0,1,18.0,26.0,1,140.0,201.307692308,98.0,1.62479495813,404.0,89.8189500439,247.0
2016-10-04,1,1,20.0,25.0,1,140.0,210.615384615,98.0,1.31886617882,404.0,87.7790394303,257.0
2016-10-05,2,1,20.0,26.0,1,140.0,218.846153846,98.0,1.32049983114,404.0,86.7195711686,268.0
2016-10-06,3,1,19.0,25.0,1,140.0,231.846153846,98.0,1.27015465614,404.0,80.2015213301,263.0
2016-10-07,4,1,17.0,20.0,0,142.0,233.461538462,98.0,1.27787237493,404.0,80.6002628213,215.0
2016-10-08,5,0,14.0,22.0,1,142.0,227.923076923,98.0,1.20274083031,404.0,79.1925225088,138.0
2016-10-09,6,0,13.0,21.0,1,142.0,218.692307692,98.0,0.994109577988,404.0,82.0894302344,125.0
2016-10-10,0,0,16.0,21.0,1,142.0,220.769230769,98.0,0.771589991929,404.0,79.3038497913,126.0
2016-10-11,1,0,16.0,20.0,1,140.0,221.692307692,98.0,0.62792574657,404.0,78.1166628688,105.0
2016-10-12,2,0,16.0,19.0,1,138.0,219.0,98.0,0.580987352101,404.0,81.4191434681,148.0
2016-10-13,3,0,17.0,20.0,1,138.0,217.923076923,98.0,0.611191743267,404.0,82.2542601548,150.0
2016-10-14,4,0,16.0,18.0,1,140.0,198.384615385,98.0,0.664687448458,404.0,63.839387964,227.0
2016-10-15,5,1,18.0,21.0,0,142.0,195.923076923,98.0,0.878955298845,404.0,62.0464609274,308.0
2016-10-16,6,1,17.0,23.0,1,143.0,198.230769231,98.0,1.13260582011,404.0,65.5170604278,281.0
2016-10-17,0,0,18.0,22.0,1,145.0,200.846153846,98.0,1.290628707,404.0,68.0416684029,141.0
2016-10-18,1,0,18.0,23.0,1,145.0,191.923076923,98.0,1.1472575829,404.0,67.6978144613,144.0
2016-10-19,2,0,19.0,22.0,1,144.0,182.384615385,98.0,0.888679541529,404.0,64.9882101278,156.0
2016-10-20,3,0,19.0,21.0,0,145.0,174.153846154,98.0,0.693396226415,404.0,60.9045232043,184.0
2016-10-21,4,0,19.0,21.0,0,148.0,171.769230769,98.0,0.802653399668,404.0,59.8564357393,280.0
2016-10-22,5,1,18.0,21.0,0,150.0,182.692307692,98.0,1.02284912975,404.0,65.3974648008,347.0
2016-10-23,6,1,15.0,18.0,1,150.0,199.769230769,98.0,1.31549067315,404.0,76.1962585859,287.0
2016-10-24,0,0,16.0,20.0,1,156.0,212.153846154,98.0,1.46827309237,404.0,76.2837276265,118.0
2016-10-25,1,0,14.0,17.0,1,156.0,213.153846154,98.0,1.24989611901,404.0,74.9459765984,145.0
2016-10-26,2,0,16.0,18.0,0,150.0,212.923076923,105.0,0.943072702332,404.0,75.1505786236,184.0
2016-10-27,3,0,15.0,17.0,0,156.0,215.538461538,105.0,0.782357574166,404.0,73.4884767363,141.0
2016-10-28,4,0,11.0,15.0,0,156.0,208.923076923,105.0,0.838911200357,404.0,75.9873081897,226.0
2016-10-29,5,1,8.0,12.0,0,162.0,202.615384615,105.0,0.960850989624,404.0,70.7221415242,308.0
2016-10-30,6,1,10.0,17.0,1,164.0,204.692307692,105.0,1.12331502746,347.0,73.3415451741,302.0
2016-10-31,0,0,10.0,15.0,0,165.0,217.076923077,105.0,1.3326956799,347.0,75.1126963952,170.0
