time_stamp,dayofweek,holiday,lt,ht,sunny,m2M,w2A,m1L,d3w3,m1Lar,w2Std,pay_sum
2016-08-01,0,0,25.0,39.0,1,16.0,79.3076923077,16.0,1.14460463084,103.0,11.4716011583,63.0
2016-08-02,1,0,26.0,38.0,1,16.0,79.5384615385,16.0,1.10744891233,103.0,11.1051989531,71.0
2016-08-03,2,0,24.0,36.0,1,16.0,79.1538461538,16.0,1.04152933421,103.0,11.3058606575,71.0
2016-08-04,3,0,23.0,31.0,0,16.0,78.8461538462,60.0,0.896762904637,103.0,11.4679899241,69.0
2016-08-05,4,0,23.0,31.0,0,60.0,78.4615384615,60.0,0.92665788318,103.0,11.7054581918,67.0
2016-08-06,5,1,23.0,35.0,1,61.0,77.1538461538,60.0,0.910290237467,103.0,11.9604872157,78.0
2016-08-07,6,1,22.0,33.0,1,63.0,75.4615384615,60.0,0.937363118703,103.0,10.0047326079,95.0
2016-08-08,0,0,23.0,34.0,0,64.0,76.6923076923,60.0,1.0355987055,103.0,11.2686400475,80.0
2016-08-09,1,0,23.0,33.0,0,65.0,76.9230769231,60.0,1.07774227902,103.0,11.3032434995,82.0
2016-08-10,2,0,25.0,34.0,1,66.0,77.2307692308,60.0,1.09060046679,103.0,11.3825361927,82.0
2016-08-11,3,0,24.0,37.0,1,67.0,78.4615384615,60.0,1.03084072666,103.0,10.9587715806,81.0
2016-08-12,4,0,25.0,38.0,1,69.0,79.0769230769,60.0,1.03049421661,103.0,10.8589667908,94.0
2016-08-13,5,1,25.0,39.0,1,69.0,79.6923076923,60.0,1.07419017764,103.0,11.444747639,97.0
2016-08-14,6,1,24.0,41.0,1,71.0,79.2307692308,60.0,1.13902847571,103.0,10.5841234233,105.0
2016-08-15,0,0,25.0,40.0,1,71.0,82.4615384615,60.0,1.21961269056,105.0,11.5066227393,55.0
2016-08-16,1,0,26.0,40.0,1,71.0,81.2307692308,55.0,1.07351712615,105.0,13.3713462078,79.0
2016-08-17,2,0,26.0,40.0,1,71.0,81.8461538462,55.0,0.997704028387,105.0,13.0669645339,99.0
2016-08-18,3,0,25.0,40.0,1,72.0,84.1538461538,55.0,0.952965235174,105.0,13.2423920326,65.0
2016-08-19,4,0,26.0,41.0,1,72.0,84.0,55.0,0.998766954377,105.0,13.4507649196,78.0
2016-08-20,5,1,26.0,41.0,1,72.0,84.0,55.0,0.999586947542,105.0,13.4507649196,94.0
2016-08-21,6,1,27.0,42.0,1,72.0,83.9230769231,55.0,0.984423676012,105.0,13.3903612777,89.0
2016-08-22,0,0,25.0,40.0,1,73.0,84.6153846154,55.0,1.06683016554,105.0,13.4022871845,89.0
2016-08-23,1,0,27.0,42.0,1,74.0,85.1538461538,55.0,1.09965635739,105.0,13.4269886299,86.0
2016-08-24,2,0,27.0,41.0,1,75.0,85.4615384615,55.0,1.05769230769,105.0,13.3969880921,73.0
2016-08-25,3,0,25.0,38.0,0,75.0,84.8461538462,55.0,0.991207034373,105.0,13.7664371898,79.0
2016-08-26,4,0,22.0,35.0,0,75.0,83.6923076923,55.0,0.944444444444,105.0,13.5781760154,58.0
2016-08-27,5,1,21.0,30.0,1,75.0,80.6923076923,55.0,0.843373493976,105.0,14.578090069,97.0
2016-08-28,6,1,21.0,33.0,1,76.0,80.0769230769,55.0,0.938628158845,105.0,13.6802020816,85.0
2016-08-29,0,0,19.0,32.0,1,77.0,82.3846153846,55.0,0.959808038392,105.0,11.6324378127,71.0
2016-08-30,1,0,19.0,24.0,1,77.0,81.7692307692,55.0,1.01851851852,105.0,12.0009861528,64.0
2016-08-31,2,0,19.0,27.0,1,77.0,79.0769230769,55.0,0.895400895401,105.0,11.7569065689,69.0
2016-09-01,3,0,22.0,32.0,1,77.0,79.3846153846,55.0,0.836408364084,105.0,11.4323324327,88.0
2016-09-02,4,0,21.0,34.0,1,77.0,80.1538461538,55.0,0.909465020576,105.0,11.647688142,79.0
2016-09-03,5,1,23.0,32.0,1,77.0,79.0,55.0,0.982105701207,105.0,10.9403979677,84.0
2016-09-04,6,1,21.0,30.0,1,78.0,78.6153846154,55.0,1.05840185537,105.0,10.6665433918,96.0
2016-09-05,0,0,23.0,31.0,1,78.0,79.1538461538,55.0,1.06452938759,105.0,11.3330432728,78.0
2016-09-06,1,0,21.0,27.0,0,78.0,78.5384615385,55.0,1.06107341147,105.0,11.1604754835,78.0
2016-09-07,2,0,19.0,32.0,1,78.0,78.9230769231,55.0,1.05,105.0,11.0485748365,65.0
2016-09-08,3,0,20.0,29.0,1,78.0,77.8461538462,55.0,0.920833333333,105.0,11.6542904206,84.0
2016-09-09,4,0,20.0,27.0,0,78.0,79.8461538462,55.0,0.942299709423,105.0,10.219484812,80.0
2016-09-10,5,1,19.0,34.0,1,78.0,78.5384615385,55.0,0.958961474037,105.0,8.94956281369,89.0
2016-09-11,6,1,20.0,32.0,1,78.0,78.8461538462,55.0,1.0594639866,105.0,9.23076923077,107.0
2016-09-12,0,0,19.0,33.0,1,79.0,81.6153846154,55.0,1.14285714286,107.0,11.5661206949,60.0
2016-09-13,1,0,23.0,34.0,1,79.0,81.3076923077,55.0,1.07744107744,107.0,12.0727577334,68.0
2016-09-14,2,0,20.0,31.0,1,79.0,81.2307692308,58.0,0.992189149251,107.0,12.1538461538,74.0
2016-09-15,3,1,20.0,31.0,1,79.0,80.1538461538,58.0,0.855569673867,107.0,12.1265516301,111.0
2016-09-16,4,1,22.0,32.0,1,79.0,82.6153846154,58.0,1.03667281295,111.0,14.6315699854,66.0
2016-09-17,5,1,21.0,37.0,1,79.0,81.2307692308,58.0,1.04845446951,111.0,15.2726696379,89.0
2016-09-18,6,0,20.0,32.0,1,79.0,80.6923076923,58.0,1.10833333333,111.0,14.8602961736,56.0
2016-09-19,0,0,18.0,23.0,0,79.0,79.0,56.0,0.887486855941,111.0,16.2575426282,70.0
2016-09-20,1,0,21.0,25.0,0,79.0,78.3846153846,56.0,0.900900900901,111.0,16.43419728,65.0
2016-09-21,2,0,18.0,25.0,1,79.0,78.3846153846,56.0,0.802352446965,111.0,16.43419728,56.0
2016-09-22,3,0,19.0,32.0,1,79.0,76.2307692308,56.0,0.818863879957,111.0,17.3655443386,63.0
2016-09-23,4,0,21.0,28.0,1,78.0,74.9230769231,56.0,0.797054364306,111.0,17.6698854572,81.0
2016-09-24,5,1,19.0,22.0,0,79.0,74.3076923077,56.0,0.868055555556,111.0,17.3044441396,87.0
2016-09-25,6,1,21.0,24.0,0,79.0,72.7692307692,56.0,1.00851342502,111.0,15.0749606258,102.0
2016-09-26,0,0,19.0,25.0,0,79.0,76.0,56.0,1.16054158607,111.0,16.4316767252,45.0
2016-09-27,1,0,20.0,23.0,0,79.0,74.2307692308,45.0,1.02766798419,111.0,18.326751553,49.0
2016-09-28,2,0,20.0,25.0,1,79.0,72.3076923077,45.0,0.869951176209,111.0,19.5227071554,54.0
2016-09-29,3,0,18.0,27.0,1,79.0,67.9230769231,45.0,0.670289855072,111.0,16.5085597306,46.0
2016-09-30,4,0,19.0,29.0,1,79.0,66.3846153846,45.0,0.690774223459,111.0,17.5171935825,67.0
2016-10-01,5,1,19.0,31.0,1,79.0,64.6923076923,45.0,0.786252354049,111.0,16.2688215988,81.0
2016-10-02,6,1,20.0,34.0,1,79.0,66.6153846154,45.0,0.930455635492,111.0,16.6018463363,99.0
2016-10-03,0,1,20.0,35.0,1,79.0,68.8461538462,45.0,1.15232097038,111.0,18.7199858393,74.0
2016-10-04,1,1,19.0,33.0,1,79.0,69.5384615385,45.0,1.1800232288,111.0,18.7313615449,78.0
2016-10-05,2,1,21.0,34.0,1,79.0,71.2307692308,45.0,1.16284456799,111.0,18.4230367753,81.0
2016-10-06,3,1,19.0,29.0,1,79.0,72.6153846154,45.0,1.10243671635,111.0,18.4288171562,83.0
2016-10-07,4,1,18.0,27.0,1,79.0,72.7692307692,45.0,1.13136979897,111.0,18.5063558569,65.0
2016-10-08,5,0,20.0,23.0,0,79.0,71.0769230769,45.0,1.08892058963,111.0,18.1297101613,69.0
2016-10-09,6,0,18.0,22.0,1,79.0,68.5384615385,45.0,1.02237926973,111.0,15.7802963052,76.0
2016-10-10,0,0,15.0,19.0,0,78.0,70.9230769231,45.0,0.985221674877,111.0,14.3176144256,64.0
2016-10-11,1,0,14.0,18.0,0,78.0,72.0769230769,45.0,0.981220657277,111.0,13.0529191457,60.0
2016-10-12,2,0,14.0,17.0,0,78.0,72.5384615385,45.0,0.936329588015,111.0,12.4999408283,71.0
2016-10-13,3,0,14.0,17.0,0,78.0,74.4615384615,45.0,0.90782122905,111.0,9.92754818763,62.0
2016-10-14,4,0,15.0,17.0,0,78.0,74.0769230769,45.0,0.910592120783,111.0,10.2990779159,56.0
2016-10-15,5,1,15.0,19.0,0,76.0,72.1538461538,45.0,0.911722141823,102.0,11.1275552215,82.0
2016-10-16,6,1,16.0,25.0,1,76.0,70.8461538462,45.0,0.978952520803,102.0,8.6098883567,90.0
2016-10-17,0,0,16.0,25.0,1,78.0,72.0769230769,45.0,1.0803127221,102.0,10.0035496659,62.0
2016-10-18,1,0,16.0,25.0,1,76.0,70.8461538462,45.0,1.0985915493,102.0,10.1817797586,56.0
2016-10-19,2,0,18.0,28.0,1,74.0,68.9230769231,45.0,0.975152367557,102.0,10.4400231245,61.0
2016-10-20,3,0,18.0,26.0,0,74.0,67.2307692308,45.0,0.830433774066,102.0,9.78345421267,62.0
2016-10-21,4,0,17.0,22.0,0,73.0,67.0,45.0,0.833333333333,102.0,9.86836437231,68.0
2016-10-22,5,1,18.0,25.0,1,71.0,66.9230769231,45.0,0.897345548508,102.0,9.85636489757,72.0
2016-10-23,6,1,18.0,23.0,0,71.0,66.6153846154,45.0,0.967432950192,102.0,9.62799173515,110.0
2016-10-24,0,0,17.0,18.0,0,71.0,70.1538461538,45.0,1.16713352007,110.0,14.9812506094,72.0
2016-10-25,1,0,16.0,22.0,0,72.0,71.0769230769,45.0,1.19081106423,110.0,14.6941199043,55.0
2016-10-26,2,0,16.0,18.0,0,71.0,69.8461538462,46.0,1.13180515759,110.0,15.3063393295,43.0
2016-10-27,3,0,11.0,17.0,0,71.0,68.3846153846,43.0,0.835791543756,110.0,16.8182065336,76.0
2016-10-28,4,0,9.0,13.0,0,71.0,69.9230769231,43.0,0.848573518654,110.0,16.5271875706,51.0
2016-10-29,5,1,9.0,13.0,0,71.0,67.5384615385,43.0,0.84012849024,110.0,16.8459782218,67.0
2016-10-30,6,1,12.0,17.0,0,71.0,65.7692307692,43.0,0.965174129353,110.0,15.5521645595,103.0
2016-10-31,0,0,10.0,18.0,0,71.0,68.9230769231,43.0,1.06840705825,110.0,18.369965196,76.0
