time_stamp,dayofweek,holiday,lt,ht,sunny,m2M,w2A,m1L,d3w3,m1Lar,w2Std,pay_sum
2016-08-01,0,0,26.0,37.0,1,47.0,46.7692307692,25.0,0.91684434968,91.0,10.7499827989,51.0
2016-08-02,1,0,26.0,35.0,0,48.0,46.8461538462,25.0,0.949344668792,91.0,10.7763712591,56.0
2016-08-03,2,0,25.0,31.0,0,48.0,47.5384615385,25.0,1.00418410042,91.0,11.0496459018,63.0
2016-08-04,3,0,25.0,31.0,0,48.0,47.2307692308,25.0,1.16838487973,91.0,10.547721928,52.0
2016-08-05,4,0,25.0,32.0,0,49.0,47.3846153846,25.0,1.16564417178,91.0,10.6014401165,68.0
2016-08-06,5,1,25.0,34.0,0,49.0,48.6153846154,25.0,1.21878121878,91.0,11.9133955732,71.0
2016-08-07,6,1,25.0,35.0,0,49.0,49.0769230769,25.0,1.24592302674,91.0,12.633664055,76.0
2016-08-08,0,0,25.0,35.0,1,49.0,53.0,25.0,1.3716108453,91.0,12.4653365532,33.0
2016-08-09,1,0,26.0,34.0,0,49.0,52.4615384615,25.0,1.1673151751,76.0,13.1477718768,67.0
2016-08-10,2,0,26.0,35.0,1,49.0,54.0769230769,25.0,1.11959287532,76.0,13.5388985943,97.0
2016-08-11,3,0,27.0,36.0,1,49.0,58.6923076923,25.0,1.21830550402,97.0,16.7717005944,72.0
2016-08-12,4,0,27.0,36.0,1,50.0,60.6923076923,25.0,1.4303030303,97.0,16.6889397524,96.0
2016-08-13,5,1,26.0,36.0,1,50.0,64.5384615385,25.0,1.54428904429,97.0,18.5207384161,85.0
2016-08-14,6,1,26.0,37.0,1,50.0,68.2307692308,25.0,1.44902634593,97.0,17.4142021887,70.0
2016-08-15,0,0,27.0,38.0,1,50.0,69.6923076923,25.0,1.38406396471,97.0,16.6889397524,70.0
2016-08-16,1,0,27.0,38.0,1,50.0,70.7692307692,25.0,1.21065375303,97.0,16.2156327524,60.0
2016-08-17,2,0,26.0,38.0,1,50.0,70.5384615385,25.0,1.06411279596,97.0,16.3453845973,66.0
2016-08-18,3,0,26.0,38.0,1,51.0,71.6153846154,25.0,1.01924076963,97.0,15.5293194736,70.0
2016-08-19,4,0,27.0,38.0,1,51.0,71.7692307692,25.0,1.00051046452,97.0,15.5026243245,84.0
2016-08-20,5,1,27.0,37.0,0,52.0,72.7692307692,25.0,1.09126984127,97.0,15.8364421323,90.0
2016-08-21,6,1,26.0,35.0,0,52.0,73.8461538462,25.0,1.16439990456,97.0,16.4823735868,92.0
2016-08-22,0,0,26.0,35.0,0,52.0,78.3846153846,25.0,1.23319425127,97.0,12.1689292971,73.0
2016-08-23,1,0,26.0,36.0,1,53.0,78.8461538462,25.0,1.16838487973,97.0,11.8376592921,71.0
2016-08-24,2,0,26.0,36.0,0,54.0,76.8461538462,33.0,1.07541581226,97.0,10.747780836,52.0
2016-08-25,3,0,25.0,37.0,1,53.0,75.3076923077,33.0,0.893141945774,97.0,12.6027140873,71.0
2016-08-26,4,0,23.0,35.0,0,54.0,73.3846153846,33.0,0.882219190541,97.0,11.1185116709,85.0
2016-08-27,5,1,20.0,30.0,1,56.0,73.3846153846,33.0,0.936936936937,97.0,11.1185116709,87.0
2016-08-28,6,1,20.0,30.0,1,60.0,74.6923076923,33.0,1.08651911469,97.0,11.6314204132,98.0
2016-08-29,0,0,18.0,31.0,1,62.0,76.8461538462,33.0,1.15681233933,98.0,13.0669645339,74.0
2016-08-30,1,0,19.0,32.0,1,63.0,77.9230769231,33.0,1.10471315846,98.0,12.181079518,56.0
2016-08-31,2,0,21.0,32.0,1,62.0,77.1538461538,33.0,0.998685939553,98.0,13.1841755604,55.0
2016-09-01,3,0,20.0,32.0,1,60.0,76.0,33.0,0.819490586932,98.0,14.3634150642,80.0
2016-09-02,4,0,20.0,33.0,1,60.0,75.6923076923,33.0,0.855160062682,98.0,14.2309771295,98.0
2016-09-03,5,1,22.0,35.0,1,63.0,76.3076923077,33.0,1.03417665335,98.0,14.9891479482,129.0
2016-09-04,6,1,22.0,33.0,1,63.0,79.1538461538,33.0,1.311125347,129.0,20.2782420488,134.0
2016-09-05,0,0,22.0,31.0,0,65.0,83.8461538462,33.0,1.48102564103,134.0,24.8529402497,120.0
2016-09-06,1,0,21.0,26.0,0,65.0,87.6153846154,33.0,1.51533135509,134.0,26.2928433127,77.0
2016-09-07,2,0,21.0,28.0,1,66.0,89.5384615385,52.0,1.30110062893,134.0,24.4685524535,75.0
2016-09-08,3,0,21.0,32.0,1,66.0,89.8461538462,52.0,1.06603958456,134.0,24.2577383493,60.0
2016-09-09,4,0,22.0,32.0,1,66.0,87.9230769231,52.0,0.842774796263,134.0,25.523628686,51.0
2016-09-10,5,1,21.0,25.0,0,66.0,85.1538461538,51.0,0.757020757021,134.0,27.3604041632,39.0
2016-09-11,6,1,19.0,27.0,0,66.0,80.6153846154,39.0,0.630914826498,134.0,29.6506283797,35.0
2016-09-12,0,0,20.0,29.0,1,66.0,77.6153846154,35.0,0.538677009265,134.0,32.0445326227,35.0
2016-09-13,1,0,20.0,30.0,1,66.0,76.0,35.0,0.480917714538,134.0,33.5857112475,36.0
2016-09-14,2,0,22.0,28.0,0,66.0,74.5384615385,35.0,0.472686733556,134.0,34.857104749,65.0
2016-09-15,3,1,22.0,24.0,0,66.0,73.3846153846,35.0,0.608909782852,134.0,34.9054513299,78.0
2016-09-16,4,1,21.0,25.0,0,67.0,71.8461538462,35.0,0.805218173639,134.0,34.2206553771,54.0
2016-09-17,5,1,20.0,28.0,1,67.0,66.0769230769,35.0,0.90637221072,134.0,30.1826785233,99.0
2016-09-18,6,0,20.0,27.0,1,67.0,63.3846153846,35.0,1.06206896552,134.0,25.1443171788,50.0
2016-09-19,0,0,17.0,27.0,1,67.0,58.0,35.0,0.949041608228,134.0,19.2473774437,46.0
2016-09-20,1,0,17.0,27.0,1,67.0,55.6153846154,35.0,0.918079096045,134.0,18.6569783255,33.0
2016-09-21,2,0,17.0,26.0,1,67.0,52.3846153846,33.0,0.616929698709,134.0,18.6569783255,33.0
2016-09-22,3,0,18.0,28.0,1,67.0,50.3076923077,33.0,0.55431823806,134.0,19.188877449,38.0
2016-09-23,4,0,19.0,30.0,1,67.0,49.3076923077,33.0,0.538720538721,134.0,19.4635146458,66.0
2016-09-24,5,1,20.0,32.0,1,67.0,51.3846153846,33.0,0.746187363834,134.0,19.6920072092,46.0
2016-09-25,6,1,20.0,32.0,1,67.0,52.2307692308,33.0,0.880281690141,134.0,19.1999753452,56.0
2016-09-26,0,0,21.0,31.0,1,67.0,53.8461538462,33.0,1.0447761194,134.0,18.5548921762,38.0
2016-09-27,1,0,24.0,32.0,1,67.0,54.0,33.0,0.903517263633,134.0,18.4140414651,39.0
2016-09-28,2,0,20.0,27.0,0,67.0,52.0,33.0,0.889334670679,134.0,18.5223357889,41.0
2016-09-29,3,0,21.0,24.0,0,67.0,49.1538461538,33.0,0.804362644853,134.0,17.0963160847,59.0
2016-09-30,4,0,22.0,26.0,0,67.0,49.5384615385,33.0,0.939824205544,134.0,17.2565055051,74.0
2016-10-01,5,1,22.0,29.0,0,68.0,47.6153846154,33.0,1.1361410382,134.0,12.3259479994,74.0
2016-10-02,6,1,21.0,28.0,0,70.0,49.4615384615,33.0,1.30188679245,134.0,14.1997583111,86.0
2016-10-03,0,1,20.0,28.0,0,70.0,52.5384615385,33.0,1.40414041404,134.0,17.1447026338,123.0
2016-10-04,1,1,19.0,28.0,1,70.0,59.4615384615,33.0,1.57484696717,123.0,24.4654084989,132.0
2016-10-05,2,1,19.0,28.0,1,70.0,67.0769230769,33.0,1.79710144928,132.0,29.8572540817,175.0
2016-10-06,3,1,20.0,27.0,0,70.0,77.6153846154,33.0,2.10474791973,175.0,40.1411710027,137.0
2016-10-07,4,1,21.0,25.0,0,71.0,83.0769230769,33.0,2.04844290657,175.0,42.9229390679,105.0
2016-10-08,5,0,15.0,24.0,1,71.0,87.6153846154,33.0,1.91592005513,175.0,41.8689134939,73.0
2016-10-09,6,0,14.0,23.0,1,71.0,88.9230769231,33.0,1.42469470828,175.0,41.1198277804,46.0
2016-10-10,0,0,16.0,23.0,1,71.0,89.5384615385,33.0,1.013116237,175.0,40.4068070895,32.0
2016-10-11,1,0,17.0,23.0,1,70.0,89.0,32.0,0.683412536773,175.0,41.1170935818,38.0
2016-10-12,2,0,17.0,20.0,1,70.0,88.7692307692,32.0,0.523229589535,175.0,41.3933362273,35.0
2016-10-13,3,0,17.0,23.0,1,70.0,86.9230769231,32.0,0.474576271186,175.0,43.1766702291,33.0
2016-10-14,4,0,17.0,23.0,1,66.0,83.7692307692,32.0,0.490060101711,175.0,45.4433778643,53.0
2016-10-15,5,1,19.0,26.0,1,66.0,82.1538461538,32.0,0.556705774097,175.0,46.1299938366,38.0
2016-10-16,6,1,18.0,26.0,0,66.0,78.4615384615,32.0,0.577684602842,175.0,47.5728031299,54.0
2016-10-17,0,0,18.0,23.0,0,65.0,73.1538461538,32.0,0.668048836674,175.0,46.1349961507,45.0
2016-10-18,1,0,19.0,25.0,0,60.0,66.4615384615,32.0,0.628584537738,175.0,43.3387646422,25.0
2016-10-19,2,0,20.0,25.0,0,59.0,54.9230769231,25.0,0.575272558571,175.0,31.163246445,43.0
2016-10-20,3,0,21.0,26.0,0,56.0,47.6923076923,25.0,0.530143091719,175.0,20.2878691128,25.0
2016-10-21,4,0,22.0,28.0,0,56.0,41.5384615385,25.0,0.451895043732,175.0,12.6771471227,53.0
2016-10-22,5,1,19.0,23.0,0,55.0,40.0,25.0,0.597088576363,175.0,9.60768922831,54.0
2016-10-23,6,1,18.0,23.0,1,55.0,40.6153846154,25.0,0.667172100076,175.0,10.2096369373,63.0
2016-10-24,0,0,19.0,25.0,1,55.0,43.0,25.0,0.900185332274,175.0,11.4623128288,34.0
2016-10-25,1,0,20.0,25.0,0,54.0,42.6923076923,25.0,0.867068619007,175.0,11.6446396739,32.0
2016-10-26,2,0,19.0,25.0,0,54.0,42.4615384615,25.0,0.844793713163,175.0,11.8231544965,45.0
2016-10-27,3,0,20.0,26.0,1,54.0,43.3846153846,25.0,0.799136069114,175.0,11.5127919593,38.0
2016-10-28,4,0,12.0,20.0,0,53.0,42.2307692308,25.0,0.892510671323,175.0,11.2397224586,53.0
2016-10-29,5,1,12.0,14.0,0,53.0,43.3846153846,25.0,1.08065156933,175.0,11.5127919593,41.0
2016-10-30,6,1,12.0,18.0,1,53.0,42.3846153846,25.0,1.0551558753,175.0,11.1046661124,53.0
2016-10-31,0,0,11.0,16.0,0,53.0,43.0,25.0,1.14619883041,175.0,11.4488830493,49.0
