time_stamp,dayofweek,holiday,lt,ht,sunny,m2M,w2A,m1L,d3w3,m1Lar,w2Std,pay_sum
2016-08-01,0,0,27.0,37.0,1,36.0,1.0,1.0,1.0,38.0,0.0,1.0
2016-08-02,1,0,26.0,36.0,0,32.0,1.0,1.0,1.0,13.0,0.0,1.0
2016-08-03,2,0,25.0,31.0,0,13.0,1.0,1.0,1.0,4.0,0.0,1.0
2016-08-04,3,0,25.0,29.0,0,4.0,1.0,1.0,1.0,2.0,0.0,1.0
2016-08-05,4,0,25.0,31.0,0,2.0,1.0,1.0,1.0,1.0,0.0,1.0
2016-08-06,5,1,24.0,32.0,0,1.0,1.0,1.0,1.0,1.0,0.0,1.0
2016-08-07,6,1,25.0,32.0,0,1.0,1.0,1.0,1.0,1.0,0.0,1.0
2016-08-08,0,0,26.0,32.0,0,1.0,1.0,1.0,1.0,1.0,0.0,1.0
2016-08-09,1,0,26.0,32.0,0,1.0,1.0,1.0,1.0,1.0,0.0,1.0
2016-08-10,2,0,26.0,34.0,0,1.0,1.0,1.0,1.0,1.0,0.0,1.0
2016-08-11,3,0,27.0,35.0,0,1.0,1.0,1.0,1.0,1.0,0.0,1.0
2016-08-12,4,0,28.0,38.0,1,1.0,1.0,1.0,1.0,1.0,0.0,1.0
2016-08-13,5,1,28.0,37.0,1,1.0,1.0,1.0,1.0,1.0,0.0,1.0
2016-08-14,6,1,28.0,37.0,1,1.0,1.0,1.0,1.0,1.0,0.0,1.0
2016-08-15,0,0,28.0,37.0,1,1.0,1.0,1.0,1.0,1.0,0.0,1.0
2016-08-16,1,0,27.0,37.0,1,1.0,1.0,1.0,1.0,1.0,0.0,1.0
2016-08-17,2,0,27.0,36.0,1,1.0,1.0,1.0,1.0,1.0,0.0,1.0
2016-08-18,3,0,28.0,37.0,1,1.0,1.0,1.0,1.0,1.0,0.0,1.0
2016-08-19,4,0,27.0,37.0,1,1.0,1.0,1.0,1.0,1.0,0.0,1.0
2016-08-20,5,1,26.0,36.0,1,1.0,1.0,1.0,1.0,1.0,0.0,1.0
2016-08-21,6,1,26.0,34.0,1,1.0,1.0,1.0,1.0,1.0,0.0,1.0
2016-08-22,0,0,27.0,33.0,1,1.0,1.0,1.0,1.0,1.0,0.0,1.0
2016-08-23,1,0,27.0,34.0,1,1.0,1.0,1.0,1.0,1.0,0.0,1.0
2016-08-24,2,0,27.0,34.0,1,1.0,1.0,1.0,1.0,1.0,0.0,1.0
2016-08-25,3,0,24.0,35.0,0,1.0,1.0,1.0,1.0,1.0,0.0,1.0
2016-08-26,4,0,21.0,27.0,0,1.0,1.0,1.0,1.0,1.0,0.0,1.0
2016-08-27,5,1,18.0,27.0,1,1.0,1.0,1.0,1.0,1.0,0.0,61.0
2016-08-28,6,1,18.0,30.0,1,1.0,5.61538461538,1.0,5.25,61.0,15.9881613006,92.0
2016-08-29,0,0,19.0,31.0,1,1.0,12.6153846154,1.0,6.00389863548,92.0,27.9106774758,114.0
2016-08-30,1,0,20.0,31.0,1,1.0,21.3076923077,1.0,6.2676056338,114.0,38.5194947954,83.0
2016-08-31,2,0,21.0,32.0,1,1.0,27.6153846154,1.0,5.26411657559,114.0,41.2917172949,78.0
2016-09-01,3,0,21.0,31.0,1,1.0,33.5384615385,1.0,4.13844996238,114.0,42.5524389333,69.0
2016-09-02,4,0,22.0,33.0,1,1.0,38.7692307692,1.0,3.00065231572,114.0,42.4103649272,69.0
2016-09-03,5,1,22.0,33.0,1,1.0,44.0,1.0,2.48704663212,114.0,41.6154557087,111.0
2016-09-04,6,1,22.0,31.0,1,1.0,52.4615384615,1.0,2.40928882438,114.0,43.1662535297,115.0
2016-09-05,0,0,23.0,32.0,1,1.0,61.2307692308,1.0,2.44914902449,115.0,43.4000245412,85.0
2016-09-06,1,0,21.0,31.0,1,1.0,67.6923076923,1.0,2.33746711762,115.0,40.0775874742,80.0
2016-09-07,2,0,23.0,32.0,1,1.0,73.7692307692,1.0,1.93236714976,115.0,35.1964898734,103.0
2016-09-08,3,0,22.0,32.0,1,1.0,81.6153846154,1.0,1.67290886392,115.0,28.9071150718,100.0
2016-09-09,4,0,21.0,31.0,0,1.0,89.2307692308,1.0,1.6166809483,115.0,17.4274489335,76.0
2016-09-10,5,1,22.0,32.0,1,1.0,90.3846153846,1.0,1.49758454106,115.0,15.9544469882,79.0
2016-09-11,6,1,20.0,31.0,1,1.0,89.3846153846,1.0,1.28787878788,115.0,16.2269408536,91.0
2016-09-12,0,0,22.0,33.0,1,1.0,87.6153846154,1.0,1.16312056738,115.0,14.6210515329,84.0
2016-09-13,1,0,21.0,32.0,1,1.0,87.6923076923,1.0,1.13418173699,115.0,14.5991813015,81.0
2016-09-14,2,0,21.0,31.0,1,1.0,87.9230769231,1.0,1.08497563043,115.0,14.4672656417,79.0
2016-09-15,3,1,23.0,31.0,0,1.0,88.6923076923,1.0,0.985261457702,115.0,13.6853915117,67.0
2016-09-16,4,1,22.0,30.0,0,1.0,88.5384615385,1.0,0.881382255873,115.0,13.9152123985,76.0
2016-09-17,5,1,21.0,32.0,1,1.0,85.8461538462,1.0,0.854503464203,115.0,12.6360056605,84.0
2016-09-18,6,0,20.0,31.0,1,1.0,83.4615384615,1.0,0.877803557618,115.0,9.42676536917,88.0
2016-09-19,0,0,18.0,29.0,1,1.0,83.6923076923,1.0,0.973694542599,115.0,9.49805336643,80.0
2016-09-20,1,0,18.0,27.0,1,1.0,83.6923076923,1.0,0.991150442478,115.0,9.49805336643,92.0
2016-09-21,2,0,17.0,28.0,1,1.0,82.8461538462,1.0,1.01423834601,115.0,8.13204633009,80.0
2016-09-22,3,0,17.0,30.0,1,1.0,81.3076923077,1.0,0.976744186047,115.0,6.46153846154,97.0
2016-09-23,4,0,18.0,31.0,1,1.0,82.9230769231,1.0,1.02593440122,115.0,7.47777772893,82.0
2016-09-24,5,1,22.0,32.0,1,1.0,83.1538461538,1.0,1.00445995734,115.0,7.39902440395,97.0
2016-09-25,6,1,23.0,30.0,1,1.0,83.6153846154,61.0,1.08171663727,115.0,8.03395162409,96.0
2016-09-26,0,0,23.0,33.0,1,61.0,84.5384615385,67.0,1.07087227414,115.0,8.68788178677,132.0
2016-09-27,1,0,22.0,32.0,1,67.0,88.4615384615,67.0,1.22826908541,132.0,15.2447488292,115.0
2016-09-28,2,0,16.0,25.0,0,69.0,91.2307692308,67.0,1.28753753754,132.0,16.4931400479,94.0
2016-09-29,3,0,15.0,18.0,0,69.0,93.3076923077,67.0,1.28436911488,132.0,14.9377406148,118.0
2016-09-30,4,0,17.0,20.0,0,76.0,96.5384615385,67.0,1.20309050773,132.0,15.3803840335,115.0
2016-10-01,5,1,17.0,20.0,0,76.0,98.9230769231,67.0,1.17965367965,132.0,15.6522868246,69.0
2016-10-02,6,1,16.0,23.0,0,76.0,97.4615384615,67.0,1.10259218693,132.0,17.3941430665,69.0
2016-10-03,0,1,18.0,29.0,1,76.0,96.6153846154,67.0,0.931345481318,132.0,18.4580124838,44.0
2016-10-04,1,1,17.0,30.0,1,76.0,92.9230769231,44.0,0.683953400977,132.0,23.2029889933,58.0
2016-10-05,2,1,18.0,30.0,1,76.0,91.2307692308,44.0,0.650313747861,132.0,24.8291201435,57.0
2016-10-06,3,1,19.0,29.0,1,76.0,88.1538461538,44.0,0.608146873207,132.0,26.3551079675,79.0
2016-10-07,4,1,19.0,27.0,1,78.0,87.9230769231,44.0,0.740740740741,132.0,26.4210333999,80.0
2016-10-08,5,0,16.0,26.0,1,79.0,86.6153846154,44.0,0.826636050517,132.0,26.3600468703,96.0
2016-10-09,6,0,16.0,24.0,1,79.0,86.6153846154,44.0,0.971428571429,132.0,26.3600468703,99.0
2016-10-10,0,0,16.0,23.0,1,79.0,84.0769230769,44.0,1.03636706237,132.0,23.2758096231,110.0
2016-10-11,1,0,16.0,21.0,1,80.0,83.6923076923,44.0,1.13784741653,132.0,22.7980586737,92.0
2016-10-12,2,0,16.0,19.0,1,80.0,83.5384615385,44.0,1.11543450065,132.0,22.7346410864,103.0
2016-10-13,3,0,15.0,18.0,0,80.0,82.3846153846,44.0,1.12650046168,132.0,21.2911627082,90.0
2016-10-14,4,0,15.0,19.0,1,80.0,80.4615384615,44.0,1.04798676227,132.0,19.2937430456,117.0
2016-10-15,5,1,16.0,23.0,1,81.0,84.1538461538,44.0,1.12747772322,132.0,21.241636015,75.0
2016-10-16,6,1,16.0,24.0,1,81.0,84.6153846154,44.0,1.03752759382,132.0,20.9708165775,98.0
2016-10-17,0,0,16.0,23.0,1,82.0,88.7692307692,44.0,1.08736407949,132.0,17.5900052309,92.0
2016-10-18,1,0,18.0,25.0,1,83.0,91.3846153846,44.0,1.00664767331,132.0,15.1836879149,99.0
2016-10-19,2,0,18.0,24.0,0,84.0,94.6153846154,44.0,1.0946969697,132.0,11.5594680576,101.0
2016-10-20,3,0,19.0,23.0,0,84.0,96.3076923077,44.0,1.11684834576,132.0,10.7301488654,82.0
2016-10-21,4,0,18.0,24.0,0,84.0,96.4615384615,44.0,1.09941520468,132.0,10.5072530599,95.0
2016-10-22,5,1,16.0,21.0,0,85.0,96.3846153846,44.0,1.06758832565,132.0,10.5140086883,90.0
2016-10-23,6,1,15.0,18.0,1,88.0,95.6923076923,44.0,1.01309049516,132.0,10.6148271871,120.0
2016-10-24,0,0,12.0,16.0,0,90.0,96.4615384615,44.0,1.10929259865,132.0,11.907433907,94.0
2016-10-25,1,0,12.0,16.0,0,90.0,96.6153846154,44.0,1.08435883717,132.0,11.8616282547,65.0
2016-10-26,2,0,13.0,16.0,0,90.0,93.6923076923,44.0,0.99094299414,120.0,14.3494015709,74.0
2016-10-27,3,0,12.0,16.0,0,90.0,92.4615384615,44.0,0.829772079772,120.0,15.2699573553,76.0
2016-10-28,4,0,9.0,14.0,0,88.0,89.3076923077,44.0,0.767309064954,120.0,14.0624137078,60.0
2016-10-29,5,1,7.0,11.0,0,88.0,88.1538461538,44.0,0.764192139738,120.0,15.7081368128,77.0
2016-10-30,6,1,9.0,15.0,0,88.0,86.5384615385,44.0,0.78453038674,120.0,15.6923076923,122.0
2016-10-31,0,0,9.0,14.0,0,90.0,88.8461538462,44.0,0.94767654592,122.0,18.3128628768,91.0
