time_stamp,dayofweek,holiday,lt,ht,sunny,m2M,w2A,m1L,d3w3,m1Lar,w2Std,pay_sum
2016-08-01,0,0,19.0,28.0,1,225.0,182.692307692,144.0,1.00338870981,395.0,20.1318141465,172.0
2016-08-02,1,0,19.0,31.0,1,224.0,182.846153846,144.0,0.919313797915,395.0,20.0416725613,154.0
2016-08-03,2,0,20.0,32.0,1,220.0,181.846153846,144.0,0.854448544485,395.0,21.103576634,139.0
2016-08-04,3,0,19.0,32.0,1,219.0,179.230769231,139.0,0.769230769231,395.0,23.9523689086,161.0
2016-08-05,4,0,20.0,30.0,1,219.0,178.538461538,139.0,0.767215885087,395.0,24.3361566545,251.0
2016-08-06,5,1,21.0,30.0,1,220.0,180.923076923,139.0,0.94893653664,395.0,29.2954749419,201.0
2016-08-07,6,1,17.0,28.0,1,219.0,182.384615385,139.0,1.11141328982,395.0,29.7826445629,230.0
2016-08-08,0,0,19.0,30.0,1,219.0,187.538461538,139.0,1.23450085981,395.0,31.7165702497,189.0
2016-08-09,1,0,19.0,30.0,1,216.0,190.692307692,139.0,1.11651359625,395.0,29.5956977523,191.0
2016-08-10,2,0,20.0,31.0,1,210.0,190.923076923,139.0,1.09142959385,395.0,29.5854994068,185.0
2016-08-11,3,0,20.0,32.0,0,203.0,190.769230769,139.0,1.0076689852,395.0,29.6106889384,219.0
2016-08-12,4,0,16.0,25.0,0,203.0,190.769230769,139.0,1.04744300678,395.0,29.6106889384,233.0
2016-08-13,5,1,20.0,29.0,0,210.0,193.846153846,139.0,1.11754385965,395.0,31.6880131519,268.0
2016-08-14,6,1,19.0,29.0,1,210.0,199.461538462,139.0,1.23520329388,395.0,37.356114492,263.0
2016-08-15,0,0,16.0,27.0,0,210.0,206.461538462,139.0,1.27780565312,395.0,39.9877200085,197.0
2016-08-16,1,0,18.0,28.0,1,203.0,209.769230769,139.0,1.20280875671,268.0,37.1921287085,191.0
2016-08-17,2,0,16.0,24.0,0,202.0,213.769230769,139.0,1.07478949975,268.0,31.7663436945,206.0
2016-08-18,3,0,18.0,23.0,0,202.0,217.230769231,139.0,0.976090707419,268.0,28.0635373782,218.0
2016-08-19,4,0,17.0,28.0,1,202.0,214.692307692,139.0,1.01084812623,268.0,26.3333208499,213.0
2016-08-20,5,1,15.0,27.0,0,203.0,215.615384615,139.0,1.04187111547,268.0,26.045931209,239.0
2016-08-21,6,1,19.0,30.0,1,203.0,216.307692308,139.0,1.08414239482,268.0,26.5341133562,245.0
2016-08-22,0,0,20.0,26.0,1,206.0,220.615384615,139.0,1.10819620002,268.0,26.2957687779,233.0
2016-08-23,1,0,19.0,25.0,0,206.0,223.846153846,139.0,1.11891385768,268.0,25.007217893,189.0
2016-08-24,2,0,17.0,29.0,1,203.0,224.153846154,139.0,1.02884467068,268.0,24.5477436025,250.0
2016-08-25,3,0,11.0,24.0,1,203.0,226.538461538,139.0,1.0156427114,268.0,25.4214185424,207.0
2016-08-26,4,0,11.0,23.0,1,203.0,224.538461538,139.0,0.986184260743,268.0,25.8534788155,218.0
2016-08-27,5,1,11.0,26.0,1,203.0,220.692307692,139.0,1.02645985401,268.0,22.6185241149,258.0
2016-08-28,6,1,11.0,26.0,1,203.0,220.307692308,139.0,1.03203384708,268.0,21.9277997612,355.0
2016-08-29,0,0,14.0,27.0,1,203.0,232.461538462,139.0,1.21013543032,355.0,41.0714487853,318.0
2016-08-30,1,0,13.0,28.0,1,203.0,242.230769231,139.0,1.31916400992,355.0,44.966917491,454.0
2016-08-31,2,0,13.0,27.0,1,203.0,261.307692308,139.0,1.51052137783,454.0,70.7589457409,514.0
2016-09-01,3,0,13.0,23.0,1,203.0,284.076923077,139.0,1.62712722212,514.0,96.2076772392,351.0
2016-09-02,4,0,14.0,23.0,1,206.0,294.692307692,161.0,1.63232473238,514.0,95.38939194,348.0
2016-09-03,5,1,13.0,27.0,0,206.0,303.076923077,185.0,1.4791780989,514.0,94.9149105077,489.0
2016-09-04,6,1,12.0,25.0,0,206.0,321.846153846,185.0,1.39118215352,514.0,105.148134446,432.0
2016-09-05,0,0,13.0,26.0,1,206.0,337.153846154,185.0,1.42712550607,514.0,105.583977626,284.0
2016-09-06,1,0,13.0,27.0,1,207.0,344.461538462,185.0,1.33421912196,514.0,98.0993337895,313.0
2016-09-07,2,0,11.0,26.0,1,213.0,349.307692308,185.0,1.11945169713,514.0,94.8142999726,318.0
2016-09-08,3,0,11.0,26.0,1,218.0,357.846153846,185.0,0.979447655748,514.0,86.2231863818,258.0
2016-09-09,4,0,12.0,26.0,1,218.0,360.923076923,189.0,0.944789840055,514.0,81.7768648293,389.0
2016-09-10,5,1,12.0,24.0,0,219.0,371.0,189.0,1.0016088017,514.0,76.3655177923,415.0
2016-09-11,6,1,13.0,21.0,0,219.0,375.615384615,189.0,1.07386622175,514.0,77.0689386314,421.0
2016-09-12,0,0,10.0,24.0,0,220.0,383.538461538,189.0,1.2043454751,514.0,76.0259220819,304.0
2016-09-13,1,0,12.0,25.0,1,220.0,372.0,189.0,1.10208816705,514.0,75.838898077,294.0
2016-09-14,2,0,11.0,27.0,1,220.0,355.076923077,189.0,0.978866474544,514.0,66.197212977,427.0
2016-09-15,3,1,13.0,28.0,1,220.0,360.923076923,189.0,0.954376163873,514.0,68.8805672478,480.0
2016-09-16,4,1,14.0,27.0,1,220.0,371.076923077,189.0,1.07877481362,514.0,75.626065448,329.0
2016-09-17,5,1,12.0,22.0,0,230.0,358.769230769,189.0,1.09969304684,514.0,68.0759235042,387.0
2016-09-18,6,0,8.0,22.0,1,233.0,355.307692308,189.0,1.05957918051,514.0,65.3539294509,369.0
2016-09-19,0,0,6.0,22.0,1,233.0,361.846153846,189.0,0.954769447378,514.0,62.06181305,326.0
2016-09-20,1,0,10.0,22.0,1,239.0,362.846153846,189.0,0.968492660222,514.0,61.3675511273,315.0
2016-09-21,2,0,11.0,22.0,0,245.0,362.615384615,189.0,0.928863751322,514.0,61.5411537873,394.0
2016-09-22,3,0,11.0,22.0,0,250.0,373.076923077,207.0,0.946242457488,514.0,53.960757163,284.0
2016-09-23,4,0,13.0,25.0,1,251.0,365.0,207.0,0.915882678473,514.0,58.6292129862,434.0
2016-09-24,5,1,12.0,27.0,1,258.0,366.461538462,218.0,1.03350527441,514.0,60.0763813627,400.0
2016-09-25,6,1,12.0,22.0,0,258.0,364.846153846,258.0,1.04373803856,514.0,58.8581687081,368.0
2016-09-26,0,0,11.0,22.0,0,263.0,369.769230769,258.0,1.10911188005,514.0,56.1784982768,258.0
2016-09-27,1,0,3.0,16.0,1,263.0,367.0,258.0,0.953974895397,514.0,60.5614754418,231.0
2016-09-28,2,0,4.0,16.0,1,263.0,351.923076923,231.0,0.806626194174,514.0,67.7216719527,237.0
2016-09-29,3,0,8.0,21.0,1,263.0,333.230769231,231.0,0.685358255452,514.0,63.1739403992,229.0
2016-09-30,4,0,10.0,21.0,1,263.0,325.538461538,229.0,0.673234811166,489.0,69.0369080605,299.0
2016-10-01,5,1,11.0,26.0,1,268.0,318.769230769,229.0,0.751547303271,489.0,66.9617041486,266.0
2016-10-02,6,1,12.0,24.0,1,268.0,310.846153846,229.0,0.798270748504,489.0,66.6423821647,230.0
2016-10-03,0,1,10.0,23.0,1,268.0,303.461538462,229.0,0.808296477047,480.0,69.7981875284,214.0
2016-10-04,1,1,7.0,14.0,0,268.0,295.692307692,214.0,0.730791004066,480.0,73.5991059889,237.0
2016-10-05,2,1,5.0,19.0,1,268.0,283.615384615,214.0,0.722125019882,480.0,69.2282050807,219.0
2016-10-06,3,1,8.0,18.0,0,268.0,278.615384615,214.0,0.741232437217,480.0,71.3351121458,253.0
2016-10-07,4,1,4.0,15.0,0,268.0,264.692307692,214.0,0.794397759104,480.0,55.5703083633,313.0
2016-10-08,5,0,2.0,13.0,1,284.0,258.0,214.0,0.890628545496,480.0,42.5964967863,392.0
2016-10-09,6,0,4.0,16.0,1,284.0,259.846153846,214.0,1.08266937899,480.0,47.5553865813,440.0
2016-10-10,0,0,2.0,19.0,1,294.0,273.846153846,214.0,1.26947170021,480.0,67.5412650548,282.0
2016-10-11,1,0,4.0,16.0,1,294.0,277.769230769,214.0,1.24191750279,480.0,66.4103257103,240.0
2016-10-12,2,0,6.0,18.0,1,294.0,278.0,214.0,1.10081244994,480.0,66.2733268077,303.0
2016-10-13,3,0,6.0,21.0,1,299.0,283.692307692,214.0,0.940975192472,480.0,64.9856606851,258.0
2016-10-14,4,0,7.0,22.0,1,299.0,280.538461538,214.0,0.941965073205,480.0,65.1608841898,428.0
2016-10-15,5,1,6.0,16.0,0,303.0,293.0,214.0,1.1573342695,440.0,75.8094777919,328.0
2016-10-16,6,1,3.0,19.0,1,304.0,300.538461538,214.0,1.1949796712,440.0,74.0214266117,402.0
2016-10-17,0,0,5.0,17.0,1,313.0,315.0,214.0,1.33080503361,440.0,74.0664981881,238.0
2016-10-18,1,0,7.0,21.0,1,313.0,315.076923077,214.0,1.11111111111,440.0,73.9859254167,269.0
2016-10-19,2,0,8.0,20.0,1,313.0,318.923076923,214.0,1.03767123288,440.0,70.0883635008,276.0
2016-10-20,3,0,7.0,14.0,0,313.0,320.692307692,214.0,0.886699507389,440.0,68.6780500321,206.0
2016-10-21,4,0,5.0,10.0,0,313.0,312.461538462,206.0,0.864112300081,440.0,75.2080349478,384.0
2016-10-22,5,1,4.0,12.0,1,313.0,311.846153846,206.0,0.976544880469,440.0,74.584847042,360.0
2016-10-23,6,1,4.0,14.0,1,315.0,305.692307692,206.0,1.04821802935,440.0,66.6337690034,430.0
2016-10-24,0,0,2.0,10.0,1,318.0,317.076923077,206.0,1.25066581442,440.0,73.8641804921,226.0
2016-10-25,1,0,4.0,14.0,1,318.0,316.0,206.0,1.08425377515,440.0,75.0722728699,285.0
2016-10-26,2,0,3.0,12.0,1,318.0,314.615384615,206.0,0.993716669307,440.0,75.4642436589,289.0
2016-10-27,3,0,-1.0,8.0,0,315.0,317.0,206.0,0.840027300887,440.0,74.1152947986,220.0
2016-10-28,4,0,-4.0,5.0,1,313.0,301.0,206.0,0.846121057118,440.0,70.8030855477,426.0
2016-10-29,5,1,-1.0,6.0,1,313.0,308.538461538,206.0,0.990990990991,440.0,78.1159053878,433.0
2016-10-30,6,1,-6.0,6.0,1,313.0,310.923076923,206.0,1.14488832299,440.0,81.3392341119,381.0
2016-10-31,0,0,-9.0,1.0,1,313.0,321.923076923,206.0,1.29530972527,440.0,80.397533007,249.0
