time_stamp,dayofweek,holiday,lt,ht,sunny,m2M,w2A,m1L,d3w3,m1Lar,w2Std,pay_sum
2016-08-01,0,0,24.0,30.0,1,82.0,84.9230769231,46.0,1.05691056911,113.0,17.5168557877,84.0
2016-08-02,1,0,24.0,33.0,1,83.0,87.8461538462,46.0,1.0071942446,113.0,13.4841568223,83.0
2016-08-03,2,0,25.0,34.0,1,83.0,87.7692307692,46.0,0.988395358143,113.0,13.5087085652,73.0
2016-08-04,3,0,25.0,33.0,1,83.0,85.3846153846,46.0,0.962695547533,113.0,13.1648626832,95.0
2016-08-05,4,0,25.0,32.0,1,84.0,84.6923076923,46.0,0.991898834222,113.0,12.3810314929,86.0
2016-08-06,5,1,24.0,33.0,1,84.0,82.6153846154,46.0,0.995492847345,113.0,9.35240373494,62.0
2016-08-07,6,1,23.0,31.0,1,84.0,79.9230769231,46.0,0.975316074654,113.0,9.84855739894,58.0
2016-08-08,0,0,24.0,32.0,1,84.0,78.0769230769,46.0,0.834853090172,113.0,11.4116104066,72.0
2016-08-09,1,0,25.0,33.0,1,84.0,78.9230769231,46.0,0.766008378217,113.0,10.4841384846,97.0
2016-08-10,2,0,26.0,33.0,1,85.0,80.6153846154,46.0,0.898653998416,113.0,11.4457816317,96.0
2016-08-11,3,0,27.0,34.0,1,86.0,82.0,46.0,1.05409705648,113.0,12.1148351524,94.0
2016-08-12,4,0,25.0,29.0,0,87.0,82.1538461538,46.0,1.14845938375,113.0,12.2527620362,86.0
2016-08-13,5,1,24.0,31.0,0,87.0,82.0,46.0,1.12263575351,113.0,12.1907909758,91.0
2016-08-14,6,1,24.0,33.0,1,88.0,82.8461538462,46.0,1.10634823433,113.0,12.4025193089,83.0
2016-08-15,0,0,21.0,29.0,0,87.0,82.7692307692,46.0,1.06079151367,113.0,12.398224725,78.0
2016-08-16,1,0,23.0,31.0,1,87.0,82.3846153846,46.0,1.01756511205,113.0,12.462488093,81.0
2016-08-17,2,0,23.0,28.0,0,87.0,83.0,46.0,0.97364715349,113.0,12.1781645706,86.0
2016-08-18,3,0,22.0,24.0,0,87.0,82.3076923077,58.0,0.980980980981,113.0,11.7236422234,58.0
2016-08-19,4,0,22.0,32.0,1,86.0,80.1538461538,58.0,0.919681177192,113.0,13.3119157371,117.0
2016-08-20,5,1,23.0,31.0,1,86.0,84.3846153846,58.0,1.04819277108,117.0,15.439900665,84.0
2016-08-21,6,1,23.0,34.0,1,86.0,86.3846153846,58.0,1.03766025641,117.0,13.4481251855,109.0
2016-08-22,0,0,23.0,32.0,1,86.0,89.2307692308,58.0,1.22360371028,117.0,14.0063383792,114.0
2016-08-23,1,0,24.0,30.0,0,86.0,90.5384615385,58.0,1.18992248062,117.0,15.3953808488,98.0
2016-08-24,2,0,24.0,31.0,0,86.0,90.6923076923,58.0,1.22636103152,117.0,15.4590506992,97.0
2016-08-25,3,0,18.0,30.0,1,86.0,90.9230769231,58.0,1.17916428163,117.0,15.5289384374,95.0
2016-08-26,4,0,17.0,29.0,1,86.0,91.6153846154,58.0,1.10098709188,117.0,15.4946068113,106.0
2016-08-27,5,1,20.0,32.0,1,87.0,92.7692307692,58.0,1.1037037037,117.0,15.9574137395,106.0
2016-08-28,6,1,18.0,31.0,1,88.0,94.5384615385,58.0,1.1075036075,117.0,16.0509543671,98.0
2016-08-29,0,0,19.0,31.0,1,88.0,96.0769230769,58.0,1.10281038776,117.0,15.3345338695,88.0
2016-08-30,1,0,19.0,31.0,1,88.0,96.6153846154,58.0,1.04378909741,117.0,14.9127640813,88.0
2016-08-31,2,0,19.0,33.0,1,88.0,96.7692307692,58.0,0.98366541016,117.0,14.8124368024,97.0
2016-09-01,3,0,19.0,27.0,1,88.0,99.7692307692,58.0,0.978494623656,117.0,9.73616451218,81.0
2016-09-02,4,0,19.0,28.0,1,86.0,97.0,58.0,0.955974842767,117.0,9.55953008179,101.0
2016-09-03,5,1,20.0,30.0,1,86.0,98.3076923077,58.0,0.997319034853,117.0,8.82639934763,111.0
2016-09-04,6,1,18.0,29.0,0,88.0,98.4615384615,58.0,1.03187180842,117.0,9.02658794567,92.0
2016-09-05,0,0,20.0,31.0,1,88.0,96.7692307692,58.0,1.06275126726,117.0,7.95326586188,95.0
2016-09-06,1,0,21.0,30.0,1,88.0,96.5384615385,58.0,1.03418358494,117.0,7.95772855701,84.0
2016-09-07,2,0,19.0,31.0,1,86.0,95.5384615385,58.0,0.941462567309,117.0,8.6256806609,91.0
2016-09-08,3,0,18.0,31.0,1,86.0,95.2307692308,58.0,0.922131147541,117.0,8.71032849468,125.0
2016-09-09,4,0,19.0,31.0,1,88.0,96.6923076923,58.0,1.02040816327,125.0,11.5317929448,157.0
2016-09-10,5,1,18.0,30.0,1,88.0,100.615384615,58.0,1.22315133628,157.0,19.7660877478,104.0
2016-09-11,6,1,18.0,25.0,0,88.0,101.076923077,58.0,1.26890203813,157.0,19.7696797315,104.0
2016-09-12,0,0,18.0,27.0,1,91.0,102.307692308,58.0,1.20581433763,157.0,19.4120684721,82.0
2016-09-13,1,0,19.0,27.0,1,91.0,101.846153846,58.0,0.965700965701,157.0,19.8139273234,71.0
2016-09-14,2,0,20.0,30.0,1,91.0,99.8461538462,58.0,0.867071524966,157.0,21.4470588044,79.0
2016-09-15,3,1,21.0,30.0,1,88.0,99.6923076923,58.0,0.789115646259,157.0,21.5884036371,142.0
2016-09-16,4,1,20.0,30.0,0,91.0,102.846153846,58.0,0.975283901136,157.0,24.3653163134,105.0
2016-09-17,5,1,17.0,24.0,1,91.0,102.384615385,71.0,1.08939014202,157.0,24.2631041883,88.0
2016-09-18,6,0,15.0,22.0,0,91.0,102.076923077,71.0,1.12510495382,157.0,24.4177159471,81.0
2016-09-19,0,0,13.0,25.0,1,91.0,101.0,71.0,0.923491742501,157.0,25.0076911246,92.0
2016-09-20,1,0,14.0,26.0,1,91.0,101.615384615,71.0,0.87790110999,157.0,24.6780452459,87.0
2016-09-21,2,0,16.0,23.0,0,88.0,101.307692308,71.0,0.878972278567,157.0,24.8329328959,72.0
2016-09-22,3,0,17.0,26.0,0,88.0,97.2307692308,71.0,0.852436746476,157.0,24.9589011289,78.0
2016-09-23,4,0,19.0,27.0,1,88.0,91.1538461538,71.0,0.814432989691,157.0,18.430101439,118.0
2016-09-24,5,1,20.0,29.0,1,88.0,92.2307692308,71.0,0.917651087143,157.0,19.5257378316,112.0
2016-09-25,6,1,19.0,27.0,1,91.0,92.8461538462,71.0,1.04389086595,157.0,20.0070993317,80.0
2016-09-26,0,0,19.0,24.0,0,91.0,92.6923076923,71.0,1.0587431694,157.0,20.0973959866,67.0
2016-09-27,1,0,12.0,23.0,1,88.0,92.3846153846,67.0,0.89233419466,157.0,20.4545968561,69.0
2016-09-28,2,0,10.0,20.0,1,88.0,91.6153846154,67.0,0.752744380554,157.0,21.1206732903,76.0
2016-09-29,3,0,12.0,22.0,1,88.0,86.5384615385,67.0,0.758226037196,157.0,15.6136793309,71.0
2016-09-30,4,0,14.0,24.0,1,88.0,83.9230769231,67.0,0.809898762655,157.0,15.1427135992,112.0
2016-10-01,5,1,15.0,26.0,1,91.0,85.7692307692,67.0,0.96677864875,157.0,16.8894771343,97.0
2016-10-02,6,1,16.0,26.0,1,91.0,87.0,67.0,1.04927862095,157.0,17.0790019525,107.0
2016-10-03,0,1,16.0,28.0,1,91.0,88.1538461538,67.0,1.16777531412,157.0,17.8663678623,107.0
2016-10-04,1,1,11.0,19.0,0,92.0,89.6923076923,67.0,1.1268115942,157.0,18.5488320818,95.0
2016-10-05,2,1,13.0,21.0,1,92.0,91.4615384615,67.0,1.1099137931,157.0,17.8610680386,94.0
2016-10-06,3,1,14.0,17.0,0,94.0,92.6923076923,67.0,1.09144542773,157.0,17.4372925535,60.0
2016-10-07,4,1,12.0,16.0,0,94.0,88.2307692308,60.0,0.941576857629,157.0,17.8073184875,55.0
2016-10-08,5,0,5.0,19.0,1,92.0,83.8461538462,55.0,0.805394990366,157.0,18.4217519999,91.0
2016-10-09,6,0,8.0,18.0,1,92.0,84.6923076923,55.0,0.789272030651,142.0,18.4781976118,63.0
2016-10-10,0,0,10.0,20.0,1,91.0,84.3846153846,55.0,0.814338593415,142.0,18.8007301885,55.0
2016-10-11,1,0,10.0,20.0,1,91.0,83.3076923077,55.0,0.829859043081,142.0,20.0130135177,58.0
2016-10-12,2,0,10.0,19.0,1,91.0,81.9230769231,55.0,0.704704704705,142.0,21.0656904375,88.0
2016-10-13,3,0,12.0,22.0,1,91.0,83.2307692308,55.0,0.8,142.0,20.8738107765,56.0
2016-10-14,4,0,13.0,23.0,1,91.0,78.9230769231,55.0,0.834883240339,142.0,20.26160271,86.0
2016-10-15,5,1,11.0,17.0,0,91.0,78.0769230769,55.0,0.966183574879,118.0,19.7112288906,102.0
2016-10-16,6,1,12.0,20.0,1,92.0,77.6923076923,55.0,1.0109799047,118.0,19.1848682976,84.0
2016-10-17,0,0,9.0,21.0,1,92.0,75.9230769231,55.0,1.11521115211,118.0,17.3757635735,77.0
2016-10-18,1,0,12.0,20.0,1,91.0,74.5384615385,55.0,1.07303141575,118.0,16.4952924968,82.0
2016-10-19,2,0,14.0,22.0,1,91.0,73.6153846154,55.0,0.987804878049,118.0,15.696831927,78.0
2016-10-20,3,0,11.0,15.0,0,91.0,75.0,55.0,0.959319975713,118.0,15.2214423657,71.0
2016-10-21,4,0,11.0,11.0,0,88.0,76.2307692308,55.0,0.958904109589,118.0,14.1647115486,74.0
2016-10-22,5,1,7.0,15.0,1,88.0,74.9230769231,55.0,0.939145083175,118.0,13.5104605539,92.0
2016-10-23,6,1,0.0,5.0,1,88.0,77.1538461538,55.0,1.00765306122,112.0,13.7496637936,92.0
2016-10-24,0,0,6.0,13.0,1,88.0,80.0,55.0,1.10753380554,112.0,12.6551904827,66.0
2016-10-25,1,0,10.0,17.0,1,88.0,80.6153846154,55.0,1.09361329834,112.0,11.7312105844,81.0
2016-10-26,2,0,0.0,10.0,1,88.0,80.0769230769,55.0,1.05448930068,112.0,11.5389743476,78.0
2016-10-27,3,0,7.0,11.0,0,87.0,81.7692307692,55.0,0.981033355134,112.0,9.2748945352,72.0
2016-10-28,4,0,2.0,13.0,1,86.0,80.6923076923,55.0,0.996119016818,112.0,9.53039361028,64.0
2016-10-29,5,1,2.0,12.0,1,84.0,77.7692307692,55.0,0.939214395436,112.0,8.29414850411,99.0
2016-10-30,6,1,2.0,13.0,1,84.0,78.9230769231,55.0,1.00750267953,107.0,9.95730530787,84.0
2016-10-31,0,0,-4.0,6.0,1,84.0,79.4615384615,55.0,1.03956228956,107.0,10.0277720864,57.0
