time_stamp,dayofweek,holiday,lt,ht,sunny,m2M,w2A,m1L,d3w3,m1Lar,w2Std,pay_sum
2016-08-01,0,0,27.0,37.0,1,51.0,58.6153846154,35.0,0.768431983385,95.0,10.8807413601,51.0
2016-08-02,1,0,26.0,36.0,0,51.0,58.8461538462,35.0,0.78954248366,95.0,10.6831726334,42.0
2016-08-03,2,0,25.0,31.0,0,51.0,56.2307692308,35.0,0.794417606012,95.0,10.3191669771,67.0
2016-08-04,3,0,25.0,29.0,0,51.0,56.7692307692,35.0,0.851290236765,95.0,10.6781865801,60.0
2016-08-05,4,0,25.0,31.0,0,52.0,56.6153846154,42.0,0.899893503727,95.0,10.6159420144,90.0
2016-08-06,5,1,24.0,32.0,0,54.0,58.7692307692,42.0,1.16011761561,95.0,13.8405971756,100.0
2016-08-07,6,1,25.0,32.0,0,55.0,60.2307692308,42.0,1.32275132275,100.0,16.7981402183,90.0
2016-08-08,0,0,26.0,32.0,0,55.0,63.7692307692,42.0,1.47913365029,100.0,17.8202730107,46.0
2016-08-09,1,0,26.0,32.0,0,54.0,63.1538461538,42.0,1.24867724868,100.0,18.2792280339,83.0
2016-08-10,2,0,26.0,34.0,0,54.0,64.7692307692,42.0,1.15232833465,100.0,19.0188321495,72.0
2016-08-11,3,0,27.0,35.0,0,54.0,65.3076923077,42.0,1.04769351056,100.0,19.1165840825,75.0
2016-08-12,4,0,28.0,38.0,1,55.0,67.3846153846,42.0,1.18679050568,100.0,18.5826157865,82.0
2016-08-13,5,1,28.0,37.0,1,55.0,70.2307692308,42.0,1.16361788618,100.0,17.7510729737,104.0
2016-08-14,6,1,28.0,37.0,1,56.0,74.0,42.0,1.30337078652,104.0,19.2553688817,66.0
2016-08-15,0,0,28.0,37.0,1,60.0,75.1538461538,42.0,1.23802505527,104.0,18.2665990007,54.0
2016-08-16,1,0,27.0,37.0,1,60.0,76.0769230769,42.0,1.10046671579,104.0,16.8132801836,56.0
2016-08-17,2,0,27.0,36.0,1,56.0,75.2307692308,42.0,0.86849247471,104.0,17.5111122792,87.0
2016-08-18,3,0,28.0,37.0,1,60.0,77.3076923077,42.0,0.956542850206,104.0,17.1795254496,114.0
2016-08-19,4,0,27.0,37.0,1,60.0,79.1538461538,42.0,1.19064164929,114.0,19.5678156237,72.0
2016-08-20,5,1,26.0,36.0,1,60.0,77.0,42.0,1.241473397,114.0,18.6753642741,78.0
2016-08-21,6,1,26.0,34.0,1,61.0,76.0769230769,42.0,1.18200134318,114.0,18.3028435725,74.0
2016-08-22,0,0,27.0,33.0,1,62.0,78.2307692308,42.0,0.987654320988,114.0,16.1586073569,49.0
2016-08-23,1,0,27.0,34.0,1,62.0,75.6153846154,42.0,0.882159315339,114.0,17.8391896226,75.0
2016-08-24,2,0,27.0,34.0,1,62.0,75.8461538462,42.0,0.864440078585,114.0,17.8103088292,84.0
2016-08-25,3,0,24.0,35.0,0,62.0,76.5384615385,42.0,0.894046851494,114.0,17.9384219554,64.0
2016-08-26,4,0,21.0,27.0,0,62.0,75.1538461538,42.0,0.974863387978,114.0,18.156779424,74.0
2016-08-27,5,1,18.0,27.0,1,64.0,72.8461538462,42.0,0.987324883256,114.0,16.1380875516,95.0
2016-08-28,6,1,18.0,30.0,1,64.0,75.0769230769,42.0,1.03280141844,114.0,17.0179160726,98.0
2016-08-29,0,0,19.0,31.0,1,65.0,78.4615384615,42.0,1.14395886889,114.0,16.8642333613,46.0
2016-08-30,1,0,20.0,31.0,1,65.0,77.6923076923,42.0,1.04893570331,114.0,18.0571086168,53.0
2016-08-31,2,0,21.0,32.0,1,65.0,75.0769230769,42.0,0.875555555556,114.0,18.9593148954,60.0
2016-09-01,3,0,21.0,31.0,1,65.0,70.9230769231,46.0,0.713804713805,114.0,15.5932013709,50.0
2016-09-02,4,0,22.0,33.0,1,65.0,69.2307692308,46.0,0.747877953659,114.0,16.5490127345,68.0
2016-09-03,5,1,22.0,33.0,1,66.0,68.4615384615,46.0,0.837450011762,114.0,16.3547940966,94.0
2016-09-04,6,1,22.0,31.0,1,67.0,70.0,46.0,0.978085351788,114.0,17.6896319047,80.0
2016-09-05,0,0,23.0,32.0,1,68.0,72.3846153846,46.0,1.09675957399,114.0,16.7632311074,38.0
2016-09-06,1,0,21.0,31.0,1,67.0,69.5384615385,38.0,0.972700160587,114.0,19.0610976543,48.0
2016-09-07,2,0,23.0,32.0,1,66.0,66.7692307692,38.0,0.782649693541,114.0,19.3714851746,48.0
2016-09-08,3,0,22.0,32.0,1,65.0,65.5384615385,38.0,0.662710187933,114.0,20.006212053,50.0
2016-09-09,4,0,21.0,31.0,0,65.0,63.6923076923,38.0,0.734037204625,114.0,20.2461187748,53.0
2016-09-10,5,1,22.0,32.0,1,65.0,60.4615384615,38.0,0.773763771458,114.0,18.2445582387,40.0
2016-09-11,6,1,20.0,31.0,1,64.0,56.0,38.0,0.752433570113,114.0,15.3873074568,95.0
2016-09-12,0,0,22.0,33.0,1,65.0,59.7692307692,38.0,0.954556994161,114.0,18.2172945984,43.0
2016-09-13,1,0,21.0,32.0,1,65.0,59.0,38.0,0.926359614884,114.0,18.6918328525,58.0
2016-09-14,2,0,21.0,31.0,1,64.0,58.8461538462,38.0,1.0411686587,114.0,18.6911997139,63.0
2016-09-15,3,1,23.0,31.0,0,63.0,59.8461538462,38.0,0.87187666135,114.0,18.5383019463,138.0
2016-09-16,4,1,22.0,30.0,0,63.0,65.2307692308,38.0,1.3100657562,138.0,27.9178846624,108.0
2016-09-17,5,1,21.0,32.0,1,64.0,66.3076923077,38.0,1.54770848986,138.0,29.2453404977,82.0
2016-09-18,6,0,20.0,31.0,1,64.0,66.4615384615,38.0,1.6628643853,138.0,29.3221244498,98.0
2016-09-19,0,0,18.0,29.0,1,65.0,71.0769230769,38.0,1.40453547915,138.0,29.2007943476,37.0
2016-09-20,1,0,18.0,27.0,1,65.0,70.2307692308,37.0,1.07081174439,138.0,30.0055221742,35.0
2016-09-21,2,0,17.0,28.0,1,65.0,69.2307692308,35.0,0.854700854701,138.0,30.9320691097,49.0
2016-09-22,3,0,17.0,30.0,1,64.0,69.1538461538,35.0,0.608805031447,138.0,30.9810020046,51.0
2016-09-23,4,0,18.0,31.0,1,64.0,69.0,35.0,0.688073394495,138.0,31.0656872301,56.0
2016-09-24,5,1,22.0,32.0,1,64.0,70.2307692308,35.0,0.818897637795,138.0,30.19718236,102.0
2016-09-25,6,1,23.0,30.0,1,65.0,70.7692307692,35.0,1.07843137255,138.0,30.692404087,66.0
2016-09-26,0,0,23.0,33.0,1,66.0,72.5384615385,35.0,1.13131313131,138.0,29.687125893,45.0
2016-09-27,1,0,22.0,32.0,1,66.0,71.5384615385,35.0,1.0782080486,138.0,30.3710778021,59.0
2016-09-28,2,0,16.0,25.0,0,66.0,71.2307692308,35.0,0.853413654618,138.0,30.4761037439,47.0
2016-09-29,3,0,15.0,18.0,0,66.0,64.2307692308,35.0,0.759748427673,138.0,24.125166707,75.0
2016-09-30,4,0,17.0,20.0,0,66.0,61.6923076923,35.0,0.895817866865,138.0,20.9077998526,64.0
2016-10-01,5,1,17.0,20.0,0,66.0,60.3076923077,35.0,0.904449307075,138.0,20.0973959866,117.0
2016-10-02,6,1,16.0,23.0,0,66.0,61.7692307692,35.0,1.22517348648,138.0,23.2317880571,138.0
2016-10-03,0,1,18.0,29.0,1,68.0,69.5384615385,35.0,1.42921146953,138.0,29.6508279418,176.0
2016-10-04,1,1,17.0,30.0,1,68.0,80.3846153846,35.0,1.78912411789,176.0,39.263485604,195.0
2016-10-05,2,1,18.0,30.0,1,68.0,91.6153846154,35.0,1.9524357499,195.0,48.4792397464,169.0
2016-10-06,3,1,19.0,29.0,1,68.0,100.692307692,35.0,2.03504804975,195.0,51.0058588119,136.0
2016-10-07,4,1,19.0,27.0,1,72.0,106.846153846,35.0,1.85494342423,195.0,50.0597276397,110.0
2016-10-08,5,0,16.0,26.0,1,72.0,107.461538462,35.0,1.51598173516,195.0,50.04554139,71.0
2016-10-09,6,0,16.0,24.0,1,71.0,107.846153846,35.0,1.17538005191,195.0,49.7437219136,65.0
2016-10-10,0,0,16.0,23.0,1,68.0,109.384615385,35.0,0.898138006572,195.0,48.0569189152,43.0
2016-10-11,1,0,16.0,21.0,1,66.0,108.153846154,35.0,0.650672482734,195.0,49.5143276139,46.0
2016-10-12,2,0,16.0,19.0,1,66.0,108.076923077,35.0,0.560713635536,195.0,49.609957962,49.0
2016-10-13,3,0,15.0,18.0,0,65.0,106.076923077,35.0,0.503007107709,195.0,51.3950933582,41.0
2016-10-14,4,0,15.0,19.0,1,65.0,104.307692308,35.0,0.499816244028,195.0,53.178053043,70.0
2016-10-15,5,1,16.0,23.0,1,66.0,100.692307692,35.0,0.598578376356,195.0,53.7864504176,114.0
2016-10-16,6,1,16.0,24.0,1,66.0,98.8461538462,35.0,0.819672131148,195.0,52.8784471927,88.0
2016-10-17,0,0,16.0,23.0,1,66.0,92.0769230769,35.0,0.968143797829,195.0,47.9734887339,15.0
2016-10-18,1,0,18.0,25.0,1,65.0,78.2307692308,15.0,0.790960451977,195.0,41.8553440135,113.0
2016-10-19,2,0,18.0,24.0,0,65.0,73.9230769231,15.0,0.759894459103,195.0,34.5330645089,55.0
2016-10-20,3,0,19.0,23.0,0,64.0,67.6923076923,15.0,0.650666666667,195.0,29.7460653258,50.0
2016-10-21,4,0,18.0,24.0,0,64.0,63.0769230769,15.0,0.7809421458,195.0,27.3846153846,54.0
2016-10-22,5,1,16.0,21.0,0,64.0,61.7692307692,15.0,0.589543937709,195.0,27.3809418452,119.0
2016-10-23,6,1,15.0,18.0,1,64.0,65.9230769231,15.0,0.835675473112,195.0,31.3625488036,97.0
2016-10-24,0,0,12.0,16.0,0,64.0,70.0769230769,15.0,1.05882352941,195.0,31.6263316253,57.0
2016-10-25,1,0,12.0,16.0,0,63.0,70.9230769231,15.0,1.16517285531,195.0,31.1138394596,44.0
2016-10-26,2,0,13.0,16.0,0,60.0,70.5384615385,15.0,0.918580375783,195.0,31.4119413467,52.0
2016-10-27,3,0,12.0,16.0,0,59.0,71.3846153846,15.0,0.753880266075,195.0,30.7459527331,51.0
2016-10-28,4,0,9.0,14.0,0,59.0,69.9230769231,15.0,0.757341576507,195.0,31.2248952415,47.0
2016-10-29,5,1,7.0,11.0,0,59.0,64.7692307692,15.0,0.787401574803,195.0,28.9725436236,74.0
2016-10-30,6,1,9.0,15.0,0,59.0,63.6923076923,15.0,0.896533750326,195.0,28.3423700637,83.0
2016-10-31,0,0,9.0,14.0,0,63.0,68.9230769231,15.0,1.03108415466,195.0,24.9444352927,50.0
