time_stamp,dayofweek,holiday,lt,ht,sunny,m2M,w2A,m1L,d3w3,m1Lar,w2Std,pay_sum
2016-08-01,0,0,25.0,29.0,1,83.0,88.2307692308,53.0,1.13847837986,130.0,18.2341768967,72.0
2016-08-02,1,0,25.0,31.0,0,82.0,88.0,53.0,1.13902847571,130.0,18.4182184054,68.0
2016-08-03,2,0,25.0,30.0,1,82.0,88.5384615385,53.0,0.973180076628,130.0,17.7096904573,70.0
2016-08-04,3,0,25.0,30.0,1,81.0,88.3076923077,53.0,0.80831408776,130.0,17.9288534765,63.0
2016-08-05,4,0,25.0,30.0,1,81.0,86.3076923077,53.0,0.789628756629,130.0,19.1487481631,74.0
2016-08-06,5,1,26.0,30.0,0,81.0,83.2307692308,53.0,0.840950639854,130.0,17.6031196805,107.0
2016-08-07,6,1,26.0,30.0,1,81.0,83.3076923077,53.0,0.983474405482,130.0,17.704343732,77.0
2016-08-08,0,0,26.0,29.0,0,81.0,83.0,53.0,1.02502979738,130.0,17.7763888346,40.0
2016-08-09,1,0,26.0,30.0,1,81.0,80.6153846154,40.0,0.908906471901,130.0,21.0111269479,333.0
2016-08-10,2,0,27.0,31.0,1,81.0,99.9230769231,40.0,1.56657963446,333.0,70.4867271068,248.0
2016-08-11,3,0,27.0,31.0,1,81.0,112.615384615,40.0,1.98086124402,333.0,80.4483001317,246.0
2016-08-12,4,0,27.0,32.0,1,82.0,125.538461538,40.0,2.45364189289,333.0,87.0708070698,203.0
2016-08-13,5,1,27.0,31.0,1,82.0,131.923076923,40.0,1.98915525114,333.0,89.4413959731,275.0
2016-08-14,6,1,26.0,31.0,1,83.0,144.307692308,40.0,1.92681304059,333.0,96.9348588688,217.0
2016-08-15,0,0,26.0,32.0,1,89.0,155.461538462,40.0,1.75438596491,333.0,96.3132831997,100.0
2016-08-16,1,0,25.0,32.0,1,91.0,157.923076923,40.0,1.47815230961,333.0,94.4371679913,91.0
2016-08-17,2,0,26.0,30.0,1,91.0,159.538461538,40.0,1.01530421799,333.0,93.08938251,91.0
2016-08-18,3,0,26.0,31.0,1,91.0,161.692307692,40.0,0.699665053964,333.0,91.1342075567,95.0
2016-08-19,4,0,25.0,30.0,0,91.0,163.307692308,40.0,0.682938856016,333.0,89.7409816471,109.0
2016-08-20,5,1,25.0,29.0,0,91.0,163.461538462,40.0,0.73028840203,333.0,89.6459835512,124.0
2016-08-21,6,1,26.0,30.0,0,91.0,167.076923077,40.0,0.808977679122,333.0,86.9946607897,101.0
2016-08-22,0,0,24.0,32.0,1,91.0,171.769230769,40.0,0.815031722792,333.0,81.4844523595,101.0
2016-08-23,1,0,25.0,31.0,1,91.0,153.923076923,40.0,0.786015672092,333.0,68.6064154193,93.0
2016-08-24,2,0,25.0,31.0,1,91.0,142.0,40.0,0.705404112865,333.0,64.5707721449,82.0
2016-08-25,3,0,22.0,30.0,0,91.0,129.384615385,40.0,0.655504096901,333.0,58.7806070342,72.0
2016-08-26,4,0,21.0,29.0,1,91.0,119.307692308,40.0,0.587046939988,333.0,56.4806088104,84.0
2016-08-27,5,1,19.0,29.0,1,91.0,104.615384615,40.0,0.570333093698,333.0,34.7198423905,81.0
2016-08-28,6,1,20.0,29.0,1,91.0,94.1538461538,40.0,0.56712132089,333.0,12.9368058943,118.0
2016-08-29,0,0,22.0,29.0,1,91.0,95.5384615385,40.0,0.658752327747,333.0,14.3720636311,53.0
2016-08-30,1,0,22.0,29.0,1,91.0,92.6153846154,40.0,0.650154798762,333.0,18.3199700266,89.0
2016-08-31,2,0,22.0,30.0,1,91.0,92.4615384615,40.0,0.714776632302,333.0,18.341274952,66.0
2016-09-01,3,0,22.0,29.0,1,91.0,90.2307692308,40.0,0.617668893838,333.0,19.6161387487,66.0
2016-09-02,4,0,21.0,29.0,1,91.0,86.9230769231,40.0,0.698924731183,333.0,19.7968977308,79.0
2016-09-03,5,1,23.0,29.0,1,91.0,83.4615384615,40.0,0.73570432357,333.0,16.7038244567,111.0
2016-09-04,6,1,23.0,29.0,1,91.0,84.2307692308,40.0,0.9449981543,333.0,17.6946486746,89.0
2016-09-05,0,0,23.0,30.0,1,91.0,83.3076923077,40.0,1.03621169916,333.0,17.0987386642,57.0
2016-09-06,1,0,24.0,30.0,1,91.0,80.5384615385,40.0,0.972932046186,333.0,18.1854353583,66.0
2016-09-07,2,0,21.0,26.0,0,89.0,79.3076923077,53.0,0.814132104455,333.0,18.5819789266,55.0
2016-09-08,3,0,22.0,29.0,1,89.0,78.0,53.0,0.699685534591,275.0,19.6194565909,65.0
2016-09-09,4,0,24.0,30.0,1,89.0,76.5384615385,53.0,0.750605326877,275.0,19.8246753184,81.0
2016-09-10,5,1,21.0,27.0,0,84.0,76.5384615385,53.0,0.8328154133,275.0,19.8246753184,70.0
2016-09-11,6,1,22.0,27.0,1,83.0,72.8461538462,53.0,0.912547528517,275.0,15.8252289027,89.0
2016-09-12,0,0,20.0,28.0,1,84.0,75.6153846154,53.0,1.02171136654,217.0,15.2494058474,53.0
2016-09-13,1,0,21.0,27.0,1,83.0,72.8461538462,53.0,0.926168632591,124.0,15.8252289027,49.0
2016-09-14,2,0,21.0,28.0,1,82.0,71.5384615385,49.0,0.852868943961,124.0,16.9959967441,79.0
2016-09-15,3,1,22.0,27.0,1,82.0,72.5384615385,49.0,0.804444444444,124.0,17.0231308004,63.0
2016-09-16,4,1,22.0,27.0,1,82.0,71.3076923077,49.0,0.860942077981,124.0,17.0897387808,275.0
2016-09-17,5,1,20.0,29.0,1,82.0,83.9230769231,49.0,1.66168559474,275.0,56.5977188158,97.0
2016-09-18,6,0,19.0,27.0,1,83.0,84.5384615385,49.0,1.75544794189,275.0,56.6929861143,57.0
2016-09-19,0,0,17.0,26.0,1,83.0,84.5384615385,49.0,1.7270531401,275.0,56.6929861143,58.0
2016-09-20,1,0,19.0,26.0,1,82.0,83.9230769231,49.0,0.869743589744,275.0,56.933782777,69.0
2016-09-21,2,0,19.0,24.0,1,82.0,85.0,49.0,0.753480753481,275.0,56.5073174295,65.0
2016-09-22,3,0,20.0,25.0,1,81.0,85.0,49.0,0.786724031961,275.0,56.5073174295,69.0
2016-09-23,4,0,21.0,25.0,1,81.0,84.0769230769,49.0,0.836940836941,275.0,56.6629190082,68.0
2016-09-24,5,1,21.0,25.0,1,81.0,83.9230769231,49.0,0.855569673867,275.0,56.7036310579,111.0
2016-09-25,6,1,22.0,25.0,1,81.0,85.6153846154,49.0,1.03592314119,275.0,57.156382592,86.0
2016-09-26,0,0,21.0,25.0,1,81.0,88.1538461538,49.0,1.08717948718,275.0,56.3790006649,49.0
2016-09-27,1,0,16.0,25.0,1,81.0,88.1538461538,49.0,1.01990049751,275.0,56.3790006649,75.0
2016-09-28,2,0,13.0,18.0,1,81.0,87.8461538462,49.0,0.859950859951,275.0,56.4390019999,70.0
2016-09-29,3,0,15.0,22.0,1,79.0,88.3846153846,49.0,0.791998367014,275.0,56.232400271,67.0
2016-09-30,4,0,16.0,21.0,1,79.0,72.3846153846,49.0,0.872966851966,275.0,16.1984731547,83.0
2016-10-01,5,1,19.0,23.0,1,81.0,71.3076923077,49.0,0.898692810458,275.0,14.9428893066,53.0
2016-10-02,6,1,15.0,21.0,0,81.0,71.0,49.0,0.847953216374,275.0,15.2718947492,63.0
2016-10-03,0,1,18.0,24.0,1,81.0,71.3846153846,49.0,0.826068908261,275.0,15.0001972374,56.0
2016-10-04,1,1,19.0,25.0,1,81.0,70.3846153846,49.0,0.710890679893,275.0,15.5491204873,70.0
2016-10-05,2,1,16.0,24.0,1,79.0,70.7692307692,49.0,0.785536159601,275.0,15.4728240481,74.0
2016-10-06,3,1,16.0,21.0,1,79.0,71.1538461538,49.0,0.825593395253,275.0,15.4862030597,86.0
2016-10-07,4,1,15.0,22.0,1,81.0,72.5384615385,49.0,1.0752688172,275.0,15.9403473788,67.0
2016-10-08,5,0,12.0,19.0,1,79.0,69.1538461538,49.0,1.08404966571,275.0,11.4545668007,48.0
2016-10-09,6,0,13.0,18.0,1,79.0,66.2307692308,48.0,0.966113914924,275.0,11.629894147,33.0
2016-10-10,0,0,15.0,19.0,1,75.0,65.0,33.0,0.724424865394,275.0,13.9945044159,46.0
2016-10-11,1,0,15.0,22.0,1,74.0,62.7692307692,33.0,0.632312671148,275.0,14.5240058373,76.0
2016-10-12,2,0,16.0,20.0,1,74.0,63.2307692308,33.0,0.765432098765,275.0,14.83837979,59.0
2016-10-13,3,0,16.0,22.0,1,72.0,62.6153846154,33.0,0.900497512438,275.0,14.8351892552,63.0
2016-10-14,4,0,17.0,22.0,1,70.0,61.0769230769,33.0,0.988764044944,275.0,13.6295015906,66.0
2016-10-15,5,1,17.0,21.0,1,70.0,62.0769230769,33.0,0.97157622739,275.0,13.4762556912,115.0
2016-10-16,6,1,15.0,19.0,0,70.0,66.0769230769,33.0,1.23325751832,115.0,19.5190697227,96.0
2016-10-17,0,0,16.0,23.0,1,70.0,69.1538461538,33.0,1.35187896535,115.0,20.798839294,44.0
2016-10-18,1,0,16.0,21.0,1,70.0,67.1538461538,33.0,1.2734082397,115.0,21.8450703957,60.0
2016-10-19,2,0,16.0,22.0,1,69.0,66.0769230769,33.0,1.00628930818,115.0,21.8261013061,56.0
2016-10-20,3,0,16.0,21.0,1,69.0,63.7692307692,33.0,0.811770674784,115.0,21.1738367082,62.0
2016-10-21,4,0,17.0,20.0,0,68.0,63.3846153846,33.0,0.917762309874,115.0,21.1570626925,76.0
2016-10-22,5,1,11.0,17.0,1,68.0,65.5384615385,33.0,0.982776089159,115.0,20.9049695403,101.0
2016-10-23,6,1,12.0,15.0,0,68.0,70.7692307692,33.0,1.17676021664,115.0,20.6142364778,60.0
2016-10-24,0,0,13.0,17.0,0,67.0,71.8461538462,33.0,1.16347569956,115.0,19.6345306259,51.0
2016-10-25,1,0,13.0,17.0,1,67.0,69.9230769231,33.0,1.05551406522,115.0,20.3449541598,72.0
2016-10-26,2,0,12.0,17.0,0,67.0,70.9230769231,33.0,0.912490650711,115.0,20.1015175028,60.0
2016-10-27,3,0,12.0,15.0,1,66.0,70.6923076923,33.0,0.93058733791,115.0,20.2080890711,46.0
2016-10-28,4,0,9.0,14.0,1,66.0,69.1538461538,33.0,0.919896640827,115.0,21.241636015,71.0
2016-10-29,5,1,8.0,13.0,1,66.0,65.7692307692,33.0,0.898705255141,115.0,16.6832658957,92.0
2016-10-30,6,1,9.0,16.0,1,67.0,65.4615384615,33.0,1.01554907677,115.0,16.1512818477,74.0
2016-10-31,0,0,3.0,9.0,1,67.0,67.7692307692,33.0,1.12857142857,115.0,15.0238469219,55.0
