time_stamp,dayofweek,holiday,lt,ht,sunny,m2M,w2A,m1L,d3w3,m1Lar,w2Std,pay_sum
2016-08-01,0,0,25.0,29.0,1,72.0,77.0769230769,54.0,1.12249253094,100.0,12.4620132863,49.0
2016-08-02,1,0,25.0,31.0,0,72.0,76.5384615385,49.0,0.951762924508,100.0,13.471424941,58.0
2016-08-03,2,0,25.0,30.0,1,72.0,75.9230769231,49.0,0.86860670194,100.0,14.1065262499,59.0
2016-08-04,3,0,25.0,30.0,1,72.0,76.0769230769,49.0,0.744728577838,100.0,13.9088324924,84.0
2016-08-05,4,0,25.0,30.0,1,72.0,74.8461538462,49.0,0.897521768252,100.0,12.359027556,110.0
2016-08-06,5,1,26.0,30.0,0,72.0,77.0769230769,49.0,1.10673665792,110.0,15.4892594969,129.0
2016-08-07,6,1,26.0,30.0,1,75.0,80.9230769231,49.0,1.36200716846,129.0,20.7900180873,110.0
2016-08-08,0,0,26.0,29.0,0,76.0,83.0769230769,49.0,1.45325838018,129.0,22.1930742435,119.0
2016-08-09,1,0,26.0,30.0,1,77.0,86.7692307692,49.0,1.43429487179,129.0,23.8106435352,96.0
2016-08-10,2,0,27.0,31.0,1,78.0,88.6923076923,49.0,1.2790240063,129.0,23.466455979,112.0
2016-08-11,3,0,27.0,31.0,1,79.0,91.4615384615,49.0,1.24642652945,129.0,23.9249319093,114.0
2016-08-12,4,0,27.0,32.0,1,79.0,93.1538461538,49.0,1.21762147854,129.0,24.6696517198,122.0
2016-08-13,5,1,27.0,31.0,1,80.0,96.3076923077,49.0,1.28603104213,129.0,25.5203828503,118.0
2016-08-14,6,1,26.0,31.0,1,81.0,98.4615384615,49.0,1.28052088985,129.0,26.072724872,113.0
2016-08-15,0,0,26.0,32.0,1,81.0,103.384615385,49.0,1.2557808609,129.0,21.9913915379,89.0
2016-08-16,1,0,25.0,32.0,1,81.0,105.769230769,49.0,1.12755461593,129.0,18.314155291,72.0
2016-08-17,2,0,26.0,30.0,1,81.0,106.769230769,49.0,0.964958619475,129.0,15.9332928952,83.0
2016-08-18,3,0,26.0,31.0,1,81.0,106.692307692,49.0,0.856140350877,129.0,16.0450549074,103.0
2016-08-19,4,0,25.0,30.0,0,81.0,106.153846154,49.0,0.900052328624,129.0,16.0424732116,91.0
2016-08-20,5,1,25.0,29.0,0,81.0,103.230769231,49.0,0.961304875933,129.0,15.0443132428,108.0
2016-08-21,6,1,26.0,30.0,0,81.0,103.076923077,49.0,1.03833591198,129.0,14.9844100444,102.0
2016-08-22,0,0,24.0,32.0,1,81.0,101.769230769,49.0,1.00736278447,129.0,14.2621276121,84.0
2016-08-23,1,0,25.0,31.0,1,81.0,100.846153846,49.0,0.971258671952,129.0,14.976115106,133.0
2016-08-24,2,0,25.0,31.0,1,81.0,102.461538462,49.0,1.01657106437,133.0,17.0772695738,90.0
2016-08-25,3,0,22.0,30.0,0,81.0,100.615384615,49.0,0.975532252939,133.0,17.0273014328,94.0
2016-08-26,4,0,21.0,29.0,1,82.0,98.4615384615,49.0,1.01504963176,133.0,15.921032942,82.0
2016-08-27,5,1,19.0,29.0,1,82.0,95.6923076923,49.0,0.871416871417,133.0,15.4042182803,73.0
2016-08-28,6,1,20.0,29.0,1,82.0,92.6153846154,49.0,0.830830830831,133.0,15.632994996,80.0
2016-08-29,0,0,22.0,29.0,1,82.0,91.9230769231,49.0,0.799727752255,133.0,15.9733505876,86.0
2016-08-30,1,0,22.0,29.0,1,82.0,93.0,49.0,0.817513254661,133.0,15.0384123548,105.0
2016-08-31,2,0,22.0,30.0,1,82.0,94.6923076923,58.0,0.930312392722,133.0,15.0557150681,103.0
2016-09-01,3,0,22.0,29.0,1,83.0,94.6923076923,59.0,1.01501812532,133.0,15.0557150681,117.0
2016-09-02,4,0,21.0,29.0,1,84.0,96.6923076923,72.0,1.12495673243,133.0,16.1215794959,141.0
2016-09-03,5,1,23.0,29.0,1,84.0,99.2307692308,72.0,1.23482127587,141.0,19.8655242381,138.0
2016-09-04,6,1,23.0,29.0,1,85.0,102.0,72.0,1.33738601824,141.0,22.4053565024,139.0
2016-09-05,0,0,23.0,30.0,1,86.0,106.230769231,72.0,1.3768115942,141.0,23.7588974302,132.0
2016-09-06,1,0,24.0,30.0,1,87.0,106.153846154,72.0,1.30838131798,141.0,23.6735690132,139.0
2016-09-07,2,0,21.0,26.0,0,89.0,109.923076923,72.0,1.27725856698,141.0,24.6809223692,112.0
2016-09-08,3,0,22.0,29.0,1,90.0,111.307692308,72.0,1.18814952691,141.0,24.249931373,116.0
2016-09-09,4,0,24.0,30.0,1,90.0,113.923076923,72.0,1.1254216498,141.0,22.7341205391,143.0
2016-09-10,5,1,21.0,27.0,0,90.0,119.307692308,72.0,1.11966198883,143.0,20.5926970453,110.0
2016-09-11,6,1,22.0,27.0,1,91.0,121.615384615,72.0,1.10960757781,143.0,17.5084087997,117.0
2016-09-12,0,0,20.0,28.0,1,92.0,124.0,72.0,1.0962962963,143.0,14.3151345409,119.0
2016-09-13,1,0,21.0,27.0,1,94.0,125.076923077,72.0,1.03160405486,143.0,13.3385591337,119.0
2016-09-14,2,0,21.0,28.0,1,96.0,126.307692308,72.0,1.04488594555,143.0,11.905943024,115.0
2016-09-15,3,1,22.0,27.0,1,100.0,126.153846154,73.0,1.0294546515,143.0,12.0374170105,114.0
2016-09-16,4,1,22.0,27.0,1,102.0,124.076923077,73.0,1.00086281277,143.0,11.6186954018,98.0
2016-09-17,5,1,20.0,29.0,1,102.0,121.0,73.0,0.930431071276,143.0,12.7641324391,104.0
2016-09-18,6,0,19.0,27.0,1,103.0,118.307692308,73.0,0.890015490776,143.0,12.368599295,99.0
2016-09-19,0,0,17.0,26.0,1,103.0,115.769230769,73.0,0.843137254902,143.0,12.6804140078,84.0
2016-09-20,1,0,19.0,26.0,1,103.0,111.538461538,73.0,0.811078140455,143.0,13.3797515477,76.0
2016-09-21,2,0,19.0,24.0,1,103.0,108.769230769,73.0,0.740423098914,143.0,16.3855182128,83.0
2016-09-22,3,0,20.0,25.0,1,103.0,106.230769231,73.0,0.704960835509,143.0,17.5812568298,89.0
2016-09-23,4,0,21.0,25.0,1,103.0,102.076923077,73.0,0.736123478777,143.0,14.5150401492,105.0
2016-09-24,5,1,21.0,25.0,1,103.0,101.692307692,73.0,0.834463021539,143.0,14.3654747191,102.0
2016-09-25,6,1,22.0,25.0,1,103.0,100.538461538,73.0,0.906862745098,143.0,13.6754433741,98.0
2016-09-26,0,0,21.0,25.0,1,103.0,98.9230769231,76.0,0.949268596327,143.0,12.5970786507,105.0
2016-09-27,1,0,16.0,25.0,1,104.0,97.8461538462,76.0,0.964579380139,143.0,11.3736953865,78.0
2016-09-28,2,0,13.0,18.0,1,104.0,95.0,76.0,0.903246544519,143.0,11.354429837,92.0
2016-09-29,3,0,15.0,22.0,1,104.0,93.3076923077,76.0,0.894308943089,143.0,9.94898228568,107.0
2016-09-30,4,0,16.0,21.0,1,105.0,94.0,76.0,0.916914928832,143.0,10.5465998896,133.0
2016-10-01,5,1,19.0,23.0,1,105.0,96.2307692308,76.0,1.08656521028,143.0,14.6820342656,123.0
2016-10-02,6,1,15.0,21.0,0,105.0,98.0769230769,76.0,1.18453255017,143.0,16.330535525,87.0
2016-10-03,0,1,18.0,24.0,1,105.0,98.3076923077,76.0,1.13707939665,143.0,16.1501827348,108.0
2016-10-04,1,1,19.0,25.0,1,105.0,100.769230769,76.0,1.06,143.0,14.9571379726,96.0
2016-10-05,2,1,16.0,24.0,1,105.0,101.769230769,76.0,0.97930338213,143.0,14.1484103274,86.0
2016-10-06,3,1,16.0,21.0,1,105.0,101.538461538,76.0,0.989930022188,143.0,14.3774148988,89.0
2016-10-07,4,1,15.0,22.0,1,104.0,100.307692308,76.0,0.929355281207,143.0,14.7094141252,96.0
2016-10-08,5,0,12.0,19.0,1,104.0,99.8461538462,76.0,0.933195592287,143.0,14.7431661032,109.0
2016-10-09,6,0,13.0,18.0,1,104.0,100.692307692,76.0,1.0071942446,133.0,14.9274379036,77.0
2016-10-10,0,0,15.0,19.0,1,103.0,98.5384615385,76.0,0.969571944301,133.0,16.1226805588,83.0
2016-10-11,1,0,15.0,22.0,1,103.0,98.9230769231,76.0,0.921548475505,133.0,15.6817460687,90.0
2016-10-12,2,0,16.0,20.0,1,102.0,98.7692307692,76.0,0.853387950162,133.0,15.7585329567,79.0
2016-10-13,3,0,16.0,22.0,1,102.0,96.6153846154,76.0,0.864642305713,133.0,16.3873237198,80.0
2016-10-14,4,0,17.0,22.0,1,102.0,92.5384615385,76.0,0.865484880083,133.0,13.0891345698,104.0
2016-10-15,5,1,17.0,21.0,1,102.0,91.0769230769,76.0,0.913194444444,133.0,10.3883184281,98.0
2016-10-16,6,1,15.0,19.0,0,102.0,91.9230769231,76.0,0.979166666667,133.0,10.469454019,84.0
2016-10-17,0,0,16.0,23.0,1,102.0,90.0769230769,76.0,1.00403721257,133.0,9.54714245175,99.0
2016-10-18,1,0,16.0,21.0,1,102.0,90.3076923077,76.0,0.975694444444,133.0,9.72217619976,75.0
2016-10-19,2,0,16.0,22.0,1,99.0,89.4615384615,75.0,0.903836048345,133.0,10.5072530599,89.0
2016-10-20,3,0,16.0,21.0,1,99.0,89.4615384615,75.0,0.930150309461,133.0,10.5072530599,87.0
2016-10-21,4,0,17.0,20.0,0,99.0,88.7692307692,75.0,0.909914808773,133.0,10.3489415747,85.0
2016-10-22,5,1,11.0,17.0,1,98.0,86.9230769231,75.0,0.966129927818,133.0,8.56164558645,87.0
2016-10-23,6,1,12.0,15.0,0,98.0,87.6923076923,75.0,0.958726633352,133.0,8.07069356837,71.0
2016-10-24,0,0,13.0,17.0,0,98.0,86.7692307692,71.0,0.918367346939,133.0,9.16644252909,87.0
2016-10-25,1,0,13.0,17.0,1,98.0,86.5384615385,71.0,0.930674264008,133.0,9.11984636017,92.0
2016-10-26,2,0,12.0,17.0,0,98.0,87.5384615385,71.0,0.946431951543,133.0,8.94956281369,84.0
2016-10-27,3,0,12.0,15.0,1,98.0,87.8461538462,71.0,0.998481397115,133.0,8.75166932512,78.0
2016-10-28,4,0,9.0,14.0,1,98.0,85.8461538462,71.0,0.974299961642,133.0,7.74443873763,76.0
2016-10-29,5,1,8.0,13.0,1,98.0,84.1538461538,71.0,0.930596285435,133.0,7.29431974839,103.0
2016-10-30,6,1,9.0,16.0,1,98.0,85.6153846154,71.0,0.989793953399,123.0,8.85384281227,60.0
2016-10-31,0,0,3.0,9.0,1,98.0,82.6153846154,60.0,0.932864949258,109.0,10.2996524328,69.0
