time_stamp,dayofweek,holiday,lt,ht,sunny,m2M,w2A,m1L,d3w3,m1Lar,w2Std,pay_sum
2016-08-01,0,0,26.0,34.0,1,211.0,248.615384615,168.0,0.932798395186,769.0,28.266692717,220.0
2016-08-02,1,0,26.0,35.0,0,213.0,249.461538462,168.0,0.886890886891,769.0,27.2131624957,220.0
2016-08-03,2,0,26.0,31.0,0,213.0,249.384615385,168.0,0.826262962347,769.0,27.2947965217,220.0
2016-08-04,3,0,25.0,32.0,0,213.0,248.538461538,168.0,0.725713343229,769.0,28.0126767584,220.0
2016-08-05,4,0,26.0,33.0,1,215.0,249.307692308,168.0,0.757575757576,769.0,27.065119805,274.0
2016-08-06,5,1,27.0,34.0,1,217.0,248.769230769,168.0,0.886075949367,769.0,26.4928258682,324.0
2016-08-07,6,1,26.0,34.0,1,220.0,252.307692308,168.0,1.1068263311,769.0,32.5420074445,424.0
2016-08-08,0,0,26.0,33.0,0,220.0,265.461538462,168.0,1.32710037657,769.0,56.1558482256,275.0
2016-08-09,1,0,26.0,34.0,1,220.0,268.692307692,168.0,1.31153846154,769.0,55.3983957215,267.0
2016-08-10,2,0,27.0,33.0,0,220.0,270.846153846,168.0,1.22760198246,769.0,54.7425388718,243.0
2016-08-11,3,0,27.0,35.0,1,220.0,271.076923077,168.0,0.995308735895,769.0,54.6182014442,276.0
2016-08-12,4,0,27.0,34.0,1,221.0,272.461538462,168.0,0.984222389181,769.0,54.4971634895,289.0
2016-08-13,5,1,27.0,35.0,1,226.0,273.615384615,209.0,1.01025256314,769.0,54.6760226756,366.0
2016-08-14,6,1,27.0,35.0,1,227.0,278.307692308,209.0,1.14514145141,769.0,59.5668785295,425.0
2016-08-15,0,0,26.0,35.0,1,231.0,294.076923077,209.0,1.28755364807,769.0,68.5076767607,263.0
2016-08-16,1,0,26.0,34.0,1,231.0,297.384615385,209.0,1.2498517728,425.0,65.8372567677,289.0
2016-08-17,2,0,26.0,34.0,1,233.0,302.692307692,209.0,1.1483309826,425.0,62.0575224665,258.0
2016-08-18,3,0,27.0,35.0,1,233.0,305.615384615,210.0,0.949033391916,425.0,58.9087148594,252.0
2016-08-19,4,0,27.0,36.0,1,233.0,303.923076923,210.0,0.937133474079,425.0,60.0966676901,280.0
2016-08-20,5,1,26.0,36.0,0,239.0,300.538461538,210.0,0.925600468658,425.0,60.109663097,350.0
2016-08-21,6,1,27.0,34.0,1,240.0,294.846153846,220.0,1.02528334786,425.0,50.9552536038,370.0
2016-08-22,0,0,27.0,35.0,1,243.0,302.153846154,220.0,1.13282356273,425.0,54.2881856447,259.0
2016-08-23,1,0,25.0,33.0,1,246.0,301.538461538,220.0,1.10173306325,425.0,54.7267553531,246.0
2016-08-24,2,0,23.0,33.0,1,246.0,301.769230769,220.0,0.980392156863,425.0,54.4852186676,264.0
2016-08-25,3,0,25.0,34.0,1,246.0,300.846153846,220.0,0.855299744189,425.0,55.0130699909,265.0
2016-08-26,4,0,23.0,30.0,0,252.0,299.0,220.0,0.863269284322,425.0,55.7770286326,262.0
2016-08-27,5,1,20.0,28.0,1,253.0,291.0,220.0,0.89031459283,425.0,52.9818546587,321.0
2016-08-28,6,1,20.0,29.0,1,258.0,283.0,220.0,0.971363115693,425.0,37.8295773579,328.0
2016-08-29,0,0,20.0,30.0,1,258.0,288.0,220.0,1.034110903,425.0,39.1289780479,254.0
2016-08-30,1,0,21.0,29.0,1,258.0,285.307692308,220.0,1.02730375427,425.0,40.1581194307,253.0
2016-08-31,2,0,22.0,31.0,1,258.0,284.923076923,220.0,0.948324815446,425.0,40.4407668239,292.0
2016-09-01,3,0,24.0,33.0,1,258.0,288.0,220.0,0.904972250538,425.0,39.325075187,240.0
2016-09-02,4,0,23.0,34.0,1,258.0,284.923076923,220.0,0.896579293016,425.0,41.3437029685,219.0
2016-09-03,5,1,22.0,34.0,1,258.0,274.846153846,219.0,0.879906268307,425.0,40.2030350057,371.0
2016-09-04,6,1,22.0,31.0,1,259.0,274.923076923,219.0,0.981783770996,425.0,40.3855677543,386.0
2016-09-05,0,0,23.0,31.0,1,260.0,284.692307692,219.0,1.12982577994,425.0,49.6501369049,269.0
2016-09-06,1,0,21.0,27.0,0,262.0,286.461538462,219.0,1.19184526921,425.0,48.63935631,220.0
2016-09-07,2,0,20.0,25.0,1,262.0,283.076923077,219.0,1.02321230194,425.0,51.5296203668,231.0
2016-09-08,3,0,20.0,29.0,1,262.0,280.461538462,219.0,0.845070422535,425.0,53.2159828285,230.0
2016-09-09,4,0,22.0,32.0,1,262.0,278.0,219.0,0.806394316163,425.0,54.7315125091,263.0
2016-09-10,5,1,22.0,29.0,1,263.0,273.538461538,219.0,0.870767935534,425.0,53.3920411594,328.0
2016-09-11,6,1,22.0,28.0,0,263.0,273.538461538,219.0,0.994970611404,425.0,53.3920411594,349.0
2016-09-12,0,0,20.0,30.0,1,264.0,280.846153846,219.0,1.12084898349,425.0,56.6213416598,211.0
2016-09-13,1,0,20.0,30.0,1,263.0,277.615384615,211.0,1.06551475882,386.0,59.2550399824,231.0
2016-09-14,2,0,22.0,26.0,0,263.0,272.923076923,211.0,0.954795099282,386.0,60.3355508653,283.0
2016-09-15,3,1,21.0,25.0,0,263.0,276.230769231,211.0,0.872285387716,386.0,59.6143424227,309.0
2016-09-16,4,1,22.0,24.0,0,263.0,283.153846154,211.0,0.981865903126,386.0,57.7632384478,249.0
2016-09-17,5,1,21.0,27.0,1,263.0,273.769230769,211.0,1.01643703167,386.0,52.3893028514,290.0
2016-09-18,6,0,20.0,27.0,1,264.0,266.384615385,211.0,1.03200681514,386.0,41.7308933001,217.0
2016-09-19,0,0,19.0,27.0,1,264.0,262.384615385,211.0,0.926300312443,386.0,43.7326466007,214.0
2016-09-20,1,0,18.0,26.0,1,264.0,261.923076923,211.0,0.889793903493,386.0,44.2066154786,193.0
2016-09-21,2,0,17.0,26.0,1,263.0,259.0,193.0,0.784461625495,386.0,47.3026263704,178.0
2016-09-22,3,0,17.0,27.0,1,263.0,255.0,178.0,0.744132799084,386.0,51.5901004219,185.0
2016-09-23,4,0,18.0,27.0,1,263.0,249.0,178.0,0.711862236733,386.0,54.7497804702,210.0
2016-09-24,5,1,19.0,28.0,1,263.0,239.923076923,178.0,0.757035275466,386.0,50.5180265442,252.0
2016-09-25,6,1,20.0,28.0,1,263.0,232.461538462,178.0,0.878121606949,386.0,39.9049165751,300.0
2016-09-26,0,0,22.0,30.0,1,263.0,239.307692308,178.0,1.02771596197,386.0,43.1391034738,192.0
2016-09-27,1,0,23.0,30.0,1,263.0,236.307692308,178.0,1.00915564598,386.0,44.9313743654,175.0
2016-09-28,2,0,21.0,25.0,0,263.0,228.0,175.0,0.915140289497,386.0,45.5107764077,139.0
2016-09-29,3,0,21.0,24.0,0,262.0,214.923076923,139.0,0.707494407159,386.0,44.7754423394,147.0
2016-09-30,4,0,21.0,25.0,0,262.0,207.076923077,139.0,0.660647750072,386.0,46.9983003595,210.0
2016-10-01,5,1,23.0,27.0,0,262.0,200.923076923,139.0,0.729304514042,386.0,40.5300677341,270.0
2016-10-02,6,1,21.0,30.0,0,263.0,205.0,139.0,0.938271604938,386.0,44.4210622254,251.0
2016-10-03,0,1,20.0,25.0,1,263.0,207.846153846,139.0,1.08416759362,386.0,46.0615744309,321.0
2016-10-04,1,1,21.0,27.0,1,263.0,217.692307692,139.0,1.22428207924,349.0,54.7053430317,231.0
2016-10-05,2,1,20.0,27.0,1,262.0,221.769230769,139.0,1.18096918891,349.0,53.5582412622,298.0
2016-10-06,3,1,19.0,25.0,1,262.0,230.461538462,139.0,1.25313283208,349.0,55.9994716797,261.0
2016-10-07,4,1,19.0,23.0,0,261.0,234.384615385,139.0,1.16159388325,349.0,56.2146141162,195.0
2016-10-08,5,0,16.0,24.0,1,259.0,230.0,139.0,1.13238717429,349.0,56.8885550204,236.0
2016-10-09,6,0,15.0,22.0,1,259.0,225.076923077,139.0,1.03484372663,349.0,53.2721048933,217.0
2016-10-10,0,0,15.0,22.0,1,258.0,227.0,139.0,0.968392737054,349.0,52.4888266498,164.0
2016-10-11,1,0,16.0,23.0,1,254.0,226.153846154,139.0,0.928098676294,321.0,53.4010172099,148.0
2016-10-12,2,0,17.0,21.0,0,253.0,226.846153846,139.0,0.801150991973,321.0,52.3139136572,196.0
2016-10-13,3,0,17.0,21.0,1,252.0,230.615384615,139.0,0.767429564166,321.0,48.0136814821,157.0
2016-10-14,4,0,17.0,21.0,1,252.0,226.538461538,139.0,0.766055045872,321.0,51.6997476331,188.0
2016-10-15,5,1,18.0,21.0,0,251.0,220.230769231,139.0,0.839540657976,321.0,51.0100349798,292.0
2016-10-16,6,1,17.0,25.0,1,251.0,223.384615385,139.0,0.990360696517,321.0,53.9950688084,274.0
2016-10-17,0,0,18.0,24.0,1,251.0,219.769230769,139.0,1.15026697178,321.0,48.6465333513,163.0
2016-10-18,1,0,18.0,23.0,1,249.0,214.538461538,139.0,1.11519045434,321.0,50.7673659331,153.0
2016-10-19,2,0,18.0,22.0,1,246.0,203.384615385,139.0,0.899664531869,321.0,46.9935158564,183.0
2016-10-20,3,0,19.0,21.0,0,240.0,197.384615385,139.0,0.754688445251,321.0,44.1475471251,152.0
2016-10-21,4,0,19.0,22.0,0,236.0,194.076923077,139.0,0.747892720307,321.0,45.7828680394,172.0
2016-10-22,5,1,18.0,22.0,0,231.0,189.153846154,139.0,0.794920037629,321.0,44.4311847413,209.0
2016-10-23,6,1,15.0,21.0,0,231.0,188.538461538,139.0,0.844022169438,321.0,44.0953780669,334.0
2016-10-24,0,0,17.0,23.0,1,231.0,201.615384615,139.0,1.12873944273,334.0,57.9197567748,185.0
2016-10-25,1,0,17.0,19.0,0,231.0,204.461538462,139.0,1.16191844226,334.0,56.0955440224,195.0
2016-10-26,2,0,17.0,20.0,0,230.0,204.384615385,139.0,1.16838487973,334.0,56.1077787854,170.0
2016-10-27,3,0,16.0,20.0,0,220.0,205.384615385,139.0,0.92057912796,334.0,55.3652744007,171.0
2016-10-28,4,0,14.0,16.0,0,219.0,204.076923077,147.0,0.902584827818,334.0,55.9580358407,176.0
2016-10-29,5,1,10.0,15.0,0,217.0,195.153846154,148.0,0.883987347183,334.0,50.176375308,236.0
2016-10-30,6,1,12.0,18.0,1,217.0,192.230769231,148.0,0.992002722477,334.0,46.4677784908,270.0
2016-10-31,0,0,11.0,15.0,0,217.0,200.461538462,148.0,1.12988734261,334.0,49.9100966887,142.0
