time_stamp,dayofweek,holiday,lt,ht,sunny,m2M,w2A,m1L,d3w3,m1Lar,w2Std,pay_sum
2016-08-01,0,0,26.0,33.0,0,50.0,53.0769230769,8.0,1.40896614822,93.0,22.3450615382,51.0
2016-08-02,1,0,24.0,31.0,0,50.0,53.8461538462,8.0,1.39549055454,93.0,22.0867038104,58.0
2016-08-03,2,0,24.0,32.0,1,50.0,54.6153846154,8.0,1.16937914406,93.0,22.0437971793,64.0
2016-08-04,3,0,24.0,30.0,0,50.0,54.7692307692,8.0,1.03903903904,93.0,22.1017014526,60.0
2016-08-05,4,0,24.0,30.0,0,51.0,54.5384615385,8.0,1.09210921092,93.0,22.030103127,60.0
2016-08-06,5,1,24.0,28.0,0,53.0,53.9230769231,8.0,1.11820115466,93.0,21.7554998827,83.0
2016-08-07,6,1,24.0,31.0,0,53.0,58.7692307692,8.0,1.20941316652,93.0,20.6477931253,72.0
2016-08-08,0,0,24.0,29.0,1,53.0,63.6923076923,8.0,1.25951962507,93.0,14.7407578105,72.0
2016-08-09,1,0,24.0,30.0,0,56.0,66.0769230769,8.0,1.29455374964,93.0,13.3154712702,80.0
2016-08-10,2,0,26.0,33.0,1,58.0,68.3846153846,8.0,1.24340827089,93.0,12.9230769231,65.0
2016-08-11,3,0,27.0,34.0,1,58.0,68.9230769231,8.0,1.2015503876,93.0,12.6214807035,66.0
2016-08-12,4,0,26.0,35.0,1,59.0,69.9230769231,8.0,1.16542391605,93.0,11.8091329615,70.0
2016-08-13,5,1,26.0,35.0,1,60.0,68.1538461538,8.0,1.10835401158,93.0,9.76529296773,90.0
2016-08-14,6,1,26.0,33.0,0,60.0,68.5384615385,8.0,1.17800364868,93.0,10.4926009433,94.0
2016-08-15,0,0,25.0,32.0,0,60.0,71.8461538462,8.0,1.24053724054,94.0,11.1964702807,56.0
2016-08-16,1,0,23.0,28.0,1,60.0,71.6923076923,8.0,1.15942028986,94.0,11.3976017409,74.0
2016-08-17,2,0,24.0,31.0,1,60.0,72.4615384615,8.0,1.06362773029,94.0,11.188011335,58.0
2016-08-18,3,0,27.0,35.0,1,60.0,72.3076923077,8.0,0.892687559354,94.0,11.3705734608,64.0
2016-08-19,4,0,25.0,33.0,1,60.0,72.6153846154,8.0,0.9234393404,94.0,11.0838653459,71.0
2016-08-20,5,1,23.0,32.0,1,60.0,71.6923076923,8.0,0.923665948792,94.0,10.6726437889,87.0
2016-08-21,6,1,25.0,30.0,1,61.0,72.8461538462,8.0,1.06093189964,94.0,11.427673253,110.0
2016-08-22,0,0,25.0,31.0,1,62.0,75.7692307692,8.0,1.22879413113,110.0,15.105545829,76.0
2016-08-23,1,0,26.0,31.0,0,62.0,75.4615384615,8.0,1.23641304348,110.0,15.0568940745,56.0
2016-08-24,2,0,27.0,34.0,1,62.0,74.7692307692,41.0,1.10200364299,110.0,15.7145393048,65.0
2016-08-25,3,0,21.0,31.0,0,62.0,74.6923076923,50.0,0.894032221466,110.0,15.7596593842,82.0
2016-08-26,4,0,18.0,27.0,1,63.0,75.6153846154,51.0,0.907668231612,110.0,15.8091427371,84.0
2016-08-27,5,1,17.0,28.0,1,63.0,75.1538461538,51.0,1.03217158177,110.0,15.4663214952,81.0
2016-08-28,6,1,19.0,31.0,1,63.0,74.1538461538,51.0,1.0970464135,110.0,14.61214539,94.0
2016-08-29,0,0,18.0,29.0,1,64.0,77.0769230769,51.0,1.13372729262,110.0,14.4885182045,54.0
2016-08-30,1,0,21.0,31.0,1,63.0,75.5384615385,51.0,1.0198174126,110.0,15.7412509747,64.0
2016-08-31,2,0,22.0,34.0,1,63.0,76.0,54.0,0.944741532977,110.0,15.3020863334,55.0
2016-09-01,3,0,22.0,35.0,1,63.0,75.3076923077,54.0,0.776655443322,110.0,16.0162639232,73.0
2016-09-02,4,0,20.0,35.0,1,64.0,75.4615384615,54.0,0.860215053763,110.0,15.9837195277,81.0
2016-09-03,5,1,22.0,33.0,1,64.0,75.0,54.0,0.942077980618,110.0,15.7284651312,113.0
2016-09-04,6,1,20.0,33.0,1,64.0,75.2307692308,54.0,1.18825100134,113.0,16.2535385314,117.0
2016-09-05,0,0,22.0,34.0,1,64.0,78.3846153846,54.0,1.32991233697,117.0,19.7076262534,45.0
2016-09-06,1,0,21.0,32.0,1,64.0,77.5384615385,45.0,1.19825708061,117.0,20.8533907393,53.0
2016-09-07,2,0,20.0,31.0,1,64.0,76.6153846154,45.0,0.939890710383,117.0,21.6387773774,54.0
2016-09-08,3,0,20.0,34.0,1,64.0,74.4615384615,45.0,0.668866886689,117.0,22.3765515478,54.0
2016-09-09,4,0,20.0,33.0,1,64.0,72.1538461538,45.0,0.716510903427,117.0,22.8164790442,56.0
2016-09-10,5,1,19.0,32.0,1,64.0,70.2307692308,45.0,0.745285162463,117.0,23.0422816918,140.0
2016-09-11,6,1,20.0,32.0,1,64.0,73.7692307692,45.0,1.11333778668,140.0,29.1446098623,130.0
2016-09-12,0,0,21.0,30.0,1,64.0,79.6153846154,45.0,1.40124650763,140.0,32.0685286932,53.0
2016-09-13,1,0,20.0,27.0,0,64.0,78.7692307692,45.0,1.391042205,140.0,32.6099414907,79.0
2016-09-14,2,0,20.0,30.0,1,64.0,80.6153846154,45.0,1.11822449851,140.0,31.8832930968,82.0
2016-09-15,3,1,20.0,30.0,1,65.0,81.3076923077,45.0,0.913358941528,140.0,31.8080411105,101.0
2016-09-16,4,1,20.0,30.0,1,65.0,82.8461538462,45.0,1.10618534938,140.0,32.2367352657,111.0
2016-09-17,5,1,20.0,30.0,1,66.0,82.6923076923,45.0,1.21814791796,140.0,32.096931594,86.0
2016-09-18,6,0,19.0,27.0,1,68.0,80.3076923077,45.0,1.24089110972,140.0,30.5749636527,77.0
2016-09-19,0,0,16.0,25.0,1,70.0,82.7692307692,45.0,1.12479474548,140.0,28.87414027,58.0
2016-09-20,1,0,16.0,26.0,1,70.0,83.1538461538,45.0,0.91058920478,140.0,28.5059943867,72.0
2016-09-21,2,0,18.0,29.0,1,71.0,84.5384615385,45.0,0.844036697248,140.0,27.4747867203,73.0
2016-09-22,3,0,19.0,31.0,1,72.0,86.0,45.0,0.827726809378,140.0,26.2912679274,77.0
2016-09-23,4,0,19.0,32.0,1,72.0,87.6153846154,45.0,0.907418761496,140.0,25.0124229489,77.0
2016-09-24,5,1,20.0,29.0,1,72.0,82.7692307692,45.0,0.948798328109,140.0,19.9928981474,140.0
2016-09-25,6,1,19.0,24.0,0,73.0,83.5384615385,45.0,1.21137206428,140.0,21.8970155487,113.0
2016-09-26,0,0,20.0,23.0,0,73.0,88.1538461538,45.0,1.30486358244,140.0,21.2886613152,72.0
2016-09-27,1,0,17.0,24.0,1,73.0,87.6153846154,45.0,1.27077223851,140.0,21.5996383928,65.0
2016-09-28,2,0,13.0,21.0,1,73.0,86.3076923077,45.0,0.971250971251,140.0,22.3998098048,86.0
2016-09-29,3,0,13.0,23.0,1,73.0,85.1538461538,45.0,0.850495804729,140.0,21.9959652029,103.0
2016-09-30,4,0,15.0,23.0,1,73.0,84.5384615385,45.0,0.943361188487,140.0,21.3671760656,168.0
2016-10-01,5,1,17.0,26.0,1,74.0,90.8461538462,45.0,1.30554031816,168.0,30.8615921466,119.0
2016-10-02,6,1,16.0,28.0,1,76.0,94.0769230769,45.0,1.4348785872,168.0,31.4360438362,114.0
2016-10-03,0,1,18.0,31.0,1,77.0,98.3846153846,45.0,1.42730023136,168.0,30.0013806388,97.0
2016-10-04,1,1,19.0,29.0,1,77.0,100.307692308,45.0,1.1634056055,168.0,29.0341565836,108.0
2016-10-05,2,1,17.0,26.0,1,77.0,103.0,53.0,1.10937228308,168.0,27.9807626223,127.0
2016-10-06,3,1,16.0,22.0,1,77.0,106.846153846,53.0,1.13913192657,168.0,27.5760379646,112.0
2016-10-07,4,1,15.0,22.0,0,79.0,109.538461538,53.0,1.18998628258,168.0,26.2051532942,118.0
2016-10-08,5,0,13.0,21.0,1,79.0,107.846153846,53.0,1.2044534413,168.0,24.8591297386,78.0
2016-10-09,6,0,12.0,17.0,1,79.0,105.153846154,53.0,1.0386106896,168.0,26.0232031194,82.0
2016-10-10,0,0,13.0,20.0,1,81.0,105.923076923,53.0,0.926203564884,168.0,25.1654877789,67.0
2016-10-11,1,0,14.0,21.0,1,81.0,106.076923077,53.0,0.758183032732,168.0,24.9197528648,67.0
2016-10-12,2,0,14.0,19.0,1,79.0,104.615384615,58.0,0.723618090452,168.0,26.557741046,80.0
2016-10-13,3,0,13.0,21.0,1,79.0,102.846153846,58.0,0.715838769025,168.0,27.3604041632,81.0
2016-10-14,4,0,15.0,20.0,1,80.0,96.1538461538,58.0,0.761141712569,168.0,20.346408316,100.0
2016-10-15,5,1,14.0,17.0,0,81.0,94.6923076923,58.0,0.889115993868,168.0,19.3087649104,140.0
2016-10-16,6,1,14.0,24.0,1,81.0,96.6923076923,58.0,1.07862903226,168.0,22.3172393364,141.0
2016-10-17,0,0,13.0,25.0,1,81.0,100.076923077,58.0,1.23721383341,168.0,25.2509300315,56.0
2016-10-18,1,0,14.0,24.0,1,81.0,96.0769230769,56.0,1.09915198956,168.0,27.6807668259,85.0
2016-10-19,2,0,15.0,25.0,1,81.0,92.8461538462,56.0,0.920215369555,168.0,26.2995938952,84.0
2016-10-20,3,0,14.0,20.0,0,81.0,90.6923076923,56.0,0.741106719368,168.0,25.7842665664,78.0
2016-10-21,4,0,13.0,15.0,0,81.0,87.6153846154,56.0,0.851430541193,168.0,24.7060829057,110.0
2016-10-22,5,1,9.0,16.0,1,82.0,90.0769230769,56.0,0.941991341991,168.0,25.2143473762,163.0
2016-10-23,6,1,8.0,10.0,0,82.0,96.3076923077,56.0,1.18541033435,168.0,31.6383035026,153.0
2016-10-24,0,0,7.0,12.0,0,82.0,102.923076923,56.0,1.39901477833,168.0,33.7398680825,84.0
2016-10-25,1,0,9.0,18.0,1,82.0,104.230769231,56.0,1.32934529744,168.0,32.6335218075,97.0
2016-10-26,2,0,11.0,16.0,0,84.0,105.538461538,56.0,1.12685560054,168.0,31.9702154287,105.0
2016-10-27,3,0,9.0,13.0,0,84.0,107.384615385,56.0,0.96834264432,168.0,31.1831770759,90.0
2016-10-28,4,0,9.0,13.0,1,84.0,106.615384615,56.0,1.00291945732,168.0,31.47780283,116.0
2016-10-29,5,1,6.0,14.0,1,85.0,104.769230769,56.0,1.04766717197,168.0,30.141088353,189.0
2016-10-30,6,1,9.0,16.0,1,86.0,108.461538462,56.0,1.26238414829,189.0,36.6009991133,202.0
2016-10-31,0,0,2.0,10.0,1,86.0,119.692307692,56.0,1.52183701036,202.0,40.9246674069,92.0
