time_stamp,dayofweek,holiday,lt,ht,sunny,m2M,w2A,m1L,d3w3,m1Lar,w2Std,pay_sum
2016-08-01,0,0,24.0,33.0,0,87.0,88.4615384615,66.0,1.18898385565,131.0,13.408466812,68.0
2016-08-02,1,0,23.0,31.0,0,85.0,87.7692307692,66.0,1.10028653295,131.0,14.1918386414,105.0
2016-08-03,2,0,23.0,31.0,1,85.0,89.6153846154,66.0,1.11111111111,131.0,14.7415606185,194.0
2016-08-04,3,0,24.0,32.0,1,85.0,96.8461538462,66.0,1.31824712644,194.0,31.542026065,176.0
2016-08-05,4,0,24.0,32.0,1,87.0,105.307692308,66.0,1.62143710531,194.0,36.4973858187,225.0
2016-08-06,5,1,23.0,31.0,0,89.0,114.923076923,66.0,1.88978878831,225.0,48.3679193402,112.0
2016-08-07,6,1,25.0,30.0,0,92.0,116.461538462,66.0,1.61549362305,225.0,47.930422946,113.0
2016-08-08,0,0,24.0,30.0,0,92.0,119.0,66.0,1.39990667289,225.0,46.7925043307,87.0
2016-08-09,1,0,23.0,33.0,1,89.0,119.230769231,66.0,0.966093822573,225.0,46.6264267196,107.0
2016-08-10,2,0,25.0,34.0,1,89.0,121.384615385,66.0,0.939268777727,225.0,45.3474424036,118.0
2016-08-11,3,0,25.0,33.0,1,92.0,124.461538462,66.0,0.94674556213,225.0,43.6235916848,88.0
2016-08-12,4,0,25.0,34.0,1,92.0,124.076923077,66.0,0.940363527114,225.0,43.9203151496,126.0
2016-08-13,5,1,26.0,35.0,1,93.0,125.923076923,66.0,0.985894580549,225.0,43.455479496,122.0
2016-08-14,6,1,26.0,33.0,1,93.0,126.230769231,66.0,0.984615384615,225.0,43.4124297092,103.0
2016-08-15,0,0,25.0,32.0,1,93.0,128.923076923,66.0,1.0182767624,225.0,40.7194180449,104.0
2016-08-16,1,0,22.0,30.0,0,93.0,128.846153846,66.0,0.946218004026,225.0,40.7654570097,105.0
2016-08-17,2,0,24.0,30.0,1,93.0,122.0,66.0,0.887372013652,225.0,36.4986828003,96.0
2016-08-18,3,0,25.0,32.0,1,93.0,115.846153846,66.0,0.860852384984,225.0,33.4959151444,111.0
2016-08-19,4,0,25.0,29.0,0,94.0,107.076923077,66.0,0.873949579832,225.0,11.41834919,119.0
2016-08-20,5,1,25.0,30.0,0,96.0,107.615384615,66.0,0.906688916701,225.0,11.7965996505,137.0
2016-08-21,6,1,24.0,30.0,1,96.0,109.461538462,68.0,1.01269315673,225.0,14.1400434371,119.0
2016-08-22,0,0,22.0,32.0,1,100.0,111.923076923,68.0,1.01337657073,225.0,12.7307111316,116.0
2016-08-23,1,0,22.0,32.0,1,100.0,112.615384615,68.0,1.0008071025,225.0,12.6888107071,97.0
2016-08-24,2,0,25.0,33.0,1,97.0,111.0,68.0,0.929581408372,225.0,13.2258488167,90.0
2016-08-25,3,0,21.0,29.0,0,96.0,111.153846154,68.0,0.880174291939,225.0,12.9665021311,108.0
2016-08-26,4,0,18.0,27.0,1,97.0,109.769230769,68.0,0.902969084787,225.0,12.2484149439,127.0
2016-08-27,5,1,18.0,28.0,1,100.0,110.153846154,68.0,0.987992096063,225.0,12.6967358243,129.0
2016-08-28,6,1,17.0,29.0,1,100.0,112.153846154,68.0,1.09853629093,225.0,13.4384417243,116.0
2016-08-29,0,0,19.0,28.0,1,102.0,113.076923077,68.0,1.10813226095,225.0,13.2575757063,101.0
2016-08-30,1,0,20.0,29.0,1,101.0,112.769230769,68.0,1.03345280765,225.0,13.4859120005,79.0
2016-08-31,2,0,19.0,31.0,1,100.0,111.461538462,79.0,0.899832801338,225.0,15.6923076923,73.0
2016-09-01,3,0,19.0,29.0,1,100.0,108.538461538,73.0,0.774410774411,225.0,18.7477809338,93.0
2016-09-02,4,0,19.0,31.0,1,100.0,106.538461538,73.0,0.761460761461,225.0,18.9111907635,97.0
2016-09-03,5,1,20.0,32.0,1,100.0,103.461538462,73.0,0.827044025157,225.0,16.8459782218,111.0
2016-09-04,6,1,20.0,31.0,1,100.0,102.846153846,73.0,0.94298245614,137.0,16.4075318251,110.0
2016-09-05,0,0,22.0,33.0,1,101.0,102.384615385,73.0,0.993439550141,137.0,16.112768284,83.0
2016-09-06,1,0,21.0,33.0,1,101.0,101.307692308,73.0,0.959595959596,137.0,16.8859733114,101.0
2016-09-07,2,0,18.0,27.0,0,101.0,102.153846154,73.0,0.925838450638,137.0,16.5708091527,81.0
2016-09-08,3,0,19.0,32.0,1,100.0,100.076923077,73.0,0.84651014215,137.0,17.3801900426,82.0
2016-09-09,4,0,22.0,33.0,1,100.0,96.6153846154,73.0,0.858536585366,137.0,16.1079935318,110.0
2016-09-10,5,1,18.0,28.0,0,101.0,95.1538461538,73.0,0.899653979239,137.0,13.7999228194,116.0
2016-09-11,6,1,20.0,32.0,1,101.0,95.1538461538,73.0,1.01650165017,137.0,13.7999228194,115.0
2016-09-12,0,0,18.0,30.0,1,101.0,96.2307692308,73.0,1.12596995212,137.0,14.7291121783,67.0
2016-09-13,1,0,18.0,28.0,1,101.0,95.3076923077,67.0,0.99882688118,137.0,16.0929254184,90.0
2016-09-14,2,0,19.0,30.0,1,101.0,96.6153846154,67.0,0.911680911681,137.0,14.8714411983,103.0
2016-09-15,3,1,18.0,31.0,1,102.0,97.3846153846,67.0,0.873655913978,137.0,14.9230769231,103.0
2016-09-16,4,1,19.0,30.0,1,103.0,97.8461538462,67.0,1.00680272109,137.0,14.996646568,114.0
2016-09-17,5,1,19.0,28.0,1,103.0,98.0769230769,67.0,1.09682947729,137.0,15.2187209533,123.0
2016-09-18,6,0,18.0,26.0,1,103.0,99.0769230769,67.0,1.16120218579,137.0,16.3540704811,98.0
2016-09-19,0,0,15.0,25.0,1,103.0,100.230769231,67.0,1.14588677955,129.0,15.6949469877,75.0
2016-09-20,1,0,13.0,25.0,1,103.0,98.2307692308,67.0,1.0145672665,129.0,17.0661781858,78.0
2016-09-21,2,0,15.0,26.0,1,103.0,98.0,67.0,0.85811965812,129.0,17.3160663502,64.0
2016-09-22,3,0,18.0,29.0,1,103.0,96.6153846154,64.0,0.753079993059,129.0,19.1614133955,76.0
2016-09-23,4,0,19.0,31.0,1,103.0,94.0,64.0,0.764912280702,129.0,19.4738483416,85.0
2016-09-24,5,1,20.0,30.0,1,103.0,91.6153846154,64.0,0.800426894344,129.0,18.5079544709,131.0
2016-09-25,6,1,19.0,30.0,1,104.0,92.8461538462,64.0,1.02726473175,131.0,20.4519931466,112.0
2016-09-26,0,0,20.0,29.0,1,105.0,96.3076923077,64.0,1.13652113652,131.0,19.5738625385,107.0
2016-09-27,1,0,17.0,26.0,1,105.0,97.6153846154,64.0,1.20898100173,131.0,19.6763757667,70.0
2016-09-28,2,0,11.0,19.0,0,105.0,95.0769230769,64.0,1.00399513636,131.0,20.9080828627,92.0
2016-09-29,3,0,10.0,22.0,1,105.0,94.2307692308,64.0,0.929669949888,131.0,20.7925794683,104.0
2016-09-30,4,0,15.0,24.0,1,105.0,93.4615384615,64.0,0.922170220142,131.0,20.2241872885,130.0
2016-10-01,5,1,18.0,27.0,1,105.0,94.0,64.0,1.12200998107,131.0,21.0786074566,124.0
2016-10-02,6,1,15.0,25.0,0,105.0,96.0,64.0,1.2264474135,131.0,22.5456801252,106.0
2016-10-03,0,1,17.0,29.0,1,105.0,98.3846153846,64.0,1.20906801008,131.0,21.8263724092,156.0
2016-10-04,1,1,17.0,30.0,1,105.0,104.384615385,64.0,1.25467251747,156.0,25.7638341077,129.0
2016-10-05,2,1,13.0,22.0,1,105.0,109.384615385,64.0,1.25501524635,156.0,23.662818811,128.0
2016-10-06,3,1,14.0,24.0,1,105.0,113.384615385,64.0,1.30986362195,156.0,22.0193567346,140.0
2016-10-07,4,1,13.0,19.0,1,106.0,117.615384615,64.0,1.24373433584,156.0,21.4351919894,110.0
2016-10-08,5,0,10.0,20.0,1,106.0,116.0,64.0,1.1914893617,156.0,21.1551048577,90.0
2016-10-09,6,0,10.0,19.0,1,105.0,114.307692308,64.0,1.07577914887,156.0,22.2585665977,75.0
2016-10-10,0,0,10.0,21.0,1,105.0,111.846153846,64.0,0.870115488056,156.0,24.5790597362,95.0
2016-10-11,1,0,12.0,23.0,1,104.0,113.769230769,64.0,0.816070307596,156.0,22.0808090925,80.0
2016-10-12,2,0,15.0,22.0,1,104.0,112.846153846,64.0,0.778816199377,156.0,23.1943167901,81.0
2016-10-13,3,0,13.0,25.0,1,104.0,111.076923077,64.0,0.795648795649,156.0,24.6341274797,78.0
2016-10-14,4,0,14.0,25.0,1,103.0,107.076923077,64.0,0.74524477705,156.0,25.4451492686,96.0
2016-10-15,5,1,16.0,22.0,1,103.0,104.923076923,64.0,0.808368996671,156.0,25.1042795569,141.0
2016-10-16,6,1,13.0,20.0,1,103.0,107.615384615,64.0,0.984990619137,156.0,26.88876935,129.0
2016-10-17,0,0,12.0,23.0,1,103.0,105.538461538,64.0,1.13277623027,156.0,23.9538510943,87.0
2016-10-18,1,0,14.0,24.0,1,103.0,102.307692308,64.0,1.09626900046,156.0,23.3975166841,85.0
2016-10-19,2,0,14.0,24.0,1,101.0,99.0,64.0,0.927295132471,156.0,22.5559134324,86.0
2016-10-20,3,0,15.0,22.0,1,101.0,94.8461538462,64.0,0.801491146319,156.0,19.3702633072,96.0
2016-10-21,4,0,14.0,20.0,0,98.0,93.7692307692,70.0,0.842803030303,156.0,18.8808158484,84.0
2016-10-22,5,1,12.0,15.0,1,98.0,93.3076923077,70.0,0.855855855856,156.0,19.0399766297,172.0
2016-10-23,6,1,10.0,15.0,1,101.0,100.769230769,70.0,1.09759900218,172.0,27.5210516518,135.0
2016-10-24,0,0,9.0,16.0,0,101.0,103.846153846,70.0,1.23130215714,172.0,28.9052727526,87.0
2016-10-25,1,0,11.0,19.0,1,98.0,104.384615385,70.0,1.26586345382,172.0,28.5186537106,97.0
2016-10-26,2,0,9.0,18.0,0,97.0,105.615384615,70.0,1.04044357469,172.0,27.8195793297,100.0
2016-10-27,3,0,11.0,14.0,1,97.0,107.307692308,75.0,0.944777112442,172.0,26.7362750279,66.0
2016-10-28,4,0,8.0,14.0,1,97.0,105.0,66.0,0.894557823129,172.0,28.8257363639,115.0
2016-10-29,5,1,5.0,13.0,1,97.0,103.0,66.0,0.943744752309,172.0,27.1094647111,147.0
2016-10-30,6,1,7.0,17.0,1,98.0,104.384615385,66.0,1.06303678496,172.0,28.8084882297,128.0
2016-10-31,0,0,0.0,8.0,0,100.0,107.538461538,66.0,1.24401913876,172.0,28.9764237975,103.0
