time_stamp,dayofweek,holiday,lt,ht,sunny,m2M,w2A,m1L,d3w3,m1Lar,w2Std,pay_sum
2016-08-01,0,0,24.0,30.0,1,519.0,685.769230769,349.0,1.35419713366,1184.0,270.945397237,473.0
2016-08-02,1,0,24.0,33.0,1,508.0,684.384615385,349.0,1.2989730861,1184.0,271.981203667,501.0
2016-08-03,2,0,25.0,34.0,1,505.0,696.076923077,349.0,0.964663023679,1184.0,260.329513543,508.0
2016-08-04,3,0,25.0,33.0,1,505.0,684.0,349.0,0.72043167566,1184.0,265.089244769,530.0
2016-08-05,4,0,25.0,32.0,1,508.0,675.230769231,349.0,0.751318101933,1184.0,268.135486374,698.0
2016-08-06,5,1,24.0,33.0,1,508.0,646.615384615,349.0,0.871879865401,1184.0,243.166147208,1094.0
2016-08-07,6,1,23.0,31.0,1,508.0,652.769230769,349.0,1.17281612243,1184.0,253.191369961,1064.0
2016-08-08,0,0,24.0,32.0,1,508.0,696.846153846,349.0,1.38141188421,1184.0,270.478449633,405.0
2016-08-09,1,0,25.0,33.0,1,508.0,690.461538462,349.0,1.24747511621,1184.0,276.250893597,540.0
2016-08-10,2,0,26.0,33.0,1,508.0,699.538461538,349.0,0.96438172043,1184.0,269.12754065,558.0
2016-08-11,3,0,27.0,34.0,1,508.0,703.769230769,349.0,0.727088019737,1184.0,266.423362872,548.0
2016-08-12,4,0,25.0,29.0,0,519.0,701.153846154,349.0,0.801851175253,1184.0,267.769374406,645.0
2016-08-13,5,1,24.0,31.0,0,530.0,659.692307692,349.0,0.880341880342,1184.0,228.670197384,1202.0
2016-08-14,6,1,24.0,33.0,1,540.0,674.307692308,349.0,1.18728931192,1202.0,255.24810995,1161.0
2016-08-15,0,0,21.0,29.0,0,541.0,727.230769231,349.0,1.42040893422,1202.0,278.30590636,568.0
2016-08-16,1,0,23.0,31.0,1,548.0,732.384615385,349.0,1.37625017608,1202.0,274.665261577,501.0
2016-08-17,2,0,23.0,28.0,0,541.0,731.846153846,349.0,1.0413018608,1202.0,275.111123326,498.0
2016-08-18,3,0,22.0,24.0,0,540.0,729.384615385,349.0,0.73196935725,1202.0,277.042495619,558.0
2016-08-19,4,0,22.0,32.0,1,541.0,718.615384615,405.0,0.728523301516,1202.0,280.749419744,698.0
2016-08-20,5,1,23.0,31.0,1,548.0,688.153846154,405.0,0.849682701158,1202.0,259.00871567,1287.0
2016-08-21,6,1,23.0,34.0,1,558.0,705.307692308,405.0,1.20776044264,1287.0,288.98266773,1174.0
2016-08-22,0,0,23.0,32.0,1,558.0,764.461538462,405.0,1.42895915321,1287.0,299.954000418,400.0
2016-08-23,1,0,24.0,30.0,0,548.0,753.692307692,400.0,1.30309034183,1287.0,310.159111677,532.0
2016-08-24,2,0,24.0,31.0,0,541.0,751.692307692,400.0,0.957642725599,1287.0,311.495495613,541.0
2016-08-25,3,0,18.0,30.0,1,541.0,751.153846154,400.0,0.669302071974,1287.0,311.852984632,548.0
2016-08-26,4,0,17.0,29.0,1,541.0,743.692307692,400.0,0.744158288574,1287.0,315.443371638,622.0
2016-08-27,5,1,20.0,32.0,1,548.0,699.076923077,400.0,0.811862396204,1287.0,287.220757108,1252.0
2016-08-28,6,1,18.0,31.0,1,548.0,706.076923077,400.0,1.13405440839,1287.0,299.250207002,1233.0
2016-08-29,0,0,19.0,31.0,1,558.0,757.230769231,400.0,1.37483959467,1287.0,326.84085844,588.0
2016-08-30,1,0,19.0,31.0,1,558.0,763.923076923,400.0,1.35547615897,1287.0,322.386166323,556.0
2016-08-31,2,0,19.0,33.0,1,558.0,768.384615385,400.0,1.04861478737,1287.0,319.059323749,593.0
2016-09-01,3,0,19.0,27.0,1,558.0,771.076923077,400.0,0.764003430758,1287.0,317.416121334,551.0
2016-09-02,4,0,19.0,28.0,1,558.0,759.769230769,400.0,0.752395494479,1287.0,322.397307167,702.0
2016-09-03,5,1,20.0,30.0,1,558.0,714.769230769,400.0,0.845063974914,1287.0,284.234506065,1245.0
2016-09-04,6,1,18.0,29.0,0,568.0,720.230769231,400.0,1.13697913111,1287.0,293.536042564,1177.0
2016-09-05,0,0,20.0,31.0,1,582.0,780.0,400.0,1.3651459535,1287.0,301.250470794,486.0
2016-09-06,1,0,21.0,30.0,1,568.0,776.461538462,400.0,1.27200752357,1287.0,304.396405363,509.0
2016-09-07,2,0,19.0,31.0,1,558.0,774.0,400.0,0.949383687385,1287.0,306.413245345,486.0
2016-09-08,3,0,18.0,31.0,1,558.0,769.230769231,400.0,0.650417215635,1287.0,310.350956139,596.0
2016-09-09,4,0,19.0,31.0,1,558.0,767.230769231,400.0,0.703453154707,1287.0,311.375398921,587.0
2016-09-10,5,1,18.0,30.0,1,568.0,716.076923077,400.0,0.773867482728,1287.0,280.641425074,1207.0
2016-09-11,6,1,18.0,25.0,0,582.0,714.076923077,400.0,1.10563689774,1287.0,277.019705364,1059.0
2016-09-12,0,0,18.0,27.0,1,587.0,750.307692308,400.0,1.26211015262,1287.0,288.714760651,524.0
2016-09-13,1,0,19.0,27.0,1,582.0,747.846153846,400.0,1.23489576417,1287.0,290.491849787,506.0
2016-09-14,2,0,20.0,30.0,1,568.0,741.153846154,400.0,0.926776247199,1287.0,294.950020839,809.0
2016-09-15,3,1,21.0,30.0,1,568.0,761.0,400.0,0.801936159079,1287.0,290.128088424,1354.0
2016-09-16,4,1,20.0,30.0,0,582.0,811.153846154,400.0,1.11069496463,1354.0,329.303891952,887.0
2016-09-17,5,1,17.0,24.0,1,587.0,783.615384615,400.0,1.29883956138,1354.0,306.017228892,962.0
2016-09-18,6,0,15.0,22.0,0,588.0,767.076923077,400.0,1.38802218755,1354.0,289.684035177,518.0
2016-09-19,0,0,13.0,25.0,1,587.0,769.538461538,400.0,1.0304296722,1354.0,287.412224831,489.0
2016-09-20,1,0,14.0,26.0,1,582.0,768.0,400.0,0.860934391465,1354.0,288.852637436,495.0
2016-09-21,2,0,16.0,23.0,0,568.0,768.692307692,486.0,0.660989724294,1354.0,288.185940141,476.0
2016-09-22,3,0,17.0,26.0,0,558.0,759.461538462,476.0,0.64570341869,1354.0,295.401061241,471.0
2016-09-23,4,0,19.0,27.0,1,558.0,750.538461538,471.0,0.647667811988,1354.0,302.150654064,579.0
2016-09-24,5,1,20.0,29.0,1,568.0,702.230769231,471.0,0.717594225389,1354.0,274.221458467,1162.0
2016-09-25,6,1,19.0,27.0,1,579.0,710.153846154,471.0,1.04128418773,1354.0,285.664366307,1100.0
2016-09-26,0,0,19.0,24.0,0,582.0,754.461538462,471.0,1.28180833785,1354.0,297.768525326,519.0
2016-09-27,1,0,12.0,23.0,1,579.0,755.461538462,471.0,1.25388881374,1354.0,296.953147142,493.0
2016-09-28,2,0,10.0,20.0,1,568.0,731.153846154,471.0,0.95180152775,1354.0,304.415416105,507.0
2016-09-29,3,0,12.0,22.0,1,558.0,666.0,471.0,0.688701487124,1354.0,249.894747074,541.0
2016-09-30,4,0,14.0,24.0,1,558.0,639.384615385,471.0,0.700868695138,1354.0,243.277473257,796.0
2016-10-01,5,1,15.0,26.0,1,568.0,626.615384615,471.0,0.862871715683,1354.0,230.003190099,1089.0
2016-10-02,6,1,16.0,26.0,1,579.0,670.538461538,471.0,1.13282435619,1354.0,257.897002513,883.0
2016-10-03,0,1,16.0,28.0,1,587.0,700.846153846,471.0,1.26081807416,1354.0,257.933159545,799.0
2016-10-04,1,1,11.0,19.0,0,587.0,724.230769231,471.0,1.23741264206,1354.0,251.921280088,758.0
2016-10-05,2,1,13.0,21.0,1,587.0,745.923076923,471.0,1.09333691804,1354.0,241.540078388,750.0
2016-10-06,3,1,14.0,17.0,0,587.0,767.384615385,471.0,1.0774835365,1354.0,228.1846548,827.0
2016-10-07,4,1,12.0,16.0,0,588.0,786.461538462,471.0,1.09516439191,1354.0,221.918424161,1138.0
2016-10-08,5,0,5.0,19.0,1,593.0,784.615384615,471.0,1.25781792912,1354.0,218.865444601,562.0
2016-10-09,6,0,8.0,18.0,1,593.0,743.230769231,471.0,1.16715163272,1354.0,205.791587571,527.0
2016-10-10,0,0,10.0,20.0,1,593.0,743.846153846,471.0,1.02588907315,1354.0,205.131044852,463.0
2016-10-11,1,0,10.0,20.0,1,588.0,741.538461538,463.0,0.716528162512,1354.0,208.08748729,465.0
2016-10-12,2,0,10.0,19.0,1,587.0,738.307692308,463.0,0.672257259685,1354.0,211.993245399,475.0
2016-10-13,3,0,12.0,22.0,1,579.0,733.230769231,463.0,0.648051918058,1354.0,217.379552448,424.0
2016-10-14,4,0,13.0,23.0,1,579.0,704.615384615,424.0,0.636877247047,1354.0,231.273909687,561.0
2016-10-15,5,1,11.0,17.0,0,579.0,664.0,424.0,0.711657039799,1162.0,205.083097605,1147.0
2016-10-16,6,1,12.0,20.0,1,587.0,684.307692308,424.0,1.03565529972,1162.0,236.437464367,1173.0
2016-10-17,0,0,9.0,21.0,1,588.0,713.076923077,424.0,1.33583715862,1173.0,269.135499628,501.0
2016-10-18,1,0,12.0,20.0,1,587.0,693.307692308,424.0,1.30728949442,1173.0,274.495168688,451.0
2016-10-19,2,0,14.0,22.0,1,579.0,670.307692308,424.0,0.988602000465,1173.0,281.225446002,479.0
2016-10-20,3,0,11.0,15.0,0,562.0,643.538461538,424.0,0.668629100084,1173.0,281.598627451,432.0
2016-10-21,4,0,11.0,11.0,0,562.0,589.230769231,424.0,0.653049482163,1173.0,246.948500968,488.0
2016-10-22,5,1,7.0,15.0,1,562.0,583.538461538,424.0,0.701094991105,1173.0,248.35942174,1279.0
2016-10-23,6,1,0.0,5.0,1,579.0,641.384615385,424.0,1.07015110592,1279.0,308.699639546,1121.0
2016-10-24,0,0,6.0,13.0,1,587.0,692.0,424.0,1.37317832775,1279.0,328.603806336,582.0
2016-10-25,1,0,10.0,17.0,1,582.0,701.0,424.0,1.4358974359,1279.0,323.830915044,476.0
2016-10-26,2,0,0.0,10.0,1,579.0,701.076923077,424.0,1.07041976764,1279.0,323.77733601,493.0
2016-10-27,3,0,7.0,11.0,0,562.0,706.384615385,424.0,0.781143763693,1279.0,319.731988357,431.0
2016-10-28,4,0,2.0,13.0,1,561.0,696.384615385,424.0,0.744878957169,1279.0,326.092374468,610.0
2016-10-29,5,1,2.0,12.0,1,562.0,655.076923077,424.0,0.813059839932,1279.0,299.306496251,1192.0
2016-10-30,6,1,2.0,13.0,1,562.0,656.538461538,424.0,1.12411588512,1279.0,301.867422602,1168.0
2016-10-31,0,0,-4.0,6.0,1,579.0,707.846153846,424.0,1.41955835962,1279.0,326.730857518,539.0
