time_stamp,dayofweek,holiday,lt,ht,sunny,m2M,w2A,m1L,d3w3,m1Lar,w2Std,pay_sum
2016-08-01,0,0,28.0,34.0,1,148.0,178.461538462,100.0,0.958466453674,213.0,20.4624059966,183.0
2016-08-02,1,0,28.0,34.0,0,153.0,177.923076923,100.0,0.963134530014,213.0,20.2426113338,165.0
2016-08-03,2,0,26.0,32.0,0,154.0,177.0,100.0,0.981942410932,213.0,20.535148105,174.0
2016-08-04,3,0,27.0,32.0,0,155.0,177.076923077,100.0,1.01280558789,213.0,20.5218890211,152.0
2016-08-05,4,0,27.0,33.0,0,155.0,173.307692308,100.0,0.954881369117,213.0,20.2802845352,200.0
2016-08-06,5,1,27.0,33.0,1,160.0,175.538461538,100.0,1.00247760625,213.0,21.4641575463,141.0
2016-08-07,6,1,27.0,34.0,1,160.0,176.153846154,100.0,0.935572634975,213.0,20.3199263848,137.0
2016-08-08,0,0,27.0,34.0,0,160.0,172.461538462,100.0,0.917818740399,213.0,22.6091043085,182.0
2016-08-09,1,0,28.0,34.0,1,160.0,172.615384615,126.0,0.885296381832,213.0,22.6666086552,190.0
2016-08-10,2,0,28.0,34.0,1,160.0,170.846153846,126.0,0.975937110536,213.0,20.2098458634,197.0
2016-08-11,3,0,28.0,35.0,1,161.0,170.461538462,126.0,1.08349995239,213.0,19.6532063722,201.0
2016-08-12,4,0,28.0,34.0,1,163.0,172.153846154,126.0,1.1196800914,213.0,21.2017639101,229.0
2016-08-13,5,1,28.0,35.0,1,163.0,177.384615385,126.0,1.17448721551,229.0,25.713027113,180.0
2016-08-14,6,1,28.0,36.0,1,164.0,179.307692308,126.0,1.12775004622,229.0,24.8886276637,163.0
2016-08-15,0,0,28.0,35.0,1,164.0,177.769230769,126.0,1.06398809524,229.0,25.2286584483,187.0
2016-08-16,1,0,28.0,35.0,1,165.0,179.461538462,133.0,0.983941334819,229.0,25.0526073712,206.0
2016-08-17,2,0,28.0,35.0,1,167.0,181.923076923,133.0,1.03422619048,229.0,25.9510235116,200.0
2016-08-18,3,0,28.0,36.0,1,167.0,185.615384615,133.0,1.10366648055,229.0,24.8210161,200.0
2016-08-19,4,0,29.0,36.0,1,170.0,185.615384615,133.0,1.12128781571,229.0,24.8210161,235.0
2016-08-20,5,1,28.0,37.0,0,171.0,192.846153846,133.0,1.15130087934,235.0,24.4598451277,198.0
2016-08-21,6,1,28.0,35.0,0,171.0,197.538461538,133.0,1.13440860215,235.0,18.3957159922,162.0
2016-08-22,0,0,28.0,35.0,1,171.0,196.0,133.0,1.07236189961,235.0,20.3621065859,200.0
2016-08-23,1,0,26.0,34.0,1,172.0,196.769230769,137.0,0.999821460453,235.0,20.3097318323,201.0
2016-08-24,2,0,26.0,34.0,1,173.0,197.076923077,137.0,0.997961535053,235.0,20.3411728671,217.0
2016-08-25,3,0,27.0,35.0,1,174.0,198.307692308,137.0,1.07684265551,235.0,21.0142245428,232.0
2016-08-26,4,0,26.0,34.0,0,177.0,198.538461538,137.0,1.12320718853,235.0,21.3635757041,193.0
2016-08-27,5,1,23.0,31.0,1,177.0,199.538461538,137.0,1.09462915601,235.0,20.7683760508,172.0
2016-08-28,6,1,22.0,30.0,1,177.0,200.230769231,137.0,1.00887198986,235.0,19.659227022,140.0
2016-08-29,0,0,23.0,31.0,1,177.0,196.615384615,137.0,0.862584336835,235.0,25.2785663589,213.0
2016-08-30,1,0,23.0,31.0,1,178.0,197.153846154,137.0,0.891492613347,235.0,25.545874735,186.0
2016-08-31,2,0,25.0,34.0,1,179.0,196.076923077,137.0,0.917837377607,235.0,25.6978345046,202.0
2016-09-01,3,0,26.0,33.0,1,180.0,196.230769231,137.0,1.02315287709,235.0,25.7268307898,214.0
2016-09-02,4,0,25.0,34.0,1,180.0,194.615384615,137.0,1.0287960352,235.0,23.831260858,202.0
2016-09-03,5,1,25.0,35.0,1,182.0,194.923076923,137.0,1.05021667092,235.0,23.8987014081,201.0
2016-09-04,6,1,25.0,33.0,1,183.0,197.923076923,137.0,1.03845830178,235.0,21.9456024628,162.0
2016-09-05,0,0,25.0,30.0,0,183.0,195.0,137.0,0.956978319783,235.0,23.9165214862,183.0
2016-09-06,1,0,22.0,27.0,0,183.0,193.615384615,140.0,0.93023255814,235.0,24.0497511951,192.0
2016-09-07,2,0,20.0,24.0,0,183.0,191.692307692,140.0,0.916773367478,235.0,23.0830761028,162.0
2016-09-08,3,0,22.0,29.0,1,183.0,186.307692308,140.0,0.92578226015,235.0,21.134676629,216.0
2016-09-09,4,0,23.0,31.0,1,185.0,188.076923077,140.0,0.987525987526,235.0,22.5370175437,198.0
2016-09-10,5,1,24.0,29.0,1,186.0,190.076923077,140.0,0.997920997921,235.0,22.1722679818,160.0
2016-09-11,6,1,23.0,26.0,0,185.0,191.615384615,140.0,0.994973132259,235.0,19.1292706103,147.0
2016-09-12,0,0,23.0,29.0,1,185.0,186.538461538,140.0,0.887599964848,235.0,21.4031463705,177.0
2016-09-13,1,0,23.0,30.0,1,185.0,185.846153846,140.0,0.856106836473,235.0,21.5543897148,170.0
2016-09-14,2,0,22.0,24.0,0,185.0,183.384615385,140.0,0.884828945012,235.0,21.3956805905,125.0
2016-09-15,3,1,23.0,26.0,0,185.0,176.538461538,125.0,0.870447210696,235.0,24.5156633906,74.0
2016-09-16,4,1,23.0,27.0,0,185.0,166.692307692,74.0,0.703661327231,235.0,35.5384615385,111.0
2016-09-17,5,1,23.0,27.0,0,183.0,159.769230769,74.0,0.601649684619,235.0,36.920192195,137.0
2016-09-18,6,0,23.0,28.0,0,183.0,157.846153846,74.0,0.625485625486,232.0,37.4018637007,176.0
2016-09-19,0,0,21.0,27.0,0,183.0,157.307692308,74.0,0.832596956308,232.0,37.0849017907,153.0
2016-09-20,1,0,20.0,26.0,1,183.0,154.307692308,74.0,0.92405314297,232.0,35.7090477985,170.0
2016-09-21,2,0,20.0,27.0,1,183.0,154.923076923,74.0,0.998998998999,232.0,35.9047062235,178.0
2016-09-22,3,0,21.0,27.0,1,183.0,152.0,74.0,1.01396478446,232.0,32.1654377339,180.0
2016-09-23,4,0,21.0,27.0,1,182.0,150.615384615,74.0,1.07579462103,232.0,30.4997817433,206.0
2016-09-24,5,1,22.0,28.0,1,183.0,154.153846154,74.0,1.14739090632,216.0,33.8659033289,172.0
2016-09-25,6,1,23.0,29.0,1,182.0,156.076923077,74.0,1.13173106176,216.0,34.1139753416,150.0
2016-09-26,0,0,24.0,31.0,1,180.0,154.0,74.0,1.08174554395,216.0,33.5948714035,186.0
2016-09-27,1,0,25.0,30.0,0,182.0,155.230769231,74.0,1.04269293924,216.0,34.4409279026,202.0
2016-09-28,2,0,22.0,28.0,0,183.0,161.153846154,74.0,1.09083536091,216.0,35.341947519,166.0
2016-09-29,3,0,22.0,25.0,0,183.0,168.230769231,74.0,1.14062178299,216.0,24.8291201435,125.0
2016-09-30,4,0,23.0,28.0,0,182.0,169.307692308,74.0,1.03844128489,216.0,22.519682384,185.0
2016-10-01,5,1,24.0,29.0,0,183.0,173.0,74.0,0.994775339603,216.0,20.7883103246,133.0
2016-10-02,6,1,24.0,32.0,1,183.0,169.692307692,74.0,0.929890848027,216.0,23.3151803153,130.0
2016-10-03,0,1,22.0,26.0,1,183.0,167.923076923,74.0,0.954511558538,216.0,25.3026649203,105.0
2016-10-04,1,1,22.0,26.0,1,182.0,162.923076923,74.0,0.800696257615,216.0,30.3225266312,117.0
2016-10-05,2,1,22.0,27.0,1,182.0,158.230769231,74.0,0.767888307155,216.0,32.2827742735,135.0
2016-10-06,3,1,22.0,26.0,0,182.0,154.769230769,74.0,0.763554700032,216.0,32.1753700502,118.0
2016-10-07,4,1,20.0,25.0,0,180.0,148.0,74.0,0.789586000854,216.0,29.858641321,145.0
2016-10-08,5,0,17.0,22.0,0,180.0,145.923076923,74.0,0.847169008089,206.0,29.0449559727,162.0
2016-10-09,6,0,18.0,22.0,1,178.0,146.846153846,74.0,0.908702159504,206.0,29.3489513739,154.0
2016-10-10,0,0,18.0,22.0,1,177.0,144.384615385,74.0,0.985358555092,206.0,27.2270749341,174.0
2016-10-11,1,0,19.0,25.0,1,176.0,142.230769231,74.0,1.04600277511,206.0,23.4263291919,186.0
2016-10-12,2,0,19.0,23.0,1,176.0,143.769230769,74.0,1.09443202385,206.0,25.5015952628,198.0
2016-10-13,3,0,19.0,23.0,1,177.0,149.384615385,74.0,1.18132740553,206.0,28.5994579334,165.0
2016-10-14,4,0,19.0,23.0,0,176.0,147.846153846,74.0,1.17760617761,206.0,27.1430573468,203.0
2016-10-15,5,1,21.0,25.0,1,176.0,153.230769231,105.0,1.20208134225,206.0,30.4104077481,191.0
2016-10-16,6,1,20.0,26.0,1,176.0,157.923076923,105.0,1.17190775681,206.0,31.1607779563,175.0
2016-10-17,0,0,20.0,25.0,1,175.0,163.307692308,105.0,1.19701272746,206.0,27.3675400524,212.0
2016-10-18,1,0,20.0,25.0,1,175.0,170.615384615,105.0,1.21212121212,212.0,26.7021706451,199.0
2016-10-19,2,0,20.0,24.0,0,175.0,175.538461538,105.0,1.21627231216,212.0,25.557222025,180.0
2016-10-20,3,0,20.0,23.0,0,176.0,180.307692308,105.0,1.20599938782,212.0,19.4239527601,173.0
2016-10-21,4,0,0.0,21.0,0,175.0,182.461538462,105.0,1.13056835637,212.0,16.7589947588,173.0
2016-10-22,5,1,19.0,23.0,0,174.0,183.307692308,105.0,1.06423874557,212.0,15.9633455882,125.0
2016-10-23,6,1,18.0,23.0,1,173.0,181.076923077,105.0,0.954407294833,212.0,21.1021746545,150.0
2016-10-24,0,0,20.0,24.0,1,173.0,179.230769231,105.0,0.895552223888,212.0,22.6347379253,195.0
2016-10-25,1,0,18.0,22.0,1,173.0,179.923076923,105.0,0.918058404141,212.0,22.9664020104,163.0
2016-10-26,2,0,19.0,21.0,0,173.0,177.230769231,105.0,0.984210016468,212.0,22.7398459035,164.0
2016-10-27,3,0,18.0,22.0,0,173.0,177.153846154,105.0,0.997992543734,212.0,22.782740275,193.0
2016-10-28,4,0,15.0,20.0,0,173.0,176.384615385,105.0,0.980669495521,212.0,22.0542633644,182.0
2016-10-29,5,1,13.0,17.0,1,173.0,175.692307692,105.0,1.01078293483,212.0,21.7233819983,164.0
2016-10-30,6,1,14.0,18.0,1,172.0,174.846153846,105.0,1.00794763908,212.0,21.9469505639,138.0
2016-10-31,0,0,13.0,17.0,0,170.0,169.153846154,105.0,0.914328893927,212.0,21.154545443,182.0
