time_stamp,dayofweek,holiday,lt,ht,sunny,m2M,w2A,m1L,d3w3,m1Lar,w2Std,pay_sum
2016-08-01,0,0,27.0,37.0,1,96.0,110.384615385,56.0,1.19324345266,146.0,17.2204639513,96.0
2016-08-02,1,0,26.0,36.0,0,96.0,111.538461538,56.0,1.09345794393,146.0,15.6432112807,86.0
2016-08-03,2,0,25.0,31.0,0,94.0,110.538461538,56.0,1.02516018128,146.0,16.7865119143,114.0
2016-08-04,3,0,25.0,29.0,0,94.0,111.538461538,56.0,0.91911193914,146.0,16.5743796014,98.0
2016-08-05,4,0,25.0,31.0,0,94.0,112.461538462,56.0,0.91975308642,146.0,15.4203431301,149.0
2016-08-06,5,1,24.0,32.0,0,94.0,115.461538462,79.0,1.10346935656,149.0,18.1938932469,131.0
2016-08-07,6,1,25.0,32.0,0,94.0,115.692307692,79.0,1.15173674589,149.0,18.3696430826,152.0
2016-08-08,0,0,26.0,32.0,0,94.0,118.615384615,79.0,1.27377266696,152.0,20.7384387126,136.0
2016-08-09,1,0,26.0,32.0,0,94.0,121.384615385,79.0,1.20610247553,152.0,20.469634026,126.0
2016-08-10,2,0,26.0,34.0,0,96.0,122.538461538,79.0,1.17797695262,152.0,20.2735727359,102.0
2016-08-11,3,0,27.0,35.0,0,96.0,121.153846154,79.0,1.03526734926,152.0,21.0012679245,119.0
2016-08-12,4,0,28.0,38.0,1,98.0,120.307692308,79.0,0.973215537793,152.0,20.8488502372,143.0
2016-08-13,5,1,28.0,37.0,1,99.0,122.923076923,79.0,1.00691562932,152.0,21.3918084195,166.0
2016-08-14,6,1,28.0,37.0,1,99.0,124.461538462,79.0,1.16557734205,166.0,23.6012235166,154.0
2016-08-15,0,0,28.0,37.0,1,100.0,128.923076923,79.0,1.24062165059,166.0,23.2791142392,124.0
2016-08-16,1,0,27.0,37.0,1,100.0,131.846153846,79.0,1.17834394904,166.0,19.8372072858,122.0
2016-08-17,2,0,27.0,36.0,1,101.0,132.461538462,81.0,1.05694279297,166.0,19.3931605097,118.0
2016-08-18,3,0,28.0,37.0,1,102.0,134.0,86.0,0.962580986381,166.0,17.2760394322,112.0
2016-08-19,4,0,27.0,37.0,1,103.0,131.153846154,86.0,0.937541616727,166.0,17.6148807452,131.0
2016-08-20,5,1,26.0,36.0,1,106.0,131.153846154,86.0,0.953135313531,166.0,17.6148807452,157.0
2016-08-21,6,1,26.0,34.0,1,107.0,131.538461538,86.0,1.05152471083,166.0,18.1133838516,133.0
2016-08-22,0,0,27.0,33.0,1,109.0,131.307692308,86.0,1.09081487239,166.0,18.0741405387,132.0
2016-08-23,1,0,27.0,34.0,1,109.0,131.769230769,86.0,1.07420134912,166.0,18.0092021185,120.0
2016-08-24,2,0,27.0,34.0,1,110.0,133.153846154,86.0,0.977777777778,166.0,16.2757306528,110.0
2016-08-25,3,0,24.0,35.0,0,110.0,132.461538462,86.0,0.915181392997,166.0,17.0366816226,103.0
2016-08-26,4,0,21.0,27.0,0,110.0,129.384615385,86.0,0.856812041683,166.0,18.4121133268,121.0
2016-08-27,5,1,18.0,27.0,1,111.0,125.923076923,86.0,0.862714710061,166.0,15.1427135992,130.0
2016-08-28,6,1,18.0,30.0,1,112.0,124.076923077,86.0,0.922235248144,166.0,12.904748908,149.0
2016-08-29,0,0,19.0,31.0,1,112.0,126.0,86.0,1.03680663556,166.0,14.5125940002,107.0
2016-08-30,1,0,20.0,31.0,1,112.0,124.846153846,86.0,1.00796448623,166.0,15.3565127945,93.0
2016-08-31,2,0,21.0,32.0,1,112.0,122.923076923,86.0,0.914570230608,166.0,17.5080708354,91.0
2016-09-01,3,0,21.0,31.0,1,112.0,121.307692308,91.0,0.77106518283,166.0,19.3167309521,138.0
2016-09-02,4,0,22.0,33.0,1,112.0,121.846153846,91.0,0.854905084296,166.0,19.673669064,149.0
2016-09-03,5,1,22.0,33.0,1,114.0,121.230769231,91.0,1.01042502005,166.0,18.6636373986,225.0
2016-09-04,6,1,22.0,31.0,1,114.0,128.307692308,91.0,1.33073424301,225.0,33.4051691426,193.0
2016-09-05,0,0,23.0,32.0,1,118.0,133.0,91.0,1.43507972665,225.0,37.6134182277,112.0
2016-09-06,1,0,21.0,31.0,1,118.0,132.384615385,91.0,1.34654471545,225.0,37.8855329838,137.0
2016-09-07,2,0,23.0,32.0,1,119.0,134.461538462,91.0,1.11489469038,225.0,37.3375772454,152.0
2016-09-08,3,0,22.0,32.0,1,120.0,138.230769231,91.0,0.996397067959,225.0,36.4336147537,153.0
2016-09-09,4,0,21.0,31.0,0,120.0,140.692307692,91.0,1.08934072705,225.0,36.2669262666,108.0
2016-09-10,5,1,22.0,32.0,1,120.0,139.0,91.0,1.03664658635,225.0,37.2269546679,142.0
2016-09-11,6,1,20.0,31.0,1,121.0,138.461538462,91.0,1.0081300813,225.0,37.1289134371,143.0
2016-09-12,0,0,22.0,33.0,1,122.0,141.230769231,91.0,0.979073243647,225.0,36.0046019412,103.0
2016-09-13,1,0,21.0,32.0,1,122.0,142.0,91.0,0.972796790773,225.0,35.0603874655,136.0
2016-09-14,2,0,21.0,31.0,1,122.0,145.461538462,91.0,0.948479205462,225.0,31.9365124646,137.0
2016-09-15,3,1,23.0,31.0,0,122.0,145.384615385,91.0,0.921907564055,225.0,31.9555904861,274.0
2016-09-16,4,1,22.0,30.0,0,124.0,155.0,91.0,1.26973073352,274.0,46.9057975751,144.0
2016-09-17,5,1,21.0,32.0,1,126.0,148.769230769,91.0,1.28205128205,274.0,42.3522841926,110.0
2016-09-18,6,0,20.0,31.0,1,126.0,142.384615385,91.0,1.23638918159,274.0,41.449762849,105.0
2016-09-19,0,0,18.0,29.0,1,126.0,141.846153846,91.0,0.841241944933,274.0,41.8841739046,76.0
2016-09-20,1,0,18.0,27.0,1,126.0,137.153846154,76.0,0.685997171146,274.0,45.4310062772,68.0
2016-09-21,2,0,17.0,28.0,1,126.0,130.692307692,68.0,0.591800356506,274.0,48.7148447054,76.0
2016-09-22,3,0,17.0,30.0,1,124.0,124.769230769,68.0,0.534694373557,274.0,50.2978113091,115.0
2016-09-23,4,0,18.0,31.0,1,124.0,125.307692308,68.0,0.637381567614,274.0,50.1526663382,120.0
2016-09-24,5,1,22.0,32.0,1,124.0,123.615384615,68.0,0.796210957501,274.0,49.9315507802,130.0
2016-09-25,6,1,23.0,30.0,1,126.0,122.615384615,68.0,0.957628230356,274.0,49.6627680717,174.0
2016-09-26,0,0,23.0,33.0,1,130.0,128.076923077,68.0,1.08592649507,274.0,51.0888540282,120.0
2016-09-27,1,0,22.0,32.0,1,126.0,126.846153846,68.0,1.093065223,274.0,51.0758804342,210.0
2016-09-28,2,0,16.0,25.0,0,130.0,132.461538462,68.0,1.27080181543,274.0,55.6881638917,134.0
2016-09-29,3,0,15.0,18.0,0,130.0,121.692307692,68.0,1.17841269841,274.0,38.0048268501,94.0
2016-09-30,4,0,17.0,20.0,0,130.0,117.846153846,68.0,1.11834546151,274.0,38.0825947602,95.0
2016-10-01,5,1,17.0,20.0,0,130.0,116.692307692,68.0,0.839833593344,274.0,38.5274819305,163.0
2016-10-02,6,1,16.0,23.0,0,130.0,121.153846154,68.0,0.908152734778,274.0,40.2355490615,151.0
2016-10-03,0,1,18.0,29.0,1,131.0,126.923076923,68.0,1.03596757852,274.0,38.69498385,129.0
2016-10-04,1,1,17.0,30.0,1,130.0,131.615384615,68.0,1.12507936508,274.0,34.7641248804,132.0
2016-10-05,2,1,18.0,30.0,1,130.0,135.923076923,68.0,1.04834605598,274.0,30.8556478771,122.0
2016-10-06,3,1,19.0,29.0,1,130.0,136.461538462,68.0,1.03457590492,274.0,30.5453392759,117.0
2016-10-07,4,1,19.0,27.0,1,129.0,136.230769231,68.0,1.01324593746,274.0,30.6798702388,120.0
2016-10-08,5,0,16.0,26.0,1,129.0,135.461538462,68.0,0.976472188222,274.0,30.9506191926,96.0
2016-10-09,6,0,16.0,24.0,1,129.0,129.461538462,68.0,0.909090909091,274.0,30.4545446517,75.0
2016-10-10,0,0,16.0,23.0,1,129.0,126.0,68.0,0.79475624744,274.0,33.7160085237,79.0
2016-10-11,1,0,16.0,21.0,1,124.0,115.923076923,68.0,0.679717237629,274.0,25.7367188706,86.0
2016-10-12,2,0,16.0,19.0,1,122.0,112.230769231,68.0,0.649878147847,274.0,26.3151136631,82.0
2016-10-13,3,0,15.0,18.0,0,122.0,111.307692308,68.0,0.677919582819,274.0,27.1360804816,86.0
2016-10-14,4,0,15.0,19.0,1,121.0,110.615384615,68.0,0.707028531663,274.0,27.653177482,118.0
2016-10-15,5,1,16.0,23.0,1,120.0,107.153846154,68.0,0.800111903763,210.0,23.3628441164,122.0
2016-10-16,6,1,16.0,24.0,1,121.0,104.923076923,68.0,0.932360932361,210.0,20.2464110341,136.0
2016-10-17,0,0,16.0,23.0,1,122.0,105.461538462,68.0,1.06803010936,210.0,20.9600916932,91.0
2016-10-18,1,0,18.0,25.0,1,121.0,102.307692308,68.0,1.04428485937,210.0,19.7810500436,94.0
2016-10-19,2,0,18.0,24.0,0,120.0,100.153846154,68.0,0.978062157221,210.0,19.0297182721,79.0
2016-10-20,3,0,19.0,23.0,0,120.0,97.2307692308,75.0,0.809940174873,210.0,19.1357653307,73.0
2016-10-21,4,0,18.0,24.0,0,120.0,93.6153846154,73.0,0.762436076244,210.0,18.9312052586,109.0
2016-10-22,5,1,16.0,21.0,0,120.0,94.6153846154,73.0,0.829756795422,210.0,19.3690413628,108.0
2016-10-23,6,1,15.0,18.0,1,120.0,97.1538461538,73.0,0.941252839987,210.0,18.7856170589,119.0
2016-10-24,0,0,12.0,16.0,0,120.0,100.230769231,73.0,1.09589041096,210.0,18.8359470006,78.0
2016-10-25,1,0,12.0,16.0,0,119.0,99.6153846154,73.0,1.02177554439,210.0,19.4126780998,72.0
2016-10-26,2,0,13.0,16.0,0,118.0,98.8461538462,72.0,0.92439862543,210.0,20.274448314,69.0
2016-10-27,3,0,12.0,16.0,0,117.0,97.5384615385,69.0,0.771670190275,163.0,21.5678371107,86.0
2016-10-28,4,0,9.0,14.0,0,117.0,95.0769230769,69.0,0.814495873699,163.0,20.9080828627,77.0
2016-10-29,5,1,7.0,11.0,0,117.0,91.6153846154,69.0,0.84103679536,163.0,19.8631412092,131.0
2016-10-30,6,1,9.0,15.0,0,118.0,91.2307692308,69.0,1.03430079156,163.0,19.0309620039,135.0
2016-10-31,0,0,9.0,14.0,0,118.0,94.6153846154,69.0,1.17204852213,151.0,22.3177696071,74.0
