time_stamp,dayofweek,holiday,lt,ht,sunny,m2M,w2A,m1L,d3w3,m1Lar,w2Std,pay_sum
2016-08-01,0,0,26.0,32.0,0,369.0,385.538461538,316.0,1.08154506438,646.0,52.2576683878,589.0
2016-08-02,1,0,25.0,28.0,0,369.0,403.076923077,316.0,1.22169944103,646.0,74.5741361006,347.0
2016-08-03,2,0,26.0,31.0,0,369.0,404.076923077,316.0,1.14496993337,646.0,73.7234557586,390.0
2016-08-04,3,0,27.0,31.0,0,374.0,405.846153846,316.0,1.0804204351,646.0,73.085667493,363.0
2016-08-05,4,0,27.0,32.0,0,374.0,406.692307692,316.0,0.910746812386,646.0,72.5188406452,384.0
2016-08-06,5,1,28.0,34.0,1,379.0,406.0,316.0,0.955381900681,646.0,72.6890109143,459.0
2016-08-07,6,1,28.0,35.0,1,384.0,406.538461538,316.0,1.01233946109,646.0,73.0527895372,494.0
2016-08-08,0,0,28.0,34.0,1,390.0,410.384615385,316.0,1.10889939454,646.0,76.1734240568,344.0
2016-08-09,1,0,27.0,33.0,1,390.0,412.538461538,316.0,1.07800357395,589.0,73.8341336371,380.0
2016-08-10,2,0,25.0,28.0,0,390.0,416.615384615,316.0,1.00656997645,589.0,70.3808742175,336.0
2016-08-11,3,0,26.0,31.0,0,390.0,416.076923077,316.0,0.8793761407,589.0,70.9663642303,333.0
2016-08-12,4,0,26.0,30.0,0,390.0,411.461538462,316.0,0.872313001538,589.0,74.1947700672,343.0
2016-08-13,5,1,26.0,31.0,0,390.0,402.692307692,316.0,0.846826492615,589.0,75.0265436264,383.0
2016-08-14,6,1,26.0,31.0,0,390.0,395.769230769,316.0,0.893897189162,589.0,72.3231571024,390.0
2016-08-15,0,0,26.0,30.0,0,390.0,380.461538462,316.0,0.948495665477,589.0,46.1162667523,324.0
2016-08-16,1,0,25.0,29.0,0,390.0,378.692307692,316.0,0.931397520801,589.0,47.777343545,279.0
2016-08-17,2,0,25.0,29.0,0,390.0,370.153846154,279.0,0.84828293183,589.0,54.4466515942,299.0
2016-08-18,3,0,26.0,30.0,0,390.0,365.230769231,279.0,0.774914089347,589.0,57.6690209413,294.0
2016-08-19,4,0,26.0,31.0,0,390.0,358.307692308,279.0,0.758821737806,589.0,60.3405522723,342.0
2016-08-20,5,1,27.0,33.0,1,390.0,349.307692308,279.0,0.826044703596,589.0,52.9199462401,378.0
2016-08-21,6,1,26.0,31.0,0,390.0,340.384615385,279.0,0.907260770366,589.0,34.2604020398,397.0
2016-08-22,0,0,26.0,33.0,1,390.0,344.461538462,279.0,1.02585296414,589.0,37.452771048,209.0
2016-08-23,1,0,27.0,34.0,1,390.0,331.307692308,209.0,0.921218929926,589.0,50.4386674249,287.0
2016-08-24,2,0,28.0,34.0,1,384.0,327.538461538,209.0,0.848294860834,589.0,51.7607148099,286.0
2016-08-25,3,0,28.0,34.0,1,383.0,323.923076923,209.0,0.751092541901,589.0,52.8822516954,265.0
2016-08-26,4,0,26.0,33.0,0,380.0,317.923076923,209.0,0.818919183035,589.0,54.7686905764,260.0
2016-08-27,5,1,26.0,31.0,0,380.0,308.461538462,209.0,0.81634707333,589.0,53.3141854187,461.0
2016-08-28,6,1,26.0,31.0,1,383.0,313.923076923,209.0,0.997470915529,589.0,63.9608793157,435.0
2016-08-29,0,0,25.0,31.0,1,384.0,322.461538462,209.0,1.15351993215,589.0,71.6794309994,317.0
2016-08-30,1,0,25.0,30.0,1,384.0,325.384615385,209.0,1.22192001612,589.0,70.6143790778,258.0
2016-08-31,2,0,26.0,30.0,1,383.0,322.230769231,209.0,1.02956167176,494.0,72.6097618423,296.0
2016-09-01,3,0,25.0,30.0,0,380.0,322.384615385,209.0,0.892921215849,494.0,72.5518790103,268.0
2016-09-02,4,0,25.0,29.0,0,380.0,316.692307692,209.0,0.85252022402,494.0,73.6837155743,307.0
2016-09-03,5,1,26.0,31.0,0,379.0,311.230769231,209.0,0.914147774979,494.0,71.5371381184,405.0
2016-09-04,6,1,26.0,32.0,0,379.0,311.846153846,209.0,1.02612428669,494.0,72.3026184799,415.0
2016-09-05,0,0,26.0,30.0,0,380.0,327.692307692,209.0,1.16341488593,494.0,70.5793439115,259.0
2016-09-06,1,0,26.0,29.0,0,378.0,325.538461538,209.0,1.11732422077,461.0,72.196969236,283.0
2016-09-07,2,0,26.0,30.0,0,367.0,325.307692308,209.0,0.993459981314,461.0,72.3276568183,303.0
2016-09-08,3,0,25.0,29.0,0,363.0,328.230769231,209.0,0.875965376043,461.0,70.5780025069,270.0
2016-09-09,4,0,26.0,31.0,0,361.0,329.0,209.0,0.897415736227,461.0,69.8812179014,317.0
2016-09-10,5,1,25.0,29.0,0,352.0,317.923076923,209.0,0.942098020536,461.0,58.5786276837,402.0
2016-09-11,6,1,25.0,31.0,0,352.0,315.384615385,209.0,1.04606272146,461.0,53.9850954667,450.0
2016-09-12,0,0,25.0,32.0,0,352.0,325.615384615,209.0,1.19091279544,461.0,64.8341534658,260.0
2016-09-13,1,0,27.0,33.0,1,347.0,325.769230769,209.0,1.13753772186,461.0,64.6757044458,257.0
2016-09-14,2,0,26.0,33.0,1,344.0,322.769230769,209.0,0.993629264283,461.0,66.854783899,315.0
2016-09-15,3,1,27.0,33.0,1,343.0,326.384615385,209.0,0.848373610686,461.0,65.0414524172,343.0
2016-09-16,4,1,27.0,33.0,1,343.0,329.153846154,209.0,0.921310980214,461.0,64.9234414864,326.0
2016-09-17,5,1,26.0,32.0,1,343.0,323.076923077,209.0,1.01140918902,461.0,61.1259249274,358.0
2016-09-18,6,0,25.0,32.0,1,343.0,318.692307692,209.0,1.06828938472,461.0,56.2226133199,266.0
2016-09-19,0,0,25.0,32.0,1,343.0,319.230769231,209.0,0.996120373283,461.0,55.6792377354,248.0
2016-09-20,1,0,23.0,28.0,0,342.0,316.538461538,209.0,0.915773997059,461.0,58.157102066,247.0
2016-09-21,2,0,24.0,31.0,1,336.0,312.230769231,247.0,0.805418849553,461.0,61.0046074504,261.0
2016-09-22,3,0,25.0,31.0,1,333.0,311.538461538,247.0,0.801017164654,461.0,61.5287492336,244.0
2016-09-23,4,0,26.0,31.0,1,327.0,305.923076923,244.0,0.804837587628,461.0,64.0534170571,264.0
2016-09-24,5,1,26.0,31.0,1,327.0,295.307692308,244.0,0.842093736312,461.0,58.440482038,379.0
2016-09-25,6,1,26.0,32.0,1,333.0,289.846153846,244.0,0.977087464199,461.0,45.6455342054,378.0
2016-09-26,0,0,27.0,33.0,1,333.0,298.923076923,244.0,1.10300869659,450.0,50.3028696818,282.0
2016-09-27,1,0,27.0,33.0,1,326.0,300.846153846,244.0,1.12263641275,450.0,49.1275359946,276.0
2016-09-28,2,0,26.0,32.0,1,324.0,297.846153846,244.0,1.01579033046,450.0,49.3618447384,279.0
2016-09-29,3,0,24.0,29.0,1,317.0,292.923076923,244.0,0.907022106632,450.0,47.7790773947,275.0
2016-09-30,4,0,23.0,26.0,0,317.0,289.0,244.0,0.905619203492,450.0,46.9893604979,310.0
2016-10-01,5,1,23.0,28.0,0,315.0,285.307692308,244.0,0.957128614158,450.0,43.1515836511,344.0
2016-10-02,6,1,24.0,30.0,0,315.0,291.307692308,244.0,1.04758682905,450.0,45.4132895076,284.0
2016-10-03,0,1,24.0,30.0,0,310.0,294.076923077,244.0,1.0534591195,450.0,43.755371606,288.0
2016-10-04,1,1,25.0,32.0,1,307.0,297.230769231,244.0,1.0234065136,450.0,41.6766930737,278.0
2016-10-05,2,1,25.0,30.0,1,303.0,298.538461538,244.0,0.955593029792,450.0,40.7763419052,310.0
2016-10-06,3,1,26.0,32.0,1,303.0,303.615384615,244.0,0.99033406817,450.0,37.6594833527,329.0
2016-10-07,4,1,25.0,31.0,0,303.0,308.615384615,244.0,1.03615819209,450.0,36.3604570961,378.0
2016-10-08,5,0,24.0,30.0,1,303.0,308.538461538,244.0,1.14527027027,450.0,36.2122278214,316.0
2016-10-09,6,0,22.0,28.0,1,303.0,303.769230769,244.0,1.14237855946,450.0,30.3597756305,269.0
2016-10-10,0,0,23.0,28.0,1,299.0,302.769230769,244.0,1.07160741112,450.0,31.2610690455,250.0
2016-10-11,1,0,21.0,26.0,1,296.0,300.769230769,244.0,0.928706484262,379.0,33.6501316631,266.0
2016-10-12,2,0,22.0,26.0,0,294.0,299.769230769,244.0,0.872367616825,379.0,34.4654874111,274.0
2016-10-13,3,0,23.0,28.0,1,288.0,299.692307692,244.0,0.873555592414,379.0,34.5217537111,235.0
2016-10-14,4,0,24.0,30.0,1,287.0,293.923076923,235.0,0.861111111111,379.0,38.3695823807,266.0
2016-10-15,5,1,24.0,31.0,1,287.0,287.923076923,235.0,0.877639997735,379.0,36.1012711016,389.0
2016-10-16,6,1,24.0,31.0,1,287.0,296.0,235.0,1.00599073132,389.0,44.9752068452,397.0
2016-10-17,0,0,24.0,31.0,1,287.0,304.384615385,235.0,1.16636177172,397.0,52.2708014707,250.0
2016-10-18,1,0,23.0,27.0,0,286.0,302.230769231,235.0,1.15361060075,397.0,53.8661501332,251.0
2016-10-19,2,0,24.0,27.0,0,284.0,297.692307692,235.0,1.00464283717,397.0,55.4816457736,238.0
2016-10-20,3,0,24.0,30.0,0,283.0,290.692307692,235.0,0.831926151075,397.0,56.8146576637,383.0
2016-10-21,4,0,24.0,27.0,0,284.0,291.076923077,235.0,0.969696969697,397.0,57.4181176693,144.0
2016-10-22,5,1,24.0,30.0,0,283.0,277.846153846,144.0,0.880069025022,397.0,68.8329596295,428.0
2016-10-23,6,1,25.0,30.0,1,283.0,290.076923077,144.0,1.07200987821,428.0,79.4775842017,414.0
2016-10-24,0,0,25.0,31.0,0,284.0,302.692307692,144.0,1.08381423468,428.0,84.942862801,305.0
2016-10-25,1,0,25.0,30.0,1,288.0,305.692307692,144.0,1.25519807398,428.0,84.2801049755,285.0
2016-10-26,2,0,25.0,31.0,1,285.0,306.538461538,144.0,1.10323608593,428.0,84.0124673757,254.0
2016-10-27,3,0,26.0,31.0,1,284.0,308.0,144.0,0.939029817534,428.0,82.9133004084,270.0
2016-10-28,4,0,24.0,32.0,1,283.0,308.307692308,144.0,0.916610015862,428.0,82.7641548343,302.0
2016-10-29,5,1,22.0,29.0,1,284.0,301.615384615,144.0,0.938103350369,428.0,79.4185973779,409.0
2016-10-30,6,1,20.0,25.0,1,284.0,302.538461538,144.0,1.08818635607,428.0,80.5830821953,461.0
2016-10-31,0,0,21.0,27.0,1,285.0,318.769230769,144.0,1.25596099234,461.0,89.1594542605,299.0
