time_stamp,dayofweek,holiday,lt,ht,sunny,m2M,w2A,m1L,d3w3,m1Lar,w2Std,pay_sum
2016-08-01,0,0,28.0,36.0,1,89.0,368.923076923,68.0,0.57367895139,708.0,212.49233888,192.0
2016-08-02,1,0,27.0,36.0,0,92.0,349.384615385,68.0,0.433904564076,708.0,216.15291541,124.0
2016-08-03,2,0,26.0,32.0,0,92.0,320.230769231,68.0,0.46511627907,708.0,219.007956949,117.0
2016-08-04,3,0,26.0,33.0,0,92.0,292.615384615,68.0,0.493700473177,708.0,220.255634159,101.0
2016-08-05,4,0,27.0,33.0,0,93.0,245.923076923,68.0,0.38961038961,708.0,189.430913543,109.0
2016-08-06,5,1,26.0,33.0,0,94.0,247.076923077,68.0,0.372458568256,708.0,188.545632729,103.0
2016-08-07,6,1,27.0,35.0,1,95.0,247.461538462,68.0,0.355056434689,708.0,188.245999195,110.0
2016-08-08,0,0,27.0,34.0,0,95.0,208.692307692,75.0,0.379806558151,708.0,158.279394944,99.0
2016-08-09,1,0,27.0,34.0,1,95.0,171.230769231,75.0,0.392082940622,708.0,116.720675017,142.0
2016-08-10,2,0,28.0,35.0,1,95.0,144.0,75.0,0.473300970874,708.0,69.5302922363,108.0
2016-08-11,3,0,28.0,35.0,1,95.0,130.230769231,75.0,0.50844988345,708.0,56.3166239238,102.0
2016-08-12,4,0,28.0,36.0,1,96.0,114.692307692,75.0,0.591099916037,708.0,25.8587423556,106.0
2016-08-13,5,1,28.0,36.0,1,96.0,115.538461538,79.0,0.529047379876,708.0,25.3759892103,101.0
2016-08-14,6,1,28.0,37.0,1,97.0,116.461538462,79.0,0.516938519448,708.0,24.6002357231,118.0
2016-08-15,0,0,27.0,36.0,1,98.0,110.769230769,79.0,0.620999331231,708.0,11.5768591871,252.0
2016-08-16,1,0,27.0,36.0,1,99.0,120.615384615,89.0,0.995245641838,708.0,39.4706092439,216.0
2016-08-17,2,0,27.0,36.0,1,99.0,128.230769231,89.0,1.35884057971,708.0,46.8912880971,273.0
2016-08-18,3,0,28.0,36.0,1,101.0,141.461538462,89.0,1.72666899685,708.0,59.8236065891,328.0
2016-08-19,4,0,29.0,37.0,1,101.0,158.307692308,89.0,1.8879260543,708.0,76.7507300044,351.0
2016-08-20,5,1,28.0,37.0,0,102.0,177.384615385,89.0,2.02058792317,708.0,90.2641750739,131.0
2016-08-21,6,1,28.0,35.0,0,103.0,179.0,89.0,1.69651272385,614.0,89.2257293006,123.0
2016-08-22,0,0,27.0,35.0,1,104.0,180.846153846,89.0,1.2952258617,614.0,87.788071867,323.0
2016-08-23,1,0,26.0,35.0,1,106.0,194.769230769,89.0,1.16108260388,614.0,94.61106932,307.0
2016-08-24,2,0,25.0,34.0,1,108.0,210.076923077,89.0,1.43305737939,586.0,95.4289599154,280.0
2016-08-25,3,0,26.0,35.0,1,108.0,223.769230769,89.0,1.64765525982,496.0,91.6340160607,261.0
2016-08-26,4,0,24.0,32.0,0,109.0,235.692307692,89.0,1.47452616936,351.0,85.4070656556,301.0
2016-08-27,5,1,23.0,30.0,1,109.0,251.076923077,89.0,1.3921957672,351.0,77.3965428948,147.0
2016-08-28,6,1,20.0,31.0,1,109.0,253.307692308,89.0,1.16162857377,351.0,73.8661831812,96.0
2016-08-29,0,0,20.0,32.0,1,109.0,241.307692308,89.0,0.891949499918,351.0,84.9446739539,237.0
2016-08-30,1,0,21.0,31.0,1,110.0,242.923076923,96.0,0.769045902427,351.0,84.6471968171,235.0
2016-08-31,2,0,23.0,33.0,1,117.0,240.0,96.0,0.883084577114,351.0,84.213099657,226.0
2016-09-01,3,0,24.0,33.0,1,118.0,232.153846154,96.0,1.05469930493,351.0,80.3098290314,217.0
2016-09-02,4,0,24.0,34.0,1,123.0,221.846153846,96.0,0.999336723414,351.0,72.6263844341,231.0
2016-09-03,5,1,22.0,34.0,1,124.0,229.538461538,96.0,0.965685221004,351.0,67.7275258036,137.0
2016-09-04,6,1,23.0,32.0,1,131.0,230.615384615,96.0,0.834760273973,351.0,66.1170738586,163.0
2016-09-05,0,0,24.0,32.0,1,137.0,218.307692308,96.0,0.77241981235,351.0,62.5710483744,168.0
2016-09-06,1,0,21.0,26.0,0,142.0,207.615384615,96.0,0.687982359427,351.0,58.22706014,126.0
2016-09-07,2,0,21.0,25.0,0,142.0,195.769230769,96.0,0.694317836524,351.0,57.9604027248,101.0
2016-09-08,3,0,21.0,30.0,1,142.0,183.461538462,96.0,0.632860690539,351.0,59.7618548067,130.0
2016-09-09,4,0,22.0,32.0,1,142.0,170.307692308,96.0,0.604060913706,351.0,50.5529191357,123.0
2016-09-10,5,1,23.0,29.0,1,142.0,168.461538462,96.0,0.6002034588,351.0,51.793399319,124.0
2016-09-11,6,1,21.0,28.0,1,142.0,170.615384615,96.0,0.639037206543,351.0,49.2552823587,116.0
2016-09-12,0,0,21.0,29.0,1,142.0,161.307692308,96.0,0.64949006978,351.0,47.2218733792,102.0
2016-09-13,1,0,21.0,30.0,1,142.0,151.076923077,96.0,0.647543311559,351.0,44.4755101816,111.0
2016-09-14,2,0,21.0,24.0,0,142.0,142.230769231,96.0,0.654335719968,351.0,39.8943872014,98.0
2016-09-15,3,1,21.0,25.0,0,142.0,133.076923077,96.0,0.650151562663,351.0,35.0460390354,87.0
2016-09-16,4,1,22.0,25.0,0,137.0,122.0,87.0,0.663305322129,351.0,23.0484439655,93.0
2016-09-17,5,1,21.0,27.0,1,131.0,118.615384615,87.0,0.634485906653,351.0,23.8151162776,77.0
2016-09-18,6,0,21.0,27.0,1,130.0,112.0,77.0,0.590397427062,323.0,22.4739165051,85.0
2016-09-19,0,0,20.0,26.0,1,126.0,105.615384615,77.0,0.618181818182,323.0,16.7080747938,107.0
2016-09-20,1,0,19.0,26.0,1,124.0,104.153846154,77.0,0.68395626748,323.0,15.6590900308,101.0
2016-09-21,2,0,18.0,26.0,1,124.0,104.153846154,77.0,0.782272059805,307.0,15.6590900308,87.0
2016-09-22,3,0,17.0,27.0,1,124.0,100.846153846,77.0,0.830868891705,301.0,14.3357871392,86.0
2016-09-23,4,0,19.0,27.0,1,124.0,98.0,77.0,0.822082208221,301.0,13.2896721034,105.0
2016-09-24,5,1,19.0,28.0,1,123.0,96.5384615385,77.0,0.846270928463,301.0,11.2360366994,130.0
2016-09-25,6,1,21.0,29.0,1,123.0,97.6153846154,77.0,0.992118683357,237.0,13.4938074774,121.0
2016-09-26,0,0,23.0,30.0,1,123.0,99.0769230769,77.0,1.12480252765,237.0,14.8503381907,116.0
2016-09-27,1,0,23.0,30.0,1,121.0,99.4615384615,77.0,1.16507936508,237.0,15.2144434647,102.0
2016-09-28,2,0,21.0,26.0,0,121.0,99.7692307692,77.0,1.07567824845,235.0,15.2222198227,91.0
2016-09-29,3,0,20.0,23.0,0,121.0,100.076923077,77.0,0.999030067895,231.0,14.99980276,107.0
2016-09-30,4,0,21.0,24.0,0,118.0,101.153846154,77.0,0.977517106549,231.0,14.9555554579,117.0
2016-10-01,5,1,22.0,25.0,0,117.0,104.230769231,77.0,1.0299166258,231.0,13.734593305,113.0
2016-10-02,6,1,21.0,30.0,0,117.0,106.384615385,77.0,1.10347085789,168.0,12.7069845212,115.0
2016-10-03,0,1,19.0,25.0,1,117.0,107.0,77.0,1.12249877989,168.0,12.913916167,135.0
2016-10-04,1,1,21.0,27.0,1,118.0,109.615384615,77.0,1.16739025567,168.0,14.7467778047,108.0
2016-10-05,2,1,20.0,28.0,1,118.0,111.230769231,77.0,1.14578332533,135.0,13.2557902945,119.0
2016-10-06,3,1,20.0,25.0,1,119.0,113.769230769,77.0,1.14105594957,135.0,11.1779580229,101.0
2016-10-07,4,1,18.0,22.0,0,119.0,113.461538462,77.0,1.02998900926,135.0,11.4664419041,103.0
2016-10-08,5,0,16.0,23.0,1,118.0,111.384615385,77.0,1.00201644176,135.0,10.702540759,96.0
2016-10-09,6,0,14.0,21.0,1,118.0,109.461538462,77.0,0.925925925926,135.0,11.04268212,99.0
2016-10-10,0,0,15.0,22.0,1,118.0,108.153846154,77.0,0.923172242875,135.0,11.1964702807,98.0
2016-10-11,1,0,17.0,23.0,1,118.0,107.846153846,77.0,0.908949899178,135.0,11.4142027172,90.0
2016-10-12,2,0,17.0,22.0,1,118.0,107.769230769,77.0,0.889095415118,135.0,11.5302534908,81.0
2016-10-13,3,0,17.0,20.0,1,117.0,105.769230769,77.0,0.835274025772,135.0,13.5655323758,101.0
2016-10-14,4,0,18.0,21.0,1,116.0,104.538461538,77.0,0.846165811168,135.0,13.2119723364,130.0
2016-10-15,5,1,19.0,21.0,0,116.0,105.846153846,77.0,0.970601959869,135.0,14.7379476384,130.0
2016-10-16,6,1,18.0,25.0,1,116.0,107.0,77.0,1.11833952912,135.0,15.9470276951,122.0
2016-10-17,0,0,18.0,25.0,1,116.0,106.0,81.0,1.18010503553,135.0,14.5019892535,105.0
2016-10-18,1,0,18.0,24.0,1,116.0,105.769230769,81.0,1.10134197131,135.0,14.4921933688,102.0
2016-10-19,2,0,19.0,22.0,0,115.0,104.461538462,81.0,1.00982197667,135.0,13.9978865691,118.0
2016-10-20,3,0,19.0,22.0,0,115.0,105.769230769,81.0,0.99251794167,135.0,14.401676431,107.0
2016-10-21,4,0,20.0,22.0,0,113.0,106.076923077,81.0,1.00322135297,135.0,14.3819413393,95.0
2016-10-22,5,1,19.0,22.0,0,111.0,106.0,81.0,0.989945862336,135.0,14.4381972026,142.0
2016-10-23,6,1,16.0,22.0,1,111.0,109.307692308,81.0,1.05102352582,142.0,17.1302010199,98.0
2016-10-24,0,0,17.0,23.0,1,108.0,109.307692308,81.0,1.04118104118,142.0,17.1302010199,105.0
2016-10-25,1,0,16.0,19.0,1,107.0,110.461538462,81.0,1.07376283847,142.0,16.2746399446,122.0
2016-10-26,2,0,17.0,20.0,0,107.0,113.615384615,81.0,1.0101010101,142.0,14.0851174132,139.0
2016-10-27,3,0,16.0,19.0,0,108.0,116.538461538,81.0,1.11772789739,142.0,15.072212765,137.0
2016-10-28,4,0,14.0,18.0,0,108.0,117.076923077,81.0,1.1968125094,142.0,15.6572005478,124.0
2016-10-29,5,1,9.0,13.0,0,108.0,116.615384615,81.0,1.18782479584,142.0,15.3549714402,135.0
2016-10-30,6,1,13.0,18.0,1,108.0,117.615384615,81.0,1.15738711092,142.0,16.0793152434,113.0
2016-10-31,0,0,11.0,16.0,0,108.0,118.230769231,81.0,1.08013937282,142.0,15.7341072253,112.0
