time_stamp,dayofweek,holiday,lt,ht,sunny,m2M,w2A,m1L,d3w3,m1Lar,w2Std,pay_sum
2016-08-01,0,0,28.0,34.0,1,65.0,72.9230769231,37.0,1.25335284077,107.0,15.4842924801,54.0
2016-08-02,1,0,28.0,34.0,0,65.0,74.1538461538,37.0,1.17994100295,107.0,13.1139746592,67.0
2016-08-03,2,0,26.0,32.0,0,65.0,75.0,37.0,1.01620029455,107.0,12.2411663597,65.0
2016-08-04,3,0,27.0,32.0,0,65.0,75.0,37.0,0.912435614422,107.0,12.2411663597,76.0
2016-08-05,4,0,27.0,33.0,0,65.0,75.0769230769,37.0,1.01216545012,107.0,12.2440663084,77.0
2016-08-06,5,1,27.0,33.0,1,65.0,74.8461538462,37.0,1.05696969697,107.0,12.1771927663,81.0
2016-08-07,6,1,27.0,34.0,1,66.0,73.7692307692,37.0,1.1103202847,107.0,10.899215541,89.0
2016-08-08,0,0,27.0,34.0,0,67.0,75.0769230769,37.0,1.13017616106,100.0,11.6054465891,63.0
2016-08-09,1,0,28.0,34.0,1,66.0,75.0,37.0,1.0481331534,100.0,11.6816753277,80.0
2016-08-10,2,0,28.0,34.0,1,66.0,75.7692307692,37.0,1.02700309872,100.0,11.6563211386,59.0
2016-08-11,3,0,28.0,35.0,1,66.0,74.4615384615,37.0,0.897777777778,100.0,12.4814655489,57.0
2016-08-12,4,0,28.0,34.0,1,66.0,73.3846153846,37.0,0.881691408007,100.0,13.3101376144,78.0
2016-08-13,5,1,28.0,35.0,1,67.0,71.6923076923,37.0,0.873873873874,100.0,11.0201536733,95.0
2016-08-14,6,1,28.0,36.0,1,67.0,72.3846153846,37.0,1.03603603604,100.0,12.1245996701,106.0
2016-08-15,0,0,28.0,35.0,1,68.0,76.3846153846,37.0,1.2285336856,106.0,13.8538440183,48.0
2016-08-16,1,0,28.0,35.0,1,67.0,74.9230769231,37.0,1.10814419226,106.0,15.6522868246,59.0
2016-08-17,2,0,28.0,35.0,1,67.0,74.4615384615,38.0,0.954942837929,106.0,16.0221739839,62.0
2016-08-18,3,0,28.0,36.0,1,66.0,73.3846153846,48.0,0.764878931885,106.0,16.349728116,57.0
2016-08-19,4,0,29.0,36.0,1,66.0,71.8461538462,48.0,0.813342472013,106.0,16.8698463531,81.0
2016-08-20,5,1,28.0,37.0,0,67.0,71.8461538462,48.0,0.925925925926,106.0,16.8698463531,91.0
2016-08-21,6,1,28.0,35.0,0,67.0,72.0,48.0,1.05651672434,106.0,17.0339028456,97.0
2016-08-22,0,0,28.0,35.0,1,68.0,74.6153846154,48.0,1.20519713262,106.0,18.03218687,67.0
2016-08-23,1,0,26.0,34.0,1,68.0,73.6153846154,48.0,1.14247311828,106.0,18.0662816469,55.0
2016-08-24,2,0,26.0,34.0,1,67.0,73.3076923077,48.0,0.987821380244,106.0,18.3445008125,63.0
2016-08-25,3,0,27.0,35.0,1,67.0,73.7692307692,48.0,0.841865756542,106.0,18.0006574502,72.0
2016-08-26,4,0,26.0,34.0,0,67.0,73.3076923077,48.0,0.867579908676,106.0,17.9631443855,84.0
2016-08-27,5,1,23.0,31.0,1,68.0,72.4615384615,48.0,0.997949419002,106.0,17.1626400364,101.0
2016-08-28,6,1,22.0,30.0,1,68.0,72.0769230769,48.0,1.1615819209,106.0,16.4478735519,87.0
2016-08-29,0,0,23.0,31.0,1,68.0,75.0769230769,48.0,1.20969535246,106.0,15.2993792657,47.0
2016-08-30,1,0,23.0,31.0,1,68.0,74.1538461538,47.0,1.06866757617,106.0,16.5522304044,74.0
2016-08-31,2,0,25.0,34.0,1,68.0,75.0769230769,47.0,0.936304298897,106.0,16.1791011373,65.0
2016-09-01,3,0,26.0,33.0,1,68.0,75.6923076923,47.0,0.832773673606,106.0,15.6223932737,51.0
2016-09-02,4,0,25.0,34.0,1,68.0,73.3846153846,47.0,0.866393068855,106.0,16.8364917848,69.0
2016-09-03,5,1,25.0,35.0,1,68.0,71.6923076923,47.0,0.85886722377,106.0,16.069007989,110.0
2016-09-04,6,1,25.0,33.0,1,69.0,72.6923076923,47.0,1.06481481481,110.0,17.911683404,95.0
2016-09-05,0,0,25.0,30.0,0,70.0,74.8461538462,47.0,1.22842412015,110.0,18.7610322573,54.0
2016-09-06,1,0,22.0,27.0,0,70.0,74.7692307692,47.0,1.16509221772,110.0,18.8441129193,56.0
2016-09-07,2,0,20.0,24.0,0,69.0,74.2307692308,47.0,0.925925925926,110.0,19.2679640302,50.0
2016-09-08,3,0,22.0,29.0,1,67.0,72.5384615385,47.0,0.726117540277,110.0,20.3266228782,56.0
2016-09-09,4,0,23.0,31.0,1,67.0,70.3846153846,47.0,0.747922437673,110.0,20.4809046583,73.0
2016-09-10,5,1,24.0,29.0,1,69.0,68.2307692308,47.0,0.836839644694,110.0,18.5271270808,106.0
2016-09-11,6,1,23.0,26.0,0,70.0,69.6923076923,47.0,1.09175377468,110.0,20.5852247811,93.0
2016-09-12,0,0,23.0,29.0,1,71.0,73.2307692308,47.0,1.2411590235,110.0,20.3324441232,45.0
2016-09-13,1,0,23.0,30.0,1,71.0,71.0,45.0,1.12106593154,110.0,21.672385833,56.0
2016-09-14,2,0,22.0,24.0,0,70.0,70.3076923077,45.0,0.895660203139,110.0,21.9943510768,75.0
2016-09-15,3,1,23.0,26.0,0,71.0,72.1538461538,45.0,0.810873070721,110.0,21.2922743441,63.0
2016-09-16,4,1,23.0,27.0,0,71.0,71.6923076923,45.0,0.906965871903,110.0,21.4202801655,92.0
2016-09-17,5,1,23.0,27.0,0,72.0,70.3076923077,45.0,1.0820983298,110.0,19.3843101319,86.0
2016-09-18,6,0,23.0,28.0,0,72.0,69.6153846154,45.0,1.13465160075,110.0,18.6363518283,57.0
2016-09-19,0,0,21.0,27.0,0,72.0,69.8461538462,45.0,1.09864422627,110.0,18.4592947354,54.0
2016-09-20,1,0,20.0,26.0,1,72.0,69.6923076923,45.0,0.934091986724,110.0,18.5819789266,52.0
2016-09-21,2,0,20.0,27.0,1,71.0,69.8461538462,45.0,0.780090930845,110.0,18.4259271924,43.0
2016-09-22,3,0,21.0,27.0,1,70.0,68.8461538462,43.0,0.717208182912,110.0,19.4732406289,60.0
2016-09-23,4,0,21.0,27.0,1,69.0,67.8461538462,43.0,0.750968992248,110.0,19.5678156237,89.0
2016-09-24,5,1,22.0,28.0,1,70.0,66.5384615385,43.0,0.944649446494,110.0,17.4250720542,114.0
2016-09-25,6,1,23.0,29.0,1,71.0,68.1538461538,43.0,1.27607957302,114.0,20.5045816788,107.0
2016-09-26,0,0,24.0,31.0,1,71.0,72.9230769231,43.0,1.44825975239,114.0,21.7378136982,55.0
2016-09-27,1,0,25.0,30.0,0,69.0,72.8461538462,43.0,1.29032258065,114.0,21.7992454134,52.0
2016-09-28,2,0,22.0,28.0,0,67.0,71.0769230769,43.0,0.999066293184,114.0,22.4754961902,44.0
2016-09-29,3,0,22.0,25.0,0,67.0,69.6153846154,43.0,0.710922787194,114.0,23.5454991993,46.0
2016-09-30,4,0,23.0,28.0,0,67.0,66.0769230769,43.0,0.681545476362,114.0,23.371453786,78.0
2016-10-01,5,1,24.0,29.0,0,67.0,65.4615384615,43.0,0.822924320353,114.0,22.9401072515,81.0
2016-10-02,6,1,24.0,32.0,1,69.0,67.3076923077,43.0,1.01309612058,114.0,23.1496290563,75.0
2016-10-03,0,1,22.0,26.0,1,69.0,68.9230769231,43.0,1.13125453227,114.0,22.8959571119,70.0
2016-10-04,1,1,22.0,26.0,1,69.0,70.3076923077,43.0,1.08159846853,114.0,22.3688815971,67.0
2016-10-05,2,1,22.0,27.0,1,67.0,72.1538461538,43.0,1.02045728039,114.0,20.9866116804,73.0
2016-10-06,3,1,22.0,26.0,0,67.0,73.1538461538,43.0,1.00358422939,114.0,20.6913068102,98.0
2016-10-07,4,1,20.0,25.0,0,69.0,73.8461538462,43.0,1.13252438734,114.0,21.3499996536,96.0
2016-10-08,5,0,17.0,22.0,0,69.0,72.4615384615,43.0,1.26151665485,114.0,19.1737616574,64.0
2016-10-09,6,0,18.0,22.0,1,69.0,69.1538461538,43.0,1.21297602257,114.0,16.4449952819,53.0
2016-10-10,0,0,18.0,22.0,1,69.0,69.0,43.0,1.00211714891,114.0,16.5854431076,54.0
2016-10-11,1,0,19.0,25.0,1,67.0,69.1538461538,43.0,0.803382663848,114.0,16.4356374234,74.0
2016-10-12,2,0,19.0,23.0,1,67.0,71.4615384615,43.0,0.832183908046,114.0,14.7628191211,51.0
2016-10-13,3,0,19.0,23.0,1,67.0,71.8461538462,43.0,0.828128614388,114.0,14.1467373452,53.0
2016-10-14,4,0,19.0,23.0,0,67.0,69.9230769231,43.0,0.844602609727,114.0,14.8606943541,90.0
2016-10-15,5,1,21.0,25.0,1,67.0,70.6153846154,43.0,0.936519430364,114.0,15.5540668021,119.0
2016-10-16,6,1,20.0,26.0,1,69.0,74.0,43.0,1.25388849007,119.0,20.2256501274,108.0
2016-10-17,0,0,20.0,25.0,1,70.0,76.9230769231,43.0,1.46150299677,119.0,22.0958107358,50.0
2016-10-18,1,0,20.0,25.0,1,69.0,75.6153846154,43.0,1.27885503232,119.0,23.1235426536,53.0
2016-10-19,2,0,20.0,24.0,0,67.0,74.0769230769,43.0,0.968111952283,119.0,23.8987014081,44.0
2016-10-20,3,0,20.0,23.0,0,67.0,69.9230769231,43.0,0.675396278429,119.0,24.0718844568,52.0
2016-10-21,4,0,0.0,21.0,0,65.0,66.5384615385,44.0,0.697076023392,119.0,23.2465560216,76.0
2016-10-22,5,1,19.0,23.0,0,67.0,67.4615384615,44.0,0.807511737089,119.0,23.3653767015,98.0
2016-10-23,6,1,18.0,23.0,1,69.0,70.9230769231,44.0,1.04412104412,119.0,24.281875287,103.0
2016-10-24,0,0,20.0,24.0,1,69.0,74.6923076923,44.0,1.25112917796,119.0,25.1499644147,36.0
2016-10-25,1,0,18.0,22.0,1,67.0,71.7692307692,36.0,1.09342560554,119.0,27.1864045382,58.0
2016-10-26,2,0,19.0,21.0,0,65.0,72.3076923077,36.0,0.918414918415,119.0,26.8367847879,48.0
2016-10-27,3,0,18.0,22.0,0,64.0,71.9230769231,36.0,0.685990338164,119.0,27.1448012829,62.0
2016-10-28,4,0,15.0,20.0,0,64.0,69.7692307692,36.0,0.832095096582,119.0,26.7327337408,67.0
2016-10-29,5,1,13.0,17.0,1,64.0,65.7692307692,36.0,0.874722016308,119.0,22.6449309871,118.0
2016-10-30,6,1,14.0,18.0,1,64.0,66.5384615385,36.0,1.16454502593,119.0,24.1839596701,99.0
2016-10-31,0,0,13.0,17.0,0,67.0,70.3076923077,36.0,1.29769248344,119.0,25.1132346824,44.0
