time_stamp,dayofweek,holiday,lt,ht,sunny,m2M,w2A,m1L,d3w3,m1Lar,w2Std,pay_sum
2016-08-01,0,0,26.0,38.0,1,58.0,78.9230769231,35.0,1.46833223756,180.0,30.7282419294,57.0
2016-08-02,1,0,25.0,35.0,0,58.0,78.2307692308,35.0,0.930436690805,180.0,31.11060627,61.0
2016-08-03,2,0,25.0,29.0,0,59.0,78.7692307692,35.0,0.829493087558,180.0,30.7449904516,52.0
2016-08-04,3,0,27.0,35.0,1,59.0,77.0,51.0,0.75204600752,180.0,31.561904983,199.0
2016-08-05,4,0,27.0,35.0,1,59.0,86.9230769231,52.0,1.27921279213,199.0,45.1535185416,72.0
2016-08-06,5,1,27.0,35.0,1,61.0,86.1538461538,52.0,1.31782945736,199.0,45.3157234622,83.0
2016-08-07,6,1,28.0,35.0,1,61.0,87.6923076923,52.0,1.44607843137,199.0,44.8405458956,66.0
2016-08-08,0,0,26.0,34.0,0,61.0,85.9230769231,52.0,0.911716171617,199.0,45.2062989799,90.0
2016-08-09,1,0,26.0,35.0,1,61.0,88.1538461538,52.0,0.971544715447,199.0,44.6332855335,95.0
2016-08-10,2,0,27.0,35.0,0,61.0,90.7692307692,52.0,0.995439222685,199.0,43.956541206,68.0
2016-08-11,3,0,26.0,35.0,0,63.0,90.6153846154,52.0,1.00756670649,199.0,44.0323979702,56.0
2016-08-12,4,0,26.0,35.0,0,63.0,81.0769230769,52.0,0.879518072289,199.0,36.4068073484,76.0
2016-08-13,5,1,25.0,34.0,0,64.0,80.4615384615,52.0,0.80612656187,199.0,36.4198073425,86.0
2016-08-14,6,1,26.0,34.0,0,64.0,81.6153846154,52.0,0.866626913139,199.0,36.3392952422,69.0
2016-08-15,0,0,26.0,35.0,1,64.0,82.5384615385,52.0,0.929390464695,199.0,35.8514357284,70.0
2016-08-16,1,0,26.0,35.0,1,65.0,83.2307692308,52.0,0.900360144058,199.0,35.5141441945,42.0
2016-08-17,2,0,28.0,37.0,1,64.0,82.4615384615,42.0,0.73264521352,199.0,36.2822596714,61.0
2016-08-18,3,0,27.0,35.0,0,64.0,71.8461538462,42.0,0.704110704111,199.0,13.9440980283,77.0
2016-08-19,4,0,28.0,34.0,0,65.0,72.2307692308,42.0,0.781758957655,199.0,14.0118293219,65.0
2016-08-20,5,1,27.0,35.0,1,65.0,70.8461538462,42.0,0.892700087951,199.0,13.7664371898,88.0
2016-08-21,6,1,27.0,36.0,1,66.0,72.5384615385,42.0,1.00021743857,199.0,14.4041414163,81.0
2016-08-22,0,0,27.0,36.0,0,66.0,71.8461538462,42.0,1.00192678227,199.0,13.7496637936,92.0
2016-08-23,1,0,27.0,37.0,1,68.0,71.6153846154,42.0,1.09571788413,199.0,13.3793092931,82.0
2016-08-24,2,0,26.0,37.0,1,68.0,72.6923076923,42.0,1.05067985167,199.0,13.6064725287,82.0
2016-08-25,3,0,27.0,37.0,1,69.0,74.6923076923,42.0,1.1370197646,199.0,12.89832795,114.0
2016-08-26,4,0,25.0,34.0,0,70.0,77.6153846154,42.0,1.20112335278,199.0,16.6296235285,109.0
2016-08-27,5,1,25.0,32.0,1,70.0,79.3846153846,42.0,1.29594221372,199.0,18.5411743945,91.0
2016-08-28,6,1,23.0,31.0,1,70.0,81.0769230769,42.0,1.31325805102,199.0,18.5200994285,98.0
2016-08-29,0,0,23.0,33.0,1,71.0,83.2307692308,42.0,1.24011652102,199.0,18.7335726855,61.0
2016-08-30,1,0,24.0,33.0,1,71.0,84.6923076923,42.0,1.06292517007,199.0,16.0018490056,65.0
2016-08-31,2,0,24.0,33.0,1,70.0,85.0,42.0,0.954206602769,199.0,15.5761158385,53.0
2016-09-01,3,0,24.0,29.0,0,70.0,83.1538461538,42.0,0.763977806231,199.0,17.6933110083,63.0
2016-09-02,4,0,24.0,33.0,1,70.0,83.0,42.0,0.778997202496,199.0,17.8584175369,68.0
2016-09-03,5,1,23.0,34.0,1,70.0,81.4615384615,42.0,0.80121924668,114.0,18.2192433543,108.0
2016-09-04,6,1,25.0,34.0,1,71.0,83.5384615385,42.0,1.01486199575,114.0,19.5393700576,95.0
2016-09-05,0,0,26.0,33.0,1,72.0,83.7692307692,42.0,1.13270637409,114.0,19.6553138094,40.0
2016-09-06,1,0,26.0,33.0,1,72.0,80.5384615385,40.0,1.01694915254,114.0,22.8695813578,53.0
2016-09-07,2,0,26.0,32.0,1,71.0,78.3076923077,40.0,0.790746582545,114.0,24.0044374596,49.0
2016-09-08,3,0,25.0,33.0,1,70.0,73.3076923077,40.0,0.608006850781,114.0,22.7879341062,52.0
2016-09-09,4,0,24.0,31.0,0,70.0,68.9230769231,40.0,0.66493955095,114.0,20.9044034318,71.0
2016-09-10,5,1,22.0,27.0,0,70.0,67.3846153846,40.0,0.750927745034,114.0,19.9365858567,71.0
2016-09-11,6,1,21.0,27.0,0,71.0,65.3076923077,40.0,0.85255987695,114.0,17.9460071213,71.0
2016-09-12,0,0,23.0,31.0,1,71.0,66.0769230769,40.0,0.949197860963,114.0,17.9591910836,54.0
2016-09-13,1,0,23.0,34.0,1,71.0,65.2307692308,40.0,0.890099909173,114.0,18.2468283699,59.0
2016-09-14,2,0,24.0,34.0,1,71.0,65.6923076923,40.0,0.848904267589,114.0,18.0059161875,84.0
2016-09-15,3,1,24.0,34.0,1,71.0,67.3076923077,40.0,0.928150765607,114.0,18.6233295188,87.0
2016-09-16,4,1,25.0,34.0,1,71.0,68.7692307692,40.0,1.10074180426,114.0,19.3516202707,120.0
2016-09-17,5,1,25.0,34.0,1,71.0,69.6923076923,40.0,1.36427566807,120.0,21.3807412097,84.0
2016-09-18,6,0,24.0,34.0,1,71.0,68.8461538462,40.0,1.37784090909,120.0,20.5645181875,63.0
2016-09-19,0,0,24.0,33.0,1,71.0,70.6153846154,40.0,1.26241134752,120.0,18.9312052586,64.0
2016-09-20,1,0,23.0,32.0,1,71.0,71.4615384615,40.0,0.998343979181,120.0,18.3622329152,55.0
2016-09-21,2,0,22.0,32.0,1,71.0,71.9230769231,40.0,0.859910229152,120.0,17.8604054501,71.0
2016-09-22,3,0,23.0,32.0,1,71.0,73.3846153846,40.0,0.892647404275,120.0,16.9230769231,50.0
2016-09-23,4,0,23.0,33.0,1,71.0,71.7692307692,40.0,0.837497025934,120.0,18.0390765846,59.0
2016-09-24,5,1,24.0,33.0,1,71.0,70.8461538462,40.0,0.887573964497,120.0,18.3590101704,91.0
2016-09-25,6,1,26.0,34.0,1,71.0,72.3846153846,40.0,0.989119683482,120.0,19.1292706103,89.0
2016-09-26,0,0,26.0,35.0,1,71.0,75.0769230769,40.0,1.14053925078,120.0,18.812686139,49.0
2016-09-27,1,0,26.0,36.0,1,71.0,74.3076923077,40.0,1.09595597033,120.0,19.6405570005,51.0
2016-09-28,2,0,24.0,34.0,1,71.0,71.7692307692,40.0,0.903225806452,120.0,20.34379076,60.0
2016-09-29,3,0,21.0,30.0,1,70.0,69.6923076923,40.0,0.760275599905,120.0,20.0590843237,58.0
2016-09-30,4,0,20.0,27.0,1,70.0,64.9230769231,40.0,0.810551558753,120.0,13.980544385,102.0
2016-10-01,5,1,20.0,29.0,1,71.0,66.3076923077,40.0,1.03213699273,120.0,16.4708816045,89.0
2016-10-02,6,1,21.0,30.0,1,71.0,68.3076923077,40.0,1.15357887422,120.0,17.4945469103,81.0
2016-10-03,0,1,23.0,33.0,1,71.0,69.6153846154,40.0,1.2369258754,120.0,17.7570720973,77.0
2016-10-04,1,1,23.0,35.0,1,71.0,71.3076923077,40.0,1.10961365678,120.0,17.3266562773,87.0
2016-10-05,2,1,22.0,34.0,1,71.0,72.5384615385,49.0,1.0984084286,120.0,17.8222651786,81.0
2016-10-06,3,1,22.0,34.0,1,71.0,74.9230769231,49.0,1.10285842899,120.0,16.6846845408,82.0
2016-10-07,4,1,23.0,34.0,1,71.0,76.6923076923,49.0,1.155001155,120.0,16.1120337989,65.0
2016-10-08,5,0,24.0,33.0,1,71.0,74.6923076923,49.0,1.06741573034,120.0,15.8229853032,59.0
2016-10-09,6,0,22.0,32.0,1,71.0,72.3846153846,49.0,0.967136150235,120.0,15.7555287563,56.0
2016-10-10,0,0,21.0,29.0,1,71.0,72.9230769231,49.0,0.849858356941,120.0,15.050998119,45.0
2016-10-11,1,0,21.0,30.0,1,71.0,72.4615384615,45.0,0.76081787922,120.0,15.7900425518,47.0
2016-10-12,2,0,20.0,29.0,1,70.0,71.4615384615,45.0,0.716013546202,120.0,16.9188805986,42.0
2016-10-13,3,0,19.0,27.0,1,70.0,70.2307692308,42.0,0.652068126521,120.0,18.3728639623,50.0
2016-10-14,4,0,21.0,30.0,1,68.0,66.2307692308,42.0,0.680871907911,120.0,16.5954296125,89.0
2016-10-15,5,1,21.0,32.0,1,71.0,66.2307692308,42.0,0.887907775325,120.0,16.5954296125,84.0
2016-10-16,6,1,23.0,32.0,1,71.0,66.4615384615,42.0,1.09798129,102.0,16.8185583605,87.0
2016-10-17,0,0,22.0,33.0,1,71.0,67.2307692308,42.0,1.24521072797,102.0,17.4979288715,43.0
2016-10-18,1,0,23.0,28.0,0,71.0,63.8461538462,42.0,1.03082851638,102.0,17.6017750584,57.0
2016-10-19,2,0,20.0,24.0,0,71.0,62.0,42.0,0.902727492155,102.0,16.9524221097,54.0
2016-10-20,3,0,21.0,26.0,0,68.0,59.8461538462,42.0,0.745582183491,102.0,16.0280818654,64.0
2016-10-21,4,0,21.0,28.0,0,65.0,59.7692307692,42.0,0.871296987802,102.0,16.005546376,75.0
2016-10-22,5,1,22.0,31.0,1,65.0,61.0,42.0,0.97106918239,102.0,16.5064090117,82.0
2016-10-23,6,1,23.0,32.0,1,65.0,63.0,42.0,1.11111111111,102.0,17.333826423,64.0
2016-10-24,0,0,22.0,29.0,0,65.0,64.4615384615,42.0,1.12211221122,102.0,16.5372092549,34.0
2016-10-25,1,0,25.0,30.0,0,64.0,63.4615384615,34.0,0.952380952381,102.0,17.8997867826,41.0
2016-10-26,2,0,25.0,32.0,1,64.0,63.3846153846,34.0,0.75956284153,102.0,17.9937530251,42.0
2016-10-27,3,0,25.0,33.0,1,64.0,62.7692307692,34.0,0.661016949153,102.0,18.5685998236,40.0
2016-10-28,4,0,17.0,32.0,1,64.0,59.0,34.0,0.709956709957,102.0,17.8196089053,77.0
2016-10-29,5,1,17.0,21.0,1,64.0,58.4615384615,34.0,0.903665814152,102.0,17.1491887434,151.0
2016-10-30,6,1,14.0,20.0,1,64.0,63.3846153846,34.0,1.40904311251,151.0,29.4266714747,108.0
2016-10-31,0,0,14.0,22.0,1,64.0,68.3846153846,34.0,1.68294515402,151.0,31.017460248,59.0
