time_stamp,dayofweek,holiday,lt,ht,sunny,m2M,w2A,m1L,d3w3,m1Lar,w2Std,pay_sum
2016-08-01,0,0,23.0,33.0,0,16.0,16.0,16.0,1.0,16.0,0.0,16.0
2016-08-02,1,0,22.0,32.0,1,16.0,16.0,16.0,1.0,16.0,0.0,16.0
2016-08-03,2,0,22.0,30.0,0,16.0,16.0,16.0,1.0,16.0,0.0,16.0
2016-08-04,3,0,21.0,32.0,1,16.0,16.0,16.0,1.0,16.0,0.0,16.0
2016-08-05,4,0,22.0,31.0,0,16.0,16.0,16.0,1.0,16.0,0.0,16.0
2016-08-06,5,1,23.0,32.0,0,16.0,16.0,16.0,1.0,16.0,0.0,16.0
2016-08-07,6,1,22.0,31.0,0,16.0,16.0,16.0,1.0,16.0,0.0,16.0
2016-08-08,0,0,22.0,30.0,0,16.0,16.0,16.0,1.0,16.0,0.0,16.0
2016-08-09,1,0,22.0,32.0,0,16.0,16.0,16.0,1.0,16.0,0.0,16.0
2016-08-10,2,0,22.0,31.0,1,16.0,16.0,16.0,1.0,16.0,0.0,16.0
2016-08-11,3,0,23.0,34.0,1,16.0,16.0,16.0,1.0,16.0,0.0,16.0
2016-08-12,4,0,24.0,34.0,0,16.0,16.0,16.0,1.0,16.0,0.0,16.0
2016-08-13,5,1,23.0,34.0,0,16.0,16.0,16.0,1.0,16.0,0.0,16.0
2016-08-14,6,1,25.0,34.0,0,16.0,16.0,16.0,1.0,16.0,0.0,16.0
2016-08-15,0,0,24.0,33.0,0,16.0,16.0,16.0,1.0,16.0,0.0,16.0
2016-08-16,1,0,24.0,33.0,1,16.0,16.0,16.0,1.0,16.0,0.0,16.0
2016-08-17,2,0,25.0,34.0,1,16.0,16.0,16.0,1.0,16.0,0.0,16.0
2016-08-18,3,0,23.0,34.0,1,16.0,16.0,16.0,1.0,16.0,0.0,16.0
2016-08-19,4,0,23.0,34.0,1,16.0,16.0,16.0,1.0,16.0,0.0,16.0
2016-08-20,5,1,24.0,34.0,1,16.0,16.0,16.0,1.0,16.0,0.0,16.0
2016-08-21,6,1,25.0,34.0,1,16.0,16.0,16.0,1.0,16.0,0.0,16.0
2016-08-22,0,0,25.0,34.0,0,16.0,16.0,16.0,1.0,16.0,0.0,16.0
2016-08-23,1,0,25.0,34.0,0,16.0,16.0,16.0,1.0,16.0,0.0,16.0
2016-08-24,2,0,25.0,36.0,0,16.0,16.0,16.0,1.0,16.0,0.0,16.0
2016-08-25,3,0,22.0,34.0,1,16.0,16.0,16.0,1.0,16.0,0.0,16.0
2016-08-26,4,0,22.0,30.0,1,16.0,16.0,16.0,1.0,16.0,0.0,16.0
2016-08-27,5,1,21.0,29.0,1,16.0,16.0,16.0,1.0,16.0,0.0,16.0
2016-08-28,6,1,22.0,30.0,1,16.0,16.0,16.0,1.0,16.0,0.0,16.0
2016-08-29,0,0,20.0,24.0,0,16.0,16.0,16.0,1.0,16.0,0.0,16.0
2016-08-30,1,0,18.0,26.0,0,16.0,16.0,16.0,1.0,16.0,0.0,16.0
2016-08-31,2,0,19.0,26.0,0,16.0,16.0,16.0,1.0,16.0,0.0,16.0
2016-09-01,3,0,17.0,29.0,1,16.0,16.0,16.0,1.0,16.0,0.0,16.0
2016-09-02,4,0,20.0,30.0,1,16.0,16.0,16.0,1.0,16.0,0.0,16.0
2016-09-03,5,1,20.0,27.0,0,16.0,16.0,16.0,1.0,16.0,0.0,16.0
2016-09-04,6,1,20.0,24.0,1,16.0,16.0,16.0,1.0,16.0,0.0,2.0
2016-09-05,0,0,19.0,22.0,0,16.0,14.9230769231,2.0,0.740740740741,16.0,3.73057097015,9.0
2016-09-06,1,0,19.0,27.0,1,16.0,14.3846153846,2.0,0.602006688963,16.0,4.02947718576,20.0
2016-09-07,2,0,20.0,25.0,1,16.0,14.6923076923,2.0,0.682068206821,20.0,4.28565793144,21.0
2016-09-08,3,0,19.0,25.0,1,16.0,15.0769230769,2.0,1.08225108225,21.0,4.59868774696,30.0
2016-09-09,4,0,20.0,29.0,1,16.0,16.1538461538,2.0,1.46997929607,30.0,6.08713844412,38.0
2016-09-10,5,1,18.0,29.0,1,16.0,17.8461538462,2.0,1.72480620155,38.0,8.4201786373,28.0
2016-09-11,6,1,19.0,32.0,1,16.0,18.7692307692,2.0,1.79775280899,38.0,8.81566652791,36.0
2016-09-12,0,0,19.0,28.0,1,16.0,20.3076923077,2.0,1.8085106383,38.0,9.87915143806,31.0
2016-09-13,1,0,19.0,25.0,0,16.0,21.4615384615,2.0,1.61977834612,38.0,10.1800361539,36.0
2016-09-14,2,0,18.0,21.0,0,16.0,23.0,2.0,1.67072181671,38.0,10.7345595732,33.0
2016-09-15,3,1,18.0,28.0,1,16.0,24.3076923077,2.0,1.55763239875,38.0,10.837148471,19.0
2016-09-16,4,1,19.0,26.0,1,16.0,24.5384615385,2.0,1.36117556071,38.0,10.6887099647,37.0
2016-09-17,5,1,20.0,25.0,0,16.0,26.1538461538,2.0,1.31268436578,38.0,10.8616909991,34.0
2016-09-18,6,0,18.0,23.0,0,16.0,28.6153846154,2.0,1.27659574468,38.0,8.47202147831,21.0
2016-09-19,0,0,17.0,23.0,0,16.0,29.5384615385,2.0,1.29122807018,38.0,6.76660788346,50.0
2016-09-20,1,0,17.0,24.0,0,16.0,31.8461538462,2.0,1.37524557957,50.0,8.10361888623,43.0
2016-09-21,2,0,18.0,27.0,1,16.0,33.5384615385,2.0,1.41791044776,50.0,7.95772855701,83.0
2016-09-22,3,0,19.0,26.0,0,16.0,37.6153846154,2.0,1.94582642344,83.0,15.2947374637,97.0
2016-09-23,4,0,18.0,22.0,0,16.0,42.1538461538,2.0,2.17348927875,97.0,22.0134439826,77.0
2016-09-24,5,1,18.0,24.0,1,16.0,45.9230769231,2.0,2.29977628635,97.0,23.4174870177,78.0
2016-09-25,6,1,18.0,24.0,1,16.0,49.1538461538,2.0,2.04628501827,97.0,24.6883533857,65.0
2016-09-26,0,0,19.0,25.0,1,16.0,51.7692307692,2.0,1.67236792094,97.0,24.4261960455,78.0
2016-09-27,1,0,19.0,26.0,1,16.0,55.0,2.0,1.57575757576,97.0,24.899799196,65.0
2016-09-28,2,0,19.0,28.0,1,16.0,57.4615384615,2.0,1.41641130405,97.0,24.1744155434,75.0
2016-09-29,3,0,18.0,26.0,1,16.0,61.7692307692,2.0,1.41927083333,97.0,21.8109141563,84.0
2016-09-30,4,0,19.0,28.0,1,16.0,65.3846153846,2.0,1.39563862928,97.0,21.2947753128,94.0
2016-10-01,5,1,19.0,30.0,1,16.0,70.0,2.0,1.48474178404,97.0,20.478882181,51.0
2016-10-02,6,1,19.0,32.0,1,16.0,72.3076923077,2.0,1.32638285549,97.0,16.0354636564,43.0
2016-10-03,0,1,20.0,29.0,1,16.0,71.7692307692,2.0,1.07767268558,97.0,16.8712493092,35.0
2016-10-04,1,1,18.0,27.0,0,16.0,71.1538461538,9.0,0.740103270224,97.0,18.0164290573,46.0
2016-10-05,2,1,18.0,23.0,1,16.0,68.3076923077,19.0,0.703546099291,97.0,18.8246344959,35.0
2016-10-06,3,1,19.0,24.0,0,19.0,63.5384615385,19.0,0.649314301707,97.0,18.8051358967,37.0
2016-10-07,4,1,18.0,22.0,0,20.0,60.4615384615,19.0,0.660509375875,97.0,19.6061818533,62.0
2016-10-08,5,0,14.0,20.0,0,21.0,59.2307692308,19.0,0.732841126607,97.0,18.9580664632,66.0
2016-10-09,6,0,15.0,19.0,0,21.0,59.3076923077,19.0,0.870253164557,97.0,18.983331212,89.0
2016-10-10,0,0,14.0,18.0,0,28.0,60.1538461538,19.0,1.1102583781,97.0,20.0147874327,74.0
2016-10-11,1,0,15.0,18.0,0,30.0,60.8461538462,19.0,1.14442778611,97.0,20.3237116305,82.0
2016-10-12,2,0,14.0,17.0,0,31.0,61.3846153846,19.0,1.22530632658,97.0,20.7791998866,86.0
2016-10-13,3,0,15.0,20.0,1,33.0,61.5384615385,19.0,1.22037317196,97.0,20.9527504514,95.0
2016-10-14,4,0,15.0,19.0,0,34.0,61.6153846154,19.0,1.30845771144,97.0,21.0732731259,94.0
2016-10-15,5,1,15.0,21.0,1,35.0,64.9230769231,21.0,1.35201573255,97.0,22.4754961902,107.0
2016-10-16,6,1,15.0,24.0,0,35.0,69.8461538462,21.0,1.41154029566,107.0,24.0858916695,104.0
2016-10-17,0,0,15.0,24.0,1,36.0,75.1538461538,21.0,1.42790262172,107.0,23.4154654805,101.0
2016-10-18,1,0,16.0,22.0,1,36.0,79.3846153846,35.0,1.42465753425,107.0,22.7242278756,111.0
2016-10-19,2,0,16.0,21.0,1,37.0,85.2307692308,35.0,1.40819964349,111.0,20.1881680738,110.0
2016-10-20,3,0,17.0,24.0,1,37.0,90.8461538462,35.0,1.41042487954,111.0,15.6295880838,111.0
2016-10-21,4,0,18.0,22.0,0,38.0,94.6153846154,35.0,1.43816330951,111.0,14.0468362797,129.0
2016-10-22,5,1,17.0,22.0,0,43.0,99.4615384615,35.0,1.443001443,129.0,14.2051744885,123.0
2016-10-23,6,1,16.0,21.0,0,43.0,102.076923077,35.0,1.42604596346,129.0,15.1376328729,122.0
2016-10-24,0,0,17.0,22.0,1,46.0,105.769230769,35.0,1.3976083707,129.0,13.6164710562,97.0
2016-10-25,1,0,15.0,21.0,1,50.0,106.923076923,35.0,1.24250681199,129.0,12.1050627581,148.0
2016-10-26,2,0,15.0,21.0,0,51.0,111.692307692,35.0,1.2559890486,148.0,14.8292051521,105.0
2016-10-27,3,0,13.0,21.0,1,62.0,112.461538462,35.0,1.15740740741,148.0,14.1889197541,108.0
2016-10-28,4,0,8.0,16.0,0,65.0,113.538461538,35.0,1.16715163272,148.0,13.2468596256,131.0
2016-10-29,5,1,11.0,15.0,1,65.0,115.384615385,35.0,1.07820090895,148.0,13.8649445145,93.0
2016-10-30,6,1,11.0,17.0,1,66.0,114.538461538,35.0,1.03863600813,148.0,14.8355881095,117.0
2016-10-31,0,0,11.0,19.0,1,74.0,115.769230769,35.0,1.04569150567,148.0,14.3159612168,120.0
