time_stamp,dayofweek,holiday,lt,ht,sunny,m2M,w2A,m1L,d3w3,m1Lar,w2Std,pay_sum
2016-08-01,0,0,27.0,35.0,1,165.0,164.538461538,87.0,0.867256637168,227.0,34.9122314573,179.0
2016-08-02,1,0,26.0,36.0,0,165.0,164.615384615,87.0,0.842000990589,227.0,34.9428950884,171.0
2016-08-03,2,0,25.0,30.0,0,169.0,160.846153846,87.0,0.875400641026,227.0,31.2085938703,159.0
2016-08-04,3,0,25.0,32.0,0,169.0,160.076923077,87.0,1.02424791226,227.0,31.1212555078,173.0
2016-08-05,4,0,26.0,32.0,0,171.0,158.076923077,87.0,1.02204612415,227.0,29.3400790164,199.0
2016-08-06,5,1,26.0,34.0,0,171.0,164.846153846,87.0,1.06083308361,225.0,27.8093679674,112.0
2016-08-07,6,1,26.0,34.0,0,171.0,163.461538462,87.0,0.971887550201,220.0,29.8808283909,109.0
2016-08-08,0,0,26.0,34.0,1,171.0,159.153846154,87.0,0.863930885529,220.0,33.2006630004,112.0
2016-08-09,1,0,27.0,34.0,1,171.0,154.230769231,87.0,0.699212598425,220.0,35.0321914511,323.0
2016-08-10,2,0,27.0,34.0,1,173.0,165.615384615,87.0,1.10636567012,323.0,57.0567038622,263.0
2016-08-11,3,0,27.0,35.0,1,174.0,172.384615385,87.0,1.37999209174,323.0,62.7087755625,301.0
2016-08-12,4,0,28.0,35.0,1,175.0,180.538461538,87.0,1.70216848973,323.0,71.4074068391,335.0
2016-08-13,5,1,28.0,36.0,1,175.0,194.076923077,87.0,1.62069587164,335.0,81.9469448799,184.0
2016-08-14,6,1,27.0,36.0,1,175.0,201.538461538,87.0,1.45700071073,335.0,76.0623381835,162.0
2016-08-15,0,0,27.0,36.0,1,175.0,200.230769231,87.0,1.21098959723,335.0,76.5829403037,203.0
2016-08-16,1,0,27.0,36.0,1,175.0,202.692307692,87.0,0.969279661017,335.0,76.1166964554,233.0
2016-08-17,2,0,27.0,35.0,1,176.0,208.384615385,87.0,1.03981916188,335.0,75.3999984305,211.0
2016-08-18,3,0,27.0,36.0,1,176.0,211.307692308,87.0,1.11455641688,335.0,74.7049422888,193.0
2016-08-19,4,0,29.0,37.0,1,176.0,210.846153846,87.0,1.0978972768,335.0,74.7980318065,215.0
2016-08-20,5,1,27.0,36.0,0,176.0,218.769230769,87.0,1.05164797825,335.0,69.1499528296,111.0
2016-08-21,6,1,27.0,33.0,0,176.0,218.923076923,87.0,0.876393110436,335.0,68.9073642804,149.0
2016-08-22,0,0,27.0,34.0,1,176.0,221.769230769,87.0,0.8082354943,335.0,65.0906513979,191.0
2016-08-23,1,0,25.0,34.0,1,176.0,211.615384615,87.0,0.763500931099,335.0,58.4656881118,214.0
2016-08-24,2,0,24.0,34.0,1,176.0,207.846153846,87.0,0.924951999332,335.0,56.5805703996,185.0
2016-08-25,3,0,25.0,34.0,1,178.0,198.923076923,87.0,0.982105701207,335.0,49.9437553476,211.0
2016-08-26,4,0,23.0,29.0,1,179.0,189.384615385,87.0,1.01236411916,335.0,31.468026414,220.0
2016-08-27,5,1,20.0,29.0,1,179.0,192.153846154,87.0,0.995555555556,335.0,32.4412988307,150.0
2016-08-28,6,1,19.0,30.0,1,179.0,191.230769231,87.0,0.929748759802,335.0,33.4414617047,129.0
2016-08-29,0,0,20.0,31.0,1,178.0,185.538461538,87.0,0.795282492629,335.0,37.0563300616,190.0
2016-08-30,1,0,21.0,31.0,1,179.0,182.230769231,109.0,0.772016460905,335.0,34.5034086302,181.0
2016-08-31,2,0,22.0,32.0,1,181.0,179.923076923,109.0,0.840053763441,335.0,33.4904384482,193.0
2016-09-01,3,0,22.0,33.0,1,184.0,179.923076923,109.0,0.974093264249,335.0,33.4904384482,195.0
2016-09-02,4,0,22.0,34.0,1,185.0,178.384615385,109.0,1.01971326165,335.0,32.2813079078,185.0
2016-09-03,5,1,23.0,34.0,1,185.0,184.076923077,109.0,1.02660575114,335.0,25.7636044375,157.0
2016-09-04,6,1,22.0,33.0,1,184.0,184.692307692,109.0,0.963401506997,335.0,25.0027217453,131.0
2016-09-05,0,0,24.0,33.0,1,181.0,180.076923077,109.0,0.865349432858,335.0,28.679828179,129.0
2016-09-06,1,0,22.0,26.0,0,179.0,173.538461538,111.0,0.785310734463,335.0,29.8653784239,178.0
2016-09-07,2,0,20.0,26.0,1,179.0,173.0,111.0,0.832620473339,335.0,29.7166102218,213.0
2016-09-08,3,0,21.0,30.0,1,181.0,173.153846154,111.0,0.982893866364,335.0,29.9174406398,183.0
2016-09-09,4,0,23.0,32.0,1,181.0,170.307692308,111.0,1.09489747258,335.0,26.9369195183,194.0
2016-09-10,5,1,21.0,30.0,1,181.0,173.692307692,111.0,1.09931060183,335.0,26.9369195183,143.0
2016-09-11,6,1,20.0,28.0,1,179.0,174.769230769,111.0,0.970511384845,233.0,25.362461195,109.0
2016-09-12,0,0,20.0,30.0,1,179.0,168.538461538,109.0,0.851957975167,233.0,30.3203800073,169.0
2016-09-13,1,0,21.0,30.0,1,178.0,167.615384615,109.0,0.814707305273,233.0,30.108875414,223.0
2016-09-14,2,0,22.0,28.0,1,179.0,169.923076923,109.0,0.958943439564,233.0,32.9789245952,210.0
2016-09-15,3,1,21.0,23.0,0,181.0,171.076923077,109.0,1.15259429447,223.0,34.0801352888,55.0
2016-09-16,4,1,21.0,23.0,0,179.0,161.076923077,55.0,0.980805949151,223.0,45.6398300045,66.0
2016-09-17,5,1,21.0,27.0,1,179.0,154.076923077,55.0,0.682544592226,223.0,52.2309391637,130.0
2016-09-18,6,0,20.0,28.0,1,178.0,154.0,55.0,0.517419088848,223.0,52.2655939189,175.0
2016-09-19,0,0,17.0,26.0,1,178.0,157.538461538,55.0,0.768354561458,223.0,52.0097851513,160.0
2016-09-20,1,0,18.0,26.0,1,176.0,156.153846154,55.0,0.969355847405,223.0,51.6852101354,210.0
2016-09-21,2,0,17.0,24.0,1,178.0,155.923076923,55.0,1.13011923276,223.0,51.4369839086,249.0
2016-09-22,3,0,19.0,27.0,1,179.0,161.0,55.0,1.26236361782,249.0,56.8330889535,165.0
2016-09-23,4,0,19.0,28.0,1,179.0,158.769230769,55.0,1.28039396737,249.0,56.0578737297,200.0
2016-09-24,5,1,21.0,29.0,1,181.0,163.153846154,55.0,1.24341838801,249.0,56.8761761046,127.0
2016-09-25,6,1,21.0,28.0,1,181.0,164.538461538,55.0,0.997566909976,249.0,55.7489087642,126.0
2016-09-26,0,0,23.0,30.0,1,181.0,161.230769231,55.0,0.919330289193,249.0,56.6543553165,177.0
2016-09-27,1,0,23.0,30.0,0,179.0,157.692307692,55.0,0.872919204222,249.0,54.063188977,206.0
2016-09-28,2,0,19.0,23.0,0,181.0,157.384615385,55.0,1.03549994914,249.0,53.7752280137,173.0
2016-09-29,3,0,17.0,19.0,0,181.0,166.461538462,55.0,1.13457810428,249.0,44.9642856304,149.0
2016-09-30,4,0,18.0,21.0,0,181.0,172.846153846,55.0,1.09248913718,249.0,35.0446882924,299.0
2016-10-01,5,1,20.0,24.0,0,183.0,185.846153846,55.0,1.22557726465,299.0,46.2831521994,112.0
2016-10-02,6,1,20.0,24.0,0,183.0,181.0,55.0,1.10420979986,299.0,50.2899286446,152.0
2016-10-03,0,1,18.0,26.0,1,183.0,180.384615385,55.0,1.11573523583,299.0,50.5911796227,78.0
2016-10-04,1,1,20.0,25.0,1,181.0,170.230769231,55.0,0.708294501398,299.0,56.5265816928,76.0
2016-10-05,2,1,20.0,26.0,1,181.0,156.923076923,55.0,0.661264181524,299.0,56.7795487809,83.0
2016-10-06,3,1,19.0,25.0,1,181.0,150.615384615,55.0,0.507548988114,299.0,59.995561966,52.0
2016-10-07,4,1,17.0,20.0,0,181.0,139.230769231,52.0,0.453909863397,299.0,63.4848908083,84.0
2016-10-08,5,0,14.0,22.0,1,178.0,135.923076923,52.0,0.478218146086,299.0,65.134726102,160.0
2016-10-09,6,0,13.0,21.0,1,177.0,138.538461538,52.0,0.649550142638,299.0,65.3659701922,154.0
2016-10-10,0,0,16.0,21.0,1,175.0,136.769230769,52.0,0.875109938434,299.0,64.6078750215,172.0
2016-10-11,1,0,16.0,20.0,1,173.0,134.153846154,52.0,1.08216432866,299.0,62.4029660955,150.0
2016-10-12,2,0,16.0,19.0,1,172.0,132.384615385,52.0,1.0961427749,299.0,61.5973756453,183.0
2016-10-13,3,0,17.0,20.0,1,173.0,135.0,52.0,1.15573864287,299.0,62.9541958032,162.0
2016-10-14,4,0,16.0,18.0,1,172.0,124.461538462,52.0,1.14782608696,299.0,42.8873576219,191.0
2016-10-15,5,1,18.0,21.0,0,172.0,130.538461538,52.0,1.21583304979,299.0,46.1629478205,169.0
2016-10-16,6,1,17.0,23.0,1,169.0,131.846153846,52.0,1.16700201207,299.0,46.985834451,167.0
2016-10-17,0,0,18.0,22.0,1,169.0,138.692307692,52.0,1.1821444594,299.0,45.0868983449,177.0
2016-10-18,1,0,18.0,23.0,1,169.0,146.461538462,52.0,1.1620795107,299.0,42.2257948591,185.0
2016-10-19,2,0,19.0,22.0,1,169.0,154.307692308,52.0,1.19345741681,299.0,39.0628381642,182.0
2016-10-20,3,0,19.0,21.0,0,172.0,164.307692308,52.0,1.21374386435,299.0,26.0720440183,165.0
2016-10-21,4,0,19.0,21.0,0,169.0,170.538461538,52.0,1.24270030367,299.0,12.0359422284,107.0
2016-10-22,5,1,18.0,21.0,0,169.0,166.461538462,52.0,1.06236106236,299.0,20.7424328542,143.0
2016-10-23,6,1,15.0,18.0,1,167.0,165.615384615,52.0,0.974178403756,299.0,21.4459551917,116.0
2016-10-24,0,0,16.0,20.0,1,165.0,161.307692308,52.0,0.847810979847,299.0,25.051898793,158.0
2016-10-25,1,0,14.0,17.0,1,165.0,161.923076923,52.0,0.939189189189,299.0,24.8641278164,171.0
2016-10-26,2,0,16.0,18.0,0,165.0,161.0,52.0,0.973315835521,299.0,24.2804131254,168.0
2016-10-27,3,0,15.0,17.0,0,167.0,161.461538462,52.0,1.04719764012,299.0,24.351955804,162.0
2016-10-28,4,0,11.0,15.0,0,165.0,159.230769231,52.0,1.03022825416,299.0,22.8242578316,178.0
2016-10-29,5,1,8.0,12.0,0,165.0,159.923076923,52.0,1.03885480573,299.0,23.24273762,133.0
2016-10-30,6,1,10.0,17.0,1,165.0,157.307692308,52.0,0.973551507667,191.0,24.1927662914,144.0
2016-10-31,0,0,10.0,15.0,0,162.0,154.769230769,52.0,0.944669365722,191.0,23.7200137701,155.0
