time_stamp,dayofweek,holiday,lt,ht,sunny,m2M,w2A,m1L,d3w3,m1Lar,w2Std,pay_sum
2016-08-01,0,0,27.0,36.0,1,323.0,354.307692308,273.0,1.16588530568,441.0,43.5755482165,333.0
2016-08-02,1,0,27.0,35.0,1,326.0,355.923076923,273.0,1.1339031339,441.0,42.3492103976,332.0
2016-08-03,2,0,25.0,33.0,0,326.0,356.923076923,273.0,1.02877731949,441.0,41.6126118798,316.0
2016-08-04,3,0,26.0,34.0,0,326.0,360.230769231,273.0,0.931093394077,441.0,36.1623557907,339.0
2016-08-05,4,0,25.0,34.0,0,331.0,360.153846154,273.0,0.93839132915,441.0,36.2063448622,393.0
2016-08-06,5,1,27.0,35.0,0,332.0,360.461538462,273.0,0.994401745896,441.0,36.466244422,376.0
2016-08-07,6,1,25.0,35.0,1,333.0,361.307692308,273.0,1.05343221145,441.0,36.6886790659,397.0
2016-08-08,0,0,26.0,35.0,1,333.0,363.692307692,273.0,1.09607068998,441.0,37.9034900268,333.0
2016-08-09,1,0,26.0,31.0,0,333.0,364.615384615,273.0,1.03659965322,441.0,36.9876038726,371.0
2016-08-10,2,0,26.0,36.0,1,337.0,366.384615385,273.0,1.02442428472,441.0,36.6994832526,365.0
2016-08-11,3,0,27.0,35.0,1,339.0,368.153846154,273.0,0.982040328878,441.0,36.0295736516,376.0
2016-08-12,4,0,27.0,36.0,1,340.0,368.615384615,273.0,1.01649984003,441.0,36.0886482504,412.0
2016-08-13,5,1,27.0,36.0,1,342.0,366.384615385,273.0,1.05066520868,441.0,32.2360010441,397.0
2016-08-14,6,1,28.0,36.0,1,348.0,364.615384615,273.0,1.07512248231,441.0,29.7826445629,439.0
2016-08-15,0,0,28.0,37.0,1,351.0,372.769230769,273.0,1.12114270314,441.0,34.1943626621,390.0
2016-08-16,1,0,28.0,38.0,1,352.0,377.230769231,273.0,1.09123275478,441.0,32.3161161179,346.0
2016-08-17,2,0,28.0,37.0,1,352.0,379.538461538,273.0,1.04611823362,441.0,28.7338326037,386.0
2016-08-18,3,0,29.0,37.0,1,365.0,383.153846154,273.0,0.993096123208,441.0,26.2556840845,372.0
2016-08-19,4,0,28.0,38.0,1,365.0,381.538461538,273.0,0.976904698699,441.0,26.2462169717,405.0
2016-08-20,5,1,29.0,38.0,0,366.0,383.769230769,316.0,1.03405352538,441.0,26.9048289808,441.0
2016-08-21,6,1,28.0,36.0,0,370.0,387.153846154,316.0,1.07993084187,441.0,30.8366568921,443.0
2016-08-22,0,0,28.0,37.0,1,371.0,395.615384615,316.0,1.12640363525,443.0,29.893499323,384.0
2016-08-23,1,0,28.0,37.0,1,371.0,396.615384615,316.0,1.10055114351,443.0,29.2641509794,369.0
2016-08-24,2,0,27.0,36.0,1,370.0,396.923076923,316.0,1.03094560814,443.0,28.9494560556,387.0
2016-08-25,3,0,28.0,37.0,1,370.0,397.769230769,316.0,0.976612695965,443.0,28.4825286425,336.0
2016-08-26,4,0,26.0,36.0,1,369.0,391.923076923,316.0,0.942394822006,443.0,32.4806724506,425.0
2016-08-27,5,1,24.0,29.0,1,369.0,394.076923077,316.0,0.984478175114,443.0,33.6531208713,460.0
2016-08-28,6,1,22.0,32.0,1,369.0,395.692307692,316.0,1.0386627536,460.0,36.1798597084,440.0
2016-08-29,0,0,22.0,32.0,1,369.0,399.538461538,316.0,1.1119503189,460.0,37.9830233021,371.0
2016-08-30,1,0,21.0,32.0,1,370.0,401.461538462,316.0,1.06663309836,460.0,35.7934574697,411.0
2016-08-31,2,0,24.0,32.0,1,370.0,403.384615385,316.0,1.01960784314,460.0,35.5820578415,472.0
2016-09-01,3,0,24.0,32.0,1,370.0,411.076923077,316.0,1.03388572842,472.0,38.6432629982,416.0
2016-09-02,4,0,22.0,31.0,1,371.0,411.923076923,333.0,1.07045735476,472.0,38.6213602486,491.0
2016-09-03,5,1,22.0,34.0,1,371.0,415.769230769,333.0,1.12333007494,491.0,43.5062397756,524.0
2016-09-04,6,1,24.0,35.0,1,372.0,422.0,333.0,1.15370661507,524.0,51.9422756529,488.0
2016-09-05,0,0,24.0,32.0,0,376.0,430.0,333.0,1.19756185013,524.0,53.4602656185,462.0
2016-09-06,1,0,24.0,29.0,0,376.0,437.153846154,333.0,1.15839522182,524.0,50.9839283181,402.0
2016-09-07,2,0,23.0,29.0,1,376.0,438.307692308,336.0,1.06051692356,524.0,49.9959761694,432.0
2016-09-08,3,0,22.0,31.0,1,376.0,445.692307692,336.0,1.0094637224,524.0,40.5337174278,488.0
2016-09-09,4,0,25.0,32.0,1,379.0,450.538461538,336.0,1.01982565764,524.0,41.5240715816,520.0
2016-09-10,5,1,21.0,30.0,0,384.0,455.153846154,336.0,1.10079119367,524.0,45.4665492488,691.0
2016-09-11,6,1,21.0,25.0,0,386.0,474.461538462,336.0,1.26286839856,691.0,77.1717518911,589.0
2016-09-12,0,0,20.0,27.0,1,387.0,491.230769231,336.0,1.30804447351,691.0,76.5507914305,469.0
2016-09-13,1,0,21.0,27.0,0,389.0,495.692307692,336.0,1.25727841277,691.0,73.3688097799,425.0
2016-09-14,2,0,22.0,25.0,0,390.0,492.076923077,336.0,1.06171248568,691.0,75.5721372531,577.0
2016-09-15,3,1,24.0,26.0,0,390.0,504.461538462,336.0,1.02655361318,691.0,75.2816408149,575.0
2016-09-16,4,1,23.0,27.0,0,393.0,510.923076923,336.0,1.08351368992,691.0,77.4233730744,504.0
2016-09-17,5,1,22.0,28.0,1,397.0,509.384615385,336.0,1.13265620191,691.0,77.3469093028,522.0
2016-09-18,6,0,21.0,26.0,1,397.0,512.0,336.0,1.08590226201,691.0,77.1541912716,454.0
2016-09-19,0,0,19.0,27.0,1,402.0,511.384615385,336.0,0.995426419155,691.0,77.5812610816,423.0
2016-09-20,1,0,19.0,28.0,1,405.0,513.0,336.0,0.939809216714,691.0,75.4769450281,384.0
2016-09-21,2,0,20.0,27.0,1,405.0,509.307692308,336.0,0.854683475668,691.0,80.3649221368,371.0
2016-09-22,3,0,20.0,29.0,1,405.0,500.307692308,336.0,0.802097164062,691.0,88.3971672148,782.0
2016-09-23,4,0,21.0,31.0,1,411.0,520.461538462,336.0,1.01633273821,782.0,116.111760078,980.0
2016-09-24,5,1,22.0,31.0,1,412.0,542.692307692,371.0,1.3494021636,980.0,164.301029827,1112.0
2016-09-25,6,1,23.0,33.0,1,416.0,582.923076923,371.0,1.71653825479,1112.0,223.926313958,1187.0
2016-09-26,0,0,24.0,32.0,1,420.0,638.153846154,371.0,1.83898376378,1187.0,272.330920348,408.0
2016-09-27,1,0,24.0,31.0,0,420.0,636.846153846,371.0,1.51741921018,1187.0,273.39006964,382.0
2016-09-28,2,0,24.0,26.0,0,416.0,621.846153846,371.0,1.11289369248,1187.0,281.491589205,328.0
2016-09-29,3,0,23.0,27.0,0,412.0,602.846153846,328.0,0.637963993267,1187.0,292.146656046,383.0
2016-09-30,4,0,23.0,26.0,0,412.0,593.538461538,328.0,0.631098793233,1187.0,297.034215948,503.0
2016-10-01,5,1,22.0,30.0,0,416.0,592.076923077,328.0,0.712566766449,1187.0,297.429102486,550.0
2016-10-02,6,1,23.0,32.0,1,423.0,599.461538462,328.0,0.845775539653,1187.0,295.091801983,545.0
2016-10-03,0,1,23.0,29.0,1,425.0,608.846153846,328.0,0.934912973526,1187.0,291.245560192,508.0
2016-10-04,1,1,21.0,29.0,1,425.0,618.384615385,328.0,0.931056513911,1187.0,285.703326079,496.0
2016-10-05,2,1,21.0,28.0,1,432.0,628.0,328.0,0.906086397005,1187.0,279.246238181,429.0
2016-10-06,3,1,23.0,27.0,1,432.0,600.846153846,328.0,0.849109708767,1187.0,280.112572468,444.0
2016-10-07,4,1,21.0,25.0,0,439.0,559.615384615,328.0,0.815536294046,1187.0,259.994537949,468.0
2016-10-08,5,0,17.0,22.0,0,440.0,510.076923077,328.0,0.802729639939,1187.0,205.711695767,417.0
2016-10-09,6,0,17.0,22.0,1,440.0,450.846153846,328.0,0.798198198198,1187.0,65.0181585924,456.0
2016-10-10,0,0,17.0,22.0,1,441.0,454.538461538,328.0,0.803018054433,1187.0,63.8322505715,360.0
2016-10-11,1,0,17.0,19.0,0,441.0,452.846153846,328.0,0.739940588712,1187.0,65.9881646193,338.0
2016-10-12,2,0,17.0,22.0,1,441.0,453.615384615,328.0,0.694594919947,1187.0,64.5714136102,422.0
2016-10-13,3,0,18.0,24.0,1,441.0,456.615384615,328.0,0.696777404504,1187.0,62.0787817852,447.0
2016-10-14,4,0,19.0,24.0,1,443.0,452.307692308,328.0,0.79020589872,1187.0,60.6368567982,490.0
2016-10-15,5,1,20.0,24.0,1,444.0,447.692307692,328.0,0.94759962347,1187.0,55.0515627046,641.0
2016-10-16,6,1,20.0,26.0,1,447.0,455.076923077,328.0,1.16694398225,1187.0,71.5697202179,523.0
2016-10-17,0,0,20.0,24.0,1,454.0,456.230769231,328.0,1.20774005111,1187.0,72.5281418551,392.0
2016-10-18,1,0,21.0,24.0,0,454.0,448.230769231,328.0,1.13493800146,1187.0,73.4304001667,346.0
2016-10-19,2,0,20.0,23.0,0,454.0,441.846153846,328.0,0.917958797408,1187.0,78.2735304054,364.0
2016-10-20,3,0,21.0,24.0,1,454.0,435.692307692,328.0,0.803880803881,1187.0,80.9609446351,449.0
2016-10-21,4,0,23.0,27.0,0,454.0,434.230769231,328.0,0.85048614933,1187.0,80.5348981652,473.0
2016-10-22,5,1,19.0,23.0,0,456.0,438.538461538,328.0,0.951746595619,1187.0,80.9944113785,575.0
2016-10-23,6,1,18.0,20.0,0,460.0,447.692307692,328.0,1.10422659881,1187.0,88.7991550682,629.0
2016-10-24,0,0,20.0,25.0,1,462.0,468.384615385,328.0,1.220657277,1187.0,96.9238705706,372.0
2016-10-25,1,0,20.0,26.0,1,462.0,471.0,328.0,1.16288507655,641.0,93.7779701865,390.0
2016-10-26,2,0,20.0,28.0,1,462.0,468.538461538,328.0,1.03082851638,641.0,95.4371443449,401.0
2016-10-27,3,0,21.0,26.0,1,462.0,465.0,328.0,0.866003946536,641.0,97.0099122612,480.0
2016-10-28,4,0,16.0,26.0,0,468.0,464.230769231,338.0,0.945157092396,641.0,96.8481395287,496.0
2016-10-29,5,1,14.0,17.0,1,469.0,453.076923077,338.0,1.01503759398,641.0,83.2415036445,678.0
2016-10-30,6,1,14.0,17.0,1,469.0,465.0,338.0,1.19001367005,678.0,101.501042056,568.0
2016-10-31,0,0,13.0,17.0,0,473.0,478.538461538,338.0,1.22581099149,678.0,102.593008747,514.0
