time_stamp,dayofweek,holiday,lt,ht,sunny,m2M,w2A,m1L,d3w3,m1Lar,w2Std,pay_sum
2016-08-01,0,0,27.0,37.0,1,76.0,82.3846153846,54.0,1.01863354037,119.0,17.613537021,94.0
2016-08-02,1,0,27.0,35.0,0,77.0,82.6923076923,54.0,1.0880195599,119.0,17.7780530879,82.0
2016-08-03,2,0,26.0,32.0,0,77.0,81.9230769231,54.0,1.06990881459,119.0,17.573850935,79.0
2016-08-04,3,0,27.0,33.0,0,77.0,82.7692307692,54.0,1.0384850336,119.0,17.1426317258,62.0
2016-08-05,4,0,26.0,33.0,0,76.0,83.3846153846,54.0,0.907057148668,119.0,16.2174571731,94.0
2016-08-06,5,1,26.0,34.0,0,76.0,82.6923076923,54.0,0.950647249191,119.0,15.5434112452,79.0
2016-08-07,6,1,27.0,35.0,1,76.0,79.6153846154,54.0,0.958792329661,119.0,11.479335692,88.0
2016-08-08,0,0,26.0,34.0,0,76.0,79.3846153846,54.0,1.05518496058,119.0,11.2765137926,88.0
2016-08-09,1,0,26.0,30.0,0,77.0,81.6923076923,54.0,1.0321797207,119.0,9.61076812254,68.0
2016-08-10,2,0,27.0,35.0,0,76.0,81.9230769231,54.0,1.0022591908,119.0,9.23589601219,61.0
2016-08-11,3,0,27.0,36.0,1,75.0,80.0769230769,54.0,0.895214521452,119.0,10.7163537029,85.0
2016-08-12,4,0,27.0,36.0,1,75.0,81.0,54.0,0.86622141267,119.0,10.5830052443,79.0
2016-08-13,5,1,27.0,35.0,1,76.0,80.5384615385,54.0,0.924214417745,119.0,10.5291930045,87.0
2016-08-14,6,1,28.0,35.0,1,77.0,80.4615384615,54.0,1.05174942384,119.0,10.4779283376,101.0
2016-08-15,0,0,27.0,36.0,1,77.0,81.0,54.0,1.1118051218,119.0,11.3069073511,49.0
2016-08-16,1,0,26.0,36.0,1,76.0,78.4615384615,49.0,0.992462311558,119.0,14.1454824787,80.0
2016-08-17,2,0,28.0,37.0,1,77.0,78.5384615385,49.0,0.954158888197,119.0,14.1509194298,86.0
2016-08-18,3,0,28.0,37.0,1,78.0,80.3846153846,49.0,0.891376451078,119.0,13.4194947832,83.0
2016-08-19,4,0,28.0,38.0,1,79.0,79.5384615385,49.0,1.02595797281,119.0,12.8698537713,98.0
2016-08-20,5,1,27.0,37.0,0,79.0,81.0,49.0,1.09135499693,119.0,13.7728830567,93.0
2016-08-21,6,1,27.0,35.0,0,79.0,81.3846153846,49.0,1.11654441728,119.0,14.0303981058,96.0
2016-08-22,0,0,27.0,36.0,1,79.0,82.0,49.0,1.16809116809,119.0,14.475443397,105.0
2016-08-23,1,0,27.0,35.0,0,80.0,84.8461538462,49.0,1.18001204094,105.0,15.0682863803,97.0
2016-08-24,2,0,27.0,35.0,1,80.0,87.6153846154,49.0,1.18324399444,105.0,13.6750106823,119.0
2016-08-25,3,0,26.0,35.0,1,82.0,90.2307692308,49.0,1.23271889401,119.0,15.9814981783,65.0
2016-08-26,4,0,25.0,34.0,0,82.0,89.1538461538,49.0,1.09744190588,119.0,17.1322734306,84.0
2016-08-27,5,1,23.0,31.0,1,83.0,88.9230769231,49.0,1.04361370717,119.0,17.1798698771,181.0
2016-08-28,6,1,21.0,31.0,1,84.0,95.0769230769,49.0,1.2188365651,181.0,29.9703995981,67.0
2016-08-29,0,0,21.0,32.0,1,84.0,96.4615384615,49.0,1.24065769806,181.0,28.1714950987,91.0
2016-08-30,1,0,21.0,32.0,1,85.0,97.3076923077,49.0,1.25069175429,181.0,27.8274480308,59.0
2016-08-31,2,0,21.0,33.0,1,85.0,95.2307692308,49.0,0.801477377655,181.0,29.5482756132,88.0
2016-09-01,3,0,23.0,33.0,0,85.0,95.6153846154,49.0,0.877581120944,181.0,29.4188282503,62.0
2016-09-02,4,0,22.0,34.0,1,85.0,92.8461538462,49.0,0.777963893542,181.0,30.7292047354,57.0
2016-09-03,5,1,23.0,35.0,1,85.0,90.0769230769,49.0,0.783645655877,181.0,32.1784962561,72.0
2016-09-04,6,1,24.0,32.0,1,85.0,88.2307692308,49.0,0.735180908391,181.0,32.4728379896,52.0
2016-09-05,0,0,24.0,30.0,0,85.0,84.1538461538,49.0,0.695485110471,181.0,33.4246480997,59.0
2016-09-06,1,0,23.0,28.0,0,85.0,81.2307692308,49.0,0.71178529755,181.0,33.8325147344,54.0
2016-09-07,2,0,21.0,27.0,0,85.0,76.2307692308,49.0,0.653983353151,181.0,32.6641507706,93.0
2016-09-08,3,0,22.0,30.0,1,85.0,78.3846153846,49.0,0.811662726556,181.0,32.775550131,98.0
2016-09-09,4,0,22.0,29.0,1,85.0,79.4615384615,49.0,0.965327029157,181.0,33.1699942826,133.0
2016-09-10,5,1,22.0,28.0,0,85.0,75.7692307692,49.0,1.24711316397,181.0,22.672090081,140.0
2016-09-11,6,1,21.0,25.0,0,85.0,81.3846153846,49.0,1.39264264264,181.0,28.1767456262,97.0
2016-09-12,0,0,21.0,27.0,1,85.0,81.8461538462,49.0,1.395173454,181.0,28.378882056,99.0
2016-09-13,1,0,21.0,28.0,0,85.0,84.9230769231,49.0,1.26553672316,181.0,27.8994390306,101.0
2016-09-14,2,0,21.0,25.0,0,86.0,85.9230769231,52.0,1.1301369863,181.0,28.2229081489,94.0
2016-09-15,3,1,22.0,25.0,0,86.0,88.3846153846,52.0,1.10050533408,181.0,27.4129067343,121.0
2016-09-16,4,1,23.0,27.0,0,87.0,93.3076923077,52.0,1.15878254492,181.0,27.0793268164,112.0
2016-09-17,5,1,22.0,27.0,1,87.0,96.3846153846,52.0,1.24642652945,181.0,26.7539744324,143.0
2016-09-18,6,0,22.0,26.0,0,87.0,103.384615385,52.0,1.37351598174,181.0,26.1226057763,150.0
2016-09-19,0,0,20.0,27.0,1,88.0,110.384615385,52.0,1.43312101911,181.0,25.4755945399,129.0
2016-09-20,1,0,19.0,26.0,1,88.0,116.153846154,52.0,1.43978164449,181.0,19.9454878408,116.0
2016-09-21,2,0,19.0,26.0,1,88.0,117.923076923,52.0,1.32862428523,181.0,18.8004154556,101.0
2016-09-22,3,0,20.0,27.0,1,88.0,118.153846154,52.0,1.14134916708,181.0,18.5714675856,97.0
2016-09-23,4,0,20.0,29.0,1,88.0,115.384615385,52.0,1.01568817726,181.0,18.8334336979,102.0
2016-09-24,5,1,21.0,30.0,1,88.0,112.461538462,52.0,0.956480153037,181.0,17.7010012086,107.0
2016-09-25,6,1,21.0,30.0,1,88.0,113.230769231,52.0,0.950605778192,181.0,17.2232126287,129.0
2016-09-26,0,0,24.0,31.0,1,91.0,115.538461538,52.0,1.01684717208,150.0,17.1716017111,118.0
2016-09-27,1,0,23.0,28.0,0,93.0,116.846153846,52.0,1.0350877193,150.0,16.654157041,97.0
2016-09-28,2,0,22.0,28.0,0,93.0,117.076923077,52.0,1.00408639813,150.0,16.3540704811,62.0
2016-09-29,3,0,22.0,25.0,0,93.0,112.538461538,52.0,0.821470937129,150.0,21.8864741674,80.0
2016-09-30,4,0,22.0,29.0,0,93.0,110.076923077,52.0,0.725892179195,150.0,23.5452478905,90.0
2016-10-01,5,1,23.0,30.0,0,93.0,106.0,52.0,0.721056721057,150.0,22.0314460575,127.0
2016-10-02,6,1,22.0,30.0,1,93.0,104.230769231,52.0,0.910344827586,150.0,19.1638836844,75.0
2016-10-03,0,1,21.0,27.0,0,93.0,100.076923077,52.0,0.905005423834,150.0,19.1972014726,110.0
2016-10-04,1,1,20.0,27.0,1,93.0,99.6153846154,54.0,0.962962962963,150.0,18.8783085192,107.0
2016-10-05,2,1,21.0,27.0,1,94.0,100.076923077,54.0,0.895842920693,150.0,18.9795904084,91.0
2016-10-06,3,1,22.0,27.0,0,94.0,99.6153846154,62.0,0.958158344999,150.0,19.1212264715,87.0
2016-10-07,4,1,20.0,23.0,0,94.0,98.4615384615,62.0,0.897072710104,150.0,19.3931605097,93.0
2016-10-08,5,0,17.0,22.0,0,94.0,97.3846153846,62.0,0.873629916183,150.0,19.277481728,99.0
2016-10-09,6,0,16.0,22.0,1,96.0,95.0769230769,62.0,0.922161626177,150.0,17.0179160726,124.0
2016-10-10,0,0,15.0,21.0,1,97.0,95.5384615385,62.0,1.04705102717,150.0,17.7010012086,144.0
2016-10-11,1,0,17.0,23.0,1,97.0,99.1538461538,62.0,1.19934640523,150.0,21.925910748,120.0
2016-10-12,2,0,18.0,25.0,1,97.0,103.615384615,62.0,1.25627327181,150.0,19.6998182793,98.0
2016-10-13,3,0,18.0,23.0,1,97.0,105.0,62.0,1.1715210356,150.0,18.5928025777,105.0
2016-10-14,4,0,19.0,22.0,0,97.0,106.153846154,62.0,1.04378736468,150.0,18.0846137487,101.0
2016-10-15,5,1,20.0,23.0,0,98.0,104.153846154,62.0,0.985253605574,150.0,17.0783090221,121.0
2016-10-16,6,1,20.0,26.0,0,98.0,107.692307692,62.0,1.06393362616,150.0,15.3491899831,135.0
2016-10-17,0,0,20.0,24.0,0,98.0,109.615384615,62.0,1.15198451113,150.0,16.9956485903,157.0
2016-10-18,1,0,20.0,24.0,0,99.0,113.461538462,62.0,1.29507682659,157.0,21.1245951609,108.0
2016-10-19,2,0,20.0,24.0,0,99.0,114.769230769,62.0,1.2277470841,157.0,20.1995957543,117.0
2016-10-20,3,0,21.0,25.0,0,101.0,117.076923077,62.0,1.15285951411,157.0,18.5408552556,121.0
2016-10-21,4,0,21.0,25.0,0,101.0,119.230769231,62.0,1.02976190476,157.0,17.1963942829,106.0
2016-10-22,5,1,20.0,23.0,0,101.0,119.769230769,62.0,1.03349857293,157.0,16.6555781654,98.0
2016-10-23,6,1,17.0,23.0,0,101.0,117.769230769,62.0,0.966399048469,157.0,17.563746955,151.0
2016-10-24,0,0,19.0,24.0,1,101.0,118.307692308,62.0,1.03664768579,157.0,18.4448642649,119.0
2016-10-25,1,0,19.0,23.0,1,101.0,118.230769231,62.0,1.06899055919,157.0,18.4397307095,112.0
2016-10-26,2,0,19.0,24.0,0,101.0,119.307692308,62.0,1.09959700633,157.0,17.617232016,115.0
2016-10-27,3,0,18.0,24.0,0,102.0,120.076923077,62.0,0.984072810011,157.0,17.1888225688,88.0
2016-10-28,4,0,15.0,19.0,0,102.0,119.076923077,75.0,0.897819581018,157.0,18.5905746941,91.0
2016-10-29,5,1,12.0,15.0,0,102.0,116.769230769,75.0,0.840840840841,157.0,20.0159699554,94.0
2016-10-30,6,1,14.0,18.0,1,102.0,113.615384615,75.0,0.790960451977,157.0,20.12475881,158.0
2016-10-31,0,0,12.0,17.0,0,105.0,113.692307692,75.0,0.987760979122,158.0,20.2916603384,132.0
