time_stamp,dayofweek,holiday,lt,ht,sunny,m2M,w2A,m1L,d3w3,m1Lar,w2Std,pay_sum
2016-08-01,0,0,25.0,35.0,0,66.0,69.6923076923,21.0,0.775988286969,109.0,24.3449082194,76.0
2016-08-02,1,0,25.0,29.0,0,66.0,69.4615384615,24.0,0.759245652706,109.0,24.2696879147,21.0
2016-08-03,2,0,25.0,31.0,0,66.0,65.5384615385,21.0,0.696517412935,109.0,27.455181337,85.0
2016-08-04,3,0,26.0,32.0,1,67.0,65.8461538462,21.0,0.943494038362,109.0,27.6484695747,101.0
2016-08-05,4,0,26.0,34.0,1,67.0,68.6153846154,21.0,1.04466313399,109.0,29.185187132,87.0
2016-08-06,5,1,27.0,35.0,1,68.0,72.0769230769,21.0,1.31597975416,109.0,28.4833596183,28.0
2016-08-07,6,1,27.0,36.0,1,68.0,72.3076923077,21.0,1.04046242775,109.0,28.1107278054,33.0
2016-08-08,0,0,27.0,35.0,0,68.0,67.4615384615,21.0,0.737970580903,109.0,29.0241686679,96.0
2016-08-09,1,0,25.0,34.0,0,68.0,67.6923076923,21.0,0.773018217627,109.0,29.2374486296,67.0
2016-08-10,2,0,26.0,31.0,0,68.0,65.1538461538,21.0,0.968618729923,109.0,27.7151615098,89.0
2016-08-11,3,0,26.0,32.0,0,68.0,64.7692307692,21.0,1.23802505527,109.0,27.3443957024,106.0
2016-08-12,4,0,26.0,30.0,0,71.0,66.7692307692,21.0,1.24940391035,106.0,29.2683968344,83.0
2016-08-13,5,1,25.0,32.0,0,71.0,69.8461538462,21.0,1.28793143387,106.0,28.7049879178,35.0
2016-08-14,6,1,26.0,32.0,0,71.0,69.7692307692,21.0,1.0305958132,106.0,28.796778255,26.0
2016-08-15,0,0,25.0,31.0,0,71.0,65.9230769231,21.0,0.696156635243,106.0,30.9651455137,85.0
2016-08-16,1,0,25.0,31.0,0,72.0,70.8461538462,21.0,0.709944079747,106.0,28.4140976761,85.0
2016-08-17,2,0,25.0,31.0,0,72.0,70.8461538462,21.0,0.963618485742,106.0,28.4140976761,80.0
2016-08-18,3,0,25.0,30.0,0,72.0,69.2307692308,21.0,1.24192747144,106.0,27.2259882809,76.0
2016-08-19,4,0,26.0,32.0,0,72.0,68.3846153846,21.0,1.20079720977,106.0,26.8286255319,82.0
2016-08-20,5,1,26.0,34.0,1,74.0,72.5384615385,21.0,1.15226337449,106.0,24.3171841254,38.0
2016-08-21,6,1,27.0,35.0,0,74.0,72.9230769231,21.0,0.947546531303,106.0,23.7210115832,23.0
2016-08-22,0,0,27.0,35.0,1,72.0,67.3076923077,21.0,0.718954248366,106.0,26.1133170134,103.0
2016-08-23,1,0,27.0,35.0,1,74.0,70.0769230769,21.0,0.776515151515,106.0,27.7889339859,89.0
2016-08-24,2,0,28.0,36.0,1,74.0,70.0769230769,21.0,1.01510859301,106.0,27.7889339859,96.0
2016-08-25,3,0,27.0,36.0,1,75.0,69.3076923077,21.0,1.36460554371,106.0,26.9083476192,86.0
2016-08-26,4,0,25.0,35.0,0,76.0,69.5384615385,21.0,1.28496917971,106.0,27.0373399483,75.0
2016-08-27,5,1,24.0,32.0,0,75.0,72.6153846154,21.0,1.1791695343,106.0,25.1412577298,52.0
2016-08-28,6,1,26.0,33.0,1,75.0,74.6153846154,21.0,0.964673913043,106.0,22.2175899182,39.0
2016-08-29,0,0,26.0,33.0,1,75.0,71.0769230769,21.0,0.782096584217,106.0,23.8826024173,100.0
2016-08-30,1,0,25.0,32.0,1,76.0,72.2307692308,21.0,0.879373848987,106.0,24.8693628206,97.0
2016-08-31,2,0,25.0,33.0,0,76.0,73.5384615385,21.0,1.08058608059,106.0,25.6773332686,101.0
2016-09-01,3,0,25.0,32.0,0,78.0,75.4615384615,23.0,1.36917068688,106.0,26.7052728433,100.0
2016-09-02,4,0,25.0,31.0,0,79.0,76.8461538462,23.0,1.35331516803,106.0,27.4642317145,91.0
2016-09-03,5,1,25.0,31.0,0,80.0,80.9230769231,23.0,1.27734033246,106.0,25.2387417048,61.0
2016-09-04,6,1,26.0,31.0,0,80.0,83.8461538462,23.0,1.07761385504,106.0,20.0224725817,44.0
2016-09-05,0,0,26.0,32.0,0,80.0,79.3076923077,23.0,0.860781730347,106.0,21.7764326223,92.0
2016-09-06,1,0,26.0,33.0,0,80.0,79.5384615385,23.0,0.861202185792,106.0,21.8935023189,97.0
2016-09-07,2,0,25.0,31.0,0,80.0,79.6153846154,23.0,1.00734976221,106.0,21.9528812251,93.0
2016-09-08,3,0,26.0,32.0,0,80.0,80.1538461538,23.0,1.20590121873,106.0,22.187474477,95.0
2016-09-09,4,0,26.0,32.0,0,81.0,81.6923076923,23.0,1.20865139949,106.0,22.4683867326,89.0
2016-09-10,5,1,25.0,30.0,0,81.0,84.5384615385,23.0,1.13781063873,103.0,20.8090785831,59.0
2016-09-11,6,1,25.0,30.0,0,80.0,86.0769230769,23.0,0.976491862568,103.0,17.9248926119,34.0
2016-09-12,0,0,24.0,33.0,1,80.0,81.0,23.0,0.763102725367,103.0,22.1185616447,95.0
2016-09-13,1,0,26.0,35.0,1,81.0,80.8461538462,23.0,0.78529657477,103.0,22.0134439826,105.0
2016-09-14,2,0,26.0,35.0,1,82.0,81.1538461538,23.0,0.971962616822,105.0,22.3188301108,73.0
2016-09-15,3,1,25.0,34.0,1,82.0,79.0769230769,23.0,1.1432160804,105.0,21.7165712638,18.0
2016-09-16,4,1,25.0,34.0,1,82.0,73.4615384615,18.0,0.85124864278,105.0,26.7599453392,43.0
2016-09-17,5,1,25.0,34.0,1,82.0,72.0769230769,18.0,0.585408475317,105.0,27.8138358997,27.0
2016-09-18,6,0,25.0,33.0,1,82.0,70.7692307692,18.0,0.387494495817,105.0,29.4544076528,89.0
2016-09-19,0,0,23.0,32.0,1,83.0,70.5384615385,18.0,0.705256154358,105.0,29.2985045158,105.0
2016-09-20,1,0,24.0,31.0,1,85.0,71.1538461538,18.0,0.975071696448,105.0,29.9251531809,107.0
2016-09-21,2,0,24.0,31.0,1,85.0,72.2307692308,18.0,1.32278620083,107.0,30.9270950317,94.0
2016-09-22,3,0,24.0,32.0,1,85.0,72.1538461538,18.0,1.35009927201,107.0,30.871560609,98.0
2016-09-23,4,0,25.0,32.0,1,85.0,72.8461538462,18.0,1.31313131313,107.0,31.3389562289,107.0
2016-09-24,5,1,25.0,32.0,1,85.0,76.5384615385,18.0,1.27450980392,107.0,32.3029300519,59.0
2016-09-25,6,1,26.0,33.0,1,85.0,78.4615384615,18.0,1.11462951235,107.0,30.4014558979,39.0
2016-09-26,0,0,26.0,34.0,1,85.0,74.1538461538,18.0,0.895587592835,107.0,31.6928678069,93.0
2016-09-27,1,0,27.0,35.0,1,85.0,73.2307692308,18.0,0.83661848445,107.0,30.9469865469,123.0
2016-09-28,2,0,28.0,34.0,1,85.0,77.0769230769,18.0,1.09536082474,123.0,33.6668326592,131.0
2016-09-29,3,0,21.0,28.0,0,86.0,85.7692307692,18.0,1.45675902603,131.0,31.8292411426,103.0
2016-09-30,4,0,20.0,26.0,0,87.0,90.3846153846,18.0,1.48564294632,131.0,29.5622900683,116.0
2016-10-01,5,1,20.0,28.0,0,89.0,97.2307692308,18.0,1.4064697609,131.0,23.8429278215,45.0
2016-10-02,6,1,23.0,31.0,1,89.0,93.8461538462,18.0,1.05389221557,131.0,27.5983448608,45.0
2016-10-03,0,1,24.0,33.0,1,87.0,89.2307692308,18.0,0.847736625514,131.0,30.237912642,45.0
2016-10-04,1,1,24.0,32.0,1,86.0,84.4615384615,18.0,0.576923076923,131.0,31.9027738958,55.0
2016-10-05,2,1,23.0,33.0,1,86.0,81.4615384615,18.0,0.626891482923,131.0,32.68877809,36.0
2016-10-06,3,1,25.0,32.0,1,86.0,76.6923076923,18.0,0.581196581197,131.0,34.4056896354,62.0
2016-10-07,4,1,25.0,31.0,1,85.0,73.2307692308,18.0,0.645978467384,131.0,33.4322595158,53.0
2016-10-08,5,0,24.0,31.0,0,85.0,72.7692307692,18.0,0.627206645898,131.0,33.6661296264,89.0
2016-10-09,6,0,22.0,30.0,1,85.0,76.6153846154,18.0,0.847352024922,131.0,32.4215940896,102.0
2016-10-10,0,0,22.0,30.0,1,85.0,77.3076923077,18.0,1.01539741989,131.0,32.8572310631,100.0
2016-10-11,1,0,21.0,28.0,0,86.0,75.5384615385,18.0,1.21630094044,131.0,30.9108280371,92.0
2016-10-12,2,0,20.0,25.0,0,89.0,72.5384615385,18.0,1.2303829253,131.0,27.0316492129,88.0
2016-10-13,3,0,22.0,28.0,1,89.0,71.3846153846,18.0,1.17919562013,131.0,26.0075091569,99.0
2016-10-14,4,0,20.0,30.0,1,89.0,70.0769230769,18.0,1.18095238095,131.0,24.0878569423,123.0
2016-10-15,5,1,21.0,31.0,1,89.0,76.0769230769,27.0,1.26093146227,131.0,26.6702413778,76.0
2016-10-16,6,1,24.0,32.0,1,89.0,78.4615384615,27.0,1.18536197295,131.0,25.1261903954,48.0
2016-10-17,0,0,23.0,32.0,1,89.0,78.6923076923,36.0,1.00960555896,131.0,24.8298350792,118.0
2016-10-18,1,0,23.0,26.0,0,89.0,83.5384615385,36.0,0.992209922099,131.0,25.8594288253,113.0
2016-10-19,2,0,23.0,27.0,0,91.0,89.4615384615,36.0,1.15671641791,131.0,22.9468126985,103.0
2016-10-20,3,0,24.0,31.0,1,92.0,92.6153846154,36.0,1.38474295191,131.0,21.7416242459,101.0
2016-10-21,4,0,24.0,27.0,0,92.0,96.3076923077,36.0,1.32663737184,131.0,18.5405361112,96.0
2016-10-22,5,1,24.0,30.0,1,92.0,96.8461538462,36.0,1.21654501217,131.0,18.4217519999,71.0
2016-10-23,6,1,24.0,31.0,1,92.0,94.4615384615,36.0,1.06986027944,131.0,19.5708393146,69.0
2016-10-24,0,0,24.0,30.0,1,92.0,92.0769230769,36.0,0.928768201495,131.0,20.6116529344,103.0
2016-10-25,1,0,24.0,31.0,1,92.0,92.9230769231,36.0,0.929965556831,131.0,20.8159019778,93.0
2016-10-26,2,0,25.0,32.0,1,93.0,93.3076923077,36.0,0.982027052066,131.0,20.7675212972,97.0
2016-10-27,3,0,24.0,33.0,1,93.0,93.1538461538,36.0,1.06506724827,131.0,20.7321606498,101.0
2016-10-28,4,0,22.0,33.0,1,93.0,91.4615384615,36.0,1.03081827843,123.0,19.0570616212,110.0
2016-10-29,5,1,20.0,29.0,1,93.0,94.0769230769,36.0,1.07899807322,123.0,19.0887060385,79.0
2016-10-30,6,1,19.0,28.0,1,93.0,96.4615384615,36.0,1.02836879433,123.0,14.5898562476,80.0
2016-10-31,0,0,19.0,27.0,1,92.0,93.5384615385,36.0,0.964157706093,123.0,13.7651476542,118.0
