time_stamp,dayofweek,holiday,lt,ht,sunny,m2M,w2A,m1L,d3w3,m1Lar,w2Std,pay_sum
2016-08-01,0,0,27.0,34.0,0,151.0,151.0,129.0,1.0,151.0,0.0,151.0
2016-08-02,1,0,27.0,34.0,0,151.0,151.0,134.0,1.0,151.0,0.0,151.0
2016-08-03,2,0,25.0,32.0,0,151.0,151.0,151.0,1.0,151.0,0.0,151.0
2016-08-04,3,0,25.0,32.0,0,151.0,151.0,151.0,1.0,151.0,0.0,151.0
2016-08-05,4,0,26.0,34.0,1,151.0,151.0,151.0,1.0,151.0,0.0,151.0
2016-08-06,5,1,27.0,33.0,0,151.0,151.0,151.0,1.0,151.0,0.0,151.0
2016-08-07,6,1,26.0,32.0,0,151.0,151.0,151.0,1.0,151.0,0.0,151.0
2016-08-08,0,0,26.0,33.0,0,151.0,151.0,151.0,1.0,151.0,0.0,151.0
2016-08-09,1,0,26.0,31.0,0,151.0,151.0,151.0,1.0,151.0,0.0,151.0
2016-08-10,2,0,26.0,33.0,1,151.0,151.0,151.0,1.0,151.0,0.0,151.0
2016-08-11,3,0,27.0,34.0,1,151.0,151.0,151.0,1.0,151.0,0.0,151.0
2016-08-12,4,0,27.0,34.0,1,151.0,151.0,151.0,1.0,151.0,0.0,151.0
2016-08-13,5,1,26.0,33.0,1,151.0,151.0,151.0,1.0,151.0,0.0,151.0
2016-08-14,6,1,26.0,33.0,1,151.0,151.0,151.0,1.0,151.0,0.0,151.0
2016-08-15,0,0,26.0,34.0,1,151.0,151.0,151.0,1.0,151.0,0.0,151.0
2016-08-16,1,0,27.0,35.0,1,151.0,151.0,151.0,1.0,151.0,0.0,151.0
2016-08-17,2,0,27.0,35.0,1,151.0,151.0,151.0,1.0,151.0,0.0,151.0
2016-08-18,3,0,27.0,35.0,1,151.0,151.0,151.0,1.0,151.0,0.0,151.0
2016-08-19,4,0,27.0,35.0,1,151.0,151.0,151.0,1.0,151.0,0.0,151.0
2016-08-20,5,1,27.0,37.0,1,151.0,151.0,151.0,1.0,151.0,0.0,151.0
2016-08-21,6,1,26.0,34.0,1,151.0,151.0,151.0,1.0,151.0,0.0,151.0
2016-08-22,0,0,26.0,35.0,1,151.0,151.0,151.0,1.0,151.0,0.0,151.0
2016-08-23,1,0,25.0,34.0,1,151.0,151.0,151.0,1.0,151.0,0.0,151.0
2016-08-24,2,0,25.0,34.0,1,151.0,151.0,151.0,1.0,151.0,0.0,151.0
2016-08-25,3,0,25.0,34.0,1,151.0,151.0,151.0,1.0,151.0,0.0,151.0
2016-08-26,4,0,26.0,34.0,1,151.0,151.0,151.0,1.0,151.0,0.0,151.0
2016-08-27,5,1,23.0,31.0,1,151.0,151.0,151.0,1.0,151.0,0.0,151.0
2016-08-28,6,1,22.0,30.0,1,151.0,151.0,151.0,1.0,151.0,0.0,151.0
2016-08-29,0,0,22.0,30.0,1,151.0,151.0,151.0,1.0,151.0,0.0,151.0
2016-08-30,1,0,19.0,32.0,1,151.0,151.0,151.0,1.0,151.0,0.0,151.0
2016-08-31,2,0,23.0,33.0,1,151.0,151.0,151.0,1.0,151.0,0.0,151.0
2016-09-01,3,0,23.0,32.0,1,151.0,151.0,151.0,1.0,151.0,0.0,151.0
2016-09-02,4,0,23.0,33.0,1,151.0,151.0,151.0,1.0,151.0,0.0,151.0
2016-09-03,5,1,22.0,32.0,1,151.0,151.0,151.0,1.0,151.0,0.0,151.0
2016-09-04,6,1,24.0,31.0,0,151.0,151.0,151.0,1.0,151.0,0.0,151.0
2016-09-05,0,0,23.0,30.0,0,151.0,151.0,151.0,1.0,151.0,0.0,151.0
2016-09-06,1,0,23.0,29.0,0,151.0,151.0,151.0,1.0,151.0,0.0,151.0
2016-09-07,2,0,21.0,26.0,0,151.0,151.0,151.0,1.0,151.0,0.0,64.0
2016-09-08,3,0,20.0,29.0,1,151.0,144.307692308,64.0,0.831912717354,151.0,23.1828338859,60.0
2016-09-09,4,0,22.0,31.0,1,151.0,137.307692308,60.0,0.645085620455,151.0,32.1208885196,90.0
2016-09-10,5,1,23.0,28.0,1,151.0,132.615384615,60.0,0.513004914299,151.0,34.1682228923,122.0
2016-09-11,6,1,21.0,26.0,0,151.0,130.384615385,60.0,0.658914728682,151.0,33.8402092682,156.0
2016-09-12,0,0,21.0,26.0,0,151.0,130.769230769,60.0,0.889856123806,156.0,34.0997492573,224.0
2016-09-13,1,0,22.0,26.0,0,151.0,136.384615385,60.0,1.18256772674,224.0,42.0522357615,199.0
2016-09-14,2,0,22.0,26.0,0,151.0,140.076923077,60.0,1.34120917304,224.0,45.1654420964,209.0
2016-09-15,3,1,24.0,26.0,0,151.0,144.538461538,60.0,1.43505903724,224.0,48.7467795932,169.0
2016-09-16,4,1,24.0,29.0,0,151.0,145.923076923,60.0,1.30218912209,224.0,49.1644986651,173.0
2016-09-17,5,1,23.0,28.0,0,151.0,147.615384615,60.0,1.23431899642,224.0,49.6859962651,239.0
2016-09-18,6,0,22.0,26.0,0,151.0,154.384615385,60.0,1.26414273281,239.0,55.3569375286,279.0
2016-09-19,0,0,20.0,26.0,1,151.0,164.230769231,60.0,1.44319131161,279.0,64.5065933972,274.0
2016-09-20,1,0,19.0,26.0,1,151.0,173.692307692,60.0,1.592760181,279.0,70.6044067217,268.0
2016-09-21,2,0,19.0,26.0,1,151.0,189.384615385,60.0,1.59479409479,279.0,67.0620131629,301.0
2016-09-22,3,0,18.0,27.0,1,151.0,207.923076923,60.0,1.56895589056,301.0,61.8403173672,312.0
2016-09-23,4,0,21.0,28.0,1,151.0,225.0,60.0,1.56915130466,312.0,57.4121402332,297.0
2016-09-24,5,1,20.0,29.0,1,151.0,238.461538462,60.0,1.55995542984,312.0,51.9387440751,283.0
2016-09-25,6,1,21.0,30.0,1,151.0,248.230769231,60.0,1.47890242891,312.0,47.2410412283,261.0
2016-09-26,0,0,24.0,30.0,1,151.0,251.076923077,60.0,1.35721778423,312.0,46.8080557473,333.0
2016-09-27,1,0,24.0,31.0,0,151.0,261.384615385,60.0,1.35559162223,333.0,48.9120693954,365.0
2016-09-28,2,0,23.0,29.0,0,151.0,273.384615385,60.0,1.3856379136,365.0,53.5085017854,396.0
2016-09-29,3,0,23.0,27.0,0,151.0,290.846153846,60.0,1.4734006734,396.0,53.633867248,389.0
2016-09-30,4,0,25.0,31.0,0,151.0,307.461538462,60.0,1.46059566902,396.0,47.6794027205,389.0
2016-10-01,5,1,24.0,32.0,1,151.0,319.0,60.0,1.41890258642,396.0,47.8651953206,172.0
2016-10-02,6,1,23.0,32.0,1,151.0,310.769230769,60.0,1.14485418173,396.0,61.3391001491,153.0
2016-10-03,0,1,22.0,27.0,0,151.0,301.461538462,60.0,0.871635231643,396.0,74.0712914226,162.0
2016-10-04,1,1,22.0,26.0,0,151.0,293.307692308,60.0,0.598574237955,396.0,82.6441720365,164.0
2016-10-05,2,1,22.0,26.0,1,151.0,282.769230769,60.0,0.593666728636,396.0,89.4462914449,170.0
2016-10-06,3,1,23.0,27.0,0,151.0,271.846153846,60.0,0.614622057001,396.0,93.7753831515,186.0
2016-10-07,4,1,21.0,26.0,0,151.0,263.307692308,60.0,0.642808579022,396.0,96.120424961,250.0
2016-10-08,5,0,19.0,22.0,0,151.0,260.769230769,90.0,0.747594374537,396.0,96.0025270871,335.0
2016-10-09,6,0,18.0,20.0,1,151.0,266.461538462,122.0,0.941391941392,396.0,98.0201042052,328.0
2016-10-10,0,0,18.0,21.0,1,151.0,266.076923077,153.0,1.10385684923,396.0,97.7677479764,397.0
2016-10-11,1,0,19.0,23.0,1,153.0,268.538461538,153.0,1.25228897159,397.0,100.589505023,383.0
2016-10-12,2,0,19.0,24.0,1,156.0,267.538461538,153.0,1.29024745269,397.0,99.3746720437,426.0
2016-10-13,3,0,19.0,24.0,1,162.0,270.384615385,153.0,1.37694810755,426.0,103.266301348,398.0
2016-10-14,4,0,20.0,24.0,0,164.0,271.076923077,153.0,1.35465768799,426.0,104.086104547,410.0
2016-10-15,5,1,20.0,24.0,1,169.0,289.384615385,153.0,1.35596945223,426.0,105.963374269,325.0
2016-10-16,6,1,21.0,26.0,0,170.0,302.615384615,153.0,1.23199043114,426.0,98.5897002434,321.0
2016-10-17,0,0,20.0,24.0,1,172.0,314.846153846,153.0,1.15051479,426.0,89.863012117,474.0
2016-10-18,1,0,20.0,25.0,1,173.0,338.692307692,153.0,1.19888674802,474.0,87.7771519381,425.0
2016-10-19,2,0,20.0,24.0,0,186.0,358.307692308,153.0,1.29987747057,474.0,75.525222089,450.0
2016-10-20,3,0,23.0,26.0,0,199.0,378.615384615,153.0,1.42344623826,474.0,60.4528277147,364.0
2016-10-21,4,0,23.0,27.0,0,209.0,387.384615385,153.0,1.31256952169,474.0,48.1832055988,386.0
2016-10-22,5,1,21.0,25.0,0,224.0,391.307692308,153.0,1.22944521285,474.0,45.7743371424,346.0
2016-10-23,6,1,19.0,22.0,0,239.0,392.692307692,153.0,1.09054726368,474.0,44.0792723229,383.0
2016-10-24,0,0,20.0,24.0,1,250.0,391.615384615,153.0,1.07402591148,474.0,44.1318626593,448.0
2016-10-25,1,0,20.0,26.0,1,261.0,396.615384615,153.0,1.08905852417,474.0,46.4915847829,424.0
2016-10-26,2,0,22.0,28.0,0,268.0,396.461538462,153.0,1.12168744693,474.0,46.3973065939,420.0
2016-10-27,3,0,21.0,26.0,1,274.0,398.153846154,153.0,1.1196325664,474.0,46.8218327671,420.0
2016-10-28,4,0,17.0,22.0,0,279.0,398.923076923,153.0,1.07168595532,474.0,47.0915010109,338.0
2016-10-29,5,1,13.0,16.0,0,283.0,399.923076923,153.0,0.998389694042,474.0,45.6263445129,338.0
2016-10-30,6,1,14.0,19.0,1,297.0,401.230769231,153.0,0.92771288302,474.0,43.5415872757,375.0
2016-10-31,0,0,14.0,20.0,0,301.0,393.615384615,153.0,0.892114421526,474.0,38.5158078667,407.0
