time_stamp,dayofweek,holiday,lt,ht,sunny,m2M,w2A,m1L,d3w3,m1Lar,w2Std,pay_sum
2016-08-01,0,0,25.0,35.0,0,96.0,101.692307692,71.0,0.916368591381,193.0,28.3694977461,90.0
2016-08-02,1,0,25.0,29.0,0,96.0,100.461538462,71.0,0.908163265306,193.0,28.5026729775,80.0
2016-08-03,2,0,25.0,31.0,0,95.0,91.7692307692,71.0,0.924327069578,193.0,10.5038736163,89.0
2016-08-04,3,0,26.0,32.0,1,95.0,92.0,71.0,0.874704491726,193.0,10.4070981694,97.0
2016-08-05,4,0,26.0,34.0,1,95.0,92.6153846154,71.0,0.897890295359,193.0,10.4479549824,95.0
2016-08-06,5,1,27.0,35.0,1,95.0,91.0,71.0,0.949966193374,193.0,8.05748576934,118.0
2016-08-07,6,1,27.0,36.0,1,95.0,93.0,71.0,1.03957075788,193.0,10.8130974713,108.0
2016-08-08,0,0,27.0,35.0,0,96.0,94.6923076923,71.0,1.07053526763,193.0,11.2959122312,108.0
2016-08-09,1,0,25.0,34.0,0,97.0,95.1538461538,71.0,1.11277694486,193.0,11.7004020565,108.0
2016-08-10,2,0,26.0,31.0,0,97.0,96.9230769231,71.0,1.12734864301,193.0,11.7699848929,108.0
2016-08-11,3,0,26.0,32.0,0,97.0,97.6923076923,71.0,1.11455108359,193.0,12.1363067211,108.0
2016-08-12,4,0,26.0,30.0,0,98.0,98.9230769231,74.0,1.10373019928,193.0,12.3067307317,94.0
2016-08-13,5,1,25.0,32.0,0,97.0,100.461538462,74.0,1.06804478898,193.0,10.1573420555,93.0
2016-08-14,6,1,26.0,32.0,0,97.0,99.6923076923,74.0,1.01584022039,193.0,10.3134312382,122.0
2016-08-15,0,0,25.0,31.0,0,98.0,102.153846154,74.0,1.04462474645,193.0,11.4612803275,76.0
2016-08-16,1,0,25.0,31.0,0,97.0,101.846153846,74.0,0.996916752312,193.0,12.0884315573,89.0
2016-08-17,2,0,25.0,31.0,0,97.0,101.846153846,74.0,0.981196581197,193.0,12.0884315573,65.0
2016-08-18,3,0,25.0,30.0,0,96.0,99.3846153846,65.0,0.799860893758,193.0,15.5787748187,100.0
2016-08-19,4,0,26.0,32.0,0,96.0,99.7692307692,65.0,0.879653679654,122.0,15.5274141993,98.0
2016-08-20,5,1,26.0,34.0,1,96.0,98.2307692308,65.0,0.899606635882,122.0,14.608500403,94.0
2016-08-21,6,1,27.0,35.0,0,95.0,97.1538461538,65.0,1.00343642612,122.0,14.3625911196,118.0
2016-08-22,0,0,27.0,35.0,1,95.0,97.9230769231,65.0,1.05013550136,122.0,15.1680917032,91.0
2016-08-23,1,0,27.0,35.0,1,95.0,96.6153846154,65.0,1.02071753411,122.0,14.9745345968,110.0
2016-08-24,2,0,28.0,36.0,1,95.0,96.7692307692,65.0,1.06333333333,122.0,15.1004525972,87.0
2016-08-25,3,0,27.0,36.0,1,94.0,95.1538461538,65.0,0.964824120603,122.0,14.9349675071,90.0
2016-08-26,4,0,25.0,35.0,0,94.0,94.8461538462,65.0,0.96389588581,122.0,14.996646568,81.0
2016-08-27,5,1,24.0,32.0,0,94.0,93.9230769231,65.0,0.88295687885,122.0,15.4444988387,144.0
2016-08-28,6,1,26.0,33.0,1,95.0,95.6153846154,65.0,1.05846774194,144.0,19.1814752843,135.0
2016-08-29,0,0,26.0,33.0,1,95.0,100.153846154,65.0,1.19343610144,144.0,20.9058186742,96.0
2016-08-30,1,0,25.0,32.0,1,95.0,100.692307692,65.0,1.25062531266,144.0,20.7007417756,115.0
2016-08-31,2,0,25.0,33.0,0,95.0,104.538461538,65.0,1.14988368229,144.0,18.2065727126,103.0
2016-09-01,3,0,25.0,32.0,0,95.0,104.769230769,65.0,1.04614359487,144.0,18.1665535708,81.0
2016-09-02,4,0,25.0,31.0,0,95.0,103.461538462,65.0,1.00268276325,144.0,19.1898025188,97.0
2016-09-03,5,1,25.0,31.0,0,95.0,103.692307692,65.0,0.940428380187,144.0,19.092425463,6.0
2016-09-04,6,1,26.0,31.0,0,95.0,95.0769230769,6.0,0.653873489694,144.0,31.759823528,6.0
2016-09-05,0,0,26.0,32.0,0,95.0,88.5384615385,6.0,0.402362495386,144.0,39.686493313,113.0
2016-09-06,1,0,26.0,33.0,0,95.0,88.7692307692,6.0,0.455373406193,144.0,39.8191176469,104.0
2016-09-07,2,0,25.0,31.0,0,96.0,90.0769230769,6.0,0.79543427858,144.0,40.0181911298,87.0
2016-09-08,3,0,26.0,32.0,0,96.0,89.8461538462,6.0,1.09195402299,144.0,40.0266183622,134.0
2016-09-09,4,0,26.0,32.0,0,96.0,93.9230769231,6.0,1.1451726568,144.0,41.5867240992,128.0
2016-09-10,5,1,25.0,30.0,0,97.0,92.6923076923,6.0,1.20803046037,144.0,40.3034348897,152.0
2016-09-11,6,1,25.0,30.0,0,97.0,94.0,6.0,1.40816326531,152.0,41.8991463104,156.0
2016-09-12,0,0,24.0,33.0,1,97.0,98.6153846154,6.0,1.4353909465,156.0,45.0513185354,101.0
2016-09-13,1,0,26.0,35.0,1,98.0,97.5384615385,6.0,1.35251322751,156.0,44.8134859246,119.0
2016-09-14,2,0,26.0,35.0,1,98.0,98.7692307692,6.0,1.22395833333,156.0,45.1649180502,105.0
2016-09-15,3,1,25.0,34.0,1,98.0,100.615384615,6.0,1.05025044434,156.0,44.890530887,119.0
2016-09-16,4,1,25.0,34.0,1,98.0,102.307692308,6.0,1.08837061717,156.0,45.1363483329,140.0
2016-09-17,5,1,25.0,34.0,1,98.0,112.615384615,6.0,1.15720871086,156.0,36.4259807144,156.0
2016-09-18,6,0,25.0,33.0,1,98.0,124.153846154,6.0,1.30626377085,156.0,21.5436806863,119.0
2016-09-19,0,0,23.0,32.0,1,100.0,124.615384615,6.0,1.29223104468,156.0,21.3632987281,100.0
2016-09-20,1,0,24.0,31.0,1,100.0,124.307692308,6.0,1.17591721543,156.0,21.6843957202,129.0
2016-09-21,2,0,24.0,31.0,1,100.0,127.538461538,6.0,1.0780669145,156.0,18.8255774643,115.0
2016-09-22,3,0,24.0,32.0,1,101.0,126.076923077,6.0,1.04910033547,156.0,19.0038924695,140.0
2016-09-23,4,0,25.0,32.0,1,102.0,127.0,6.0,1.14849708389,156.0,19.3629304839,135.0
2016-09-24,5,1,25.0,32.0,1,103.0,125.692307692,6.0,1.1026293469,156.0,18.1675306962,184.0
2016-09-25,6,1,26.0,33.0,1,103.0,127.846153846,6.0,1.20662460568,184.0,22.7218842456,160.0
2016-09-26,0,0,26.0,34.0,1,104.0,132.384615385,6.0,1.23628855336,184.0,22.7985777611,105.0
2016-09-27,1,0,27.0,35.0,1,105.0,131.307692308,6.0,1.15841073271,184.0,23.7175190536,136.0
2016-09-28,2,0,28.0,34.0,1,105.0,133.692307692,6.0,1.01531839473,184.0,22.4786552273,126.0
2016-09-29,3,0,21.0,28.0,0,108.0,134.230769231,6.0,0.932063492063,184.0,22.2024040492,111.0
2016-09-30,4,0,20.0,26.0,0,108.0,132.0,6.0,0.953476482618,184.0,22.9548050944,112.0
2016-10-01,5,1,20.0,28.0,0,108.0,128.615384615,6.0,0.906022845275,184.0,22.4037718718,163.0
2016-10-02,6,1,23.0,31.0,1,108.0,132.0,6.0,0.999352750809,184.0,23.9647176555,133.0
2016-10-03,0,1,24.0,33.0,1,108.0,134.538461538,6.0,1.04334484081,184.0,22.1172240038,143.0
2016-10-04,1,1,24.0,32.0,1,110.0,135.615384615,87.0,1.11237805651,184.0,22.1621245217,154.0
2016-10-05,2,1,23.0,33.0,1,110.0,138.615384615,87.0,1.06965174129,184.0,21.805216248,126.0
2016-10-06,3,1,25.0,32.0,1,111.0,137.538461538,87.0,1.04949758095,184.0,22.0545316628,128.0
2016-10-07,4,1,25.0,31.0,1,112.0,137.0,100.0,1.01682242991,184.0,22.1949405184,127.0
2016-10-08,5,0,24.0,31.0,0,113.0,132.615384615,100.0,0.959939531368,184.0,17.6397211802,111.0
2016-10-09,6,0,22.0,30.0,1,113.0,128.846153846,100.0,0.924943138741,184.0,16.5893670944,138.0
2016-10-10,0,0,22.0,30.0,1,115.0,131.384615385,100.0,0.936721474838,184.0,15.2140545425,142.0
2016-10-11,1,0,21.0,28.0,0,115.0,131.846153846,100.0,0.969381430519,184.0,15.4364511358,120.0
2016-10-12,2,0,20.0,25.0,0,118.0,131.384615385,100.0,0.989853996536,184.0,15.6919306139,123.0
2016-10-13,3,0,22.0,28.0,1,118.0,132.307692308,100.0,0.958784709252,184.0,14.7928497041,128.0
2016-10-14,4,0,20.0,30.0,1,119.0,133.538461538,100.0,0.926342072409,184.0,13.6754433741,136.0
2016-10-15,5,1,21.0,31.0,1,119.0,131.461538462,100.0,0.983981693364,184.0,10.7889928568,185.0
2016-10-16,6,1,24.0,32.0,1,119.0,135.461538462,100.0,1.13083994459,185.0,17.9083795797,172.0
2016-10-17,0,0,23.0,32.0,1,120.0,137.692307692,100.0,1.21100466716,185.0,20.3484439601,139.0
2016-10-18,1,0,23.0,26.0,0,123.0,136.538461538,100.0,1.21702858545,185.0,19.8091485648,76.0
2016-10-19,2,0,23.0,27.0,0,123.0,132.692307692,76.0,0.967379077615,185.0,25.5143537743,89.0
2016-10-20,3,0,24.0,31.0,1,123.0,129.692307692,76.0,0.766225582861,185.0,28.055945799,133.0
2016-10-21,4,0,24.0,27.0,0,126.0,130.153846154,76.0,0.745186296574,185.0,28.0572112048,115.0
2016-10-22,5,1,24.0,30.0,1,126.0,130.461538462,76.0,0.858161446397,185.0,27.8667582079,174.0
2016-10-23,6,1,24.0,31.0,1,126.0,133.230769231,76.0,1.05804187038,185.0,30.1716980123,172.0
2016-10-24,0,0,24.0,30.0,1,127.0,135.538461538,76.0,1.1433531746,185.0,31.8545139528,101.0
2016-10-25,1,0,24.0,31.0,1,127.0,134.076923077,76.0,1.13092979127,185.0,32.9509228036,136.0
2016-10-26,2,0,25.0,32.0,1,127.0,135.076923077,76.0,1.03087586641,185.0,32.7964855961,122.0
2016-10-27,3,0,24.0,33.0,1,126.0,134.615384615,76.0,0.906909182771,185.0,32.9347570942,124.0
2016-10-28,4,0,22.0,33.0,1,126.0,133.692307692,76.0,0.966110268083,185.0,33.050973721,138.0
2016-10-29,5,1,20.0,29.0,1,127.0,130.076923077,76.0,0.961321817499,185.0,29.6348587321,136.0
2016-10-30,6,1,19.0,28.0,1,128.0,127.307692308,76.0,0.997118877615,185.0,27.1672444609,152.0
2016-10-31,0,0,19.0,27.0,1,128.0,128.307692308,76.0,1.0632721827,185.0,27.8108573579,124.0
