time_stamp,dayofweek,holiday,lt,ht,sunny,m2M,w2A,m1L,d3w3,m1Lar,w2Std,pay_sum
2016-08-01,0,0,26.0,32.0,0,101.0,100.384615385,76.0,1.06016260163,150.0,15.0309345712,68.0
2016-08-02,1,0,25.0,28.0,0,100.0,97.6153846154,68.0,0.989375830013,150.0,17.2606197479,68.0
2016-08-03,2,0,26.0,31.0,0,100.0,96.6923076923,68.0,0.886203423968,150.0,18.4573713246,95.0
2016-08-04,3,0,27.0,31.0,0,99.0,96.9230769231,68.0,0.771929824561,150.0,18.4159694014,98.0
2016-08-05,4,0,27.0,32.0,0,99.0,95.8461538462,68.0,0.881905727319,150.0,17.9050751458,99.0
2016-08-06,5,1,28.0,34.0,1,99.0,94.0769230769,68.0,1.00915845861,150.0,16.2975294893,121.0
2016-08-07,6,1,28.0,35.0,1,99.0,94.5384615385,68.0,1.0944759938,150.0,16.9552142405,121.0
2016-08-08,0,0,28.0,34.0,1,99.0,98.0,68.0,1.15105485232,143.0,17.4046854876,72.0
2016-08-09,1,0,27.0,33.0,1,99.0,96.5384615385,68.0,1.07737176188,143.0,18.6820167937,271.0
2016-08-10,2,0,25.0,28.0,0,100.0,109.769230769,68.0,1.44954701656,271.0,50.1477108093,167.0
2016-08-11,3,0,26.0,31.0,0,100.0,115.846153846,68.0,1.53915799004,271.0,51.8976005876,196.0
2016-08-12,4,0,26.0,30.0,0,101.0,123.538461538,68.0,1.84329117604,271.0,55.6605306708,177.0
2016-08-13,5,1,26.0,31.0,0,101.0,129.307692308,68.0,1.5332197615,271.0,56.9998442851,241.0
2016-08-14,6,1,26.0,31.0,0,102.0,138.0,68.0,1.65454055511,271.0,64.2878143735,275.0
2016-08-15,0,0,26.0,30.0,0,102.0,153.923076923,68.0,1.72839506173,275.0,70.329402472,111.0
2016-08-16,1,0,25.0,29.0,0,104.0,157.230769231,68.0,1.55217229855,275.0,67.1498368704,127.0
2016-08-17,2,0,25.0,29.0,0,104.0,159.692307692,68.0,1.25689084895,275.0,65.3868777889,119.0
2016-08-18,3,0,26.0,30.0,0,104.0,161.307692308,68.0,0.864825581395,275.0,64.0893422262,103.0
2016-08-19,4,0,26.0,31.0,0,103.0,161.615384615,68.0,0.843300712819,275.0,63.7984066133,108.0
2016-08-20,5,1,27.0,33.0,1,103.0,160.615384615,68.0,0.795660036166,275.0,64.524936696,171.0
2016-08-21,6,1,26.0,31.0,0,104.0,164.461538462,68.0,0.906932573599,275.0,63.5314766136,134.0
2016-08-22,0,0,26.0,33.0,1,106.0,169.230769231,68.0,0.958014381814,275.0,58.5427573477,95.0
2016-08-23,1,0,27.0,34.0,1,106.0,155.692307692,68.0,0.919223256348,275.0,53.5829832566,123.0
2016-08-24,2,0,28.0,34.0,1,106.0,152.307692308,68.0,0.801183566633,275.0,54.1484918682,95.0
2016-08-25,3,0,28.0,34.0,1,104.0,144.538461538,68.0,0.71314650262,275.0,54.5662834536,93.0
2016-08-26,4,0,26.0,33.0,0,104.0,138.076923077,68.0,0.7100456621,275.0,55.3081737435,122.0
2016-08-27,5,1,26.0,31.0,0,106.0,128.923076923,68.0,0.70752025562,275.0,46.6928779588,119.0
2016-08-28,6,1,26.0,31.0,1,106.0,116.923076923,68.0,0.762818316775,275.0,20.0593793081,127.0
2016-08-29,0,0,25.0,31.0,1,108.0,118.153846154,68.0,0.82492714638,275.0,20.1488543436,99.0
2016-08-30,1,0,25.0,30.0,1,108.0,116.0,68.0,0.820842255532,275.0,20.5800500859,102.0
2016-08-31,2,0,26.0,30.0,1,108.0,114.692307692,68.0,0.798928266959,275.0,20.885713245,100.0
2016-09-01,3,0,25.0,30.0,0,108.0,114.461538462,72.0,0.75981320207,275.0,21.0297056734,73.0
2016-09-02,4,0,25.0,29.0,0,108.0,111.769230769,72.0,0.72263828669,275.0,23.7491824836,95.0
2016-09-03,5,1,26.0,31.0,0,104.0,105.923076923,72.0,0.747246619267,275.0,16.7812236579,113.0
2016-09-04,6,1,26.0,32.0,0,108.0,104.307692308,72.0,0.840436668162,275.0,14.9068111195,124.0
2016-09-05,0,0,26.0,30.0,0,108.0,106.538461538,72.0,0.987213797205,275.0,15.5049142811,91.0
2016-09-06,1,0,26.0,29.0,0,108.0,104.076923077,72.0,0.991236022968,275.0,15.2338769168,93.0
2016-09-07,2,0,26.0,30.0,0,104.0,103.923076923,73.0,0.941896024465,275.0,15.3345338695,105.0
2016-09-08,3,0,25.0,29.0,0,104.0,104.846153846,73.0,0.882981973724,275.0,15.0069017652,87.0
2016-09-09,4,0,26.0,31.0,0,104.0,102.153846154,73.0,0.879222582138,275.0,14.8264117442,124.0
2016-09-10,5,1,25.0,29.0,0,104.0,102.538461538,73.0,0.996531062756,275.0,15.3152281412,109.0
2016-09-11,6,1,25.0,31.0,0,105.0,101.153846154,73.0,1.02122227541,275.0,13.7776081091,119.0
2016-09-12,0,0,25.0,32.0,0,108.0,102.692307692,73.0,1.11058526581,275.0,14.5463958813,102.0
2016-09-13,1,0,27.0,33.0,1,105.0,102.692307692,73.0,1.05162523901,171.0,14.5463958813,85.0
2016-09-14,2,0,26.0,33.0,1,104.0,101.538461538,73.0,0.979827089337,171.0,15.2900942524,105.0
2016-09-15,3,1,27.0,33.0,1,104.0,104.0,73.0,0.929640241961,171.0,12.8840987267,90.0
2016-09-16,4,1,27.0,33.0,1,104.0,103.615384615,73.0,0.905269964436,171.0,13.2173456054,113.0
2016-09-17,5,1,26.0,32.0,1,105.0,103.615384615,73.0,0.998702983139,171.0,13.2173456054,116.0
2016-09-18,6,0,25.0,32.0,1,105.0,103.0,73.0,1.03993480033,171.0,12.4158707368,75.0
2016-09-19,0,0,25.0,32.0,1,105.0,101.769230769,73.0,1.00280389246,134.0,14.2080900365,67.0
2016-09-20,1,0,23.0,28.0,0,105.0,99.7692307692,67.0,0.866062437059,127.0,16.8803656821,73.0
2016-09-21,2,0,24.0,31.0,1,103.0,97.3076923077,67.0,0.731665815892,127.0,18.2182690024,101.0
2016-09-22,3,0,25.0,31.0,1,102.0,98.3846153846,67.0,0.808589162892,127.0,17.9894775292,99.0
2016-09-23,4,0,26.0,31.0,1,102.0,96.4615384615,67.0,0.914113510799,127.0,16.4158243759,99.0
2016-09-24,5,1,26.0,31.0,1,102.0,95.6923076923,67.0,1.00826167594,127.0,16.0402599988,156.0
2016-09-25,6,1,26.0,32.0,1,103.0,98.5384615385,67.0,1.17471378795,156.0,22.0719640638,130.0
2016-09-26,0,0,27.0,33.0,1,105.0,100.692307692,67.0,1.25325520833,156.0,23.6167626759,83.0
2016-09-27,1,0,27.0,33.0,1,105.0,100.538461538,67.0,1.20706575074,156.0,23.7247530087,93.0
2016-09-28,2,0,26.0,32.0,1,105.0,99.6153846154,67.0,1.00691016782,156.0,23.7666167345,97.0
2016-09-29,3,0,24.0,29.0,1,103.0,100.153846154,67.0,0.893909626719,156.0,23.62152263,76.0
2016-09-30,4,0,23.0,26.0,0,103.0,97.3076923077,67.0,0.892018779343,156.0,24.1259025033,90.0
2016-10-01,5,1,23.0,28.0,0,103.0,95.3076923077,67.0,0.890468935162,156.0,23.5645908267,143.0
2016-10-02,6,1,24.0,30.0,0,105.0,100.538461538,67.0,1.03361766182,156.0,25.9069797088,123.0
2016-10-03,0,1,24.0,30.0,0,105.0,104.846153846,67.0,1.17841774247,156.0,24.5947028501,95.0
2016-10-04,1,1,25.0,32.0,1,105.0,106.538461538,67.0,1.18906455863,156.0,23.0538346038,103.0
2016-10-05,2,1,25.0,30.0,1,105.0,106.692307692,67.0,1.05835806133,156.0,23.0230139556,98.0
2016-10-06,3,1,26.0,32.0,1,103.0,106.615384615,67.0,0.972085385878,156.0,23.050240985,94.0
2016-10-07,4,1,25.0,31.0,0,103.0,106.230769231,67.0,0.977954583126,156.0,23.2152265886,102.0
2016-10-08,5,0,24.0,30.0,1,103.0,102.076923077,67.0,0.981472208312,156.0,18.2354748877,91.0
2016-10-09,6,0,22.0,28.0,1,102.0,99.0769230769,67.0,0.950488491472,156.0,16.5225325795,81.0
2016-10-10,0,0,23.0,28.0,1,102.0,98.9230769231,67.0,0.901167571123,156.0,16.6800735032,69.0
2016-10-11,1,0,21.0,26.0,1,102.0,97.0769230769,67.0,0.794200032954,156.0,18.4660250958,86.0
2016-10-12,2,0,22.0,26.0,0,101.0,96.2307692308,67.0,0.783532536521,156.0,18.7006945414,81.0
2016-10-13,3,0,23.0,28.0,1,100.0,96.6153846154,67.0,0.790619765494,156.0,18.3283658323,81.0
2016-10-14,4,0,24.0,30.0,1,99.0,95.9230769231,67.0,0.838404327248,156.0,18.7307297425,79.0
2016-10-15,5,1,24.0,31.0,1,99.0,91.0,67.0,0.847845206684,156.0,13.3474284472,116.0
2016-10-16,6,1,24.0,31.0,1,99.0,90.4615384615,67.0,0.978203083466,156.0,12.1314301561,104.0
2016-10-17,0,0,24.0,31.0,1,99.0,91.1538461538,67.0,1.04801962846,156.0,12.6177296132,71.0
2016-10-18,1,0,23.0,27.0,0,99.0,88.6923076923,67.0,1.03191489362,156.0,13.1756454542,52.0
2016-10-19,2,0,24.0,27.0,0,98.0,85.1538461538,52.0,0.824704813806,156.0,16.0616416148,69.0
2016-10-20,3,0,24.0,30.0,0,97.0,83.2307692308,52.0,0.700218818381,156.0,16.380822963,79.0
2016-10-21,4,0,24.0,27.0,0,97.0,81.4615384615,52.0,0.733810310035,156.0,15.4751184144,16.0
2016-10-22,5,1,24.0,30.0,0,95.0,75.6923076923,16.0,0.646942800789,156.0,22.9962693141,119.0
2016-10-23,6,1,25.0,30.0,1,97.0,78.6153846154,16.0,0.846184262554,156.0,25.7369487808,101.0
2016-10-24,0,0,25.0,31.0,0,98.0,81.0769230769,16.0,0.929866036249,143.0,26.2252419171,70.0
2016-10-25,1,0,25.0,30.0,1,97.0,79.8461538462,16.0,1.16536065903,143.0,26.3405103445,81.0
2016-10-26,2,0,25.0,31.0,1,95.0,79.8461538462,16.0,1.02314250914,143.0,26.3405103445,98.0
2016-10-27,3,0,26.0,31.0,1,95.0,81.1538461538,16.0,1.0085054678,143.0,26.7835947316,82.0
2016-10-28,4,0,24.0,32.0,1,95.0,81.3846153846,16.0,1.07011070111,143.0,26.776966168,117.0
2016-10-29,5,1,22.0,29.0,1,95.0,81.4615384615,16.0,1.1985472155,143.0,26.8775439143,152.0
2016-10-30,6,1,20.0,25.0,1,95.0,85.1538461538,16.0,1.35809634359,152.0,32.4412988307,155.0
2016-10-31,0,0,21.0,27.0,1,95.0,91.6153846154,16.0,1.56255758246,155.0,37.0208640998,84.0
