time_stamp,dayofweek,holiday,lt,ht,sunny,m2M,w2A,m1L,d3w3,m1Lar,w2Std,pay_sum
2016-08-01,0,0,27.0,34.0,0,75.0,86.3076923077,58.0,1.26662696049,140.0,21.2580649506,56.0
2016-08-02,1,0,27.0,34.0,0,75.0,84.9230769231,56.0,1.22195512821,140.0,22.5608972082,62.0
2016-08-03,2,0,25.0,32.0,0,74.0,82.9230769231,56.0,0.91606133979,140.0,23.3385173165,60.0
2016-08-04,3,0,25.0,32.0,0,74.0,81.3846153846,56.0,0.721377912867,140.0,24.1263930217,69.0
2016-08-05,4,0,26.0,34.0,1,74.0,80.5384615385,56.0,0.78022875817,140.0,24.351955804,100.0
2016-08-06,5,1,27.0,33.0,0,74.0,80.3846153846,56.0,0.937180274197,140.0,24.2218542819,118.0
2016-08-07,6,1,26.0,32.0,0,75.0,81.5384615385,56.0,1.16312056738,140.0,25.5903088165,90.0
2016-08-08,0,0,26.0,33.0,0,75.0,83.8461538462,56.0,1.22440866627,140.0,24.8869633894,74.0
2016-08-09,1,0,26.0,31.0,0,74.0,83.9230769231,56.0,1.12104949314,140.0,24.854844872,74.0
2016-08-10,2,0,26.0,33.0,1,74.0,84.7692307692,56.0,0.954099017839,140.0,24.3093962402,79.0
2016-08-11,3,0,27.0,34.0,1,74.0,84.6923076923,56.0,0.910549538708,140.0,24.325942516,81.0
2016-08-12,4,0,27.0,34.0,1,76.0,85.5384615385,56.0,0.938063740229,140.0,23.989149421,100.0
2016-08-13,5,1,26.0,33.0,1,78.0,82.4615384615,56.0,1.04354806342,140.0,18.813315189,124.0
2016-08-14,6,1,26.0,33.0,1,79.0,83.6153846154,56.0,1.20887831946,140.0,20.7643868995,127.0
2016-08-15,0,0,26.0,34.0,1,80.0,89.0769230769,56.0,1.33790737564,140.0,22.0783971633,92.0
2016-08-16,1,0,27.0,35.0,1,80.0,91.3846153846,56.0,1.29336349925,140.0,20.6492259551,72.0
2016-08-17,2,0,27.0,35.0,1,80.0,92.3076923077,56.0,1.09172763084,140.0,19.4595620766,90.0
2016-08-18,3,0,27.0,35.0,1,80.0,93.9230769231,56.0,0.947584405894,140.0,18.294436054,109.0
2016-08-19,4,0,27.0,35.0,1,80.0,94.6153846154,56.0,0.989412194231,140.0,18.6775820439,105.0
2016-08-20,5,1,27.0,37.0,1,81.0,93.6153846154,56.0,1.13158384515,140.0,17.722382465,109.0
2016-08-21,6,1,26.0,34.0,1,82.0,95.0769230769,56.0,1.20230783547,140.0,18.1424344837,111.0
2016-08-22,0,0,26.0,35.0,1,85.0,97.9230769231,56.0,1.17370892019,140.0,17.5036767059,81.0
2016-08-23,1,0,25.0,34.0,1,82.0,98.4615384615,56.0,1.07596067918,140.0,16.855108263,99.0
2016-08-24,2,0,25.0,34.0,1,82.0,100.0,56.0,1.01890756303,140.0,15.8938788411,80.0
2016-08-25,3,0,25.0,34.0,1,81.0,99.9230769231,56.0,0.905134899913,140.0,15.9877912,102.0
2016-08-26,4,0,26.0,34.0,1,82.0,100.076923077,56.0,0.977221352808,140.0,15.9974110331,92.0
2016-08-27,5,1,23.0,31.0,1,85.0,97.6153846154,56.0,0.965979199718,140.0,14.5207462276,114.0
2016-08-28,6,1,22.0,30.0,1,86.0,96.6153846154,56.0,1.07223672759,140.0,12.8094824344,115.0
2016-08-29,0,0,22.0,30.0,1,86.0,98.3846153846,56.0,1.09406952965,127.0,13.6129941404,74.0
2016-08-30,1,0,19.0,32.0,1,86.0,98.5384615385,56.0,1.0327198364,127.0,13.3221353371,90.0
2016-08-31,2,0,23.0,33.0,1,86.0,98.5384615385,60.0,0.945602440264,127.0,13.3221353371,72.0
2016-09-01,3,0,23.0,32.0,1,85.0,95.6923076923,60.0,0.80354102826,127.0,14.6675183543,80.0
2016-09-02,4,0,23.0,33.0,1,82.0,93.7692307692,69.0,0.832473340213,127.0,14.9571379726,98.0
2016-09-03,5,1,22.0,32.0,1,82.0,92.9230769231,72.0,0.871687587169,127.0,14.3712401823,116.0
2016-09-04,6,1,24.0,31.0,0,85.0,93.3076923077,72.0,1.03103629669,127.0,14.9068111195,105.0
2016-09-05,0,0,23.0,30.0,0,88.0,95.1538461538,72.0,1.11111111111,127.0,14.7535974953,64.0
2016-09-06,1,0,23.0,29.0,0,85.0,92.4615384615,64.0,0.99685204617,127.0,16.8505438607,69.0
2016-09-07,2,0,21.0,26.0,0,82.0,91.6153846154,64.0,0.841732979664,127.0,17.7093563343,68.0
2016-09-08,3,0,20.0,29.0,1,81.0,89.0,64.0,0.726681127983,127.0,18.4765964232,57.0
2016-09-09,4,0,22.0,31.0,1,81.0,86.3076923077,57.0,0.72011878248,127.0,20.3030297678,95.0
2016-09-10,5,1,23.0,28.0,1,82.0,84.8461538462,57.0,0.82304526749,127.0,18.8917815011,99.0
2016-09-11,6,1,21.0,26.0,0,88.0,83.6153846154,57.0,0.94538606403,127.0,17.3450878062,99.0
2016-09-12,0,0,21.0,26.0,0,90.0,85.5384615385,57.0,1.09246830723,127.0,17.5570077379,54.0
2016-09-13,1,0,22.0,26.0,0,90.0,82.7692307692,54.0,0.963855421687,116.0,19.3794254347,62.0
2016-09-14,2,0,22.0,26.0,0,88.0,82.0,54.0,0.830917874396,116.0,19.9807599763,82.0
2016-09-15,3,1,24.0,26.0,0,82.0,82.1538461538,54.0,0.774193548387,116.0,19.9724662544,118.0
2016-09-16,4,1,24.0,29.0,0,88.0,83.6923076923,54.0,1.0090506451,118.0,21.81878025,130.0
2016-09-17,5,1,23.0,28.0,0,90.0,84.7692307692,54.0,1.25930165999,130.0,23.6550656346,119.0
2016-09-18,6,0,22.0,26.0,0,90.0,85.8461538462,54.0,1.39729678279,130.0,24.8405566451,64.0
2016-09-19,0,0,20.0,26.0,1,90.0,85.8461538462,54.0,1.19854489757,130.0,24.8405566451,75.0
2016-09-20,1,0,19.0,26.0,1,90.0,86.3076923077,54.0,0.996523754345,130.0,24.5776152545,70.0
2016-09-21,2,0,19.0,26.0,1,90.0,86.4615384615,54.0,0.808197989172,130.0,24.4685524535,59.0
2016-09-22,3,0,18.0,27.0,1,82.0,86.6153846154,54.0,0.798590722255,130.0,24.2884539253,78.0
2016-09-23,4,0,21.0,28.0,1,82.0,85.3076923077,54.0,0.819964349376,130.0,24.2594457904,103.0
2016-09-24,5,1,20.0,29.0,1,90.0,85.6153846154,54.0,0.958083832335,130.0,24.4557322572,145.0
2016-09-25,6,1,21.0,30.0,1,90.0,89.1538461538,54.0,1.27095516569,145.0,29.0353793576,100.0
2016-09-26,0,0,24.0,30.0,1,90.0,92.6923076923,54.0,1.32875143184,145.0,27.2859068029,70.0
2016-09-27,1,0,24.0,31.0,0,90.0,93.3076923077,54.0,1.20206067544,145.0,26.6700195131,63.0
2016-09-28,2,0,23.0,29.0,0,90.0,91.8461538462,54.0,0.891695369307,145.0,27.7484473685,97.0
2016-09-29,3,0,23.0,27.0,0,90.0,90.2307692308,54.0,0.860456416012,145.0,26.772988242,87.0
2016-09-30,4,0,25.0,31.0,0,90.0,86.9230769231,54.0,0.928222472755,145.0,24.1866509224,150.0
2016-10-01,5,1,24.0,32.0,1,90.0,89.3076923077,54.0,1.2200913242,150.0,28.3938905004,113.0
2016-10-02,6,1,23.0,32.0,1,92.0,93.0769230769,54.0,1.26880551024,150.0,28.0342140921,135.0
2016-10-03,0,1,22.0,27.0,0,92.0,97.6923076923,54.0,1.38194444444,150.0,29.5748973999,108.0
2016-10-04,1,1,22.0,26.0,0,92.0,100.615384615,54.0,1.20718887759,150.0,28.5536969492,134.0
2016-10-05,2,1,22.0,26.0,1,92.0,106.384615385,54.0,1.24545754873,150.0,27.1024791984,102.0
2016-10-06,3,1,23.0,27.0,0,95.0,108.230769231,54.0,1.14552114552,150.0,25.8966996595,108.0
2016-10-07,4,1,21.0,26.0,0,97.0,108.615384615,54.0,1.15824915825,150.0,25.8532499416,120.0
2016-10-08,5,0,19.0,22.0,0,98.0,106.692307692,54.0,1.11055022716,150.0,23.9338338418,85.0
2016-10-09,6,0,18.0,20.0,1,98.0,105.538461538,54.0,1.04229104229,150.0,24.581467017,88.0
2016-10-10,0,0,18.0,21.0,1,98.0,106.923076923,54.0,0.969396195203,150.0,22.9965266222,70.0
2016-10-11,1,0,19.0,23.0,1,97.0,107.461538462,54.0,0.803970223325,150.0,22.0231185684,89.0
2016-10-12,2,0,19.0,24.0,1,95.0,106.846153846,59.0,0.80521597392,150.0,22.4151259158,69.0
2016-10-13,3,0,19.0,24.0,1,92.0,105.461538462,59.0,0.746561886051,150.0,24.0915413966,76.0
2016-10-14,4,0,20.0,24.0,0,92.0,99.7692307692,59.0,0.776505724241,150.0,21.4983142314,97.0
2016-10-15,5,1,20.0,24.0,1,95.0,98.5384615385,59.0,0.822709501955,150.0,21.1609778188,120.0
2016-10-16,6,1,21.0,26.0,0,97.0,97.3846153846,59.0,0.986033989568,150.0,19.4838728639,138.0
2016-10-17,0,0,20.0,24.0,1,97.0,99.6923076923,59.0,1.15503497641,150.0,22.19280762,77.0
2016-10-18,1,0,20.0,25.0,1,95.0,95.3076923077,59.0,1.08256584262,150.0,20.5515659721,65.0
2016-10-19,2,0,20.0,24.0,0,92.0,92.4615384615,59.0,0.919087477433,150.0,21.9426363489,85.0
2016-10-20,3,0,23.0,26.0,0,90.0,90.6923076923,59.0,0.745851815344,150.0,21.542032671,81.0
2016-10-21,4,0,23.0,27.0,0,90.0,87.6923076923,63.0,0.785714285714,150.0,19.9051002949,85.0
2016-10-22,5,1,21.0,25.0,0,89.0,87.6923076923,63.0,0.866114561767,150.0,19.9051002949,130.0
2016-10-23,6,1,19.0,22.0,0,90.0,90.9230769231,63.0,1.024044283,150.0,22.8791525477,134.0
2016-10-24,0,0,20.0,24.0,1,90.0,95.8461538462,63.0,1.19132957843,150.0,24.6634146798,61.0
2016-10-25,1,0,20.0,26.0,1,89.0,93.6923076923,61.0,1.1524822695,150.0,26.3333208499,68.0
2016-10-26,2,0,22.0,28.0,0,88.0,93.6153846154,61.0,0.949801372337,150.0,26.4066962998,69.0
2016-10-27,3,0,21.0,26.0,1,87.0,93.0769230769,61.0,0.730492529054,150.0,26.828404977,80.0
2016-10-28,4,0,17.0,22.0,0,87.0,91.7692307692,61.0,0.818713450292,150.0,27.0189501765,85.0
2016-10-29,5,1,13.0,16.0,0,85.0,89.0769230769,61.0,0.88285229202,150.0,25.7874791874,129.0
2016-10-30,6,1,14.0,19.0,1,87.0,88.3846153846,61.0,1.08407079646,138.0,24.556178798,116.0
2016-10-31,0,0,14.0,20.0,0,88.0,91.3846153846,61.0,1.18662351672,138.0,25.3514935428,56.0
