time_stamp,dayofweek,holiday,lt,ht,sunny,m2M,w2A,m1L,d3w3,m1Lar,w2Std,pay_sum
2016-08-01,0,0,28.0,36.0,1,150.0,165.384615385,70.0,0.988777676676,224.0,17.2293955496,170.0
2016-08-02,1,0,27.0,36.0,0,152.0,166.769230769,70.0,1.01143889223,224.0,16.8164472885,164.0
2016-08-03,2,0,26.0,32.0,0,152.0,166.538461538,70.0,1.01161858974,224.0,16.8322738745,135.0
2016-08-04,3,0,26.0,33.0,0,150.0,165.461538462,70.0,0.945755192579,224.0,18.3034901448,201.0
2016-08-05,4,0,27.0,33.0,0,152.0,169.230769231,70.0,0.999800039992,224.0,20.100340013,152.0
2016-08-06,5,1,26.0,33.0,0,152.0,165.153846154,126.0,0.983474405482,224.0,17.6584961196,219.0
2016-08-07,6,1,27.0,35.0,1,152.0,167.076923077,126.0,1.14963320269,224.0,21.6136051827,214.0
2016-08-08,0,0,27.0,34.0,0,152.0,172.615384615,126.0,1.14537444934,224.0,23.6107487306,166.0
2016-08-09,1,0,27.0,34.0,1,155.0,171.923076923,126.0,1.16798284099,219.0,23.6625687482,182.0
2016-08-10,2,0,28.0,35.0,1,157.0,173.076923077,126.0,1.0910502815,219.0,23.7598936104,195.0
2016-08-11,3,0,28.0,35.0,1,158.0,175.923076923,126.0,1.04022988506,219.0,23.9982740997,202.0
2016-08-12,4,0,28.0,36.0,1,158.0,179.538461538,126.0,1.09348441926,219.0,24.1138816855,213.0
2016-08-13,5,1,28.0,36.0,1,163.0,183.384615385,126.0,1.14942528736,219.0,25.1351377145,239.0
2016-08-14,6,1,28.0,37.0,1,164.0,188.615384615,126.0,1.21685738208,239.0,28.8191668634,235.0
2016-08-15,0,0,27.0,36.0,1,166.0,193.615384615,126.0,1.24591947769,239.0,30.7309377101,198.0
2016-08-16,1,0,27.0,36.0,1,167.0,196.230769231,126.0,1.21113814544,239.0,29.5222311179,190.0
2016-08-17,2,0,27.0,36.0,1,167.0,200.461538462,135.0,1.11588751567,239.0,23.8379638541,171.0
2016-08-18,3,0,28.0,36.0,1,167.0,198.153846154,135.0,0.997768853191,239.0,25.0931990598,130.0
2016-08-19,4,0,29.0,37.0,1,167.0,196.461538462,130.0,0.882300089847,239.0,28.6399811576,189.0
2016-08-20,5,1,28.0,37.0,0,169.0,194.153846154,130.0,0.87437544611,239.0,27.9308105417,225.0
2016-08-21,6,1,28.0,35.0,0,169.0,195.0,130.0,0.956904133685,239.0,28.6759078724,229.0
2016-08-22,0,0,27.0,35.0,1,169.0,199.846153846,130.0,1.11370918853,239.0,28.6889047271,121.0
2016-08-23,1,0,26.0,35.0,1,169.0,195.153846154,121.0,1.00718164302,239.0,35.422387866,177.0
2016-08-24,2,0,25.0,34.0,1,169.0,193.769230769,121.0,0.913028413028,239.0,35.7516085623,166.0
2016-08-25,3,0,26.0,35.0,1,169.0,191.0,121.0,0.8112597255,239.0,36.3952659643,186.0
2016-08-26,4,0,24.0,32.0,0,170.0,188.923076923,121.0,0.91673165237,239.0,35.846814124,174.0
2016-08-27,5,1,23.0,30.0,1,171.0,183.923076923,121.0,0.922321585131,239.0,32.9275697869,203.0
2016-08-28,6,1,20.0,31.0,1,171.0,181.461538462,121.0,0.99006418711,239.0,30.0911829269,217.0
2016-08-29,0,0,20.0,32.0,1,173.0,182.923076923,121.0,1.03071317022,239.0,31.2962557074,190.0
2016-08-30,1,0,21.0,31.0,1,174.0,182.923076923,121.0,1.05627705628,239.0,31.2962557074,171.0
2016-08-31,2,0,23.0,33.0,1,174.0,182.923076923,121.0,1.00714410176,239.0,31.2962557074,164.0
2016-09-01,3,0,24.0,33.0,1,173.0,185.538461538,121.0,0.923970432946,239.0,28.0126767584,156.0
2016-09-02,4,0,24.0,34.0,1,173.0,183.0,121.0,0.877334048066,239.0,29.0596204115,151.0
2016-09-03,5,1,22.0,34.0,1,173.0,177.307692308,121.0,0.861926983256,239.0,27.4797397126,328.0
2016-09-04,6,1,23.0,32.0,1,173.0,184.923076923,121.0,1.13311920057,328.0,47.3115070382,222.0
2016-09-05,0,0,24.0,32.0,1,174.0,192.692307692,121.0,1.24290780142,328.0,44.3784157782,142.0
2016-09-06,1,0,21.0,26.0,0,174.0,190.0,121.0,1.24281609195,328.0,46.2701099731,127.0
2016-09-07,2,0,21.0,25.0,0,173.0,187.0,121.0,0.892402762632,328.0,48.9175129879,151.0
2016-09-08,3,0,21.0,30.0,1,171.0,184.307692308,121.0,0.759013282732,328.0,49.8526823835,138.0
2016-09-09,4,0,22.0,32.0,1,171.0,181.538461538,121.0,0.762323621037,328.0,51.326429516,178.0
2016-09-10,5,1,23.0,29.0,1,171.0,179.615384615,121.0,0.866982270491,328.0,50.9532794469,222.0
2016-09-11,6,1,21.0,28.0,1,173.0,180.0,121.0,1.00074404762,328.0,51.2520168459,227.0
2016-09-12,0,0,21.0,29.0,1,174.0,182.846153846,121.0,1.13279132791,328.0,52.7342337413,162.0
2016-09-13,1,0,21.0,30.0,1,174.0,182.153846154,121.0,1.10839002268,328.0,52.9438689032,139.0
2016-09-14,2,0,21.0,24.0,0,171.0,180.230769231,121.0,0.964912280702,328.0,54.0116139165,212.0
2016-09-15,3,1,21.0,25.0,0,171.0,184.538461538,121.0,0.930865541644,328.0,54.1402955074,207.0
2016-09-16,4,1,22.0,25.0,0,174.0,188.846153846,121.0,1.00350687888,328.0,53.5247550978,215.0
2016-09-17,5,1,21.0,27.0,1,175.0,180.153846154,121.0,1.13650622927,328.0,36.7755063843,183.0
2016-09-18,6,0,21.0,27.0,1,177.0,177.153846154,121.0,1.09452736318,328.0,34.775867304,160.0
2016-09-19,0,0,20.0,26.0,1,177.0,178.538461538,121.0,1.01778385773,328.0,33.6900245099,144.0
2016-09-20,1,0,19.0,26.0,1,177.0,179.846153846,121.0,0.894891583976,328.0,31.9491089411,124.0
2016-09-21,2,0,18.0,26.0,1,175.0,177.769230769,124.0,0.795243403939,328.0,34.5301514759,124.0
2016-09-22,3,0,17.0,27.0,1,174.0,176.692307692,124.0,0.734908136483,328.0,35.9430845288,130.0
2016-09-23,4,0,19.0,27.0,1,174.0,173.0,124.0,0.712871287129,328.0,38.0242837388,134.0
2016-09-24,5,1,19.0,28.0,1,171.0,166.230769231,124.0,0.77421929562,328.0,36.5011145165,176.0
2016-09-25,6,1,21.0,29.0,1,174.0,162.307692308,124.0,0.89023773394,328.0,32.2523335241,215.0
2016-09-26,0,0,23.0,30.0,1,176.0,166.384615385,124.0,1.03919239905,328.0,35.1732819526,118.0
2016-09-27,1,0,23.0,30.0,1,176.0,164.769230769,118.0,1.01022129602,328.0,36.8367580762,128.0
2016-09-28,2,0,21.0,26.0,0,176.0,158.307692308,118.0,0.921262989608,328.0,35.3213481217,124.0
2016-09-29,3,0,20.0,23.0,0,176.0,151.923076923,118.0,0.742524583584,328.0,33.3915271115,124.0
2016-09-30,4,0,21.0,24.0,0,176.0,144.923076923,118.0,0.767033863729,328.0,28.6341956367,182.0
2016-10-01,5,1,22.0,25.0,0,177.0,144.846153846,118.0,0.888062783974,328.0,28.5329665039,204.0
2016-10-02,6,1,21.0,30.0,0,178.0,148.230769231,118.0,1.0608424337,328.0,32.4680999566,164.0
2016-10-03,0,1,19.0,25.0,1,177.0,149.769230769,118.0,1.14333229394,227.0,32.7041607472,176.0
2016-10-04,1,1,21.0,27.0,1,177.0,153.769230769,118.0,1.11796136457,227.0,32.4870479426,177.0
2016-10-05,2,1,20.0,28.0,1,177.0,157.846153846,118.0,1.07406253246,227.0,31.8139934229,178.0
2016-10-06,3,1,20.0,25.0,1,177.0,161.538461538,118.0,1.11320754717,227.0,31.1463428761,170.0
2016-10-07,4,1,18.0,22.0,0,177.0,164.307692308,118.0,1.11642743222,227.0,30.1595363548,145.0
2016-10-08,5,0,16.0,23.0,1,176.0,161.923076923,118.0,1.06124206221,227.0,30.3656221065,144.0
2016-10-09,6,0,14.0,21.0,1,176.0,156.461538462,118.0,0.993184031159,227.0,26.4622092938,167.0
2016-10-10,0,0,15.0,22.0,1,174.0,160.230769231,118.0,0.979381443299,227.0,24.0996452133,146.0
2016-10-11,1,0,17.0,23.0,1,171.0,161.615384615,118.0,0.974621454468,215.0,22.6835706779,136.0
2016-10-12,2,0,17.0,22.0,1,171.0,162.538461538,118.0,0.953898449118,215.0,21.3383561641,159.0
2016-10-13,3,0,17.0,20.0,1,170.0,165.230769231,118.0,0.928323334386,215.0,18.297346786,155.0
2016-10-14,4,0,18.0,21.0,1,167.0,163.153846154,118.0,0.941028858218,215.0,17.8016686938,181.0
2016-10-15,5,1,19.0,21.0,0,167.0,161.384615385,118.0,1.03351080489,215.0,14.4889266022,190.0
2016-10-16,6,1,18.0,25.0,1,167.0,163.384615385,118.0,1.1069023569,215.0,16.3826289876,184.0
2016-10-17,0,0,18.0,25.0,1,170.0,164.0,118.0,1.14409400124,215.0,16.9841555122,114.0
2016-10-18,1,0,18.0,24.0,1,167.0,159.153846154,114.0,1.01035196687,215.0,21.0780460116,149.0
2016-10-19,2,0,19.0,22.0,0,166.0,156.923076923,114.0,0.918335901387,215.0,20.4918803374,127.0
2016-10-20,3,0,19.0,22.0,0,164.0,153.615384615,114.0,0.800492610837,215.0,21.5568602735,156.0
2016-10-21,4,0,20.0,22.0,0,164.0,154.461538462,114.0,0.893854748603,215.0,21.4175175772,157.0
2016-10-22,5,1,19.0,22.0,0,164.0,155.461538462,114.0,0.923884514436,215.0,21.2081819647,196.0
2016-10-23,6,1,16.0,22.0,1,164.0,157.692307692,114.0,1.05810206839,215.0,23.6850638277,206.0
2016-10-24,0,0,17.0,23.0,1,164.0,162.307692308,114.0,1.15127175368,215.0,26.620942061,141.0
2016-10-25,1,0,16.0,19.0,1,162.0,162.692307692,114.0,1.13089659481,206.0,26.2719054838,122.0
2016-10-26,2,0,17.0,20.0,0,160.0,159.846153846,114.0,0.994170641229,206.0,28.4330418672,117.0
2016-10-27,3,0,16.0,19.0,0,159.0,156.923076923,114.0,0.819318671841,206.0,30.6480305264,130.0
2016-10-28,4,0,14.0,18.0,0,157.0,153.0,114.0,0.799480013,206.0,30.5790275038,130.0
2016-10-29,5,1,9.0,13.0,0,156.0,148.384615385,114.0,0.820546305365,206.0,29.1403459711,169.0
2016-10-30,6,1,13.0,18.0,1,156.0,147.230769231,114.0,0.933115823817,206.0,27.9811855639,206.0
2016-10-31,0,0,11.0,16.0,0,157.0,154.307692308,114.0,1.07733333333,206.0,30.2257776267,140.0
