time_stamp,dayofweek,holiday,lt,ht,sunny,m2M,w2A,m1L,d3w3,m1Lar,w2Std,pay_sum
2016-08-01,0,0,25.0,39.0,1,62.0,83.4615384615,36.0,1.02966841187,112.0,14.2160006527,71.0
2016-08-02,1,0,26.0,38.0,1,63.0,83.9230769231,36.0,0.968586387435,112.0,13.6970605407,71.0
2016-08-03,2,0,24.0,36.0,1,64.0,83.3846153846,36.0,0.925805753839,112.0,14.0523113978,92.0
2016-08-04,3,0,23.0,31.0,0,65.0,83.0,36.0,0.976831559173,112.0,13.7393315256,59.0
2016-08-05,4,0,23.0,31.0,0,65.0,81.7692307692,36.0,0.941475826972,112.0,15.0545359694,79.0
2016-08-06,5,1,23.0,35.0,1,65.0,80.0,36.0,0.9754028838,112.0,13.8785944755,79.0
2016-08-07,6,1,22.0,33.0,1,68.0,77.4615384615,36.0,0.905298289529,112.0,10.3672219008,77.0
2016-08-08,0,0,23.0,34.0,0,69.0,77.5384615385,36.0,0.97127505683,112.0,10.3597994086,83.0
2016-08-09,1,0,23.0,33.0,0,69.0,78.9230769231,36.0,0.976905783773,112.0,9.77800938104,108.0
2016-08-10,2,0,25.0,34.0,1,71.0,79.5384615385,36.0,1.0756572346,112.0,11.2291885084,100.0
2016-08-11,3,0,24.0,37.0,1,71.0,81.1538461538,36.0,1.16586538462,112.0,12.476723891,90.0
2016-08-12,4,0,25.0,38.0,1,71.0,81.5384615385,36.0,1.18324399444,112.0,12.6650056006,89.0
2016-08-13,5,1,25.0,39.0,1,71.0,82.3076923077,53.0,1.11644657863,112.0,12.7905290405,106.0
2016-08-14,6,1,24.0,41.0,1,72.0,84.9230769231,53.0,1.14457831325,112.0,13.8478631424,72.0
2016-08-15,0,0,25.0,40.0,1,72.0,85.0,53.0,1.07487922705,112.0,13.7728830567,66.0
2016-08-16,1,0,26.0,40.0,1,72.0,84.6153846154,59.0,0.98169382418,112.0,14.220994564,79.0
2016-08-17,2,0,26.0,40.0,1,73.0,83.6153846154,59.0,0.884270578647,112.0,14.1232947863,95.0
2016-08-18,3,0,25.0,40.0,1,75.0,86.3846153846,59.0,0.968523002421,112.0,12.4563141946,81.0
2016-08-19,4,0,26.0,41.0,1,75.0,86.5384615385,59.0,1.03155339806,112.0,12.3762513563,97.0
2016-08-20,5,1,26.0,41.0,1,76.0,87.9230769231,59.0,1.09243697479,112.0,12.4620132863,90.0
2016-08-21,6,1,27.0,42.0,1,77.0,88.9230769231,59.0,1.06096595408,112.0,12.0604983853,73.0
2016-08-22,0,0,25.0,40.0,1,76.0,88.1538461538,59.0,1.02807433768,112.0,12.7148983108,78.0
2016-08-23,1,0,27.0,42.0,1,76.0,85.8461538462,59.0,0.949005709785,108.0,11.5748145281,83.0
2016-08-24,2,0,27.0,41.0,1,77.0,84.5384615385,59.0,0.926365795724,108.0,10.8387863684,80.0
2016-08-25,3,0,25.0,38.0,0,77.0,83.7692307692,59.0,0.942326490714,108.0,10.7785673813,107.0
2016-08-26,4,0,22.0,35.0,0,78.0,85.1538461538,59.0,1.03866128102,108.0,12.3963155435,74.0
2016-08-27,5,1,21.0,30.0,1,78.0,82.6923076923,59.0,1.00694444444,108.0,11.1243642196,77.0
2016-08-28,6,1,21.0,33.0,1,78.0,83.0769230769,59.0,0.99537037037,108.0,10.8305944042,66.0
2016-08-29,0,0,19.0,32.0,1,78.0,83.0769230769,59.0,0.845509448665,108.0,10.8305944042,62.0
2016-08-30,1,0,19.0,24.0,1,78.0,81.7692307692,59.0,0.820820820821,108.0,12.1854506318,84.0
2016-08-31,2,0,19.0,27.0,1,78.0,80.9230769231,59.0,0.857085102082,108.0,11.6054465891,68.0
2016-09-01,3,0,22.0,32.0,1,78.0,79.9230769231,59.0,0.876869493956,108.0,12.1050627581,70.0
2016-09-02,4,0,21.0,34.0,1,78.0,77.8461538462,59.0,0.92039800995,108.0,11.2854307293,96.0
2016-09-03,5,1,23.0,32.0,1,79.0,78.3076923077,62.0,0.976220275344,108.0,11.8800713245,71.0
2016-09-04,6,1,21.0,30.0,1,79.0,78.1538461538,62.0,0.989355040701,108.0,11.9604872157,69.0
2016-09-05,0,0,23.0,31.0,1,78.0,77.4615384615,62.0,0.983333333333,108.0,12.207282723,55.0
2016-09-06,1,0,21.0,27.0,0,78.0,75.3076923077,55.0,0.824873096447,108.0,13.447245159,42.0
2016-09-07,2,0,19.0,32.0,1,78.0,72.3846153846,42.0,0.726636025388,108.0,15.9977809112,54.0
2016-09-08,3,0,20.0,29.0,1,78.0,68.3076923077,42.0,0.672905525847,107.0,13.1581189641,55.0
2016-09-09,4,0,20.0,27.0,0,78.0,66.8461538462,42.0,0.692342961944,107.0,13.4955614005,89.0
2016-09-10,5,1,19.0,34.0,1,78.0,67.7692307692,42.0,0.908465244322,107.0,14.5293011434,102.0
2016-09-11,6,1,20.0,32.0,1,79.0,70.5384615385,42.0,1.10661268556,107.0,17.1267464449,62.0
2016-09-12,0,0,19.0,33.0,1,79.0,70.5384615385,42.0,1.15052296498,107.0,17.1267464449,59.0
2016-09-13,1,0,23.0,34.0,1,78.0,68.6153846154,42.0,1.03097549699,107.0,16.909435061,60.0
2016-09-14,2,0,20.0,31.0,1,78.0,68.0,42.0,0.848570089076,107.0,17.0654847347,46.0
2016-09-15,3,1,20.0,31.0,1,78.0,66.1538461538,42.0,0.808229243204,107.0,18.0206981588,47.0
2016-09-16,4,1,22.0,32.0,1,78.0,62.3846153846,42.0,0.764617691154,107.0,16.438877285,51.0
2016-09-17,5,1,21.0,37.0,1,78.0,60.8461538462,42.0,0.733944954128,107.0,16.496368616,90.0
2016-09-18,6,0,20.0,32.0,1,78.0,62.4615384615,42.0,0.940940940941,107.0,18.1600380575,74.0
2016-09-19,0,0,18.0,23.0,0,77.0,63.9230769231,42.0,1.06646825397,107.0,18.2649792624,51.0
2016-09-20,1,0,21.0,25.0,0,77.0,64.6153846154,42.0,1.09331299263,107.0,17.5785641382,68.0
2016-09-21,2,0,18.0,25.0,1,77.0,65.6923076923,42.0,0.981439105009,107.0,17.3222161284,60.0
2016-09-22,3,0,19.0,32.0,1,76.0,66.0769230769,42.0,0.917243146298,107.0,17.1350362549,61.0
2016-09-23,4,0,21.0,28.0,1,74.0,63.9230769231,42.0,0.995260663507,107.0,15.828219874,73.0
2016-09-24,5,1,19.0,22.0,0,74.0,61.6923076923,42.0,1.01997896951,102.0,11.8476522529,90.0
2016-09-25,6,1,21.0,24.0,0,74.0,63.8461538462,42.0,1.15852081717,102.0,14.0485211587,72.0
2016-09-26,0,0,19.0,25.0,0,74.0,64.8461538462,42.0,1.19959162838,102.0,14.1304153886,77.0
2016-09-27,1,0,20.0,23.0,0,74.0,66.1538461538,42.0,1.18816803381,102.0,14.4053737508,71.0
2016-09-28,2,0,20.0,25.0,1,73.0,68.0769230769,42.0,1.08001963672,102.0,13.2052526755,61.0
2016-09-29,3,0,18.0,27.0,1,73.0,69.1538461538,42.0,1.02150537634,102.0,11.9540540522,44.0
2016-09-30,4,0,19.0,29.0,1,73.0,68.6153846154,42.0,0.889562800101,102.0,12.881342868,65.0
2016-10-01,5,1,19.0,31.0,1,73.0,66.6923076923,42.0,0.884035361414,102.0,11.3163232367,81.0
2016-10-02,6,1,20.0,34.0,1,73.0,67.2307692308,42.0,0.973610043556,102.0,11.8071285258,69.0
2016-10-03,0,1,20.0,35.0,1,73.0,68.6153846154,42.0,1.09331299263,102.0,10.8382404301,69.0
2016-10-04,1,1,19.0,33.0,1,73.0,68.6923076923,42.0,1.10606060606,102.0,10.837148471,55.0
2016-10-05,2,1,21.0,34.0,1,72.0,68.3076923077,42.0,0.968146476047,102.0,11.2207542279,52.0
2016-10-06,3,1,19.0,29.0,1,72.0,67.6153846154,44.0,0.87956021989,102.0,11.9069369667,55.0
2016-10-07,4,1,18.0,27.0,1,71.0,66.2307692308,44.0,0.807174887892,102.0,12.2421330856,50.0
2016-10-08,5,0,20.0,23.0,0,71.0,63.1538461538,44.0,0.80636877247,102.0,10.826222822,45.0
2016-10-09,6,0,18.0,22.0,1,70.0,61.0769230769,44.0,0.788022064618,102.0,11.4989065598,55.0
2016-10-10,0,0,15.0,19.0,0,69.0,59.3846153846,44.0,0.785545954438,90.0,10.6159420144,57.0
2016-10-11,1,0,14.0,18.0,0,69.0,58.3076923077,44.0,0.829371368199,90.0,10.0795651263,64.0
2016-10-12,2,0,14.0,17.0,0,69.0,58.5384615385,44.0,0.926803580832,90.0,10.1724770799,57.0
2016-10-13,3,0,14.0,17.0,0,68.0,59.5384615385,44.0,0.94030639197,90.0,9.29528734703,48.0
2016-10-14,4,0,15.0,17.0,0,68.0,58.2307692308,44.0,0.910805712746,90.0,9.62491835053,49.0
2016-10-15,5,1,15.0,19.0,0,68.0,55.7692307692,44.0,0.858416945373,90.0,7.29756383116,111.0
2016-10-16,6,1,16.0,25.0,1,68.0,59.0,44.0,1.12280701754,111.0,16.2480768093,66.0
2016-10-17,0,0,16.0,25.0,1,66.0,58.7692307692,44.0,1.23093681917,111.0,16.1252494132,56.0
2016-10-18,1,0,16.0,25.0,1,66.0,58.8461538462,44.0,1.28480838158,111.0,16.1094628371,51.0
2016-10-19,2,0,18.0,28.0,1,65.0,58.7692307692,44.0,0.961912705032,111.0,16.1443195352,48.0
2016-10-20,3,0,18.0,26.0,0,64.0,58.2307692308,44.0,0.858963701856,111.0,16.3761263672,57.0
2016-10-21,4,0,17.0,22.0,0,62.0,58.7692307692,44.0,0.870292887029,111.0,16.2108882979,60.0
2016-10-22,5,1,18.0,25.0,1,62.0,59.9230769231,44.0,0.936967632027,111.0,15.7160453944,72.0
2016-10-23,6,1,18.0,23.0,0,62.0,61.2307692308,44.0,1.07051826678,111.0,15.9574137395,71.0
2016-10-24,0,0,17.0,18.0,0,62.0,62.3076923077,44.0,1.14786542267,111.0,16.1072588289,70.0
2016-10-25,1,0,16.0,22.0,0,62.0,62.7692307692,44.0,1.18927973199,111.0,16.2345967051,64.0
2016-10-26,2,0,16.0,18.0,0,62.0,63.3076923077,44.0,1.13322277501,111.0,16.1501827348,45.0
2016-10-27,3,0,11.0,17.0,0,61.0,63.0769230769,44.0,0.997770345596,111.0,16.3869626343,41.0
2016-10-28,4,0,9.0,13.0,0,61.0,62.4615384615,41.0,0.842459983151,111.0,17.0411961688,60.0
2016-10-29,5,1,9.0,13.0,0,60.0,58.5384615385,41.0,0.809761508597,111.0,9.70816773187,83.0
2016-10-30,6,1,12.0,17.0,0,60.0,59.8461538462,41.0,0.9972899729,111.0,11.5880983629,69.0
2016-10-31,0,0,10.0,18.0,0,60.0,60.8461538462,41.0,1.13794954375,111.0,11.7724982895,56.0
