time_stamp,dayofweek,holiday,lt,ht,sunny,m2M,w2A,m1L,d3w3,m1Lar,w2Std,pay_sum
2016-08-01,0,0,27.0,37.0,1,33.0,64.7692307692,25.0,1.56585493585,143.0,42.3050348816,54.0
2016-08-02,1,0,27.0,35.0,0,33.0,66.8461538462,25.0,1.62037037037,143.0,41.0437780422,30.0
2016-08-03,2,0,26.0,32.0,0,33.0,65.6153846154,27.0,1.05044201768,143.0,41.8817721716,51.0
2016-08-04,3,0,27.0,33.0,0,35.0,67.1538461538,27.0,0.697134004648,143.0,40.9386899077,31.0
2016-08-05,4,0,26.0,33.0,0,35.0,66.4615384615,27.0,0.585161964472,143.0,41.4647494118,42.0
2016-08-06,5,1,26.0,34.0,0,36.0,60.7692307692,27.0,0.695262125035,143.0,39.2960241601,107.0
2016-08-07,6,1,27.0,35.0,1,37.0,58.9230769231,27.0,1.01180438449,143.0,36.4110328556,97.0
2016-08-08,0,0,26.0,34.0,0,38.0,63.8461538462,27.0,1.30781499203,143.0,36.8966251403,38.0
2016-08-09,1,0,26.0,30.0,0,38.0,64.4615384615,27.0,1.27536231884,143.0,36.3902256205,97.0
2016-08-10,2,0,27.0,35.0,0,38.0,68.3076923077,27.0,1.17527862209,143.0,36.9789641145,44.0
2016-08-11,3,0,27.0,36.0,1,40.0,68.4615384615,27.0,0.897918234261,143.0,36.8732034965,60.0
2016-08-12,4,0,27.0,36.0,1,42.0,70.1538461538,27.0,0.993328391401,143.0,35.9290886091,43.0
2016-08-13,5,1,27.0,35.0,1,42.0,62.4615384615,27.0,0.76802507837,143.0,29.6689824684,96.0
2016-08-14,6,1,28.0,35.0,1,42.0,60.7692307692,27.0,1.06903035187,143.0,26.9562433075,108.0
2016-08-15,0,0,27.0,36.0,1,43.0,64.9230769231,27.0,1.25126646403,143.0,29.6218774101,38.0
2016-08-16,1,0,26.0,36.0,1,43.0,65.5384615385,27.0,1.21852970796,143.0,28.9658031389,43.0
2016-08-17,2,0,28.0,37.0,1,43.0,64.9230769231,27.0,0.954545454545,143.0,29.3505642416,32.0
2016-08-18,3,0,28.0,37.0,1,42.0,65.0,30.0,0.575063613232,143.0,29.2627355575,47.0
2016-08-19,4,0,28.0,38.0,1,43.0,65.3846153846,30.0,0.616628759161,143.0,28.9894900359,46.0
2016-08-20,5,1,27.0,37.0,0,43.0,60.6923076923,30.0,0.681942171304,143.0,26.7218856295,107.0
2016-08-21,6,1,27.0,35.0,0,44.0,61.4615384615,30.0,1.10101844206,143.0,27.8750381431,134.0
2016-08-22,0,0,27.0,36.0,1,44.0,68.8461538462,30.0,1.48205525432,143.0,32.9378112249,46.0
2016-08-23,1,0,27.0,35.0,0,44.0,64.9230769231,30.0,1.46391226728,143.0,32.3834277144,46.0
2016-08-24,2,0,27.0,35.0,1,44.0,65.0769230769,30.0,1.15719406042,143.0,32.2882725518,41.0
2016-08-25,3,0,26.0,35.0,1,44.0,63.6153846154,30.0,0.67581300813,143.0,32.9090552456,36.0
2016-08-26,4,0,25.0,34.0,0,44.0,63.0769230769,30.0,0.62787136294,143.0,33.2969426604,44.0
2016-08-27,5,1,23.0,31.0,1,44.0,59.0769230769,30.0,0.648967551622,143.0,32.2071696234,115.0
2016-08-28,6,1,21.0,31.0,1,44.0,59.6153846154,30.0,1.03092783505,143.0,33.0676194429,66.0
2016-08-29,0,0,21.0,32.0,1,46.0,61.7692307692,30.0,1.1636927851,134.0,32.4965177925,34.0
2016-08-30,1,0,21.0,32.0,1,46.0,61.0769230769,30.0,1.16911364872,134.0,32.9812570047,17.0
2016-08-31,2,0,21.0,33.0,1,44.0,59.9230769231,17.0,0.650542118432,134.0,34.2175428207,29.0
2016-09-01,3,0,23.0,33.0,0,44.0,58.5384615385,17.0,0.456621004566,134.0,35.0661251936,56.0
2016-09-02,4,0,22.0,34.0,1,44.0,59.3076923077,17.0,0.575783234547,134.0,34.8918871227,60.0
2016-09-03,5,1,23.0,35.0,1,46.0,55.6923076923,17.0,0.844250363901,134.0,32.0849464232,57.0
2016-09-04,6,1,24.0,32.0,1,46.0,49.7692307692,17.0,1.05423522243,134.0,22.8646648654,42.0
2016-09-05,0,0,24.0,30.0,0,46.0,49.4615384615,17.0,0.965391621129,134.0,22.9401072515,50.0
2016-09-06,1,0,23.0,28.0,0,46.0,49.7692307692,17.0,0.898944193062,134.0,22.9184300917,52.0
2016-09-07,2,0,21.0,27.0,0,46.0,50.6153846154,17.0,0.853333333333,134.0,22.7817013667,72.0
2016-09-08,3,0,22.0,30.0,1,46.0,53.3846153846,17.0,1.00869565217,134.0,23.0235279711,49.0
2016-09-09,4,0,22.0,29.0,1,46.0,53.7692307692,17.0,1.0002891009,134.0,22.9050006168,66.0
2016-09-10,5,1,22.0,28.0,0,46.0,50.0,17.0,1.12110311751,134.0,15.2819652381,72.0
2016-09-11,6,1,21.0,25.0,0,46.0,50.4615384615,17.0,1.1873015873,134.0,15.8386838255,97.0
2016-09-12,0,0,21.0,27.0,1,47.0,55.3076923077,17.0,1.42294883439,134.0,19.3167309521,49.0
2016-09-13,1,0,21.0,28.0,0,47.0,57.7692307692,17.0,1.31642512077,134.0,16.0391532778,50.0
2016-09-14,2,0,21.0,25.0,0,47.0,59.3846153846,17.0,1.17400419287,134.0,13.9864685241,74.0
2016-09-15,3,1,22.0,25.0,0,47.0,60.7692307692,17.0,1.0020272227,134.0,14.4656295359,147.0
2016-09-16,4,1,23.0,27.0,0,49.0,67.4615384615,17.0,1.44072301967,147.0,27.1367346389,127.0
2016-09-17,5,1,22.0,27.0,1,49.0,72.8461538462,17.0,1.83254344392,147.0,31.1715998796,111.0
2016-09-18,6,0,22.0,26.0,0,50.0,78.1538461538,17.0,1.95779303331,147.0,31.3414106841,53.0
2016-09-19,0,0,20.0,27.0,1,50.0,78.3846153846,17.0,1.45864661654,147.0,31.1436830526,55.0
2016-09-20,1,0,19.0,26.0,1,51.0,78.6153846154,17.0,1.06725146199,147.0,30.9578832052,58.0
2016-09-21,2,0,19.0,26.0,1,51.0,77.5384615385,17.0,0.79217370556,147.0,31.4094924031,48.0
2016-09-22,3,0,20.0,27.0,1,50.0,77.4615384615,17.0,0.772738180946,147.0,31.4804344233,76.0
2016-09-23,4,0,20.0,29.0,1,51.0,78.2307692308,17.0,0.863582443654,147.0,31.3127004121,82.0
2016-09-24,5,1,21.0,30.0,1,52.0,79.0,17.0,0.960372960373,147.0,31.2729915422,163.0
2016-09-25,6,1,21.0,30.0,1,53.0,84.0769230769,17.0,1.37975499678,163.0,38.3415050033,147.0
2016-09-26,0,0,24.0,31.0,1,54.0,91.6153846154,17.0,1.5857605178,163.0,40.2884569488,44.0
2016-09-27,1,0,23.0,28.0,0,54.0,91.1538461538,17.0,1.43902439024,163.0,40.793751697,62.0
2016-09-28,2,0,22.0,28.0,0,54.0,90.2307692308,17.0,1.03476482618,163.0,41.3040393744,56.0
2016-09-29,3,0,22.0,25.0,0,54.0,83.2307692308,29.0,0.659743433109,163.0,38.7202071,58.0
2016-09-30,4,0,22.0,29.0,0,55.0,77.9230769231,42.0,0.720278289339,163.0,37.0497825976,83.0
2016-10-01,5,1,23.0,30.0,0,56.0,75.7692307692,42.0,0.80081300813,163.0,35.8590270711,123.0
2016-10-02,6,1,22.0,30.0,1,56.0,81.1538461538,42.0,1.05642256903,163.0,37.2638124187,105.0
2016-10-03,0,1,21.0,27.0,0,57.0,85.0,42.0,1.20402632598,163.0,36.9448653662,113.0
2016-10-04,1,1,20.0,27.0,1,58.0,89.2307692308,44.0,1.27357609711,163.0,36.7594129152,78.0
2016-10-05,2,1,21.0,27.0,1,58.0,91.5384615385,44.0,1.10303707844,163.0,34.9980557364,95.0
2016-10-06,3,1,22.0,27.0,0,58.0,93.0,44.0,1.09767798887,163.0,34.7142178808,96.0
2016-10-07,4,1,20.0,23.0,0,58.0,94.0769230769,44.0,1.05119187182,163.0,34.5731366114,102.0
2016-10-08,5,0,17.0,22.0,0,58.0,89.3846153846,44.0,1.15105087409,163.0,28.5078625094,63.0
2016-10-09,6,0,16.0,22.0,1,60.0,82.9230769231,44.0,1.01933216169,163.0,23.8568214353,62.0
2016-10-10,0,0,15.0,21.0,1,60.0,84.3076923077,44.0,0.882924931933,163.0,22.0083362366,60.0
2016-10-11,1,0,17.0,23.0,1,60.0,84.1538461538,44.0,0.718725718726,163.0,22.1701329022,46.0
2016-10-12,2,0,18.0,25.0,1,60.0,83.3846153846,44.0,0.653442240373,163.0,23.279368421,66.0
2016-10-13,3,0,18.0,23.0,1,60.0,84.0,44.0,0.672926447574,163.0,22.69869532,64.0
2016-10-14,4,0,19.0,22.0,0,60.0,82.5384615385,44.0,0.69592724397,163.0,23.3192406019,92.0
2016-10-15,5,1,20.0,23.0,0,62.0,80.1538461538,44.0,0.916408668731,163.0,20.4707902739,142.0
2016-10-16,6,1,20.0,26.0,0,62.0,83.0,44.0,1.23395445135,163.0,25.645512428,143.0
2016-10-17,0,0,20.0,24.0,0,63.0,85.3076923077,44.0,1.47064560172,163.0,29.3267654472,69.0
2016-10-18,1,0,20.0,24.0,0,64.0,84.6153846154,44.0,1.37529137529,163.0,29.5960976158,53.0
2016-10-19,2,0,20.0,24.0,0,63.0,81.3846153846,44.0,1.03132905234,163.0,30.5627688575,80.0
2016-10-20,3,0,21.0,25.0,0,63.0,80.1538461538,44.0,0.776176753122,163.0,30.2701837403,79.0
2016-10-21,4,0,21.0,25.0,0,64.0,78.3846153846,44.0,0.816483728096,163.0,29.6064921715,84.0
2016-10-22,5,1,20.0,23.0,0,66.0,80.0,44.0,0.957446808511,163.0,29.2942630246,119.0
2016-10-23,6,1,17.0,23.0,0,66.0,84.3846153846,44.0,1.101992966,163.0,30.5123895682,145.0
2016-10-24,0,0,19.0,24.0,1,66.0,90.9230769231,44.0,1.33486766398,147.0,33.5432247853,51.0
2016-10-25,1,0,19.0,23.0,1,66.0,91.3076923077,44.0,1.22735242548,145.0,33.050973721,66.0
2016-10-26,2,0,19.0,24.0,0,66.0,91.3076923077,46.0,1.03844629409,145.0,33.050973721,60.0
2016-10-27,3,0,18.0,24.0,0,66.0,91.0,46.0,0.716889428919,145.0,33.321279872,72.0
2016-10-28,4,0,15.0,19.0,0,66.0,89.4615384615,46.0,0.816831683168,145.0,33.6991563113,95.0
2016-10-29,5,1,12.0,15.0,0,69.0,85.8461538462,46.0,0.918284789644,145.0,30.2091329895,143.0
2016-10-30,6,1,14.0,18.0,1,72.0,85.8461538462,46.0,1.19529593214,145.0,30.2091329895,141.0
2016-10-31,0,0,12.0,17.0,0,72.0,91.3846153846,46.0,1.39594843462,145.0,33.0769230769,65.0
