time_stamp,dayofweek,holiday,lt,ht,sunny,m2M,w2A,m1L,d3w3,m1Lar,w2Std,pay_sum
2016-08-01,0,0,27.0,37.0,1,76.0,91.3076923077,64.0,1.12207602339,141.0,20.9445591076,72.0
2016-08-02,1,0,27.0,35.0,0,76.0,90.6153846154,64.0,0.978021978022,141.0,21.4172412988,80.0
2016-08-03,2,0,26.0,32.0,0,76.0,90.7692307692,64.0,0.983187134503,141.0,21.3330867836,76.0
2016-08-04,3,0,27.0,33.0,0,76.0,91.6153846154,64.0,0.833333333333,141.0,20.4959225271,59.0
2016-08-05,4,0,26.0,33.0,0,76.0,85.3076923077,59.0,0.821394460363,141.0,16.5686665142,102.0
2016-08-06,5,1,26.0,34.0,0,76.0,87.3076923077,59.0,0.89823763502,141.0,16.8905281394,65.0
2016-08-07,6,1,27.0,35.0,1,76.0,84.7692307692,59.0,0.883675464321,141.0,17.5593667581,101.0
2016-08-08,0,0,26.0,34.0,0,76.0,87.4615384615,59.0,1.02564102564,141.0,17.1536736797,85.0
2016-08-09,1,0,26.0,30.0,0,76.0,87.3846153846,59.0,0.958381061474,141.0,17.1622952631,73.0
2016-08-10,2,0,27.0,35.0,0,76.0,85.4615384615,59.0,0.991767183611,141.0,17.2654184588,107.0
2016-08-11,3,0,27.0,36.0,1,76.0,86.6923076923,59.0,0.990839409235,141.0,18.1632961063,93.0
2016-08-12,4,0,27.0,36.0,1,76.0,85.2307692308,59.0,1.04899135447,141.0,16.7798131747,47.0
2016-08-13,5,1,27.0,35.0,1,76.0,82.8461538462,47.0,0.965220789371,141.0,19.6031636138,80.0
2016-08-14,6,1,28.0,35.0,1,76.0,80.0,47.0,0.86887835703,141.0,16.9433445068,119.0
2016-08-15,0,0,27.0,36.0,1,76.0,83.6153846154,47.0,0.941987363584,141.0,19.6489908198,78.0
2016-08-16,1,0,26.0,36.0,1,76.0,83.4615384615,47.0,1.06558953645,141.0,19.684493642,87.0
2016-08-17,2,0,28.0,37.0,1,76.0,84.3076923077,47.0,1.09949670925,141.0,19.581720736,65.0
2016-08-18,3,0,28.0,37.0,1,76.0,84.7692307692,47.0,0.904088050314,141.0,19.0430841319,78.0
2016-08-19,4,0,28.0,38.0,1,76.0,82.9230769231,47.0,0.922583233053,141.0,18.4368424564,113.0
2016-08-20,5,1,27.0,37.0,0,76.0,86.6153846154,47.0,1.00569632685,141.0,19.2655070869,58.0
2016-08-21,6,1,27.0,35.0,0,76.0,83.3076923077,47.0,1.01343101343,119.0,20.1814256391,86.0
2016-08-22,0,0,27.0,36.0,1,76.0,83.3846153846,47.0,1.03712671509,119.0,20.1896335226,66.0
2016-08-23,1,0,27.0,35.0,0,76.0,82.8461538462,47.0,0.854700854701,119.0,20.5495504493,73.0
2016-08-24,2,0,27.0,35.0,1,76.0,80.2307692308,47.0,0.917431192661,119.0,19.4428307774,82.0
2016-08-25,3,0,26.0,35.0,1,76.0,79.3846153846,47.0,0.888620828307,119.0,19.1051280331,78.0
2016-08-26,4,0,25.0,34.0,0,76.0,81.7692307692,47.0,0.950632394941,119.0,16.6970925436,89.0
2016-08-27,5,1,23.0,31.0,1,76.0,82.4615384615,47.0,1.00120627262,119.0,16.7956742811,90.0
2016-08-28,6,1,21.0,31.0,1,78.0,80.2307692308,47.0,1.04027524793,119.0,13.3713462078,114.0
2016-08-29,0,0,21.0,32.0,1,78.0,83.0,47.0,1.16547334924,119.0,16.0767390494,118.0
2016-08-30,1,0,21.0,32.0,1,78.0,85.3846153846,47.0,1.24733681968,119.0,18.5950301944,97.0
2016-08-31,2,0,21.0,33.0,1,78.0,87.8461538462,47.0,1.28190142217,119.0,17.8362041229,149.0
2016-09-01,3,0,23.0,33.0,0,78.0,93.3076923077,47.0,1.37332578759,149.0,23.8436723275,168.0
2016-09-02,4,0,22.0,34.0,1,80.0,97.5384615385,47.0,1.46186440678,168.0,30.8211101098,134.0
2016-09-03,5,1,23.0,35.0,1,80.0,103.384615385,47.0,1.54823206317,168.0,29.9628961873,100.0
2016-09-04,6,1,24.0,32.0,1,81.0,104.461538462,47.0,1.39365574623,168.0,29.5676938686,93.0
2016-09-05,0,0,24.0,30.0,0,82.0,106.538461538,47.0,1.12487100103,168.0,27.6811943512,93.0
2016-09-06,1,0,23.0,28.0,0,85.0,108.076923077,47.0,0.980795610425,168.0,26.2955437537,122.0
2016-09-07,2,0,21.0,27.0,0,86.0,111.153846154,47.0,1.02615358987,168.0,25.3888108421,113.0
2016-09-08,3,0,22.0,30.0,1,86.0,113.846153846,47.0,1.07400130976,168.0,23.5170843099,72.0
2016-09-09,4,0,22.0,29.0,1,86.0,112.538461538,47.0,1.02589807853,168.0,25.2696698241,99.0
2016-09-10,5,1,22.0,28.0,0,87.0,113.230769231,47.0,0.929927963327,168.0,24.7608681535,95.0
2016-09-11,6,1,21.0,25.0,0,88.0,111.769230769,58.0,0.867155664222,168.0,25.2286584483,116.0
2016-09-12,0,0,21.0,27.0,1,89.0,111.615384615,58.0,0.986475735879,168.0,25.1962709742,65.0
2016-09-13,1,0,21.0,28.0,0,88.0,109.153846154,58.0,0.881648298994,168.0,27.9197921357,73.0
2016-09-14,2,0,21.0,25.0,0,87.0,103.307692308,58.0,0.814886108438,168.0,26.9026295981,172.0
2016-09-15,3,1,22.0,25.0,0,87.0,103.615384615,58.0,0.951503990178,172.0,27.653177482,106.0
2016-09-16,4,1,23.0,27.0,0,89.0,101.461538462,58.0,1.06898126999,172.0,26.2579376559,99.0
2016-09-17,5,1,22.0,27.0,1,90.0,101.384615385,58.0,1.14346375493,172.0,26.2635707384,133.0
2016-09-18,6,0,22.0,26.0,0,91.0,104.461538462,58.0,1.01638851301,172.0,27.4187341474,72.0
2016-09-19,0,0,20.0,27.0,1,91.0,102.846153846,65.0,0.933517580224,172.0,28.6379150344,56.0
2016-09-20,1,0,19.0,26.0,1,90.0,97.7692307692,56.0,0.816901408451,172.0,30.5768988873,57.0
2016-09-21,2,0,19.0,26.0,1,90.0,93.4615384615,56.0,0.605168465816,172.0,32.037514992,60.0
2016-09-22,3,0,20.0,27.0,1,89.0,92.5384615385,56.0,0.597582037997,172.0,32.8062268588,61.0
2016-09-23,4,0,20.0,29.0,1,89.0,89.6153846154,56.0,0.639023514629,172.0,33.7787790952,108.0
2016-09-24,5,1,21.0,30.0,1,90.0,90.6153846154,56.0,0.818588025022,172.0,34.1141487939,76.0
2016-09-25,6,1,21.0,30.0,1,89.0,87.5384615385,56.0,0.883838383838,172.0,33.4839005738,108.0
2016-09-26,0,0,24.0,31.0,1,89.0,90.8461538462,56.0,1.04490964394,172.0,33.2168774382,77.0
2016-09-27,1,0,23.0,28.0,0,87.0,91.1538461538,56.0,0.957095709571,172.0,33.0683352,67.0
2016-09-28,2,0,22.0,28.0,0,87.0,83.0769230769,56.0,0.948081264108,172.0,23.8826024173,81.0
2016-09-29,3,0,22.0,25.0,0,86.0,81.1538461538,56.0,0.842223469961,172.0,22.9475862778,141.0
2016-09-30,4,0,22.0,29.0,0,87.0,84.3846153846,56.0,1.05686597184,172.0,27.6976490575,304.0
2016-10-01,5,1,23.0,30.0,0,89.0,97.5384615385,56.0,1.72572178478,304.0,64.2059371621,338.0
2016-10-02,6,1,22.0,30.0,1,90.0,118.0,56.0,2.31588287489,338.0,90.007691979,222.0
2016-10-03,0,1,21.0,27.0,0,93.0,130.769230769,56.0,2.38905018664,338.0,92.0578027831,216.0
2016-10-04,1,1,20.0,27.0,1,93.0,143.0,56.0,2.02558078831,338.0,92.0066887201,158.0
2016-10-05,2,1,21.0,27.0,1,93.0,150.538461538,56.0,1.56430446194,338.0,88.858240936,171.0
2016-10-06,3,1,22.0,27.0,0,93.0,159.0,56.0,1.39475367882,338.0,85.0863814467,176.0
2016-10-07,4,1,20.0,23.0,0,93.0,164.230769231,56.0,1.25528212777,338.0,83.8718379857,281.0
2016-10-08,5,0,17.0,22.0,0,95.0,180.0,56.0,1.47938751472,338.0,85.0637769785,91.0
2016-10-09,6,0,16.0,22.0,1,93.0,178.692307692,56.0,1.28232128232,338.0,86.2825275256,53.0
2016-10-10,0,0,15.0,21.0,1,93.0,176.846153846,53.0,0.995549308972,338.0,88.6625809146,54.0
2016-10-11,1,0,17.0,23.0,1,93.0,175.846153846,53.0,0.464298276469,338.0,89.9596885395,74.0
2016-10-12,2,0,18.0,25.0,1,93.0,175.307692308,53.0,0.422354451056,338.0,90.5448334468,27.0
2016-10-13,3,0,18.0,23.0,1,93.0,166.538461538,27.0,0.366040854883,338.0,98.6045835919,56.0
2016-10-14,4,0,19.0,22.0,0,93.0,147.461538462,27.0,0.377721640804,338.0,94.0495903435,159.0
2016-10-15,5,1,20.0,23.0,0,93.0,133.692307692,27.0,0.565288483999,338.0,76.6373925759,97.0
2016-10-16,6,1,20.0,26.0,0,95.0,124.076923077,27.0,0.731621526556,338.0,72.6947903524,136.0
2016-10-17,0,0,20.0,24.0,0,97.0,117.923076923,27.0,0.900528371238,338.0,67.8793743891,61.0
2016-10-18,1,0,20.0,24.0,0,95.0,110.461538462,27.0,0.67679558011,338.0,68.3932243435,72.0
2016-10-19,2,0,20.0,24.0,0,95.0,102.846153846,27.0,0.621175383905,338.0,66.7196732074,68.0
2016-10-20,3,0,21.0,25.0,0,95.0,94.5384615385,27.0,0.47619047619,338.0,63.7514589693,85.0
2016-10-21,4,0,21.0,25.0,0,95.0,79.4615384615,27.0,0.578034682081,338.0,34.197650357,172.0
2016-10-22,5,1,20.0,23.0,0,97.0,85.6923076923,27.0,0.891999451077,338.0,42.1798067169,114.0
2016-10-23,6,1,17.0,23.0,0,97.0,90.3846153846,27.0,1.06563262961,338.0,41.6718655534,164.0
2016-10-24,0,0,19.0,24.0,1,99.0,98.8461538462,27.0,1.3221683561,338.0,44.4969249652,86.0
2016-10-25,1,0,19.0,23.0,1,99.0,99.7692307692,27.0,1.10453648915,338.0,44.0945729194,88.0
2016-10-26,2,0,19.0,24.0,0,99.0,104.461538462,27.0,1.06590980763,338.0,39.0593540153,82.0
2016-10-27,3,0,18.0,24.0,0,97.0,106.461538462,27.0,0.844884488449,338.0,37.1454840088,105.0
2016-10-28,4,0,15.0,19.0,0,97.0,102.307692308,27.0,0.994215473608,338.0,33.9170585975,184.0
2016-10-29,5,1,12.0,15.0,0,99.0,109.0,27.0,1.27688865944,338.0,40.2090690115,92.0
2016-10-30,6,1,14.0,18.0,1,97.0,105.615384615,27.0,1.28542510121,338.0,39.6417388067,128.0
2016-10-31,0,0,12.0,17.0,0,97.0,110.769230769,27.0,1.31382113821,281.0,37.8197218518,86.0
