time_stamp,dayofweek,holiday,lt,ht,sunny,m2M,w2A,m1L,d3w3,m1Lar,w2Std,pay_sum
2016-08-01,0,0,27.0,37.0,1,63.0,60.9230769231,44.0,1.07386208776,112.0,9.41734519557,62.0
2016-08-02,1,0,27.0,35.0,0,63.0,61.3846153846,44.0,1.09739368999,112.0,9.31118815469,53.0
2016-08-03,2,0,26.0,32.0,0,63.0,60.9230769231,44.0,0.972794723825,112.0,9.5632432418,57.0
2016-08-04,3,0,27.0,33.0,0,62.0,61.0,44.0,0.946094609461,112.0,9.52728874178,67.0
2016-08-05,4,0,26.0,33.0,0,63.0,61.3076923077,44.0,0.961695191524,112.0,9.65070436158,80.0
2016-08-06,5,1,26.0,34.0,0,63.0,60.9230769231,44.0,1.10929853181,112.0,8.75707659739,78.0
2016-08-07,6,1,27.0,35.0,1,63.0,62.5384615385,44.0,1.21261115602,85.0,9.76347498522,84.0
2016-08-08,0,0,26.0,34.0,0,63.0,64.1538461538,44.0,1.26734747316,85.0,11.3194601247,103.0
2016-08-09,1,0,26.0,30.0,0,63.0,67.7692307692,44.0,1.33838383838,103.0,15.034083565,60.0
2016-08-10,2,0,27.0,35.0,0,62.0,68.4615384615,48.0,1.24653040626,103.0,14.4414754446,60.0
2016-08-11,3,0,27.0,36.0,1,62.0,69.3076923077,48.0,1.12201257862,103.0,13.5725096335,65.0
2016-08-12,4,0,27.0,36.0,1,62.0,69.7692307692,48.0,0.92941471992,103.0,13.3136936224,64.0
2016-08-13,5,1,27.0,35.0,1,62.0,68.8461538462,48.0,0.964777947933,103.0,13.265607086,97.0
2016-08-14,6,1,28.0,35.0,1,63.0,71.5384615385,48.0,1.11936602278,103.0,15.0364448776,77.0
2016-08-15,0,0,27.0,36.0,1,63.0,72.6923076923,48.0,1.16666666667,103.0,14.8343915142,93.0
2016-08-16,1,0,26.0,36.0,1,63.0,75.7692307692,48.0,1.27415891195,103.0,14.576872336,57.0
2016-08-17,2,0,28.0,37.0,1,63.0,75.7692307692,49.0,1.07864100737,103.0,14.576872336,64.0
2016-08-18,3,0,28.0,37.0,1,63.0,75.5384615385,49.0,1.00611189469,103.0,14.7367431149,82.0
2016-08-19,4,0,28.0,38.0,1,63.0,75.6923076923,49.0,0.939162618552,103.0,14.7928497041,70.0
2016-08-20,5,1,27.0,37.0,0,64.0,75.0769230769,49.0,1.00348432056,103.0,14.8503381907,110.0
2016-08-21,6,1,27.0,35.0,0,64.0,77.0769230769,49.0,1.17779276242,110.0,17.4420426576,83.0
2016-08-22,0,0,27.0,36.0,1,64.0,75.5384615385,49.0,1.16578014184,110.0,15.9016950457,69.0
2016-08-23,1,0,27.0,35.0,0,65.0,76.2307692308,49.0,1.14912280702,110.0,15.3980710388,73.0
2016-08-24,2,0,27.0,35.0,1,65.0,77.2307692308,49.0,0.9765625,110.0,14.718663433,73.0
2016-08-25,3,0,26.0,35.0,1,65.0,77.8461538462,49.0,0.92952875054,110.0,14.3572343268,56.0
2016-08-26,4,0,25.0,34.0,0,65.0,77.2307692308,49.0,0.88713219148,110.0,15.0902609763,82.0
2016-08-27,5,1,23.0,31.0,1,65.0,76.0769230769,53.0,0.924222514236,110.0,14.0737701387,100.0
2016-08-28,6,1,21.0,31.0,1,66.0,77.8461538462,53.0,1.03164282618,110.0,15.4563711227,89.0
2016-08-29,0,0,21.0,32.0,1,66.0,77.5384615385,53.0,1.1854768154,110.0,15.1891428057,82.0
2016-08-30,1,0,21.0,32.0,1,66.0,79.4615384615,53.0,1.16860715826,110.0,14.0033808259,61.0
2016-08-31,2,0,21.0,33.0,1,66.0,79.2307692308,53.0,0.999784529196,110.0,14.2782990053,86.0
2016-09-01,3,0,23.0,33.0,0,66.0,79.5384615385,56.0,0.973639455782,110.0,14.3774148988,53.0
2016-09-02,4,0,22.0,34.0,1,66.0,78.2307692308,53.0,0.856347677157,110.0,15.8800980725,66.0
2016-09-03,5,1,23.0,35.0,1,66.0,74.8461538462,53.0,0.895587592835,110.0,13.2133158585,49.0
2016-09-04,6,1,24.0,32.0,1,66.0,72.2307692308,49.0,0.747663551402,110.0,14.6295477934,60.0
2016-09-05,0,0,24.0,30.0,0,65.0,71.5384615385,49.0,0.796359499431,110.0,14.9749297397,61.0
2016-09-06,1,0,23.0,28.0,0,64.0,70.6153846154,49.0,0.771499886544,110.0,15.2241632916,55.0
2016-09-07,2,0,21.0,27.0,0,64.0,69.2307692308,49.0,0.803652968037,110.0,15.7536508401,69.0
2016-09-08,3,0,22.0,30.0,1,64.0,70.2307692308,49.0,0.852338170928,110.0,15.287772118,74.0
2016-09-09,4,0,22.0,29.0,1,64.0,69.6153846154,49.0,0.909717436251,110.0,14.9591158806,66.0
2016-09-10,5,1,22.0,28.0,0,64.0,67.0,49.0,0.990286661928,110.0,12.1211829836,68.0
2016-09-11,6,1,21.0,25.0,0,65.0,65.3846153846,49.0,0.996168582375,110.0,10.3518000036,68.0
2016-09-12,0,0,21.0,27.0,1,66.0,64.3076923077,49.0,0.968128444764,110.0,9.23525532015,58.0
2016-09-13,1,0,21.0,28.0,0,66.0,64.0769230769,49.0,0.93992248062,110.0,9.35177102488,35.0
2016-09-14,2,0,21.0,25.0,0,65.0,60.1538461538,35.0,0.802192326856,110.0,10.0065067588,49.0
2016-09-15,3,1,22.0,25.0,0,64.0,59.8461538462,35.0,0.711244678187,110.0,10.2795252348,49.0
2016-09-16,4,1,23.0,27.0,0,64.0,58.5384615385,35.0,0.683102208526,110.0,10.4926009433,57.0
2016-09-17,5,1,22.0,27.0,1,64.0,59.1538461538,35.0,0.823373173971,110.0,10.1439345564,63.0
2016-09-18,6,0,22.0,26.0,0,64.0,59.3846153846,35.0,0.916734472471,110.0,10.1945570812,57.0
2016-09-19,0,0,20.0,27.0,1,64.0,59.0769230769,35.0,0.980066445183,100.0,10.2015197847,48.0
2016-09-20,1,0,19.0,26.0,1,64.0,58.5384615385,35.0,0.940386230059,100.0,10.5802092797,53.0
2016-09-21,2,0,19.0,26.0,1,64.0,57.3076923077,35.0,0.90961427749,100.0,10.2160101755,56.0
2016-09-22,3,0,20.0,27.0,1,64.0,55.9230769231,35.0,0.901521676715,100.0,9.00821452864,62.0
2016-09-23,4,0,20.0,29.0,1,64.0,55.6153846154,35.0,0.985306828003,100.0,8.7225478065,65.0
2016-09-24,5,1,21.0,30.0,1,64.0,55.3846153846,35.0,1.04006820119,100.0,8.42650088469,91.0
2016-09-25,6,1,21.0,30.0,1,65.0,57.1538461538,35.0,1.20708748616,100.0,12.3776855911,95.0
2016-09-26,0,0,24.0,31.0,1,65.0,60.0,35.0,1.35164243403,95.0,15.9759434535,65.0
2016-09-27,1,0,23.0,28.0,0,65.0,62.3076923077,35.0,1.34081196581,95.0,14.2741542408,63.0
2016-09-28,2,0,22.0,28.0,0,65.0,63.3846153846,35.0,1.19699409554,95.0,13.7479422882,44.0
2016-09-29,3,0,22.0,25.0,0,65.0,63.0,35.0,0.946094609461,95.0,14.2072570838,52.0
2016-09-30,4,0,22.0,29.0,0,65.0,62.6153846154,35.0,0.884808013356,95.0,14.4304083931,73.0
2016-10-01,5,1,23.0,30.0,0,65.0,63.3846153846,35.0,0.936547520089,95.0,14.6945225878,92.0
2016-10-02,6,1,22.0,30.0,1,66.0,66.0769230769,35.0,1.1790274382,95.0,16.3869626343,68.0
2016-10-03,0,1,21.0,27.0,0,66.0,67.6153846154,35.0,1.25572621935,95.0,15.5342720933,55.0
2016-10-04,1,1,20.0,27.0,1,65.0,67.7692307692,35.0,1.14028109255,95.0,15.3980710388,52.0
2016-10-05,2,1,21.0,27.0,1,65.0,67.4615384615,35.0,0.925925925926,95.0,15.6677787175,65.0
2016-10-06,3,1,22.0,27.0,0,65.0,67.6923076923,35.0,0.898641588297,95.0,15.6076145883,57.0
2016-10-07,4,1,20.0,23.0,0,65.0,67.0769230769,35.0,0.909090909091,95.0,15.857352279,46.0
2016-10-08,5,0,17.0,22.0,0,65.0,63.6153846154,35.0,0.8895949166,95.0,15.1532604338,80.0
2016-10-09,6,0,16.0,22.0,1,65.0,62.4615384615,35.0,0.951638065523,95.0,13.1594679844,72.0
2016-10-10,0,0,15.0,21.0,1,65.0,63.0,35.0,1.01071975498,95.0,13.3934541991,58.0
2016-10-11,1,0,17.0,23.0,1,65.0,62.6153846154,35.0,1.06788710908,95.0,13.4595602942,78.0
2016-10-12,2,0,18.0,25.0,1,65.0,65.2307692308,35.0,1.04026006502,95.0,12.8790458686,68.0
2016-10-13,3,0,18.0,23.0,1,65.0,66.4615384615,44.0,1.01568334578,95.0,12.3076923077,71.0
2016-10-14,4,0,19.0,22.0,0,65.0,66.3076923077,44.0,1.07558859975,95.0,12.2372986925,58.0
2016-10-15,5,1,20.0,23.0,0,65.0,63.6923076923,44.0,1.00101626016,95.0,9.87136196187,58.0
2016-10-16,6,1,20.0,26.0,0,65.0,62.9230769231,44.0,0.977777777778,95.0,9.89530998824,75.0
2016-10-17,0,0,20.0,24.0,0,65.0,64.4615384615,44.0,0.990920881971,95.0,10.0965750828,74.0
2016-10-18,1,0,20.0,24.0,0,65.0,66.1538461538,44.0,1.06481481481,95.0,9.70207078488,47.0
2016-10-19,2,0,20.0,24.0,0,65.0,64.7692307692,44.0,1.00590197588,95.0,10.9695652123,57.0
2016-10-20,3,0,21.0,25.0,0,63.0,64.7692307692,44.0,0.910020449898,95.0,10.9695652123,39.0
2016-10-21,4,0,21.0,25.0,0,63.0,64.2307692308,39.0,0.750656167979,95.0,12.0009861528,48.0
2016-10-22,5,1,20.0,23.0,0,62.0,61.7692307692,39.0,0.783034257749,95.0,11.79409139,50.0
2016-10-23,6,1,17.0,23.0,0,61.0,60.0769230769,39.0,0.756070640177,95.0,11.7830487008,67.0
2016-10-24,0,0,19.0,24.0,1,62.0,60.7692307692,39.0,0.901639344262,95.0,11.9044519543,67.0
2016-10-25,1,0,19.0,23.0,1,62.0,59.9230769231,39.0,0.993252361673,92.0,11.0067219913,50.0
2016-10-26,2,0,19.0,24.0,0,61.0,58.5384615385,39.0,1.00546448087,92.0,11.0357139438,55.0
2016-10-27,3,0,18.0,24.0,0,61.0,57.3076923077,39.0,0.941434044882,92.0,10.4541829345,42.0
2016-10-28,4,0,15.0,19.0,0,60.0,56.0769230769,39.0,0.807248764415,92.0,11.2144243548,38.0
2016-10-29,5,1,12.0,15.0,0,58.0,54.5384615385,38.0,0.767918088737,92.0,12.1757349146,61.0
2016-10-30,6,1,14.0,18.0,1,58.0,53.4615384615,38.0,0.809646856158,92.0,10.8671373671,63.0
2016-10-31,0,0,12.0,17.0,0,60.0,52.6153846154,38.0,0.926243567753,80.0,9.58796089285,42.0
