time_stamp,dayofweek,holiday,lt,ht,sunny,m2M,w2A,m1L,d3w3,m1Lar,w2Std,pay_sum
2016-08-01,0,0,24.0,30.0,0,74.0,48.6923076923,13.0,1.06325184323,225.0,11.5850342145,26.0
2016-08-02,1,0,23.0,31.0,1,74.0,48.1538461538,13.0,0.879466038477,225.0,12.4334917049,24.0
2016-08-03,2,0,23.0,31.0,1,74.0,47.1538461538,13.0,0.703835508106,225.0,13.7440681126,15.0
2016-08-04,3,0,24.0,31.0,0,74.0,44.8461538462,13.0,0.525252525253,225.0,16.2094281864,36.0
2016-08-05,4,0,24.0,33.0,0,73.0,42.8461538462,13.0,0.589622641509,150.0,15.5605326874,6.0
2016-08-06,5,1,24.0,30.0,0,73.0,38.3846153846,6.0,0.455635491607,150.0,17.0949315995,9.0
2016-08-07,6,1,23.0,28.0,0,67.0,34.7692307692,6.0,0.416666666667,139.0,17.9364426889,13.0
2016-08-08,0,0,24.0,29.0,0,67.0,30.1538461538,6.0,0.244969378828,139.0,14.9812506094,13.0
2016-08-09,1,0,24.0,32.0,1,67.0,28.2307692308,6.0,0.314465408805,139.0,15.4479465708,13.0
2016-08-10,2,0,26.0,34.0,1,67.0,26.1538461538,6.0,0.362116991643,73.0,15.5407462144,13.0
2016-08-11,3,0,27.0,35.0,1,67.0,23.4615384615,6.0,0.379008746356,73.0,14.5211537188,13.0
2016-08-12,4,0,26.0,35.0,1,64.0,20.5384615385,6.0,0.408163265306,73.0,12.3451353522,13.0
2016-08-13,5,1,26.0,34.0,1,64.0,17.9230769231,6.0,0.443686006826,73.0,9.80158180689,13.0
2016-08-14,6,1,24.0,33.0,0,62.0,15.9230769231,6.0,0.478821362799,73.0,7.73067355471,13.0
2016-08-15,0,0,24.0,29.0,0,56.0,14.9230769231,6.0,0.538302277433,73.0,7.18397295761,13.0
2016-08-16,1,0,23.0,27.0,0,51.0,14.0769230769,6.0,0.56768558952,73.0,6.6962852901,13.0
2016-08-17,2,0,23.0,27.0,0,48.0,13.9230769231,6.0,0.603248259861,73.0,6.6962852901,13.0
2016-08-18,3,0,26.0,32.0,1,47.0,12.1538461538,6.0,0.656565656566,73.0,2.06978831493,13.0
2016-08-19,4,0,24.0,29.0,0,45.0,12.6923076923,6.0,0.72625698324,73.0,1.06587742004,13.0
2016-08-20,5,1,22.0,28.0,0,40.0,13.0,6.0,0.802469135802,73.0,0.0,13.0
2016-08-21,6,1,22.0,30.0,1,39.0,13.0,6.0,0.872483221477,73.0,0.0,6.0
2016-08-22,0,0,22.0,32.0,1,38.0,12.4615384615,6.0,0.767386091127,73.0,1.86528548507,6.0
2016-08-23,1,0,24.0,32.0,1,37.0,11.9230769231,6.0,0.641025641026,73.0,2.52560848606,28.0
2016-08-24,2,0,26.0,33.0,1,36.0,13.0769230769,6.0,0.976800976801,51.0,4.98399806244,32.0
2016-08-25,3,0,19.0,26.0,0,36.0,14.5384615385,6.0,1.63568773234,51.0,7.08861909754,18.0
2016-08-26,4,0,17.0,26.0,1,33.0,14.9230769231,6.0,1.85053380783,51.0,7.13023398539,41.0
2016-08-27,5,1,17.0,28.0,1,33.0,17.0769230769,6.0,1.93823216187,51.0,9.9108451744,78.0
2016-08-28,6,1,17.0,28.0,1,33.0,22.0769230769,6.0,2.41622574956,78.0,18.9064968014,162.0
2016-08-29,0,0,18.0,29.0,1,33.0,33.5384615385,6.0,3.55471220746,162.0,41.5425923872,86.0
2016-08-30,1,0,20.0,30.0,1,33.0,39.1538461538,6.0,3.62222222222,162.0,43.2841170974,99.0
2016-08-31,2,0,20.0,32.0,1,33.0,45.7692307692,6.0,3.37220602527,162.0,45.3060597851,88.0
2016-09-01,3,0,19.0,30.0,1,33.0,51.5384615385,6.0,2.39159001314,162.0,45.5405404931,111.0
2016-09-02,4,0,19.0,30.0,1,33.0,59.0769230769,6.0,2.31276678308,162.0,46.6351823915,120.0
2016-09-03,5,1,22.0,32.0,1,33.0,67.3076923077,6.0,2.20151828847,162.0,47.2153570444,133.0
2016-09-04,6,1,22.0,30.0,1,33.0,77.0769230769,6.0,2.23449969306,162.0,46.6549717665,167.0
2016-09-05,0,0,22.0,31.0,1,33.0,89.4615384615,6.0,2.25806451613,167.0,47.5048424813,141.0
2016-09-06,1,0,19.0,31.0,1,33.0,98.1538461538,6.0,2.14912280702,167.0,45.7700710977,107.0
2016-09-07,2,0,19.0,26.0,1,33.0,103.923076923,6.0,1.89238486092,167.0,41.6052170147,106.0
2016-09-08,3,0,20.0,32.0,1,33.0,110.692307692,6.0,1.51768488746,167.0,33.4304895737,142.0
2016-09-09,4,0,22.0,32.0,1,33.0,118.461538462,6.0,1.40538400633,167.0,27.550276795,164.0
2016-09-10,5,1,19.0,29.0,1,33.0,125.076923077,6.0,1.49682107175,167.0,27.3649453989,161.0
2016-09-11,6,1,19.0,30.0,1,36.0,125.0,6.0,1.56448911223,167.0,27.2622590632,156.0
2016-09-12,0,0,19.0,28.0,1,37.0,130.384615385,6.0,1.4984423676,167.0,25.9067513076,159.0
2016-09-13,1,0,19.0,28.0,0,38.0,135.0,6.0,1.39732863643,167.0,25.2403827839,164.0
2016-09-14,2,0,20.0,30.0,1,39.0,140.846153846,6.0,1.32889443751,167.0,22.3084880495,185.0
2016-09-15,3,1,20.0,31.0,1,40.0,146.538461538,6.0,1.317769131,185.0,23.3818318181,150.0
2016-09-16,4,1,19.0,31.0,1,40.0,148.846153846,6.0,1.24175687446,185.0,22.0936682675,198.0
2016-09-17,5,1,18.0,29.0,1,41.0,153.846153846,6.0,1.26950101227,198.0,25.0931990598,153.0
2016-09-18,6,0,17.0,26.0,1,45.0,152.769230769,6.0,1.19713261649,198.0,24.8043229674,143.0
2016-09-19,0,0,15.0,25.0,1,47.0,152.923076923,6.0,1.15677321157,198.0,24.736959388,160.0
2016-09-20,1,0,14.0,26.0,1,47.0,157.0,6.0,1.04539202201,198.0,20.9027050145,173.0
2016-09-21,2,0,17.0,27.0,1,47.0,162.153846154,18.0,1.06025169841,198.0,15.1649705361,178.0
2016-09-22,3,0,21.0,29.0,1,47.0,164.923076923,18.0,1.11328976035,198.0,14.5044371909,177.0
2016-09-23,4,0,22.0,30.0,1,47.0,165.923076923,18.0,1.12929098492,198.0,14.8503381907,179.0
2016-09-24,5,1,21.0,30.0,1,48.0,167.307692308,41.0,1.12551375277,198.0,15.1626292391,225.0
2016-09-25,6,1,21.0,29.0,1,51.0,172.615384615,78.0,1.20252509573,225.0,21.1643330649,253.0
2016-09-26,0,0,20.0,29.0,1,78.0,179.846153846,86.0,1.31413141314,253.0,29.6384525545,159.0
2016-09-27,1,0,16.0,26.0,0,86.0,179.461538462,86.0,1.2545544067,253.0,29.8731044062,151.0
2016-09-28,2,0,11.0,22.0,1,88.0,176.846153846,88.0,1.09426627794,253.0,30.749224265,117.0
2016-09-29,3,0,13.0,24.0,1,99.0,174.307692308,88.0,0.836025452766,253.0,34.0460878028,191.0
2016-09-30,4,0,15.0,26.0,1,106.0,173.769230769,106.0,0.891608391608,253.0,33.7209221659,171.0
2016-10-01,5,1,19.0,28.0,1,107.0,175.153846154,106.0,0.927755181096,253.0,33.2052965049,85.0
2016-10-02,6,1,19.0,28.0,1,107.0,170.692307692,85.0,0.884010679324,253.0,40.3530279397,64.0
2016-10-03,0,1,21.0,31.0,1,107.0,163.307692308,64.0,0.651200651201,253.0,49.4031836647,59.0
2016-10-04,1,1,19.0,30.0,1,107.0,154.538461538,59.0,0.437296331336,253.0,56.5108776249,64.0
2016-10-05,2,1,15.0,26.0,1,107.0,145.769230769,59.0,0.408743169399,253.0,60.8670099431,68.0
2016-10-06,3,1,17.0,24.0,1,107.0,137.384615385,59.0,0.42902066487,253.0,63.4405093363,75.0
2016-10-07,4,1,12.0,20.0,0,107.0,129.384615385,59.0,0.485061511424,253.0,64.2405796285,147.0
2016-10-08,5,0,9.0,21.0,1,111.0,123.384615385,59.0,0.680990959258,253.0,58.4077687951,95.0
2016-10-09,6,0,12.0,19.0,1,111.0,111.230769231,59.0,0.757195748238,253.0,45.0933285977,111.0
2016-10-10,0,0,13.0,21.0,1,111.0,107.538461538,59.0,0.858254315585,253.0,42.9447147005,113.0
2016-10-11,1,0,13.0,23.0,1,113.0,104.615384615,59.0,0.792940591598,253.0,41.1424139405,149.0
2016-10-12,2,0,16.0,23.0,1,117.0,107.076923077,59.0,0.937303681367,253.0,42.7361521224,138.0
2016-10-13,3,0,14.0,25.0,1,120.0,103.0,59.0,1.02014792145,253.0,36.6270181907,173.0
2016-10-14,4,0,15.0,24.0,1,133.0,103.153846154,59.0,1.17586912065,253.0,36.9153838139,167.0
2016-10-15,5,1,14.0,19.0,0,138.0,109.461538462,59.0,1.24967320261,253.0,40.1394020587,106.0
2016-10-16,6,1,13.0,21.0,1,138.0,112.692307692,59.0,1.23734221112,253.0,37.9825559463,150.0
2016-10-17,0,0,14.0,23.0,1,141.0,119.692307692,59.0,1.17794486216,253.0,35.7628613022,141.0
2016-10-18,1,0,15.0,25.0,1,141.0,125.615384615,59.0,1.11017897092,253.0,32.2527004511,158.0
2016-10-19,2,0,15.0,25.0,1,142.0,132.538461538,59.0,1.23436426117,253.0,28.5942850251,161.0
2016-10-20,3,0,15.0,22.0,1,143.0,139.153846154,59.0,1.2804453723,253.0,24.1146178261,155.0
2016-10-21,4,0,15.0,20.0,0,147.0,139.769230769,59.0,1.32828919714,253.0,24.4072935069,136.0
2016-10-22,5,1,10.0,14.0,0,147.0,142.923076923,59.0,1.24005486968,253.0,20.8011151271,94.0
2016-10-23,6,1,8.0,13.0,0,147.0,141.615384615,59.0,1.0433604336,253.0,23.1667482581,109.0
2016-10-24,0,0,8.0,15.0,0,147.0,141.307692308,59.0,0.900398406375,253.0,23.5678549508,88.0
2016-10-25,1,0,10.0,19.0,1,147.0,136.615384615,59.0,0.765588003157,191.0,27.3398510534,107.0
2016-10-26,2,0,11.0,16.0,1,147.0,134.230769231,59.0,0.787666796217,191.0,28.4446935599,137.0
2016-10-27,3,0,10.0,14.0,0,143.0,131.461538462,59.0,0.839974699557,191.0,26.1992818005,106.0
2016-10-28,4,0,7.0,14.0,1,143.0,126.769230769,59.0,0.899511693652,191.0,24.8415094492,129.0
2016-10-29,5,1,7.0,14.0,1,143.0,128.538461538,59.0,0.943683409437,173.0,24.1075008583,132.0
2016-10-30,6,1,6.0,17.0,1,143.0,127.153846154,59.0,0.923618975714,173.0,23.3397849632,138.0
2016-10-31,0,0,0.0,8.0,1,143.0,126.923076923,59.0,0.994764397906,173.0,23.2162460971,89.0
