time_stamp,dayofweek,holiday,lt,ht,sunny,m2M,w2A,m1L,d3w3,m1Lar,w2Std,pay_sum
2016-08-01,0,0,24.0,30.0,1,109.0,120.153846154,31.0,0.666951688756,173.0,47.4841611712,116.0
2016-08-02,1,0,24.0,33.0,1,109.0,115.769230769,35.0,0.59620596206,173.0,44.966917491,174.0
2016-08-03,2,0,25.0,34.0,1,111.0,116.461538462,35.0,0.915750915751,174.0,45.7814463337,159.0
2016-08-04,3,0,25.0,33.0,1,111.0,117.153846154,35.0,1.25506638714,174.0,46.3479252773,137.0
2016-08-05,4,0,25.0,32.0,1,114.0,116.076923077,35.0,1.30718954248,174.0,45.707197781,146.0
2016-08-06,5,1,24.0,33.0,1,116.0,123.230769231,35.0,1.1857813548,174.0,42.4357502515,48.0
2016-08-07,6,1,23.0,31.0,1,116.0,122.307692308,35.0,0.88906795595,174.0,43.906166757,36.0
2016-08-08,0,0,24.0,32.0,1,116.0,113.230769231,35.0,0.644799551444,174.0,48.3849211192,169.0
2016-08-09,1,0,25.0,33.0,1,118.0,114.692307692,35.0,0.710474585791,174.0,49.7414617573,140.0
2016-08-10,2,0,26.0,33.0,1,118.0,113.846153846,35.0,0.9791400596,174.0,49.2073261491,155.0
2016-08-11,3,0,27.0,34.0,1,119.0,116.461538462,35.0,1.31407533277,174.0,50.406982704,148.0
2016-08-12,4,0,25.0,29.0,0,120.0,117.0,35.0,1.25620303417,174.0,50.7027536803,158.0
2016-08-13,5,1,24.0,31.0,0,120.0,124.692307692,35.0,1.25135722041,174.0,48.7148447054,58.0
2016-08-14,6,1,24.0,33.0,1,120.0,126.461538462,35.0,0.988861722358,174.0,45.7528736123,56.0
2016-08-15,0,0,21.0,29.0,0,119.0,121.846153846,35.0,0.769666100736,174.0,49.4521464944,138.0
2016-08-16,1,0,23.0,31.0,1,120.0,119.076923077,35.0,0.716723549488,174.0,47.4203162213,129.0
2016-08-17,2,0,23.0,28.0,0,121.0,116.769230769,35.0,0.927361469997,174.0,46.1338418186,126.0
2016-08-18,3,0,22.0,24.0,0,123.0,115.923076923,35.0,1.12591319295,174.0,45.8550585054,189.0
2016-08-19,4,0,22.0,32.0,1,124.0,119.230769231,35.0,1.24631578947,189.0,49.3249099904,131.0
2016-08-20,5,1,23.0,31.0,1,125.0,125.615384615,35.0,1.21459694989,189.0,44.8613907352,41.0
2016-08-21,6,1,23.0,34.0,1,125.0,126.0,35.0,0.980711763108,189.0,44.1065144325,46.0
2016-08-22,0,0,23.0,32.0,1,124.0,116.538461538,35.0,0.609619686801,189.0,46.9674443461,145.0
2016-08-23,1,0,24.0,30.0,0,125.0,116.923076923,35.0,0.656758669498,189.0,47.1779960745,141.0
2016-08-24,2,0,24.0,31.0,0,126.0,115.846153846,35.0,0.947083155042,189.0,46.4507119327,145.0
2016-08-25,3,0,18.0,30.0,1,129.0,115.615384615,35.0,1.22530206112,189.0,46.2975966506,138.0
2016-08-26,4,0,17.0,29.0,1,130.0,114.076923077,35.0,1.20952788475,189.0,45.1824702877,120.0
2016-08-27,5,1,20.0,32.0,1,130.0,118.846153846,35.0,1.11526221115,189.0,42.1842955719,49.0
2016-08-28,6,1,18.0,31.0,1,130.0,118.307692308,35.0,0.84503165428,189.0,43.0194671772,39.0
2016-08-29,0,0,19.0,31.0,1,130.0,110.692307692,35.0,0.605002908668,189.0,47.3990986857,121.0
2016-08-30,1,0,19.0,31.0,1,130.0,110.076923077,36.0,0.612993107494,189.0,47.20896515,137.0
2016-08-31,2,0,19.0,33.0,1,131.0,110.923076923,36.0,0.878048780488,189.0,47.5838717642,126.0
2016-09-01,3,0,19.0,27.0,1,131.0,106.076923077,36.0,1.14643976713,189.0,42.3001391859,130.0
2016-09-02,4,0,19.0,28.0,1,131.0,106.0,36.0,1.18820861678,189.0,42.2556323055,114.0
2016-09-03,5,1,20.0,30.0,1,131.0,111.615384615,36.0,1.09096270087,189.0,37.8672549056,69.0
2016-09-04,6,1,18.0,29.0,0,130.0,113.384615385,36.0,0.917619466432,189.0,35.2038862836,42.0
2016-09-05,0,0,20.0,31.0,1,130.0,105.461538462,36.0,0.68870523416,189.0,38.6216666665,125.0
2016-09-06,1,0,21.0,30.0,1,130.0,104.230769231,39.0,0.723704385158,189.0,37.7138086243,132.0
2016-09-07,2,0,19.0,31.0,1,131.0,103.230769231,39.0,0.914373088685,189.0,36.7803330519,148.0
2016-09-08,3,0,18.0,31.0,1,132.0,104.0,39.0,1.26227208976,189.0,37.5950078519,117.0
2016-09-09,4,0,19.0,31.0,1,131.0,103.769230769,39.0,1.24549019608,189.0,37.505187018,132.0
2016-09-10,5,1,18.0,30.0,1,132.0,110.153846154,39.0,1.19434416366,189.0,34.5895630187,38.0
2016-09-11,6,1,18.0,25.0,0,131.0,110.076923077,38.0,0.86654589372,189.0,34.748462143,23.0
2016-09-12,0,0,18.0,27.0,1,130.0,102.538461538,23.0,0.616810482582,189.0,41.5296286905,111.0
2016-09-13,1,0,19.0,27.0,1,130.0,100.538461538,23.0,0.557717250324,189.0,40.4334503267,128.0
2016-09-14,2,0,20.0,30.0,1,130.0,100.692307692,23.0,0.856629066536,189.0,40.5337174278,119.0
2016-09-15,3,1,21.0,30.0,1,130.0,99.8461538462,23.0,1.18151815182,189.0,40.024696518,11.0
2016-09-16,4,1,20.0,30.0,0,129.0,91.9230769231,11.0,0.900052328624,189.0,46.1626914601,32.0
2016-09-17,5,1,17.0,24.0,1,128.0,89.0769230769,11.0,0.570221752904,148.0,48.5663092126,33.0
2016-09-18,6,0,15.0,22.0,0,126.0,88.3846153846,11.0,0.268361581921,148.0,49.2911888858,124.0
2016-09-19,0,0,13.0,25.0,1,126.0,88.3076923077,11.0,0.666314119513,148.0,49.2347354172,109.0
2016-09-20,1,0,14.0,26.0,1,125.0,86.5384615385,11.0,0.95186974414,148.0,48.0314246247,101.0
2016-09-21,2,0,16.0,23.0,0,125.0,82.9230769231,11.0,1.21146173377,148.0,44.9383535669,120.0
2016-09-22,3,0,17.0,26.0,0,125.0,83.1538461538,11.0,1.20350109409,148.0,45.1200895966,112.0
2016-09-23,4,0,19.0,27.0,1,124.0,81.6153846154,11.0,1.21577217963,148.0,43.7484741915,120.0
2016-09-24,5,1,20.0,29.0,1,121.0,87.9230769231,11.0,1.25022198544,148.0,42.9085997091,58.0
2016-09-25,6,1,19.0,27.0,1,121.0,90.6153846154,11.0,1.02130656806,148.0,39.7308995455,49.0
2016-09-26,0,0,19.0,24.0,0,120.0,85.8461538462,11.0,0.83287470189,148.0,40.7069189996,139.0
2016-09-27,1,0,12.0,23.0,1,120.0,86.6923076923,11.0,0.899122807018,148.0,41.6771190046,117.0
2016-09-28,2,0,10.0,20.0,1,120.0,86.5384615385,11.0,1.13403978435,148.0,41.5611049394,131.0
2016-09-29,3,0,12.0,22.0,1,121.0,95.7692307692,11.0,1.42778085224,148.0,36.813780543,132.0
2016-09-30,4,0,14.0,24.0,1,124.0,103.461538462,11.0,1.40195535879,148.0,32.9279291895,110.0
2016-10-01,5,1,15.0,26.0,1,121.0,109.384615385,11.0,1.32339897108,148.0,25.8948716679,38.0
2016-10-02,6,1,16.0,26.0,1,120.0,102.769230769,11.0,0.985568461809,148.0,31.6596171952,18.0
2016-10-03,0,1,16.0,28.0,1,120.0,95.7692307692,11.0,0.614473440681,148.0,38.769841265,26.0
2016-10-04,1,1,11.0,19.0,0,120.0,90.0,11.0,0.321757896802,148.0,42.920319735,36.0
2016-10-05,2,1,13.0,21.0,1,120.0,83.5384615385,11.0,0.3300330033,148.0,44.2208015524,27.0
2016-10-06,3,1,14.0,17.0,0,120.0,77.0,11.0,0.363562091503,148.0,45.7854528459,32.0
2016-10-07,4,1,12.0,16.0,0,119.0,70.2307692308,11.0,0.388071895425,139.0,45.4315272541,28.0
2016-10-08,5,0,5.0,19.0,1,117.0,67.9230769231,11.0,0.356484326982,139.0,46.7373373035,93.0
2016-10-09,6,0,8.0,18.0,1,117.0,71.3076923077,11.0,0.639097744361,139.0,46.8375007797,134.0
2016-10-10,0,0,10.0,20.0,1,117.0,70.9230769231,11.0,1.04873534855,139.0,46.2974688434,128.0
2016-10-11,1,0,10.0,20.0,1,117.0,71.7692307692,11.0,1.43608414239,139.0,47.2231264175,120.0
2016-10-12,2,0,10.0,19.0,1,117.0,70.9230769231,11.0,1.54530744337,139.0,46.2426069575,119.0
2016-10-13,3,0,12.0,22.0,1,119.0,69.9230769231,11.0,1.47834843907,139.0,45.0358174354,130.0
2016-10-14,4,0,13.0,23.0,1,119.0,71.4615384615,11.0,1.47747747748,139.0,46.6898364572,124.0
2016-10-15,5,1,11.0,17.0,0,119.0,78.0769230769,18.0,1.43654920085,139.0,47.5644688631,45.0
2016-10-16,6,1,12.0,20.0,1,117.0,80.1538461538,18.0,1.15421733256,139.0,45.4377785106,53.0
2016-10-17,0,0,9.0,21.0,1,117.0,82.2307692308,18.0,0.901889092017,139.0,43.4903240276,109.0
2016-10-18,1,0,12.0,20.0,1,114.0,87.8461538462,18.0,0.845070422535,139.0,41.8400730876,135.0
2016-10-19,2,0,14.0,22.0,1,117.0,96.1538461538,18.0,1.20952962737,139.0,39.5957382203,144.0
2016-10-20,3,0,11.0,15.0,0,117.0,104.769230769,18.0,1.56862745098,144.0,36.7845156515,175.0
2016-10-21,4,0,11.0,11.0,0,117.0,116.076923077,18.0,1.76584986387,175.0,33.9308381144,173.0
2016-10-22,5,1,7.0,15.0,1,117.0,122.230769231,18.0,1.77393185506,175.0,36.3554119263,42.0
2016-10-23,6,1,0.0,5.0,1,117.0,115.153846154,18.0,1.38814735718,175.0,41.9062069092,59.0
2016-10-24,0,0,6.0,13.0,1,114.0,109.846153846,18.0,0.958377054914,175.0,44.2472878853,127.0
2016-10-25,1,0,10.0,17.0,1,114.0,110.384615385,18.0,0.761141712569,175.0,44.4098714971,117.0
2016-10-26,2,0,0.0,10.0,1,117.0,110.230769231,18.0,0.967896502156,175.0,44.3832155492,126.0
2016-10-27,3,0,7.0,11.0,0,117.0,109.923076923,18.0,1.13097967293,175.0,44.2587871127,186.0
2016-10-28,4,0,2.0,13.0,1,117.0,114.692307692,18.0,1.22274476272,186.0,48.6421542656,104.0
2016-10-29,5,1,2.0,12.0,1,117.0,119.230769231,18.0,1.18014184397,186.0,44.5043711702,75.0
2016-10-30,6,1,2.0,13.0,1,114.0,120.923076923,18.0,1.06212716427,186.0,42.3183203434,52.0
2016-10-31,0,0,-4.0,6.0,1,112.0,116.538461538,18.0,0.695259593679,186.0,46.1095941704,175.0
