time_stamp,dayofweek,holiday,lt,ht,sunny,m2M,w2A,m1L,d3w3,m1Lar,w2Std,pay_sum
2016-08-01,0,0,26.0,32.0,0,303.0,406.384615385,203.0,1.74850083412,869.0,184.516223369,379.0
2016-08-02,1,0,25.0,28.0,0,303.0,417.769230769,203.0,1.70400813116,869.0,177.786887916,575.0
2016-08-03,2,0,26.0,31.0,0,303.0,446.384615385,203.0,1.54132318749,869.0,170.712776531,404.0
2016-08-04,3,0,27.0,31.0,0,303.0,460.692307692,203.0,1.12631666252,869.0,158.316326295,384.0
2016-08-05,4,0,27.0,32.0,0,303.0,468.384615385,203.0,1.11002524636,869.0,151.841282753,457.0
2016-08-06,5,1,28.0,34.0,1,303.0,468.307692308,203.0,1.01281269067,869.0,151.846777335,676.0
2016-08-07,6,1,28.0,35.0,1,303.0,479.076923077,203.0,1.20454184532,869.0,160.956975397,742.0
2016-08-08,0,0,28.0,34.0,1,303.0,509.384615385,203.0,1.40449438202,869.0,170.248478345,309.0
2016-08-09,1,0,27.0,33.0,1,303.0,506.230769231,203.0,1.28239400015,869.0,173.520184526,371.0
2016-08-10,2,0,25.0,28.0,0,303.0,507.846153846,203.0,1.0365186967,869.0,172.150580845,423.0
2016-08-11,3,0,26.0,31.0,0,309.0,512.230769231,203.0,0.786368659323,869.0,169.182265776,375.0
2016-08-12,4,0,26.0,30.0,0,312.0,511.076923077,203.0,0.825390100967,869.0,170.060831441,439.0
2016-08-13,5,1,26.0,31.0,0,348.0,492.538461538,203.0,0.875163606778,869.0,163.650949084,761.0
2016-08-14,6,1,26.0,31.0,0,350.0,484.230769231,203.0,1.08830845771,869.0,146.132792006,828.0
2016-08-15,0,0,26.0,30.0,0,350.0,518.769230769,203.0,1.33491311216,869.0,168.524891495,326.0
2016-08-16,1,0,25.0,29.0,0,350.0,499.615384615,203.0,1.26352599631,869.0,175.068574899,432.0
2016-08-17,2,0,25.0,29.0,0,350.0,501.769230769,203.0,1.03802604883,869.0,174.048248769,448.0
2016-08-18,3,0,26.0,30.0,0,350.0,506.692307692,203.0,0.783015192832,869.0,171.534425617,385.0
2016-08-19,4,0,26.0,31.0,0,366.0,501.153846154,218.0,0.821722043587,869.0,174.1912504,451.0
2016-08-20,5,1,27.0,33.0,1,371.0,483.846153846,284.0,0.85309946183,869.0,166.987722328,815.0
2016-08-21,6,1,26.0,31.0,0,375.0,489.461538462,309.0,1.10287241149,869.0,176.529193657,891.0
2016-08-22,0,0,26.0,33.0,1,379.0,534.230769231,309.0,1.37056805185,891.0,197.625190642,476.0
2016-08-23,1,0,27.0,34.0,1,384.0,542.307692308,309.0,1.39966002758,891.0,192.877555665,444.0
2016-08-24,2,0,28.0,34.0,1,384.0,543.923076923,309.0,1.15722547046,891.0,191.957311576,435.0
2016-08-25,3,0,28.0,34.0,1,384.0,548.538461538,309.0,0.861630420959,891.0,188.531007605,383.0
2016-08-26,4,0,26.0,33.0,0,384.0,544.230769231,309.0,0.808197246238,891.0,191.599403342,380.0
2016-08-27,5,1,26.0,31.0,0,384.0,514.923076923,309.0,0.789664491464,891.0,185.233931739,746.0
2016-08-28,6,1,26.0,31.0,1,385.0,508.615384615,309.0,0.994267641826,891.0,175.611695099,931.0
2016-08-29,0,0,25.0,31.0,1,389.0,555.153846154,309.0,1.27684667908,931.0,199.579884201,432.0
2016-08-30,1,0,25.0,30.0,1,390.0,555.153846154,309.0,1.30173132117,931.0,199.579884201,415.0
2016-08-31,2,0,26.0,30.0,1,390.0,552.615384615,309.0,1.09824268816,931.0,201.130473712,413.0
2016-09-01,3,0,25.0,30.0,0,390.0,554.769230769,309.0,0.77555165728,931.0,199.467041367,438.0
2016-09-02,4,0,25.0,29.0,0,404.0,553.769230769,309.0,0.779316712835,931.0,200.016596944,407.0
2016-09-03,5,1,26.0,31.0,0,407.0,522.384615385,309.0,0.800560010182,931.0,188.226761141,766.0
2016-09-04,6,1,26.0,32.0,0,413.0,512.769230769,309.0,1.03130401383,931.0,171.610091978,756.0
2016-09-05,0,0,26.0,30.0,0,415.0,534.307692308,309.0,1.18590925858,931.0,182.846881976,372.0
2016-09-06,1,0,26.0,29.0,0,415.0,528.769230769,309.0,1.17087042532,931.0,186.551355621,471.0
2016-09-07,2,0,26.0,30.0,0,423.0,531.538461538,326.0,0.986397705191,931.0,185.40252068,408.0
2016-09-08,3,0,25.0,29.0,0,415.0,533.461538462,326.0,0.770083102493,931.0,183.976008212,382.0
2016-09-09,4,0,26.0,31.0,0,415.0,533.615384615,326.0,0.781216119939,931.0,183.848406809,420.0
2016-09-10,5,1,25.0,29.0,0,420.0,508.538461538,326.0,0.778185092289,931.0,175.198619324,690.0
2016-09-11,6,1,25.0,31.0,0,423.0,490.0,326.0,0.978521069028,931.0,138.401867484,867.0
2016-09-12,0,0,25.0,32.0,0,432.0,523.461538462,326.0,1.2485790072,931.0,169.439172378,415.0
2016-09-13,1,0,27.0,33.0,1,432.0,523.461538462,326.0,1.24885215794,931.0,169.439172378,411.0
2016-09-14,2,0,26.0,33.0,1,423.0,523.307692308,372.0,1.07461360246,931.0,169.540276411,536.0
2016-09-15,3,1,27.0,33.0,1,423.0,530.846153846,372.0,0.852102102102,931.0,167.748826044,739.0
2016-09-16,4,1,27.0,33.0,1,432.0,556.384615385,372.0,1.02042669088,931.0,172.164294727,576.0
2016-09-17,5,1,26.0,32.0,1,432.0,541.769230769,372.0,1.13785154449,931.0,161.482627713,615.0
2016-09-18,6,0,25.0,32.0,1,435.0,530.923076923,372.0,1.2220217178,931.0,151.132881694,441.0
2016-09-19,0,0,25.0,32.0,1,438.0,536.230769231,372.0,1.03245397609,931.0,146.602106106,316.0
2016-09-20,1,0,23.0,28.0,0,438.0,524.307692308,316.0,0.876201424147,931.0,157.332760839,342.0
2016-09-21,2,0,24.0,31.0,1,435.0,519.230769231,316.0,0.706661522634,931.0,161.999598217,353.0
2016-09-22,3,0,25.0,31.0,1,432.0,517.0,316.0,0.655450743946,931.0,164.060495409,355.0
2016-09-23,4,0,26.0,31.0,1,432.0,512.0,316.0,0.684195093344,931.0,167.886408485,376.0
2016-09-24,5,1,26.0,31.0,1,432.0,487.846153846,316.0,0.734342715849,931.0,163.058199215,586.0
2016-09-25,6,1,26.0,32.0,1,435.0,466.230769231,316.0,0.907868886361,931.0,125.712219494,696.0
2016-09-26,0,0,27.0,33.0,1,438.0,487.846153846,316.0,1.10588627647,931.0,138.547879063,404.0
2016-09-27,1,0,27.0,33.0,1,438.0,487.307692308,316.0,1.13215149073,867.0,138.858746499,351.0
2016-09-28,2,0,26.0,32.0,1,435.0,473.076923077,316.0,0.979975010975,867.0,142.569530426,372.0
2016-09-29,3,0,24.0,29.0,1,432.0,444.846153846,316.0,0.761924078018,867.0,121.964588905,370.0
2016-09-30,4,0,23.0,26.0,0,432.0,429.0,316.0,0.74270376788,867.0,117.183616602,477.0
2016-10-01,5,1,23.0,28.0,0,432.0,418.384615385,316.0,0.846704174481,867.0,105.52399542,671.0
2016-10-02,6,1,24.0,30.0,0,435.0,436.076923077,316.0,1.07636673048,867.0,125.266768593,544.0
2016-10-03,0,1,24.0,30.0,0,438.0,453.615384615,316.0,1.18350645263,867.0,123.170637399,471.0
2016-10-04,1,1,25.0,32.0,1,438.0,463.538461538,316.0,1.1719320196,867.0,118.901132417,474.0
2016-10-05,2,1,25.0,30.0,1,438.0,472.846153846,316.0,1.04173225592,867.0,114.539778884,429.0
2016-10-06,3,1,26.0,32.0,1,435.0,478.538461538,316.0,0.993600173555,867.0,110.302113366,488.0
2016-10-07,4,1,25.0,31.0,0,438.0,487.153846154,316.0,1.01558792392,867.0,106.256472131,586.0
2016-10-08,5,0,24.0,30.0,1,439.0,487.153846154,316.0,1.10085695452,867.0,106.256472131,376.0
2016-10-09,6,0,22.0,28.0,1,439.0,462.538461538,316.0,1.06967651507,867.0,90.9933348232,428.0
2016-10-10,0,0,23.0,28.0,1,439.0,464.384615385,316.0,1.01286115058,867.0,90.0252430083,341.0
2016-10-11,1,0,21.0,26.0,1,438.0,463.615384615,316.0,0.834426468445,739.0,91.0279234094,377.0
2016-10-12,2,0,22.0,26.0,0,435.0,464.0,316.0,0.832969908417,739.0,90.6497910388,373.0
2016-10-13,3,0,23.0,28.0,1,432.0,464.230769231,316.0,0.791439970983,739.0,90.413710538,401.0
2016-10-14,4,0,24.0,30.0,1,432.0,458.384615385,316.0,0.83270030747,739.0,91.8448009178,420.0
2016-10-15,5,1,24.0,31.0,1,432.0,439.076923077,316.0,0.87965521052,696.0,68.5469648528,705.0
2016-10-16,6,1,24.0,31.0,1,432.0,451.461538462,316.0,1.12313240598,705.0,95.59338196,779.0
2016-10-17,0,0,24.0,31.0,1,435.0,475.153846154,316.0,1.34563058765,779.0,129.614129188,307.0
2016-10-18,1,0,23.0,27.0,0,432.0,462.307692308,307.0,1.27170092662,779.0,137.148647384,256.0
2016-10-19,2,0,24.0,27.0,0,429.0,449.0,256.0,0.964808224595,779.0,147.720630297,308.0
2016-10-20,3,0,24.0,30.0,0,428.0,435.153846154,256.0,0.630405674375,779.0,151.795837662,552.0
2016-10-21,4,0,24.0,27.0,0,428.0,432.538461538,256.0,0.801206116735,779.0,149.449047342,395.0
2016-10-22,5,1,24.0,30.0,0,420.0,434.0,256.0,0.928597854236,779.0,148.981155236,758.0
2016-10-23,6,1,25.0,30.0,1,420.0,459.384615385,256.0,1.23229257011,779.0,172.114245806,664.0
2016-10-24,0,0,25.0,31.0,0,428.0,484.230769231,256.0,1.28632614775,779.0,176.489334542,348.0
2016-10-25,1,0,25.0,30.0,1,428.0,482.0,256.0,1.27004628135,779.0,178.007346434,357.0
2016-10-26,2,0,25.0,31.0,1,420.0,480.769230769,256.0,0.989984452399,779.0,178.810236261,360.0
2016-10-27,3,0,26.0,31.0,1,420.0,477.615384615,256.0,0.780992190078,779.0,180.542574762,343.0
2016-10-28,4,0,24.0,32.0,1,415.0,471.692307692,256.0,0.79867389994,779.0,183.573244496,424.0
2016-10-29,5,1,22.0,29.0,1,420.0,450.076923077,256.0,0.844574340528,779.0,170.937893147,258.0
2016-10-30,6,1,20.0,25.0,1,420.0,410.0,256.0,0.78310031324,779.0,148.758968702,577.0
2016-10-31,0,0,21.0,27.0,1,420.0,430.769230769,256.0,0.936546901733,779.0,151.746830582,364.0
