time_stamp,dayofweek,holiday,lt,ht,sunny,m2M,w2A,m1L,d3w3,m1Lar,w2Std,pay_sum
2016-08-01,0,0,27.0,37.0,1,99.0,83.6153846154,45.0,1.34513274336,156.0,23.3980224725,56.0
2016-08-02,1,0,26.0,36.0,0,99.0,81.9230769231,45.0,1.13245298119,153.0,24.5120426869,44.0
2016-08-03,2,0,25.0,31.0,0,99.0,79.5384615385,44.0,0.914472341294,153.0,26.4970691692,74.0
2016-08-04,3,0,25.0,29.0,0,97.0,81.0,44.0,0.700483091787,153.0,25.6124969497,55.0
2016-08-05,4,0,25.0,31.0,0,97.0,79.3076923077,44.0,0.715467328371,134.0,26.5312141721,77.0
2016-08-06,5,1,24.0,32.0,0,97.0,77.5384615385,44.0,0.866456361725,134.0,25.850503297,84.0
2016-08-07,6,1,25.0,32.0,0,96.0,75.6153846154,44.0,0.923669018602,134.0,24.3232666757,91.0
2016-08-08,0,0,26.0,32.0,0,96.0,76.7692307692,44.0,1.07142857143,133.0,24.6674929229,34.0
2016-08-09,1,0,26.0,32.0,0,96.0,74.4615384615,34.0,0.91426071741,124.0,27.0430294861,99.0
2016-08-10,2,0,26.0,34.0,0,97.0,77.0,34.0,0.964685615848,124.0,27.6711457604,74.0
2016-08-11,3,0,27.0,35.0,0,97.0,79.2307692308,34.0,0.880663688577,124.0,26.1273621565,15.0
2016-08-12,4,0,28.0,38.0,1,97.0,71.5384615385,15.0,0.832779623477,124.0,29.0241686679,94.0
2016-08-13,5,1,28.0,37.0,1,97.0,70.8461538462,15.0,0.813875917278,124.0,28.3653259452,116.0
2016-08-14,6,1,28.0,37.0,1,99.0,70.2307692308,15.0,0.996015936255,124.0,27.2711564905,135.0
2016-08-15,0,0,28.0,37.0,1,99.0,76.3076923077,15.0,1.4696485623,135.0,31.8418800551,93.0
2016-08-16,1,0,27.0,37.0,1,99.0,80.0769230769,15.0,1.43872856545,135.0,30.6731191222,63.0
2016-08-17,2,0,27.0,36.0,1,97.0,79.2307692308,15.0,1.21935889378,135.0,30.9792830184,76.0
2016-08-18,3,0,28.0,37.0,1,96.0,80.8461538462,15.0,0.953555281545,135.0,30.2116792339,71.0
2016-08-19,4,0,27.0,37.0,1,94.0,80.3846153846,15.0,0.887198986058,135.0,30.3125728206,120.0
2016-08-20,5,1,26.0,36.0,1,94.0,83.1538461538,15.0,1.11598746082,135.0,32.107622277,115.0
2016-08-21,6,1,26.0,34.0,1,94.0,85.0,15.0,1.28625472888,135.0,33.1778424671,110.0
2016-08-22,0,0,27.0,33.0,1,94.0,90.8461538462,15.0,1.40243902439,135.0,30.2422174448,59.0
2016-08-23,1,0,27.0,34.0,1,93.0,87.7692307692,15.0,1.14400805639,135.0,31.2733699597,66.0
2016-08-24,2,0,27.0,34.0,1,93.0,87.1538461538,15.0,0.951224448492,135.0,31.615103873,85.0
2016-08-25,3,0,24.0,35.0,0,91.0,92.5384615385,15.0,0.834824090638,135.0,23.8830979327,41.0
2016-08-26,4,0,21.0,27.0,0,85.0,88.4615384615,15.0,0.78001218769,135.0,27.5307251703,70.0
2016-08-27,5,1,18.0,27.0,1,85.0,84.9230769231,15.0,0.80311411596,135.0,26.7077100319,98.0
2016-08-28,6,1,18.0,30.0,1,85.0,82.0769230769,15.0,0.852713178295,135.0,22.9228187905,93.0
2016-08-29,0,0,19.0,31.0,1,85.0,82.0769230769,15.0,1.02776137035,135.0,22.9228187905,75.0
2016-08-30,1,0,20.0,31.0,1,85.0,83.0,15.0,1.06251248252,135.0,22.3709977082,58.0
2016-08-31,2,0,21.0,32.0,1,84.0,81.6153846154,15.0,0.911474087518,135.0,23.2991860589,60.0
2016-09-01,3,0,21.0,31.0,1,82.0,80.7692307692,15.0,0.757754220652,135.0,23.8622774274,69.0
2016-09-02,4,0,22.0,33.0,1,78.0,76.8461538462,15.0,0.745168360231,135.0,21.125435467,81.0
2016-09-03,5,1,22.0,33.0,1,78.0,74.2307692308,15.0,0.854700854701,135.0,18.1326473359,111.0
2016-09-04,6,1,22.0,31.0,1,78.0,74.3076923077,15.0,1.0780669145,135.0,18.2857010778,108.0
2016-09-05,0,0,23.0,32.0,1,81.0,78.0769230769,15.0,1.2277470841,135.0,19.7346300016,52.0
2016-09-06,1,0,21.0,31.0,1,78.0,77.0,15.0,1.11660486197,135.0,20.7215978,63.0
2016-09-07,2,0,23.0,32.0,1,77.0,75.3076923077,15.0,0.926272066459,135.0,20.8967594668,61.0
2016-09-08,3,0,22.0,32.0,1,77.0,76.8461538462,15.0,0.735632183908,135.0,18.96087532,73.0
2016-09-09,4,0,21.0,31.0,0,77.0,77.0769230769,15.0,0.848406546081,135.0,18.8942870424,77.0
2016-09-10,5,1,22.0,32.0,1,77.0,75.4615384615,41.0,0.931567328918,135.0,17.9083795797,128.0
2016-09-11,6,1,20.0,31.0,1,77.0,78.1538461538,41.0,1.21291448517,135.0,22.4082613675,98.0
2016-09-12,0,0,22.0,33.0,1,77.0,79.9230769231,41.0,1.28908742821,135.0,22.9898356753,47.0
2016-09-13,1,0,21.0,32.0,1,77.0,79.0769230769,41.0,1.17571059432,128.0,23.962989214,86.0
2016-09-14,2,0,21.0,31.0,1,77.0,81.0769230769,41.0,0.994189799871,128.0,23.3648702064,129.0
2016-09-15,3,1,23.0,31.0,0,77.0,85.6923076923,41.0,1.06699246589,129.0,26.2689773611,162.0
2016-09-16,4,1,22.0,30.0,0,77.0,91.9230769231,41.0,1.45363408521,162.0,33.1278677446,107.0
2016-09-17,5,1,21.0,32.0,1,77.0,91.6153846154,41.0,1.52665899501,162.0,32.9674395579,135.0
2016-09-18,6,0,20.0,31.0,1,77.0,93.6923076923,41.0,1.51310861423,162.0,34.7372214809,92.0
2016-09-19,0,0,18.0,29.0,1,77.0,96.7692307692,41.0,1.23910220738,162.0,32.6146589179,52.0
2016-09-20,1,0,18.0,27.0,1,77.0,95.9230769231,41.0,1.03852596315,162.0,33.6073745077,59.0
2016-09-21,2,0,17.0,28.0,1,77.0,95.7692307692,41.0,0.756052141527,162.0,33.7710705649,67.0
2016-09-22,3,0,17.0,30.0,1,76.0,95.3076923077,41.0,0.663683818046,162.0,34.1183113826,60.0
2016-09-23,4,0,18.0,31.0,1,76.0,94.0,41.0,0.701754385965,162.0,35.1064315826,87.0
2016-09-24,5,1,22.0,32.0,1,77.0,90.8461538462,47.0,0.818512143813,162.0,33.7247823825,117.0
2016-09-25,6,1,23.0,30.0,1,77.0,92.3076923077,47.0,1.00456621005,162.0,34.407925329,111.0
2016-09-26,0,0,23.0,33.0,1,81.0,97.2307692308,47.0,1.15958034235,162.0,32.0724032971,52.0
2016-09-27,1,0,22.0,32.0,1,77.0,94.6153846154,47.0,1.03703703704,162.0,34.1974773283,107.0
2016-09-28,2,0,16.0,25.0,0,77.0,92.9230769231,47.0,0.975081256771,162.0,32.9765920207,126.0
2016-09-29,3,0,15.0,18.0,0,77.0,90.1538461538,47.0,1.00052659294,162.0,28.2294068001,145.0
2016-09-30,4,0,17.0,20.0,0,81.0,93.0769230769,47.0,1.28113879004,162.0,31.5898268397,236.0
2016-10-01,5,1,17.0,20.0,0,84.0,100.846153846,47.0,1.62891566265,236.0,48.7203103341,189.0
2016-10-02,6,1,16.0,23.0,0,85.0,108.307692308,47.0,1.75438596491,236.0,53.9421122991,134.0
2016-10-03,0,1,18.0,29.0,1,86.0,114.615384615,47.0,1.65409084184,236.0,51.7383037121,143.0
2016-10-04,1,1,17.0,30.0,1,87.0,121.076923077,47.0,1.34487734488,236.0,49.5897966218,130.0
2016-10-05,2,1,18.0,30.0,1,91.0,125.923076923,47.0,1.17409490841,236.0,47.083332897,147.0
2016-10-06,3,1,19.0,29.0,1,92.0,132.615384615,47.0,1.21951219512,236.0,43.2657947354,135.0
2016-10-07,4,1,19.0,27.0,1,93.0,136.307692308,47.0,1.1818703385,236.0,41.2149797551,129.0
2016-10-08,5,0,16.0,26.0,1,93.0,137.230769231,47.0,1.18205349439,236.0,40.905432865,144.0
2016-10-09,6,0,16.0,24.0,1,93.0,139.769230769,47.0,1.14767932489,236.0,40.2170148572,115.0
2016-10-10,0,0,16.0,23.0,1,94.0,144.615384615,47.0,1.0631593369,236.0,32.381234978,123.0
2016-10-11,1,0,16.0,21.0,1,98.0,145.846153846,47.0,1.01989053531,236.0,31.2110585773,123.0
2016-10-12,2,0,16.0,19.0,1,98.0,145.615384615,52.0,0.942681812247,236.0,31.3676424693,143.0
2016-10-13,3,0,15.0,18.0,0,98.0,145.461538462,52.0,0.983813859383,236.0,31.3751871208,127.0
2016-10-14,4,0,15.0,19.0,1,98.0,137.076923077,52.0,0.979073243647,236.0,17.6000941364,151.0
2016-10-15,5,1,16.0,23.0,1,107.0,134.153846154,52.0,1.0356703567,236.0,10.4281140256,164.0
2016-10-16,6,1,16.0,24.0,1,107.0,136.461538462,52.0,1.06647363976,236.0,13.1126209585,200.0
2016-10-17,0,0,16.0,23.0,1,108.0,140.846153846,52.0,1.17943432955,236.0,21.4470588044,141.0
2016-10-18,1,0,18.0,25.0,1,108.0,141.692307692,52.0,1.14318053198,236.0,21.2182237181,149.0
2016-10-19,2,0,18.0,24.0,0,108.0,141.846153846,52.0,1.10062893082,236.0,21.2633529227,152.0
2016-10-20,3,0,19.0,23.0,0,108.0,143.153846154,52.0,0.990476190476,236.0,21.324764058,107.0
2016-10-21,4,0,18.0,24.0,0,108.0,141.461538462,52.0,0.955727336613,236.0,23.1736434658,174.0
2016-10-22,5,1,16.0,21.0,0,111.0,143.769230769,52.0,1.01966325209,236.0,24.7515464821,232.0
2016-10-23,6,1,15.0,18.0,1,111.0,152.769230769,52.0,1.16763400478,236.0,32.6617957162,215.0
2016-10-24,0,0,12.0,16.0,0,115.0,159.846153846,52.0,1.37954015328,236.0,35.3049269908,115.0
2016-10-25,1,0,12.0,16.0,0,115.0,159.230769231,52.0,1.25474436258,236.0,36.0046019412,130.0
2016-10-26,2,0,13.0,16.0,0,117.0,158.230769231,107.0,1.03289547547,236.0,36.6168390144,137.0
2016-10-27,3,0,12.0,16.0,0,123.0,159.0,107.0,0.857174913048,236.0,36.0533792292,143.0
2016-10-28,4,0,9.0,14.0,0,123.0,158.384615385,107.0,0.915689558906,236.0,36.2524024913,182.0
2016-10-29,5,1,7.0,11.0,0,126.0,159.769230769,107.0,1.01885544161,236.0,36.7803330519,223.0
2016-10-30,6,1,9.0,15.0,0,127.0,161.538461538,107.0,1.16682636006,232.0,39.149841113,207.0
2016-10-31,0,0,9.0,14.0,0,128.0,166.615384615,107.0,1.26905132193,232.0,40.4161781422,132.0
