time_stamp,dayofweek,holiday,lt,ht,sunny,m2M,w2A,m1L,d3w3,m1Lar,w2Std,pay_sum
2016-08-01,0,0,28.0,34.0,1,193.0,172.230769231,92.0,0.839492654439,228.0,37.0512199449,180.0
2016-08-02,1,0,28.0,34.0,0,193.0,170.538461538,92.0,0.788768818694,228.0,36.1441885628,174.0
2016-08-03,2,0,26.0,32.0,0,193.0,170.153846154,92.0,0.89062791131,228.0,36.0786451943,217.0
2016-08-04,3,0,27.0,32.0,0,193.0,173.615384615,92.0,1.05594082293,228.0,38.1868653648,175.0
2016-08-05,4,0,27.0,33.0,0,193.0,171.153846154,92.0,1.06022290906,228.0,36.967441296,252.0
2016-08-06,5,1,27.0,33.0,1,193.0,180.846153846,92.0,1.18698737444,252.0,40.2317252424,168.0
2016-08-07,6,1,27.0,34.0,1,193.0,185.076923077,92.0,1.09727985247,252.0,35.4866422073,139.0
2016-08-08,0,0,27.0,34.0,0,193.0,181.923076923,92.0,1.05154251317,252.0,37.5591052946,202.0
2016-08-09,1,0,28.0,34.0,1,193.0,183.692307692,113.0,0.957486832205,252.0,37.9197221172,228.0
2016-08-10,2,0,28.0,34.0,1,193.0,186.384615385,113.0,1.05575656369,252.0,39.6863442151,229.0
2016-08-11,3,0,28.0,35.0,1,194.0,186.461538462,113.0,1.20365296804,252.0,39.767817264,222.0
2016-08-12,4,0,28.0,34.0,1,194.0,187.153846154,113.0,1.23510686676,252.0,40.2985896944,220.0
2016-08-13,5,1,28.0,35.0,1,194.0,194.615384615,113.0,1.19003281014,252.0,36.5335219333,155.0
2016-08-14,6,1,28.0,36.0,1,193.0,197.0,113.0,1.0470928703,252.0,32.6520113646,133.0
2016-08-15,0,0,28.0,35.0,1,193.0,193.384615385,113.0,0.902148819037,252.0,36.6869049401,215.0
2016-08-16,1,0,28.0,35.0,1,193.0,196.538461538,113.0,0.884784520668,252.0,36.6472065986,226.0
2016-08-17,2,0,28.0,35.0,1,193.0,197.230769231,113.0,1.00095910716,252.0,37.1093059988,206.0
2016-08-18,3,0,28.0,36.0,1,194.0,199.615384615,113.0,1.13478909059,252.0,36.5966338543,208.0
2016-08-19,4,0,29.0,36.0,1,194.0,196.230769231,113.0,1.12399016509,252.0,33.4989181138,246.0
2016-08-20,5,1,28.0,37.0,0,196.0,202.230769231,113.0,1.12273539168,252.0,34.8627062063,147.0
2016-08-21,6,1,28.0,35.0,0,196.0,202.846153846,113.0,1.01640453239,252.0,33.7954165164,129.0
2016-08-22,0,0,28.0,35.0,1,194.0,197.230769231,113.0,0.894371626831,252.0,39.1155169803,227.0
2016-08-23,1,0,26.0,34.0,1,194.0,197.153846154,123.0,0.850236646383,252.0,39.0558695556,218.0
2016-08-24,2,0,26.0,34.0,1,194.0,196.307692308,123.0,0.970004224757,252.0,38.4715371619,212.0
2016-08-25,3,0,27.0,35.0,1,196.0,195.538461538,123.0,1.09994977398,252.0,38.0477743908,236.0
2016-08-26,4,0,26.0,34.0,0,200.0,196.769230769,123.0,1.11951588502,252.0,39.0643529146,243.0
2016-08-27,5,1,23.0,31.0,1,200.0,203.538461538,123.0,1.13998185268,252.0,38.8638954155,173.0
2016-08-28,6,1,22.0,30.0,1,196.0,206.615384615,123.0,1.06666666667,252.0,34.4953474266,158.0
2016-08-29,0,0,23.0,31.0,1,194.0,202.230769231,124.0,0.949309517903,252.0,36.7028689848,238.0
2016-08-30,1,0,23.0,31.0,1,194.0,203.153846154,129.0,0.938711540048,252.0,37.4327009524,227.0
2016-08-31,2,0,25.0,34.0,1,196.0,204.769230769,129.0,1.0283073368,252.0,37.9699351636,249.0
2016-09-01,3,0,26.0,33.0,1,200.0,207.923076923,129.0,1.17068371864,252.0,39.7675196775,228.0
2016-09-02,4,0,25.0,34.0,1,202.0,206.538461538,129.0,1.15202094584,252.0,38.7171506116,247.0
2016-09-03,5,1,25.0,35.0,1,202.0,214.230769231,129.0,1.15858537366,252.0,35.9597078925,175.0
2016-09-04,6,1,25.0,33.0,1,202.0,217.769230769,129.0,1.02978453739,249.0,28.9858157517,137.0
2016-09-05,0,0,25.0,30.0,0,202.0,210.846153846,129.0,0.902340597256,249.0,35.8819563695,233.0
2016-09-06,1,0,22.0,27.0,0,205.0,212.0,129.0,0.878253162517,249.0,36.3318042492,262.0
2016-09-07,2,0,20.0,24.0,0,206.0,215.846153846,129.0,1.00484935209,262.0,38.6977362762,224.0
2016-09-08,3,0,22.0,29.0,1,207.0,214.923076923,129.0,1.13882949236,262.0,38.3475233148,298.0
2016-09-09,4,0,23.0,31.0,1,207.0,219.153846154,129.0,1.2266291168,298.0,43.8508769386,274.0
2016-09-10,5,1,24.0,29.0,1,207.0,226.923076923,129.0,1.20935885749,298.0,43.9325734042,220.0
2016-09-11,6,1,23.0,26.0,0,208.0,231.692307692,129.0,1.17883456129,298.0,39.314089499,146.0
2016-09-12,0,0,23.0,29.0,1,208.0,224.615384615,129.0,0.970137941489,298.0,45.3576190895,249.0
2016-09-13,1,0,23.0,30.0,1,208.0,226.307692308,129.0,0.92571686611,298.0,45.8230452861,289.0
2016-09-14,2,0,22.0,24.0,0,210.0,229.384615385,129.0,1.0119840213,298.0,48.5077923344,219.0
2016-09-15,3,1,23.0,26.0,0,212.0,228.692307692,129.0,1.12422959828,298.0,48.5867734699,116.0
2016-09-16,4,1,23.0,27.0,0,212.0,218.615384615,116.0,0.953690967446,298.0,56.6589506291,182.0
2016-09-17,5,1,23.0,27.0,0,212.0,219.153846154,116.0,0.78853046595,298.0,56.2738443873,196.0
2016-09-18,6,0,23.0,28.0,0,212.0,223.692307692,116.0,0.746956981931,298.0,51.6547482595,247.0
2016-09-19,0,0,21.0,27.0,0,213.0,224.769230769,116.0,0.943111513505,298.0,51.98247315,269.0
2016-09-20,1,0,20.0,26.0,1,215.0,225.307692308,116.0,1.06427503737,298.0,52.3999186955,255.0
2016-09-21,2,0,20.0,27.0,1,217.0,227.692307692,116.0,1.15091804747,298.0,52.9882201936,258.0
2016-09-22,3,0,21.0,27.0,1,218.0,224.615384615,116.0,1.15954922894,298.0,49.8868542289,262.0
2016-09-23,4,0,21.0,27.0,1,219.0,223.692307692,116.0,1.1453484076,298.0,49.0688442832,291.0
2016-09-24,5,1,22.0,28.0,1,220.0,229.153846154,116.0,1.16850371011,298.0,52.2049896729,245.0
2016-09-25,6,1,23.0,29.0,1,220.0,236.769230769,116.0,1.12354804646,298.0,46.4197468693,205.0
2016-09-26,0,0,24.0,31.0,1,220.0,233.384615385,116.0,1.04950074357,298.0,47.0049726691,218.0
2016-09-27,1,0,25.0,30.0,0,220.0,227.923076923,116.0,0.955036099793,298.0,44.2709516474,258.0
2016-09-28,2,0,22.0,28.0,0,220.0,230.923076923,116.0,0.966574409197,298.0,44.8818303796,252.0
2016-09-29,3,0,22.0,25.0,0,222.0,241.384615385,116.0,1.04350318928,298.0,30.3835442849,200.0
2016-09-30,4,0,23.0,28.0,0,222.0,242.769230769,116.0,1.03415628869,298.0,27.9591841142,249.0
2016-10-01,5,1,24.0,29.0,0,224.0,246.846153846,116.0,1.0146186134,298.0,24.4912736542,171.0
2016-10-02,6,1,24.0,32.0,1,224.0,241.0,116.0,0.8925358094,298.0,31.7514384895,159.0
2016-10-03,0,1,22.0,26.0,1,224.0,232.538461538,116.0,0.850033032372,298.0,37.3293355143,189.0
2016-10-04,1,1,22.0,26.0,1,222.0,227.461538462,116.0,0.779103805449,298.0,38.4019538458,179.0
2016-10-05,2,1,22.0,27.0,1,222.0,221.384615385,116.0,0.79830341589,298.0,39.328084429,191.0
2016-10-06,3,1,22.0,26.0,0,222.0,215.923076923,116.0,0.832588620792,298.0,38.2229523041,166.0
2016-10-07,4,1,20.0,25.0,0,222.0,206.307692308,116.0,0.801195814649,298.0,33.5659731903,187.0
2016-10-08,5,0,17.0,22.0,0,220.0,201.846153846,116.0,0.814798172695,291.0,31.9418850989,227.0
2016-10-09,6,0,18.0,22.0,1,220.0,203.538461538,116.0,0.872639735199,291.0,32.6393235804,260.0
2016-10-10,0,0,18.0,22.0,1,220.0,206.769230769,116.0,1.01613146389,291.0,35.8332759965,248.0
2016-10-11,1,0,19.0,25.0,1,224.0,206.0,116.0,1.10985277463,291.0,34.8182092059,277.0
2016-10-12,2,0,19.0,23.0,1,226.0,207.923076923,116.0,1.18027364306,291.0,37.8630356344,326.0
2016-10-13,3,0,19.0,23.0,1,227.0,217.615384615,116.0,1.2613013191,326.0,49.0643822897,288.0
2016-10-14,4,0,19.0,23.0,0,227.0,220.615384615,116.0,1.32146829811,326.0,51.9963585434,265.0
2016-10-15,5,1,21.0,25.0,1,227.0,227.846153846,159.0,1.29789590255,326.0,51.1225468155,249.0
2016-10-16,6,1,20.0,26.0,1,228.0,234.769230769,159.0,1.17277180668,326.0,47.2801045264,218.0
2016-10-17,0,0,20.0,25.0,1,228.0,237.0,159.0,1.07041017767,326.0,45.7266123491,266.0
2016-10-18,1,0,20.0,25.0,1,228.0,243.692307692,159.0,1.06999489088,326.0,43.0355570615,280.0
2016-10-19,2,0,20.0,24.0,0,233.0,250.538461538,159.0,1.10845121509,326.0,41.1462969352,276.0
2016-10-20,3,0,20.0,23.0,0,236.0,259.0,159.0,1.1731963177,326.0,33.4893783391,238.0
2016-10-21,4,0,0.0,21.0,0,238.0,262.923076923,159.0,1.13590844063,326.0,27.2268576069,239.0
2016-10-22,5,1,19.0,23.0,0,238.0,263.846153846,159.0,1.06175972927,326.0,26.176460811,140.0
2016-10-23,6,1,18.0,23.0,1,238.0,254.615384615,140.0,0.873504636512,326.0,42.1746158827,208.0
2016-10-24,0,0,20.0,24.0,1,238.0,251.538461538,140.0,0.827693175409,326.0,43.9660977513,260.0
2016-10-25,1,0,18.0,22.0,1,238.0,250.230769231,140.0,0.842864074305,326.0,43.4390002827,278.0
2016-10-26,2,0,19.0,21.0,0,239.0,246.538461538,140.0,1.01579520697,326.0,38.6136990132,216.0
2016-10-27,3,0,18.0,22.0,0,239.0,241.0,140.0,1.01630947567,326.0,37.4145179555,269.0
2016-10-28,4,0,15.0,20.0,0,245.0,241.307692308,140.0,1.01166799257,326.0,37.6264731179,295.0
2016-10-29,5,1,13.0,17.0,1,247.0,244.846153846,140.0,1.02040816327,326.0,40.2546627091,265.0
2016-10-30,6,1,14.0,18.0,1,247.0,248.461538462,140.0,1.08344769,326.0,39.7890889269,228.0
2016-10-31,0,0,13.0,17.0,0,247.0,245.538461538,140.0,1.0339172079,326.0,39.7890889269,272.0
