time_stamp,dayofweek,holiday,lt,ht,sunny,m2M,w2A,m1L,d3w3,m1Lar,w2Std,pay_sum
2016-08-01,0,0,27.0,37.0,1,9.0,27.4615384615,2.0,1.24168514412,51.0,13.1008830273,35.0
2016-08-02,1,0,26.0,36.0,0,9.0,28.2307692308,2.0,1.43955276031,51.0,13.2267435736,17.0
2016-08-03,2,0,25.0,31.0,0,9.0,29.3846153846,2.0,1.14089347079,51.0,11.4188673932,23.0
2016-08-04,3,0,25.0,29.0,0,9.0,29.2307692308,2.0,1.00200400802,51.0,11.4901552922,1.0
2016-08-05,4,0,25.0,31.0,0,9.0,27.5384615385,1.0,0.556687033265,51.0,13.6923076923,43.0
2016-08-06,5,1,24.0,32.0,0,9.0,26.9230769231,1.0,0.850793650794,51.0,12.7729373675,54.0
2016-08-07,6,1,25.0,32.0,0,9.0,27.2307692308,1.0,1.17717717718,54.0,13.3598355941,58.0
2016-08-08,0,0,26.0,32.0,0,9.0,30.3076923077,1.0,1.75736961451,58.0,15.3391636287,35.0
2016-08-09,1,0,26.0,32.0,0,9.0,31.7692307692,1.0,1.63879598662,58.0,14.8020468759,50.0
2016-08-10,2,0,26.0,34.0,0,9.0,33.2307692308,1.0,1.47574819401,58.0,15.5719365238,41.0
2016-08-11,3,0,27.0,35.0,0,9.0,33.9230769231,1.0,1.26888217523,58.0,15.7013548581,51.0
2016-08-12,4,0,28.0,38.0,1,9.0,36.6153846154,1.0,1.37198067633,58.0,15.3949964976,34.0
2016-08-13,5,1,28.0,37.0,1,9.0,36.3846153846,1.0,1.24814264487,58.0,15.4099790922,76.0
2016-08-14,6,1,28.0,37.0,1,9.0,39.8461538462,1.0,1.53552694325,76.0,18.5465989163,51.0
2016-08-15,0,0,28.0,37.0,1,9.0,41.0769230769,1.0,1.46630236794,76.0,18.7142953934,44.0
2016-08-16,1,0,27.0,37.0,1,9.0,43.1538461538,1.0,1.5,76.0,17.3774661951,21.0
2016-08-17,2,0,27.0,36.0,1,9.0,43.0,1.0,1.03111111111,76.0,17.5630731497,39.0
2016-08-18,3,0,28.0,37.0,1,16.0,45.9230769231,1.0,0.915896081022,76.0,12.8629553875,39.0
2016-08-19,4,0,27.0,37.0,1,16.0,45.6153846154,1.0,0.846153846154,76.0,12.9765377719,26.0
2016-08-20,5,1,26.0,36.0,1,17.0,43.4615384615,1.0,0.901603814478,76.0,13.7091512648,71.0
2016-08-21,6,1,26.0,34.0,1,18.0,44.4615384615,1.0,1.12072517511,76.0,15.1333324644,68.0
2016-08-22,0,0,27.0,33.0,1,21.0,47.0,1.0,1.30641330166,76.0,16.0719535934,43.0
2016-08-23,1,0,27.0,34.0,1,23.0,46.4615384615,1.0,1.39784946237,76.0,16.0796832375,37.0
2016-08-24,2,0,27.0,34.0,1,23.0,46.1538461538,1.0,1.1186696901,76.0,16.2189165618,35.0
2016-08-25,3,0,24.0,35.0,0,24.0,44.9230769231,1.0,0.836972343523,76.0,16.4104166659,47.0
2016-08-26,4,0,21.0,27.0,0,25.0,45.9230769231,1.0,0.86231884058,76.0,16.1076261846,19.0
2016-08-27,5,1,18.0,27.0,1,25.0,41.5384615385,1.0,0.760828625235,76.0,15.04667295,80.0
2016-08-28,6,1,18.0,30.0,1,25.0,43.7692307692,1.0,1.07313487688,80.0,18.1199161407,83.0
2016-08-29,0,0,19.0,31.0,1,25.0,46.7692307692,1.0,1.2705061082,83.0,20.9216628481,25.0
2016-08-30,1,0,20.0,31.0,1,25.0,47.0769230769,1.0,1.3476702509,83.0,20.5668199496,31.0
2016-08-31,2,0,21.0,32.0,1,26.0,46.4615384615,1.0,1.00724637681,83.0,20.9160055924,20.0
2016-09-01,3,0,21.0,31.0,1,26.0,45.0,1.0,0.569928758905,83.0,22.0209690278,14.0
2016-09-02,4,0,22.0,33.0,1,26.0,44.0769230769,1.0,0.498657460683,83.0,23.0266118235,19.0
2016-09-03,5,1,22.0,33.0,1,26.0,40.0769230769,14.0,0.435139573071,83.0,22.5131125499,48.0
2016-09-04,6,1,22.0,31.0,1,31.0,38.5384615385,14.0,0.667490729295,83.0,21.1972980303,38.0
2016-09-05,0,0,23.0,32.0,1,31.0,38.1538461538,14.0,0.871731008717,83.0,21.158181374,18.0
2016-09-06,1,0,21.0,31.0,1,31.0,36.6923076923,14.0,0.866666666667,83.0,21.8328778729,15.0
2016-09-07,2,0,23.0,32.0,1,31.0,35.1538461538,14.0,0.609965635739,83.0,22.5894670957,7.0
2016-09-08,3,0,22.0,32.0,1,31.0,32.0769230769,7.0,0.358422939068,83.0,23.4732631485,22.0
2016-09-09,4,0,21.0,31.0,0,31.0,32.3076923077,7.0,0.396396396396,83.0,23.3580314482,12.0
2016-09-10,5,1,22.0,32.0,1,31.0,27.0769230769,7.0,0.401370533529,83.0,19.36476395,54.0
2016-09-11,6,1,20.0,31.0,1,31.0,24.8461538462,7.0,0.87956021989,83.0,13.6090815484,36.0
2016-09-12,0,0,22.0,33.0,1,32.0,25.6923076923,7.0,1.0303030303,83.0,13.9305122518,13.0
2016-09-13,1,0,21.0,32.0,1,32.0,24.3076923077,7.0,1.07966457023,83.0,14.2255707761,5.0
2016-09-14,2,0,21.0,31.0,1,32.0,23.1538461538,5.0,0.594059405941,83.0,15.1090709069,18.0
2016-09-15,3,1,23.0,31.0,0,32.0,23.4615384615,5.0,0.415944540728,83.0,14.9595114308,178.0
2016-09-16,4,1,22.0,30.0,0,34.0,35.6923076923,5.0,1.82065217391,178.0,43.7007034187,163.0
2016-09-17,5,1,21.0,32.0,1,35.0,44.5384615385,5.0,2.92226292226,178.0,55.3764951312,47.0
2016-09-18,6,0,20.0,31.0,1,35.0,45.2307692308,5.0,3.30353341848,178.0,55.346675039,32.0
2016-09-19,0,0,18.0,29.0,1,35.0,46.3076923077,5.0,2.04219409283,178.0,54.9410657893,19.0
2016-09-20,1,0,18.0,27.0,1,35.0,46.6153846154,5.0,0.839760068552,178.0,54.7758206926,19.0
2016-09-21,2,0,17.0,28.0,1,35.0,47.5384615385,5.0,0.600600600601,178.0,54.1985174146,12.0
2016-09-22,3,0,17.0,30.0,1,34.0,46.7692307692,5.0,0.430107526882,178.0,54.6248095876,17.0
2016-09-23,4,0,18.0,31.0,1,34.0,47.1538461538,5.0,0.413971539457,178.0,54.3957664555,16.0
2016-09-24,5,1,22.0,32.0,1,34.0,44.2307692308,5.0,0.404858299595,178.0,54.9673383385,86.0
2016-09-25,6,1,23.0,30.0,1,35.0,48.0769230769,5.0,1.0054921842,178.0,55.9965129937,44.0
2016-09-26,0,0,23.0,33.0,1,35.0,50.4615384615,5.0,1.19427402863,178.0,55.104956338,28.0
2016-09-27,1,0,22.0,32.0,1,35.0,52.2307692308,5.0,1.27214170692,178.0,53.9745721416,37.0
2016-09-28,2,0,16.0,25.0,0,35.0,53.6923076923,5.0,0.846930846931,178.0,53.2806569251,2.0
2016-09-29,3,0,15.0,18.0,0,35.0,40.1538461538,2.0,0.533015115354,178.0,40.8954504783,12.0
2016-09-30,4,0,17.0,20.0,0,35.0,28.5384615385,2.0,0.405727923628,178.0,20.9196829827,8.0
2016-10-01,5,1,17.0,20.0,0,35.0,25.5384615385,2.0,0.185185185185,178.0,20.8533907393,60.0
2016-10-02,6,1,16.0,23.0,0,35.0,27.6923076923,2.0,0.653594771242,178.0,22.7676714643,78.0
2016-10-03,0,1,18.0,29.0,1,36.0,32.2307692308,2.0,1.10480514567,178.0,26.2037984509,289.0
2016-10-04,1,1,17.0,30.0,1,36.0,53.0,2.0,2.443490701,289.0,72.8929668444,295.0
2016-10-05,2,1,18.0,30.0,1,36.0,74.7692307692,2.0,3.06056403144,295.0,95.9953154676,222.0
2016-10-06,3,1,19.0,29.0,1,36.0,90.5384615385,2.0,3.61597128757,295.0,101.868403333,188.0
2016-10-07,4,1,19.0,27.0,1,37.0,103.769230769,2.0,3.11052283256,295.0,102.495893986,81.0
2016-10-08,5,0,16.0,26.0,1,37.0,103.384615385,2.0,2.11866235167,295.0,102.571204882,40.0
2016-10-09,6,0,16.0,24.0,1,37.0,103.076923077,2.0,1.32646490663,295.0,102.754720302,46.0
2016-10-10,0,0,16.0,23.0,1,37.0,104.461538462,2.0,0.704641350211,295.0,101.851034045,24.0
2016-10-11,1,0,16.0,21.0,1,37.0,103.461538462,2.0,0.462670872766,295.0,102.569762664,30.0
2016-10-12,2,0,16.0,19.0,1,36.0,105.615384615,2.0,0.415886878769,295.0,100.693394835,8.0
2016-10-13,3,0,15.0,18.0,0,35.0,105.307692308,2.0,0.25930572982,295.0,100.984678667,15.0
2016-10-14,4,0,15.0,19.0,1,32.0,105.846153846,2.0,0.221803724629,295.0,100.481797934,81.0
2016-10-15,5,1,16.0,23.0,1,35.0,107.461538462,2.0,0.436607892527,295.0,99.8988837888,142.0
2016-10-16,6,1,16.0,24.0,1,35.0,112.384615385,2.0,0.941083432187,295.0,99.9026745323,91.0
2016-10-17,0,0,16.0,23.0,1,35.0,97.1538461538,2.0,1.19687440442,295.0,85.9318568615,30.0
2016-10-18,1,0,18.0,25.0,1,35.0,76.7692307692,2.0,1.00650593188,295.0,65.6097481572,27.0
2016-10-19,2,0,18.0,24.0,0,32.0,61.7692307692,2.0,0.558385210338,295.0,51.4559615237,51.0
2016-10-20,3,0,19.0,23.0,0,32.0,51.2307692308,2.0,0.398671096346,295.0,36.3300126959,15.0
2016-10-21,4,0,18.0,24.0,0,31.0,46.1538461538,2.0,0.341974627689,295.0,36.4266304822,79.0
2016-10-22,5,1,16.0,21.0,0,31.0,49.1538461538,2.0,0.527656477438,295.0,37.3895216787,67.0
2016-10-23,6,1,15.0,18.0,1,31.0,50.7692307692,2.0,0.589419732748,295.0,37.6709515637,70.0
2016-10-24,0,0,12.0,16.0,0,31.0,54.3076923077,2.0,0.898876404494,295.0,37.1470769435,29.0
2016-10-25,1,0,12.0,16.0,0,31.0,54.2307692308,2.0,0.828343313373,295.0,37.1983329779,11.0
2016-10-26,2,0,13.0,16.0,0,30.0,54.4615384615,2.0,0.651851851852,295.0,36.9190702954,8.0
2016-10-27,3,0,12.0,16.0,0,30.0,53.9230769231,2.0,0.338624338624,295.0,37.5365699397,15.0
2016-10-28,4,0,9.0,14.0,0,30.0,48.8461538462,8.0,0.257868790292,295.0,37.991590474,20.0
2016-10-29,5,1,7.0,11.0,0,29.0,39.4615384615,8.0,0.333721381451,295.0,27.4187341474,45.0
2016-10-30,6,1,9.0,15.0,0,30.0,35.9230769231,8.0,0.621600621601,295.0,23.1797708174,69.0
2016-10-31,0,0,9.0,14.0,0,30.0,38.9230769231,8.0,0.989294942783,295.0,24.6933860297,70.0
