time_stamp,dayofweek,holiday,lt,ht,sunny,m2M,w2A,m1L,d3w3,m1Lar,w2Std,pay_sum
2016-08-01,0,0,28.0,34.0,1,48.0,87.6923076923,39.0,1.31364997861,115.0,14.8343915142,92.0
2016-08-02,1,0,28.0,34.0,0,49.0,89.3846153846,39.0,1.19002723654,115.0,13.9479166437,88.0
2016-08-03,2,0,26.0,32.0,0,51.0,89.9230769231,39.0,1.16656397618,115.0,13.7475118782,87.0
2016-08-04,3,0,27.0,32.0,0,52.0,90.3076923077,41.0,1.0761789601,115.0,13.5895016911,69.0
2016-08-05,4,0,27.0,33.0,0,54.0,90.9230769231,42.0,0.976976976977,115.0,12.3752951074,91.0
2016-08-06,5,1,27.0,33.0,1,54.0,91.0769230769,54.0,0.98074250546,115.0,12.3628571409,82.0
2016-08-07,6,1,27.0,34.0,1,56.0,89.0769230769,54.0,0.947347817577,115.0,11.5389743476,100.0
2016-08-08,0,0,27.0,34.0,0,56.0,90.9230769231,54.0,1.0405946255,115.0,11.2144243548,94.0
2016-08-09,1,0,28.0,34.0,1,58.0,91.7692307692,54.0,1.03778905809,115.0,10.9975790773,96.0
2016-08-10,2,0,28.0,34.0,1,58.0,91.4615384615,54.0,1.08128262491,115.0,10.8174743577,95.0
2016-08-11,3,0,28.0,35.0,1,58.0,92.3846153846,54.0,1.05496946141,115.0,10.5650982852,87.0
2016-08-12,4,0,28.0,34.0,1,59.0,90.2307692308,54.0,1.01441342821,115.0,8.35881705059,89.0
2016-08-13,5,1,28.0,35.0,1,61.0,90.3076923077,54.0,0.988870644043,115.0,8.34251959159,85.0
2016-08-14,6,1,28.0,36.0,1,63.0,88.8461538462,54.0,0.964523281596,115.0,7.4301480868,92.0
2016-08-15,0,0,28.0,35.0,1,66.0,88.8461538462,54.0,0.974358974359,115.0,7.4301480868,89.0
2016-08-16,1,0,28.0,35.0,1,66.0,88.9230769231,54.0,0.9711573567,115.0,7.42616516071,89.0
2016-08-17,2,0,28.0,35.0,1,69.0,89.0769230769,61.0,0.99173553719,115.0,7.40541941327,91.0
2016-08-18,3,0,28.0,36.0,1,70.0,90.7692307692,61.0,0.983726458219,115.0,4.61025355808,102.0
2016-08-19,4,0,29.0,36.0,1,71.0,91.6153846154,61.0,1.03867403315,115.0,5.49878953867,96.0
2016-08-20,5,1,28.0,37.0,0,76.0,92.6923076923,61.0,1.05977264393,115.0,4.84187845596,93.0
2016-08-21,6,1,28.0,35.0,0,77.0,92.1538461538,69.0,1.07360265634,115.0,4.36500337203,99.0
2016-08-22,0,0,28.0,35.0,1,81.0,92.5384615385,69.0,1.05843439912,115.0,4.716833759,92.0
2016-08-23,1,0,26.0,34.0,1,82.0,92.2307692308,69.0,1.04143747708,115.0,4.61025355808,97.0
2016-08-24,2,0,26.0,34.0,1,82.0,92.3846153846,69.0,1.05032822757,115.0,4.73186353822,96.0
2016-08-25,3,0,27.0,35.0,1,83.0,93.0769230769,69.0,1.02425876011,115.0,4.54822938434,84.0
2016-08-26,4,0,26.0,34.0,0,83.0,92.6923076923,69.0,0.999278499278,115.0,5.05941035459,83.0
2016-08-27,5,1,23.0,31.0,1,83.0,92.5384615385,69.0,0.948260320894,115.0,5.31493374465,72.0
2016-08-28,6,1,22.0,30.0,1,83.0,91.0,69.0,0.874977118799,104.0,7.6359473746,75.0
2016-08-29,0,0,23.0,31.0,1,83.0,89.9230769231,69.0,0.850906400296,104.0,8.74828808275,71.0
2016-08-30,1,0,23.0,31.0,1,83.0,88.5384615385,69.0,0.817857812793,102.0,10.1041909402,85.0
2016-08-31,2,0,25.0,34.0,1,84.0,88.0769230769,69.0,0.871533672892,102.0,10.1182359245,89.0
2016-09-01,3,0,26.0,33.0,1,85.0,87.0769230769,69.0,0.923308837385,102.0,9.30228705097,85.0
2016-09-02,4,0,25.0,34.0,1,85.0,86.2307692308,69.0,0.978281397545,102.0,8.9455949293,78.0
2016-09-03,5,1,25.0,35.0,1,85.0,85.0769230769,71.0,0.955631399317,102.0,8.96541679036,100.0
2016-09-04,6,1,25.0,33.0,1,85.0,85.1538461538,71.0,0.992827482069,102.0,9.0879984582,91.0
2016-09-05,0,0,25.0,30.0,0,87.0,85.0769230769,71.0,1.01432880845,102.0,9.03379584979,88.0
2016-09-06,1,0,22.0,27.0,0,87.0,84.3846153846,71.0,1.05263157895,102.0,8.41736722532,73.0
2016-09-07,2,0,20.0,24.0,0,87.0,82.6153846154,71.0,0.960548885077,102.0,8.20448715445,69.0
2016-09-08,3,0,22.0,29.0,1,87.0,81.4615384615,69.0,0.893550893551,102.0,8.94956281369,85.0
2016-09-09,4,0,23.0,31.0,1,87.0,81.6153846154,69.0,0.887585532747,102.0,8.99177796689,85.0
2016-09-10,5,1,24.0,29.0,1,87.0,82.6153846154,69.0,0.938911805146,102.0,8.58028564648,69.0
2016-09-11,6,1,23.0,26.0,0,87.0,82.1538461538,69.0,0.955808838232,102.0,9.12179261942,70.0
2016-09-12,0,0,23.0,29.0,1,87.0,82.0769230769,69.0,0.90780141844,102.0,9.21922354866,73.0
2016-09-13,1,0,23.0,30.0,1,87.0,81.1538461538,69.0,0.871889779971,102.0,9.47747251155,56.0
2016-09-14,2,0,22.0,24.0,0,87.0,78.6153846154,56.0,0.839131351465,102.0,11.2833332605,79.0
2016-09-15,3,1,23.0,26.0,0,87.0,78.1538461538,56.0,0.87986463621,102.0,11.1344659217,55.0
2016-09-16,4,1,23.0,27.0,0,87.0,76.3846153846,55.0,0.818260120586,102.0,12.7311759173,64.0
2016-09-17,5,1,23.0,27.0,0,87.0,73.6153846154,55.0,0.857142857143,100.0,11.1046661124,55.0
2016-09-18,6,0,23.0,28.0,0,87.0,70.8461538462,55.0,0.763157894737,100.0,10.9111527548,73.0
2016-09-19,0,0,21.0,27.0,0,87.0,69.6923076923,55.0,0.84099868594,100.0,9.7695336113,78.0
2016-09-20,1,0,20.0,26.0,1,87.0,70.0769230769,55.0,0.906490649065,100.0,9.98815866962,78.0
2016-09-21,2,0,20.0,27.0,1,87.0,70.7692307692,55.0,1.01507092199,100.0,10.1991994117,64.0
2016-09-22,3,0,21.0,27.0,1,85.0,69.1538461538,55.0,0.988986289054,100.0,9.45309191458,87.0
2016-09-23,4,0,21.0,27.0,1,87.0,69.3076923077,55.0,1.02323503128,100.0,9.72217619976,85.0
2016-09-24,5,1,22.0,28.0,1,87.0,70.5384615385,55.0,1.06522229745,100.0,10.5802092797,102.0
2016-09-25,6,1,23.0,29.0,1,87.0,73.0,55.0,1.22759856631,102.0,13.4907375632,116.0
2016-09-26,0,0,24.0,31.0,1,87.0,76.3076923077,55.0,1.33245382586,116.0,17.6999983285,89.0
2016-09-27,1,0,25.0,30.0,0,87.0,78.8461538462,55.0,1.33594429939,116.0,16.956261171,89.0
2016-09-28,2,0,22.0,28.0,0,87.0,79.6153846154,55.0,1.26288659794,116.0,17.1712571178,101.0
2016-09-29,3,0,22.0,25.0,0,87.0,83.1538461538,55.0,1.1862244898,116.0,16.4590220938,71.0
2016-09-30,4,0,23.0,28.0,0,87.0,83.6923076923,55.0,1.11969111969,116.0,15.9295787543,74.0
2016-10-01,5,1,24.0,29.0,0,85.0,85.1538461538,55.0,1.0519563823,116.0,13.9826604371,117.0
2016-10-02,6,1,24.0,32.0,1,85.0,88.5384615385,55.0,1.08758821088,117.0,15.8338264223,91.0
2016-10-03,0,1,22.0,26.0,1,87.0,89.5384615385,55.0,1.15763546798,117.0,15.5445532613,54.0
2016-10-04,1,1,22.0,26.0,1,85.0,87.6923076923,54.0,1.07685984381,117.0,18.0315305694,70.0
2016-10-05,2,1,22.0,27.0,1,85.0,88.1538461538,54.0,0.888613349866,117.0,17.4877810258,71.0
2016-10-06,3,1,22.0,26.0,0,85.0,86.9230769231,54.0,0.798035604665,117.0,18.0787233146,81.0
2016-10-07,4,1,20.0,25.0,0,85.0,86.6153846154,54.0,0.89914945322,117.0,18.142760631,74.0
2016-10-08,5,0,17.0,22.0,0,85.0,84.4615384615,54.0,0.904904904905,117.0,17.8481431252,84.0
2016-10-09,6,0,18.0,22.0,1,85.0,82.0,54.0,0.950676213206,117.0,15.3622914957,92.0
2016-10-10,0,0,18.0,22.0,1,85.0,82.2307692308,54.0,0.986193293886,117.0,15.4877313537,106.0
2016-10-11,1,0,19.0,25.0,1,85.0,83.5384615385,54.0,1.09429569267,117.0,16.6761708601,92.0
2016-10-12,2,0,19.0,23.0,1,85.0,82.8461538462,54.0,1.10729285987,117.0,16.1142371539,97.0
2016-10-13,3,0,19.0,23.0,1,85.0,84.8461538462,54.0,1.11996962794,117.0,16.1333202928,82.0
2016-10-14,4,0,19.0,23.0,0,85.0,85.4615384615,54.0,1.03061418521,117.0,15.8580985601,94.0
2016-10-15,5,1,21.0,25.0,1,85.0,83.6923076923,54.0,1.04297994269,117.0,13.3208027905,116.0
2016-10-16,6,1,20.0,26.0,1,85.0,85.6153846154,54.0,1.11556829035,117.0,15.8091427371,118.0
2016-10-17,0,0,20.0,25.0,1,85.0,90.5384615385,54.0,1.23261931605,118.0,15.1485738583,84.0
2016-10-18,1,0,20.0,25.0,1,84.0,91.6153846154,54.0,1.19841718485,118.0,14.1123975041,108.0
2016-10-19,2,0,20.0,24.0,0,84.0,94.4615384615,54.0,1.16366366366,118.0,13.3797515477,54.0
2016-10-20,3,0,20.0,23.0,0,84.0,92.3846153846,54.0,0.932347924957,118.0,16.9321653917,87.0
2016-10-21,4,0,0.0,21.0,0,84.0,93.3846153846,54.0,0.936794582393,118.0,16.1842205275,88.0
2016-10-22,5,1,19.0,23.0,0,84.0,93.6923076923,54.0,0.875884490342,118.0,16.0402599988,57.0
2016-10-23,6,1,18.0,23.0,1,84.0,91.0,54.0,0.905012677979,118.0,18.7985269472,79.0
2016-10-24,0,0,20.0,24.0,1,83.0,88.9230769231,54.0,0.861207227989,118.0,18.515945471,77.0
2016-10-25,1,0,18.0,22.0,1,82.0,87.7692307692,54.0,0.815623205055,118.0,18.7540922556,92.0
2016-10-26,2,0,19.0,21.0,0,84.0,87.3846153846,54.0,0.938327657964,118.0,18.6115698571,68.0
2016-10-27,3,0,18.0,22.0,0,84.0,86.3076923077,54.0,0.903373356204,118.0,19.2848470423,79.0
2016-10-28,4,0,15.0,20.0,0,84.0,85.1538461538,54.0,0.908399847967,118.0,19.2387675675,81.0
2016-10-29,5,1,13.0,17.0,1,82.0,82.4615384615,54.0,0.868075385494,118.0,17.0592424064,81.0
2016-10-30,6,1,14.0,18.0,1,81.0,79.6153846154,54.0,0.92337164751,118.0,13.6355782453,80.0
2016-10-31,0,0,13.0,17.0,0,81.0,79.3076923077,54.0,0.941267989109,118.0,13.5781760154,66.0
