time_stamp,dayofweek,holiday,lt,ht,sunny,m2M,w2A,m1L,d3w3,m1Lar,w2Std,pay_sum
2016-08-01,0,0,28.0,34.0,1,138.0,194.692307692,67.0,1.0953133228,389.0,72.4721533953,100.0
2016-08-02,1,0,28.0,34.0,0,138.0,191.615384615,67.0,0.925490196078,389.0,75.5141743817,101.0
2016-08-03,2,0,26.0,32.0,0,118.0,186.538461538,71.0,0.689177489177,389.0,79.1304817128,122.0
2016-08-04,3,0,27.0,32.0,0,118.0,184.846153846,71.0,0.563110181311,389.0,80.2494631219,116.0
2016-08-05,4,0,27.0,33.0,0,118.0,179.769230769,71.0,0.597409463389,389.0,82.3296879309,94.0
2016-08-06,5,1,27.0,33.0,1,118.0,157.076923077,71.0,0.621897536761,389.0,58.8354439726,271.0
2016-08-07,6,1,27.0,34.0,1,122.0,154.769230769,71.0,0.921720800996,389.0,53.4906948718,237.0
2016-08-08,0,0,27.0,34.0,0,122.0,161.153846154,71.0,1.12355356476,389.0,57.7978521744,86.0
2016-08-09,1,0,28.0,34.0,1,118.0,154.384615385,71.0,1.12563956794,389.0,60.9634675744,119.0
2016-08-10,2,0,28.0,34.0,1,118.0,152.923076923,73.0,0.849183477426,389.0,61.5635525771,103.0
2016-08-11,3,0,28.0,35.0,1,118.0,151.769230769,76.0,0.598814037134,389.0,62.3429150205,106.0
2016-08-12,4,0,28.0,34.0,1,118.0,145.076923077,86.0,0.652152301422,389.0,62.227203473,122.0
2016-08-13,5,1,28.0,35.0,1,119.0,136.461538462,86.0,0.715057247786,389.0,56.839335492,295.0
2016-08-14,6,1,28.0,36.0,1,122.0,144.0,86.0,1.13203463203,389.0,69.4649884142,277.0
2016-08-15,0,0,28.0,35.0,1,122.0,157.615384615,86.0,1.44447913415,389.0,76.4968963287,118.0
2016-08-16,1,0,28.0,35.0,1,122.0,158.923076923,86.0,1.46170956466,389.0,75.658607257,118.0
2016-08-17,2,0,28.0,35.0,1,122.0,158.615384615,86.0,1.09370003198,389.0,75.8161120095,93.0
2016-08-18,3,0,28.0,36.0,1,119.0,156.846153846,86.0,0.707070707071,389.0,77.0482827182,125.0
2016-08-19,4,0,29.0,36.0,1,122.0,159.230769231,86.0,0.738299274885,389.0,75.5310978708,154.0
2016-08-20,5,1,28.0,37.0,0,122.0,150.230769231,86.0,0.839539607312,389.0,68.3015416496,400.0
2016-08-21,6,1,28.0,35.0,0,125.0,162.769230769,86.0,1.43385070214,400.0,93.4214222231,280.0
2016-08-22,0,0,28.0,35.0,1,138.0,177.692307692,86.0,1.66616721606,400.0,95.4393763402,122.0
2016-08-23,1,0,26.0,34.0,1,138.0,177.923076923,86.0,1.59221758984,400.0,95.3007075109,99.0
2016-08-24,2,0,26.0,34.0,1,125.0,177.615384615,86.0,1.00149925037,400.0,95.5482467428,98.0
2016-08-25,3,0,27.0,35.0,1,122.0,177.0,86.0,0.64114159381,400.0,96.0320459334,95.0
2016-08-26,4,0,26.0,34.0,0,122.0,174.923076923,86.0,0.586698814547,400.0,97.4801451488,138.0
2016-08-27,5,1,23.0,31.0,1,125.0,162.846153846,86.0,0.692830978545,400.0,91.3908311794,352.0
2016-08-28,6,1,22.0,30.0,1,138.0,168.615384615,86.0,1.18181818182,400.0,100.34366981,314.0
2016-08-29,0,0,23.0,31.0,1,138.0,183.692307692,86.0,1.51927437642,400.0,106.16198408,110.0
2016-08-30,1,0,23.0,31.0,1,138.0,183.076923077,86.0,1.47011461589,400.0,106.563423901,119.0
2016-08-31,2,0,25.0,34.0,1,138.0,185.076923077,86.0,1.02404526167,400.0,105.087847163,159.0
2016-09-01,3,0,26.0,33.0,1,138.0,187.692307692,86.0,0.720921590487,400.0,103.977353019,135.0
2016-09-02,4,0,25.0,34.0,1,138.0,186.230769231,86.0,0.764602425252,400.0,104.572502523,120.0
2016-09-03,5,1,25.0,35.0,1,138.0,164.692307692,86.0,0.805604203152,400.0,85.4034629233,303.0
2016-09-04,6,1,25.0,33.0,1,138.0,166.461538462,86.0,1.07763615295,400.0,87.9734360122,278.0
2016-09-05,0,0,25.0,30.0,0,140.0,178.461538462,86.0,1.2938353636,400.0,91.6528696807,89.0
2016-09-06,1,0,22.0,27.0,0,140.0,177.692307692,86.0,1.24662759326,400.0,92.3558207864,91.0
2016-09-07,2,0,20.0,24.0,0,138.0,177.153846154,89.0,0.852648236061,400.0,92.8380278134,113.0
2016-09-08,3,0,22.0,29.0,1,138.0,178.538461538,89.0,0.547305501074,400.0,91.7300516018,108.0
2016-09-09,4,0,23.0,31.0,1,138.0,176.230769231,89.0,0.590405904059,400.0,93.0881747808,107.0
2016-09-10,5,1,24.0,29.0,1,138.0,157.384615385,89.0,0.676986584107,400.0,79.3875968432,220.0
2016-09-11,6,1,23.0,26.0,0,138.0,150.153846154,89.0,0.914826498423,400.0,68.3000688747,257.0
2016-09-12,0,0,23.0,29.0,1,138.0,161.461538462,89.0,1.17801311145,400.0,72.7404399054,78.0
2016-09-13,1,0,23.0,30.0,1,138.0,158.307692308,78.0,1.12667478685,400.0,75.3549392137,80.0
2016-09-14,2,0,22.0,24.0,0,135.0,152.230769231,78.0,0.84711165544,400.0,78.1863197223,103.0
2016-09-15,3,1,23.0,26.0,0,125.0,149.769230769,78.0,0.531459987783,400.0,79.1873667529,225.0
2016-09-16,4,1,23.0,27.0,0,125.0,157.846153846,78.0,0.809282951503,400.0,81.0715222256,228.0
2016-09-17,5,1,23.0,27.0,0,125.0,152.076923077,78.0,1.14509319329,400.0,72.7815081528,277.0
2016-09-18,6,0,23.0,28.0,0,125.0,152.0,78.0,1.52083333333,400.0,72.6487863205,92.0
2016-09-19,0,0,21.0,27.0,0,122.0,152.230769231,78.0,1.25078566939,352.0,72.4528003877,84.0
2016-09-20,1,0,20.0,26.0,1,122.0,151.692307692,78.0,0.959644105497,352.0,72.9302982468,92.0
2016-09-21,2,0,20.0,27.0,1,122.0,150.076923077,78.0,0.580086580087,352.0,73.9942425395,85.0
2016-09-22,3,0,21.0,27.0,1,120.0,148.307692308,78.0,0.574257425743,352.0,75.2435886514,94.0
2016-09-23,4,0,21.0,27.0,1,119.0,147.307692308,78.0,0.601420328451,352.0,75.8697108058,108.0
2016-09-24,5,1,22.0,28.0,1,119.0,138.692307692,78.0,0.681143942091,352.0,73.4463536461,262.0
2016-09-25,6,1,23.0,29.0,1,119.0,139.076923077,78.0,1.10753073159,352.0,74.0752855478,248.0
2016-09-26,0,0,24.0,31.0,1,119.0,152.153846154,78.0,1.39566395664,314.0,77.083217922,81.0
2016-09-27,1,0,25.0,30.0,0,119.0,152.230769231,78.0,1.339225017,303.0,77.0116413239,114.0
2016-09-28,2,0,22.0,28.0,0,118.0,153.076923077,78.0,1.00351115642,303.0,76.5249698198,95.0
2016-09-29,3,0,22.0,25.0,0,118.0,143.076923077,78.0,0.6598407281,303.0,74.9507135887,107.0
2016-09-30,4,0,23.0,28.0,0,118.0,133.769230769,78.0,0.718998862344,303.0,71.2483779531,131.0
2016-10-01,5,1,24.0,29.0,0,118.0,122.538461538,78.0,0.78141499472,303.0,58.0750381762,320.0
2016-10-02,6,1,24.0,32.0,1,118.0,140.076923077,78.0,1.28099173554,320.0,77.412443383,291.0
2016-10-03,0,1,22.0,26.0,1,119.0,156.0,78.0,1.5869960432,320.0,85.1433180901,286.0
2016-10-04,1,1,22.0,26.0,1,119.0,170.923076923,78.0,1.79957869395,320.0,89.507594468,280.0
2016-10-05,2,1,22.0,27.0,1,119.0,185.923076923,78.0,1.63238095238,320.0,90.1882318252,237.0
2016-10-06,3,1,22.0,26.0,0,119.0,196.923076923,78.0,1.52429764617,320.0,86.9690144101,276.0
2016-10-07,4,1,20.0,25.0,0,120.0,209.846153846,78.0,1.48501872659,320.0,85.2605474223,285.0
2016-10-08,5,0,17.0,22.0,0,122.0,211.615384615,78.0,1.49103139013,320.0,86.5532636913,102.0
2016-10-09,6,0,18.0,22.0,1,122.0,200.384615385,78.0,1.23532699832,320.0,90.4863257511,108.0
2016-10-10,0,0,18.0,22.0,1,122.0,202.461538462,78.0,0.916157690172,320.0,87.9979155213,116.0
2016-10-11,1,0,19.0,25.0,1,120.0,202.615384615,78.0,0.599374885089,320.0,87.8447393123,130.0
2016-10-12,2,0,19.0,23.0,1,120.0,205.307692308,80.0,0.642876600381,320.0,84.9953705666,104.0
2016-10-13,3,0,19.0,23.0,1,119.0,205.076923077,81.0,0.63388571946,320.0,85.2656135383,118.0
2016-10-14,4,0,19.0,23.0,0,119.0,204.076923077,81.0,0.635780727897,320.0,86.1996444205,129.0
2016-10-15,5,1,21.0,25.0,1,120.0,189.384615385,81.0,0.657672849916,320.0,81.3289034264,277.0
2016-10-16,6,1,20.0,26.0,1,122.0,188.307692308,81.0,0.973887185206,320.0,80.059001911,256.0
2016-10-17,0,0,20.0,25.0,1,122.0,186.0,81.0,1.17313485735,320.0,77.6045200904,109.0
2016-10-18,1,0,20.0,25.0,1,120.0,172.846153846,81.0,1.13920681395,320.0,75.0054830343,99.0
2016-10-19,2,0,20.0,24.0,0,119.0,162.230769231,81.0,0.822476291766,320.0,74.9401338979,97.0
2016-10-20,3,0,20.0,23.0,0,118.0,148.461538462,81.0,0.542077668177,320.0,68.9789437043,98.0
2016-10-21,4,0,0.0,21.0,0,116.0,134.076923077,81.0,0.52716514255,320.0,57.5586143235,152.0
2016-10-22,5,1,19.0,23.0,0,118.0,137.923076923,81.0,0.651643192488,320.0,56.9540456299,277.0
2016-10-23,6,1,18.0,23.0,1,119.0,150.923076923,81.0,0.99358974359,320.0,67.0355376917,358.0
2016-10-24,0,0,20.0,24.0,1,120.0,169.538461538,81.0,1.4541759054,358.0,85.7434593914,101.0
2016-10-25,1,0,18.0,22.0,1,119.0,167.307692308,81.0,1.43093224458,358.0,87.1094666015,108.0
2016-10-26,2,0,19.0,21.0,0,118.0,167.615384615,95.0,1.14545454545,358.0,86.8920979514,123.0
2016-10-27,3,0,18.0,22.0,0,118.0,168.0,95.0,0.703315326766,358.0,86.6824443232,92.0
2016-10-28,4,0,15.0,20.0,0,118.0,165.153846154,92.0,0.728955089145,358.0,88.5045380443,168.0
2016-10-29,5,1,13.0,17.0,1,118.0,156.769230769,92.0,0.845474613687,358.0,82.4687855598,357.0
2016-10-30,6,1,14.0,18.0,1,118.0,164.538461538,92.0,1.25828489854,358.0,95.2225049229,280.0
2016-10-31,0,0,13.0,17.0,0,118.0,177.692307692,92.0,1.56325856879,358.0,98.3998003558,120.0
