time_stamp,dayofweek,holiday,lt,ht,sunny,m2M,w2A,m1L,d3w3,m1Lar,w2Std,pay_sum
2016-08-01,0,0,25.0,34.0,0,93.0,92.3076923077,54.0,0.994923857868,145.0,17.2999982898,65.0
2016-08-02,1,0,24.0,29.0,0,93.0,90.3076923077,54.0,0.967575913536,145.0,18.7755348808,40.0
2016-08-03,2,0,25.0,30.0,0,92.0,86.1538461538,40.0,0.714791224345,145.0,22.9978131196,69.0
2016-08-04,3,0,26.0,32.0,0,92.0,84.7692307692,40.0,0.626011872639,145.0,23.4427415244,59.0
2016-08-05,4,0,26.0,33.0,1,92.0,81.6153846154,40.0,0.622914349277,145.0,23.9343282965,78.0
2016-08-06,5,1,26.0,35.0,1,92.0,79.2307692308,40.0,0.793375698055,145.0,22.5939196932,109.0
2016-08-07,6,1,27.0,36.0,1,92.0,78.7692307692,40.0,0.949623624783,145.0,21.9094424539,104.0
2016-08-08,0,0,27.0,35.0,1,93.0,80.0769230769,40.0,1.1252900232,145.0,22.848873187,67.0
2016-08-09,1,0,27.0,35.0,0,92.0,79.7692307692,40.0,1.09803921569,145.0,22.9954973725,178.0
2016-08-10,2,0,27.0,34.0,0,92.0,85.9230769231,40.0,1.30418535127,178.0,34.7506757842,153.0
2016-08-11,3,0,25.0,33.0,0,93.0,93.5384615385,40.0,1.43423423423,178.0,37.6473829607,142.0
2016-08-12,4,0,25.0,30.0,0,93.0,98.5384615385,40.0,1.66666666667,178.0,39.3946802043,137.0
2016-08-13,5,1,25.0,31.0,0,93.0,99.8461538462,40.0,1.5,178.0,40.3558139055,149.0
2016-08-14,6,1,26.0,31.0,0,94.0,103.846153846,40.0,1.46025247356,178.0,42.4007368475,137.0
2016-08-15,0,0,26.0,31.0,0,97.0,109.384615385,40.0,1.40718562874,178.0,41.66078854,75.0
2016-08-16,1,0,25.0,32.0,0,97.0,112.076923077,40.0,1.19853917663,178.0,38.0656548983,61.0
2016-08-17,2,0,24.0,30.0,0,94.0,111.461538462,40.0,0.923389142567,178.0,38.8143815231,87.0
2016-08-18,3,0,26.0,29.0,0,93.0,113.615384615,40.0,0.741849634065,178.0,36.5545713474,63.0
2016-08-19,4,0,25.0,30.0,0,93.0,112.461538462,40.0,0.706867671692,178.0,37.8735048136,100.0
2016-08-20,5,1,26.0,33.0,1,94.0,111.769230769,40.0,0.846023688663,178.0,38.0124551373,110.0
2016-08-21,6,1,26.0,34.0,0,97.0,112.230769231,40.0,0.917801311145,178.0,37.9516977347,116.0
2016-08-22,0,0,26.0,34.0,0,98.0,116.0,40.0,1.06850213045,178.0,35.6349007834,89.0
2016-08-23,1,0,26.0,35.0,1,97.0,109.153846154,40.0,1.00816130581,178.0,31.3585864915,57.0
2016-08-24,2,0,26.0,36.0,1,94.0,101.769230769,40.0,0.843392885884,178.0,31.4670862139,76.0
2016-08-25,3,0,27.0,36.0,1,93.0,96.6923076923,40.0,0.708812260536,178.0,29.8493257633,79.0
2016-08-26,4,0,25.0,36.0,0,93.0,92.2307692308,40.0,0.67655975746,178.0,27.7520722612,73.0
2016-08-27,5,1,25.0,31.0,0,93.0,86.3846153846,40.0,0.740379931807,178.0,22.7276126925,115.0
2016-08-28,6,1,25.0,32.0,0,94.0,84.6923076923,40.0,0.862403100775,178.0,19.4832654639,96.0
2016-08-29,0,0,25.0,33.0,1,96.0,86.3076923077,40.0,0.904602643733,178.0,19.4832654639,53.0
2016-08-30,1,0,25.0,33.0,1,94.0,85.6923076923,40.0,0.894308943089,178.0,20.3786638627,71.0
2016-08-31,2,0,25.0,32.0,0,94.0,84.4615384615,40.0,0.777659950513,178.0,20.7424328542,54.0
2016-09-01,3,0,25.0,32.0,0,94.0,83.7692307692,53.0,0.659992584353,178.0,21.580453571,50.0
2016-09-02,4,0,26.0,31.0,0,94.0,79.9230769231,50.0,0.681862458601,178.0,22.7679313559,60.0
2016-09-03,5,1,26.0,32.0,0,94.0,76.0769230769,50.0,0.674064940403,178.0,21.5530170598,99.0
2016-09-04,6,1,25.0,31.0,0,94.0,74.7692307692,50.0,0.87962962963,178.0,19.5099731741,98.0
2016-09-05,0,0,25.0,31.0,0,96.0,75.4615384615,50.0,1.06616884464,178.0,20.1517908523,49.0
2016-09-06,1,0,25.0,32.0,0,94.0,74.8461538462,49.0,1.02821316614,178.0,20.8173232368,45.0
2016-09-07,2,0,26.0,32.0,0,92.0,72.4615384615,45.0,0.824211204121,178.0,22.2731828564,49.0
2016-09-08,3,0,25.0,31.0,0,92.0,70.1538461538,45.0,0.619449859216,153.0,23.0178731686,55.0
2016-09-09,4,0,26.0,32.0,0,91.0,68.7692307692,45.0,0.664881749219,149.0,23.3440944473,74.0
2016-09-10,5,1,25.0,31.0,0,89.0,65.6153846154,45.0,0.813900320073,149.0,19.3053936725,85.0
2016-09-11,6,1,26.0,30.0,0,87.0,64.7692307692,45.0,0.999766409717,149.0,18.162318753,98.0
2016-09-12,0,0,25.0,32.0,1,87.0,68.2307692308,45.0,1.19312906221,137.0,19.8034722913,51.0
2016-09-13,1,0,25.0,33.0,1,87.0,66.6923076923,45.0,1.09090909091,116.0,20.2992406655,51.0
2016-09-14,2,0,25.0,34.0,1,87.0,66.4615384615,45.0,0.948991696323,116.0,20.4586464122,79.0
2016-09-15,3,1,26.0,34.0,1,85.0,68.6923076923,45.0,0.858837485172,116.0,20.1203479683,97.0
2016-09-16,4,1,25.0,34.0,1,85.0,71.5384615385,45.0,1.05901562864,116.0,21.2733686335,105.0
2016-09-17,5,1,24.0,33.0,1,85.0,72.0,45.0,1.32017852948,116.0,21.9194328955,99.0
2016-09-18,6,0,23.0,33.0,1,85.0,72.0769230769,45.0,1.41115799344,116.0,22.0120999539,72.0
2016-09-19,0,0,24.0,33.0,1,79.0,73.8461538462,45.0,1.27689104788,116.0,20.9866116804,75.0
2016-09-20,1,0,25.0,31.0,1,79.0,76.1538461538,45.0,1.13494809689,115.0,19.2667355977,55.0
2016-09-21,2,0,25.0,31.0,1,78.0,76.6153846154,45.0,0.931304748732,115.0,18.6734631189,63.0
2016-09-22,3,0,25.0,32.0,1,77.0,77.2307692308,45.0,0.881882567969,115.0,18.0731583641,40.0
2016-09-23,4,0,25.0,32.0,1,76.0,74.6153846154,40.0,0.731989807737,115.0,20.6305914063,78.0
2016-09-24,5,1,24.0,31.0,1,77.0,74.0769230769,40.0,0.850963798778,115.0,20.4430222757,110.0
2016-09-25,6,1,24.0,33.0,1,77.0,75.0,40.0,1.06293706294,115.0,21.7326411719,95.0
2016-09-26,0,0,26.0,35.0,1,78.0,78.3846153846,40.0,1.27822944896,110.0,21.1497898209,47.0
2016-09-27,1,0,26.0,35.0,1,78.0,78.0769230769,40.0,1.13667117727,110.0,21.5708547616,52.0
2016-09-28,2,0,26.0,35.0,1,76.0,76.0,40.0,0.873283817241,110.0,22.6545970882,52.0
2016-09-29,3,0,23.0,30.0,1,75.0,72.5384615385,40.0,0.681100586378,110.0,22.6193089217,58.0
2016-09-30,4,0,20.0,25.0,0,75.0,68.9230769231,40.0,0.738714090287,110.0,20.8269852261,117.0
2016-10-01,5,1,21.0,26.0,0,76.0,70.3076923077,40.0,1.01294065149,117.0,23.2391732124,110.0
2016-10-02,6,1,24.0,32.0,1,78.0,73.2307692308,40.0,1.26162018592,117.0,25.5437899909,129.0
2016-10-03,0,1,24.0,33.0,1,78.0,77.3846153846,40.0,1.49831649832,129.0,29.5674937455,104.0
2016-10-04,1,1,25.0,33.0,1,79.0,81.1538461538,40.0,1.39686418245,129.0,29.5968973266,96.0
2016-10-05,2,1,23.0,32.0,1,79.0,83.6923076923,40.0,1.32607819428,129.0,29.3451204577,105.0
2016-10-06,3,1,25.0,32.0,1,79.0,88.6923076923,40.0,1.22342559166,129.0,26.9112061742,94.0
2016-10-07,4,1,25.0,32.0,1,79.0,89.9230769231,40.0,1.19119725419,129.0,26.7595030955,113.0
2016-10-08,5,0,24.0,32.0,1,79.0,90.1538461538,40.0,1.24924924925,129.0,26.9439479542,80.0
2016-10-09,6,0,24.0,30.0,1,79.0,89.0,40.0,1.14365411437,129.0,27.0327436782,62.0
2016-10-10,0,0,23.0,29.0,1,79.0,90.1538461538,40.0,1.02409638554,129.0,25.4916159787,62.0
2016-10-11,1,0,23.0,29.0,1,78.0,90.9230769231,40.0,0.815836832633,129.0,24.4586355317,61.0
2016-10-12,2,0,23.0,26.0,0,76.0,91.6153846154,40.0,0.740740740741,129.0,23.4538448924,58.0
2016-10-13,3,0,22.0,28.0,1,75.0,91.6153846154,40.0,0.71697365815,129.0,23.4538448924,58.0
2016-10-14,4,0,23.0,30.0,1,75.0,87.0769230769,40.0,0.709561034275,129.0,23.808406849,70.0
2016-10-15,5,1,23.0,31.0,1,75.0,84.0,40.0,0.764017252002,129.0,23.224655334,105.0
2016-10-16,6,1,22.0,32.0,1,75.0,82.1538461538,40.0,0.951214533578,129.0,20.3501886359,111.0
2016-10-17,0,0,23.0,30.0,1,76.0,82.6923076923,40.0,1.12355136515,129.0,21.0032400994,57.0
2016-10-18,1,0,23.0,25.0,0,75.0,79.6923076923,40.0,1.06933019976,129.0,21.6631009052,56.0
2016-10-19,2,0,23.0,25.0,0,74.0,75.9230769231,40.0,0.875341930442,129.0,21.1894804759,57.0
2016-10-20,3,0,24.0,30.0,1,73.0,73.0769230769,40.0,0.664711632454,129.0,21.0547328444,59.0
2016-10-21,4,0,23.0,29.0,0,72.0,68.9230769231,40.0,0.696215341024,129.0,17.8517895611,110.0
2016-10-22,5,1,24.0,30.0,1,73.0,71.2307692308,47.0,0.914794575997,129.0,20.8258487542,122.0
2016-10-23,6,1,23.0,30.0,1,73.0,75.8461538462,47.0,1.18292682927,129.0,24.5790597362,98.0
2016-10-24,0,0,24.0,28.0,0,73.0,78.6153846154,47.0,1.34638922889,129.0,24.8891031502,47.0
2016-10-25,1,0,23.0,30.0,0,72.0,77.5384615385,47.0,1.12302839117,129.0,25.9099487415,51.0
2016-10-26,2,0,23.0,32.0,1,71.0,77.0,47.0,0.853472675811,129.0,26.3788959937,54.0
2016-10-27,3,0,24.0,33.0,1,70.0,76.6923076923,47.0,0.67963335569,129.0,26.620942061,39.0
2016-10-28,4,0,23.0,32.0,1,70.0,74.3076923077,39.0,0.677487649965,129.0,28.4399086209,97.0
2016-10-29,5,1,20.0,27.0,1,70.0,73.6923076923,39.0,0.883310088331,129.0,27.8495535536,104.0
2016-10-30,6,1,20.0,25.0,1,72.0,73.1538461538,39.0,1.08401084011,129.0,27.1827042121,100.0
2016-10-31,0,0,18.0,26.0,1,74.0,76.4615384615,39.0,1.32540730956,129.0,27.6283449339,50.0
