time_stamp,dayofweek,holiday,lt,ht,sunny,m2M,w2A,m1L,d3w3,m1Lar,w2Std,pay_sum
2016-08-01,0,0,28.0,34.0,1,79.0,100.076923077,47.0,1.24006908463,154.0,32.9182239414,68.0
2016-08-02,1,0,28.0,34.0,0,79.0,99.5384615385,47.0,1.20201493834,154.0,33.3780567822,81.0
2016-08-03,2,0,26.0,32.0,0,79.0,99.3846153846,47.0,0.935313193378,154.0,33.4584437119,71.0
2016-08-04,3,0,27.0,32.0,0,78.0,98.7692307692,47.0,0.749829584185,154.0,33.8983862701,66.0
2016-08-05,4,0,27.0,33.0,0,78.0,97.9230769231,47.0,0.756944444444,154.0,34.5620101322,106.0
2016-08-06,5,1,27.0,33.0,1,79.0,94.2307692308,47.0,0.853530031612,154.0,30.7249681634,110.0
2016-08-07,6,1,27.0,34.0,1,79.0,90.8461538462,47.0,0.995235574378,154.0,26.0172905639,133.0
2016-08-08,0,0,27.0,34.0,0,79.0,96.0,47.0,1.20179063361,154.0,27.1944564487,44.0
2016-08-09,1,0,28.0,34.0,1,79.0,91.2307692308,44.0,1.00437445319,154.0,30.2836687295,193.0
2016-08-10,2,0,28.0,34.0,1,79.0,100.692307692,44.0,1.22415219189,193.0,39.8697583782,92.0
2016-08-11,3,0,28.0,35.0,1,79.0,101.769230769,44.0,1.08152531229,193.0,39.4289113881,104.0
2016-08-12,4,0,28.0,34.0,1,80.0,103.538461538,44.0,1.26196269262,193.0,38.9706307259,114.0
2016-08-13,5,1,28.0,35.0,1,81.0,100.538461538,44.0,1.02564102564,193.0,36.4683537934,141.0
2016-08-14,6,1,28.0,36.0,1,81.0,101.769230769,44.0,1.19547119547,193.0,37.5277412183,128.0
2016-08-15,0,0,28.0,35.0,1,81.0,106.384615385,44.0,1.23708010336,193.0,36.7727709915,87.0
2016-08-16,1,0,28.0,35.0,1,83.0,106.846153846,44.0,1.16055419723,193.0,36.4878191558,75.0
2016-08-17,2,0,28.0,35.0,1,81.0,107.153846154,44.0,0.943089430894,193.0,36.1999705776,72.0
2016-08-18,3,0,28.0,36.0,1,81.0,107.615384615,44.0,0.763209393346,193.0,35.7072249994,78.0
2016-08-19,4,0,29.0,36.0,1,81.0,105.461538462,44.0,0.734933855953,193.0,36.5736672497,116.0
2016-08-20,5,1,28.0,37.0,0,81.0,105.923076923,44.0,0.884896872921,193.0,36.6657701163,176.0
2016-08-21,6,1,28.0,35.0,0,83.0,109.230769231,44.0,1.200324412,193.0,40.6791457556,165.0
2016-08-22,0,0,28.0,35.0,1,84.0,118.538461538,44.0,1.41573729864,193.0,38.4719985776,73.0
2016-08-23,1,0,26.0,34.0,1,83.0,109.307692308,44.0,1.28731343284,193.0,33.584301771,96.0
2016-08-24,2,0,26.0,34.0,1,83.0,109.615384615,44.0,1.02658675273,193.0,33.4423463971,80.0
2016-08-25,3,0,27.0,35.0,1,81.0,107.769230769,44.0,0.760421438388,193.0,34.3514725833,98.0
2016-08-26,4,0,26.0,34.0,0,83.0,106.538461538,44.0,0.839846743295,193.0,34.3927885657,107.0
2016-08-27,5,1,23.0,31.0,1,84.0,103.923076923,44.0,0.874769797422,193.0,32.9345774306,130.0
2016-08-28,6,1,22.0,30.0,1,86.0,104.076923077,44.0,1.02966036576,193.0,33.0511527518,135.0
2016-08-29,0,0,23.0,31.0,1,87.0,107.769230769,44.0,1.09734513274,193.0,33.6135362984,76.0
2016-08-30,1,0,23.0,31.0,1,87.0,107.846153846,44.0,1.06081816768,193.0,33.5395200962,79.0
2016-08-31,2,0,25.0,34.0,1,86.0,108.384615385,44.0,0.907668231612,193.0,33.0117425764,80.0
2016-09-01,3,0,26.0,33.0,1,83.0,108.538461538,44.0,0.743906299462,193.0,32.8741548815,67.0
2016-09-02,4,0,25.0,34.0,1,83.0,104.769230769,44.0,0.731746802655,193.0,34.5680017583,78.0
2016-09-03,5,1,25.0,35.0,1,83.0,97.2307692308,44.0,0.751503006012,193.0,28.3363149609,141.0
2016-09-04,6,1,25.0,33.0,1,86.0,95.3846153846,44.0,0.94906255185,193.0,24.3643448871,141.0
2016-09-05,0,0,25.0,30.0,0,87.0,100.615384615,44.0,1.16335433834,193.0,26.2254675445,53.0
2016-09-06,1,0,22.0,27.0,0,87.0,97.3076923077,44.0,1.0942348522,193.0,29.1478581226,69.0
2016-09-07,2,0,20.0,24.0,0,86.0,96.4615384615,53.0,0.860320575728,193.0,29.7905906276,68.0
2016-09-08,3,0,22.0,29.0,1,83.0,94.1538461538,53.0,0.624589086128,176.0,30.7292047354,46.0
2016-09-09,4,0,23.0,31.0,1,83.0,89.4615384615,46.0,0.623084780388,176.0,32.9839480415,80.0
2016-09-10,5,1,24.0,29.0,1,83.0,85.6153846154,46.0,0.694593626924,176.0,30.8807594106,141.0
2016-09-11,6,1,23.0,26.0,0,86.0,86.0769230769,46.0,0.968443960827,176.0,31.6506447582,98.0
2016-09-12,0,0,23.0,29.0,1,87.0,87.7692307692,46.0,1.14152800143,176.0,31.6547574409,50.0
2016-09-13,1,0,23.0,30.0,1,86.0,85.5384615385,46.0,1.060355898,176.0,33.1792692102,58.0
2016-09-14,2,0,22.0,24.0,0,83.0,83.8461538462,46.0,0.765088207985,176.0,33.9702271314,79.0
2016-09-15,3,1,23.0,26.0,0,81.0,84.7692307692,46.0,0.701951951952,176.0,33.6615595556,116.0
2016-09-16,4,1,23.0,27.0,0,81.0,87.6923076923,46.0,0.944911297852,176.0,34.5840884165,159.0
2016-09-17,5,1,23.0,27.0,0,83.0,89.0769230769,46.0,1.30099228225,176.0,36.9687217866,139.0
2016-09-18,6,0,23.0,28.0,0,87.0,88.9230769231,46.0,1.51815181518,176.0,36.7558714064,79.0
2016-09-19,0,0,21.0,27.0,0,87.0,90.9230769231,46.0,1.38019403258,165.0,35.4302381469,53.0
2016-09-20,1,0,20.0,26.0,1,87.0,89.6923076923,46.0,1.00649953575,159.0,36.4341019785,52.0
2016-09-21,2,0,20.0,27.0,1,81.0,88.4615384615,46.0,0.694208639879,159.0,37.4034457167,57.0
2016-09-22,3,0,21.0,27.0,1,81.0,89.3076923077,46.0,0.61468412066,159.0,36.5479339948,63.0
2016-09-23,4,0,21.0,27.0,1,81.0,88.0,46.0,0.658247225411,159.0,37.1566331173,85.0
2016-09-24,5,1,22.0,28.0,1,81.0,83.6923076923,46.0,0.810597073942,159.0,33.862583425,129.0
2016-09-25,6,1,23.0,29.0,1,81.0,86.0769230769,46.0,1.10314615691,159.0,35.8210542697,122.0
2016-09-26,0,0,24.0,31.0,1,85.0,91.6153846154,46.0,1.28514056225,159.0,35.3782602989,59.0
2016-09-27,1,0,25.0,30.0,0,85.0,91.6923076923,46.0,1.19253702635,159.0,35.306100182,67.0
2016-09-28,2,0,22.0,28.0,0,81.0,90.7692307692,46.0,0.954580446497,159.0,35.7795683986,51.0
2016-09-29,3,0,22.0,25.0,0,80.0,85.7692307692,46.0,0.679332181923,159.0,36.439948168,101.0
2016-09-30,4,0,23.0,28.0,0,81.0,81.3076923077,46.0,0.830489192264,159.0,30.2206872991,107.0
2016-10-01,5,1,24.0,29.0,0,85.0,78.8461538462,46.0,1.00154679041,159.0,26.4948359376,112.0
2016-10-02,6,1,24.0,32.0,1,87.0,81.3846153846,46.0,1.2274645186,159.0,27.9299631263,100.0
2016-10-03,0,1,22.0,26.0,1,92.0,85.0,46.0,1.1894108874,159.0,27.0498116018,94.0
2016-10-04,1,1,22.0,26.0,1,92.0,88.2307692308,46.0,1.11842105263,159.0,25.3715584135,95.0
2016-10-05,2,1,22.0,27.0,1,92.0,91.1538461538,46.0,1.04710144928,159.0,23.7417067426,88.0
2016-10-06,3,1,22.0,26.0,0,88.0,93.0769230769,46.0,1.0191317145,159.0,22.3553866799,106.0
2016-10-07,4,1,20.0,25.0,0,92.0,94.6923076923,46.0,1.09531931021,159.0,22.4718100855,89.0
2016-10-08,5,0,17.0,22.0,0,89.0,91.6153846154,50.0,1.10395943047,159.0,20.1858231346,65.0
2016-10-09,6,0,18.0,22.0,1,88.0,87.2307692308,50.0,1.02261553589,159.0,19.2799371454,57.0
2016-10-10,0,0,18.0,22.0,1,87.0,87.0769230769,50.0,0.827938002747,159.0,19.5111862923,55.0
2016-10-11,1,0,19.0,25.0,1,85.0,86.1538461538,50.0,0.69330199765,159.0,20.6875888242,62.0
2016-10-12,2,0,19.0,23.0,1,80.0,87.0,51.0,0.679554774458,159.0,19.4184686079,52.0
2016-10-13,3,0,19.0,23.0,1,80.0,83.2307692308,51.0,0.664308176101,159.0,21.0243589353,61.0
2016-10-14,4,0,19.0,23.0,0,80.0,79.6923076923,51.0,0.697767145136,159.0,20.5926970453,96.0
2016-10-15,5,1,21.0,25.0,1,80.0,78.4615384615,51.0,0.850111856823,159.0,19.0449483898,135.0
2016-10-16,6,1,20.0,26.0,1,80.0,81.1538461538,51.0,1.17836965295,139.0,23.7837894174,114.0
2016-10-17,0,0,20.0,25.0,1,85.0,82.6923076923,51.0,1.34739308729,135.0,25.1713653411,59.0
2016-10-18,1,0,20.0,25.0,1,80.0,79.9230769231,51.0,1.2085540514,135.0,25.6408974356,54.0
2016-10-19,2,0,20.0,24.0,0,80.0,77.3076923077,51.0,0.889150019585,135.0,26.4062481399,49.0
2016-10-20,3,0,20.0,23.0,0,80.0,72.9230769231,49.0,0.654545454545,135.0,26.0072816385,65.0
2016-10-21,4,0,0.0,21.0,0,80.0,71.0769230769,49.0,0.696517412935,135.0,25.6498959016,77.0
2016-10-22,5,1,19.0,23.0,0,79.0,72.0,49.0,0.809493536766,135.0,25.6305106645,154.0
2016-10-23,6,1,18.0,23.0,1,79.0,79.4615384615,49.0,1.21286621594,154.0,33.1839057019,123.0
2016-10-24,0,0,20.0,24.0,1,79.0,84.6923076923,49.0,1.42512077295,154.0,34.2578112718,41.0
2016-10-25,1,0,18.0,22.0,1,79.0,83.0769230769,41.0,1.32334581773,154.0,35.7522705862,50.0
2016-10-26,2,0,19.0,21.0,0,79.0,82.9230769231,41.0,0.912190963342,154.0,35.8897061275,56.0
2016-10-27,3,0,18.0,22.0,0,78.0,82.5384615385,41.0,0.647291941876,154.0,36.1484447684,58.0
2016-10-28,4,0,15.0,20.0,0,78.0,79.6153846154,41.0,0.737244324567,154.0,36.4766278416,96.0
2016-10-29,5,1,13.0,17.0,1,78.0,76.6153846154,41.0,0.924702774108,154.0,33.2601365961,155.0
2016-10-30,6,1,14.0,18.0,1,78.0,79.7692307692,41.0,1.27791563275,155.0,38.2283701461,125.0
2016-10-31,0,0,13.0,17.0,0,79.0,84.8461538462,41.0,1.49028933809,155.0,39.4945880496,60.0
