time_stamp,dayofweek,holiday,lt,ht,sunny,m2M,w2A,m1L,d3w3,m1Lar,w2Std,pay_sum
2016-08-01,0,0,26.0,32.0,0,306.0,354.692307692,251.0,1.14229733039,416.0,28.0285146438,490.0
2016-08-02,1,0,25.0,28.0,0,308.0,369.461538462,251.0,1.22388769926,490.0,41.5759090462,346.0
2016-08-03,2,0,26.0,31.0,0,308.0,370.615384615,251.0,1.18308528231,490.0,40.6912170859,371.0
2016-08-04,3,0,27.0,31.0,0,311.0,371.846153846,251.0,1.12745784877,490.0,40.4414984008,357.0
2016-08-05,4,0,27.0,32.0,0,313.0,372.923076923,251.0,0.997353391837,490.0,39.8409560019,374.0
2016-08-06,5,1,28.0,34.0,1,315.0,373.769230769,251.0,1.01627703232,490.0,39.7378986827,367.0
2016-08-07,6,1,28.0,35.0,1,319.0,373.538461538,251.0,1.0075705437,490.0,39.767817264,355.0
2016-08-08,0,0,28.0,34.0,1,322.0,376.307692308,289.0,1.00490533168,490.0,37.0330094238,291.0
2016-08-09,1,0,27.0,33.0,1,322.0,371.923076923,289.0,0.9296989721,490.0,43.0160283874,349.0
2016-08-10,2,0,25.0,28.0,0,323.0,371.0,289.0,0.910921907901,490.0,43.3678363626,368.0
2016-08-11,3,0,26.0,31.0,0,324.0,371.846153846,289.0,0.92117888965,490.0,43.1933865199,381.0
2016-08-12,4,0,26.0,30.0,0,324.0,372.692307692,289.0,0.998227192145,490.0,43.256630644,389.0
2016-08-13,5,1,26.0,31.0,0,325.0,373.384615385,291.0,1.03093717443,490.0,43.4396813658,406.0
2016-08-14,6,1,26.0,31.0,0,327.0,372.615384615,291.0,1.06017579446,490.0,42.7614824193,373.0
2016-08-15,0,0,26.0,30.0,0,331.0,363.615384615,291.0,1.04533046941,490.0,26.2225342363,402.0
2016-08-16,1,0,25.0,29.0,0,331.0,367.923076923,291.0,1.04935803456,490.0,27.5414695392,413.0
2016-08-17,2,0,25.0,29.0,0,331.0,371.153846154,291.0,1.04831237591,490.0,30.0610818011,399.0
2016-08-18,3,0,26.0,30.0,0,331.0,374.384615385,291.0,1.06533280681,490.0,30.6180903327,387.0
2016-08-19,4,0,26.0,31.0,0,331.0,375.384615385,291.0,1.04982050609,490.0,30.8009451941,387.0
2016-08-20,5,1,27.0,33.0,1,343.0,376.923076923,291.0,1.02611205878,490.0,30.8431803669,371.0
2016-08-21,6,1,26.0,31.0,0,346.0,378.153846154,291.0,1.00756775783,490.0,30.2574749921,464.0
2016-08-22,0,0,26.0,33.0,1,348.0,391.461538462,291.0,1.07902869757,490.0,26.851773712,424.0
2016-08-23,1,0,27.0,34.0,1,349.0,397.230769231,291.0,1.10033210977,490.0,25.1094644925,387.0
2016-08-24,2,0,28.0,34.0,1,349.0,398.692307692,291.0,1.11198325484,490.0,23.8887956208,418.0
2016-08-25,3,0,28.0,34.0,1,349.0,401.538461538,291.0,1.06337875838,490.0,23.8153647386,377.0
2016-08-26,4,0,26.0,33.0,0,355.0,400.615384615,291.0,1.02231447846,490.0,24.5060069921,379.0
2016-08-27,5,1,26.0,31.0,0,355.0,398.538461538,291.0,1.01381692573,490.0,25.0986220419,398.0
2016-08-28,6,1,26.0,31.0,1,357.0,400.461538462,291.0,0.991025806175,490.0,24.0019723055,412.0
2016-08-29,0,0,25.0,31.0,1,357.0,401.230769231,291.0,1.0054118045,490.0,24.1983910659,405.0
2016-08-30,1,0,25.0,30.0,1,361.0,400.615384615,291.0,1.0201511335,490.0,23.9921091565,342.0
2016-08-31,2,0,26.0,30.0,1,361.0,396.230769231,291.0,0.976328868672,464.0,28.6441129571,363.0
2016-09-01,3,0,25.0,30.0,0,363.0,394.384615385,291.0,0.937183383992,464.0,29.9243622425,411.0
2016-09-02,4,0,25.0,29.0,0,363.0,396.230769231,291.0,0.939631220005,464.0,30.1512950255,384.0
2016-09-03,5,1,26.0,31.0,0,367.0,397.230769231,291.0,0.977710233029,464.0,29.5065933861,419.0
2016-09-04,6,1,26.0,32.0,0,368.0,393.769230769,291.0,1.01905481407,464.0,23.4984577109,434.0
2016-09-05,0,0,26.0,30.0,0,370.0,394.538461538,291.0,1.03419446535,464.0,24.6127402426,370.0
2016-09-06,1,0,26.0,29.0,0,370.0,393.230769231,291.0,1.02803345522,464.0,25.4169956651,349.0
2016-09-07,2,0,26.0,30.0,0,370.0,387.923076923,342.0,0.975341538722,464.0,26.8541976047,363.0
2016-09-08,3,0,25.0,29.0,0,370.0,386.846153846,342.0,0.918077298375,464.0,27.5425437456,373.0
2016-09-09,4,0,26.0,31.0,0,370.0,386.384615385,342.0,0.922266139657,464.0,27.7198580903,327.0
2016-09-10,5,1,25.0,29.0,0,370.0,380.923076923,327.0,0.908663503868,464.0,31.614168047,335.0
2016-09-11,6,1,25.0,31.0,0,370.0,375.0,327.0,0.899608865711,464.0,32.4392924138,351.0
2016-09-12,0,0,25.0,32.0,0,370.0,370.846153846,327.0,0.888947391514,464.0,31.7825451705,331.0
2016-09-13,1,0,27.0,33.0,1,370.0,370.0,327.0,0.899085001989,464.0,32.6732070899,372.0
2016-09-14,2,0,26.0,33.0,1,371.0,370.692307692,327.0,0.937513898154,464.0,32.6128446036,338.0
2016-09-15,3,1,27.0,33.0,1,371.0,365.076923077,327.0,0.930793991416,464.0,31.4531679668,338.0
2016-09-16,4,1,27.0,33.0,1,371.0,361.538461538,327.0,0.942234209935,464.0,31.7117192233,310.0
2016-09-17,5,1,26.0,32.0,1,371.0,353.153846154,310.0,0.897138437742,464.0,29.7601854674,324.0
2016-09-18,6,0,25.0,32.0,1,371.0,344.692307692,310.0,0.895151263987,464.0,19.4081054256,335.0
2016-09-19,0,0,25.0,32.0,1,371.0,342.0,310.0,0.901101966802,464.0,18.0937728344,294.0
2016-09-20,1,0,23.0,28.0,0,371.0,337.769230769,294.0,0.892196788841,434.0,21.976049362,326.0
2016-09-21,2,0,24.0,31.0,1,371.0,334.923076923,294.0,0.898738942217,434.0,20.8933612513,345.0
2016-09-22,3,0,25.0,31.0,1,371.0,332.769230769,294.0,0.916690415123,434.0,18.1156704207,334.0
2016-09-23,4,0,26.0,31.0,1,371.0,333.307692308,294.0,0.961538461538,434.0,18.0400606147,322.0
2016-09-24,5,1,26.0,31.0,1,371.0,332.307692308,294.0,0.971231746956,434.0,18.2772856737,325.0
2016-09-25,6,1,26.0,32.0,1,371.0,330.307692308,294.0,0.967169476486,434.0,17.5296874139,369.0
2016-09-26,0,0,27.0,33.0,1,371.0,333.230769231,294.0,1.00182418774,434.0,20.34379076,342.0
2016-09-27,1,0,27.0,33.0,1,371.0,330.923076923,294.0,1.02260388905,434.0,17.286996173,329.0
2016-09-28,2,0,26.0,32.0,1,370.0,330.230769231,294.0,1.03174603175,434.0,17.1695340475,334.0
2016-09-29,3,0,24.0,29.0,1,369.0,329.923076923,294.0,1.00284388565,434.0,17.0630574339,341.0
2016-09-30,4,0,23.0,26.0,0,368.0,332.307692308,294.0,0.999751058003,434.0,16.2593623462,331.0
2016-10-01,5,1,23.0,28.0,0,368.0,332.846153846,294.0,1.00234145369,434.0,16.0903514034,324.0
2016-10-02,6,1,24.0,30.0,0,367.0,332.0,294.0,0.996398559424,434.0,16.2433418312,238.0
2016-10-03,0,1,24.0,30.0,0,367.0,327.692307692,238.0,0.906001116015,434.0,28.5290260164,232.0
2016-10-04,1,1,25.0,32.0,1,363.0,320.461538462,232.0,0.823096459856,373.0,38.2855975825,244.0
2016-10-05,2,1,25.0,30.0,1,363.0,312.692307692,232.0,0.751144074483,373.0,42.5303233278,273.0
2016-10-06,3,1,26.0,32.0,1,363.0,308.0,232.0,0.796130952381,373.0,43.2790587129,303.0
2016-10-07,4,1,25.0,31.0,0,363.0,306.538461538,232.0,0.872572492684,373.0,43.1020531094,365.0
2016-10-08,5,0,24.0,30.0,1,363.0,309.615384615,232.0,0.994819748388,372.0,45.6618650206,349.0
2016-10-09,6,0,22.0,28.0,1,363.0,308.076923077,232.0,1.07278481013,372.0,43.9395765857,395.0
2016-10-10,0,0,23.0,28.0,1,363.0,312.153846154,232.0,1.15143020298,395.0,49.0585931528,344.0
2016-10-11,1,0,21.0,26.0,1,351.0,313.307692308,232.0,1.12646891339,395.0,49.6144901529,334.0
2016-10-12,2,0,22.0,26.0,0,349.0,313.307692308,232.0,1.11283965982,395.0,49.6144901529,326.0
2016-10-13,3,0,23.0,28.0,1,349.0,312.153846154,232.0,1.04257528557,395.0,49.129101753,362.0
2016-10-14,4,0,24.0,30.0,1,349.0,314.538461538,232.0,1.05469556244,395.0,50.7127891389,343.0
2016-10-15,5,1,24.0,31.0,1,345.0,316.0,232.0,1.06102706597,395.0,51.2355045167,341.0
2016-10-16,6,1,24.0,31.0,1,344.0,323.923076923,232.0,1.0811369509,395.0,46.2858369075,351.0
2016-10-17,0,0,24.0,31.0,1,344.0,333.076923077,232.0,1.06827682304,395.0,38.2752411206,297.0
2016-10-18,1,0,23.0,27.0,0,343.0,337.153846154,232.0,1.02588040039,395.0,30.6289108118,250.0
2016-10-19,2,0,24.0,27.0,0,342.0,335.384615385,232.0,0.943822586578,395.0,34.6799398046,280.0
2016-10-20,3,0,24.0,30.0,0,342.0,333.615384615,232.0,0.877639817468,395.0,36.8083152427,463.0
2016-10-21,4,0,24.0,27.0,0,342.0,341.153846154,232.0,1.03211724353,463.0,50.0996639845,241.0
2016-10-22,5,1,24.0,30.0,0,341.0,332.846153846,232.0,1.03617122098,463.0,56.637641946,396.0
2016-10-23,6,1,25.0,30.0,1,341.0,332.923076923,232.0,1.13011763497,463.0,56.7226200144,443.0
2016-10-24,0,0,25.0,31.0,0,341.0,340.538461538,232.0,1.07462686567,463.0,63.8912722878,305.0
2016-10-25,1,0,25.0,30.0,1,341.0,338.307692308,232.0,1.12803825864,463.0,64.5831421388,360.0
2016-10-26,2,0,25.0,31.0,1,341.0,340.923076923,232.0,1.07866043614,463.0,64.7200617315,311.0
2016-10-27,3,0,26.0,31.0,1,338.0,337.0,232.0,0.949047063399,463.0,64.8690989609,358.0
2016-10-28,4,0,24.0,32.0,1,338.0,338.153846154,232.0,1.00160607388,463.0,65.0985597783,359.0
2016-10-29,5,1,22.0,29.0,1,338.0,339.538461538,232.0,0.999173834864,463.0,65.3353660675,381.0
2016-10-30,6,1,20.0,25.0,1,338.0,341.846153846,232.0,1.06939371804,463.0,66.2232194393,398.0
2016-10-31,0,0,21.0,27.0,1,338.0,349.615384615,232.0,1.09967628159,463.0,66.4304592575,303.0
