time_stamp,dayofweek,holiday,lt,ht,sunny,m2M,w2A,m1L,d3w3,m1Lar,w2Std,pay_sum
2016-08-01,0,0,26.0,34.0,0,230.0,273.384615385,201.0,1.16241842138,383.0,63.7634311179,377.0
2016-08-02,1,0,24.0,28.0,0,232.0,285.461538462,201.0,1.31425163983,383.0,67.2796864813,269.0
2016-08-03,2,0,25.0,30.0,0,232.0,288.076923077,201.0,1.21438303418,383.0,65.914235113,286.0
2016-08-04,3,0,25.0,32.0,0,232.0,292.538461538,201.0,1.08910312591,383.0,63.6198026556,218.0
2016-08-05,4,0,25.0,33.0,1,232.0,289.846153846,201.0,0.910000588616,383.0,65.934520145,249.0
2016-08-06,5,1,26.0,35.0,1,235.0,280.307692308,201.0,0.901904419691,383.0,62.0711559613,295.0
2016-08-07,6,1,26.0,35.0,1,239.0,274.384615385,201.0,0.927345746623,383.0,56.4590232095,309.0
2016-08-08,0,0,26.0,34.0,0,239.0,281.076923077,201.0,1.02333393318,383.0,54.9901551167,96.0
2016-08-09,1,0,25.0,33.0,0,235.0,271.0,96.0,0.858948401742,383.0,73.0226519123,243.0
2016-08-10,2,0,25.0,30.0,0,235.0,271.307692308,96.0,0.793971696379,383.0,72.8954832571,175.0
2016-08-11,3,0,25.0,32.0,0,235.0,266.230769231,96.0,0.635981192774,383.0,77.0116413239,209.0
2016-08-12,4,0,26.0,31.0,0,235.0,265.461538462,96.0,0.782185628743,383.0,77.5277770416,219.0
2016-08-13,5,1,25.0,31.0,1,235.0,255.692307692,96.0,0.774566473988,383.0,74.7142089415,310.0
2016-08-14,6,1,25.0,31.0,0,239.0,250.384615385,96.0,0.959438377535,383.0,67.9066536465,289.0
2016-08-15,0,0,25.0,30.0,0,239.0,243.615384615,96.0,1.04972730189,383.0,58.7112077644,208.0
2016-08-16,1,0,25.0,31.0,0,239.0,238.923076923,96.0,1.03941267388,379.0,58.9321141895,189.0
2016-08-17,2,0,25.0,29.0,0,239.0,231.461538462,96.0,0.892183638965,379.0,58.6392037209,167.0
2016-08-18,3,0,25.0,30.0,0,235.0,227.538461538,96.0,0.744259699129,379.0,61.06442422,211.0
2016-08-19,4,0,26.0,32.0,0,235.0,224.615384615,96.0,0.749405233941,379.0,60.8763418257,236.0
2016-08-20,5,1,26.0,33.0,1,236.0,220.076923077,96.0,0.829617619241,379.0,57.5693047732,321.0
2016-08-21,6,1,26.0,34.0,0,239.0,221.0,96.0,1.05004101723,379.0,59.0645018993,298.0
2016-08-22,0,0,25.0,35.0,1,239.0,236.538461538,96.0,1.18824265166,379.0,50.0132526815,199.0
2016-08-23,1,0,26.0,35.0,1,239.0,233.153846154,96.0,1.15365630068,379.0,50.9416652107,186.0
2016-08-24,2,0,26.0,35.0,1,239.0,234.0,96.0,0.984078956847,379.0,50.0522803599,200.0
2016-08-25,3,0,26.0,34.0,1,236.0,233.307692308,96.0,0.846170535908,379.0,50.4539159346,239.0
2016-08-26,4,0,25.0,35.0,0,239.0,234.846153846,96.0,0.905994056679,379.0,50.2988700804,191.0
2016-08-27,5,1,24.0,31.0,0,239.0,225.692307692,96.0,0.934371523915,379.0,46.4714711746,349.0
2016-08-28,6,1,25.0,32.0,0,239.0,230.307692308,96.0,1.14516721793,379.0,54.7685825372,372.0
2016-08-29,0,0,25.0,30.0,1,239.0,242.923076923,96.0,1.26377052588,379.0,65.9282378377,220.0
2016-08-30,1,0,24.0,32.0,1,239.0,245.307692308,96.0,1.31021999443,377.0,64.4794357384,205.0
2016-08-31,2,0,25.0,32.0,1,239.0,248.230769231,96.0,1.10280891103,372.0,61.6630469645,214.0
2016-09-01,3,0,25.0,31.0,0,239.0,248.461538462,96.0,0.883267675721,372.0,61.5287492336,202.0
2016-09-02,4,0,25.0,30.0,0,239.0,245.846153846,96.0,0.861423220974,372.0,62.7140594639,200.0
2016-09-03,5,1,25.0,30.0,0,236.0,236.538461538,96.0,0.874503123225,372.0,59.7798723325,320.0
2016-09-04,6,1,25.0,30.0,0,239.0,238.230769231,96.0,1.0182638742,372.0,61.7739724207,345.0
2016-09-05,0,0,25.0,32.0,0,239.0,249.461538462,96.0,1.18558114035,372.0,66.696344479,195.0
2016-09-06,1,0,26.0,31.0,0,236.0,250.153846154,96.0,1.17727583847,372.0,66.0778633407,217.0
2016-09-07,2,0,25.0,30.0,0,235.0,251.461538462,167.0,1.02574525745,372.0,65.2352139269,208.0
2016-09-08,3,0,25.0,31.0,0,232.0,249.076923077,167.0,0.840620974849,372.0,66.2065085558,214.0
2016-09-09,4,0,26.0,32.0,0,230.0,250.846153846,167.0,0.870275791624,372.0,64.9258110981,219.0
2016-09-10,5,1,25.0,31.0,0,230.0,240.846153846,167.0,0.891577995688,372.0,58.7561403061,311.0
2016-09-11,6,1,25.0,30.0,0,230.0,236.153846154,167.0,1.03204327923,372.0,49.8564804118,317.0
2016-09-12,0,0,24.0,32.0,1,235.0,243.615384615,167.0,1.14676414839,372.0,53.9694193489,197.0
2016-09-13,1,0,25.0,33.0,1,230.0,243.0,167.0,1.11448834853,372.0,54.4496944966,185.0
2016-09-14,2,0,25.0,33.0,1,228.0,240.769230769,167.0,0.947154471545,372.0,56.1593253386,263.0
2016-09-15,3,1,25.0,33.0,1,228.0,245.461538462,167.0,0.869741100324,372.0,55.2652559997,355.0
2016-09-16,4,1,23.0,32.0,1,228.0,257.384615385,185.0,1.04802923519,372.0,60.6307087229,290.0
2016-09-17,5,1,25.0,32.0,1,235.0,255.076923077,185.0,1.19891727735,372.0,58.745162208,279.0
2016-09-18,6,0,24.0,32.0,1,236.0,250.0,185.0,1.24293785311,372.0,53.3594487343,214.0
2016-09-19,0,0,24.0,31.0,1,236.0,251.461538462,185.0,1.05454545455,372.0,52.0777752458,156.0
2016-09-20,1,0,23.0,29.0,0,227.0,246.769230769,156.0,0.882813031354,372.0,57.4431543035,205.0
2016-09-21,2,0,23.0,31.0,1,222.0,246.538461538,156.0,0.783592259471,372.0,57.6042404751,191.0
2016-09-22,3,0,24.0,32.0,1,220.0,244.769230769,156.0,0.753943863962,372.0,58.9147413264,173.0
2016-09-23,4,0,24.0,32.0,1,219.0,241.230769231,156.0,0.781486059607,372.0,61.6730259528,199.0
2016-09-24,5,1,24.0,32.0,1,219.0,232.615384615,156.0,0.793013592507,372.0,59.0938477359,296.0
2016-09-25,6,1,25.0,33.0,1,219.0,231.0,156.0,0.950754341019,372.0,57.0155174559,335.0
2016-09-26,0,0,25.0,34.0,1,219.0,241.615384615,156.0,1.14704256495,372.0,62.298954753,170.0
2016-09-27,1,0,25.0,34.0,1,219.0,240.461538462,156.0,1.11785639523,355.0,63.4648483985,185.0
2016-09-28,2,0,23.0,32.0,0,218.0,234.461538462,156.0,0.967606226336,355.0,64.7249986001,198.0
2016-09-29,3,0,23.0,28.0,0,217.0,222.384615385,156.0,0.778106092585,355.0,55.0280186835,188.0
2016-09-30,4,0,23.0,28.0,0,214.0,214.538461538,156.0,0.808724594575,355.0,52.0171796837,220.0
2016-10-01,5,1,24.0,29.0,0,214.0,210.0,156.0,0.875216637782,355.0,48.6605194572,295.0
2016-10-02,6,1,24.0,28.0,0,214.0,216.230769231,156.0,1.02017123785,355.0,53.6988093926,286.0
2016-10-03,0,1,24.0,31.0,0,214.0,226.230769231,156.0,1.1402946829,355.0,53.6558174438,292.0
2016-10-04,1,1,24.0,32.0,1,214.0,232.923076923,156.0,1.21503131524,355.0,55.9662831718,269.0
2016-10-05,2,1,24.0,31.0,1,214.0,238.923076923,156.0,1.17737003058,355.0,55.3276416359,264.0
2016-10-06,3,1,24.0,32.0,0,214.0,245.923076923,156.0,1.16896918172,355.0,52.2132631816,275.0
2016-10-07,4,1,24.0,32.0,1,217.0,251.769230769,156.0,1.14854299929,355.0,50.8695977607,276.0
2016-10-08,5,0,23.0,29.0,1,217.0,250.230769231,156.0,1.15923476282,355.0,49.7998360302,195.0
2016-10-09,6,0,23.0,27.0,0,217.0,239.461538462,156.0,1.06540988289,355.0,45.2320774274,205.0
2016-10-10,0,0,21.0,27.0,1,217.0,242.153846154,156.0,0.955409511695,355.0,41.9392347127,174.0
2016-10-11,1,0,21.0,26.0,0,214.0,241.307692308,156.0,0.816616872955,355.0,43.1765331836,209.0
2016-10-12,2,0,20.0,23.0,0,214.0,242.153846154,156.0,0.833333333333,355.0,42.4206882653,207.0
2016-10-13,3,0,22.0,28.0,1,214.0,243.615384615,156.0,0.830167440552,355.0,40.8270997134,175.0
2016-10-14,4,0,22.0,29.0,1,214.0,240.153846154,156.0,0.835808230802,355.0,44.4311847413,215.0
2016-10-15,5,1,22.0,30.0,1,214.0,234.0,156.0,0.859054608245,335.0,41.8752726742,324.0
2016-10-16,6,1,23.0,32.0,1,214.0,236.923076923,156.0,1.02985720467,335.0,46.4765640503,335.0
2016-10-17,0,0,22.0,29.0,1,215.0,240.230769231,156.0,1.21718543277,335.0,51.5336392692,154.0
2016-10-18,1,0,23.0,27.0,0,214.0,231.384615385,154.0,1.13961312027,335.0,55.5497538062,177.0
2016-10-19,2,0,23.0,27.0,0,214.0,224.692307692,154.0,0.937697993664,335.0,56.4506382268,243.0
2016-10-20,3,0,24.0,31.0,1,214.0,222.230769231,154.0,0.798886569241,335.0,54.8791032756,298.0
2016-10-21,4,0,24.0,27.0,0,214.0,223.923076923,154.0,0.983292248699,335.0,56.8161157236,78.0
2016-10-22,5,1,24.0,29.0,1,214.0,214.923076923,78.0,0.887264387587,335.0,68.7072513679,392.0
2016-10-23,6,1,24.0,30.0,1,215.0,229.307692308,78.0,1.07630859786,392.0,83.1757958649,330.0
2016-10-24,0,0,24.0,30.0,0,215.0,241.307692308,78.0,1.11226972541,392.0,85.5501513872,214.0
2016-10-25,1,0,23.0,31.0,0,215.0,241.692307692,78.0,1.3164556962,392.0,85.4151712478,228.0
2016-10-26,2,0,24.0,32.0,1,215.0,243.307692308,78.0,1.09410430839,392.0,84.9410516095,207.0
2016-10-27,3,0,23.0,32.0,1,214.0,245.769230769,78.0,0.933275812482,392.0,83.3751059011,200.0
2016-10-28,4,0,22.0,32.0,1,214.0,244.615384615,78.0,0.928362573099,392.0,83.8951162616,207.0
2016-10-29,5,1,20.0,28.0,1,214.0,235.615384615,78.0,0.895304753572,392.0,81.1262439388,158.0
2016-10-30,6,1,18.0,27.0,1,214.0,222.0,78.0,0.83241252302,392.0,78.1005269361,121.0
2016-10-31,0,0,18.0,27.0,1,214.0,219.461538462,78.0,0.724508050089,392.0,80.760439082,101.0
