time_stamp,dayofweek,holiday,lt,ht,sunny,m2M,w2A,m1L,d3w3,m1Lar,w2Std,pay_sum
2016-08-01,0,0,27.0,34.0,0,91.0,6.53846153846,1.0,0.0468384074941,102.0,12.9888436426,1.0
2016-08-02,1,0,27.0,34.0,0,90.0,3.76923076923,1.0,0.056338028169,102.0,9.59289678038,1.0
2016-08-03,2,0,25.0,32.0,0,87.0,1.0,1.0,0.0675675675676,102.0,0.0,1.0
2016-08-04,3,0,25.0,32.0,0,85.0,1.0,1.0,0.0816326530612,102.0,0.0,1.0
2016-08-05,4,0,26.0,34.0,1,77.0,1.0,1.0,0.1,77.0,0.0,1.0
2016-08-06,5,1,27.0,33.0,0,74.0,1.0,1.0,0.121951219512,77.0,0.0,1.0
2016-08-07,6,1,26.0,32.0,0,73.0,1.0,1.0,0.15625,77.0,0.0,1.0
2016-08-08,0,0,26.0,33.0,0,71.0,1.0,1.0,0.217391304348,77.0,0.0,1.0
2016-08-09,1,0,26.0,31.0,0,66.0,1.0,1.0,0.357142857143,77.0,0.0,1.0
2016-08-10,2,0,26.0,33.0,1,60.0,1.0,1.0,1.0,73.0,0.0,1.0
2016-08-11,3,0,27.0,34.0,1,58.0,1.0,1.0,1.0,60.0,0.0,1.0
2016-08-12,4,0,27.0,34.0,1,55.0,1.0,1.0,1.0,52.0,0.0,1.0
2016-08-13,5,1,26.0,33.0,1,52.0,1.0,1.0,1.0,46.0,0.0,1.0
2016-08-14,6,1,26.0,33.0,1,46.0,1.0,1.0,1.0,37.0,0.0,1.0
2016-08-15,0,0,26.0,34.0,1,37.0,1.0,1.0,1.0,37.0,0.0,1.0
2016-08-16,1,0,27.0,35.0,1,37.0,1.0,1.0,1.0,37.0,0.0,1.0
2016-08-17,2,0,27.0,35.0,1,37.0,1.0,1.0,1.0,37.0,0.0,1.0
2016-08-18,3,0,27.0,35.0,1,37.0,1.0,1.0,1.0,37.0,0.0,1.0
2016-08-19,4,0,27.0,35.0,1,37.0,1.0,1.0,1.0,1.0,0.0,1.0
2016-08-20,5,1,27.0,37.0,1,1.0,1.0,1.0,1.0,1.0,0.0,1.0
2016-08-21,6,1,26.0,34.0,1,1.0,1.0,1.0,1.0,1.0,0.0,1.0
2016-08-22,0,0,26.0,35.0,1,1.0,1.0,1.0,1.0,1.0,0.0,1.0
2016-08-23,1,0,25.0,34.0,1,1.0,1.0,1.0,1.0,1.0,0.0,1.0
2016-08-24,2,0,25.0,34.0,1,1.0,1.0,1.0,1.0,1.0,0.0,1.0
2016-08-25,3,0,25.0,34.0,1,1.0,1.0,1.0,1.0,1.0,0.0,1.0
2016-08-26,4,0,26.0,34.0,1,1.0,1.0,1.0,1.0,1.0,0.0,1.0
2016-08-27,5,1,23.0,31.0,1,1.0,1.0,1.0,1.0,1.0,0.0,1.0
2016-08-28,6,1,22.0,30.0,1,1.0,1.0,1.0,1.0,1.0,0.0,1.0
2016-08-29,0,0,22.0,30.0,1,1.0,1.0,1.0,1.0,1.0,0.0,1.0
2016-08-30,1,0,19.0,32.0,1,1.0,1.0,1.0,1.0,1.0,0.0,1.0
2016-08-31,2,0,23.0,33.0,1,1.0,1.0,1.0,1.0,1.0,0.0,1.0
2016-09-01,3,0,23.0,32.0,1,1.0,1.0,1.0,1.0,1.0,0.0,1.0
2016-09-02,4,0,23.0,33.0,1,1.0,1.0,1.0,1.0,1.0,0.0,1.0
2016-09-03,5,1,22.0,32.0,1,1.0,1.0,1.0,1.0,1.0,0.0,1.0
2016-09-04,6,1,24.0,31.0,0,1.0,1.0,1.0,1.0,1.0,0.0,1.0
2016-09-05,0,0,23.0,30.0,0,1.0,1.0,1.0,1.0,1.0,0.0,1.0
2016-09-06,1,0,23.0,29.0,0,1.0,1.0,1.0,1.0,1.0,0.0,1.0
2016-09-07,2,0,21.0,26.0,0,1.0,1.0,1.0,1.0,1.0,0.0,1.0
2016-09-08,3,0,20.0,29.0,1,1.0,1.0,1.0,1.0,1.0,0.0,1.0
2016-09-09,4,0,22.0,31.0,1,1.0,1.0,1.0,1.0,1.0,0.0,18.0
2016-09-10,5,1,23.0,28.0,1,1.0,2.30769230769,1.0,3.6036036036,18.0,4.52997903518,40.0
2016-09-11,6,1,21.0,26.0,0,1.0,5.30769230769,1.0,5.17543859649,40.0,10.9851971404,51.0
2016-09-12,0,0,21.0,26.0,0,1.0,9.15384615385,1.0,5.7671957672,51.0,16.280456211,90.0
2016-09-13,1,0,22.0,26.0,0,1.0,16.0,1.0,5.61240310078,90.0,26.7553014157,104.0
2016-09-14,2,0,22.0,26.0,0,1.0,23.9230769231,1.0,5.13626834382,104.0,35.092101979,106.0
2016-09-15,3,1,24.0,26.0,0,1.0,32.0,1.0,4.72813238771,106.0,40.5462698654,56.0
2016-09-16,4,1,24.0,29.0,0,1.0,36.2307692308,1.0,3.70990237099,106.0,39.9560409338,89.0
2016-09-17,5,1,23.0,28.0,0,1.0,43.0,1.0,2.95641931684,106.0,40.8581034237,99.0
2016-09-18,6,0,22.0,26.0,0,1.0,50.5384615385,1.0,2.44979919679,106.0,41.4499056037,131.0
2016-09-19,0,0,20.0,26.0,1,1.0,60.5384615385,1.0,2.67842149454,131.0,43.9013148298,149.0
2016-09-20,1,0,19.0,26.0,1,1.0,71.9230769231,1.0,2.6822363765,149.0,46.1193460799,128.0
2016-09-21,2,0,19.0,26.0,1,1.0,81.6923076923,1.0,2.54443405051,149.0,43.4340961695,150.0
2016-09-22,3,0,18.0,27.0,1,1.0,93.1538461538,1.0,2.33716475096,150.0,40.1647494775,141.0
2016-09-23,4,0,21.0,28.0,1,1.0,102.615384615,1.0,2.05694648994,150.0,35.5712469484,143.0
2016-09-24,5,1,20.0,29.0,1,1.0,110.538461538,1.0,1.92888888889,150.0,32.037514992,7.0
2016-09-25,6,1,21.0,30.0,1,1.0,107.153846154,1.0,1.28818061089,150.0,39.5840802379,2.0
2016-09-26,0,0,24.0,30.0,1,1.0,100.384615385,1.0,0.672417606724,150.0,48.466544308,2.0
2016-09-27,1,0,24.0,31.0,0,1.0,92.5384615385,1.0,0.0486295313882,150.0,55.054679651,2.0
2016-09-28,2,0,23.0,29.0,0,1.0,84.5384615385,1.0,0.026507620941,150.0,59.8634540943,2.0
2016-09-29,3,0,23.0,27.0,0,1.0,80.3846153846,1.0,0.0264900662252,150.0,63.4647551632,1.0
2016-09-30,4,0,25.0,31.0,0,1.0,73.6153846154,1.0,0.0223264121456,150.0,66.7907622142,1.0
2016-10-01,5,1,24.0,32.0,1,1.0,66.0769230769,1.0,0.0183402109124,150.0,68.9943827574,1.0
2016-10-02,6,1,23.0,32.0,1,1.0,56.0769230769,1.0,0.014245014245,150.0,68.2771068046,1.0
2016-10-03,0,1,22.0,27.0,0,1.0,44.6923076923,1.0,0.0152091254753,150.0,64.0413143278,1.0
2016-10-04,1,1,22.0,26.0,0,1.0,34.9230769231,1.0,0.016501650165,150.0,60.1567970946,1.0
2016-10-05,2,1,22.0,26.0,1,1.0,23.4615384615,1.0,0.0180668473351,150.0,50.5700053766,1.0
2016-10-06,3,1,23.0,27.0,0,1.0,12.6923076923,1.0,0.0190114068441,150.0,37.6489546599,1.0
2016-10-07,4,1,21.0,26.0,0,1.0,1.76923076923,1.0,0.0207468879668,150.0,1.57645396399,1.0
2016-10-08,5,0,19.0,22.0,0,1.0,1.30769230769,1.0,0.0230946882217,150.0,0.461538461538,1.0
2016-10-09,6,0,18.0,20.0,1,1.0,1.23076923077,1.0,0.0271739130435,150.0,0.421325044235,1.0
2016-10-10,0,0,18.0,21.0,1,1.0,1.15384615385,1.0,0.0340136054422,150.0,0.360801212294,142.0
2016-10-11,1,0,19.0,23.0,1,1.0,11.9230769231,1.0,1.59468438538,150.0,37.5509121849,150.0
2016-10-12,2,0,19.0,24.0,1,1.0,23.3076923077,1.0,3.24473975637,150.0,52.3396960918,152.0
2016-10-13,3,0,19.0,24.0,1,1.0,34.9230769231,1.0,4.82871125612,152.0,61.9695477801,160.0
2016-10-14,4,0,20.0,24.0,0,1.0,47.1538461538,1.0,4.88888888889,160.0,69.3218204673,156.0
2016-10-15,5,1,20.0,24.0,1,1.0,59.0769230769,1.0,4.00513478819,160.0,73.5584137722,123.0
2016-10-16,6,1,21.0,26.0,0,1.0,68.4615384615,1.0,3.25185185185,160.0,73.3323471334,128.0
2016-10-17,0,0,20.0,24.0,1,1.0,78.2307692308,1.0,2.64457439896,160.0,72.1442506331,194.0
2016-10-18,1,0,20.0,25.0,1,1.0,93.0769230769,1.0,2.43568691845,194.0,74.5421528021,169.0
2016-10-19,2,0,20.0,24.0,0,1.0,106.0,1.0,2.36341756919,194.0,71.9775606059,164.0
2016-10-20,3,0,23.0,26.0,0,2.0,118.538461538,1.0,2.26959517657,194.0,66.5901533315,125.0
2016-10-21,4,0,23.0,27.0,0,2.0,128.076923077,1.0,1.82615629984,194.0,57.3041299874,130.0
2016-10-22,5,1,21.0,25.0,0,2.0,138.0,1.0,1.55099019063,194.0,44.0838362145,141.0
2016-10-23,6,1,19.0,22.0,0,2.0,148.769230769,1.0,1.3601236476,194.0,19.6043709653,138.0
2016-10-24,0,0,20.0,24.0,1,7.0,148.461538462,1.0,1.31215912737,194.0,19.7391270348,170.0
2016-10-25,1,0,20.0,26.0,1,18.0,150.0,1.0,1.33214656579,194.0,20.5613528438,169.0
2016-10-26,2,0,22.0,28.0,0,40.0,151.307692308,1.0,1.31677018634,194.0,21.1783075353,175.0
2016-10-27,3,0,21.0,26.0,1,51.0,152.461538462,1.0,1.32354834556,194.0,22.0126375752,174.0
2016-10-28,4,0,17.0,22.0,0,56.0,153.846153846,1.0,1.25030171373,194.0,22.7455698268,155.0
2016-10-29,5,1,13.0,16.0,0,89.0,156.307692308,1.0,1.15226337449,194.0,20.9335381088,125.0
2016-10-30,6,1,14.0,19.0,1,90.0,156.076923077,1.0,0.995614035088,194.0,21.2583432977,134.0
2016-10-31,0,0,14.0,20.0,0,99.0,151.461538462,1.0,0.910290237467,194.0,18.9071227304,192.0
