time_stamp,dayofweek,holiday,lt,ht,sunny,m2M,w2A,m1L,d3w3,m1Lar,w2Std,pay_sum
2016-08-01,0,0,25.0,35.0,0,64.0,64.1538461538,49.0,0.880597014925,104.0,13.960637818,78.0
2016-08-02,1,0,25.0,29.0,0,66.0,65.3076923077,49.0,1.00666173205,104.0,14.4295882738,83.0
2016-08-03,2,0,25.0,31.0,0,66.0,67.5384615385,49.0,1.06488360575,104.0,14.7471790503,81.0
2016-08-04,3,0,26.0,32.0,1,66.0,65.7692307692,49.0,1.18192918193,104.0,11.2260263958,65.0
2016-08-05,4,0,26.0,34.0,1,66.0,65.5384615385,49.0,1.12586037365,104.0,11.2086188308,79.0
2016-08-06,5,1,27.0,35.0,1,66.0,65.9230769231,49.0,1.11856823266,104.0,11.5722581964,76.0
2016-08-07,6,1,27.0,36.0,1,66.0,66.6153846154,49.0,1.07843137255,104.0,11.8810674316,70.0
2016-08-08,0,0,27.0,35.0,0,66.0,68.2307692308,49.0,1.0980966325,104.0,10.7499827989,48.0
2016-08-09,1,0,25.0,34.0,0,66.0,66.8461538462,48.0,0.957315568715,104.0,12.0310249825,67.0
2016-08-10,2,0,26.0,31.0,0,66.0,67.4615384615,48.0,0.904203323558,104.0,11.8166465672,80.0
2016-08-11,3,0,26.0,32.0,0,66.0,69.5384615385,48.0,0.970149253731,104.0,11.4597314012,59.0
2016-08-12,4,0,26.0,30.0,0,66.0,70.1538461538,48.0,1.0318056599,104.0,10.6326503957,85.0
2016-08-13,5,1,25.0,32.0,0,66.0,71.1538461538,48.0,1.11276701441,104.0,11.3466101603,76.0
2016-08-14,6,1,26.0,32.0,0,66.0,72.8461538462,48.0,1.08561559339,104.0,10.249548987,56.0
2016-08-15,0,0,25.0,31.0,0,66.0,71.1538461538,48.0,1.06529209622,104.0,11.0442895363,74.0
2016-08-16,1,0,25.0,31.0,0,66.0,70.4615384615,48.0,1.00536847243,104.0,10.5510873272,70.0
2016-08-17,2,0,25.0,31.0,0,66.0,69.6153846154,48.0,0.968288549988,104.0,10.1036053088,88.0
2016-08-18,3,0,25.0,30.0,0,67.0,71.3846153846,48.0,1.09537299339,104.0,11.1046661124,67.0
2016-08-19,4,0,26.0,32.0,0,67.0,70.4615384615,48.0,1.05042016807,104.0,10.9306582574,87.0
2016-08-20,5,1,26.0,34.0,1,67.0,71.3076923077,48.0,1.11804111804,88.0,11.7236422234,77.0
2016-08-21,6,1,27.0,35.0,0,67.0,71.8461538462,48.0,1.05047748977,88.0,11.8116380278,81.0
2016-08-22,0,0,27.0,35.0,1,67.0,74.3846153846,48.0,1.11186748355,88.0,9.78647781017,86.0
2016-08-23,1,0,27.0,35.0,1,68.0,75.8461538462,48.0,1.10507246377,88.0,9.99112031792,72.0
2016-08-24,2,0,28.0,36.0,1,69.0,75.2307692308,48.0,1.08908635224,88.0,9.9626521504,73.0
2016-08-25,3,0,27.0,36.0,1,69.0,76.3076923077,48.0,1.04690686608,88.0,8.84381239916,71.0
2016-08-26,4,0,25.0,35.0,0,70.0,75.2307692308,48.0,0.984278879016,88.0,8.56786344567,87.0
2016-08-27,5,1,24.0,32.0,0,70.0,76.0769230769,48.0,1.0447761194,88.0,9.12698061507,99.0
2016-08-28,6,1,26.0,33.0,1,70.0,79.3846153846,48.0,1.13994233755,99.0,9.04296123673,96.0
2016-08-29,0,0,26.0,33.0,1,70.0,81.0769230769,48.0,1.21212121212,99.0,9.89530998824,78.0
2016-08-30,1,0,25.0,32.0,1,70.0,81.6923076923,48.0,1.16517285531,99.0,9.42488208769,79.0
2016-08-31,2,0,25.0,33.0,0,71.0,81.0,48.0,1.08050395046,99.0,9.26531995379,65.0
2016-09-01,3,0,25.0,32.0,0,71.0,80.8461538462,48.0,0.944479897894,99.0,9.50988274494,104.0
2016-09-02,4,0,25.0,31.0,0,72.0,82.1538461538,48.0,1.04245481295,104.0,11.2717902055,96.0
2016-09-03,5,1,25.0,31.0,0,72.0,83.6153846154,48.0,1.100041511,104.0,11.7312105844,69.0
2016-09-04,6,1,26.0,31.0,0,72.0,82.6923076923,48.0,1.10767963764,104.0,12.3561545884,92.0
2016-09-05,0,0,26.0,32.0,0,72.0,83.1538461538,48.0,1.04663001425,104.0,12.5810978722,80.0
2016-09-06,1,0,26.0,33.0,0,72.0,83.7692307692,48.0,0.975511030156,104.0,12.2106753178,84.0
2016-09-07,2,0,25.0,31.0,0,73.0,84.6153846154,56.0,1.0387502536,104.0,11.8096340172,97.0
2016-09-08,3,0,26.0,32.0,0,74.0,86.6153846154,56.0,1.04004781829,104.0,11.5328191332,88.0
2016-09-09,4,0,26.0,32.0,0,74.0,86.6923076923,56.0,1.0712863401,104.0,11.5384615385,105.0
2016-09-10,5,1,25.0,30.0,0,74.0,87.1538461538,56.0,1.13591852722,105.0,12.1265516301,83.0
2016-09-11,6,1,25.0,30.0,0,74.0,86.1538461538,56.0,1.07981220657,105.0,11.8895309725,78.0
2016-09-12,0,0,24.0,33.0,1,76.0,86.1538461538,56.0,1.04559748428,105.0,11.8895309725,82.0
2016-09-13,1,0,26.0,35.0,1,76.0,86.3846153846,65.0,0.94958968347,105.0,11.7770210517,69.0
2016-09-14,2,0,26.0,35.0,1,76.0,86.6923076923,65.0,0.896983940462,105.0,11.2549791743,110.0
2016-09-15,3,1,25.0,34.0,1,76.0,87.1538461538,65.0,0.999425617461,110.0,12.0501908944,66.0
2016-09-16,4,1,25.0,34.0,1,76.0,84.8461538462,65.0,0.949612403101,110.0,12.9724332208,86.0
2016-09-17,5,1,25.0,34.0,1,77.0,86.1538461538,65.0,1.0232376489,110.0,12.1392317197,62.0
2016-09-18,6,0,25.0,33.0,1,77.0,83.8461538462,62.0,0.852759513847,110.0,13.5751251806,77.0
2016-09-19,0,0,23.0,32.0,1,77.0,83.6153846154,62.0,0.897129186603,110.0,13.6637558838,91.0
2016-09-20,1,0,24.0,31.0,1,77.0,84.1538461538,62.0,0.910530482977,110.0,13.8054958613,88.0
2016-09-21,2,0,24.0,31.0,1,78.0,83.4615384615,62.0,0.99980472564,110.0,13.3624927696,74.0
2016-09-22,3,0,24.0,32.0,1,78.0,82.3846153846,62.0,1.00576426158,110.0,13.5165907259,98.0
2016-09-23,4,0,25.0,32.0,1,78.0,81.8461538462,62.0,1.03236053206,110.0,12.7209467103,86.0
2016-09-24,5,1,25.0,32.0,1,78.0,82.0769230769,62.0,1.0141509434,110.0,12.7669135988,104.0
2016-09-25,6,1,26.0,33.0,1,79.0,84.0769230769,62.0,1.12412177986,110.0,13.9530065051,86.0
2016-09-26,0,0,26.0,34.0,1,79.0,84.3846153846,62.0,1.07351225204,110.0,13.9479166437,80.0
2016-09-27,1,0,27.0,35.0,1,80.0,85.2307692308,62.0,1.05263157895,110.0,13.3079146269,72.0
2016-09-28,2,0,28.0,34.0,1,80.0,82.3076923077,62.0,0.941641938675,110.0,11.6115633042,84.0
2016-09-29,3,0,21.0,28.0,0,80.0,83.6923076923,62.0,0.935950822923,110.0,10.6148271871,92.0
2016-09-30,4,0,20.0,26.0,0,80.0,84.1538461538,62.0,0.991207034373,110.0,10.8333257472,123.0
2016-10-01,5,1,20.0,28.0,0,80.0,88.8461538462,62.0,1.16705698673,123.0,13.1783397685,122.0
2016-10-02,6,1,23.0,31.0,1,80.0,92.3076923077,62.0,1.28234398782,123.0,15.3441776248,106.0
2016-10-03,0,1,24.0,33.0,1,81.0,93.4615384615,62.0,1.31756756757,123.0,15.7607857312,93.0
2016-10-04,1,1,24.0,32.0,1,82.0,93.8461538462,62.0,1.18888888889,123.0,15.6836325946,97.0
2016-10-05,2,1,23.0,33.0,1,83.0,95.6153846154,62.0,1.10427159112,123.0,14.6052596508,98.0
2016-10-06,3,1,25.0,32.0,1,84.0,95.6153846154,62.0,1.05552501374,123.0,14.6052596508,119.0
2016-10-07,4,1,25.0,31.0,1,84.0,98.1538461538,62.0,1.13030957523,123.0,15.5506425979,115.0
2016-10-08,5,0,24.0,31.0,0,85.0,99.0,62.0,1.16185476815,123.0,16.1340538089,99.0
2016-10-09,6,0,22.0,30.0,1,86.0,100.0,62.0,1.15204981837,123.0,15.6941929486,96.0
2016-10-10,0,0,22.0,30.0,1,86.0,101.230769231,62.0,1.06970324362,123.0,14.6715519925,95.0
2016-10-11,1,0,21.0,28.0,0,86.0,103.0,62.0,0.997077531374,123.0,12.2222999221,89.0
2016-10-12,2,0,20.0,25.0,0,86.0,103.384615385,62.0,0.955305356534,123.0,11.6852205242,88.0
2016-10-13,3,0,22.0,28.0,1,87.0,103.076923077,62.0,0.932784636488,123.0,12.0285656058,96.0
2016-10-14,4,0,20.0,30.0,1,87.0,101.0,62.0,0.93142272262,123.0,10.6626595037,98.0
2016-10-15,5,1,21.0,31.0,1,88.0,99.1538461538,62.0,0.965092402464,123.0,8.77799831612,88.0
2016-10-16,6,1,24.0,32.0,1,88.0,97.7692307692,62.0,0.964102564103,123.0,9.00558669471,90.0
2016-10-17,0,0,23.0,32.0,1,88.0,97.5384615385,72.0,0.938775510204,123.0,9.16192274593,79.0
2016-10-18,1,0,23.0,26.0,0,88.0,96.1538461538,72.0,0.871038806982,123.0,10.413350557,82.0
2016-10-19,2,0,23.0,27.0,0,88.0,94.9230769231,72.0,0.851569126378,123.0,11.0485748365,95.0
2016-10-20,3,0,24.0,31.0,1,88.0,93.0769230769,72.0,0.867208672087,123.0,8.60645141258,103.0
2016-10-21,4,0,24.0,27.0,0,88.0,92.1538461538,72.0,0.958247775496,123.0,6.6198553766,87.0
2016-10-22,5,1,24.0,30.0,1,88.0,91.2307692308,72.0,0.993204391009,123.0,6.43492688565,95.0
2016-10-23,6,1,24.0,31.0,1,89.0,91.1538461538,72.0,0.998948475289,123.0,6.38322505715,88.0
2016-10-24,0,0,24.0,30.0,1,89.0,90.6153846154,72.0,0.948866631523,123.0,6.33110102879,109.0
2016-10-25,1,0,24.0,31.0,1,90.0,92.1538461538,72.0,1.01973109831,123.0,7.96961686026,105.0
2016-10-26,2,0,25.0,32.0,1,90.0,93.4615384615,72.0,1.05080027836,123.0,8.55403984285,82.0
2016-10-27,3,0,24.0,33.0,1,89.0,92.3846153846,79.0,1.05020400922,123.0,9.03445082864,85.0
2016-10-28,4,0,22.0,33.0,1,89.0,91.3846153846,79.0,0.980710293853,123.0,9.07692307692,82.0
2016-10-29,5,1,20.0,29.0,1,89.0,90.9230769231,79.0,0.906113537118,123.0,9.38461538462,92.0
2016-10-30,6,1,19.0,28.0,1,90.0,91.0769230769,79.0,0.944566010212,122.0,9.38461538462,105.0
2016-10-31,0,0,19.0,27.0,1,90.0,93.0769230769,79.0,1.0119695321,119.0,9.36820759855,91.0
