time_stamp,dayofweek,holiday,lt,ht,sunny,m2M,w2A,m1L,d3w3,m1Lar,w2Std,pay_sum
2016-08-01,0,0,27.0,37.0,1,49.0,57.2307692308,31.0,0.862610682662,85.0,15.2424197865,75.0
2016-08-02,1,0,27.0,35.0,0,49.0,58.0,31.0,0.901360544218,85.0,15.8551132252,67.0
2016-08-03,2,0,26.0,32.0,0,51.0,58.3076923077,31.0,1.03350369108,85.0,15.9874210908,69.0
2016-08-04,3,0,27.0,33.0,0,52.0,59.0769230769,31.0,1.19716312057,85.0,16.2407916559,74.0
2016-08-05,4,0,26.0,33.0,0,52.0,59.3076923077,31.0,1.18644067797,85.0,16.4287956176,57.0
2016-08-06,5,1,26.0,34.0,0,54.0,61.3076923077,31.0,1.11482720178,85.0,14.3064515591,32.0
2016-08-07,6,1,27.0,35.0,1,52.0,60.8461538462,31.0,0.918568610876,85.0,15.1243367501,47.0
2016-08-08,0,0,26.0,34.0,0,52.0,60.9230769231,31.0,0.778254649499,85.0,15.050998119,85.0
2016-08-09,1,0,26.0,30.0,0,54.0,62.3076923077,31.0,0.92264416315,85.0,16.3207494897,74.0
2016-08-10,2,0,27.0,35.0,0,57.0,62.7692307692,31.0,1.14827201784,85.0,16.5583065195,85.0
2016-08-11,3,0,27.0,36.0,1,58.0,62.7692307692,31.0,1.33115111839,85.0,16.5583065195,87.0
2016-08-12,4,0,27.0,36.0,1,59.0,64.3076923077,31.0,1.32471728595,87.0,17.7650677774,85.0
2016-08-13,5,1,27.0,35.0,1,59.0,67.4615384615,31.0,1.32610939112,87.0,17.5175313708,36.0
2016-08-14,6,1,28.0,35.0,1,59.0,67.1538461538,31.0,1.07493540052,87.0,18.0249662492,45.0
2016-08-15,0,0,27.0,36.0,1,59.0,64.8461538462,31.0,0.858546677011,87.0,18.7774257015,83.0
2016-08-16,1,0,26.0,36.0,1,61.0,66.0769230769,31.0,0.837803320562,87.0,19.3925502685,94.0
2016-08-17,2,0,28.0,37.0,1,61.0,68.0,31.0,1.11194590533,94.0,20.7772064458,86.0
2016-08-18,3,0,28.0,37.0,1,62.0,68.9230769231,31.0,1.31631631632,94.0,21.2836576471,85.0
2016-08-19,4,0,28.0,38.0,1,63.0,71.0769230769,31.0,1.30864197531,94.0,21.3846153846,85.0
2016-08-20,5,1,27.0,37.0,0,63.0,75.1538461538,31.0,1.22693505871,94.0,18.3883163317,66.0
2016-08-21,6,1,27.0,35.0,0,64.0,76.6153846154,31.0,1.11032698189,94.0,16.7769918526,65.0
2016-08-22,0,0,27.0,36.0,1,65.0,75.0769230769,32.0,1.02345415778,94.0,16.8544061277,82.0
2016-08-23,1,0,27.0,35.0,0,65.0,75.6923076923,32.0,0.998593530239,94.0,16.9496295189,104.0
2016-08-24,2,0,27.0,35.0,1,65.0,77.1538461538,32.0,1.14847860901,104.0,18.4426185103,122.0
2016-08-25,3,0,26.0,35.0,1,66.0,79.8461538462,32.0,1.36434108527,122.0,21.9118729805,118.0
2016-08-26,4,0,25.0,34.0,0,66.0,82.3846153846,32.0,1.46445295871,122.0,24.1582553545,106.0
2016-08-27,5,1,23.0,31.0,1,66.0,87.7692307692,32.0,1.40650406504,122.0,20.785179062,70.0
2016-08-28,6,1,21.0,31.0,1,67.0,89.6923076923,32.0,1.17859290439,122.0,17.6608415837,36.0
2016-08-29,0,0,21.0,32.0,1,67.0,86.0769230769,32.0,0.875671210244,122.0,22.740886724,36.0
2016-08-30,1,0,21.0,32.0,1,66.0,81.6153846154,32.0,0.600676818951,122.0,26.1784951719,36.0
2016-08-31,2,0,21.0,33.0,1,66.0,77.7692307692,32.0,0.471512770138,122.0,28.7941068921,36.0
2016-09-01,3,0,23.0,33.0,0,66.0,74.0,32.0,0.487804878049,122.0,30.7421034264,36.0
2016-09-02,4,0,22.0,34.0,1,66.0,70.2307692308,32.0,0.504555010512,122.0,32.1347016985,36.0
2016-09-03,5,1,23.0,35.0,1,66.0,67.9230769231,32.0,0.504555010512,122.0,33.4076489133,36.0
2016-09-04,6,1,24.0,32.0,1,66.0,65.6923076923,32.0,0.507757404795,122.0,34.4793909802,36.0
2016-09-05,0,0,24.0,30.0,0,66.0,62.1538461538,36.0,0.525164113786,122.0,34.9809753874,36.0
2016-09-06,1,0,23.0,28.0,0,66.0,56.9230769231,36.0,0.548362528561,122.0,33.3800067716,36.0
2016-09-07,2,0,21.0,27.0,0,66.0,50.3076923077,36.0,0.570071258907,122.0,27.899226941,36.0
2016-09-08,3,0,22.0,30.0,1,66.0,44.0,36.0,0.593080724876,122.0,20.0461007143,71.0
2016-09-09,4,0,22.0,29.0,1,66.0,41.3076923077,36.0,0.794444444444,122.0,12.449186661,74.0
2016-09-10,5,1,22.0,28.0,0,67.0,41.6153846154,36.0,0.998896247241,122.0,13.1823802073,76.0
2016-09-11,6,1,21.0,25.0,0,67.0,44.6923076923,36.0,1.20864096254,122.0,15.9005786803,67.0
2016-09-12,0,0,21.0,27.0,1,67.0,47.0769230769,36.0,1.2015503876,122.0,16.7215270671,87.0
2016-09-13,1,0,21.0,28.0,0,67.0,51.0,36.0,1.29177197416,122.0,19.4263896642,104.0
2016-09-14,2,0,21.0,25.0,0,67.0,56.2307692308,36.0,1.47134302823,122.0,23.4263291919,79.0
2016-09-15,3,1,22.0,25.0,0,67.0,59.5384615385,36.0,1.59292035398,122.0,23.3719601384,31.0
2016-09-16,4,1,23.0,27.0,0,67.0,59.1538461538,31.0,1.3522906793,122.0,23.793490234,50.0
2016-09-17,5,1,22.0,27.0,1,67.0,60.2307692308,31.0,1.0305958132,122.0,23.0255839186,62.0
2016-09-18,6,0,22.0,26.0,0,67.0,62.2307692308,31.0,0.898523405592,122.0,21.9375121167,89.0
2016-09-19,0,0,20.0,27.0,1,67.0,66.3076923077,31.0,1.20287253142,122.0,21.6062121245,72.0
2016-09-20,1,0,19.0,26.0,1,67.0,69.0769230769,31.0,1.29275362319,122.0,19.7735703109,79.0
2016-09-21,2,0,19.0,26.0,1,68.0,72.3846153846,31.0,1.34115674769,122.0,17.4203173226,75.0
2016-09-22,3,0,20.0,27.0,1,69.0,72.6923076923,31.0,1.22294372294,122.0,17.4284674969,86.0
2016-09-23,4,0,20.0,29.0,1,70.0,73.6153846154,31.0,1.248049922,118.0,17.7873700289,121.0
2016-09-24,5,1,21.0,30.0,1,71.0,77.0769230769,31.0,1.37527432334,121.0,21.8331488918,52.0
2016-09-25,6,1,21.0,30.0,1,71.0,75.9230769231,31.0,1.24849361292,121.0,22.713809891,62.0
2016-09-26,0,0,24.0,31.0,1,70.0,74.0,31.0,1.11189969245,121.0,22.7528527375,106.0
2016-09-27,1,0,23.0,28.0,0,71.0,74.1538461538,31.0,0.991661032229,121.0,22.9609908452,111.0
2016-09-28,2,0,22.0,28.0,0,72.0,76.6153846154,31.0,1.19691119691,121.0,24.9754909447,91.0
2016-09-29,3,0,22.0,25.0,0,74.0,81.2307692308,31.0,1.30453197798,121.0,21.4086748994,83.0
2016-09-30,4,0,22.0,29.0,0,74.0,83.7692307692,31.0,1.20025268478,121.0,19.4190780347,103.0
2016-10-01,5,1,23.0,30.0,0,74.0,86.9230769231,31.0,1.14699792961,121.0,18.9511986163,41.0
2016-10-02,6,1,22.0,30.0,1,74.0,83.2307692308,31.0,0.955387205387,121.0,22.5257249389,31.0
2016-10-03,0,1,21.0,27.0,0,74.0,80.0769230769,31.0,0.76352530541,121.0,26.4122976557,35.0
2016-10-04,1,1,20.0,27.0,1,74.0,76.6923076923,31.0,0.488919351154,121.0,29.0235570512,42.0
2016-10-05,2,1,21.0,27.0,1,74.0,74.1538461538,31.0,0.506329113924,121.0,30.4677538337,42.0
2016-10-06,3,1,22.0,27.0,0,74.0,70.7692307692,31.0,0.553617120261,121.0,31.393663854,34.0
2016-10-07,4,1,20.0,23.0,0,72.0,64.0769230769,31.0,0.555163490943,121.0,29.1665285993,44.0
2016-10-08,5,0,17.0,22.0,0,71.0,63.4615384615,31.0,0.571837026447,121.0,29.4973672479,75.0
2016-10-09,6,0,16.0,22.0,1,71.0,64.4615384615,31.0,0.736462093863,121.0,29.6508279418,93.0
2016-10-10,0,0,15.0,21.0,1,71.0,63.4615384615,31.0,1.00521574206,121.0,28.427006078,74.0
2016-10-11,1,0,17.0,23.0,1,71.0,60.6153846154,31.0,1.15155841066,121.0,25.1932178344,91.0
2016-10-12,2,0,18.0,25.0,1,72.0,60.6153846154,31.0,1.21383203952,121.0,25.1932178344,106.0
2016-10-13,3,0,18.0,23.0,1,74.0,62.3846153846,31.0,1.25724889817,121.0,27.4129067343,87.0
2016-10-14,4,0,19.0,22.0,0,74.0,61.1538461538,31.0,1.34948918983,121.0,25.8779566244,88.0
2016-10-15,5,1,20.0,23.0,0,74.0,64.7692307692,31.0,1.30182997452,121.0,26.0920083437,49.0
2016-10-16,6,1,20.0,26.0,0,72.0,66.1538461538,31.0,1.04721832632,121.0,24.7039272924,64.0
2016-10-17,0,0,20.0,24.0,0,71.0,68.3846153846,31.0,0.968208092486,121.0,23.0435656347,102.0
2016-10-18,1,0,20.0,24.0,0,71.0,73.0,31.0,1.04242424242,121.0,23.3040108796,102.0
2016-10-19,2,0,20.0,24.0,0,72.0,77.6153846154,31.0,1.28908128908,121.0,22.6394429856,103.0
2016-10-20,3,0,21.0,25.0,0,74.0,82.9230769231,31.0,1.45566619251,121.0,19.6877999648,88.0
2016-10-21,4,0,21.0,25.0,0,74.0,86.3076923077,31.0,1.40426551642,121.0,16.1739801266,75.0
2016-10-22,5,1,20.0,23.0,0,74.0,86.3076923077,31.0,1.24444444444,121.0,16.1739801266,56.0
2016-10-23,6,1,17.0,23.0,0,72.0,83.4615384615,31.0,1.00689655172,111.0,17.9083795797,63.0
2016-10-24,0,0,19.0,24.0,1,71.0,82.6153846154,31.0,0.875056382499,111.0,18.5826157865,95.0
2016-10-25,1,0,19.0,23.0,1,71.0,82.9230769231,31.0,0.931852819508,111.0,18.7512524237,91.0
2016-10-26,2,0,19.0,24.0,0,72.0,81.7692307692,31.0,1.05063291139,111.0,17.7293925713,90.0
2016-10-27,3,0,18.0,24.0,0,74.0,82.0,31.0,1.12469437653,106.0,17.8152916166,97.0
2016-10-28,4,0,15.0,19.0,0,74.0,82.6923076923,31.0,1.09729623051,106.0,18.2055976826,105.0
2016-10-29,5,1,12.0,15.0,0,75.0,87.0,31.0,1.13244134187,106.0,16.2433418312,68.0
2016-10-30,6,1,14.0,18.0,1,75.0,87.3076923077,31.0,1.06257378985,106.0,15.8375630186,59.0
2016-10-31,0,0,12.0,17.0,0,75.0,84.0,31.0,0.921183243994,106.0,16.8796645975,96.0
