time_stamp,dayofweek,holiday,lt,ht,sunny,m2M,w2A,m1L,d3w3,m1Lar,w2Std,pay_sum
2016-08-01,0,0,25.0,29.0,1,56.0,63.4615384615,32.0,1.07162089391,89.0,12.1441051519,63.0
2016-08-02,1,0,25.0,31.0,0,56.0,63.6923076923,32.0,1.03847188593,89.0,12.1045739313,70.0
2016-08-03,2,0,25.0,30.0,1,56.0,65.1538461538,32.0,1.01703940362,89.0,11.6212415188,68.0
2016-08-04,3,0,25.0,30.0,1,56.0,65.6923076923,35.0,1.06433677522,89.0,11.5783924444,52.0
2016-08-05,4,0,25.0,30.0,1,56.0,64.9230769231,35.0,1.004493788,89.0,12.1177653339,74.0
2016-08-06,5,1,26.0,30.0,0,57.0,63.7692307692,35.0,1.02564102564,89.0,10.3563718488,71.0
2016-08-07,6,1,26.0,30.0,1,57.0,63.2307692308,35.0,1.02925809822,89.0,9.76771641806,90.0
2016-08-08,0,0,26.0,29.0,0,57.0,64.5384615385,35.0,1.1931962427,90.0,11.8945067128,45.0
2016-08-09,1,0,26.0,30.0,1,57.0,64.7692307692,35.0,1.05803800719,90.0,11.4767580933,56.0
2016-08-10,2,0,27.0,31.0,1,57.0,65.2307692308,42.0,0.977232028652,90.0,10.9835810761,85.0
2016-08-11,3,0,27.0,31.0,1,58.0,67.1538461538,42.0,0.934438583271,90.0,12.0374170105,62.0
2016-08-12,4,0,27.0,32.0,1,58.0,66.6153846154,42.0,1.01984426024,90.0,12.0991955329,92.0
2016-08-13,5,1,27.0,31.0,1,58.0,68.1538461538,42.0,1.19799498747,92.0,13.8333273924,66.0
2016-08-14,6,1,26.0,31.0,1,58.0,68.7692307692,42.0,1.11279716743,92.0,13.5428314626,69.0
2016-08-15,0,0,26.0,32.0,1,59.0,69.2307692308,42.0,1.15169964485,92.0,13.4402028725,71.0
2016-08-16,1,0,25.0,32.0,1,60.0,69.3076923077,42.0,1.02258624969,92.0,13.447245159,104.0
2016-08-17,2,0,26.0,30.0,1,60.0,72.0769230769,42.0,1.16439990456,104.0,16.2975294893,75.0
2016-08-18,3,0,26.0,31.0,1,61.0,73.8461538462,42.0,1.18035882908,104.0,15.2358188987,80.0
2016-08-19,4,0,25.0,30.0,0,61.0,74.3076923077,42.0,1.21339892246,104.0,15.324111797,78.0
2016-08-20,5,1,25.0,29.0,0,61.0,74.8461538462,42.0,1.08700723116,104.0,15.321408621,87.0
2016-08-21,6,1,26.0,30.0,0,61.0,74.6153846154,42.0,1.12025605853,104.0,15.1125951625,83.0
2016-08-22,0,0,24.0,32.0,1,62.0,77.5384615385,42.0,1.11862877763,104.0,12.5613288409,79.0
2016-08-23,1,0,25.0,31.0,1,62.0,79.3076923077,42.0,1.11634162744,104.0,10.9149482213,89.0
2016-08-24,2,0,25.0,31.0,1,62.0,79.6153846154,42.0,1.10963748895,104.0,11.1254279886,73.0
2016-08-25,3,0,22.0,30.0,0,62.0,80.4615384615,45.0,1.05079572705,104.0,10.1270041482,75.0
2016-08-26,4,0,21.0,29.0,1,62.0,79.1538461538,45.0,1.03267973856,104.0,9.63843391242,70.0
2016-08-27,5,1,19.0,29.0,1,63.0,79.4615384615,45.0,0.950512317419,104.0,9.2704276278,79.0
2016-08-28,6,1,20.0,29.0,1,65.0,80.2307692308,45.0,0.983750548968,104.0,8.77192940932,72.0
2016-08-29,0,0,22.0,29.0,1,66.0,80.3076923077,45.0,0.953613807983,104.0,8.69468993904,70.0
2016-08-30,1,0,22.0,29.0,1,68.0,77.6923076923,45.0,0.945050245884,104.0,5.80960233492,64.0
2016-08-31,2,0,22.0,30.0,1,68.0,76.8461538462,45.0,0.892934547031,104.0,6.84831426586,66.0
2016-09-01,3,0,22.0,29.0,1,68.0,75.7692307692,45.0,0.864677907479,104.0,7.35007949883,65.0
2016-09-02,4,0,21.0,29.0,1,68.0,74.7692307692,45.0,0.858085808581,104.0,7.84615384615,75.0
2016-09-03,5,1,23.0,29.0,1,69.0,73.8461538462,45.0,0.90113735783,104.0,7.01477730165,81.0
2016-09-04,6,1,23.0,29.0,1,69.0,73.6923076923,45.0,0.959201388889,104.0,6.8318779419,80.0
2016-09-05,0,0,23.0,30.0,1,70.0,73.7692307692,45.0,1.01833872708,104.0,6.89653029991,77.0
2016-09-06,1,0,24.0,30.0,1,70.0,72.8461538462,45.0,1.04523495828,104.0,5.44689260526,67.0
2016-09-07,2,0,21.0,26.0,0,70.0,72.3846153846,56.0,0.988962472406,104.0,5.66417162846,62.0
2016-09-08,3,0,22.0,29.0,1,70.0,71.3846153846,62.0,0.920464700626,104.0,6.23314294766,72.0
2016-09-09,4,0,24.0,30.0,1,70.0,71.5384615385,62.0,0.901749663526,104.0,6.22174084735,71.0
2016-09-10,5,1,21.0,27.0,0,70.0,70.9230769231,62.0,0.92970521542,104.0,5.8370374264,92.0
2016-09-11,6,1,22.0,27.0,1,71.0,72.4615384615,62.0,1.05927428443,104.0,8.11091747267,73.0
2016-09-12,0,0,20.0,28.0,1,71.0,72.6923076923,62.0,1.06811495814,104.0,8.0802191077,26.0
2016-09-13,1,0,21.0,27.0,1,71.0,69.7692307692,26.0,0.903073286052,104.0,14.7864482975,65.0
2016-09-14,2,0,21.0,28.0,1,71.0,69.6923076923,26.0,0.779838326201,104.0,14.8084415395,76.0
2016-09-15,3,1,22.0,27.0,1,71.0,70.5384615385,26.0,0.793537657401,92.0,14.8304021659,43.0
2016-09-16,4,1,22.0,27.0,1,71.0,68.0769230769,26.0,0.891472868217,92.0,16.4525496666,51.0
2016-09-17,5,1,20.0,29.0,1,71.0,65.7692307692,26.0,0.840751730959,92.0,16.5815181923,77.0
2016-09-18,6,0,19.0,27.0,1,71.0,65.5384615385,26.0,0.842572062084,92.0,16.4017606213,71.0
2016-09-19,0,0,17.0,26.0,1,71.0,65.0769230769,26.0,0.979812900049,92.0,16.1553112889,50.0
2016-09-20,1,0,19.0,26.0,1,71.0,63.7692307692,26.0,0.985074626866,92.0,16.6278443311,65.0
2016-09-21,2,0,19.0,24.0,1,71.0,64.0,26.0,0.926064227035,92.0,16.6225055966,62.0
2016-09-22,3,0,20.0,25.0,1,71.0,63.2307692308,26.0,0.883233532934,92.0,16.4651326055,66.0
2016-09-23,4,0,21.0,25.0,1,71.0,62.8461538462,26.0,0.969605626727,92.0,16.3370562919,61.0
2016-09-24,5,1,21.0,25.0,1,71.0,60.4615384615,26.0,0.964039785769,92.0,14.0033808259,77.0
2016-09-25,6,1,22.0,25.0,1,71.0,60.7692307692,26.0,1.04294478528,92.0,14.3159612168,60.0
2016-09-26,0,0,21.0,25.0,1,71.0,63.3846153846,26.0,1.02564102564,92.0,10.2547434543,67.0
2016-09-27,1,0,16.0,25.0,1,71.0,63.5384615385,26.0,1.05672105672,92.0,10.292756113,49.0
2016-09-28,2,0,13.0,18.0,1,71.0,61.4615384615,26.0,0.920983778127,92.0,10.292756113,46.0
2016-09-29,3,0,15.0,22.0,1,71.0,61.6923076923,26.0,0.865384615385,92.0,9.90248310262,67.0
2016-09-30,4,0,16.0,21.0,1,71.0,62.9230769231,26.0,0.868167202572,92.0,9.48246591153,64.0
2016-10-01,5,1,19.0,23.0,1,71.0,61.9230769231,26.0,0.970394736842,92.0,8.58855713199,66.0
2016-10-02,6,1,15.0,21.0,0,71.0,61.5384615385,26.0,1.08629721533,92.0,8.2798679348,42.0
2016-10-03,0,1,18.0,24.0,1,71.0,60.9230769231,26.0,0.936054421769,92.0,9.34354189523,58.0
2016-10-04,1,1,19.0,25.0,1,70.0,60.3846153846,26.0,0.908593322386,92.0,9.29465074892,46.0
2016-10-05,2,1,16.0,24.0,1,70.0,59.1538461538,26.0,0.819304152637,92.0,10.0295421619,57.0
2016-10-06,3,1,16.0,21.0,1,69.0,58.4615384615,26.0,0.892956184138,92.0,9.84194621635,68.0
2016-10-07,4,1,15.0,22.0,1,69.0,59.0,26.0,0.935192780968,92.0,10.1526805858,79.0
2016-10-08,5,0,12.0,19.0,1,70.0,59.1538461538,26.0,1.11384111384,92.0,10.4354879275,57.0
2016-10-09,6,0,13.0,18.0,1,69.0,58.9230769231,26.0,1.12676056338,92.0,10.4473886208,57.0
2016-10-10,0,0,15.0,19.0,1,69.0,58.1538461538,26.0,1.05985722131,79.0,10.1893319313,52.0
2016-10-11,1,0,15.0,22.0,1,68.0,58.3846153846,26.0,0.921454343603,79.0,10.0118273252,56.0
2016-10-12,2,0,16.0,20.0,1,68.0,59.1538461538,42.0,0.92050209205,79.0,9.39595783668,69.0
2016-10-13,3,0,16.0,22.0,1,68.0,59.3076923077,42.0,0.984974958264,79.0,9.53846153846,64.0
2016-10-14,4,0,17.0,22.0,1,67.0,59.3076923077,42.0,1.04912572856,79.0,9.53846153846,57.0
2016-10-15,5,1,17.0,21.0,1,67.0,58.6153846154,42.0,1.07253739769,79.0,9.35240373494,64.0
2016-10-16,6,1,15.0,19.0,0,67.0,60.3076923077,42.0,1.04078762307,79.0,8.09923657736,73.0
2016-10-17,0,0,16.0,23.0,1,67.0,61.4615384615,42.0,1.08592219423,79.0,8.73203989398,53.0
2016-10-18,1,0,16.0,21.0,1,66.0,62.0,42.0,1.059972106,79.0,7.94209815332,71.0
2016-10-19,2,0,16.0,22.0,1,66.0,63.0769230769,42.0,1.07650273224,79.0,8.13786532642,79.0
2016-10-20,3,0,16.0,21.0,1,66.0,63.9230769231,42.0,1.09848484848,79.0,9.11854862322,59.0
2016-10-21,4,0,17.0,20.0,0,66.0,62.3846153846,42.0,1.13556098886,79.0,8.0721597676,59.0
2016-10-22,5,1,11.0,17.0,1,66.0,62.5384615385,42.0,1.07650273224,79.0,7.9866752938,48.0
2016-10-23,6,1,12.0,15.0,0,65.0,61.8461538462,42.0,0.902664491572,79.0,8.78675711464,49.0
2016-10-24,0,0,13.0,17.0,0,65.0,61.6153846154,42.0,0.854560394412,79.0,9.07692307692,57.0
2016-10-25,1,0,13.0,17.0,1,65.0,61.6923076923,42.0,0.836047774159,79.0,9.03314082344,59.0
2016-10-26,2,0,12.0,17.0,0,64.0,60.9230769231,42.0,0.894308943089,79.0,8.80088752921,61.0
2016-10-27,3,0,12.0,15.0,1,64.0,60.6923076923,42.0,0.96484055601,79.0,8.75640087096,64.0
2016-10-28,4,0,9.0,14.0,1,64.0,61.2307692308,42.0,1.01545253863,79.0,8.72797312054,52.0
2016-10-29,5,1,8.0,13.0,1,64.0,60.3076923077,42.0,0.980881130507,79.0,9.01609343499,64.0
2016-10-30,6,1,9.0,16.0,1,64.0,59.6153846154,42.0,0.99173553719,79.0,8.33471388959,48.0
2016-10-31,0,0,3.0,9.0,1,64.0,59.2307692308,42.0,0.906578220011,79.0,8.73678207046,60.0
