time_stamp,dayofweek,holiday,lt,ht,sunny,m2M,w2A,m1L,d3w3,m1Lar,w2Std,pay_sum
2016-08-01,0,0,28.0,34.0,1,23.0,178.846153846,23.0,1.20024494795,217.0,24.1560508548,159.0
2016-08-02,1,0,28.0,34.0,0,23.0,178.076923077,23.0,1.07975700568,217.0,24.612259417,179.0
2016-08-03,2,0,26.0,32.0,0,23.0,178.307692308,23.0,0.961214165261,217.0,24.605767352,134.0
2016-08-04,3,0,27.0,32.0,0,23.0,176.538461538,23.0,0.890398038106,217.0,26.8030290614,150.0
2016-08-05,4,0,27.0,33.0,0,23.0,171.384615385,23.0,0.883925162276,217.0,24.9014626124,199.0
2016-08-06,5,1,27.0,33.0,1,23.0,170.076923077,23.0,0.913993755322,217.0,22.8892367667,207.0
2016-08-07,6,1,27.0,34.0,1,23.0,173.230769231,23.0,1.05512857007,217.0,24.8507973751,189.0
2016-08-08,0,0,27.0,34.0,0,23.0,175.307692308,23.0,1.11989459816,217.0,24.9534477821,120.0
2016-08-09,1,0,28.0,34.0,1,23.0,172.769230769,23.0,0.98482679645,217.0,28.5176162726,377.0
2016-08-10,2,0,28.0,34.0,1,23.0,188.076923077,23.0,1.23804367443,377.0,61.5248061772,305.0
2016-08-11,3,0,28.0,35.0,1,23.0,200.538461538,23.0,1.39163630054,377.0,67.2705391965,275.0
2016-08-12,4,0,28.0,34.0,1,23.0,206.615384615,120.0,1.6358974359,377.0,70.0950327018,322.0
2016-08-13,5,1,28.0,35.0,1,120.0,214.692307692,120.0,1.50108171077,377.0,76.5761407061,339.0
2016-08-14,6,1,28.0,36.0,1,134.0,227.307692308,120.0,1.49318018665,377.0,82.2934567129,317.0
2016-08-15,0,0,28.0,35.0,1,143.0,239.461538462,120.0,1.50438394093,377.0,82.9722987922,199.0
2016-08-16,1,0,28.0,35.0,1,150.0,241.0,120.0,1.30136986301,377.0,82.0168838153,204.0
2016-08-17,2,0,28.0,35.0,1,153.0,246.384615385,120.0,1.08942351339,377.0,76.9570694124,212.0
2016-08-18,3,0,28.0,36.0,1,157.0,251.153846154,120.0,0.916201117318,377.0,72.635916263,193.0
2016-08-19,4,0,29.0,36.0,1,158.0,250.692307692,120.0,0.907871198569,377.0,72.9840705648,207.0
2016-08-20,5,1,28.0,37.0,0,159.0,250.692307692,120.0,0.914388166741,377.0,72.9840705648,226.0
2016-08-21,6,1,28.0,35.0,0,160.0,253.538461538,120.0,0.924735948002,377.0,71.2229601966,203.0
2016-08-22,0,0,28.0,35.0,1,162.0,259.923076923,120.0,0.930436690805,377.0,62.1022253267,208.0
2016-08-23,1,0,26.0,34.0,1,166.0,246.923076923,120.0,0.926006687018,377.0,53.2980899332,194.0
2016-08-24,2,0,26.0,34.0,1,168.0,238.384615385,120.0,0.86813029129,377.0,52.1897992708,200.0
2016-08-25,3,0,27.0,35.0,1,169.0,232.615384615,120.0,0.854628052243,377.0,51.9682424645,194.0
2016-08-26,4,0,26.0,34.0,0,175.0,222.769230769,120.0,0.835642720102,377.0,45.8679607404,192.0
2016-08-27,5,1,23.0,31.0,1,176.0,211.461538462,120.0,0.835471913316,377.0,31.7747247997,220.0
2016-08-28,6,1,22.0,30.0,1,178.0,204.0,120.0,0.858296154663,377.0,10.1375160059,181.0
2016-08-29,0,0,23.0,31.0,1,179.0,202.615384615,120.0,0.829138702461,377.0,11.8161458088,183.0
2016-08-30,1,0,23.0,31.0,1,181.0,201.0,120.0,0.851187873488,377.0,12.9019974601,180.0
2016-08-31,2,0,25.0,34.0,1,181.0,198.538461538,120.0,0.815164456432,377.0,13.6021230504,207.0
2016-09-01,3,0,26.0,33.0,1,183.0,199.615384615,120.0,0.867381876284,377.0,13.6750106823,149.0
2016-09-02,4,0,25.0,34.0,1,183.0,195.153846154,120.0,0.84917617237,377.0,18.9730422274,173.0
2016-09-03,5,1,25.0,35.0,1,183.0,191.076923077,120.0,0.872505360383,377.0,17.5475684858,189.0
2016-09-04,6,1,25.0,33.0,1,189.0,190.0,120.0,0.870379833078,377.0,17.2091210163,187.0
2016-09-05,0,0,25.0,30.0,0,189.0,188.384615385,120.0,0.937980522809,377.0,16.4107772353,146.0
2016-09-06,1,0,22.0,27.0,0,189.0,184.692307692,120.0,0.905306971904,377.0,19.7849383871,187.0
2016-09-07,2,0,20.0,24.0,0,189.0,183.692307692,146.0,0.907741991795,377.0,19.3087649104,130.0
2016-09-08,3,0,22.0,29.0,1,189.0,178.769230769,130.0,0.821796237132,339.0,23.7102828915,162.0
2016-09-09,4,0,23.0,31.0,1,189.0,176.461538462,130.0,0.860504805533,339.0,23.7701020502,185.0
2016-09-10,5,1,24.0,29.0,1,189.0,173.769230769,130.0,0.866485013624,339.0,20.4343370379,202.0
2016-09-11,6,1,23.0,26.0,0,189.0,175.384615385,130.0,0.997547015536,339.0,21.7310074868,147.0
2016-09-12,0,0,23.0,29.0,1,189.0,172.615384615,130.0,0.986696230599,317.0,22.849132155,161.0
2016-09-13,1,0,23.0,30.0,1,189.0,171.153846154,130.0,0.951048951049,226.0,22.9375277115,143.0
2016-09-14,2,0,22.0,24.0,0,189.0,166.230769231,130.0,0.854652264544,226.0,21.541208616,172.0
2016-09-15,3,1,23.0,26.0,0,187.0,168.0,130.0,0.907704042715,226.0,20.9908404933,126.0
2016-09-16,4,1,23.0,27.0,0,187.0,164.384615385,126.0,0.857142857143,226.0,23.6920579407,120.0
2016-09-17,5,1,23.0,27.0,0,187.0,159.076923077,120.0,0.836836836837,226.0,25.2600674171,162.0
2016-09-18,6,0,23.0,28.0,0,187.0,157.153846154,120.0,0.821504077318,226.0,23.9802680226,150.0
2016-09-19,0,0,21.0,27.0,0,187.0,157.461538462,120.0,0.878584502746,220.0,23.8605415652,159.0
2016-09-20,1,0,20.0,26.0,1,187.0,155.307692308,120.0,0.964077371815,220.0,22.3103446699,153.0
2016-09-21,2,0,20.0,27.0,1,185.0,157.076923077,120.0,0.961598501405,220.0,21.1131076256,153.0
2016-09-22,3,0,21.0,27.0,1,185.0,156.384615385,120.0,0.966635484877,220.0,21.0878691397,122.0
2016-09-23,4,0,21.0,27.0,1,185.0,151.538461538,120.0,0.904098014364,220.0,21.1936688101,204.0
2016-09-24,5,1,22.0,28.0,1,187.0,151.692307692,120.0,1.0070429938,220.0,21.5634470463,200.0
2016-09-25,6,1,23.0,29.0,1,187.0,155.769230769,120.0,1.1013400335,220.0,25.023539214,201.0
2016-09-26,0,0,24.0,31.0,1,189.0,158.846153846,120.0,1.2452403005,207.0,27.7844620492,126.0
2016-09-27,1,0,25.0,30.0,0,187.0,157.538461538,120.0,1.10551709671,207.0,28.8780336658,163.0
2016-09-28,2,0,22.0,28.0,0,187.0,156.846153846,120.0,1.01733624001,207.0,28.6298557288,168.0
2016-09-29,3,0,22.0,25.0,0,187.0,160.076923077,120.0,0.947052118951,207.0,27.3058504254,130.0
2016-09-30,4,0,23.0,28.0,0,187.0,160.846153846,120.0,0.971958675943,204.0,26.2878917838,220.0
2016-10-01,5,1,24.0,29.0,0,187.0,165.307692308,120.0,1.08595387841,220.0,30.6628931732,164.0
2016-10-02,6,1,24.0,32.0,1,187.0,166.384615385,120.0,1.07183818163,220.0,30.3506138869,143.0
2016-10-03,0,1,22.0,26.0,1,187.0,165.153846154,120.0,1.10516934046,220.0,30.9437359234,112.0
2016-10-04,1,1,22.0,26.0,1,187.0,162.0,112.0,0.887335874629,220.0,33.9637816142,117.0
2016-10-05,2,1,22.0,27.0,1,185.0,159.230769231,112.0,0.801810539929,220.0,35.9917807843,117.0
2016-10-06,3,1,22.0,26.0,0,183.0,158.846153846,112.0,0.74794638997,220.0,36.4118453969,138.0
2016-10-07,4,1,20.0,25.0,0,183.0,153.769230769,112.0,0.79948420374,220.0,34.3021727192,129.0
2016-10-08,5,0,17.0,22.0,0,181.0,148.307692308,112.0,0.834147930922,220.0,32.0873438155,148.0
2016-10-09,6,0,18.0,22.0,1,180.0,144.230769231,112.0,0.902075861319,220.0,28.2738091531,120.0
2016-10-10,0,0,18.0,22.0,1,173.0,143.769230769,112.0,0.87406428886,220.0,28.6145574736,173.0
2016-10-11,1,0,19.0,25.0,1,173.0,144.538461538,112.0,0.964566929134,220.0,29.2485775712,146.0
2016-10-12,2,0,19.0,23.0,1,172.0,142.846153846,112.0,0.962402718404,220.0,28.4681904908,154.0
2016-10-13,3,0,19.0,23.0,1,168.0,144.692307692,112.0,1.02614166395,220.0,28.3532242513,166.0
2016-10-14,4,0,19.0,23.0,0,166.0,140.538461538,112.0,1.02361339923,220.0,19.6297081941,199.0
2016-10-15,5,1,21.0,25.0,1,166.0,143.230769231,112.0,1.14040870138,220.0,24.4671014477,210.0
2016-10-16,6,1,20.0,26.0,1,166.0,148.384615385,112.0,1.2597217658,220.0,30.249064732,200.0
2016-10-17,0,0,20.0,25.0,1,166.0,155.153846154,112.0,1.30253448829,220.0,31.1814692352,143.0
2016-10-18,1,0,20.0,25.0,1,164.0,157.153846154,112.0,1.19039931116,220.0,29.4562156268,162.0
2016-10-19,2,0,20.0,24.0,0,163.0,160.615384615,112.0,1.08918365146,220.0,27.0826042991,143.0
2016-10-20,3,0,20.0,23.0,0,162.0,161.0,112.0,0.962199312715,220.0,26.7926511164,169.0
2016-10-21,4,0,0.0,21.0,0,162.0,164.076923077,112.0,1.03504749427,220.0,25.1899294239,168.0
2016-10-22,5,1,19.0,23.0,0,162.0,165.615384615,112.0,1.04677788682,220.0,24.7682751846,166.0
2016-10-23,6,1,18.0,23.0,1,162.0,169.153846154,112.0,1.08874458874,220.0,20.9976048226,176.0
2016-10-24,0,0,20.0,24.0,1,162.0,169.384615385,112.0,1.08142493639,220.0,21.0550138795,143.0
2016-10-25,1,0,18.0,22.0,1,162.0,169.153846154,112.0,1.01997896951,220.0,21.324764058,154.0
2016-10-26,2,0,19.0,21.0,0,162.0,169.153846154,112.0,0.983265772789,220.0,21.324764058,124.0
2016-10-27,3,0,18.0,22.0,0,161.0,165.923076923,112.0,0.879006159307,220.0,24.5026263536,177.0
2016-10-28,4,0,15.0,20.0,0,161.0,164.230769231,112.0,0.93592512599,220.0,22.8646648654,161.0
2016-10-29,5,1,13.0,17.0,1,161.0,160.461538462,112.0,0.946527350953,220.0,18.6614179716,191.0
2016-10-30,6,1,14.0,18.0,1,161.0,159.769230769,112.0,1.06065162907,210.0,17.2989721622,168.0
2016-10-31,0,0,13.0,17.0,0,161.0,161.692307692,112.0,1.04417670683,210.0,16.7073664793,138.0
