time_stamp,dayofweek,holiday,lt,ht,sunny,m2M,w2A,m1L,d3w3,m1Lar,w2Std,pay_sum
2016-08-01,0,0,28.0,34.0,1,113.0,129.846153846,91.0,1.17631403859,170.0,18.6169738673,122.0
2016-08-02,1,0,28.0,34.0,0,113.0,130.846153846,91.0,1.04523146306,170.0,17.8016686938,133.0
2016-08-03,2,0,26.0,32.0,0,114.0,133.384615385,91.0,1.06108478146,170.0,15.4149700543,103.0
2016-08-04,3,0,27.0,32.0,0,114.0,131.461538462,100.0,0.952001063688,170.0,17.3985648595,107.0
2016-08-05,4,0,27.0,33.0,0,114.0,130.846153846,100.0,0.917234924455,170.0,18.0973697785,116.0
2016-08-06,5,1,27.0,33.0,1,114.0,130.0,100.0,0.869681205816,170.0,18.5098726256,119.0
2016-08-07,6,1,27.0,34.0,1,114.0,128.846153846,100.0,0.910906911706,170.0,18.6911997139,97.0
2016-08-08,0,0,27.0,34.0,0,114.0,125.846153846,97.0,0.89067739772,170.0,20.3577471696,130.0
2016-08-09,1,0,28.0,34.0,1,114.0,127.153846154,97.0,0.920457568502,170.0,20.0339947775,112.0
2016-08-10,2,0,28.0,34.0,1,114.0,123.846153846,97.0,0.897537728356,170.0,18.6664905599,112.0
2016-08-11,3,0,28.0,35.0,1,114.0,122.538461538,97.0,0.943245403677,170.0,18.8541584257,141.0
2016-08-12,4,0,28.0,34.0,1,114.0,120.307692308,97.0,0.962552742616,170.0,14.2633722164,160.0
2016-08-13,5,1,28.0,35.0,1,115.0,123.076923077,97.0,1.07510087206,170.0,17.7740586182,135.0
2016-08-14,6,1,28.0,36.0,1,115.0,122.076923077,97.0,1.13453031486,170.0,16.6754611905,159.0
2016-08-15,0,0,28.0,35.0,1,115.0,124.923076923,97.0,1.17085751128,170.0,19.3607912206,130.0
2016-08-16,1,0,28.0,35.0,1,115.0,124.692307692,97.0,1.08634383807,170.0,19.2808578463,142.0
2016-08-17,2,0,28.0,35.0,1,116.0,127.692307692,97.0,1.10982361272,170.0,18.6975301346,179.0
2016-08-18,3,0,28.0,36.0,1,116.0,133.230769231,97.0,1.13932044967,179.0,22.1017014526,136.0
2016-08-19,4,0,29.0,36.0,1,119.0,134.769230769,97.0,1.16954574536,179.0,21.5376373469,147.0
2016-08-20,5,1,28.0,37.0,0,119.0,136.923076923,97.0,1.17199391172,179.0,21.2511050879,158.0
2016-08-21,6,1,28.0,35.0,0,121.0,141.615384615,97.0,1.11448066717,179.0,18.4705106403,137.0
2016-08-22,0,0,28.0,35.0,1,122.0,142.153846154,97.0,1.11069229803,179.0,18.2244390178,115.0
2016-08-23,1,0,26.0,34.0,1,122.0,142.384615385,97.0,1.03731815307,179.0,17.8564294025,158.0
2016-08-24,2,0,26.0,34.0,1,122.0,145.923076923,97.0,1.01610904585,179.0,15.9396049486,149.0
2016-08-25,3,0,27.0,35.0,1,123.0,146.538461538,97.0,1.02977061981,179.0,15.8920172734,105.0
2016-08-26,4,0,26.0,34.0,0,123.0,142.307692308,97.0,1.00943280657,179.0,18.8001007173,138.0
2016-08-27,5,1,23.0,31.0,1,123.0,142.538461538,97.0,0.953771289538,179.0,18.7272544483,125.0
2016-08-28,6,1,22.0,30.0,1,124.0,139.923076923,97.0,0.886319845857,179.0,18.6195163883,128.0
2016-08-29,0,0,23.0,31.0,1,124.0,139.769230769,97.0,0.942395758014,179.0,18.7089194942,165.0
2016-08-30,1,0,23.0,31.0,1,125.0,141.538461538,97.0,0.988530211659,179.0,19.8866611059,149.0
2016-08-31,2,0,25.0,34.0,1,127.0,139.230769231,97.0,1.03174603175,179.0,16.9258738947,176.0
2016-09-01,3,0,26.0,33.0,1,127.0,142.307692308,97.0,1.12994350282,179.0,19.4990517142,158.0
2016-09-02,4,0,25.0,34.0,1,128.0,143.153846154,97.0,1.11457251644,179.0,19.9184728865,160.0
2016-09-03,5,1,25.0,35.0,1,128.0,143.307692308,97.0,1.13017616106,179.0,20.0399010261,142.0
2016-09-04,6,1,25.0,33.0,1,128.0,143.692307692,97.0,1.05856633299,179.0,19.9629834959,150.0
2016-09-05,0,0,25.0,30.0,0,128.0,146.384615385,97.0,1.03302479717,179.0,18.1935680162,131.0
2016-09-06,1,0,22.0,27.0,0,129.0,144.307692308,105.0,0.970406056435,179.0,18.2899073278,140.0
2016-09-07,2,0,20.0,24.0,0,130.0,143.615384615,105.0,0.978955935356,179.0,18.2695141678,160.0
2016-09-08,3,0,22.0,29.0,1,130.0,147.846153846,105.0,0.993889081056,179.0,14.893706228,129.0
2016-09-09,4,0,23.0,31.0,1,130.0,147.153846154,105.0,0.995475113122,179.0,15.5308435248,165.0
2016-09-10,5,1,24.0,29.0,1,131.0,150.230769231,105.0,1.05092592593,179.0,14.7812451133,132.0
2016-09-11,6,1,23.0,26.0,0,132.0,150.538461538,105.0,0.987826086957,179.0,14.3506386061,132.0
2016-09-12,0,0,23.0,29.0,1,132.0,148.0,105.0,0.988934993084,179.0,14.486067577,122.0
2016-09-13,1,0,23.0,30.0,1,132.0,145.923076923,105.0,0.901027077498,179.0,16.0454236872,140.0
2016-09-14,2,0,22.0,24.0,0,133.0,143.153846154,105.0,0.922608593841,179.0,13.5240307706,154.0
2016-09-15,3,1,23.0,26.0,0,134.0,142.846153846,105.0,0.957642725599,179.0,13.2249539993,145.0
2016-09-16,4,1,23.0,27.0,0,135.0,141.692307692,105.0,1.00815248593,176.0,12.2999975947,114.0
2016-09-17,5,1,23.0,27.0,0,135.0,139.538461538,105.0,0.952051636699,176.0,14.3399140895,128.0
2016-09-18,6,0,23.0,28.0,0,135.0,137.846153846,105.0,0.892116182573,176.0,14.3035560605,151.0
2016-09-19,0,0,21.0,27.0,0,136.0,139.384615385,105.0,0.910354412787,176.0,14.5577812211,128.0
2016-09-20,1,0,20.0,26.0,1,136.0,138.461538462,105.0,0.949714152374,176.0,14.8666657822,113.0
2016-09-21,2,0,20.0,27.0,1,136.0,134.846153846,105.0,0.935337628251,176.0,14.9040322569,108.0
2016-09-22,3,0,21.0,27.0,1,136.0,133.230769231,105.0,0.847910592809,176.0,16.5024652991,137.0
2016-09-23,4,0,21.0,27.0,1,136.0,131.076923077,105.0,0.877128506676,176.0,13.8256258084,118.0
2016-09-24,5,1,22.0,28.0,1,136.0,130.0,108.0,0.897293288839,176.0,14.2505060639,100.0
2016-09-25,6,1,23.0,29.0,1,135.0,127.538461538,100.0,0.894093942828,176.0,16.3076923077,129.0
2016-09-26,0,0,24.0,31.0,1,135.0,128.076923077,100.0,0.874606175173,176.0,16.2313160681,148.0
2016-09-27,1,0,25.0,30.0,0,135.0,128.692307692,100.0,0.947355195376,176.0,16.8129282462,110.0
2016-09-28,2,0,22.0,28.0,0,135.0,125.307692308,100.0,0.991164041491,176.0,15.7742956219,156.0
2016-09-29,3,0,22.0,25.0,0,135.0,126.153846154,100.0,1.04942965779,176.0,17.0512627723,183.0
2016-09-30,4,0,23.0,28.0,0,136.0,131.461538462,100.0,1.13041289023,183.0,22.3559160458,173.0
2016-10-01,5,1,24.0,29.0,0,137.0,134.923076923,100.0,1.26936903434,183.0,24.8919558785,210.0
2016-10-02,6,1,24.0,32.0,1,137.0,139.461538462,100.0,1.36369112155,210.0,31.8231057437,178.0
2016-10-03,0,1,22.0,26.0,1,138.0,143.307692308,100.0,1.32483173928,210.0,33.197276569,135.0
2016-10-04,1,1,22.0,26.0,1,138.0,145.0,100.0,1.23728412586,210.0,32.1534780987,153.0
2016-10-05,2,1,22.0,27.0,1,140.0,148.461538462,100.0,1.10282806768,210.0,30.3558773542,164.0
2016-10-06,3,1,22.0,26.0,0,140.0,150.538461538,100.0,1.06252938411,210.0,30.4242195643,145.0
2016-10-07,4,1,20.0,25.0,0,141.0,152.615384615,100.0,1.07429368678,210.0,29.0213143464,148.0
2016-10-08,5,0,17.0,22.0,0,142.0,156.307692308,100.0,1.05530539199,210.0,24.8453203004,128.0
2016-10-09,6,0,18.0,22.0,1,142.0,156.230769231,100.0,0.979981378026,210.0,24.931147791,128.0
2016-10-10,0,0,18.0,22.0,1,142.0,154.692307692,100.0,0.940409683426,210.0,25.9863414283,125.0
2016-10-11,1,0,19.0,25.0,1,140.0,155.846153846,100.0,0.883171070932,210.0,24.2513953725,109.0
2016-10-12,2,0,19.0,23.0,1,140.0,152.230769231,100.0,0.838836751246,210.0,27.27397702,102.0
2016-10-13,3,0,19.0,23.0,1,140.0,146.0,100.0,0.788177339901,210.0,28.7455682203,102.0
2016-10-14,4,0,19.0,23.0,0,140.0,140.538461538,100.0,0.738381693796,210.0,29.8215600495,87.0
2016-10-15,5,1,21.0,25.0,1,138.0,131.076923077,87.0,0.689655172414,210.0,25.4783816008,106.0
2016-10-16,6,1,20.0,26.0,1,137.0,125.538461538,87.0,0.704898446834,210.0,22.3042437653,119.0
2016-10-17,0,0,20.0,25.0,1,137.0,124.307692308,87.0,0.753350235422,210.0,22.1893412229,129.0
2016-10-18,1,0,20.0,25.0,1,137.0,122.461538462,87.0,0.848920863309,210.0,20.6718514843,107.0
2016-10-19,2,0,20.0,24.0,0,135.0,118.076923077,87.0,0.866593433419,210.0,17.1395248945,129.0
2016-10-20,3,0,20.0,23.0,0,132.0,116.846153846,87.0,0.908977711368,210.0,15.6738201806,113.0
2016-10-21,4,0,0.0,21.0,0,132.0,114.153846154,87.0,0.889058718635,210.0,12.8413164545,173.0
2016-10-22,5,1,19.0,23.0,0,132.0,117.615384615,87.0,1.07235142119,210.0,20.1132886097,123.0
2016-10-23,6,1,18.0,23.0,1,132.0,117.230769231,87.0,1.0798679868,210.0,19.9582404271,123.0
2016-10-24,0,0,20.0,24.0,1,132.0,117.076923077,87.0,1.1115532564,210.0,19.9053975612,122.0
2016-10-25,1,0,18.0,22.0,1,131.0,118.076923077,87.0,0.98845017459,210.0,19.8007829622,109.0
2016-10-26,2,0,19.0,21.0,0,131.0,118.615384615,87.0,0.972393901937,210.0,19.4483080598,106.0
2016-10-27,3,0,18.0,22.0,0,131.0,118.923076923,87.0,0.940815187046,210.0,19.2132227644,130.0
2016-10-28,4,0,15.0,20.0,0,130.0,122.230769231,87.0,0.970464135021,210.0,17.0074818204,139.0
2016-10-29,5,1,13.0,17.0,1,130.0,124.769230769,87.0,1.04997900042,210.0,16.8575655061,108.0
2016-10-30,6,1,14.0,18.0,1,129.0,123.923076923,87.0,1.06452068333,210.0,17.3934626909,109.0
2016-10-31,0,0,13.0,17.0,0,129.0,122.384615385,87.0,1.01208244492,178.0,17.7570720973,92.0
