time_stamp,dayofweek,holiday,lt,ht,sunny,m2M,w2A,m1L,d3w3,m1Lar,w2Std,pay_sum
2016-08-01,0,0,28.0,34.0,1,156.0,162.230769231,120.0,1.21097842028,202.0,25.2834815219,231.0
2016-08-02,1,0,28.0,34.0,0,156.0,170.153846154,120.0,1.24245215433,231.0,29.1569919147,281.0
2016-08-03,2,0,26.0,32.0,0,156.0,181.538461538,120.0,1.34465261514,281.0,39.4902429714,433.0
2016-08-04,3,0,27.0,32.0,0,156.0,202.0,120.0,1.7091698318,433.0,77.3861446553,612.0
2016-08-05,4,0,27.0,33.0,0,163.0,237.076923077,120.0,2.14719455915,612.0,132.38664907,696.0
2016-08-06,5,1,27.0,33.0,1,163.0,275.769230769,120.0,2.49874416936,696.0,179.110259916,215.0
2016-08-07,6,1,27.0,34.0,1,163.0,279.230769231,120.0,2.16166347314,696.0,177.459921302,211.0
2016-08-08,0,0,27.0,34.0,0,166.0,285.615384615,120.0,1.56223893066,696.0,173.349597174,440.0
2016-08-09,1,0,28.0,34.0,1,166.0,307.769230769,120.0,1.13202614379,696.0,173.261098588,407.0
2016-08-10,2,0,28.0,34.0,1,166.0,326.076923077,120.0,1.31249224662,696.0,170.17749175,319.0
2016-08-11,3,0,28.0,35.0,1,166.0,340.230769231,120.0,1.40668355652,696.0,161.106822587,277.0
2016-08-12,4,0,28.0,34.0,1,167.0,346.0,120.0,1.1841095567,696.0,157.352617245,270.0
2016-08-13,5,1,28.0,35.0,1,168.0,351.461538462,120.0,1.00861868157,696.0,153.336540572,249.0
2016-08-14,6,1,28.0,36.0,1,168.0,357.0,120.0,0.914469527256,696.0,148.147535611,224.0
2016-08-15,0,0,28.0,35.0,1,168.0,356.461538462,120.0,0.839690342996,696.0,148.616499438,226.0
2016-08-16,1,0,28.0,35.0,1,168.0,352.230769231,120.0,0.78017746526,696.0,151.460151574,260.0
2016-08-17,2,0,28.0,35.0,1,168.0,338.923076923,128.0,0.780562884785,696.0,151.379025851,305.0
2016-08-18,3,0,28.0,36.0,1,168.0,315.307692308,128.0,0.845898834349,696.0,129.267989146,329.0
2016-08-19,4,0,29.0,36.0,1,169.0,287.076923077,128.0,0.936959597548,696.0,69.1336070323,446.0
2016-08-20,5,1,28.0,37.0,0,170.0,304.846153846,128.0,1.08958837772,696.0,77.5041896176,260.0
2016-08-21,6,1,28.0,35.0,0,177.0,308.615384615,128.0,1.03123598864,696.0,73.9589683141,248.0
2016-08-22,0,0,28.0,35.0,1,177.0,293.846153846,128.0,0.948121645796,696.0,64.8582432384,234.0
2016-08-23,1,0,26.0,34.0,1,177.0,280.538461538,128.0,0.742631236551,696.0,57.6202627081,334.0
2016-08-24,2,0,26.0,34.0,1,177.0,281.692307692,135.0,0.829015544041,696.0,58.5220334777,315.0
2016-08-25,3,0,27.0,35.0,1,177.0,284.615384615,135.0,0.939611598829,696.0,59.1601977184,222.0
2016-08-26,4,0,26.0,34.0,0,181.0,280.923076923,135.0,1.00270534738,696.0,61.4121781189,351.0
2016-08-27,5,1,23.0,31.0,1,186.0,288.769230769,177.0,0.998818964063,696.0,63.3186736901,275.0
2016-08-28,6,1,22.0,30.0,1,193.0,292.692307692,177.0,0.94363767874,696.0,60.7103902087,282.0
2016-08-29,0,0,23.0,31.0,1,199.0,297.0,177.0,1.03777358706,696.0,57.7394679041,228.0
2016-08-30,1,0,23.0,31.0,1,202.0,294.538461538,211.0,0.925598396416,696.0,59.9058432807,239.0
2016-08-31,2,0,25.0,34.0,1,211.0,289.461538462,211.0,0.895825858151,696.0,61.5774876253,280.0
2016-09-01,3,0,26.0,33.0,1,215.0,285.692307692,211.0,0.892953200646,696.0,60.5327433523,198.0
2016-09-02,4,0,25.0,34.0,1,215.0,266.615384615,198.0,0.868301544051,696.0,43.7607805822,292.0
2016-09-03,5,1,25.0,35.0,1,222.0,269.076923077,198.0,0.925258351358,696.0,44.21705473,346.0
2016-09-04,6,1,25.0,33.0,1,224.0,276.615384615,198.0,0.982951205173,446.0,48.1592525842,308.0
2016-09-05,0,0,25.0,30.0,0,226.0,282.307692308,198.0,1.09643022717,446.0,47.1485126862,192.0
2016-09-06,1,0,22.0,27.0,0,226.0,271.384615385,192.0,0.992258972555,446.0,50.2540292476,184.0
2016-09-07,2,0,20.0,24.0,0,226.0,261.307692308,184.0,0.819701599856,446.0,53.525528942,147.0
2016-09-08,3,0,22.0,29.0,1,226.0,255.538461538,147.0,0.647958867621,446.0,60.974919667,169.0
2016-09-09,4,0,23.0,31.0,1,226.0,241.538461538,147.0,0.653082549634,446.0,58.2839407683,249.0
2016-09-10,5,1,24.0,29.0,1,228.0,239.538461538,147.0,0.739577197461,446.0,57.5427805866,285.0
2016-09-11,6,1,23.0,26.0,0,231.0,239.769230769,147.0,0.913580246914,446.0,57.7183530952,207.0
2016-09-12,0,0,23.0,29.0,1,231.0,238.153846154,147.0,0.968058005095,446.0,58.3159117405,138.0
2016-09-13,1,0,23.0,30.0,1,231.0,230.384615385,138.0,0.855920114123,446.0,64.1243245117,107.0
2016-09-14,2,0,22.0,24.0,0,231.0,217.076923077,107.0,0.641271192452,446.0,70.1179901621,170.0
2016-09-15,3,1,23.0,26.0,0,231.0,214.923076923,107.0,0.59536618607,446.0,71.0941537556,138.0
2016-09-16,4,1,23.0,27.0,0,231.0,203.076923077,107.0,0.623966320854,446.0,70.0872659766,183.0
2016-09-17,5,1,23.0,27.0,0,231.0,190.538461538,107.0,0.753876861661,446.0,56.698413198,242.0
2016-09-18,6,0,23.0,28.0,0,234.0,185.461538462,107.0,0.87246242058,351.0,48.2838010495,134.0
2016-09-19,0,0,21.0,27.0,0,234.0,181.0,107.0,0.885614702155,351.0,50.1183215386,127.0
2016-09-20,1,0,20.0,26.0,1,234.0,176.615384615,107.0,0.818684895833,351.0,52.1175276312,151.0
2016-09-21,2,0,20.0,27.0,1,234.0,176.923076923,107.0,0.692378791698,351.0,51.953324523,146.0
2016-09-22,3,0,21.0,27.0,1,234.0,175.153846154,107.0,0.722009365688,351.0,52.5808478643,173.0
2016-09-23,4,0,21.0,27.0,1,234.0,169.307692308,107.0,0.825430277485,351.0,48.0774769199,224.0
2016-09-24,5,1,22.0,28.0,1,234.0,164.615384615,107.0,0.985302123027,351.0,38.5995983669,251.0
2016-09-25,6,1,23.0,29.0,1,239.0,168.0,107.0,1.19435996682,346.0,43.7528021081,231.0
2016-09-26,0,0,24.0,31.0,1,239.0,175.153846154,107.0,1.28738147338,346.0,45.817104891,157.0
2016-09-27,1,0,25.0,30.0,0,239.0,179.0,107.0,1.17387710113,346.0,41.862412,158.0
2016-09-28,2,0,22.0,28.0,0,239.0,178.076923077,107.0,1.0,346.0,42.1817706497,141.0
2016-09-29,3,0,22.0,25.0,0,239.0,178.307692308,107.0,0.841638981174,346.0,41.9695578602,157.0
2016-09-30,4,0,23.0,28.0,0,239.0,176.307692308,107.0,0.863636363636,346.0,42.3163627479,265.0
2016-10-01,5,1,24.0,29.0,0,239.0,178.076923077,107.0,1.07238095238,346.0,45.394783737,224.0
2016-10-02,6,1,24.0,32.0,1,234.0,185.0,107.0,1.22452848071,346.0,45.0059825083,208.0
2016-10-03,0,1,22.0,26.0,1,231.0,191.230769231,107.0,1.29541864139,308.0,42.0551905626,150.0
2016-10-04,1,1,22.0,26.0,1,228.0,191.153846154,107.0,1.06887052342,285.0,42.1295550449,157.0
2016-10-05,2,1,22.0,27.0,1,228.0,192.0,107.0,0.949221269929,285.0,41.3167874244,163.0
2016-10-06,3,1,22.0,26.0,0,228.0,191.230769231,107.0,0.860333150284,285.0,41.7541409207,202.0
2016-10-07,4,1,20.0,25.0,0,226.0,189.538461538,107.0,0.950559956296,285.0,40.8272446453,248.0
2016-10-08,5,0,17.0,22.0,0,226.0,189.307692308,107.0,1.11444414144,285.0,40.4862457469,125.0
2016-10-09,6,0,18.0,22.0,1,224.0,181.153846154,107.0,1.04793147439,285.0,41.9172190685,150.0
2016-10-10,0,0,18.0,22.0,1,224.0,180.615384615,107.0,0.947206375079,265.0,42.2675333879,147.0
2016-10-11,1,0,19.0,25.0,1,224.0,179.769230769,107.0,0.765116489892,265.0,42.8183171554,156.0
2016-10-12,2,0,19.0,23.0,1,222.0,180.923076923,107.0,0.819094114456,265.0,41.9513666019,153.0
2016-10-13,3,0,19.0,23.0,1,208.0,180.615384615,125.0,0.829015544041,265.0,42.1399471752,171.0
2016-10-14,4,0,19.0,23.0,0,207.0,173.384615385,125.0,0.885445489762,265.0,34.3926165188,215.0
2016-10-15,5,1,21.0,25.0,1,207.0,172.692307692,125.0,1.00428544811,265.0,33.444292638,253.0
2016-10-16,6,1,20.0,26.0,1,207.0,176.153846154,125.0,1.18333333333,265.0,38.8168206082,260.0
2016-10-17,0,0,20.0,25.0,1,207.0,184.615384615,125.0,1.31064902331,265.0,43.8555995224,143.0
2016-10-18,1,0,20.0,25.0,1,202.0,183.538461538,125.0,1.18582791034,265.0,44.6845617543,158.0
2016-10-19,2,0,20.0,24.0,0,198.0,183.153846154,125.0,1.00944669366,265.0,44.8807756581,127.0
2016-10-20,3,0,20.0,23.0,0,192.0,177.384615385,125.0,0.77641723356,265.0,46.8640233696,181.0
2016-10-21,4,0,0.0,21.0,0,184.0,172.230769231,125.0,0.865125777406,265.0,42.2741125479,198.0
2016-10-22,5,1,19.0,23.0,0,184.0,177.846153846,125.0,0.94623655914,265.0,40.4357917499,199.0
2016-10-23,6,1,18.0,23.0,1,184.0,181.615384615,125.0,1.08361454818,265.0,39.9452287736,259.0
2016-10-24,0,0,20.0,24.0,1,184.0,190.230769231,125.0,1.19326966803,265.0,43.4726330291,148.0
2016-10-25,1,0,18.0,22.0,1,183.0,189.615384615,125.0,1.10503282276,265.0,44.0061856868,134.0
2016-10-26,2,0,19.0,21.0,0,181.0,188.153846154,125.0,0.99439389762,265.0,45.4885381233,149.0
2016-10-27,3,0,18.0,22.0,0,173.0,186.461538462,125.0,0.803954486103,265.0,46.4933665816,159.0
2016-10-28,4,0,15.0,20.0,0,171.0,182.153846154,125.0,0.845528455285,265.0,46.2432467483,242.0
2016-10-29,5,1,13.0,17.0,1,171.0,181.307692308,125.0,1.01795298908,265.0,45.0237281294,277.0
2016-10-30,6,1,14.0,18.0,1,171.0,182.615384615,125.0,1.21212121212,277.0,47.4707010231,215.0
2016-10-31,0,0,13.0,17.0,0,171.0,188.153846154,125.0,1.28873672197,277.0,46.7198626082,150.0
