time_stamp,dayofweek,holiday,lt,ht,sunny,m2M,w2A,m1L,d3w3,m1Lar,w2Std,pay_sum
2016-08-01,0,0,27.0,37.0,1,421.0,504.230769231,82.0,0.625311162003,733.0,218.399476558,658.0
2016-08-02,1,0,27.0,35.0,0,451.0,509.923076923,95.0,0.627216973313,733.0,221.348823749,634.0
2016-08-03,2,0,26.0,32.0,0,477.0,507.538461538,95.0,0.930969594929,733.0,219.827070281,588.0
2016-08-04,3,0,27.0,33.0,0,482.0,506.384615385,95.0,1.2472219458,733.0,219.361850151,547.0
2016-08-05,4,0,26.0,33.0,0,495.0,498.384615385,95.0,1.1858555388,733.0,215.80958076,621.0
2016-08-06,5,1,26.0,34.0,0,505.0,524.615384615,95.0,1.12574927076,733.0,208.263346035,181.0
2016-08-07,6,1,27.0,35.0,1,505.0,525.538461538,95.0,0.861182929554,733.0,206.705891169,136.0
2016-08-08,0,0,26.0,34.0,0,505.0,488.153846154,95.0,0.630376344086,733.0,228.661942666,727.0
2016-08-09,1,0,26.0,30.0,0,507.0,487.692307692,118.0,0.691642651297,733.0,228.172803818,603.0
2016-08-10,2,0,27.0,35.0,0,527.0,483.230769231,118.0,0.977235609772,733.0,225.289268359,657.0
2016-08-11,3,0,27.0,36.0,1,538.0,484.153846154,118.0,1.31742085198,733.0,225.973737805,680.0
2016-08-12,4,0,27.0,36.0,1,544.0,486.153846154,118.0,1.28255983075,733.0,227.577491842,724.0
2016-08-13,5,1,27.0,35.0,1,547.0,528.769230769,118.0,1.30509118541,733.0,215.9590965,269.0
2016-08-14,6,1,28.0,35.0,1,547.0,540.384615385,118.0,1.04942918078,733.0,196.760900768,145.0
2016-08-15,0,0,27.0,36.0,1,547.0,500.923076923,118.0,0.74738121039,733.0,219.360069832,739.0
2016-08-16,1,0,26.0,36.0,1,561.0,509.0,118.0,0.756785139969,739.0,225.945534621,695.0
2016-08-17,2,0,28.0,37.0,1,566.0,517.230769231,118.0,1.03293755928,739.0,230.574918192,718.0
2016-08-18,3,0,28.0,37.0,1,573.0,530.384615385,118.0,1.39776565342,739.0,236.694395131,746.0
2016-08-19,4,0,28.0,38.0,1,576.0,540.0,118.0,1.38985451268,746.0,242.644405854,794.0
2016-08-20,5,1,27.0,37.0,0,584.0,587.153846154,118.0,1.37097753491,794.0,227.380009322,213.0
2016-08-21,6,1,27.0,35.0,0,584.0,593.076923077,118.0,1.05522949586,794.0,216.282742844,117.0
2016-08-22,0,0,27.0,36.0,1,584.0,546.153846154,117.0,0.711347383077,794.0,246.234361832,780.0
2016-08-23,1,0,27.0,35.0,0,588.0,559.769230769,117.0,0.692883895131,794.0,253.779175313,719.0
2016-08-24,2,0,27.0,35.0,1,592.0,564.538461538,117.0,0.996515894305,794.0,256.133263206,810.0
2016-08-25,3,0,26.0,35.0,1,603.0,574.538461538,117.0,1.39004274276,810.0,262.894426129,820.0
2016-08-26,4,0,25.0,34.0,0,603.0,581.923076923,117.0,1.38915993968,820.0,268.282130928,812.0
2016-08-27,5,1,23.0,31.0,1,603.0,623.692307692,117.0,1.36760752688,820.0,258.399328594,278.0
2016-08-28,6,1,21.0,31.0,1,603.0,633.923076923,117.0,1.05705905141,820.0,241.311946702,425.0
2016-08-29,0,0,21.0,32.0,1,603.0,609.769230769,117.0,0.860013623978,820.0,245.267876741,629.0
2016-08-30,1,0,21.0,32.0,1,605.0,604.692307692,117.0,0.754460492778,820.0,244.131548592,314.0
2016-08-31,2,0,21.0,33.0,1,605.0,573.615384615,117.0,0.798109740089,820.0,253.272592116,648.0
2016-09-01,3,0,23.0,33.0,0,621.0,566.076923077,117.0,0.930817610063,820.0,249.459249497,475.0
2016-09-02,4,0,22.0,34.0,1,621.0,541.538461538,117.0,0.859501166338,820.0,241.391356478,451.0
2016-09-03,5,1,23.0,35.0,1,621.0,559.846153846,117.0,0.92631826742,820.0,224.192515539,187.0
2016-09-04,6,1,24.0,32.0,1,621.0,565.230769231,117.0,0.652594547054,820.0,214.105349283,70.0
2016-09-05,0,0,24.0,30.0,0,621.0,510.615384615,70.0,0.441080272872,820.0,241.196548789,405.0
2016-09-06,1,0,23.0,28.0,0,621.0,486.461538462,70.0,0.42391060737,820.0,234.755393281,492.0
2016-09-07,2,0,21.0,27.0,0,621.0,462.0,70.0,0.632956962854,820.0,215.55045813,526.0
2016-09-08,3,0,22.0,30.0,1,621.0,439.384615385,70.0,0.951998661984,820.0,190.805796744,656.0
2016-09-09,4,0,22.0,29.0,1,622.0,427.384615385,70.0,1.1356466877,820.0,170.856907499,675.0
2016-09-10,5,1,22.0,28.0,0,622.0,457.923076923,70.0,1.20322674701,820.0,176.803002732,459.0
2016-09-11,6,1,21.0,25.0,0,622.0,460.538461538,70.0,1.12250337065,820.0,176.547930029,352.0
2016-09-12,0,0,21.0,27.0,1,621.0,439.230769231,70.0,0.970956254696,820.0,171.576022104,649.0
2016-09-13,1,0,21.0,28.0,0,621.0,465.0,70.0,0.960557913089,820.0,175.933991118,676.0
2016-09-14,2,0,21.0,25.0,0,622.0,467.153846154,70.0,1.11811181118,820.0,178.316419777,593.0
2016-09-15,3,1,22.0,25.0,0,622.0,476.230769231,70.0,1.30850047755,820.0,181.460380862,76.0
2016-09-16,4,1,23.0,27.0,0,621.0,447.384615385,70.0,0.992326988343,820.0,210.638786136,125.0
2016-09-17,5,1,22.0,27.0,1,621.0,442.615384615,70.0,0.595894780292,820.0,217.083655786,123.0
2016-09-18,6,0,22.0,26.0,0,603.0,446.692307692,70.0,0.25171891388,820.0,210.443628343,527.0
2016-09-19,0,0,20.0,27.0,1,603.0,456.076923077,70.0,0.609348586704,820.0,211.094387033,557.0
2016-09-20,1,0,19.0,26.0,1,593.0,461.076923077,70.0,0.922571275701,820.0,212.650114051,600.0
2016-09-21,2,0,19.0,26.0,1,600.0,466.769230769,70.0,1.29428944739,820.0,215.285911449,558.0
2016-09-22,3,0,20.0,27.0,1,600.0,459.230769231,70.0,1.30562216893,820.0,210.183126691,622.0
2016-09-23,4,0,20.0,29.0,1,600.0,455.153846154,70.0,1.32915173238,820.0,206.438981916,663.0
2016-09-24,5,1,21.0,30.0,1,600.0,470.846153846,70.0,1.30653622572,812.0,213.758615176,258.0
2016-09-25,6,1,21.0,30.0,1,593.0,463.615384615,70.0,1.07242146233,676.0,219.177672382,161.0
2016-09-26,0,0,24.0,31.0,1,588.0,426.076923077,70.0,0.771644558551,676.0,225.899045368,723.0
2016-09-27,1,0,23.0,28.0,0,588.0,429.692307692,70.0,0.794794167798,723.0,230.20505395,610.0
2016-09-28,2,0,22.0,28.0,0,593.0,431.0,70.0,1.03073579634,723.0,231.175258192,641.0
2016-09-29,3,0,22.0,25.0,0,600.0,474.461538462,70.0,1.364013267,723.0,212.723227687,572.0
2016-09-30,4,0,22.0,29.0,0,593.0,508.846153846,70.0,1.27326698097,723.0,188.166393694,566.0
2016-10-01,5,1,23.0,30.0,0,588.0,542.923076923,70.0,1.22876087857,723.0,151.804257333,23.0
2016-10-02,6,1,22.0,30.0,1,572.0,504.153846154,23.0,0.830204869677,723.0,205.708100193,66.0
2016-10-03,0,1,21.0,27.0,0,572.0,466.384615385,23.0,0.499618611747,723.0,235.461425376,51.0
2016-10-04,1,1,20.0,27.0,1,566.0,424.153846154,23.0,0.115013349764,723.0,256.042918924,74.0
2016-10-05,2,1,21.0,27.0,1,566.0,386.923076923,23.0,0.167632087063,723.0,268.747368227,87.0
2016-10-06,3,1,22.0,27.0,0,566.0,345.769230769,23.0,0.185793786425,723.0,270.555313226,111.0
2016-10-07,4,1,20.0,23.0,0,558.0,303.307692308,23.0,0.238816453751,723.0,260.568132125,104.0
2016-10-08,5,0,17.0,22.0,0,557.0,291.461538462,23.0,0.265821670628,723.0,265.806643253,509.0
2016-10-09,6,0,16.0,22.0,1,527.0,318.230769231,23.0,0.638785953767,723.0,268.82626756,497.0
2016-10-10,0,0,15.0,21.0,1,526.0,300.846153846,23.0,0.987193169691,723.0,248.637779837,566.0
2016-10-11,1,0,17.0,23.0,1,526.0,297.461538462,23.0,1.40444920933,723.0,244.674230948,588.0
2016-10-12,2,0,18.0,25.0,1,527.0,293.384615385,23.0,1.46912261968,723.0,239.298506364,570.0
2016-10-13,3,0,18.0,23.0,1,557.0,293.230769231,23.0,1.54480286738,723.0,239.119910005,604.0
2016-10-14,4,0,19.0,22.0,0,557.0,296.153846154,23.0,1.5914736034,723.0,242.642771977,617.0
2016-10-15,5,1,20.0,23.0,0,557.0,341.846153846,23.0,1.54263565891,723.0,242.831009981,145.0
2016-10-16,6,1,20.0,26.0,0,527.0,347.923076923,23.0,1.17900914897,723.0,236.764557359,132.0
2016-10-17,0,0,20.0,24.0,0,526.0,354.153846154,23.0,0.835553063227,723.0,229.832998285,622.0
2016-10-18,1,0,20.0,24.0,0,526.0,396.307692308,23.0,0.83881502216,723.0,224.783103873,608.0
2016-10-19,2,0,20.0,24.0,0,527.0,436.384615385,23.0,1.27671541057,723.0,212.153623027,586.0
2016-10-20,3,0,21.0,25.0,0,557.0,472.923076923,23.0,1.69894283843,723.0,193.007158711,598.0
2016-10-21,4,0,21.0,25.0,0,557.0,510.923076923,23.0,1.6689950638,723.0,162.915958296,582.0
2016-10-22,5,1,20.0,23.0,0,557.0,516.538461538,23.0,1.52563604164,723.0,164.007324126,214.0
2016-10-23,6,1,17.0,23.0,0,527.0,494.769230769,23.0,1.18160627252,723.0,182.854777959,102.0
2016-10-24,0,0,19.0,24.0,1,526.0,459.076923077,23.0,0.756274212565,723.0,208.898010278,611.0
2016-10-25,1,0,19.0,23.0,1,526.0,460.846153846,23.0,0.731101384124,723.0,210.076486494,611.0
2016-10-26,2,0,19.0,24.0,0,527.0,464.0,23.0,0.983253499684,641.0,211.990565828,608.0
2016-10-27,3,0,18.0,24.0,0,557.0,464.307692308,23.0,1.28773485328,641.0,212.196347614,602.0
2016-10-28,4,0,15.0,19.0,0,557.0,463.153846154,23.0,1.21740874448,622.0,211.402221862,614.0
2016-10-29,5,1,12.0,15.0,0,558.0,499.230769231,23.0,1.20670834574,622.0,193.270298505,190.0
2016-10-30,6,1,14.0,18.0,1,557.0,503.692307692,23.0,0.959399522347,622.0,185.244281388,108.0
2016-10-31,0,0,12.0,17.0,0,557.0,464.153846154,51.0,0.652920962199,622.0,209.092120351,515.0
