time_stamp,dayofweek,holiday,lt,ht,sunny,m2M,w2A,m1L,d3w3,m1Lar,w2Std,pay_sum
2016-08-01,0,0,27.0,37.0,1,3.0,373.769230769,1.0,1.46669355381,423.0,40.0329745741,418.0
2016-08-02,1,0,27.0,35.0,0,3.0,379.846153846,1.0,1.34970847289,423.0,40.2890444239,429.0
2016-08-03,2,0,26.0,32.0,0,3.0,384.0,1.0,1.36551724138,429.0,42.3083916026,416.0
2016-08-04,3,0,27.0,33.0,0,3.0,387.923076923,1.0,1.35522291968,429.0,42.7271514082,447.0
2016-08-05,4,0,26.0,33.0,0,3.0,389.769230769,1.0,1.29426496369,447.0,44.676880695,479.0
2016-08-06,5,1,26.0,34.0,0,3.0,402.769230769,1.0,1.2549679712,479.0,44.1590723254,379.0
2016-08-07,6,1,27.0,35.0,1,3.0,406.615384615,1.0,1.15891834288,479.0,39.497883997,373.0
2016-08-08,0,0,26.0,34.0,0,3.0,406.461538462,1.0,1.05213675214,479.0,39.6244201794,375.0
2016-08-09,1,0,26.0,30.0,0,3.0,403.384615385,1.0,0.958822528501,479.0,40.3876189359,395.0
2016-08-10,2,0,27.0,35.0,0,3.0,401.923076923,1.0,0.969959266802,479.0,40.32075537,421.0
2016-08-11,3,0,27.0,36.0,1,3.0,401.769230769,1.0,1.00353892821,479.0,40.2437837458,438.0
2016-08-12,4,0,27.0,36.0,1,3.0,403.076923077,1.0,1.05462343888,479.0,41.1142152816,462.0
2016-08-13,5,1,27.0,35.0,1,3.0,413.307692308,1.0,1.09006890292,479.0,37.8242588323,486.0
2016-08-14,6,1,28.0,35.0,1,3.0,424.461538462,1.0,1.12190383681,486.0,36.2016051166,460.0
2016-08-15,0,0,27.0,36.0,1,5.0,427.692307692,1.0,1.12806954292,486.0,37.3371018104,515.0
2016-08-16,1,0,26.0,36.0,1,5.0,434.307692308,80.0,1.15663222895,515.0,44.0059167619,548.0
2016-08-17,2,0,28.0,37.0,1,80.0,444.461538462,310.0,1.18683031366,548.0,52.933362149,492.0
2016-08-18,3,0,28.0,37.0,1,310.0,447.923076923,310.0,1.20207173779,548.0,54.4362174949,542.0
2016-08-19,4,0,28.0,38.0,1,329.0,452.769230769,310.0,1.20602248904,548.0,59.5510819461,579.0
2016-08-20,5,1,27.0,37.0,0,329.0,468.153846154,310.0,1.1954789698,579.0,64.1618700018,485.0
2016-08-21,6,1,27.0,35.0,0,339.0,476.769230769,310.0,1.17153590838,579.0,58.03335095,505.0
2016-08-22,0,0,27.0,36.0,1,341.0,486.769230769,329.0,1.13375243876,579.0,50.3238035834,507.0
2016-08-23,1,0,27.0,35.0,0,365.0,495.384615385,329.0,1.07265692175,579.0,42.9177002422,583.0
2016-08-24,2,0,27.0,35.0,1,373.0,507.846153846,329.0,1.12272551297,583.0,43.0292318418,633.0
2016-08-25,3,0,26.0,35.0,1,375.0,522.846153846,329.0,1.1894653274,633.0,49.5593601403,637.0
2016-08-26,4,0,25.0,34.0,0,375.0,536.307692308,329.0,1.25861776193,637.0,54.703936879,643.0
2016-08-27,5,1,23.0,31.0,1,375.0,548.384615385,329.0,1.26533716969,643.0,59.393781676,652.0
2016-08-28,6,1,21.0,31.0,1,379.0,563.153846154,329.0,1.24348329793,652.0,59.4511385074,632.0
2016-08-29,0,0,21.0,32.0,1,395.0,572.153846154,341.0,1.21023708588,652.0,60.3296663264,643.0
2016-08-30,1,0,21.0,32.0,1,414.0,579.461538462,373.0,1.18260762834,652.0,62.6696041949,661.0
2016-08-31,2,0,21.0,33.0,1,415.0,592.461538462,373.0,1.16244858747,661.0,60.6751950136,544.0
2016-09-01,3,0,23.0,33.0,0,416.0,592.615384615,373.0,1.09911678116,661.0,60.5494565326,544.0
2016-09-02,4,0,22.0,34.0,1,418.0,589.923076923,373.0,1.03268089629,661.0,61.8589730304,544.0
2016-09-03,5,1,23.0,35.0,1,421.0,594.461538462,373.0,0.958674773108,661.0,55.8688235404,544.0
2016-09-04,6,1,24.0,32.0,1,421.0,597.461538462,373.0,0.951631242893,661.0,51.8898469165,544.0
2016-09-05,0,0,24.0,30.0,0,423.0,600.307692308,373.0,0.9492235212,661.0,47.695161205,544.0
2016-09-06,1,0,23.0,28.0,0,423.0,597.307692308,375.0,0.949554896142,661.0,49.8665675199,544.0
2016-09-07,2,0,21.0,27.0,0,429.0,590.461538462,395.0,0.945264986968,661.0,50.6004186432,544.0
2016-09-08,3,0,22.0,30.0,1,438.0,583.307692308,421.0,0.94510076442,661.0,50.0866704445,332.0
2016-09-09,4,0,22.0,29.0,1,438.0,559.384615385,332.0,0.840361000148,661.0,80.748935179,453.0
2016-09-10,5,1,22.0,28.0,0,447.0,544.076923077,332.0,0.788747440577,661.0,80.6029790807,508.0
2016-09-11,6,1,21.0,25.0,0,453.0,534.538461538,332.0,0.767176931292,661.0,76.8851444935,475.0
2016-09-12,0,0,21.0,27.0,1,460.0,521.615384615,332.0,0.85445674164,661.0,71.4988310411,448.0
2016-09-13,1,0,21.0,28.0,0,460.0,505.230769231,332.0,0.861866473936,661.0,61.3679368126,443.0
2016-09-14,2,0,21.0,25.0,0,460.0,497.461538462,332.0,0.837086742041,661.0,62.3533545882,439.0
2016-09-15,3,1,22.0,25.0,0,460.0,489.384615385,332.0,0.830134506757,661.0,62.6019641638,244.0
2016-09-16,4,1,23.0,27.0,0,460.0,466.307692308,244.0,0.730078454257,661.0,88.2543392835,356.0
2016-09-17,5,1,22.0,27.0,1,460.0,451.846153846,244.0,0.69363775953,661.0,89.7293761638,425.0
2016-09-18,6,0,22.0,26.0,0,460.0,442.692307692,244.0,0.698776289327,661.0,85.8472566789,388.0
2016-09-19,0,0,20.0,27.0,1,460.0,430.692307692,244.0,0.818283634327,661.0,81.6478221627,146.0
2016-09-20,1,0,19.0,26.0,1,460.0,400.076923077,146.0,0.709660709661,661.0,104.766745706,453.0
2016-09-21,2,0,19.0,26.0,1,460.0,393.076923077,146.0,0.737833594976,661.0,97.7197417567,326.0
2016-09-22,3,0,20.0,27.0,1,460.0,392.615384615,146.0,0.708812260536,661.0,98.0208286041,503.0
2016-09-23,4,0,20.0,29.0,1,462.0,396.461538462,146.0,0.98702698541,661.0,101.24275122,532.0
2016-09-24,5,1,21.0,30.0,1,475.0,398.307692308,146.0,1.04930419028,661.0,103.454475023,479.0
2016-09-25,6,1,21.0,30.0,1,479.0,398.615384615,146.0,1.17610502602,661.0,103.687799491,463.0
2016-09-26,0,0,24.0,31.0,1,479.0,399.769230769,146.0,1.15594243814,661.0,104.312514071,509.0
2016-09-27,1,0,23.0,28.0,0,479.0,404.846153846,146.0,1.1426096543,661.0,107.839514774,564.0
2016-09-28,2,0,22.0,28.0,0,485.0,414.461538462,146.0,1.20669337733,661.0,115.739505512,485.0
2016-09-29,3,0,22.0,25.0,0,485.0,433.0,146.0,1.20229964888,564.0,105.827871856,458.0
2016-09-30,4,0,22.0,29.0,0,485.0,440.846153846,146.0,1.16227055376,564.0,103.585599054,464.0
2016-10-01,5,1,23.0,30.0,0,485.0,443.846153846,146.0,1.09069767442,564.0,103.647959016,337.0
2016-10-02,6,1,22.0,30.0,1,485.0,439.923076923,146.0,0.991885291105,564.0,106.610333991,265.0
2016-10-03,0,1,21.0,27.0,0,485.0,449.076923077,146.0,0.858396746789,564.0,83.6075645625,184.0
2016-10-04,1,1,20.0,27.0,1,485.0,428.384615385,146.0,0.653366583541,564.0,109.388888805,308.0
2016-10-05,2,1,21.0,27.0,1,485.0,427.0,146.0,0.639709299869,564.0,110.781142522,328.0
2016-10-06,3,1,22.0,27.0,0,485.0,413.538461538,146.0,0.685647393286,564.0,111.359166238,343.0
2016-10-07,4,1,20.0,23.0,0,485.0,399.0,146.0,0.819932998325,564.0,107.204334011,394.0
2016-10-08,5,0,17.0,22.0,0,485.0,392.461538462,146.0,0.89544709295,564.0,104.688266468,452.0
2016-10-09,6,0,16.0,22.0,1,485.0,391.615384615,146.0,0.991701071771,564.0,104.157822899,464.0
2016-10-10,0,0,15.0,21.0,1,485.0,388.153846154,146.0,1.05081618738,564.0,100.895868753,496.0
2016-10-11,1,0,17.0,23.0,1,486.0,382.923076923,146.0,1.1268055223,564.0,93.1057806505,487.0
2016-10-12,2,0,18.0,25.0,1,487.0,383.076923077,146.0,1.13290272069,564.0,93.2758205444,516.0
2016-10-13,3,0,18.0,23.0,1,492.0,387.538461538,146.0,1.17182614134,564.0,98.0193194337,537.0
2016-10-14,4,0,19.0,22.0,0,492.0,393.153846154,146.0,1.20317199891,564.0,104.138846778,560.0
2016-10-15,5,1,20.0,23.0,0,492.0,410.307692308,146.0,1.24835539045,564.0,111.577075544,470.0
2016-10-16,6,1,20.0,26.0,0,487.0,426.076923077,146.0,1.21176970962,564.0,104.166628008,448.0
2016-10-17,0,0,20.0,24.0,0,485.0,446.384615385,146.0,1.15109034268,564.0,77.2493848236,477.0
2016-10-18,1,0,20.0,24.0,0,485.0,459.384615385,146.0,1.09760415437,564.0,66.3134032879,495.0
2016-10-19,2,0,20.0,24.0,0,485.0,472.230769231,184.0,1.11595740501,564.0,54.7921300443,512.0
2016-10-20,3,0,21.0,25.0,0,485.0,485.230769231,184.0,1.15887704502,564.0,40.8678053582,501.0
2016-10-21,4,0,21.0,25.0,0,485.0,493.461538462,184.0,1.17253712775,564.0,31.3261144061,549.0
2016-10-22,5,1,20.0,23.0,0,485.0,500.923076923,184.0,1.18521890887,564.0,32.1043048598,481.0
2016-10-23,6,1,17.0,23.0,0,481.0,502.230769231,184.0,1.1338221136,564.0,30.8972337476,451.0
2016-10-24,0,0,19.0,24.0,1,479.0,498.769230769,184.0,1.06519941022,564.0,33.7870112644,502.0
2016-10-25,1,0,19.0,23.0,1,479.0,499.923076923,184.0,1.01025044912,564.0,33.6211049525,525.0
2016-10-26,2,0,19.0,24.0,0,479.0,500.615384615,184.0,1.02001380262,564.0,34.0351367346,477.0
2016-10-27,3,0,18.0,24.0,0,477.0,496.0,184.0,1.02375604111,560.0,32.8352531002,497.0
2016-10-28,4,0,15.0,19.0,0,477.0,491.153846154,184.0,1.0097335893,560.0,27.1968498002,576.0
2016-10-29,5,1,12.0,15.0,0,477.0,499.307692308,184.0,1.03116788078,576.0,34.5328931609,496.0
2016-10-30,6,1,14.0,18.0,1,477.0,503.0,184.0,1.04048542724,576.0,31.2606904791,482.0
2016-10-31,0,0,12.0,17.0,0,477.0,503.384615385,184.0,1.03197529634,576.0,30.9678206718,483.0
