time_stamp,dayofweek,holiday,lt,ht,sunny,m2M,w2A,m1L,d3w3,m1Lar,w2Std,pay_sum
2016-08-01,0,0,28.0,34.0,1,84.0,77.2307692308,42.0,1.00247246572,102.0,9.09906035854,66.0
2016-08-02,1,0,27.0,35.0,0,84.0,74.6153846154,42.0,0.909090909091,102.0,6.76573336224,55.0
2016-08-03,2,0,26.0,32.0,0,82.0,72.7692307692,42.0,0.880935994494,100.0,8.39554686132,55.0
2016-08-04,3,0,27.0,32.0,0,81.0,70.7692307692,42.0,0.800363801728,100.0,9.24998000957,58.0
2016-08-05,4,0,27.0,33.0,0,80.0,68.7692307692,42.0,0.772946859903,100.0,8.97992501385,54.0
2016-08-06,5,1,27.0,33.0,0,80.0,67.5384615385,42.0,0.776924866248,100.0,9.78708241758,66.0
2016-08-07,6,1,27.0,35.0,1,80.0,67.2307692308,42.0,0.831581406214,100.0,9.76771641806,68.0
2016-08-08,0,0,27.0,34.0,0,80.0,67.0769230769,42.0,0.878915381019,100.0,9.73859521114,78.0
2016-08-09,1,0,27.0,33.0,0,79.0,67.2307692308,42.0,1.00664767331,100.0,9.89291779432,49.0
2016-08-10,2,0,28.0,34.0,1,79.0,65.1538461538,42.0,0.946142649199,100.0,10.639882546,67.0
2016-08-11,3,0,28.0,36.0,1,79.0,64.5384615385,42.0,0.950980392157,100.0,10.2777982124,64.0
2016-08-12,4,0,28.0,35.0,1,78.0,62.6923076923,42.0,0.89552238806,100.0,7.73985306345,70.0
2016-08-13,5,1,28.0,35.0,1,78.0,63.1538461538,49.0,1.0,100.0,7.97926306455,71.0
2016-08-14,6,1,28.0,36.0,1,76.0,63.1538461538,49.0,1.01913994531,100.0,7.97926306455,55.0
2016-08-15,0,0,27.0,35.0,1,76.0,62.3076923077,49.0,0.985419808949,100.0,8.21241663472,74.0
2016-08-16,1,0,28.0,36.0,1,76.0,63.7692307692,49.0,1.00704934542,100.0,8.46852858124,72.0
2016-08-17,2,0,28.0,35.0,1,75.0,65.0769230769,49.0,1.01515151515,100.0,8.32476877444,63.0
2016-08-18,3,0,28.0,35.0,1,75.0,65.4615384615,49.0,1.06523955148,88.0,8.10142802811,61.0
2016-08-19,4,0,29.0,37.0,1,75.0,66.0,49.0,1.02003642987,88.0,7.53453586953,85.0
2016-08-20,5,1,28.0,37.0,0,75.0,67.4615384615,49.0,1.0701484895,88.0,9.077574944,78.0
2016-08-21,6,1,27.0,34.0,0,75.0,68.2307692308,49.0,1.14081996435,88.0,9.50428119043,65.0
2016-08-22,0,0,28.0,35.0,1,74.0,67.2307692308,49.0,1.1620795107,88.0,9.09906035854,73.0
2016-08-23,1,0,26.0,34.0,1,73.0,69.0769230769,49.0,1.08597285068,88.0,7.50857497964,71.0
2016-08-24,2,0,25.0,34.0,1,72.0,69.3846153846,49.0,1.03825136612,88.0,7.49911237351,68.0
2016-08-25,3,0,26.0,35.0,1,72.0,69.6923076923,49.0,1.04536489152,88.0,7.35249424329,89.0
2016-08-26,4,0,25.0,32.0,0,72.0,71.1538461538,49.0,1.09589041096,89.0,8.97728889901,80.0
2016-08-27,5,1,24.0,30.0,1,72.0,71.8461538462,49.0,1.12776588151,89.0,9.28063454268,83.0
2016-08-28,6,1,22.0,30.0,1,72.0,74.0,49.0,1.18644067797,89.0,8.32050294338,85.0
2016-08-29,0,0,22.0,32.0,1,72.0,74.8461538462,49.0,1.16186460529,89.0,8.82170534574,88.0
2016-08-30,1,0,23.0,31.0,1,72.0,76.0769230769,49.0,1.16735066119,89.0,9.433667518,85.0
2016-08-31,2,0,23.0,33.0,1,72.0,77.7692307692,49.0,1.16216216216,89.0,8.89385134326,113.0
2016-09-01,3,0,24.0,34.0,1,73.0,81.7692307692,49.0,1.24700239808,113.0,11.7024247728,119.0
2016-09-02,4,0,24.0,34.0,1,73.0,84.3846153846,49.0,1.33924799324,119.0,15.3599802761,142.0
2016-09-03,5,1,23.0,34.0,1,73.0,89.3076923077,49.0,1.51202749141,142.0,21.5384615385,151.0
2016-09-04,6,1,24.0,33.0,1,73.0,95.9230769231,49.0,1.57402101242,151.0,25.8351624981,155.0
2016-09-05,0,0,25.0,31.0,1,73.0,102.230769231,49.0,1.63563344286,155.0,29.2526234094,178.0
2016-09-06,1,0,22.0,26.0,0,73.0,110.461538462,49.0,1.67011732229,178.0,33.9787612049,105.0
2016-09-07,2,0,21.0,24.0,0,73.0,113.307692308,49.0,1.47922998987,178.0,31.7814280925,106.0
2016-09-08,3,0,23.0,30.0,1,74.0,114.615384615,55.0,1.28446425623,178.0,31.0967187523,135.0
2016-09-09,4,0,23.0,32.0,1,74.0,118.846153846,55.0,1.11487030772,178.0,29.8144161151,135.0
2016-09-10,5,1,23.0,29.0,1,74.0,122.846153846,55.0,1.17905299467,178.0,28.1803154261,134.0
2016-09-11,6,1,21.0,26.0,0,74.0,126.615384615,55.0,1.22703113136,178.0,26.0636453603,105.0
2016-09-12,0,0,22.0,29.0,1,75.0,127.923076923,55.0,1.11959287532,178.0,24.4712124074,125.0
2016-09-13,1,0,22.0,29.0,1,75.0,131.0,61.0,1.06386087973,178.0,21.1732777885,122.0
2016-09-14,2,0,22.0,24.0,0,76.0,131.692307692,61.0,1.00499643112,178.0,20.7156002731,96.0
2016-09-15,3,1,20.0,24.0,0,76.0,129.923076923,61.0,0.976373469969,178.0,22.6187857202,56.0
2016-09-16,4,1,22.0,26.0,0,76.0,123.307692308,56.0,0.788035662928,178.0,29.613886076,93.0
2016-09-17,5,1,22.0,27.0,1,76.0,118.846153846,56.0,0.701603665521,178.0,29.4744900232,111.0
2016-09-18,6,0,22.0,27.0,1,76.0,115.461538462,56.0,0.736335315775,178.0,27.5949142043,128.0
2016-09-19,0,0,20.0,27.0,1,76.0,111.615384615,56.0,0.924533556113,178.0,21.3992755504,131.0
2016-09-20,1,0,19.0,26.0,1,76.0,113.615384615,56.0,1.01092896175,178.0,21.8967453203,146.0
2016-09-21,2,0,19.0,26.0,1,78.0,116.692307692,56.0,1.09179134654,178.0,23.3712006057,136.0
2016-09-22,3,0,20.0,27.0,1,78.0,116.769230769,56.0,1.10575635877,178.0,23.4328955043,164.0
2016-09-23,4,0,20.0,28.0,1,80.0,119.0,56.0,1.18365180467,178.0,26.2707793214,156.0
2016-09-24,5,1,21.0,28.0,1,83.0,120.692307692,56.0,1.20778704807,178.0,27.8440288182,182.0
2016-09-25,6,1,22.0,29.0,1,85.0,126.615384615,56.0,1.31551362683,182.0,31.7866407874,191.0
2016-09-26,0,0,24.0,30.0,1,85.0,131.692307692,56.0,1.37922044062,191.0,36.1011071967,146.0
2016-09-27,1,0,24.0,31.0,0,85.0,133.538461538,56.0,1.33179368745,191.0,36.1718449469,164.0
2016-09-28,2,0,22.0,27.0,0,85.0,138.769230769,56.0,1.25753012048,191.0,35.2707197068,86.0
2016-09-29,3,0,22.0,24.0,0,86.0,141.076923077,56.0,1.01265822785,191.0,30.4288869294,83.0
2016-09-30,4,0,22.0,26.0,0,86.0,140.307692308,56.0,0.868884540117,191.0,31.7329836057,102.0
2016-10-01,5,1,23.0,26.0,1,88.0,139.615384615,56.0,0.716078742238,191.0,32.4547933204,94.0
2016-10-02,6,1,23.0,30.0,0,89.0,137.0,56.0,0.740445859873,191.0,34.5854571483,72.0
2016-10-03,0,1,20.0,25.0,1,89.0,132.461538462,56.0,0.726582621662,191.0,38.7012529803,79.0
2016-10-04,1,1,22.0,27.0,1,89.0,127.307692308,56.0,0.676048565121,191.0,40.9509737188,85.0
2016-10-05,2,1,22.0,27.0,1,89.0,123.384615385,56.0,0.654192654193,191.0,42.3493501204,92.0
2016-10-06,3,1,21.0,26.0,1,92.0,117.846153846,56.0,0.699167008057,191.0,41.3723173034,89.0
2016-10-07,4,1,20.0,23.0,0,92.0,112.692307692,56.0,0.727670633292,191.0,40.4615384615,118.0
2016-10-08,5,0,17.0,22.0,1,93.0,107.769230769,56.0,0.815602836879,191.0,35.2925222983,146.0
2016-10-09,6,0,16.0,21.0,1,94.0,104.307692308,56.0,0.955862442459,191.0,28.5155412832,128.0
2016-10-10,0,0,15.0,22.0,1,96.0,102.923076923,56.0,1.06276264064,191.0,26.8456028156,121.0
2016-10-11,1,0,17.0,23.0,1,102.0,99.6153846154,56.0,1.08189537113,191.0,21.1643330649,125.0
2016-10-12,2,0,18.0,21.0,1,105.0,102.615384615,56.0,1.02902737653,191.0,21.7769760617,142.0
2016-10-13,3,0,18.0,22.0,1,105.0,107.153846154,56.0,1.07732889074,191.0,23.3101039626,159.0
2016-10-14,4,0,18.0,21.0,0,106.0,111.538461538,56.0,1.18136439268,191.0,26.9974796106,162.0
2016-10-15,5,1,20.0,24.0,1,111.0,116.769230769,72.0,1.29474272931,191.0,29.5586869859,157.0
2016-10-16,6,1,19.0,25.0,1,113.0,123.307692308,72.0,1.35602836879,191.0,28.3070652104,154.0
2016-10-17,0,0,19.0,24.0,1,118.0,129.076923077,72.0,1.33729148996,191.0,26.2574869571,190.0
2016-10-18,1,0,19.0,25.0,1,119.0,137.153846154,72.0,1.40100671141,191.0,27.5732483336,162.0
2016-10-19,2,0,19.0,23.0,0,121.0,142.538461538,72.0,1.37127371274,191.0,24.938741516,114.0
2016-10-20,3,0,20.0,22.0,0,121.0,144.461538462,72.0,1.24715642981,191.0,21.4569887651,116.0
2016-10-21,4,0,19.0,22.0,0,121.0,144.307692308,72.0,1.04324683965,191.0,21.652445644,126.0
2016-10-22,5,1,20.0,23.0,0,122.0,142.769230769,72.0,0.935488109315,191.0,22.1816065387,112.0
2016-10-23,6,1,17.0,22.0,1,122.0,141.538461538,72.0,0.915793558401,191.0,23.3785417214,205.0
2016-10-24,0,0,19.0,23.0,1,125.0,148.0,72.0,1.09261314589,205.0,27.9670135366,170.0
2016-10-25,1,0,17.0,20.0,1,125.0,151.461538462,72.0,1.16451458632,205.0,27.6895297752,136.0
2016-10-26,2,0,18.0,21.0,0,126.0,151.0,72.0,1.20291902072,205.0,27.892651362,86.0
2016-10-27,3,0,18.0,21.0,0,126.0,145.384615385,72.0,0.923765759397,205.0,32.6579910389,108.0
2016-10-28,4,0,15.0,18.0,0,126.0,141.230769231,72.0,0.780418588152,205.0,33.6981027682,145.0
2016-10-29,5,1,10.0,15.0,0,128.0,140.307692308,72.0,0.801987224982,205.0,33.4166808078,122.0
2016-10-30,6,1,14.0,18.0,1,128.0,137.846153846,72.0,0.889046941679,205.0,33.4959151444,179.0
2016-10-31,0,0,11.0,15.0,0,128.0,137.0,72.0,1.03600464576,205.0,32.2847904176,114.0
