time_stamp,dayofweek,holiday,lt,ht,sunny,m2M,w2A,m1L,d3w3,m1Lar,w2Std,pay_sum
2016-08-01,0,0,23.0,27.0,0,120.0,122.153846154,85.0,1.04975553638,148.0,15.8543668037,115.0
2016-08-02,1,0,23.0,28.0,1,119.0,123.692307692,85.0,1.05157015269,148.0,14.0076057109,114.0
2016-08-03,2,0,23.0,29.0,1,119.0,123.769230769,85.0,0.988822012038,148.0,13.951310091,48.0
2016-08-04,3,0,23.0,30.0,1,117.0,119.846153846,48.0,0.811008637096,148.0,23.9513807338,48.0
2016-08-05,4,0,24.0,31.0,1,117.0,113.615384615,48.0,0.626398210291,148.0,30.4214966039,48.0
2016-08-06,5,1,23.0,30.0,1,116.0,108.461538462,48.0,0.441379310345,148.0,35.0705122347,48.0
2016-08-07,6,1,23.0,27.0,0,116.0,100.923076923,48.0,0.453686200378,148.0,36.6867436517,76.0
2016-08-08,0,0,24.0,29.0,1,116.0,97.4615384615,48.0,0.549960031974,148.0,36.7520075529,115.0
2016-08-09,1,0,24.0,31.0,1,116.0,97.3076923077,48.0,0.756927949327,148.0,36.6739996254,108.0
2016-08-10,2,0,25.0,31.0,1,115.0,94.2307692308,48.0,0.949206349206,148.0,33.8620591999,87.0
2016-08-11,3,0,26.0,32.0,1,115.0,90.1538461538,48.0,0.989782886335,148.0,31.1913354681,92.0
2016-08-12,4,0,26.0,31.0,1,115.0,88.3846153846,48.0,0.932878270762,148.0,30.3734156574,97.0
2016-08-13,5,1,25.0,29.0,0,115.0,85.5384615385,48.0,0.905066404329,148.0,27.5698145543,123.0
2016-08-14,6,1,24.0,32.0,1,115.0,86.0769230769,48.0,1.03482587065,148.0,28.2201824626,127.0
2016-08-15,0,0,25.0,31.0,0,115.0,87.0,48.0,1.14748677249,148.0,29.3257565972,118.0
2016-08-16,1,0,24.0,32.0,1,115.0,87.3076923077,48.0,1.21632787969,148.0,29.6268708994,101.0
2016-08-17,2,0,24.0,31.0,1,114.0,91.3846153846,48.0,1.17089678511,148.0,27.5081483356,81.0
2016-08-18,3,0,24.0,28.0,0,113.0,93.9230769231,48.0,1.04657247514,148.0,24.7742469837,112.0
2016-08-19,4,0,24.0,27.0,0,112.0,98.8461538462,48.0,1.02725366876,148.0,21.2705869647,89.0
2016-08-20,5,1,24.0,27.0,1,112.0,102.0,48.0,1.0091250671,148.0,15.8454070026,104.0
2016-08-21,6,1,23.0,31.0,1,109.0,104.153846154,48.0,1.09850531244,148.0,13.9551267329,112.0
2016-08-22,0,0,24.0,31.0,1,112.0,103.923076923,48.0,1.10028860029,148.0,13.7977787424,109.0
2016-08-23,1,0,24.0,31.0,1,109.0,104.0,48.0,1.17561946102,148.0,13.8230576602,89.0
2016-08-24,2,0,23.0,29.0,1,109.0,104.153846154,48.0,1.09695682944,148.0,13.6429534015,111.0
2016-08-25,3,0,20.0,25.0,0,109.0,105.615384615,48.0,1.05803800719,148.0,13.2754166183,83.0
2016-08-26,4,0,19.0,27.0,1,108.0,104.538461538,48.0,0.951900437269,140.0,14.4468010013,115.0
2016-08-27,5,1,20.0,28.0,1,108.0,103.923076923,48.0,1.00536847243,134.0,13.8033526499,90.0
2016-08-28,6,1,20.0,28.0,1,108.0,101.076923077,48.0,0.930683470674,134.0,12.5051468694,109.0
2016-08-29,0,0,20.0,27.0,1,108.0,100.384615385,48.0,1.01766326365,127.0,11.7770210517,115.0
2016-08-30,1,0,19.0,25.0,1,108.0,101.461538462,48.0,1.0142118863,127.0,12.4072893253,117.0
2016-08-31,2,0,18.0,23.0,0,108.0,104.230769231,48.0,1.08564151544,127.0,11.5169029367,108.0
2016-09-01,3,0,18.0,20.0,0,108.0,103.923076923,48.0,1.07424960506,127.0,11.3575562002,83.0
2016-09-02,4,0,20.0,25.0,1,108.0,103.461538462,48.0,0.979643765903,127.0,12.0551003226,71.0
2016-09-03,5,1,20.0,26.0,0,108.0,100.923076923,48.0,0.85453359426,127.0,14.8296041675,114.0
2016-09-04,6,1,21.0,27.0,1,108.0,101.076923077,48.0,0.879698014115,127.0,14.9535770789,125.0
2016-09-05,0,0,21.0,26.0,0,109.0,102.307692308,71.0,1.01406607785,127.0,16.164465374,99.0
2016-09-06,1,0,22.0,28.0,1,108.0,103.076923077,71.0,1.10674525213,127.0,15.7453853482,115.0
2016-09-07,2,0,20.0,26.0,0,109.0,103.384615385,71.0,1.09178743961,127.0,15.9351496411,115.0
2016-09-08,3,0,20.0,27.0,1,109.0,105.846153846,71.0,1.05804791767,127.0,15.042739899,108.0
2016-09-09,4,0,20.0,28.0,1,109.0,105.307692308,71.0,1.07711918419,127.0,14.8292051521,139.0
2016-09-10,5,1,19.0,26.0,0,109.0,109.076923077,71.0,1.13461839837,139.0,16.5829455417,129.0
2016-09-11,6,1,19.0,26.0,1,109.0,110.615384615,71.0,1.16915422886,139.0,17.411483662,137.0
2016-09-12,0,0,19.0,24.0,0,111.0,112.307692308,71.0,1.24309392265,139.0,18.7714374491,111.0
2016-09-13,1,0,18.0,24.0,1,111.0,111.846153846,71.0,1.14554846551,139.0,18.7240945302,116.0
2016-09-14,2,0,19.0,26.0,1,112.0,112.461538462,71.0,1.10353190844,139.0,18.7190375518,113.0
2016-09-15,3,1,20.0,27.0,1,112.0,114.769230769,71.0,1.0168984597,139.0,16.6832658957,128.0
2016-09-16,4,1,19.0,27.0,1,113.0,119.153846154,71.0,1.06155218555,139.0,11.1895978744,114.0
2016-09-17,5,1,16.0,25.0,1,113.0,119.153846154,71.0,1.04442483083,139.0,11.1895978744,124.0
2016-09-18,6,0,15.0,23.0,1,114.0,119.076923077,71.0,1.06970626918,139.0,11.152519815,136.0
2016-09-19,0,0,16.0,23.0,1,114.0,121.923076923,71.0,1.0831161309,139.0,10.3586570147,129.0
2016-09-20,1,0,17.0,24.0,1,114.0,123.0,71.0,1.1207144915,139.0,10.3105621722,150.0
2016-09-21,2,0,17.0,24.0,1,114.0,125.692307692,71.0,1.17430673458,150.0,12.2561420419,140.0
2016-09-22,3,0,18.0,24.0,1,114.0,128.153846154,71.0,1.15761845559,150.0,11.6542904206,133.0
2016-09-23,4,0,20.0,24.0,0,114.0,127.692307692,71.0,1.13939393939,150.0,11.3299101455,130.0
2016-09-24,5,1,20.0,25.0,1,114.0,127.769230769,71.0,1.07854944467,150.0,11.3419157665,157.0
2016-09-25,6,1,19.0,25.0,1,114.0,129.307692308,71.0,1.10978993262,157.0,13.6177746707,144.0
2016-09-26,0,0,19.0,24.0,1,114.0,131.846153846,71.0,1.1188992731,157.0,13.0315956508,135.0
2016-09-27,1,0,12.0,24.0,0,114.0,133.307692308,71.0,1.12313240598,157.0,12.2121289984,121.0
2016-09-28,2,0,10.0,16.0,1,114.0,133.923076923,71.0,1.02801336417,157.0,11.3440024036,124.0
2016-09-29,3,0,14.0,20.0,1,114.0,133.615384615,71.0,0.970625798212,157.0,11.5528115894,151.0
2016-09-30,4,0,17.0,23.0,1,114.0,136.461538462,71.0,1.00686498856,157.0,10.909525722,173.0
2016-10-01,5,1,18.0,24.0,1,114.0,140.230769231,71.0,1.12028007002,173.0,13.9843530482,107.0
2016-10-02,6,1,18.0,23.0,1,114.0,138.0,99.0,1.09003540718,173.0,16.5575917981,129.0
2016-10-03,0,1,15.0,24.0,1,115.0,138.0,99.0,1.02738005526,173.0,16.5575917981,149.0
2016-10-04,1,1,13.0,20.0,1,115.0,137.923076923,99.0,0.955216474383,173.0,16.5038994854,101.0
2016-10-05,2,1,10.0,17.0,1,115.0,134.923076923,101.0,0.944548286604,173.0,19.1811667988,152.0
2016-10-06,3,1,12.0,19.0,1,115.0,136.384615385,101.0,0.992960355687,173.0,19.6959131315,115.0
2016-10-07,4,1,12.0,18.0,0,115.0,135.230769231,101.0,0.908641975309,173.0,20.4606708896,156.0
2016-10-08,5,0,9.0,16.0,1,115.0,135.153846154,101.0,1.03221083455,173.0,20.3804059514,144.0
2016-10-09,6,0,11.0,16.0,1,115.0,135.153846154,101.0,1.0097323601,173.0,20.3804059514,118.0
2016-10-10,0,0,12.0,19.0,1,116.0,133.846153846,101.0,1.02113106144,173.0,20.887413044,116.0
2016-10-11,1,0,11.0,18.0,1,116.0,133.461538462,101.0,0.935064935065,173.0,21.1646126448,162.0
2016-10-12,2,0,14.0,18.0,1,116.0,136.384615385,101.0,0.971659919028,173.0,22.2521855851,154.0
2016-10-13,3,0,16.0,21.0,1,116.0,136.615384615,101.0,1.05186267348,173.0,22.4175016159,147.0
2016-10-14,4,0,16.0,22.0,1,116.0,134.615384615,101.0,1.12038717483,173.0,20.12475881,132.0
2016-10-15,5,1,16.0,22.0,1,117.0,136.538461538,101.0,1.05738705739,173.0,18.5248912988,162.0
2016-10-16,6,1,14.0,20.0,0,118.0,139.076923077,101.0,1.06986899563,173.0,19.5505716559,148.0
2016-10-17,0,0,12.0,18.0,1,121.0,139.0,101.0,1.06724616685,173.0,19.5133090676,149.0
2016-10-18,1,0,14.0,20.0,1,124.0,142.692307692,101.0,1.09716744353,173.0,16.2404273124,128.0
2016-10-19,2,0,14.0,23.0,1,124.0,140.846153846,101.0,1.01444086406,173.0,16.4403170185,143.0
2016-10-20,3,0,11.0,17.0,1,125.0,143.0,101.0,1.00538599641,173.0,14.6497571521,118.0
2016-10-21,4,0,9.0,20.0,1,125.0,140.076923077,101.0,0.949938949939,173.0,15.5289384374,157.0
2016-10-22,5,1,7.0,11.0,1,128.0,141.076923077,101.0,1.00239808153,173.0,16.1553112889,103.0
2016-10-23,6,1,7.0,13.0,1,128.0,139.923076923,101.0,0.915032679739,173.0,18.1720899203,148.0
2016-10-24,0,0,12.0,16.0,0,128.0,142.384615385,101.0,0.988013076644,173.0,16.8866741342,100.0
2016-10-25,1,0,10.0,17.0,1,128.0,137.615384615,100.0,0.850290697674,173.0,19.2615138855,129.0
2016-10-26,2,0,7.0,14.0,1,129.0,135.692307692,100.0,0.920972273116,173.0,18.7714374491,109.0
2016-10-27,3,0,8.0,13.0,0,129.0,132.769230769,100.0,0.827518668136,173.0,19.7178320159,148.0
2016-10-28,4,0,4.0,10.0,1,129.0,134.0,100.0,0.947820748926,173.0,20.126522876,117.0
2016-10-29,5,1,5.0,9.0,1,129.0,130.538461538,100.0,0.927579365079,173.0,18.8419147509,171.0
2016-10-30,6,1,2.0,14.0,0,129.0,132.307692308,100.0,1.06044022863,171.0,21.3158829023,156.0
2016-10-31,0,0,-2.0,4.0,1,129.0,132.846153846,100.0,1.06436533621,171.0,21.8133556613,97.0
