time_stamp,dayofweek,holiday,lt,ht,sunny,m2M,w2A,m1L,d3w3,m1Lar,w2Std,pay_sum
2016-08-01,0,0,25.0,34.0,0,67.0,73.5384615385,1.0,1.0446088321,112.0,31.1710303983,97.0
2016-08-02,1,0,24.0,27.0,0,67.0,80.9230769231,1.0,0.974737312765,112.0,23.551781048,25.0
2016-08-03,2,0,26.0,30.0,0,67.0,80.9230769231,1.0,0.849256900212,112.0,23.551781048,96.0
2016-08-04,3,0,26.0,33.0,0,69.0,80.7692307692,1.0,1.03366524419,112.0,23.4460226122,100.0
2016-08-05,4,0,27.0,34.0,0,69.0,81.5384615385,1.0,0.99214365881,112.0,23.895977726,102.0
2016-08-06,5,1,27.0,35.0,1,70.0,83.4615384615,1.0,1.32444444444,112.0,24.4528286381,89.0
2016-08-07,6,1,27.0,36.0,1,70.0,85.8461538462,1.0,1.26384364821,112.0,23.3397849632,78.0
2016-08-08,0,0,28.0,36.0,0,72.0,85.0769230769,1.0,1.16223806438,112.0,23.4207716435,84.0
2016-08-09,1,0,27.0,35.0,1,74.0,85.4615384615,1.0,1.0291102911,112.0,23.3587914091,105.0
2016-08-10,2,0,28.0,32.0,0,74.0,85.3076923077,1.0,1.04337631887,112.0,23.2226170108,101.0
2016-08-11,3,0,26.0,33.0,0,74.0,85.3846153846,1.0,1.13126584747,112.0,23.2727587917,95.0
2016-08-12,4,0,26.0,28.0,0,76.0,84.0769230769,1.0,1.17075068067,112.0,22.1930742435,117.0
2016-08-13,5,1,25.0,31.0,0,77.0,88.2307692308,1.0,1.18966172558,117.0,22.9016420176,86.0
2016-08-14,6,1,26.0,32.0,0,77.0,90.3846153846,1.0,1.11485222596,117.0,21.2115297441,64.0
2016-08-15,0,0,26.0,31.0,0,77.0,87.8461538462,1.0,1.01251422071,117.0,22.2186552035,106.0
2016-08-16,1,0,25.0,32.0,0,77.0,94.0769230769,1.0,0.956115779645,117.0,13.2807642184,109.0
2016-08-17,2,0,26.0,31.0,0,78.0,95.0769230769,1.0,1.04085058758,117.0,13.8645177367,111.0
2016-08-18,3,0,25.0,29.0,0,79.0,95.9230769231,25.0,1.20875046348,117.0,14.4619476211,113.0
2016-08-19,4,0,26.0,31.0,0,79.0,96.7692307692,25.0,1.23401889939,117.0,15.1004525972,131.0
2016-08-20,5,1,27.0,34.0,1,84.0,100.0,25.0,1.26763078022,131.0,17.409104603,84.0
2016-08-21,6,1,26.0,35.0,0,84.0,100.461538462,25.0,1.15513294594,131.0,16.8915790791,65.0
2016-08-22,0,0,27.0,35.0,1,84.0,99.0,25.0,1.00304495791,131.0,18.9493251351,104.0
2016-08-23,1,0,27.0,35.0,1,84.0,98.9230769231,25.0,0.86941580756,131.0,18.9268288963,132.0
2016-08-24,2,0,28.0,36.0,1,86.0,101.307692308,25.0,1.01551956815,132.0,20.8893959679,119.0
2016-08-25,3,0,27.0,35.0,0,87.0,103.153846154,25.0,1.18629908104,132.0,21.3067203333,152.0
2016-08-26,4,0,26.0,35.0,0,88.0,105.846153846,25.0,1.31377343113,152.0,24.8095705908,161.0
2016-08-27,5,1,25.0,32.0,0,89.0,111.615384615,25.0,1.36041568257,161.0,28.0344251606,157.0
2016-08-28,6,1,26.0,33.0,1,90.0,118.769230769,25.0,1.42683667274,161.0,26.8103133031,132.0
2016-08-29,0,0,25.0,32.0,1,91.0,120.769230769,25.0,1.33689839572,161.0,26.7528685627,134.0
2016-08-30,1,0,26.0,34.0,1,92.0,122.692307692,25.0,1.24065112187,161.0,26.7362750279,120.0
2016-08-31,2,0,26.0,33.0,0,93.0,123.384615385,25.0,1.12274578243,161.0,26.540356677,129.0
2016-09-01,3,0,25.0,33.0,0,95.0,124.615384615,64.0,1.0977357409,161.0,26.4008696289,104.0
2016-09-02,4,0,28.0,33.0,0,95.0,122.538461538,64.0,1.01743767113,161.0,26.8746817788,146.0
2016-09-03,5,1,25.0,29.0,0,96.0,127.307692308,64.0,1.064756286,161.0,25.051898793,132.0
2016-09-04,6,1,26.0,32.0,0,97.0,132.461538462,64.0,1.04328826983,161.0,17.4383105419,107.0
2016-09-05,0,0,26.0,31.0,0,98.0,132.692307692,64.0,1.05105105105,161.0,17.0762300622,113.0
2016-09-06,1,0,26.0,32.0,0,100.0,131.230769231,64.0,0.959389479422,161.0,17.8676925726,96.0
2016-09-07,2,0,26.0,32.0,0,100.0,129.461538462,64.0,0.866584395996,161.0,20.0023667239,109.0
2016-09-08,3,0,26.0,32.0,0,100.0,126.153846154,64.0,0.873506386485,161.0,19.5520848931,131.0
2016-09-09,4,0,26.0,32.0,0,101.0,123.846153846,64.0,0.922950144211,161.0,16.8926299535,148.0
2016-09-10,5,1,25.0,30.0,0,102.0,123.153846154,64.0,1.03840492439,161.0,15.6590900308,116.0
2016-09-11,6,1,26.0,30.0,0,102.0,121.923076923,64.0,1.03592971414,161.0,15.5437919265,89.0
2016-09-12,0,0,25.0,32.0,1,101.0,118.461538462,64.0,0.931275557314,161.0,17.3720172187,131.0
2016-09-13,1,0,26.0,34.0,1,102.0,119.307692308,65.0,0.886777513856,161.0,17.6913043194,120.0
2016-09-14,2,0,26.0,34.0,1,104.0,118.615384615,65.0,0.896979290331,161.0,17.4732255027,130.0
2016-09-15,3,1,26.0,33.0,1,104.0,120.615384615,65.0,1.01397205589,161.0,17.1712571178,131.0
2016-09-16,4,1,26.0,34.0,1,105.0,119.461538462,65.0,1.02626262626,161.0,15.882333604,140.0
2016-09-17,5,1,26.0,33.0,1,106.0,120.076923077,65.0,1.087605099,161.0,16.4992379239,116.0
2016-09-18,6,0,25.0,32.0,1,107.0,120.769230769,65.0,1.05651105651,161.0,16.1204783578,89.0
2016-09-19,0,0,24.0,31.0,1,107.0,118.923076923,65.0,0.95953274927,161.0,18.1509124096,89.0
2016-09-20,1,0,23.0,30.0,1,107.0,118.384615385,89.0,0.828402366864,161.0,18.910877869,106.0
2016-09-21,2,0,25.0,31.0,1,107.0,118.153846154,89.0,0.808080808081,161.0,19.0418411919,99.0
2016-09-22,3,0,25.0,32.0,1,107.0,115.692307692,89.0,0.838323353293,161.0,19.2888354132,106.0
2016-09-23,4,0,25.0,32.0,1,107.0,112.461538462,89.0,0.902233826516,161.0,16.986942427,133.0
2016-09-24,5,1,25.0,32.0,1,107.0,113.769230769,89.0,0.980136291141,161.0,17.8418429807,123.0
2016-09-25,6,1,26.0,33.0,1,109.0,116.384615385,89.0,1.04247660187,157.0,16.4575839966,122.0
2016-09-26,0,0,27.0,35.0,1,109.0,115.692307692,89.0,1.0843373494,148.0,16.0114603926,136.0
2016-09-27,1,0,28.0,35.0,1,109.0,116.923076923,89.0,1.0744500846,148.0,16.8863237264,148.0
2016-09-28,2,0,27.0,35.0,1,111.0,118.307692308,89.0,1.12636981551,148.0,18.5571243436,129.0
2016-09-29,3,0,22.0,25.0,0,113.0,118.153846154,89.0,1.14674441205,148.0,18.4592947354,112.0
2016-09-30,4,0,20.0,24.0,0,113.0,116.0,89.0,1.09654686399,148.0,17.3869977946,138.0
2016-10-01,5,1,20.0,25.0,0,113.0,117.692307692,89.0,1.05851138109,148.0,18.3486935833,90.0
2016-10-02,6,1,23.0,30.0,1,113.0,117.769230769,89.0,0.949190396427,148.0,18.2299577878,104.0
2016-10-03,0,1,26.0,32.0,1,113.0,118.923076923,89.0,0.937455880277,148.0,16.7903889104,111.0
2016-10-04,1,1,25.0,31.0,1,113.0,119.307692308,89.0,0.864512471655,148.0,16.5454368117,107.0
2016-10-05,2,1,25.0,32.0,1,113.0,119.923076923,89.0,0.921711750394,148.0,15.915457114,128.0
2016-10-06,3,1,26.0,33.0,1,116.0,121.615384615,89.0,0.991688162797,148.0,15.5094931799,135.0
2016-10-07,4,1,26.0,33.0,1,116.0,121.769230769,89.0,1.06276030447,148.0,15.6311023587,122.0
2016-10-08,5,0,24.0,31.0,1,117.0,121.692307692,89.0,1.10299384042,148.0,15.6273163963,93.0
2016-10-09,6,0,23.0,28.0,1,117.0,119.461538462,89.0,1.001001001,148.0,17.3941430665,70.0
2016-10-10,0,0,24.0,28.0,1,117.0,114.384615385,70.0,0.821799307958,148.0,21.0696225425,89.0
2016-10-11,1,0,24.0,29.0,1,116.0,109.846153846,70.0,0.732026143791,148.0,19.6462803442,109.0
2016-10-12,2,0,21.0,25.0,0,116.0,108.307692308,70.0,0.775126536515,148.0,18.8532168868,130.0
2016-10-13,3,0,23.0,28.0,1,119.0,109.692307692,70.0,0.938886503507,148.0,19.7148308695,121.0
2016-10-14,4,0,23.0,30.0,1,120.0,108.384615385,70.0,1.03582218386,148.0,18.3073690986,115.0
2016-10-15,5,1,22.0,30.0,1,120.0,110.307692308,70.0,1.05673451711,148.0,17.5735142293,126.0
2016-10-16,6,1,24.0,32.0,1,120.0,112.0,70.0,1.04337800836,148.0,17.9400711773,93.0
2016-10-17,0,0,24.0,32.0,1,120.0,110.615384615,70.0,0.980910425844,148.0,18.6446051654,111.0
2016-10-18,1,0,22.0,24.0,0,120.0,110.923076923,70.0,0.985221674877,148.0,18.6153846154,104.0
2016-10-19,2,0,23.0,26.0,0,120.0,109.076923077,70.0,0.929951690821,148.0,18.0105163231,117.0
2016-10-20,3,0,24.0,30.0,1,120.0,107.692307692,70.0,1.00015062509,148.0,16.6011334895,129.0
2016-10-21,4,0,23.0,28.0,0,120.0,108.230769231,70.0,1.05868118572,148.0,17.160571293,113.0
2016-10-22,5,1,24.0,30.0,1,120.0,109.769230769,70.0,1.07468941775,148.0,16.6139600529,97.0
2016-10-23,6,1,25.0,31.0,1,120.0,111.846153846,70.0,1.01801801802,148.0,12.7511456731,105.0
2016-10-24,0,0,25.0,29.0,0,117.0,113.076923077,70.0,0.948509485095,148.0,11.1594150554,129.0
2016-10-25,1,0,25.0,30.0,0,117.0,114.615384615,70.0,0.986881335719,148.0,11.8486510854,143.0
2016-10-26,2,0,25.0,32.0,1,117.0,115.615384615,70.0,1.11654079668,148.0,13.5336529922,126.0
2016-10-27,3,0,24.0,32.0,1,117.0,116.0,70.0,1.18346714243,143.0,13.7505244655,122.0
2016-10-28,4,0,23.0,32.0,1,117.0,116.538461538,70.0,1.1626523937,143.0,13.837604198,119.0
2016-10-29,5,1,20.0,27.0,1,117.0,116.0,70.0,1.07877718989,143.0,13.5929846159,102.0
2016-10-30,6,1,19.0,27.0,1,116.0,116.692307692,70.0,0.994202898551,143.0,12.5966089172,74.0
2016-10-31,0,0,19.0,26.0,1,116.0,113.846153846,70.0,0.860685630926,143.0,16.9789288139,111.0
