time_stamp,dayofweek,holiday,lt,ht,sunny,m2M,w2A,m1L,d3w3,m1Lar,w2Std,pay_sum
2016-08-01,0,0,28.0,34.0,1,85.0,84.2307692308,58.0,1.065913371,136.0,16.1633671576,85.0
2016-08-02,1,0,28.0,34.0,0,85.0,84.6153846154,58.0,1.06546614144,127.0,16.1175416218,65.0
2016-08-03,2,0,26.0,32.0,0,85.0,84.6923076923,58.0,0.89217919514,127.0,16.0210660136,80.0
2016-08-04,3,0,27.0,32.0,0,85.0,84.3076923077,58.0,0.880719892782,127.0,16.069007989,111.0
2016-08-05,4,0,27.0,33.0,0,86.0,85.8461538462,58.0,0.969696969697,127.0,17.5273243991,87.0
2016-08-06,5,1,27.0,33.0,1,87.0,84.6923076923,58.0,1.07751937984,127.0,16.9087351817,99.0
2016-08-07,6,1,27.0,34.0,1,88.0,84.3846153846,58.0,1.16745283019,127.0,16.6064790949,99.0
2016-08-08,0,0,27.0,34.0,0,89.0,87.0769230769,58.0,1.10400929692,127.0,15.9057877152,57.0
2016-08-09,1,0,28.0,34.0,1,89.0,86.0,57.0,1.0011778563,127.0,17.3648628425,84.0
2016-08-10,2,0,28.0,34.0,1,89.0,88.0,57.0,0.93131548312,127.0,15.412282814,82.0
2016-08-11,3,0,28.0,35.0,1,89.0,87.0769230769,57.0,0.866861030126,127.0,15.3846153846,74.0
2016-08-12,4,0,28.0,34.0,1,89.0,86.3076923077,57.0,0.942285041225,127.0,15.7645396399,86.0
2016-08-13,5,1,28.0,35.0,1,89.0,84.1538461538,57.0,0.959175584621,127.0,13.5977721809,102.0
2016-08-14,6,1,28.0,36.0,1,91.0,85.4615384615,57.0,1.03906404918,127.0,14.4094807712,108.0
2016-08-15,0,0,28.0,35.0,1,92.0,87.2307692308,57.0,1.14396135266,123.0,15.6064771867,65.0
2016-08-16,1,0,28.0,35.0,1,92.0,87.2307692308,57.0,1.06651153772,114.0,15.6064771867,70.0
2016-08-17,2,0,28.0,35.0,1,91.0,86.4615384615,57.0,0.935875216638,114.0,16.1798325779,75.0
2016-08-18,3,0,28.0,36.0,1,89.0,83.6923076923,57.0,0.817757009346,114.0,14.761616627,84.0
2016-08-19,4,0,29.0,36.0,1,88.0,83.4615384615,57.0,0.891744548287,114.0,14.7315223748,116.0
2016-08-20,5,1,28.0,37.0,0,88.0,84.7692307692,57.0,1.0696227149,116.0,16.6786544659,115.0
2016-08-21,6,1,28.0,35.0,0,88.0,86.0,57.0,1.20412844037,116.0,18.2039725166,106.0
2016-08-22,0,0,28.0,35.0,1,88.0,89.7692307692,57.0,1.27289896128,116.0,16.830164523,78.0
2016-08-23,1,0,26.0,34.0,1,87.0,89.3076923077,57.0,1.12110986127,116.0,17.0627106485,79.0
2016-08-24,2,0,26.0,34.0,1,86.0,89.0769230769,57.0,0.986681673232,116.0,17.1798698771,69.0
2016-08-25,3,0,27.0,35.0,1,86.0,88.6923076923,57.0,0.868395773295,116.0,17.5647576146,88.0
2016-08-26,4,0,26.0,34.0,0,86.0,88.8461538462,57.0,0.906298003072,116.0,17.5492544389,97.0
2016-08-27,5,1,23.0,31.0,1,87.0,88.4615384615,57.0,0.976547481738,116.0,17.3099143873,112.0
2016-08-28,6,1,22.0,30.0,1,88.0,88.7692307692,57.0,1.13337149399,116.0,17.6859520357,100.0
2016-08-29,0,0,23.0,31.0,1,88.0,91.4615384615,57.0,1.15083798883,116.0,16.4859631884,74.0
2016-08-30,1,0,23.0,31.0,1,88.0,91.7692307692,57.0,1.07116104869,116.0,16.1157058899,105.0
2016-08-31,2,0,25.0,34.0,1,88.0,94.0769230769,57.0,1.03161397671,116.0,15.6915535264,91.0
2016-09-01,3,0,26.0,33.0,1,88.0,94.6153846154,57.0,0.989010989011,116.0,15.4548397276,54.0
2016-09-02,4,0,25.0,34.0,1,87.0,89.8461538462,54.0,0.932140193885,116.0,17.5448706238,80.0
2016-09-03,5,1,25.0,35.0,1,86.0,87.1538461538,54.0,0.849377123443,116.0,16.1046871049,109.0
2016-09-04,6,1,25.0,33.0,1,86.0,87.3846153846,54.0,0.916808149406,116.0,16.3920171075,103.0
2016-09-05,0,0,25.0,30.0,0,86.0,89.3076923077,54.0,1.0784856879,116.0,16.642783677,65.0
2016-09-06,1,0,22.0,27.0,0,86.0,88.2307692308,54.0,1.02592592593,116.0,17.6946486746,78.0
2016-09-07,2,0,20.0,24.0,0,85.0,88.9230769231,54.0,0.909595119246,116.0,17.0945854606,74.0
2016-09-08,3,0,22.0,29.0,1,85.0,87.8461538462,54.0,0.806841420338,116.0,17.5536371591,82.0
2016-09-09,4,0,23.0,31.0,1,85.0,86.6923076923,54.0,0.886867538374,116.0,17.4063852801,103.0
2016-09-10,5,1,24.0,29.0,1,85.0,86.0,54.0,0.988360999809,116.0,16.5436485605,112.0
2016-09-11,6,1,23.0,26.0,0,85.0,86.9230769231,54.0,1.12949229892,116.0,17.6000941364,115.0
2016-09-12,0,0,23.0,29.0,1,85.0,90.0769230769,54.0,1.22905027933,116.0,18.644287797,55.0
2016-09-13,1,0,23.0,30.0,1,85.0,86.2307692308,54.0,1.06455266138,116.0,20.2566374541,60.0
2016-09-14,2,0,22.0,24.0,0,85.0,83.8461538462,54.0,0.872699677481,116.0,21.3499996536,85.0
2016-09-15,3,1,23.0,26.0,0,85.0,86.2307692308,54.0,0.760167236792,116.0,19.5375529771,78.0
2016-09-16,4,1,23.0,27.0,0,85.0,86.0769230769,54.0,0.856868395773,116.0,19.5938041167,85.0
2016-09-17,5,1,23.0,27.0,0,85.0,84.2307692308,54.0,0.967993754879,116.0,18.4439018321,96.0
2016-09-18,6,0,23.0,28.0,0,85.0,83.6923076923,54.0,1.01330203443,115.0,17.9845430018,66.0
2016-09-19,0,0,21.0,27.0,0,85.0,83.7692307692,54.0,0.970911949686,115.0,17.9063969925,78.0
2016-09-20,1,0,20.0,26.0,1,85.0,83.7692307692,54.0,0.958657878969,115.0,17.9063969925,59.0
2016-09-21,2,0,20.0,27.0,1,84.0,82.6153846154,54.0,0.826715536551,115.0,18.9515108451,68.0
2016-09-22,3,0,21.0,27.0,1,84.0,81.5384615385,54.0,0.827781142742,115.0,19.3494797569,81.0
2016-09-23,4,0,21.0,27.0,1,84.0,79.8461538462,54.0,0.839386602098,115.0,18.3338533188,83.0
2016-09-24,5,1,22.0,28.0,1,84.0,77.6153846154,54.0,0.951209512095,115.0,15.8868037234,88.0
2016-09-25,6,1,23.0,29.0,1,84.0,75.5384615385,54.0,1.04283054004,115.0,12.2009796871,148.0
2016-09-26,0,0,24.0,31.0,1,84.0,82.6923076923,54.0,1.25541125541,148.0,21.6595497339,90.0
2016-09-27,1,0,25.0,30.0,0,85.0,85.0,54.0,1.27393513091,148.0,20.6955959641,71.0
2016-09-28,2,0,22.0,28.0,0,84.0,83.9230769231,54.0,1.20963006459,148.0,21.0291429229,85.0
2016-09-29,3,0,22.0,25.0,0,84.0,84.4615384615,54.0,0.961313012896,148.0,20.9600916932,109.0
2016-09-30,4,0,23.0,28.0,0,84.0,86.3076923077,54.0,1.03193146417,148.0,21.9593492106,157.0
2016-10-01,5,1,24.0,29.0,0,85.0,91.0,55.0,1.33181559476,157.0,28.9375986458,136.0
2016-10-02,6,1,24.0,32.0,1,85.0,96.3846153846,55.0,1.50731158605,157.0,30.2668604291,126.0
2016-10-03,0,1,22.0,26.0,1,85.0,100.076923077,55.0,1.51072651884,157.0,30.7232348519,111.0
2016-10-04,1,1,22.0,26.0,1,85.0,104.076923077,55.0,1.30877192982,157.0,28.4130564204,127.0
2016-10-05,2,1,22.0,27.0,1,85.0,108.615384615,55.0,1.24957088912,157.0,26.9630472529,134.0
2016-10-06,3,1,22.0,26.0,0,85.0,112.692307692,55.0,1.24124124124,157.0,26.4818794807,152.0
2016-10-07,4,1,20.0,25.0,0,85.0,118.0,55.0,1.33333333333,157.0,26.9101067659,138.0
2016-10-08,5,0,17.0,22.0,0,86.0,121.846153846,55.0,1.34155987977,157.0,25.9017259711,83.0
2016-10-09,6,0,18.0,22.0,1,86.0,116.846153846,55.0,1.1707470182,157.0,26.6338308688,78.0
2016-10-10,0,0,18.0,22.0,1,86.0,115.923076923,55.0,0.938480853735,157.0,27.7335163474,80.0
2016-10-11,1,0,19.0,25.0,1,85.0,116.615384615,55.0,0.749028749029,157.0,26.6964084635,77.0
2016-10-12,2,0,19.0,23.0,1,85.0,116.0,59.0,0.72732900031,157.0,27.4982516927,81.0
2016-10-13,3,0,19.0,23.0,1,85.0,113.846153846,59.0,0.736614051377,157.0,29.0168284166,78.0
2016-10-14,4,0,19.0,23.0,0,85.0,107.769230769,59.0,0.73212346828,157.0,27.5796855177,107.0
2016-10-15,5,1,21.0,25.0,1,85.0,105.538461538,59.0,0.817958179582,157.0,26.3515154567,116.0
2016-10-16,6,1,20.0,26.0,1,85.0,104.769230769,59.0,0.939450686642,157.0,25.8848154067,99.0
2016-10-17,0,0,20.0,25.0,1,88.0,103.846153846,59.0,1.00077700078,157.0,25.8601152768,73.0
2016-10-18,1,0,20.0,25.0,1,85.0,99.6923076923,59.0,0.89427107592,157.0,26.1427578305,65.0
2016-10-19,2,0,20.0,24.0,0,85.0,94.3846153846,59.0,0.742830277386,157.0,25.6381280414,84.0
2016-10-20,3,0,20.0,23.0,0,85.0,89.1538461538,65.0,0.704091341579,157.0,19.5678156237,92.0
2016-10-21,4,0,0.0,21.0,0,85.0,85.6153846154,65.0,0.788741613484,157.0,13.6918755334,81.0
2016-10-22,5,1,19.0,23.0,0,85.0,85.4615384615,65.0,0.864446686848,157.0,13.7315772225,87.0
2016-10-23,6,1,18.0,23.0,1,85.0,86.1538461538,65.0,0.892091267799,157.0,13.5637875006,119.0
2016-10-24,0,0,20.0,24.0,1,85.0,89.1538461538,65.0,0.98069366137,157.0,15.9703867968,63.0
2016-10-25,1,0,18.0,22.0,1,85.0,88.0769230769,63.0,0.950362126833,157.0,17.1798698771,80.0
2016-10-26,2,0,19.0,21.0,0,85.0,88.0,63.0,0.952900527369,157.0,17.2135903375,64.0
2016-10-27,3,0,18.0,22.0,0,84.0,86.9230769231,63.0,0.790830945559,157.0,18.2143710737,84.0
2016-10-28,4,0,15.0,20.0,0,84.0,85.1538461538,63.0,0.898876404494,157.0,17.2709010671,93.0
2016-10-29,5,1,13.0,17.0,1,84.0,83.3846153846,63.0,0.944542426024,157.0,15.0565010827,92.0
2016-10-30,6,1,14.0,18.0,1,84.0,82.8461538462,63.0,1.04567541302,152.0,14.6068801168,110.0
2016-10-31,0,0,13.0,17.0,0,85.0,85.6923076923,63.0,1.1270296084,152.0,15.9537052141,83.0
