time_stamp,dayofweek,holiday,lt,ht,sunny,m2M,w2A,m1L,d3w3,m1Lar,w2Std,pay_sum
2016-08-01,0,0,27.0,37.0,1,92.0,90.1538461538,74.0,1.00036114121,128.0,9.61446149415,85.0
2016-08-02,1,0,27.0,35.0,0,92.0,89.6153846154,74.0,0.951343500363,128.0,9.69169717247,83.0
2016-08-03,2,0,26.0,32.0,0,92.0,89.1538461538,74.0,0.912052117264,128.0,9.85156101528,108.0
2016-08-04,3,0,27.0,33.0,0,93.0,91.4615384615,74.0,1.00327153762,128.0,10.4632351565,79.0
2016-08-05,4,0,26.0,33.0,0,93.0,91.6923076923,74.0,0.978792822186,128.0,10.1480169748,92.0
2016-08-06,5,1,26.0,34.0,0,93.0,90.3846153846,74.0,1.02310231023,128.0,8.84515044477,91.0
2016-08-07,6,1,27.0,35.0,1,93.0,90.2307692308,74.0,0.967146548542,128.0,8.81566652791,96.0
2016-08-08,0,0,26.0,34.0,0,93.0,91.7692307692,74.0,1.02990033223,128.0,7.89502127589,76.0
2016-08-09,1,0,26.0,30.0,0,93.0,89.7692307692,74.0,0.979515828678,116.0,8.33116342558,71.0
2016-08-10,2,0,27.0,35.0,0,93.0,88.2307692308,71.0,0.914221218962,116.0,9.69658025487,92.0
2016-08-11,3,0,27.0,36.0,1,93.0,88.4615384615,71.0,0.892123926838,116.0,9.74770493395,87.0
2016-08-12,4,0,27.0,36.0,1,93.0,87.4615384615,71.0,0.927471712113,116.0,9.16192274593,80.0
2016-08-13,5,1,27.0,35.0,1,93.0,86.4615384615,71.0,0.976621417798,113.0,9.21216073055,99.0
2016-08-14,6,1,28.0,35.0,1,94.0,87.6153846154,71.0,0.999624201428,113.0,9.75498658705,91.0
2016-08-15,0,0,27.0,36.0,1,94.0,88.0769230769,71.0,1.00614868642,109.0,9.76226280879,86.0
2016-08-16,1,0,26.0,36.0,1,94.0,88.3076923077,71.0,1.03778905809,109.0,9.67458697496,86.0
2016-08-17,2,0,28.0,37.0,1,94.0,86.6153846154,71.0,0.991704374057,109.0,7.8303007265,107.0
2016-08-18,3,0,28.0,37.0,1,94.0,88.7692307692,71.0,1.04143337066,109.0,9.17483050486,98.0
2016-08-19,4,0,28.0,38.0,1,95.0,89.2307692308,71.0,1.08744394619,109.0,9.47185178998,97.0
2016-08-20,5,1,27.0,37.0,0,96.0,89.6923076923,71.0,1.12602535421,109.0,9.6904760174,111.0
2016-08-21,6,1,27.0,35.0,0,96.0,90.8461538462,71.0,1.12396694215,111.0,11.155172335,105.0
2016-08-22,0,0,27.0,36.0,1,96.0,93.0769230769,71.0,1.13714804723,111.0,10.8589667908,82.0
2016-08-23,1,0,27.0,35.0,0,96.0,93.9230769231,71.0,1.08324245729,111.0,9.44181809791,96.0
2016-08-24,2,0,27.0,35.0,1,96.0,94.2307692308,71.0,1.03549213319,111.0,9.43931097676,98.0
2016-08-25,3,0,26.0,35.0,1,96.0,95.0769230769,71.0,0.999456816947,111.0,9.24422096781,119.0
2016-08-26,4,0,25.0,34.0,0,96.0,98.0769230769,71.0,1.1170592434,119.0,10.1486000434,89.0
2016-08-27,5,1,23.0,31.0,1,95.0,97.3076923077,71.0,1.09324758842,119.0,10.424708927,94.0
2016-08-28,6,1,21.0,31.0,1,94.0,97.5384615385,71.0,1.08011444921,119.0,10.3151522948,93.0
2016-08-29,0,0,21.0,32.0,1,94.0,98.0769230769,71.0,0.978203083466,119.0,9.87196137056,92.0
2016-08-30,1,0,21.0,32.0,1,93.0,98.5384615385,71.0,0.977917981073,119.0,9.42676536917,80.0
2016-08-31,2,0,21.0,33.0,1,93.0,96.4615384615,71.0,0.934744268078,119.0,10.2703110927,81.0
2016-09-01,3,0,23.0,33.0,0,93.0,95.1538461538,71.0,0.89525831564,119.0,11.0442895363,96.0
2016-09-02,4,0,22.0,34.0,1,93.0,95.0769230769,71.0,0.901754385965,119.0,11.0346415261,58.0
2016-09-03,5,1,23.0,35.0,1,93.0,91.0,58.0,0.842746996593,119.0,13.8341828593,24.0
2016-09-04,6,1,24.0,32.0,1,92.0,84.7692307692,24.0,0.662202380952,119.0,21.9725487691,24.0
2016-09-05,0,0,24.0,30.0,0,92.0,80.3076923077,24.0,0.408477842004,119.0,27.319715663,2.0
2016-09-06,1,0,23.0,28.0,0,92.0,73.0769230769,2.0,0.202511138113,119.0,33.8650297015,78.0
2016-09-07,2,0,21.0,27.0,0,92.0,71.5384615385,2.0,0.428777571635,119.0,33.144474849,85.0
2016-09-08,3,0,22.0,30.0,1,91.0,68.9230769231,2.0,0.68578553616,119.0,30.5348767514,87.0
2016-09-09,4,0,22.0,29.0,1,91.0,68.7692307692,2.0,1.04558762024,119.0,30.4382195127,111.0
2016-09-10,5,1,22.0,28.0,0,91.0,70.0769230769,2.0,1.18360518611,119.0,31.8275679693,100.0
2016-09-11,6,1,21.0,25.0,0,91.0,70.6153846154,2.0,1.25026221943,119.0,32.2670073498,113.0
2016-09-12,0,0,21.0,27.0,1,91.0,72.2307692308,2.0,1.33333333333,119.0,33.7870112644,96.0
2016-09-13,1,0,21.0,28.0,0,92.0,73.4615384615,2.0,1.27160493827,119.0,34.3345875951,84.0
2016-09-14,2,0,21.0,25.0,0,91.0,73.6923076923,2.0,1.21627231216,119.0,34.3945089879,79.0
2016-09-15,3,1,22.0,25.0,0,91.0,72.3846153846,2.0,1.10259684972,119.0,33.8402092682,130.0
2016-09-16,4,1,23.0,27.0,0,91.0,77.9230769231,2.0,1.21551545323,130.0,36.7956133223,125.0
2016-09-17,5,1,22.0,27.0,1,91.0,85.6923076923,2.0,1.35938135938,130.0,35.2188424555,137.0
2016-09-18,6,0,22.0,26.0,0,91.0,94.3846153846,2.0,1.55370590567,137.0,32.7802437254,113.0
2016-09-19,0,0,20.0,27.0,1,92.0,102.923076923,2.0,1.4679976512,137.0,19.2811647368,117.0
2016-09-20,1,0,19.0,26.0,1,92.0,105.923076923,2.0,1.4061302682,137.0,18.1720899203,138.0
2016-09-21,2,0,19.0,26.0,1,92.0,110.0,2.0,1.36523836023,138.0,18.9493251351,126.0
2016-09-22,3,0,20.0,27.0,1,92.0,113.0,2.0,1.39025725233,138.0,18.1404774765,132.0
2016-09-23,4,0,20.0,29.0,1,92.0,114.615384615,2.0,1.38874276696,138.0,18.8130006666,150.0
2016-09-24,5,1,21.0,30.0,1,92.0,118.461538462,2.0,1.34188455846,150.0,20.4699230941,160.0
2016-09-25,6,1,21.0,30.0,1,93.0,122.076923077,2.0,1.36230543998,160.0,23.1598509975,159.0
2016-09-26,0,0,24.0,31.0,1,93.0,126.923076923,2.0,1.34770114943,160.0,23.7793107827,132.0
2016-09-27,1,0,23.0,28.0,0,93.0,130.615384615,2.0,1.26649817467,160.0,20.2998236504,140.0
2016-09-28,2,0,22.0,28.0,0,94.0,135.307692308,2.0,1.18292850281,160.0,13.8529897655,112.0
2016-09-29,3,0,22.0,25.0,0,96.0,133.923076923,2.0,1.04319478403,160.0,15.1528699412,93.0
2016-09-30,4,0,22.0,29.0,0,96.0,131.461538462,2.0,0.944170771757,160.0,18.6077543167,409.0
2016-10-01,5,1,23.0,30.0,0,96.0,152.384615385,2.0,1.49119611415,409.0,76.3630382415,179.0
2016-10-02,6,1,22.0,30.0,1,96.0,157.461538462,2.0,1.61508360014,409.0,75.7674736227,115.0
2016-10-03,0,1,21.0,27.0,0,96.0,157.307692308,2.0,1.65606595995,409.0,75.8514587004,142.0
2016-10-04,1,1,20.0,27.0,1,96.0,157.615384615,2.0,1.00646352724,409.0,75.7805926663,120.0
2016-10-05,2,1,21.0,27.0,1,97.0,157.153846154,78.0,0.858085808581,409.0,75.9897221328,126.0
2016-10-06,3,1,22.0,27.0,0,98.0,156.692307692,79.0,0.88433048433,409.0,76.1591295759,151.0
2016-10-07,4,1,20.0,23.0,0,98.0,156.769230769,79.0,0.896871117135,409.0,76.1528360461,115.0
2016-10-08,5,0,17.0,22.0,0,99.0,153.307692308,79.0,0.89222715375,409.0,76.9459196853,154.0
2016-10-09,6,0,16.0,22.0,1,100.0,152.923076923,79.0,0.942760942761,409.0,76.928999772,113.0
2016-10-10,0,0,15.0,21.0,1,105.0,151.461538462,79.0,0.858619914588,409.0,77.4910569377,111.0
2016-10-11,1,0,17.0,23.0,1,107.0,149.230769231,79.0,0.857434501531,409.0,78.2030432677,68.0
2016-10-12,2,0,18.0,25.0,1,107.0,145.846153846,68.0,0.675691310887,409.0,80.6548640851,71.0
2016-10-13,3,0,18.0,23.0,1,107.0,144.153846154,68.0,0.591016548463,409.0,81.9660775554,56.0
2016-10-14,4,0,19.0,22.0,0,107.0,117.0,56.0,0.476889214967,409.0,34.3981215945,87.0
2016-10-15,5,1,20.0,23.0,0,107.0,109.923076923,56.0,0.537755999497,409.0,30.1112336269,94.0
2016-10-16,6,1,20.0,26.0,0,105.0,108.307692308,56.0,0.610510046368,409.0,30.3578265549,78.0
2016-10-17,0,0,20.0,24.0,0,105.0,103.384615385,56.0,0.681399631676,409.0,29.6765601924,86.0
2016-10-18,1,0,20.0,24.0,0,105.0,100.769230769,56.0,0.693548387097,409.0,29.5950979469,136.0
2016-10-19,2,0,20.0,24.0,0,105.0,101.538461538,56.0,0.798722044728,409.0,30.3609450157,99.0
2016-10-20,3,0,21.0,25.0,0,100.0,97.5384615385,56.0,0.852589641434,409.0,26.7972885672,74.0
2016-10-21,4,0,21.0,25.0,0,100.0,94.3846153846,56.0,0.947126436782,409.0,26.9687524641,72.0
2016-10-22,5,1,20.0,23.0,0,100.0,88.0769230769,56.0,0.789813023856,409.0,21.2764280492,84.0
2016-10-23,6,1,17.0,23.0,0,100.0,85.8461538462,56.0,0.752740958927,409.0,20.030154782,87.0
2016-10-24,0,0,19.0,24.0,1,99.0,84.0,56.0,0.817356205853,409.0,18.6877170685,71.0
2016-10-25,1,0,19.0,23.0,1,99.0,84.2307692308,56.0,0.834626659769,409.0,18.5063558569,75.0
2016-10-26,2,0,19.0,24.0,0,99.0,84.5384615385,56.0,0.825363088913,409.0,18.3160937413,109.0
2016-10-27,3,0,18.0,24.0,0,100.0,88.6153846154,56.0,0.923913043478,409.0,17.3849557489,72.0
2016-10-28,4,0,15.0,19.0,0,100.0,87.4615384615,56.0,0.949731033203,409.0,17.9427096171,67.0
2016-10-29,5,1,12.0,15.0,0,100.0,85.3846153846,56.0,0.966861598441,409.0,18.6157024766,75.0
2016-10-30,6,1,14.0,18.0,1,100.0,85.1538461538,56.0,0.85326953748,179.0,18.7240945302,65.0
2016-10-31,0,0,12.0,17.0,0,100.0,83.5384615385,56.0,0.848708487085,154.0,19.4723290244,57.0
