time_stamp,dayofweek,holiday,lt,ht,sunny,m2M,w2A,m1L,d3w3,m1Lar,w2Std,pay_sum
2016-08-01,0,0,28.0,34.0,1,274.0,324.923076923,233.0,1.1739449157,528.0,87.7272534958,238.0
2016-08-02,1,0,28.0,34.0,0,274.0,322.769230769,233.0,1.14183388634,495.0,89.4738069503,62.0
2016-08-03,2,0,26.0,32.0,0,273.0,308.769230769,62.0,0.803291111833,495.0,112.085238063,133.0
2016-08-04,3,0,27.0,32.0,0,267.0,297.0,62.0,0.479194333776,495.0,121.495805562,243.0
2016-08-05,4,0,27.0,33.0,0,267.0,294.307692308,62.0,0.486342438374,495.0,122.27232193,431.0
2016-08-06,5,1,27.0,33.0,1,267.0,291.384615385,62.0,0.889844525306,495.0,118.455794067,698.0
2016-08-07,6,1,27.0,34.0,1,267.0,307.0,62.0,1.4527742482,698.0,152.698798544,720.0
2016-08-08,0,0,27.0,34.0,0,267.0,341.384615385,62.0,1.82644342372,720.0,187.52703947,317.0
2016-08-09,1,0,28.0,34.0,1,267.0,344.384615385,62.0,1.70098039216,720.0,186.799579336,313.0
2016-08-10,2,0,28.0,34.0,1,267.0,349.076923077,62.0,1.31023438637,720.0,185.179107286,260.0
2016-08-11,3,0,28.0,35.0,1,267.0,348.923076923,62.0,0.867066101612,720.0,185.252202951,306.0
2016-08-12,4,0,28.0,34.0,1,273.0,351.307692308,62.0,0.852859845728,720.0,184.483221924,297.0
2016-08-13,5,1,28.0,35.0,1,274.0,343.076923077,62.0,0.858834651938,720.0,184.335589259,559.0
2016-08-14,6,1,28.0,36.0,1,275.0,352.076923077,62.0,1.14544827246,720.0,191.656528331,608.0
2016-08-15,0,0,28.0,35.0,1,275.0,380.538461538,62.0,1.37503522119,720.0,199.898287746,313.0
2016-08-16,1,0,28.0,35.0,1,276.0,399.846153846,62.0,1.38324220758,720.0,179.254801954,290.0
2016-08-17,2,0,28.0,35.0,1,276.0,411.923076923,62.0,1.12583089295,720.0,165.641624989,267.0
2016-08-18,3,0,28.0,36.0,1,275.0,413.769230769,62.0,0.808249721293,720.0,163.872912225,267.0
2016-08-19,4,0,29.0,36.0,1,275.0,401.153846154,62.0,0.766369047619,720.0,168.313282146,337.0
2016-08-20,5,1,28.0,37.0,0,276.0,373.384615385,62.0,0.817725203023,720.0,145.246495237,522.0
2016-08-21,6,1,28.0,35.0,0,278.0,358.153846154,62.0,1.04535115815,720.0,115.420199641,526.0
2016-08-22,0,0,28.0,35.0,1,278.0,374.230769231,62.0,1.23622082385,720.0,122.88277957,281.0
2016-08-23,1,0,26.0,34.0,1,278.0,371.769230769,62.0,1.15244536941,720.0,124.39586553,299.0
2016-08-24,2,0,26.0,34.0,1,278.0,374.769230769,62.0,0.938799762329,720.0,122.113537236,261.0
2016-08-25,3,0,27.0,35.0,1,278.0,371.307692308,62.0,0.71222899729,720.0,124.625830521,249.0
2016-08-26,4,0,26.0,34.0,0,278.0,367.615384615,62.0,0.701343736454,720.0,127.451673171,271.0
2016-08-27,5,1,23.0,31.0,1,278.0,345.461538462,62.0,0.716875487631,720.0,116.848761808,426.0
2016-08-28,6,1,22.0,30.0,1,278.0,331.461538462,62.0,0.904960061224,720.0,93.029867317,505.0
2016-08-29,0,0,23.0,31.0,1,281.0,346.230769231,62.0,1.11964976014,720.0,103.570231724,235.0
2016-08-30,1,0,23.0,31.0,1,281.0,342.0,62.0,1.09808353346,720.0,106.852162427,264.0
2016-08-31,2,0,25.0,34.0,1,278.0,341.769230769,62.0,0.944985646383,720.0,107.017003571,307.0
2016-09-01,3,0,26.0,33.0,1,278.0,344.846153846,133.0,0.758516845473,720.0,105.385626048,281.0
2016-09-02,4,0,25.0,34.0,1,281.0,340.538461538,235.0,0.803621958121,720.0,106.75393373,255.0
2016-09-03,5,1,25.0,35.0,1,281.0,320.0,235.0,0.830869308102,720.0,94.8918412639,526.0
2016-09-04,6,1,25.0,33.0,1,281.0,320.0,235.0,1.05956300509,720.0,94.8918412639,533.0
2016-09-05,0,0,25.0,30.0,0,286.0,339.384615385,235.0,1.26919733411,720.0,109.551911447,231.0
2016-09-06,1,0,22.0,27.0,0,281.0,334.153846154,231.0,1.25675873155,608.0,112.926692459,278.0
2016-09-07,2,0,20.0,24.0,0,281.0,335.461538462,231.0,1.01352008559,608.0,112.167879253,243.0
2016-09-08,3,0,22.0,29.0,1,278.0,335.0,231.0,0.73401659346,608.0,112.534439173,258.0
2016-09-09,4,0,23.0,31.0,1,278.0,334.0,231.0,0.769268750309,608.0,113.154761279,270.0
2016-09-10,5,1,24.0,29.0,1,278.0,322.0,231.0,0.790890906293,608.0,111.013512691,447.0
2016-09-11,6,1,23.0,26.0,0,281.0,317.538461538,231.0,1.01246105919,608.0,104.546357318,469.0
2016-09-12,0,0,23.0,29.0,1,281.0,335.538461538,231.0,1.19652945924,608.0,108.841886299,240.0
2016-09-13,1,0,23.0,30.0,1,281.0,333.692307692,231.0,1.17676999033,533.0,110.234285198,233.0
2016-09-14,2,0,22.0,24.0,0,281.0,328.0,231.0,0.963042478148,533.0,113.332730013,292.0
2016-09-15,3,1,23.0,26.0,0,281.0,328.846153846,231.0,0.776965265082,533.0,113.019294577,538.0
2016-09-16,4,1,23.0,27.0,0,281.0,350.615384615,231.0,1.03742741424,538.0,123.470668246,409.0
2016-09-17,5,1,23.0,27.0,0,286.0,341.615384615,231.0,1.21221015556,538.0,114.28071946,394.0
2016-09-18,6,0,23.0,28.0,0,290.0,330.923076923,231.0,1.33373116515,538.0,101.682357246,222.0
2016-09-19,0,0,21.0,27.0,0,290.0,330.230769231,222.0,1.02142501246,538.0,102.388516368,160.0
2016-09-20,1,0,20.0,26.0,1,290.0,321.153846154,160.0,0.785504605729,538.0,111.446327995,179.0
2016-09-21,2,0,20.0,27.0,1,281.0,316.230769231,160.0,0.579126664602,538.0,116.106154244,194.0
2016-09-22,3,0,21.0,27.0,1,281.0,311.307692308,160.0,0.557735572647,538.0,119.76989773,215.0
2016-09-23,4,0,21.0,27.0,1,281.0,307.076923077,160.0,0.619175485705,538.0,122.103021785,199.0
2016-09-24,5,1,22.0,28.0,1,281.0,288.0,160.0,0.675105485232,538.0,118.058003997,383.0
2016-09-25,6,1,23.0,29.0,1,281.0,281.384615385,160.0,0.90764149869,538.0,109.854826204,372.0
2016-09-26,0,0,24.0,31.0,1,290.0,291.538461538,160.0,1.06088407006,538.0,111.646154906,204.0
2016-09-27,1,0,25.0,30.0,0,290.0,289.307692308,160.0,1.07977256094,538.0,113.074097296,223.0
2016-09-28,2,0,22.0,28.0,0,281.0,284.0,160.0,0.902671863526,538.0,114.434395045,182.0
2016-09-29,3,0,22.0,25.0,0,281.0,256.615384615,160.0,0.696995708155,538.0,90.4591182303,196.0
2016-09-30,4,0,23.0,28.0,0,281.0,240.230769231,160.0,0.69669043065,538.0,80.0674272061,297.0
2016-10-01,5,1,24.0,29.0,0,281.0,232.769230769,160.0,0.803427959293,538.0,69.1677490945,354.0
2016-10-02,6,1,24.0,32.0,1,290.0,242.923076923,160.0,1.0292866691,538.0,76.1753660348,341.0
2016-10-03,0,1,22.0,26.0,1,292.0,256.846153846,160.0,1.18370025655,538.0,76.2877610447,281.0
2016-10-04,1,1,22.0,26.0,1,290.0,264.692307692,160.0,1.15468796214,538.0,73.0546524769,267.0
2016-10-05,2,1,22.0,27.0,1,281.0,270.307692308,160.0,1.05644682115,538.0,70.153002694,350.0
2016-10-06,3,1,22.0,26.0,0,281.0,280.692307692,160.0,1.10414361244,538.0,71.1816577664,314.0
2016-10-07,4,1,20.0,25.0,0,281.0,289.538461538,160.0,1.16513359615,538.0,67.5318903409,300.0
2016-10-08,5,0,17.0,22.0,0,281.0,283.153846154,160.0,1.22810370087,538.0,62.0989856895,51.0
2016-10-09,6,0,18.0,22.0,1,281.0,258.461538462,51.0,0.875806664033,538.0,82.3721530472,51.0
2016-10-10,0,0,18.0,22.0,1,281.0,246.692307692,51.0,0.541086210378,538.0,98.6371630818,51.0
2016-10-11,1,0,19.0,25.0,1,281.0,233.461538462,51.0,0.211398963731,538.0,111.610321679,51.0
2016-10-12,2,0,19.0,23.0,1,278.0,223.384615385,51.0,0.217855617258,538.0,121.295277644,51.0
2016-10-13,3,0,19.0,23.0,1,271.0,212.230769231,51.0,0.225763612218,538.0,129.677798258,51.0
2016-10-14,4,0,19.0,23.0,0,270.0,193.307692308,51.0,0.233409610984,538.0,133.810074713,51.0
2016-10-15,5,1,21.0,25.0,1,267.0,170.0,51.0,0.252600297177,409.0,130.128339017,51.0
2016-10-16,6,1,20.0,26.0,1,267.0,147.692307692,51.0,0.274414850686,394.0,123.595111065,51.0
2016-10-17,0,0,20.0,25.0,1,267.0,130.0,51.0,0.286195286195,383.0,119.64498768,2.0
2016-10-18,1,0,20.0,25.0,1,264.0,109.615384615,2.0,0.207398544222,383.0,117.11502463,224.0
2016-10-19,2,0,20.0,24.0,0,261.0,99.9230769231,2.0,0.545544066962,383.0,100.913109264,183.0
2016-10-20,3,0,20.0,23.0,0,258.0,89.8461538462,2.0,0.808620007908,383.0,84.1873790594,208.0
2016-10-21,4,0,0.0,21.0,0,255.0,82.7692307692,2.0,1.24885775206,383.0,68.6587479396,202.0
2016-10-22,5,1,19.0,23.0,0,249.0,94.3846153846,2.0,1.26264239327,383.0,74.7997721732,410.0
2016-10-23,6,1,18.0,23.0,1,249.0,122.0,2.0,1.70833333333,410.0,111.131246039,490.0
2016-10-24,0,0,20.0,24.0,1,255.0,155.769230769,2.0,2.15507969101,490.0,145.736935737,235.0
2016-10-25,1,0,18.0,22.0,1,243.0,169.923076923,2.0,2.24064751752,490.0,143.796577224,157.0
2016-10-26,2,0,19.0,21.0,0,240.0,178.076923077,2.0,1.84673366834,490.0,139.770945335,206.0
2016-10-27,3,0,18.0,22.0,0,235.0,190.0,2.0,1.29605548331,490.0,134.95013324,218.0
2016-10-28,4,0,15.0,20.0,0,235.0,202.846153846,2.0,1.29369850813,490.0,128.920873857,235.0
2016-10-29,5,1,13.0,17.0,1,235.0,217.0,2.0,1.38242080973,490.0,121.351365242,436.0
2016-10-30,6,1,14.0,18.0,1,235.0,246.615384615,2.0,1.66339227243,490.0,124.172050901,413.0
2016-10-31,0,0,13.0,17.0,0,235.0,278.230769231,2.0,1.84118895966,490.0,109.297162921,210.0
