time_stamp,dayofweek,holiday,lt,ht,sunny,m2M,w2A,m1L,d3w3,m1Lar,w2Std,pay_sum
2016-08-01,0,0,23.0,27.0,0,1.0,6.69230769231,1.0,0.0392927308448,162.0,13.3496448549,1.0
2016-08-02,1,0,23.0,28.0,1,1.0,3.84615384615,1.0,0.0484261501211,162.0,9.85936613539,1.0
2016-08-03,2,0,23.0,29.0,1,1.0,1.0,1.0,0.0611620795107,162.0,0.0,78.0
2016-08-04,3,0,23.0,30.0,1,1.0,6.92307692308,1.0,1.67189132706,162.0,20.5181403358,55.0
2016-08-05,4,0,24.0,31.0,1,38.0,11.0769230769,1.0,2.65873015873,162.0,24.0590988336,94.0
2016-08-06,5,1,23.0,30.0,1,38.0,18.2307692308,1.0,3.86054421769,162.0,32.3850721693,104.0
2016-08-07,6,1,23.0,27.0,0,38.0,26.1538461538,1.0,3.6826783115,162.0,39.1031105468,100.0
2016-08-08,0,0,24.0,29.0,1,38.0,33.7692307692,1.0,3.82051282051,162.0,42.9170108755,65.0
2016-08-09,1,0,24.0,31.0,1,38.0,38.6923076923,1.0,3.27848872639,107.0,42.5447901816,109.0
2016-08-10,2,0,25.0,31.0,1,38.0,47.0,1.0,2.95577130529,109.0,44.855322984,74.0
2016-08-11,3,0,26.0,32.0,1,55.0,52.6153846154,1.0,2.39266763145,109.0,43.2871245052,71.0
2016-08-12,4,0,26.0,31.0,1,65.0,58.0,1.0,2.22514235655,109.0,40.8147786206,75.0
2016-08-13,5,1,25.0,29.0,0,71.0,63.6923076923,1.0,1.75648702595,109.0,37.493352468,125.0
2016-08-14,6,1,24.0,32.0,1,74.0,73.2307692308,1.0,1.88390684741,125.0,36.0771690987,91.0
2016-08-15,0,0,25.0,31.0,0,75.0,80.1538461538,1.0,1.84938036225,125.0,29.6072916015,62.0
2016-08-16,1,0,24.0,32.0,1,75.0,84.8461538462,1.0,1.66966966967,125.0,19.9493441336,72.0
2016-08-17,2,0,24.0,31.0,1,75.0,84.3846153846,1.0,1.27011007621,125.0,20.1705743846,49.0
2016-08-18,3,0,24.0,28.0,0,75.0,83.9230769231,1.0,0.992676973149,125.0,20.8933612513,87.0
2016-08-19,4,0,24.0,27.0,0,75.0,83.3846153846,1.0,1.05449936629,125.0,20.7161715409,70.0
2016-08-20,5,1,24.0,27.0,1,75.0,80.7692307692,1.0,0.992292870906,125.0,20.0850263635,104.0
2016-08-21,6,1,23.0,31.0,1,78.0,81.0769230769,1.0,1.17014122394,125.0,20.4053595466,115.0
2016-08-22,0,0,24.0,31.0,1,78.0,84.9230769231,1.0,1.20341453258,125.0,21.6846685949,56.0
2016-08-23,1,0,24.0,31.0,1,75.0,80.8461538462,1.0,1.10708534622,125.0,21.756859763,55.0
2016-08-24,2,0,23.0,29.0,1,75.0,79.3846153846,1.0,0.922637272913,125.0,22.7817013667,62.0
2016-08-25,3,0,20.0,25.0,0,74.0,78.6923076923,1.0,0.70325203252,125.0,23.1595955039,50.0
2016-08-26,4,0,19.0,27.0,1,72.0,76.7692307692,1.0,0.697577276525,125.0,24.3915302013,84.0
2016-08-27,5,1,20.0,28.0,1,72.0,73.6153846154,1.0,0.82910321489,125.0,20.2505022218,129.0
2016-08-28,6,1,20.0,28.0,1,72.0,76.5384615385,1.0,1.09241952233,129.0,24.7840376192,142.0
2016-08-29,0,0,20.0,27.0,1,72.0,82.6923076923,1.0,1.40705509314,142.0,29.828702273,49.0
2016-08-30,1,0,19.0,25.0,1,71.0,80.9230769231,1.0,1.3152486642,142.0,31.0668300442,58.0
2016-08-31,2,0,18.0,23.0,0,70.0,81.6153846154,1.0,1.03362391034,142.0,30.4417184937,68.0
2016-09-01,3,0,18.0,20.0,0,68.0,80.1538461538,49.0,0.727802037846,142.0,30.6037859746,83.0
2016-09-02,4,0,20.0,25.0,1,68.0,81.1538461538,49.0,0.864887233602,142.0,30.4677538337,103.0
2016-09-03,5,1,20.0,26.0,0,68.0,81.0769230769,49.0,1.06565974407,142.0,30.4111860454,162.0
2016-09-04,6,1,21.0,27.0,1,68.0,84.6923076923,49.0,1.39759036145,162.0,36.4277675479,126.0
2016-09-05,0,0,21.0,26.0,0,68.0,90.0769230769,49.0,1.51198762568,162.0,36.9583165169,69.0
2016-09-06,1,0,22.0,28.0,1,68.0,91.1538461538,49.0,1.38291690877,162.0,36.1148726104,74.0
2016-09-07,2,0,20.0,26.0,0,68.0,92.0769230769,49.0,1.02710958381,162.0,35.5061458135,54.0
2016-09-08,3,0,20.0,27.0,1,65.0,92.3846153846,49.0,0.766686125705,162.0,35.1557818016,79.0
2016-09-09,4,0,20.0,28.0,1,65.0,92.0,49.0,0.801393728223,162.0,35.2725650634,99.0
2016-09-10,5,1,19.0,26.0,0,65.0,89.6923076923,49.0,0.900795961949,162.0,33.7237296399,144.0
2016-09-11,6,1,19.0,26.0,1,65.0,89.8461538462,49.0,1.22947689958,162.0,33.9656979768,135.0
2016-09-12,0,0,19.0,24.0,0,65.0,96.4615384615,49.0,1.38082191781,162.0,33.7402188325,63.0
2016-09-13,1,0,18.0,24.0,1,65.0,96.8461538462,49.0,1.24386252046,162.0,33.3255414956,64.0
2016-09-14,2,0,19.0,26.0,1,65.0,96.5384615385,49.0,0.951861943688,162.0,33.6077266405,106.0
2016-09-15,3,1,20.0,27.0,1,68.0,98.3076923077,49.0,0.821434866913,162.0,33.4534915169,177.0
2016-09-16,4,1,19.0,27.0,1,69.0,104.0,49.0,1.16599462366,177.0,39.51435961,131.0
2016-09-17,5,1,16.0,25.0,1,70.0,101.615384615,49.0,1.38972809668,177.0,36.7832287484,120.0
2016-09-18,6,0,15.0,23.0,1,71.0,101.153846154,49.0,1.4528173795,177.0,36.5110018274,74.0
2016-09-19,0,0,16.0,23.0,1,72.0,101.538461538,49.0,1.08932461874,177.0,36.1952299973,75.0
2016-09-20,1,0,17.0,24.0,1,74.0,101.615384615,49.0,0.893984712529,177.0,36.1376395754,53.0
2016-09-21,2,0,17.0,24.0,1,74.0,101.538461538,49.0,0.676377029968,177.0,36.2398322814,101.0
2016-09-22,3,0,18.0,24.0,1,74.0,103.230769231,49.0,0.759913721586,177.0,35.6568125892,68.0
2016-09-23,4,0,20.0,24.0,0,74.0,100.846153846,49.0,0.749746707194,177.0,36.8757709778,115.0
2016-09-24,5,1,20.0,25.0,1,74.0,98.6153846154,49.0,0.982528974226,177.0,35.0286442381,144.0
2016-09-25,6,1,19.0,25.0,1,75.0,99.3076923077,49.0,1.12082262211,177.0,35.8208890827,151.0
2016-09-26,0,0,19.0,24.0,1,75.0,106.076923077,49.0,1.34846242394,177.0,36.6258873108,79.0
2016-09-27,1,0,12.0,24.0,0,78.0,107.230769231,49.0,1.22703412073,177.0,35.5011459103,55.0
2016-09-28,2,0,10.0,16.0,1,78.0,103.307692308,53.0,0.934579439252,177.0,38.1401960694,63.0
2016-09-29,3,0,14.0,20.0,1,78.0,94.5384615385,53.0,0.65113204429,177.0,32.93960764,80.0
2016-09-30,4,0,17.0,23.0,1,79.0,90.6153846154,53.0,0.660660660661,177.0,31.3627374726,167.0
2016-10-01,5,1,18.0,24.0,1,79.0,94.2307692308,53.0,1.02259607455,177.0,36.7824244112,165.0
2016-10-02,6,1,18.0,23.0,1,80.0,101.230769231,53.0,1.33918413782,177.0,40.7150583486,136.0
2016-10-03,0,1,15.0,24.0,1,83.0,105.923076923,53.0,1.46892655367,177.0,40.9360881571,129.0
2016-10-04,1,1,13.0,20.0,1,83.0,111.769230769,53.0,1.309578194,177.0,38.3027491404,130.0
2016-10-05,2,1,10.0,17.0,1,83.0,114.0,53.0,1.18993824371,177.0,38.454768635,95.0
2016-10-06,3,1,12.0,19.0,1,83.0,116.076923077,53.0,1.10746128578,177.0,36.5985740337,124.0
2016-10-07,4,1,12.0,18.0,0,84.0,116.769230769,53.0,1.09541745135,177.0,36.6567316646,125.0
2016-10-08,5,0,9.0,16.0,1,84.0,115.307692308,53.0,1.0771880382,177.0,35.9131101311,55.0
2016-10-09,6,0,11.0,16.0,1,84.0,107.923076923,53.0,0.960505529226,177.0,37.6429818537,68.0
2016-10-10,0,0,12.0,19.0,1,84.0,107.076923077,53.0,0.786178475194,177.0,38.3996425033,63.0
2016-10-11,1,0,11.0,18.0,1,84.0,107.692307692,53.0,0.586843350686,177.0,37.6162497934,65.0
2016-10-12,2,0,14.0,18.0,1,83.0,107.846153846,53.0,0.629112502006,177.0,37.4368106668,66.0
2016-10-13,3,0,16.0,21.0,1,80.0,106.769230769,53.0,0.623293172691,177.0,38.4110437768,74.0
2016-10-14,4,0,16.0,22.0,1,80.0,99.6153846154,53.0,0.671910848902,177.0,35.0396225426,115.0
2016-10-15,5,1,16.0,22.0,1,83.0,95.7692307692,53.0,0.847880299252,167.0,30.0388308852,173.0
2016-10-16,6,1,14.0,20.0,0,84.0,98.6153846154,53.0,1.19059365236,173.0,35.0505974086,144.0
2016-10-17,0,0,12.0,18.0,1,84.0,99.7692307692,53.0,1.37667304015,173.0,36.2579515866,64.0
2016-10-18,1,0,14.0,20.0,1,84.0,94.6923076923,53.0,1.20894811994,173.0,36.2902500476,77.0
2016-10-19,2,0,14.0,23.0,1,83.0,93.3076923077,53.0,0.898345153664,173.0,36.5942084854,85.0
2016-10-20,3,0,11.0,17.0,1,83.0,90.3076923077,55.0,0.710691823899,173.0,35.5384615385,80.0
2016-10-21,4,0,9.0,20.0,1,83.0,86.8461538462,55.0,0.793572716839,173.0,34.1554053698,140.0
2016-10-22,5,1,7.0,11.0,1,84.0,93.3846153846,55.0,1.01261620186,173.0,35.5409589532,98.0
2016-10-23,6,1,7.0,13.0,1,85.0,95.6923076923,55.0,1.07614213198,173.0,34.7836933842,96.0
2016-10-24,0,0,12.0,16.0,0,95.0,98.2307692308,55.0,1.14954396834,173.0,33.4851375668,63.0
2016-10-25,1,0,10.0,17.0,1,95.0,98.0769230769,55.0,0.916221033868,173.0,33.6416901123,62.0
2016-10-26,2,0,7.0,14.0,1,85.0,97.7692307692,55.0,0.802032299038,173.0,33.9505383353,52.0
2016-10-27,3,0,8.0,13.0,0,83.0,96.0769230769,52.0,0.668555240793,173.0,35.6013429705,73.0
2016-10-28,4,0,4.0,10.0,1,83.0,92.8461538462,52.0,0.727768048258,173.0,35.6432022947,109.0
2016-10-29,5,1,5.0,9.0,1,85.0,87.9230769231,52.0,0.88285229202,173.0,27.786165729,213.0
2016-10-30,6,1,2.0,14.0,0,95.0,93.2307692308,52.0,1.37726638773,213.0,41.2965892541,147.0
2016-10-31,0,0,-2.0,4.0,1,96.0,99.6153846154,52.0,1.56646626587,213.0,42.6768509788,31.0
