time_stamp,dayofweek,holiday,lt,ht,sunny,m2M,w2A,m1L,d3w3,m1Lar,w2Std,pay_sum
2016-08-01,0,0,27.0,36.0,1,98.0,101.076923077,69.0,1.04968739717,167.0,22.2311684819,71.0
2016-08-02,1,0,27.0,35.0,1,98.0,101.230769231,69.0,1.00748129676,167.0,22.0145191466,101.0
2016-08-03,2,0,25.0,33.0,0,98.0,102.461538462,69.0,1.04705102717,167.0,21.514272131,120.0
2016-08-04,3,0,26.0,34.0,0,98.0,103.846153846,69.0,0.955653739159,167.0,22.0134439826,88.0
2016-08-05,4,0,25.0,34.0,0,98.0,104.692307692,69.0,1.0198019802,167.0,21.1601389242,118.0
2016-08-06,5,1,27.0,35.0,0,101.0,103.692307692,69.0,1.07431207777,167.0,20.1776137012,151.0
2016-08-07,6,1,25.0,35.0,1,101.0,104.769230769,69.0,1.16666666667,167.0,22.1989391505,178.0
2016-08-08,0,0,26.0,35.0,1,101.0,110.153846154,69.0,1.39187295656,178.0,29.5890992242,47.0
2016-08-09,1,0,26.0,31.0,0,101.0,106.615384615,47.0,1.18294793141,178.0,33.8697470217,399.0
2016-08-10,2,0,26.0,36.0,1,101.0,130.0,47.0,1.70982326346,399.0,84.6522297403,274.0
2016-08-11,3,0,27.0,35.0,1,101.0,143.538461538,47.0,1.84261036468,399.0,92.1901174285,224.0
2016-08-12,4,0,27.0,36.0,1,102.0,154.076923077,47.0,2.17296511628,399.0,92.9519822592,252.0
2016-08-13,5,1,27.0,36.0,1,103.0,166.692307692,47.0,1.74034110686,399.0,94.2479419203,303.0
2016-08-14,6,1,28.0,36.0,1,105.0,178.923076923,47.0,1.70889547,399.0,100.611561913,372.0
2016-08-15,0,0,28.0,37.0,1,105.0,202.076923077,47.0,1.87102633969,399.0,107.509184966,122.0
2016-08-16,1,0,28.0,38.0,1,106.0,203.692307692,47.0,1.59463785514,399.0,106.127198439,130.0
2016-08-17,2,0,28.0,37.0,1,106.0,204.461538462,47.0,1.23552123552,399.0,105.552477203,125.0
2016-08-18,3,0,29.0,37.0,1,107.0,207.307692308,47.0,0.74052249067,399.0,102.837724757,155.0
2016-08-19,4,0,28.0,38.0,1,107.0,210.153846154,47.0,0.789524359715,399.0,100.81883688,137.0
2016-08-20,5,1,29.0,38.0,0,108.0,209.076923077,47.0,0.791797208772,399.0,101.517305488,158.0
2016-08-21,6,1,28.0,36.0,0,109.0,207.538461538,47.0,0.851063829787,399.0,102.126328546,163.0
2016-08-22,0,0,28.0,37.0,1,111.0,216.461538462,47.0,0.844161828403,399.0,92.3051922738,122.0
2016-08-23,1,0,28.0,37.0,1,113.0,195.153846154,47.0,0.811801356056,399.0,78.6734694347,100.0
2016-08-24,2,0,27.0,36.0,1,113.0,181.769230769,47.0,0.709415883545,399.0,78.9217273839,135.0
2016-08-25,3,0,28.0,37.0,1,113.0,174.923076923,47.0,0.649386084584,399.0,78.8215721531,125.0
2016-08-26,4,0,26.0,36.0,1,115.0,165.153846154,47.0,0.653594771242,399.0,76.4992168425,120.0
2016-08-27,5,1,24.0,29.0,1,116.0,151.076923077,47.0,0.695779547743,399.0,65.9480699414,161.0
2016-08-28,6,1,22.0,32.0,1,118.0,134.846153846,47.0,0.746872700515,399.0,18.4092207408,151.0
2016-08-29,0,0,22.0,32.0,1,118.0,137.076923077,47.0,0.772532188841,399.0,18.4743545259,92.0
2016-08-30,1,0,21.0,32.0,1,118.0,134.153846154,47.0,0.7872941635,399.0,22.0274170204,102.0
2016-08-31,2,0,24.0,32.0,1,118.0,132.384615385,47.0,0.707910126193,399.0,23.5618285223,129.0
2016-09-01,3,0,24.0,32.0,1,118.0,130.384615385,47.0,0.682730923695,399.0,22.6428404767,90.0
2016-09-02,4,0,22.0,31.0,1,118.0,126.769230769,47.0,0.715240641711,399.0,24.9342330207,104.0
2016-09-03,5,1,22.0,34.0,1,118.0,122.615384615,47.0,0.770975056689,399.0,23.8602935746,150.0
2016-09-04,6,1,24.0,35.0,1,120.0,121.615384615,47.0,0.892000518605,399.0,22.3728491413,156.0
2016-09-05,0,0,24.0,32.0,0,120.0,124.230769231,47.0,1.04926423544,399.0,24.1793104379,98.0
2016-09-06,1,0,24.0,29.0,0,120.0,124.076923077,47.0,1.04676771603,399.0,24.3388310776,83.0
2016-09-07,2,0,23.0,29.0,1,120.0,120.076923077,83.0,0.887659686553,399.0,26.4006455004,66.0
2016-09-08,3,0,22.0,31.0,1,118.0,115.538461538,66.0,0.674310674311,372.0,29.9913202434,95.0
2016-09-09,4,0,25.0,32.0,1,118.0,113.615384615,66.0,0.677777777778,372.0,30.4417184937,84.0
2016-09-10,5,1,21.0,30.0,0,118.0,107.692307692,66.0,0.702206936085,372.0,28.0422335755,142.0
2016-09-11,6,1,21.0,25.0,0,120.0,107.0,66.0,0.9284164859,372.0,27.0583415263,105.0
2016-09-12,0,0,20.0,27.0,1,120.0,108.0,66.0,0.964452214452,372.0,26.7236570505,73.0
2016-09-13,1,0,21.0,27.0,0,120.0,105.769230769,66.0,0.94353530886,163.0,28.2955659646,58.0
2016-09-14,2,0,22.0,25.0,0,120.0,100.307692308,58.0,0.720390720391,163.0,30.0803657286,94.0
2016-09-15,3,1,24.0,26.0,0,118.0,100.615384615,58.0,0.696702275894,163.0,29.9936876988,125.0
2016-09-16,4,1,23.0,27.0,0,120.0,102.230769231,58.0,0.855730614767,163.0,30.6898977269,121.0
2016-09-17,5,1,22.0,28.0,1,120.0,100.0,58.0,1.07019200504,163.0,28.0795573053,121.0
2016-09-18,6,0,21.0,26.0,1,121.0,97.3076923077,58.0,1.1717752235,163.0,23.9563212001,121.0
2016-09-19,0,0,19.0,27.0,1,121.0,99.0769230769,58.0,1.1431270666,163.0,24.7773517504,121.0
2016-09-20,1,0,19.0,28.0,1,121.0,102.0,58.0,1.1329588015,161.0,24.949179114,121.0
2016-09-21,2,0,20.0,27.0,1,121.0,106.230769231,58.0,1.13721804511,161.0,23.0789742678,121.0
2016-09-22,3,0,20.0,29.0,1,121.0,108.230769231,58.0,1.1208893006,161.0,23.1455390158,121.0
2016-09-23,4,0,21.0,31.0,1,121.0,111.076923077,58.0,1.11213235294,161.0,22.2484624826,121.0
2016-09-24,5,1,22.0,31.0,1,121.0,109.461538462,58.0,1.12715416861,161.0,20.6495125091,121.0
2016-09-25,6,1,23.0,33.0,1,121.0,110.692307692,58.0,1.14583333333,161.0,20.8230073029,121.0
2016-09-26,0,0,24.0,32.0,1,121.0,114.384615385,58.0,1.13348946136,156.0,17.8564294025,121.0
2016-09-27,1,0,24.0,31.0,0,121.0,119.230769231,58.0,1.11366774045,156.0,7.3605376701,121.0
2016-09-28,2,0,24.0,26.0,0,121.0,121.307692308,58.0,1.08617594255,156.0,1.06587742004,121.0
2016-09-29,3,0,23.0,27.0,0,121.0,121.0,58.0,1.07364685004,156.0,0.0,121.0
2016-09-30,4,0,23.0,26.0,0,121.0,121.0,58.0,1.05630728939,156.0,0.0,40.0
2016-10-01,5,1,22.0,30.0,0,121.0,114.769230769,40.0,0.85883965281,156.0,21.5840177559,148.0
2016-10-02,6,1,23.0,32.0,1,121.0,116.846153846,40.0,0.9229390681,156.0,23.3134037176,116.0
2016-10-03,0,1,23.0,29.0,1,121.0,116.461538462,40.0,0.890842490842,156.0,23.2829266751,87.0
2016-10-04,1,1,21.0,29.0,1,121.0,113.846153846,40.0,1.015625,148.0,24.5038337781,78.0
2016-10-05,2,1,21.0,28.0,1,121.0,110.538461538,40.0,0.818764568765,148.0,26.1610849711,102.0
2016-10-06,3,1,23.0,27.0,1,121.0,109.076923077,40.0,0.78587196468,148.0,26.0663695459,72.0
2016-10-07,4,1,21.0,25.0,0,121.0,105.307692308,40.0,0.758122743682,148.0,27.569170673,82.0
2016-10-08,5,0,17.0,22.0,0,121.0,102.307692308,40.0,0.783953452764,148.0,27.8191539311,58.0
2016-10-09,6,0,17.0,22.0,1,121.0,97.4615384615,40.0,0.668558814254,148.0,29.572896595,77.0
2016-10-10,0,0,17.0,22.0,1,121.0,94.0769230769,40.0,0.698872785829,148.0,29.2007943476,65.0
2016-10-11,1,0,17.0,19.0,0,121.0,89.7692307692,40.0,0.66203243959,148.0,29.0414924552,57.0
2016-10-12,2,0,17.0,22.0,1,121.0,84.8461538462,40.0,0.680341880342,148.0,28.753183513,52.0
2016-10-13,3,0,18.0,24.0,1,121.0,79.5384615385,40.0,0.616693248272,148.0,27.9466948221,70.0
2016-10-14,4,0,19.0,24.0,1,121.0,81.8461538462,40.0,0.652094717668,148.0,25.7378684009,90.0
2016-10-15,5,1,20.0,24.0,1,121.0,77.3846153846,40.0,0.785621641653,148.0,17.6353598534,128.0
2016-10-16,6,1,20.0,26.0,1,121.0,78.3076923077,40.0,1.06312292359,148.0,19.812135424,126.0
2016-10-17,0,0,20.0,24.0,1,121.0,81.3076923077,40.0,1.266335358,148.0,23.5090313755,53.0
2016-10-18,1,0,21.0,24.0,0,120.0,79.3846153846,40.0,1.17422069229,148.0,24.6936256538,43.0
2016-10-19,2,0,20.0,23.0,0,116.0,74.8461538462,40.0,0.888888888889,148.0,25.5278012969,44.0
2016-10-20,3,0,21.0,24.0,1,105.0,72.6923076923,40.0,0.587741393787,148.0,26.8253170184,56.0
2016-10-21,4,0,23.0,27.0,0,104.0,70.6923076923,40.0,0.594347464672,148.0,27.0253004406,82.0
2016-10-22,5,1,19.0,23.0,0,104.0,72.5384615385,40.0,0.788903337668,148.0,26.914723979,94.0
2016-10-23,6,1,18.0,20.0,0,102.0,73.8461538462,40.0,1.02022867194,148.0,27.5062123161,119.0
2016-10-24,0,0,20.0,25.0,1,102.0,78.0,40.0,1.27045650301,148.0,29.8354461363,75.0
2016-10-25,1,0,20.0,26.0,1,102.0,79.3846153846,40.0,1.2427184466,148.0,29.2404842155,48.0
2016-10-26,2,0,20.0,28.0,1,98.0,79.0769230769,40.0,1.08204784261,148.0,29.5464732725,49.0
2016-10-27,3,0,21.0,26.0,1,95.0,77.4615384615,40.0,0.78110808356,148.0,30.5554109135,53.0
2016-10-28,4,0,16.0,26.0,0,95.0,74.6153846154,40.0,0.694927032662,148.0,30.9752716795,53.0
2016-10-29,5,1,14.0,17.0,1,94.0,68.8461538462,40.0,0.72059507206,148.0,27.2561811023,114.0
2016-10-30,6,1,14.0,17.0,1,94.0,67.9230769231,43.0,0.997054158169,148.0,25.448172183,130.0
2016-10-31,0,0,13.0,17.0,0,95.0,73.8461538462,43.0,1.2890625,130.0,29.8633970808,69.0
