time_stamp,dayofweek,holiday,lt,ht,sunny,m2M,w2A,m1L,d3w3,m1Lar,w2Std,pay_sum
2016-08-01,0,0,28.0,36.0,1,58.0,34.6153846154,28.0,0.887166236003,84.0,3.71148864056,34.0
2016-08-02,1,0,27.0,36.0,0,56.0,34.2307692308,28.0,0.881834215168,79.0,3.48962960684,31.0
2016-08-03,2,0,26.0,32.0,0,55.0,34.3076923077,28.0,0.923361034164,70.0,3.40552978787,20.0
2016-08-04,3,0,26.0,33.0,0,55.0,33.3076923077,20.0,0.810681926562,70.0,5.11986501301,31.0
2016-08-05,4,0,27.0,33.0,0,54.0,33.2307692308,20.0,0.785440613027,70.0,5.14637805652,29.0
2016-08-06,5,1,26.0,33.0,0,52.0,32.7692307692,20.0,0.78431372549,65.0,5.23529216221,27.0
2016-08-07,6,1,27.0,35.0,1,52.0,31.6923076923,20.0,0.868263473054,65.0,4.85773950888,22.0
2016-08-08,0,0,27.0,34.0,0,46.0,30.4615384615,20.0,0.807453416149,65.0,5.12333101703,23.0
2016-08-09,1,0,27.0,34.0,1,46.0,30.0769230769,20.0,0.764331210191,65.0,5.46965810296,18.0
2016-08-10,2,0,28.0,35.0,1,45.0,28.9230769231,18.0,0.681818181818,65.0,6.25683058697,31.0
2016-08-11,3,0,28.0,35.0,1,45.0,28.3846153846,18.0,0.781758957655,65.0,5.73167261852,31.0
2016-08-12,4,0,28.0,36.0,1,45.0,27.9230769231,18.0,0.870038064165,46.0,5.23981118952,31.0
2016-08-13,5,1,28.0,36.0,1,43.0,27.9230769231,18.0,1.01806239737,46.0,5.23981118952,31.0
2016-08-14,6,1,28.0,37.0,1,41.0,27.6153846154,18.0,1.03505843072,46.0,4.92307692308,31.0
2016-08-15,0,0,27.0,36.0,1,40.0,27.3846153846,18.0,1.0472972973,46.0,4.68284038622,31.0
2016-08-16,1,0,27.0,36.0,1,39.0,27.3846153846,18.0,1.04201680672,46.0,4.68284038622,2.0
2016-08-17,2,0,27.0,36.0,1,39.0,26.0,2.0,0.756501182033,41.0,8.08607540063,2.0
2016-08-18,3,0,28.0,36.0,1,38.0,23.7692307692,2.0,0.441919191919,41.0,10.1386833173,2.0
2016-08-19,4,0,29.0,37.0,1,38.0,21.6923076923,2.0,0.0811359026369,41.0,11.5251204925,2.0
2016-08-20,5,1,28.0,37.0,0,38.0,19.7692307692,2.0,0.0862068965517,41.0,12.5216971457,2.0
2016-08-21,6,1,28.0,35.0,0,37.0,18.2307692308,2.0,0.092807424594,41.0,13.3540765666,2.0
2016-08-22,0,0,27.0,35.0,1,35.0,16.6153846154,2.0,0.100250626566,41.0,13.9368822335,11.0
2016-08-23,1,0,26.0,35.0,1,35.0,16.0769230769,2.0,0.263852242744,38.0,14.0080281293,36.0
2016-08-24,2,0,25.0,34.0,1,35.0,16.4615384615,2.0,0.827004219409,38.0,14.4733993913,49.0
2016-08-25,3,0,26.0,35.0,1,35.0,17.8461538462,2.0,1.54963680387,49.0,16.5150102068,50.0
2016-08-26,4,0,24.0,32.0,0,35.0,19.3076923077,2.0,2.07373271889,50.0,18.3528853962,44.0
2016-08-27,5,1,23.0,30.0,1,35.0,20.3076923077,2.0,2.11382113821,50.0,19.2928229596,67.0
2016-08-28,6,1,20.0,31.0,1,35.0,23.0769230769,2.0,2.16397849462,67.0,22.8791525477,44.0
2016-08-29,0,0,20.0,32.0,1,35.0,24.0769230769,2.0,1.99871050935,67.0,23.4798163355,65.0
2016-08-30,1,0,21.0,31.0,1,35.0,28.9230769231,2.0,2.08037825059,67.0,24.8826833158,73.0
2016-08-31,2,0,23.0,33.0,1,35.0,34.3846153846,2.0,2.00220022002,73.0,26.1343818974,58.0
2016-09-01,3,0,24.0,33.0,1,35.0,38.6923076923,2.0,2.06424433913,73.0,25.0334687212,56.0
2016-09-02,4,0,24.0,34.0,1,35.0,42.8461538462,2.0,1.8946301925,73.0,22.9978131196,47.0
2016-09-03,5,1,22.0,34.0,1,35.0,46.3076923077,2.0,1.59248269041,73.0,19.7460204964,63.0
2016-09-04,6,1,23.0,32.0,1,35.0,51.0,2.0,1.56751652502,73.0,15.4372177645,82.0
2016-09-05,0,0,24.0,32.0,1,35.0,56.4615384615,2.0,1.69088507266,82.0,12.6224183019,82.0
2016-09-06,1,0,21.0,26.0,0,35.0,60.0,2.0,1.80804460374,82.0,12.8362467555,56.0
2016-09-07,2,0,21.0,25.0,0,35.0,60.5384615385,2.0,1.64609053498,82.0,12.5060931895,60.0
2016-09-08,3,0,21.0,30.0,1,35.0,61.3076923077,2.0,1.39093782929,82.0,12.1363067211,45.0
2016-09-09,4,0,22.0,32.0,1,35.0,61.3846153846,2.0,1.08198924731,82.0,12.0290575214,62.0
2016-09-10,5,1,23.0,29.0,1,35.0,61.0,2.0,1.05830164766,82.0,11.9228287815,80.0
2016-09-11,6,1,21.0,28.0,1,35.0,63.7692307692,2.0,1.10324483776,82.0,11.8331597065,61.0
2016-09-12,0,0,21.0,29.0,1,35.0,63.4615384615,2.0,1.14689265537,82.0,11.8491504701,79.0
2016-09-13,1,0,21.0,30.0,1,35.0,63.9230769231,2.0,1.19923684928,82.0,12.3192253656,77.0
2016-09-14,2,0,21.0,24.0,0,35.0,65.3846153846,2.0,1.15640820677,82.0,12.6523847648,64.0
2016-09-15,3,1,21.0,25.0,0,35.0,66.0,2.0,1.15942028986,82.0,12.3724259172,64.0
2016-09-16,4,1,22.0,25.0,0,35.0,67.3076923077,2.0,1.0635538262,82.0,11.1312769009,64.0
2016-09-17,5,1,21.0,27.0,1,35.0,67.3846153846,2.0,0.998439937598,82.0,11.1046661124,49.0
2016-09-18,6,0,21.0,27.0,1,36.0,64.8461538462,2.0,0.916860916861,82.0,11.2444595167,100.0
2016-09-19,0,0,20.0,26.0,1,37.0,66.2307692308,2.0,1.0741301059,100.0,14.0337716086,82.0
2016-09-20,1,0,19.0,26.0,1,38.0,68.2307692308,11.0,1.15702479339,100.0,14.2836854012,101.0
2016-09-21,2,0,18.0,26.0,1,38.0,71.3846153846,36.0,1.37311984474,101.0,16.4762694692,90.0
2016-09-22,3,0,17.0,27.0,1,38.0,74.8461538462,44.0,1.29261363636,101.0,15.2509578708,125.0
2016-09-23,4,0,19.0,27.0,1,44.0,79.6923076923,44.0,1.41767608793,125.0,19.7460204964,126.0
2016-09-24,5,1,19.0,28.0,1,44.0,83.2307692308,44.0,1.4676135141,126.0,23.288008952,85.0
2016-09-25,6,1,21.0,29.0,1,45.0,85.0769230769,44.0,1.44329896907,126.0,22.3863335317,99.0
2016-09-26,0,0,23.0,30.0,1,47.0,86.6153846154,44.0,1.31718716805,126.0,22.6020368774,107.0
2016-09-27,1,0,23.0,30.0,1,49.0,88.9230769231,45.0,1.1975308642,126.0,23.0299521976,56.0
2016-09-28,2,0,21.0,26.0,0,49.0,88.3076923077,45.0,1.08085808581,126.0,23.7822966329,42.0
2016-09-29,3,0,20.0,23.0,0,49.0,86.6153846154,42.0,0.847282496384,126.0,26.1196609165,73.0
2016-09-30,4,0,21.0,24.0,0,50.0,87.3076923077,42.0,0.70197044335,126.0,25.6256620639,104.0
2016-10-01,5,1,22.0,25.0,0,56.0,91.5384615385,42.0,0.885922330097,126.0,23.3949875783,57.0
2016-10-02,6,1,21.0,30.0,0,56.0,88.2307692308,42.0,0.948905109489,126.0,24.9527363881,60.0
2016-10-03,0,1,19.0,25.0,1,56.0,86.5384615385,42.0,0.906666666667,126.0,26.0402510463,50.0
2016-10-04,1,1,21.0,27.0,1,56.0,82.6153846154,42.0,0.6967042136,126.0,27.3735932875,62.0
2016-10-05,2,1,20.0,28.0,1,57.0,80.4615384615,42.0,0.718462823726,126.0,27.8059633466,79.0
2016-10-06,3,1,20.0,25.0,1,58.0,76.9230769231,42.0,0.790399337885,126.0,24.6622150682,78.0
2016-10-07,4,1,18.0,22.0,0,60.0,73.2307692308,42.0,0.898461538462,126.0,20.2338400711,83.0
2016-10-08,5,0,16.0,23.0,1,60.0,73.0769230769,42.0,0.964436407474,126.0,20.1512035848,67.0
2016-10-09,6,0,14.0,21.0,1,61.0,70.6153846154,42.0,0.934809348093,126.0,18.7392572775,67.0
2016-10-10,0,0,15.0,22.0,1,62.0,67.5384615385,42.0,0.897992965032,126.0,15.5197907629,47.0
2016-10-11,1,0,17.0,23.0,1,62.0,66.8461538462,42.0,0.774994647827,126.0,16.2046819153,106.0
2016-10-12,2,0,17.0,22.0,1,62.0,71.7692307692,42.0,0.932400932401,126.0,17.5725040734,94.0
2016-10-13,3,0,17.0,20.0,1,63.0,73.3846153846,42.0,1.06787721574,126.0,18.5494700797,109.0
2016-10-14,4,0,18.0,21.0,1,64.0,73.7692307692,42.0,1.35081967213,126.0,19.2199969829,124.0
2016-10-15,5,1,19.0,21.0,0,64.0,78.9230769231,42.0,1.39386189258,126.0,22.700259363,113.0
2016-10-16,6,1,18.0,25.0,1,64.0,83.0,42.0,1.46176594846,126.0,23.6740689038,129.0
2016-10-17,0,0,18.0,25.0,1,65.0,89.0769230769,42.0,1.525,129.0,24.546538338,111.0
2016-10-18,1,0,18.0,24.0,1,67.0,92.8461538462,42.0,1.42195367573,129.0,23.8516122785,104.0
2016-10-19,2,0,19.0,22.0,0,67.0,94.7692307692,42.0,1.33566297806,129.0,23.6648192184,109.0
2016-10-20,3,0,19.0,22.0,0,67.0,97.1538461538,42.0,1.232173417,129.0,23.4154654805,157.0
2016-10-21,4,0,20.0,22.0,0,73.0,102.846153846,42.0,1.36581764489,157.0,27.8563517238,105.0
2016-10-22,5,1,19.0,22.0,0,73.0,105.769230769,42.0,1.3340524991,157.0,25.8640048245,145.0
2016-10-23,6,1,16.0,22.0,1,77.0,111.769230769,42.0,1.39934674231,157.0,25.2134086615,119.0
2016-10-24,0,0,17.0,23.0,1,78.0,117.307692308,42.0,1.22509960159,157.0,16.9223776079,105.0
2016-10-25,1,0,16.0,19.0,1,79.0,117.230769231,42.0,1.19941491955,157.0,16.9757920226,120.0
2016-10-26,2,0,17.0,20.0,0,79.0,119.230769231,42.0,1.09623964308,157.0,15.5966162314,135.0
2016-10-27,3,0,16.0,19.0,0,80.0,121.230769231,42.0,1.11679851094,157.0,15.8218633842,133.0
2016-10-28,4,0,14.0,18.0,0,82.0,121.923076923,47.0,1.17629225405,157.0,16.1219465253,143.0
2016-10-29,5,1,9.0,13.0,0,82.0,124.230769231,47.0,1.2043956044,157.0,16.8118723899,189.0
2016-10-30,6,1,13.0,18.0,1,82.0,128.846153846,47.0,1.29328327076,189.0,24.1305620255,137.0
2016-10-31,0,0,11.0,16.0,0,83.0,130.846153846,47.0,1.25720412813,189.0,23.6410534512,99.0
