time_stamp,dayofweek,holiday,lt,ht,sunny,m2M,w2A,m1L,d3w3,m1Lar,w2Std,pay_sum
2016-08-01,0,0,24.0,30.0,0,18.0,66.2307692308,8.0,1.24459809853,79.0,9.00558669471,71.0
2016-08-02,1,0,23.0,31.0,1,20.0,67.0769230769,8.0,1.21768140117,79.0,8.89651218142,67.0
2016-08-03,2,0,23.0,31.0,1,20.0,68.1538461538,8.0,1.17263843648,79.0,7.92120963807,65.0
2016-08-04,3,0,24.0,31.0,0,21.0,69.6153846154,8.0,1.08876374363,79.0,4.86017507659,71.0
2016-08-05,4,0,24.0,33.0,0,26.0,70.0,8.0,1.06394129979,79.0,4.75556354341,66.0
2016-08-06,5,1,24.0,30.0,0,28.0,69.0,15.0,1.04554865424,79.0,4.07619732292,64.0
2016-08-07,6,1,23.0,28.0,0,29.0,69.1538461538,26.0,1.02524866106,79.0,3.83999506903,73.0
2016-08-08,0,0,24.0,29.0,0,29.0,69.2307692308,29.0,1.01145989038,79.0,3.90569300763,48.0
2016-08-09,1,0,24.0,32.0,1,30.0,67.7692307692,29.0,0.930115635998,79.0,6.8853673848,75.0
2016-08-10,2,0,26.0,34.0,1,30.0,68.4615384615,29.0,0.969337289812,79.0,7.12109957602,102.0
2016-08-11,3,0,27.0,35.0,1,37.0,70.6153846154,38.0,1.06837606838,102.0,11.4121289158,71.0
2016-08-12,4,0,26.0,35.0,1,38.0,70.8461538462,42.0,1.17340903714,102.0,11.3872138407,77.0
2016-08-13,5,1,26.0,34.0,1,42.0,71.3846153846,42.0,1.18455342336,102.0,11.4994211328,68.0
2016-08-14,6,1,24.0,33.0,0,42.0,70.6153846154,42.0,1.01910828025,102.0,11.3648477031,61.0
2016-08-15,0,0,24.0,29.0,0,45.0,69.8461538462,42.0,0.979553019496,102.0,11.647688142,50.0
2016-08-16,1,0,23.0,27.0,0,46.0,68.5384615385,42.0,0.861612515042,102.0,12.7919168264,60.0
2016-08-17,2,0,23.0,27.0,0,48.0,68.1538461538,46.0,0.826686004351,102.0,12.9665021311,61.0
2016-08-18,3,0,26.0,32.0,1,50.0,67.3846153846,46.0,0.834553440703,102.0,13.0710394004,80.0
2016-08-19,4,0,24.0,29.0,0,50.0,68.4615384615,46.0,0.972423802612,102.0,13.4828402886,57.0
2016-08-20,5,1,22.0,28.0,0,50.0,67.9230769231,48.0,0.967032967033,102.0,13.7866241668,70.0
2016-08-21,6,1,22.0,30.0,1,53.0,67.6923076923,48.0,1.01694915254,102.0,13.7246808307,65.0
2016-08-22,0,0,22.0,32.0,1,57.0,69.0,48.0,0.947446336047,102.0,12.5453025226,65.0
2016-08-23,1,0,24.0,32.0,1,60.0,68.2307692308,48.0,0.988386459106,102.0,12.4601138787,70.0
2016-08-24,2,0,26.0,33.0,1,60.0,65.7692307692,48.0,0.984736582964,102.0,7.85595165027,83.0
2016-08-25,3,0,19.0,26.0,0,61.0,66.6923076923,48.0,1.06393362616,102.0,9.03314082344,70.0
2016-08-26,4,0,17.0,26.0,1,61.0,66.1538461538,48.0,1.08515815085,102.0,8.60094944532,81.0
2016-08-27,5,1,17.0,28.0,1,62.0,67.1538461538,48.0,1.1247296323,102.0,9.4693526206,82.0
2016-08-28,6,1,17.0,28.0,1,64.0,68.7692307692,48.0,1.11270296084,102.0,10.0548790006,77.0
2016-08-29,0,0,18.0,29.0,1,65.0,70.8461538462,48.0,1.12280701754,102.0,8.65444442376,73.0
2016-08-30,1,0,20.0,30.0,1,65.0,71.8461538462,48.0,1.0869055985,102.0,8.07509136739,84.0
2016-08-31,2,0,20.0,32.0,1,65.0,73.6153846154,48.0,1.1103202847,102.0,8.02437116193,87.0
2016-09-01,3,0,19.0,30.0,1,66.0,74.1538461538,48.0,1.14473375557,102.0,8.64555158045,77.0
2016-09-02,4,0,19.0,30.0,1,66.0,75.6923076923,48.0,1.16349988271,102.0,7.09696159672,99.0
2016-09-03,5,1,22.0,32.0,1,66.0,77.9230769231,48.0,1.20752984389,102.0,9.20252087922,66.0
2016-09-04,6,1,22.0,30.0,1,66.0,78.0,48.0,1.10729810112,102.0,9.0977596566,66.0
2016-09-05,0,0,22.0,31.0,1,66.0,78.0769230769,48.0,1.04548540394,102.0,8.99111987944,75.0
2016-09-06,1,0,19.0,31.0,1,67.0,78.4615384615,48.0,0.927419354839,102.0,8.74084474544,66.0
2016-09-07,2,0,19.0,26.0,1,67.0,77.1538461538,50.0,0.924313462827,102.0,9.22243213246,69.0
2016-09-08,3,0,20.0,32.0,1,67.0,77.0769230769,50.0,0.944669365722,102.0,9.28573379281,86.0
2016-09-09,4,0,22.0,32.0,1,68.0,77.4615384615,50.0,0.975071696448,99.0,9.54032239913,86.0
2016-09-10,5,1,19.0,29.0,1,68.0,77.7692307692,50.0,1.05217201484,99.0,9.74406206682,81.0
2016-09-11,6,1,19.0,30.0,1,69.0,78.0769230769,50.0,1.09310866278,99.0,9.77800938104,102.0
2016-09-12,0,0,19.0,28.0,1,70.0,80.3076923077,50.0,1.13502109705,102.0,11.518444175,84.0
2016-09-13,1,0,19.0,28.0,0,70.0,80.3076923077,50.0,1.11668757842,102.0,11.518444175,74.0
2016-09-14,2,0,20.0,30.0,1,70.0,79.3076923077,57.0,1.09358569926,102.0,11.4581822655,78.0
2016-09-15,3,1,20.0,31.0,1,70.0,79.3846153846,57.0,0.987654320988,102.0,11.4457816317,125.0
2016-09-16,4,1,19.0,31.0,1,71.0,81.3846153846,57.0,1.12807982081,125.0,16.0457924585,84.0
2016-09-17,5,1,18.0,29.0,1,71.0,82.7692307692,57.0,1.16737848281,125.0,15.423028966,70.0
2016-09-18,6,0,17.0,26.0,1,71.0,83.0769230769,65.0,1.13970588235,125.0,15.1223804519,48.0
2016-09-19,0,0,15.0,25.0,1,71.0,81.0,48.0,0.838000414852,125.0,17.7200451467,64.0
2016-09-20,1,0,14.0,26.0,1,71.0,80.8461538462,48.0,0.7645452636,125.0,17.85775485,78.0
2016-09-21,2,0,17.0,27.0,1,71.0,81.5384615385,48.0,0.802703844529,125.0,17.5570077379,67.0
2016-09-22,3,0,21.0,29.0,1,71.0,80.0769230769,48.0,0.888605442177,125.0,17.912013753,86.0
2016-09-23,4,0,22.0,30.0,1,71.0,80.0769230769,48.0,0.990353697749,125.0,17.912013753,76.0
2016-09-24,5,1,21.0,30.0,1,71.0,79.6923076923,48.0,0.975505857295,125.0,17.9417202476,94.0
2016-09-25,6,1,21.0,29.0,1,73.0,79.0769230769,48.0,1.07135383972,125.0,17.2914453659,99.0
2016-09-26,0,0,20.0,29.0,1,73.0,80.2307692308,48.0,1.10904968048,125.0,18.0646439474,69.0
2016-09-27,1,0,16.0,26.0,0,73.0,79.8461538462,48.0,1.07818930041,125.0,18.2455311867,69.0
2016-09-28,2,0,11.0,22.0,1,73.0,79.1538461538,48.0,0.975308641975,125.0,18.4717920244,55.0
2016-09-29,3,0,13.0,24.0,1,71.0,73.7692307692,48.0,0.809733585064,125.0,13.9788513127,63.0
2016-09-30,4,0,15.0,26.0,1,71.0,72.1538461538,48.0,0.796083439762,125.0,13.9164880287,64.0
2016-10-01,5,1,19.0,28.0,1,71.0,71.6923076923,48.0,0.783301054444,125.0,14.0788145009,94.0
2016-10-02,6,1,19.0,28.0,1,73.0,75.2307692308,48.0,0.956089119619,125.0,13.4459250113,85.0
2016-10-03,0,1,21.0,31.0,1,73.0,76.8461538462,48.0,1.05058365759,125.0,13.2598071331,98.0
2016-10-04,1,1,19.0,30.0,1,74.0,78.3846153846,48.0,1.17922520221,125.0,14.414407651,70.0
2016-10-05,2,1,15.0,26.0,1,74.0,78.6153846154,48.0,1.08258451006,125.0,14.2534123393,56.0
2016-10-06,3,1,17.0,24.0,1,74.0,76.3076923077,48.0,1.00291023058,125.0,15.2637560424,65.0
2016-10-07,4,1,12.0,20.0,0,74.0,75.4615384615,48.0,0.866213151927,125.0,15.559391844,70.0
2016-10-08,5,0,9.0,21.0,1,73.0,73.6153846154,48.0,0.866213151927,125.0,14.6473335013,53.0
2016-10-09,6,0,12.0,19.0,1,71.0,70.0769230769,48.0,0.849717514124,125.0,13.6069074001,56.0
2016-10-10,0,0,13.0,21.0,1,70.0,69.0769230769,48.0,0.813451488298,125.0,14.1174280642,57.0
2016-10-11,1,0,13.0,23.0,1,70.0,68.1538461538,48.0,0.765329644998,125.0,14.4799391937,63.0
2016-10-12,2,0,16.0,23.0,1,70.0,68.7692307692,48.0,0.81368469718,125.0,14.0720882828,55.0
2016-10-13,3,0,14.0,25.0,1,70.0,68.1538461538,48.0,0.8268367588,125.0,14.4799391937,71.0
2016-10-14,4,0,15.0,24.0,1,70.0,68.6923076923,48.0,0.896159317212,125.0,14.445572201,68.0
2016-10-15,5,1,14.0,19.0,0,70.0,66.6923076923,48.0,0.937198067633,99.0,12.4677097729,67.0
2016-10-16,6,1,13.0,21.0,1,70.0,65.3076923077,48.0,1.01879327399,99.0,11.3027199952,71.0
2016-10-17,0,0,14.0,23.0,1,70.0,63.2307692308,48.0,1.01728395062,99.0,6.61180582983,70.0
2016-10-18,1,0,15.0,25.0,1,70.0,63.2307692308,53.0,1.02640019738,99.0,6.61180582983,65.0
2016-10-19,2,0,15.0,25.0,1,70.0,63.9230769231,53.0,1.00906196424,99.0,6.28137097311,58.0
2016-10-20,3,0,15.0,22.0,1,70.0,63.3846153846,53.0,0.948869223206,99.0,6.46336970388,67.0
2016-10-21,4,0,15.0,20.0,0,70.0,63.1538461538,53.0,0.9320578857,99.0,6.27383030895,75.0
2016-10-22,5,1,10.0,14.0,0,71.0,64.8461538462,53.0,0.995024875622,99.0,6.27383030895,89.0
2016-10-23,6,1,8.0,13.0,0,71.0,67.3846153846,53.0,1.14583333333,99.0,8.47202147831,68.0
2016-10-24,0,0,8.0,15.0,0,71.0,68.2307692308,53.0,1.17706747844,99.0,7.92419708288,60.0
2016-10-25,1,0,10.0,19.0,1,70.0,68.0,53.0,1.10940695297,98.0,8.11456430415,60.0
2016-10-26,2,0,11.0,16.0,1,70.0,68.3846153846,53.0,0.958205912334,98.0,7.59086963234,73.0
2016-10-27,3,0,10.0,14.0,0,70.0,68.5384615385,53.0,0.977710233029,98.0,7.66224896304,57.0
2016-10-28,4,0,7.0,14.0,1,70.0,67.6923076923,53.0,0.972115630596,98.0,8.25911725014,71.0
2016-10-29,5,1,7.0,14.0,1,70.0,68.0,53.0,1.01438304315,98.0,8.3019923466,91.0
2016-10-30,6,1,6.0,17.0,1,70.0,69.5384615385,53.0,1.07669616519,98.0,10.3226068906,71.0
2016-10-31,0,0,0.0,8.0,1,70.0,69.6153846154,53.0,1.13381995134,98.0,10.329483281,54.0
