time_stamp,dayofweek,holiday,lt,ht,sunny,m2M,w2A,m1L,d3w3,m1Lar,w2Std,pay_sum
2016-08-01,0,0,25.0,35.0,0,162.0,157.692307692,50.0,0.677892918826,236.0,61.3932903066,237.0
2016-08-02,1,0,25.0,29.0,0,162.0,162.153846154,50.0,0.761784511785,237.0,64.7929793845,98.0
2016-08-03,2,0,25.0,31.0,0,162.0,156.153846154,50.0,0.839039234866,237.0,66.8129952282,345.0
2016-08-04,3,0,26.0,32.0,1,164.0,167.923076923,50.0,1.40568475452,345.0,83.4860297281,403.0
2016-08-05,4,0,26.0,34.0,1,164.0,180.769230769,50.0,1.64864074832,403.0,103.437200455,478.0
2016-08-06,5,1,27.0,35.0,1,164.0,210.538461538,50.0,2.14017631143,478.0,126.447687806,118.0
2016-08-07,6,1,27.0,36.0,1,162.0,214.615384615,50.0,1.7134036532,478.0,122.481733936,90.0
2016-08-08,0,0,27.0,35.0,0,162.0,206.461538462,50.0,1.1975211661,478.0,126.898272635,401.0
2016-08-09,1,0,25.0,34.0,0,164.0,224.0,50.0,1.00470180648,478.0,136.457375706,314.0
2016-08-10,2,0,26.0,31.0,0,165.0,230.538461538,50.0,1.28419877164,478.0,138.560520176,311.0
2016-08-11,3,0,26.0,32.0,0,167.0,239.153846154,50.0,1.59143787808,478.0,139.808025605,231.0
2016-08-12,4,0,26.0,30.0,0,168.0,242.384615385,50.0,1.32929575278,478.0,139.095174092,206.0
2016-08-13,5,1,25.0,32.0,0,168.0,252.538461538,50.0,1.13127646703,478.0,131.015921161,78.0
2016-08-14,6,1,26.0,32.0,0,168.0,254.615384615,50.0,0.776596546784,478.0,127.983495608,66.0
2016-08-15,0,0,25.0,31.0,0,167.0,241.461538462,50.0,0.543773790103,478.0,137.548098096,363.0
2016-08-16,1,0,25.0,31.0,0,167.0,261.846153846,51.0,0.75429591609,478.0,134.376535357,351.0
2016-08-17,2,0,25.0,31.0,0,168.0,262.307692308,51.0,1.12969802303,478.0,134.671329034,383.0
2016-08-18,3,0,25.0,30.0,0,173.0,260.769230769,51.0,1.52774876401,478.0,133.161067217,370.0
2016-08-19,4,0,26.0,32.0,0,173.0,252.461538462,51.0,1.48148148148,478.0,122.27309622,457.0
2016-08-20,5,1,26.0,34.0,1,176.0,278.538461538,51.0,1.5075063851,478.0,126.878267148,95.0
2016-08-21,6,1,27.0,35.0,0,176.0,278.923076923,51.0,1.13932653692,478.0,126.31247063,78.0
2016-08-22,0,0,27.0,35.0,1,176.0,254.076923077,51.0,0.802139037433,478.0,131.516282431,342.0
2016-08-23,1,0,27.0,35.0,1,176.0,256.230769231,51.0,0.626520681265,478.0,132.703923683,401.0
2016-08-24,2,0,28.0,36.0,1,177.0,263.153846154,51.0,0.988680154143,478.0,137.636559406,374.0
2016-08-25,3,0,27.0,36.0,1,179.0,274.153846154,51.0,1.35221838872,478.0,140.315494048,353.0
2016-08-26,4,0,25.0,35.0,0,184.0,285.461538462,51.0,1.3972500929,478.0,140.290695664,369.0
2016-08-27,5,1,24.0,32.0,0,187.0,307.846153846,51.0,1.29711817267,478.0,128.087617941,100.0
2016-08-28,6,1,26.0,33.0,1,187.0,310.461538462,51.0,0.971114655325,478.0,123.383464411,101.0
2016-08-29,0,0,26.0,33.0,1,187.0,290.307692308,51.0,0.711210930189,478.0,134.089169307,273.0
2016-08-30,1,0,25.0,32.0,1,187.0,284.307692308,66.0,0.596001508865,478.0,132.979688799,271.0
2016-08-31,2,0,25.0,33.0,0,189.0,275.692307692,66.0,0.817179779552,478.0,129.89900492,309.0
2016-09-01,3,0,25.0,32.0,0,192.0,271.0,66.0,1.06491885144,478.0,127.486952575,302.0
2016-09-02,4,0,25.0,31.0,0,196.0,259.076923077,66.0,1.08167770419,478.0,116.290393504,282.0
2016-09-03,5,1,25.0,31.0,0,199.0,273.461538462,66.0,1.05555555556,478.0,106.236032845,121.0
2016-09-04,6,1,26.0,31.0,0,199.0,276.769230769,66.0,0.825285338016,457.0,100.619736438,90.0
2016-09-05,0,0,26.0,32.0,0,196.0,257.384615385,66.0,0.606172384114,457.0,110.020654328,262.0
2016-09-06,1,0,26.0,33.0,0,199.0,246.692307692,66.0,0.591286955435,457.0,102.006323043,227.0
2016-09-07,2,0,25.0,31.0,0,199.0,235.384615385,66.0,0.745605563067,457.0,95.1868918428,301.0
2016-09-08,3,0,26.0,32.0,0,206.0,231.384615385,66.0,1.0310623858,457.0,91.168093661,255.0
2016-09-09,4,0,26.0,32.0,0,207.0,222.615384615,66.0,1.06400326131,457.0,82.5884499855,263.0
2016-09-10,5,1,25.0,30.0,0,227.0,235.153846154,66.0,1.07607410327,457.0,75.0505943746,133.0
2016-09-11,6,1,25.0,30.0,0,227.0,237.615384615,66.0,0.846168843829,457.0,71.0271220803,118.0
2016-09-12,0,0,24.0,33.0,1,227.0,225.692307692,66.0,0.698606863744,457.0,76.8568946063,211.0
2016-09-13,1,0,26.0,35.0,1,227.0,221.076923077,78.0,0.653234358431,457.0,75.7916796108,194.0
2016-09-14,2,0,26.0,35.0,1,227.0,212.230769231,78.0,0.768834987137,457.0,71.6091462209,244.0
2016-09-15,3,1,25.0,34.0,1,229.0,207.769230769,78.0,0.977556860973,457.0,67.5700819619,50.0
2016-09-16,4,1,25.0,34.0,1,229.0,189.923076923,50.0,0.792143494846,457.0,75.7500561446,67.0
2016-09-17,5,1,25.0,34.0,1,229.0,185.769230769,50.0,0.590738013418,457.0,80.7323725424,85.0
2016-09-18,6,0,25.0,33.0,1,229.0,185.384615385,50.0,0.331854772466,401.0,81.1982743863,188.0
2016-09-19,0,0,23.0,32.0,1,229.0,179.692307692,50.0,0.570517660878,401.0,78.164899279,244.0
2016-09-20,1,0,24.0,31.0,1,229.0,181.0,50.0,0.873458354452,401.0,79.0822356791,188.0
2016-09-21,2,0,24.0,31.0,1,229.0,172.307692308,50.0,1.08061002179,401.0,71.2356702085,258.0
2016-09-22,3,0,24.0,32.0,1,231.0,172.538461538,50.0,1.2166093626,374.0,71.5075201904,243.0
2016-09-23,4,0,25.0,32.0,1,237.0,171.0,50.0,1.22750757171,369.0,69.7379711161,255.0
2016-09-24,5,1,25.0,32.0,1,243.0,180.384615385,50.0,1.30030959752,369.0,72.1595864536,117.0
2016-09-25,6,1,26.0,33.0,1,243.0,180.307692308,50.0,1.05047399436,309.0,72.2265502168,111.0
2016-09-26,0,0,26.0,34.0,1,243.0,172.615384615,50.0,0.858208955224,309.0,73.8548873041,250.0
2016-09-27,1,0,27.0,35.0,1,244.0,176.923076923,50.0,0.844150110375,309.0,76.5601438171,234.0
2016-09-28,2,0,28.0,34.0,1,244.0,176.153846154,50.0,1.06975907947,309.0,75.9299739678,225.0
2016-09-29,3,0,21.0,28.0,0,244.0,189.615384615,50.0,1.28511872394,309.0,67.4052479828,231.0
2016-09-30,4,0,20.0,26.0,0,244.0,202.230769231,50.0,1.26165660998,302.0,57.9617298756,228.0
2016-10-01,5,1,20.0,28.0,0,244.0,213.230769231,50.0,1.21892542101,301.0,47.2491820786,75.0
2016-10-02,6,1,23.0,31.0,1,243.0,204.538461538,50.0,0.962682531098,301.0,59.8146050915,73.0
2016-10-03,0,1,24.0,33.0,1,234.0,191.384615385,50.0,0.704119850187,301.0,67.9406284493,75.0
2016-10-04,1,1,24.0,32.0,1,231.0,182.692307692,50.0,0.432044948174,301.0,74.709060943,55.0
2016-10-05,2,1,23.0,33.0,1,231.0,167.076923077,50.0,0.416154161542,301.0,78.4576922134,66.0
2016-10-06,3,1,25.0,32.0,1,231.0,153.461538462,50.0,0.399836801306,301.0,79.452564837,84.0
2016-10-07,4,1,25.0,31.0,1,231.0,140.307692308,50.0,0.416032470827,263.0,75.6158150078,103.0
2016-10-08,5,0,24.0,31.0,0,228.0,139.230769231,50.0,0.510646886669,263.0,76.038607447,204.0
2016-10-09,6,0,22.0,30.0,1,227.0,146.384615385,50.0,0.785377121623,258.0,77.4085450079,200.0
2016-10-10,0,0,22.0,30.0,1,225.0,142.538461538,50.0,1.0320610687,258.0,73.2977231094,206.0
2016-10-11,1,0,21.0,28.0,0,225.0,140.384615385,50.0,1.23494280798,258.0,70.9523550447,219.0
2016-10-12,2,0,20.0,25.0,0,225.0,139.923076923,50.0,1.28047531244,258.0,70.4179408285,206.0
2016-10-13,3,0,22.0,28.0,1,225.0,138.0,50.0,1.30763651435,258.0,68.2112104479,254.0
2016-10-14,4,0,20.0,30.0,1,225.0,140.0,50.0,1.40754560531,258.0,71.1390837077,245.0
2016-10-15,5,1,21.0,31.0,1,225.0,153.076923077,55.0,1.40550239234,258.0,73.5720071541,79.0
2016-10-16,6,1,24.0,32.0,1,219.0,153.538461538,55.0,1.16344605475,258.0,73.0854246067,75.0
2016-10-17,0,0,23.0,32.0,1,211.0,153.538461538,55.0,0.847943895442,258.0,73.0854246067,220.0
2016-10-18,1,0,23.0,26.0,0,211.0,166.230769231,55.0,0.798377628349,258.0,69.0887432066,189.0
2016-10-19,2,0,23.0,27.0,0,211.0,175.692307692,55.0,1.04524349422,258.0,62.8556155198,210.0
2016-10-20,3,0,24.0,31.0,1,211.0,185.384615385,55.0,1.3459447706,258.0,57.4517034112,201.0
2016-10-21,4,0,24.0,27.0,0,210.0,192.923076923,55.0,1.31622244159,255.0,52.3500959348,214.0
2016-10-22,5,1,24.0,30.0,1,210.0,193.692307692,55.0,1.31109712608,255.0,52.5801726529,122.0
2016-10-23,6,1,24.0,31.0,1,206.0,187.692307692,55.0,1.10938952588,254.0,55.8657520179,137.0
2016-10-24,0,0,24.0,30.0,1,206.0,182.384615385,55.0,0.958751393534,254.0,57.1375377913,219.0
2016-10-25,1,0,24.0,31.0,1,206.0,182.384615385,55.0,0.922869002799,254.0,57.1375377913,215.0
2016-10-26,2,0,25.0,32.0,1,206.0,183.076923077,55.0,1.05682028503,254.0,57.4730191394,292.0
2016-10-27,3,0,24.0,33.0,1,210.0,186.0,55.0,1.27034120735,292.0,61.8086376836,248.0
2016-10-28,4,0,22.0,33.0,1,210.0,186.230769231,55.0,1.27265065318,292.0,62.0336804872,288.0
2016-10-29,5,1,20.0,29.0,1,210.0,202.307692308,55.0,1.36667491953,292.0,59.1768985791,142.0
2016-10-30,6,1,19.0,28.0,1,206.0,207.461538462,55.0,1.13539311731,292.0,50.0839531873,101.0
2016-10-31,0,0,19.0,27.0,1,206.0,198.307692308,55.0,0.913312693498,292.0,57.3093959478,221.0
