time_stamp,dayofweek,holiday,lt,ht,sunny,m2M,w2A,m1L,d3w3,m1Lar,w2Std,pay_sum
2016-08-01,0,0,28.0,36.0,1,58.0,77.7692307692,31.0,0.889167188478,112.0,13.8405971756,59.0
2016-08-02,1,0,27.0,36.0,0,59.0,77.0769230769,31.0,0.858714043993,112.0,14.5203387249,65.0
2016-08-03,2,0,26.0,32.0,0,59.0,75.4615384615,37.0,0.846765527617,112.0,14.6056647842,72.0
2016-08-04,3,0,26.0,33.0,0,60.0,74.0769230769,49.0,0.850140967252,112.0,14.002535696,93.0
2016-08-05,4,0,27.0,33.0,0,61.0,75.4615384615,49.0,0.996317955382,112.0,14.8873481888,49.0
2016-08-06,5,1,26.0,33.0,0,61.0,70.6153846154,49.0,0.956852224458,112.0,12.2193948077,44.0
2016-08-07,6,1,27.0,35.0,1,61.0,68.1538461538,44.0,0.840677966102,112.0,13.9826604371,31.0
2016-08-08,0,0,27.0,34.0,0,61.0,64.6153846154,31.0,0.580524344569,112.0,16.8273516429,48.0
2016-08-09,1,0,27.0,34.0,1,61.0,61.3076923077,31.0,0.584045584046,112.0,15.4888774753,74.0
2016-08-10,2,0,28.0,35.0,1,61.0,62.9230769231,31.0,0.73275862069,112.0,15.6326164868,47.0
2016-08-11,3,0,28.0,35.0,1,61.0,61.1538461538,31.0,0.835186557944,112.0,16.0280818654,34.0
2016-08-12,4,0,28.0,36.0,1,61.0,58.4615384615,31.0,0.79001019368,112.0,17.3675886667,42.0
2016-08-13,5,1,28.0,36.0,1,61.0,56.2307692308,31.0,0.662358642973,112.0,17.4759344249,45.0
2016-08-14,6,1,28.0,37.0,1,61.0,54.0769230769,31.0,0.668323667495,112.0,16.9953004294,55.0
2016-08-15,0,0,27.0,36.0,1,61.0,53.7692307692,31.0,0.798874824191,112.0,16.9395025181,36.0
2016-08-16,1,0,27.0,36.0,1,61.0,51.5384615385,31.0,0.802359882006,112.0,17.22080756,49.0
2016-08-17,2,0,27.0,36.0,1,61.0,49.7692307692,31.0,0.828892835998,112.0,16.1776381568,52.0
2016-08-18,3,0,28.0,36.0,1,60.0,46.6153846154,31.0,0.824308062575,112.0,10.4110773959,51.0
2016-08-19,4,0,29.0,37.0,1,60.0,46.7692307692,31.0,0.929663608563,112.0,10.4598414913,39.0
2016-08-20,5,1,28.0,37.0,0,60.0,46.3846153846,31.0,0.894770006301,112.0,10.6448865408,57.0
2016-08-21,6,1,28.0,35.0,0,60.0,48.3846153846,31.0,0.940499040307,112.0,9.98875106953,60.0
2016-08-22,0,0,27.0,35.0,1,60.0,49.3076923077,31.0,0.997123681687,93.0,10.4541829345,61.0
2016-08-23,1,0,26.0,35.0,1,60.0,48.3076923077,31.0,1.14212383702,93.0,8.4797007874,50.0
2016-08-24,2,0,25.0,34.0,1,60.0,48.5384615385,31.0,1.1209439528,93.0,8.48179393774,64.0
2016-08-25,3,0,26.0,35.0,1,60.0,50.8461538462,31.0,1.18083670715,93.0,8.29129435795,49.0
2016-08-26,4,0,24.0,32.0,0,60.0,51.3846153846,31.0,1.09986504723,93.0,7.91822106613,41.0
2016-08-27,5,1,23.0,30.0,1,60.0,51.0769230769,31.0,1.04230118443,93.0,8.23184752103,50.0
2016-08-28,6,1,20.0,31.0,1,60.0,50.6923076923,31.0,0.929614873838,93.0,8.1560229315,48.0
2016-08-29,0,0,20.0,32.0,1,60.0,51.6153846154,31.0,0.922974767596,93.0,7.04423890673,40.0
2016-08-30,1,0,21.0,31.0,1,60.0,50.9230769231,31.0,0.948453608247,93.0,7.68076056392,34.0
2016-08-31,2,0,23.0,33.0,1,60.0,49.5384615385,31.0,0.849878091257,93.0,8.88919295995,46.0
2016-09-01,3,0,24.0,33.0,1,60.0,49.1538461538,31.0,0.825593395253,93.0,8.92572904884,23.0
2016-09-02,4,0,24.0,34.0,1,60.0,47.9230769231,23.0,0.722807017544,93.0,11.0833314796,43.0
2016-09-03,5,1,22.0,34.0,1,60.0,46.8461538462,23.0,0.787623066104,74.0,10.826222822,42.0
2016-09-04,6,1,23.0,32.0,1,60.0,45.4615384615,23.0,0.770053475936,74.0,10.1875896192,57.0
2016-09-05,0,0,24.0,32.0,1,60.0,45.1538461538,23.0,0.990237099024,74.0,9.76529296773,28.0
2016-09-06,1,0,21.0,26.0,0,59.0,43.4615384615,23.0,0.905525846702,74.0,10.6454423951,7.0
2016-09-07,2,0,21.0,25.0,0,57.0,39.0769230769,7.0,0.689138576779,74.0,12.8030136985,25.0
2016-09-08,3,0,21.0,30.0,1,57.0,37.2307692308,7.0,0.462962962963,64.0,12.9683273707,48.0
2016-09-09,4,0,22.0,32.0,1,55.0,37.7692307692,7.0,0.610920198549,64.0,13.2557902945,43.0
2016-09-10,5,1,23.0,29.0,1,53.0,37.2307692308,7.0,0.900271633683,64.0,12.8850172153,50.0
2016-09-11,6,1,21.0,28.0,1,52.0,37.3846153846,7.0,1.10718492344,64.0,13.0238742997,50.0
2016-09-12,0,0,21.0,29.0,1,51.0,38.1538461538,7.0,1.13762927605,64.0,13.4441646126,50.0
2016-09-13,1,0,21.0,30.0,1,50.0,39.3846153846,7.0,1.19331742243,64.0,13.7367472442,49.0
2016-09-14,2,0,21.0,24.0,0,50.0,39.6153846154,7.0,1.20696638315,64.0,13.8704914312,41.0
2016-09-15,3,1,21.0,25.0,0,50.0,41.0,7.0,1.14519427403,64.0,13.0147844924,48.0
2016-09-16,4,1,22.0,25.0,0,50.0,41.3846153846,7.0,1.11922141119,64.0,13.141469661,37.0
2016-09-17,5,1,21.0,27.0,1,50.0,41.0,7.0,1.03831891224,64.0,13.1909059583,51.0
2016-09-18,6,0,21.0,27.0,1,50.0,40.5384615385,7.0,1.11658456486,64.0,12.7195511811,41.0
2016-09-19,0,0,20.0,26.0,1,49.0,41.5384615385,7.0,1.05781057811,64.0,12.1946733934,40.0
2016-09-20,1,0,19.0,26.0,1,49.0,44.0769230769,7.0,1.07448107448,64.0,7.11943751518,36.0
2016-09-21,2,0,18.0,26.0,1,49.0,44.9230769231,7.0,0.964153275649,64.0,5.19558301254,31.0
2016-09-22,3,0,17.0,27.0,1,49.0,43.6153846154,7.0,0.873113015096,64.0,6.28231291972,29.0
2016-09-23,4,0,19.0,27.0,1,48.0,42.5384615385,7.0,0.79701120797,57.0,7.39662485,43.0
2016-09-24,5,1,19.0,28.0,1,48.0,42.0,7.0,0.854063018242,57.0,7.08193802245,50.0
2016-09-25,6,1,21.0,29.0,1,48.0,42.0,7.0,1.02049351736,57.0,7.08193802245,59.0
2016-09-26,0,0,23.0,30.0,1,48.0,42.6923076923,7.0,1.22383252818,59.0,8.18426835586,22.0
2016-09-27,1,0,23.0,30.0,1,48.0,40.6153846154,7.0,1.03598260182,59.0,9.61999889284,45.0
2016-09-28,2,0,21.0,26.0,0,48.0,40.9230769231,7.0,0.973348783314,59.0,9.69108661417,58.0
2016-09-29,3,0,20.0,23.0,0,48.0,41.6923076923,7.0,0.954562810233,59.0,10.5785313463,52.0
2016-09-30,4,0,21.0,24.0,0,48.0,42.8461538462,7.0,1.17157974301,59.0,10.8191152336,96.0
2016-10-01,5,1,22.0,25.0,0,48.0,46.3076923077,7.0,1.47988505747,96.0,17.8126343034,63.0
2016-10-02,6,1,21.0,30.0,0,48.0,48.0,7.0,1.49486362026,96.0,18.2672468558,39.0
2016-10-03,0,1,19.0,25.0,1,47.0,47.9230769231,7.0,1.41935483871,96.0,18.3028435725,43.0
2016-10-04,1,1,21.0,27.0,1,46.0,48.4615384615,7.0,1.04617604618,96.0,18.0453078692,42.0
2016-10-05,2,1,20.0,28.0,1,46.0,49.3076923077,7.0,0.893693693694,96.0,17.4549292812,44.0
2016-10-06,3,1,20.0,25.0,1,46.0,50.4615384615,22.0,0.933767643865,96.0,16.5465096697,44.0
2016-10-07,4,1,18.0,22.0,0,45.0,50.5384615385,22.0,0.933908045977,96.0,16.5139353024,33.0
2016-10-08,5,0,16.0,23.0,1,45.0,49.2307692308,22.0,0.886446886447,96.0,17.1650532552,41.0
2016-10-09,6,0,14.0,21.0,1,44.0,47.8461538462,22.0,0.864468864469,96.0,17.0467508921,28.0
2016-10-10,0,0,15.0,22.0,1,44.0,48.3076923077,22.0,0.75723830735,96.0,16.4100560885,35.0
2016-10-11,1,0,17.0,23.0,1,44.0,47.5384615385,22.0,0.772946859903,96.0,16.7773445438,31.0
2016-10-12,2,0,17.0,22.0,1,44.0,45.4615384615,22.0,0.698625046451,96.0,17.0231308004,29.0
2016-10-13,3,0,17.0,20.0,1,43.0,43.6923076923,22.0,0.706057227796,96.0,17.4417034074,39.0
2016-10-14,4,0,18.0,21.0,1,43.0,39.3076923077,22.0,0.73908174692,96.0,8.73000674407,42.0
2016-10-15,5,1,19.0,21.0,0,43.0,37.6923076923,22.0,0.828625235405,96.0,5.56617000465,48.0
2016-10-16,6,1,18.0,25.0,1,43.0,38.3846153846,22.0,0.983981693364,96.0,6.20841193046,46.0
2016-10-17,0,0,18.0,25.0,1,43.0,38.6153846154,22.0,1.00965107647,96.0,6.42756637208,35.0
2016-10-18,1,0,18.0,24.0,1,43.0,38.0769230769,22.0,0.968468468468,96.0,6.41466515058,40.0
2016-10-19,2,0,19.0,22.0,0,43.0,37.7692307692,22.0,0.927203065134,96.0,6.2160319541,25.0
2016-10-20,3,0,19.0,22.0,0,43.0,36.3076923077,22.0,0.790826413602,96.0,6.78669076927,35.0
2016-10-21,4,0,20.0,22.0,0,42.0,36.4615384615,22.0,0.852514919011,96.0,6.73241738063,37.0
2016-10-22,5,1,19.0,22.0,0,42.0,36.1538461538,22.0,0.855379188713,96.0,6.60822510613,34.0
2016-10-23,6,1,16.0,22.0,1,42.0,36.6153846154,22.0,0.940967598757,96.0,6.22078972897,37.0
2016-10-24,0,0,17.0,23.0,1,41.0,36.7692307692,22.0,0.96644295302,96.0,6.20364466266,27.0
2016-10-25,1,0,16.0,19.0,1,41.0,36.4615384615,22.0,0.89497716895,96.0,6.57050969356,20.0
2016-10-26,2,0,17.0,20.0,0,41.0,35.7692307692,20.0,0.793201133144,96.0,7.6976904244,28.0
2016-10-27,3,0,16.0,19.0,0,41.0,34.9230769231,20.0,0.724637681159,96.0,7.89801862652,20.0
2016-10-28,4,0,14.0,18.0,0,41.0,33.2307692308,20.0,0.669620876416,96.0,8.53187549184,54.0
2016-10-29,5,1,9.0,13.0,0,41.0,33.6923076923,20.0,0.985507246377,96.0,9.43304025862,45.0
2016-10-30,6,1,13.0,18.0,1,41.0,33.6153846154,20.0,1.12211221122,63.0,9.33593933751,48.0
2016-10-31,0,0,11.0,16.0,0,41.0,34.6153846154,20.0,1.36111111111,54.0,10.0959890096,36.0
