time_stamp,dayofweek,holiday,lt,ht,sunny,m2M,w2A,m1L,d3w3,m1Lar,w2Std,pay_sum
2016-08-01,0,0,26.0,37.0,0,115.0,137.0,92.0,1.11611611612,168.0,17.8066538989,101.0
2016-08-02,1,0,25.0,36.0,0,115.0,133.0,92.0,1.04190260476,168.0,19.5211916408,86.0
2016-08-03,2,0,24.0,32.0,0,115.0,130.538461538,86.0,0.89544709295,168.0,22.9702663479,103.0
2016-08-04,3,0,24.0,31.0,0,115.0,130.0,86.0,0.742732744269,168.0,23.5208581738,98.0
2016-08-05,4,0,24.0,31.0,0,115.0,129.153846154,86.0,0.741027627162,168.0,24.4409686131,104.0
2016-08-06,5,1,24.0,30.0,0,115.0,125.076923077,86.0,0.801471554329,168.0,23.869715407,121.0
2016-08-07,6,1,24.0,31.0,0,116.0,123.153846154,86.0,0.856877569969,168.0,23.1012692087,131.0
2016-08-08,0,0,25.0,32.0,0,116.0,123.384615385,86.0,0.939933993399,168.0,23.1634276112,57.0
2016-08-09,1,0,25.0,32.0,0,115.0,117.692307692,57.0,0.848085631947,168.0,28.9598783874,98.0
2016-08-10,2,0,25.0,33.0,0,112.0,115.307692308,57.0,0.791476407915,168.0,29.2058598319,105.0
2016-08-11,3,0,26.0,35.0,0,112.0,111.538461538,57.0,0.721020521353,168.0,27.0515615492,114.0
2016-08-12,4,0,26.0,36.0,1,114.0,110.076923077,57.0,0.877265808773,168.0,26.3569040392,121.0
2016-08-13,5,1,26.0,36.0,1,115.0,108.230769231,57.0,0.955190335721,168.0,24.630043712,174.0
2016-08-14,6,1,26.0,38.0,1,116.0,108.692307692,57.0,1.13563792864,174.0,25.7753150108,172.0
2016-08-15,0,0,26.0,37.0,1,116.0,114.153846154,57.0,1.2733469666,174.0,30.631422162,118.0
2016-08-16,1,0,26.0,37.0,1,118.0,116.615384615,57.0,1.27192982456,174.0,29.5362579306,108.0
2016-08-17,2,0,26.0,37.0,1,118.0,117.0,57.0,1.10051154431,174.0,29.3886424949,110.0
2016-08-18,3,0,26.0,37.0,1,118.0,117.923076923,57.0,0.946345585129,174.0,28.9627387636,106.0
2016-08-19,4,0,26.0,38.0,1,118.0,118.076923077,57.0,0.923076923077,174.0,28.8936020026,137.0
2016-08-20,5,1,27.0,36.0,0,118.0,119.307692308,57.0,1.00914808462,174.0,29.3293882949,159.0
2016-08-21,6,1,26.0,34.0,0,119.0,121.461538462,57.0,1.15368058545,174.0,31.0845382901,182.0
2016-08-22,0,0,25.0,33.0,0,119.0,131.076923077,57.0,1.32556849695,182.0,28.914892459,134.0
2016-08-23,1,0,27.0,35.0,0,121.0,133.846153846,57.0,1.2914627515,182.0,27.292845368,107.0
2016-08-24,2,0,26.0,35.0,1,119.0,134.0,57.0,1.14820846906,182.0,27.1349901844,111.0
2016-08-25,3,0,26.0,36.0,0,119.0,133.769230769,57.0,0.950452274875,182.0,27.3162500134,104.0
2016-08-26,4,0,21.0,30.0,0,119.0,132.461538462,57.0,0.86944781963,182.0,28.2859448235,125.0
2016-08-27,5,1,18.0,26.0,1,121.0,128.692307692,57.0,0.916565574875,182.0,25.6406666642,154.0
2016-08-28,6,1,19.0,30.0,1,121.0,127.307692308,57.0,1.02297008547,182.0,23.6753185841,172.0
2016-08-29,0,0,18.0,31.0,1,123.0,131.461538462,57.0,1.15153836333,182.0,26.2725811581,117.0
2016-08-30,1,0,20.0,30.0,1,123.0,132.153846154,57.0,1.12294043093,182.0,25.7587808892,108.0
2016-08-31,2,0,21.0,30.0,1,121.0,132.0,57.0,1.00519053045,182.0,25.8962426737,116.0
2016-09-01,3,0,21.0,31.0,1,121.0,132.769230769,57.0,0.862745098039,182.0,25.2530389524,114.0
2016-09-02,4,0,20.0,33.0,1,121.0,131.0,57.0,0.857432775241,182.0,25.696452913,124.0
2016-09-03,5,1,22.0,33.0,1,121.0,128.307692308,57.0,0.915438324282,182.0,24.4237734607,165.0
2016-09-04,6,1,22.0,29.0,1,121.0,127.0,57.0,1.04498897964,182.0,21.8315227278,160.0
2016-09-05,0,0,22.0,33.0,1,121.0,129.0,57.0,1.14555427988,182.0,23.5077728553,92.0
2016-09-06,1,0,20.0,27.0,0,121.0,127.846153846,57.0,1.07046592222,182.0,24.8869633894,87.0
2016-09-07,2,0,22.0,32.0,1,121.0,126.0,87.0,0.878010878011,182.0,26.8786446545,111.0
2016-09-08,3,0,23.0,30.0,1,119.0,126.538461538,87.0,0.749644565077,182.0,26.4999720889,93.0
2016-09-09,4,0,21.0,31.0,0,119.0,124.076923077,87.0,0.765285996055,182.0,27.9737831617,90.0
2016-09-10,5,1,20.0,27.0,0,119.0,119.153846154,87.0,0.794809407948,182.0,27.9060130103,174.0
2016-09-11,6,1,20.0,31.0,1,119.0,119.307692308,87.0,0.968266883645,182.0,28.2008854618,165.0
2016-09-12,0,0,21.0,32.0,1,119.0,123.0,87.0,1.14905584572,182.0,30.6895121148,104.0
2016-09-13,1,0,21.0,32.0,1,119.0,122.692307692,87.0,1.18798605524,182.0,30.8579490205,124.0
2016-09-14,2,0,21.0,31.0,1,119.0,123.307692308,87.0,1.04841936775,182.0,30.7980634141,185.0
2016-09-15,3,1,23.0,31.0,0,119.0,128.769230769,87.0,1.06718346253,185.0,34.7101267559,196.0
2016-09-16,4,1,19.0,29.0,0,121.0,134.307692308,87.0,1.269961021,196.0,38.9879362316,136.0
2016-09-17,5,1,21.0,31.0,1,121.0,132.076923077,87.0,1.30902645905,196.0,37.9847368911,110.0
2016-09-18,6,0,19.0,31.0,1,121.0,128.230769231,87.0,1.14611694542,196.0,37.4908272805,92.0
2016-09-19,0,0,17.0,29.0,1,121.0,128.230769231,87.0,0.885048442001,196.0,37.4908272805,98.0
2016-09-20,1,0,18.0,27.0,1,121.0,129.076923077,87.0,0.788643533123,196.0,36.6657701163,100.0
2016-09-21,2,0,16.0,26.0,1,118.0,128.230769231,87.0,0.767195767196,196.0,37.1962650031,72.0
2016-09-22,3,0,16.0,30.0,1,117.0,126.615384615,72.0,0.726392251816,196.0,39.0985706242,96.0
2016-09-23,4,0,17.0,31.0,1,116.0,127.076923077,72.0,0.72925170068,196.0,38.696971733,112.0
2016-09-24,5,1,21.0,32.0,1,114.0,122.307692308,72.0,0.778751216799,196.0,36.3707080267,116.0
2016-09-25,6,1,22.0,34.0,1,114.0,118.538461538,72.0,0.917977050574,196.0,34.2268796407,144.0
2016-09-26,0,0,23.0,34.0,1,114.0,121.615384615,72.0,1.03118503119,196.0,34.5777573271,111.0
2016-09-27,1,0,24.0,33.0,1,114.0,120.615384615,72.0,1.01825168108,196.0,34.6821578193,120.0
2016-09-28,2,0,17.0,25.0,0,114.0,115.615384615,72.0,1.02543068089,196.0,29.3088027248,84.0
2016-09-29,3,0,14.0,17.0,0,112.0,107.0,72.0,0.864553314121,196.0,19.0949046768,96.0
2016-09-30,4,0,16.0,18.0,0,112.0,103.923076923,72.0,0.82135523614,196.0,17.31367418,126.0
2016-10-01,5,1,17.0,22.0,0,114.0,105.153846154,72.0,0.854629241726,196.0,18.2455311867,209.0
2016-10-02,6,1,16.0,22.0,0,114.0,114.153846154,72.0,1.1819552996,209.0,32.6822608997,212.0
2016-10-03,0,1,17.0,28.0,1,116.0,122.923076923,72.0,1.43626099514,212.0,41.3232315708,165.0
2016-10-04,1,1,16.0,29.0,1,116.0,127.923076923,72.0,1.5142118863,212.0,42.1708275734,133.0
2016-10-05,2,1,17.0,29.0,1,116.0,132.615384615,72.0,1.34493670886,212.0,38.9586338047,147.0
2016-10-06,3,1,20.0,28.0,1,116.0,136.538461538,72.0,1.19671910717,212.0,37.6187665618,130.0
2016-10-07,4,1,19.0,26.0,1,117.0,137.923076923,72.0,1.10527025206,212.0,37.0165483544,120.0
2016-10-08,5,0,16.0,25.0,1,118.0,138.230769231,72.0,1.0659148879,212.0,36.8492852371,119.0
2016-10-09,6,0,16.0,24.0,1,119.0,136.307692308,72.0,0.980079681275,212.0,37.1491476564,101.0
2016-10-10,0,0,15.0,21.0,1,119.0,135.538461538,72.0,0.901976389442,212.0,37.7636687116,85.0
2016-10-11,1,0,15.0,21.0,1,118.0,132.846153846,72.0,0.81398452095,212.0,39.9592988193,98.0
2016-10-12,2,0,15.0,19.0,1,117.0,133.923076923,72.0,0.750132065504,212.0,38.8002013049,94.0
2016-10-13,3,0,15.0,19.0,1,116.0,133.769230769,72.0,0.732223103357,212.0,38.9539251427,83.0
2016-10-14,4,0,15.0,20.0,1,116.0,130.461538462,72.0,0.735392432143,212.0,41.2322043378,102.0
2016-10-15,5,1,15.0,23.0,1,116.0,122.230769231,72.0,0.750302541347,212.0,34.9310394176,137.0
2016-10-16,6,1,15.0,25.0,1,116.0,116.461538462,72.0,0.868392664509,212.0,24.1616841766,137.0
2016-10-17,0,0,17.0,23.0,1,117.0,114.307692308,72.0,1.00346944222,212.0,20.7452853416,86.0
2016-10-18,1,0,17.0,26.0,1,116.0,110.692307692,72.0,0.974025974026,212.0,21.2616831788,86.0
2016-10-19,2,0,19.0,22.0,0,116.0,106.0,72.0,0.835360908354,212.0,19.3788147609,95.0
2016-10-20,3,0,19.0,23.0,0,114.0,103.307692308,72.0,0.722109533469,212.0,18.2562301921,89.0
2016-10-21,4,0,18.0,25.0,0,112.0,100.923076923,83.0,0.741350906096,212.0,17.9420500435,93.0
2016-10-22,5,1,16.0,20.0,0,112.0,98.9230769231,83.0,0.798731257209,212.0,17.2513613218,179.0
2016-10-23,6,1,16.0,20.0,1,114.0,104.923076923,83.0,1.05601872166,212.0,27.468755785,119.0
2016-10-24,0,0,13.0,18.0,0,116.0,107.538461538,83.0,1.16733840872,212.0,27.062933449,85.0
2016-10-25,1,0,13.0,15.0,0,114.0,106.538461538,83.0,1.16857360793,212.0,27.6311290023,80.0
2016-10-26,2,0,14.0,16.0,0,112.0,105.461538462,80.0,0.89392508656,212.0,28.3619880626,69.0
2016-10-27,3,0,12.0,18.0,0,111.0,104.384615385,69.0,0.758385999028,212.0,29.439738872,77.0
2016-10-28,4,0,10.0,14.0,0,111.0,102.461538462,69.0,0.748096656736,212.0,30.3355982422,91.0
2016-10-29,5,1,8.0,12.0,0,111.0,98.9230769231,69.0,0.79556898288,212.0,28.7414510058,100.0
2016-10-30,6,1,10.0,15.0,0,110.0,96.0769230769,69.0,0.900083963056,212.0,26.5806799081,120.0
2016-10-31,0,0,10.0,12.0,0,110.0,98.6923076923,69.0,1.02640264026,212.0,27.1275750012,112.0
