time_stamp,dayofweek,holiday,lt,ht,sunny,m2M,w2A,m1L,d3w3,m1Lar,w2Std,pay_sum
2016-08-01,0,0,27.0,34.0,0,1.0,1.0,1.0,1.0,1.0,0.0,91.0
2016-08-02,1,0,27.0,34.0,0,1.0,7.92307692308,1.0,5.63636363636,91.0,23.982241951,137.0
2016-08-03,2,0,25.0,32.0,0,1.0,18.3846153846,1.0,6.20596205962,137.0,41.7566917006,175.0
2016-08-04,3,0,25.0,32.0,0,1.0,31.7692307692,1.0,6.39682539683,175.0,58.5493267992,179.0
2016-08-05,4,0,26.0,34.0,1,1.0,45.4615384615,1.0,5.47380156076,179.0,69.5353981626,204.0
2016-08-06,5,1,27.0,33.0,0,1.0,61.0769230769,1.0,4.64419475655,204.0,79.8291074141,199.0
2016-08-07,6,1,26.0,32.0,0,1.0,76.3076923077,1.0,3.88388388388,204.0,85.5941987748,179.0
2016-08-08,0,0,26.0,33.0,0,1.0,90.0,1.0,3.29651656754,204.0,86.6824443232,159.0
2016-08-09,1,0,26.0,31.0,0,1.0,102.153846154,1.0,2.68164794007,204.0,84.3981827674,200.0
2016-08-10,2,0,26.0,33.0,1,1.0,117.461538462,1.0,2.33811386354,204.0,82.6927728073,163.0
2016-08-11,3,0,27.0,34.0,1,1.0,129.923076923,1.0,2.05188679245,204.0,76.1511266026,151.0
2016-08-12,4,0,27.0,34.0,1,1.0,141.461538462,1.0,1.85626579993,204.0,66.494204935,139.0
2016-08-13,5,1,26.0,33.0,1,1.0,152.076923077,1.0,1.52217741935,204.0,52.8356836566,194.0
2016-08-14,6,1,26.0,33.0,1,1.0,166.923076923,1.0,1.48216199663,204.0,30.8332027291,188.0
2016-08-15,0,0,26.0,34.0,1,1.0,174.384615385,1.0,1.46926113931,204.0,22.0403073465,153.0
2016-08-16,1,0,27.0,35.0,1,1.0,175.615384615,1.0,1.41759406465,204.0,20.2960339496,162.0
2016-08-17,2,0,27.0,35.0,1,1.0,174.615384615,1.0,1.25264599676,204.0,20.6194025935,153.0
2016-08-18,3,0,27.0,35.0,1,1.0,172.615384615,1.0,1.10286320255,204.0,21.3452875777,178.0
2016-08-19,4,0,27.0,35.0,1,1.0,170.615384615,1.0,1.09336881792,204.0,19.4443523995,168.0
2016-08-20,5,1,27.0,37.0,1,1.0,168.230769231,1.0,1.04842945688,204.0,17.6336821328,173.0
2016-08-21,6,1,26.0,34.0,1,1.0,167.769230769,1.0,1.03437967115,204.0,17.423034471,190.0
2016-08-22,0,0,26.0,35.0,1,1.0,170.153846154,1.0,1.02787456446,204.0,18.1652506551,173.0
2016-08-23,1,0,25.0,34.0,1,1.0,168.076923077,1.0,1.02681992337,204.0,16.0550089881,182.0
2016-08-24,2,0,25.0,34.0,1,1.0,169.538461538,1.0,1.04196539528,204.0,16.3876847974,163.0
2016-08-25,3,0,25.0,34.0,1,1.0,170.461538462,1.0,0.994910208393,204.0,15.6382931619,167.0
2016-08-26,4,0,26.0,34.0,1,1.0,172.615384615,1.0,0.993981751116,204.0,12.8334806211,195.0
2016-08-27,5,1,23.0,31.0,1,1.0,172.692307692,1.0,1.02040816327,204.0,12.9637637898,196.0
2016-08-28,6,1,22.0,30.0,1,1.0,173.307692308,1.0,1.07919930374,204.0,13.8363212951,220.0
2016-08-29,0,0,22.0,30.0,1,1.0,178.461538462,1.0,1.1611554542,220.0,17.3454289461,132.0
2016-08-30,1,0,19.0,32.0,1,1.0,176.153846154,91.0,1.06201550388,220.0,20.9939410814,181.0
2016-08-31,2,0,23.0,33.0,1,91.0,178.307692308,132.0,1.02756892231,220.0,19.9166903931,148.0
2016-09-01,3,0,23.0,32.0,1,132.0,176.0,132.0,0.889532079112,220.0,21.4941852602,161.0
2016-09-02,4,0,23.0,33.0,1,137.0,175.461538462,132.0,0.93950723804,220.0,21.7737152217,166.0
2016-09-03,5,1,22.0,32.0,1,139.0,174.923076923,132.0,0.918140523823,220.0,21.9140332224,203.0
2016-09-04,6,1,24.0,31.0,0,148.0,175.923076923,132.0,1.02001539646,220.0,22.8556054005,148.0
2016-09-05,0,0,23.0,30.0,0,148.0,174.0,132.0,0.99643442228,220.0,24.0416305603,129.0
2016-09-06,1,0,23.0,29.0,0,148.0,169.923076923,129.0,0.934033858727,220.0,26.6875411395,154.0
2016-09-07,2,0,21.0,26.0,0,151.0,169.230769231,129.0,0.838439840482,220.0,26.9733596383,170.0
2016-09-08,3,0,20.0,29.0,1,153.0,169.461538462,129.0,0.883299210295,220.0,26.9661194396,205.0
2016-09-09,4,0,22.0,31.0,1,153.0,170.230769231,129.0,1.02044753086,220.0,27.8129849203,167.0
2016-09-10,5,1,23.0,28.0,1,154.0,168.0,129.0,1.04734299517,220.0,26.8012628864,198.0
2016-09-11,6,1,21.0,26.0,0,159.0,166.307692308,129.0,1.0989010989,220.0,24.0140491424,224.0
2016-09-12,0,0,21.0,26.0,0,161.0,173.384615385,129.0,1.11902726323,224.0,26.3074673855,109.0
2016-09-13,1,0,22.0,26.0,0,161.0,167.846153846,109.0,1.0302677532,224.0,31.2381575194,125.0
2016-09-14,2,0,22.0,26.0,0,161.0,166.076923077,109.0,0.898567784972,224.0,32.9182239414,213.0
2016-09-15,3,1,24.0,26.0,0,162.0,170.076923077,109.0,0.865272938444,224.0,35.1424825936,14.0
2016-09-16,4,1,24.0,29.0,0,162.0,158.384615385,14.0,0.719174583716,224.0,54.5055233073,9.0
2016-09-17,5,1,23.0,28.0,0,162.0,143.461538462,9.0,0.511486779367,224.0,65.6630271621,46.0
2016-09-18,6,0,22.0,26.0,0,162.0,135.615384615,9.0,0.158511371468,224.0,70.5631615173,120.0
2016-09-19,0,0,20.0,26.0,1,162.0,134.923076923,9.0,0.40369088812,224.0,70.6687413636,150.0
2016-09-20,1,0,19.0,26.0,1,162.0,134.615384615,9.0,0.736854377988,224.0,70.5936785812,158.0
2016-09-21,2,0,19.0,26.0,1,162.0,133.692307692,9.0,0.994539328454,224.0,70.2023280519,125.0
2016-09-22,3,0,18.0,27.0,1,162.0,127.538461538,9.0,1.01894340511,224.0,67.1205750693,162.0
2016-09-23,4,0,21.0,28.0,1,162.0,127.153846154,9.0,1.04866266054,224.0,66.9073367874,212.0
2016-09-24,5,1,20.0,29.0,1,163.0,128.230769231,9.0,1.17218698614,224.0,68.1403007897,204.0
2016-09-25,6,1,21.0,30.0,1,163.0,126.692307692,9.0,1.33149043999,224.0,66.1576027556,215.0
2016-09-26,0,0,24.0,30.0,1,166.0,134.846153846,9.0,1.41163310962,224.0,69.9008596336,148.0
2016-09-27,1,0,24.0,31.0,0,166.0,136.615384615,9.0,1.27101546738,224.0,69.920326594,145.0
2016-09-28,2,0,23.0,29.0,0,166.0,131.384615385,9.0,1.14841189104,224.0,66.4686605871,186.0
2016-09-29,3,0,23.0,27.0,0,167.0,144.615384615,9.0,1.08987485779,224.0,58.4169870731,176.0
2016-09-30,4,0,25.0,31.0,0,167.0,157.461538462,9.0,1.15005103777,224.0,43.6870256829,212.0
2016-10-01,5,1,24.0,32.0,1,168.0,170.230769231,9.0,1.29585732024,224.0,31.9161252857,166.0
2016-10-02,6,1,23.0,32.0,1,167.0,173.769230769,9.0,1.27576280944,224.0,28.5203135331,175.0
2016-10-03,0,1,22.0,27.0,0,167.0,175.692307692,9.0,1.2450748621,224.0,27.6833318787,194.0
2016-10-04,1,1,22.0,26.0,0,167.0,178.461538462,9.0,1.17711771177,224.0,27.5753942286,190.0
2016-10-05,2,1,22.0,26.0,1,167.0,183.461538462,9.0,1.23933045117,224.0,22.9300454044,180.0
2016-10-06,3,1,23.0,27.0,0,167.0,184.846153846,9.0,1.1849984242,224.0,22.1215041701,178.0
2016-10-07,4,1,21.0,26.0,0,168.0,182.230769231,9.0,1.09315778975,224.0,20.7221689025,198.0
2016-10-08,5,0,19.0,22.0,0,168.0,181.769230769,9.0,1.0608662469,224.0,20.2945761839,141.0
2016-10-09,6,0,18.0,20.0,1,168.0,176.076923077,9.0,0.980559506875,224.0,20.5518538878,189.0
2016-10-10,0,0,18.0,21.0,1,170.0,179.230769231,9.0,0.990433314575,224.0,19.0955244299,160.0
2016-10-11,1,0,19.0,23.0,1,170.0,180.384615385,9.0,0.918635170604,215.0,17.367247962,139.0
2016-10-12,2,0,19.0,24.0,1,168.0,176.769230769,9.0,0.911297852474,215.0,20.4418644572,166.0
2016-10-13,3,0,19.0,24.0,1,167.0,176.0,9.0,0.867375489647,215.0,20.6434940394,186.0
2016-10-14,4,0,20.0,24.0,0,168.0,174.0,9.0,0.922585494175,215.0,18.1701361072,178.0
2016-10-15,5,1,20.0,24.0,1,170.0,174.923076923,9.0,1.00321786864,215.0,18.0446520458,260.0
2016-10-16,6,1,21.0,26.0,0,173.0,181.461538462,46.0,1.16624614522,260.0,28.9764237975,233.0
2016-10-17,0,0,20.0,24.0,1,173.0,184.461538462,120.0,1.22489959839,260.0,31.9822435943,175.0
2016-10-18,1,0,20.0,25.0,1,173.0,183.307692308,125.0,1.20948759732,260.0,32.0321583974,183.0
2016-10-19,2,0,20.0,24.0,0,175.0,183.538461538,125.0,1.07094319108,260.0,32.0183009798,184.0
2016-10-20,3,0,23.0,26.0,0,175.0,184.0,125.0,0.980019889703,260.0,31.9783580663,188.0
2016-10-21,4,0,23.0,27.0,0,175.0,183.230769231,139.0,1.0101010101,260.0,31.7518112049,244.0
2016-10-22,5,1,21.0,25.0,0,175.0,191.153846154,139.0,1.09774570079,260.0,33.0497204779,298.0
2016-10-23,6,1,19.0,22.0,0,176.0,199.538461538,139.0,1.25948930297,298.0,43.5865458857,257.0
2016-10-24,0,0,20.0,24.0,1,178.0,207.0,139.0,1.35642135642,298.0,44.4729822909,166.0
2016-10-25,1,0,20.0,26.0,1,176.0,209.076923077,139.0,1.23153130071,298.0,41.7988986577,160.0
2016-10-26,2,0,22.0,28.0,0,175.0,208.615384615,139.0,1.00094428706,298.0,42.3020975322,161.0
2016-10-27,3,0,21.0,26.0,1,175.0,206.692307692,139.0,0.839799965511,298.0,43.8272563865,188.0
2016-10-28,4,0,17.0,22.0,0,175.0,207.461538462,139.0,0.880013831259,298.0,43.4026149241,225.0
2016-10-29,5,1,13.0,16.0,0,175.0,204.769230769,139.0,0.971235194585,298.0,41.0836929022,269.0
2016-10-30,6,1,14.0,19.0,1,176.0,207.538461538,139.0,1.13101160862,298.0,44.0028240084,266.0
2016-10-31,0,0,14.0,20.0,0,178.0,214.538461538,139.0,1.22798513492,298.0,45.4830744252,188.0
