time_stamp,dayofweek,holiday,lt,ht,sunny,m2M,w2A,m1L,d3w3,m1Lar,w2Std,pay_sum
2016-08-01,0,0,28.0,35.0,1,76.0,89.4615384615,38.0,1.09048723898,114.0,19.0085623809,93.0
2016-08-02,1,0,29.0,36.0,0,79.0,93.6923076923,38.0,1.07600995596,114.0,11.860630515,81.0
2016-08-03,2,0,26.0,32.0,0,79.0,91.1538461538,38.0,1.03088876255,114.0,10.7191141558,84.0
2016-08-04,3,0,27.0,34.0,0,79.0,91.3846153846,38.0,0.977272727273,114.0,10.5286310129,81.0
2016-08-05,4,0,27.0,34.0,0,80.0,91.4615384615,38.0,0.932347924957,114.0,10.4485213132,119.0
2016-08-06,5,1,27.0,34.0,0,80.0,92.4615384615,38.0,1.05595835657,119.0,12.2575903305,72.0
2016-08-07,6,1,27.0,34.0,1,80.0,91.8461538462,38.0,1.01701252571,119.0,13.0433959349,68.0
2016-08-08,0,0,27.0,32.0,0,80.0,90.5384615385,38.0,0.980503501798,119.0,14.4414754446,96.0
2016-08-09,1,0,27.0,30.0,0,80.0,91.6923076923,38.0,0.864944108485,119.0,14.2309771295,99.0
2016-08-10,2,0,27.0,35.0,1,81.0,91.3846153846,38.0,0.971914264597,119.0,14.024914433,100.0
2016-08-11,3,0,28.0,34.0,0,81.0,90.3846153846,38.0,1.07880782593,119.0,12.8634153949,85.0
2016-08-12,4,0,28.0,35.0,1,81.0,89.6923076923,38.0,1.03574033552,119.0,12.8923627684,99.0
2016-08-13,5,1,28.0,35.0,1,81.0,90.3846153846,38.0,1.0397217646,119.0,13.1297575204,95.0
2016-08-14,6,1,28.0,35.0,1,81.0,90.1538461538,38.0,1.01307189542,119.0,13.0197846718,100.0
2016-08-15,0,0,29.0,35.0,1,81.0,90.6923076923,38.0,1.05888708806,119.0,13.2687290875,125.0
2016-08-16,1,0,29.0,36.0,1,82.0,94.0769230769,38.0,1.12576956904,125.0,15.7453853482,109.0
2016-08-17,2,0,29.0,35.0,1,82.0,96.0,38.0,1.17131334385,125.0,15.9228911175,94.0
2016-08-18,3,0,29.0,36.0,1,82.0,97.0,68.0,1.16188452001,125.0,15.3472623467,113.0
2016-08-19,4,0,29.0,38.0,1,83.0,96.5384615385,68.0,1.10818867263,125.0,14.7576076059,114.0
2016-08-20,5,1,29.0,37.0,0,83.0,99.7692307692,68.0,1.11168831169,125.0,13.5825331621,118.0
2016-08-21,6,1,28.0,34.0,0,83.0,103.615384615,68.0,1.18251928021,125.0,10.8453354847,86.0
2016-08-22,0,0,29.0,35.0,1,84.0,102.846153846,68.0,1.09391124871,125.0,11.6806622168,98.0
2016-08-23,1,0,27.0,33.0,0,84.0,102.769230769,68.0,1.02983802217,125.0,11.7089961874,99.0
2016-08-24,2,0,27.0,35.0,1,85.0,102.692307692,68.0,0.957698815567,125.0,11.7302017517,125.0
2016-08-25,3,0,27.0,35.0,1,85.0,105.769230769,68.0,1.06587222774,125.0,11.9302707826,99.0
2016-08-26,4,0,25.0,34.0,0,85.0,105.769230769,68.0,1.07990638582,125.0,11.9302707826,86.0
2016-08-27,5,1,24.0,31.0,1,86.0,105.076923077,68.0,1.02921646746,125.0,12.7669135988,108.0
2016-08-28,6,1,21.0,31.0,1,86.0,105.692307692,68.0,0.953776041667,125.0,12.6999976704,113.0
2016-08-29,0,0,22.0,31.0,1,86.0,104.769230769,68.0,0.991121872478,125.0,11.6563211386,96.0
2016-08-30,1,0,22.0,33.0,1,90.0,103.769230769,68.0,1.02489492402,125.0,11.8071285258,95.0
2016-08-31,2,0,23.0,34.0,1,90.0,103.846153846,68.0,0.985253605574,125.0,11.7463326771,88.0
2016-09-01,3,0,23.0,31.0,1,90.0,101.923076923,68.0,0.902912621359,125.0,12.1304546079,91.0
2016-09-02,4,0,23.0,34.0,1,91.0,100.153846154,68.0,0.890188434048,125.0,11.9153821324,90.0
2016-09-03,5,1,23.0,33.0,1,91.0,98.0,68.0,0.876078814525,125.0,10.9895054834,103.0
2016-09-04,6,1,24.0,31.0,1,93.0,99.3076923077,68.0,0.923577235772,125.0,10.4835740778,95.0
2016-09-05,0,0,24.0,28.0,0,93.0,99.0769230769,68.0,0.950495049505,125.0,10.5426718148,92.0
2016-09-06,1,0,23.0,28.0,0,93.0,98.5384615385,85.0,0.965218838409,125.0,10.7102782023,70.0
2016-09-07,2,0,21.0,26.0,0,93.0,94.3076923077,70.0,0.865757116389,125.0,10.2760708997,88.0
2016-09-08,3,0,21.0,29.0,1,93.0,93.4615384615,70.0,0.852951211191,125.0,10.3076923077,56.0
2016-09-09,4,0,24.0,31.0,1,93.0,91.1538461538,56.0,0.752461322082,125.0,14.3035560605,100.0
2016-09-10,5,1,23.0,28.0,1,94.0,90.5384615385,56.0,0.866169684061,125.0,13.7259741681,80.0
2016-09-11,6,1,20.0,23.0,0,94.0,88.0,56.0,0.840455840456,125.0,12.3163431136,76.0
2016-09-12,0,0,21.0,27.0,1,94.0,86.4615384615,56.0,0.922522522523,125.0,12.469133488,89.0
2016-09-13,1,0,22.0,27.0,1,94.0,86.0,56.0,0.88768115942,125.0,12.2537278472,63.0
2016-09-14,2,0,21.0,23.0,0,94.0,84.0769230769,56.0,0.854893138358,125.0,13.6689515577,80.0
2016-09-15,3,1,24.0,26.0,0,94.0,83.2307692308,56.0,0.879287473944,125.0,13.5541866717,77.0
2016-09-16,4,1,22.0,28.0,0,94.0,82.2307692308,56.0,0.838095238095,125.0,13.4973150957,79.0
2016-09-17,5,1,23.0,29.0,1,94.0,80.3846153846,56.0,0.914197172187,125.0,12.0991955329,98.0
2016-09-18,6,0,22.0,25.0,0,94.0,80.6153846154,56.0,0.992575224697,125.0,12.4006107885,84.0
2016-09-19,0,0,20.0,27.0,1,94.0,80.0,56.0,1.02715466352,125.0,12.0128136716,91.0
2016-09-20,1,0,20.0,26.0,1,94.0,81.6153846154,56.0,1.07692307692,125.0,11.9713662323,83.0
2016-09-21,2,0,20.0,26.0,1,93.0,81.2307692308,56.0,1.02077151335,125.0,11.839658559,85.0
2016-09-22,3,0,19.0,28.0,1,93.0,83.4615384615,56.0,1.02838991463,125.0,9.34480838685,99.0
2016-09-23,4,0,21.0,29.0,1,94.0,83.3846153846,56.0,1.05450236967,113.0,9.21151838764,74.0
2016-09-24,5,1,21.0,29.0,1,94.0,82.9230769231,56.0,1.03676913803,113.0,9.51485913604,87.0
2016-09-25,6,1,22.0,30.0,1,93.0,83.7692307692,56.0,1.0498687664,113.0,9.34923975645,72.0
2016-09-26,0,0,24.0,30.0,1,92.0,82.4615384615,56.0,0.952380952381,113.0,9.70816773187,81.0
2016-09-27,1,0,25.0,28.0,0,91.0,83.8461538462,56.0,0.974421437272,103.0,7.95995896632,68.0
2016-09-28,2,0,23.0,28.0,0,91.0,82.9230769231,56.0,0.908343608714,103.0,8.98256035507,73.0
2016-09-29,3,0,23.0,25.0,0,91.0,82.6153846154,56.0,0.902989627822,103.0,9.24486103851,58.0
2016-09-30,4,0,22.0,29.0,0,90.0,81.0,56.0,0.830724274682,103.0,11.3340874561,89.0
2016-10-01,5,1,23.0,27.0,0,90.0,80.3076923077,56.0,0.913242009132,103.0,10.5201975368,100.0
2016-10-02,6,1,23.0,31.0,1,91.0,81.5384615385,56.0,1.01022494888,103.0,11.744821344,78.0
2016-10-03,0,1,20.0,25.0,0,91.0,80.5384615385,56.0,1.0994441013,100.0,11.446298593,72.0
2016-10-04,1,1,20.0,26.0,1,90.0,79.6923076923,56.0,1.02375102375,100.0,11.6380319205,82.0
2016-10-05,2,1,22.0,27.0,1,90.0,79.4615384615,56.0,0.948875255624,100.0,11.5599799349,99.0
2016-10-06,3,1,22.0,27.0,0,91.0,79.4615384615,56.0,1.02098466505,100.0,11.5599799349,87.0
2016-10-07,4,1,20.0,27.0,0,90.0,80.4615384615,56.0,1.07630522088,100.0,11.6064662655,77.0
2016-10-08,5,0,17.0,21.0,0,89.0,79.6923076923,58.0,1.06975798251,100.0,11.478304722,68.0
2016-10-09,6,0,16.0,22.0,1,89.0,79.3846153846,58.0,0.952967755186,100.0,11.7312105844,82.0
2016-10-10,0,0,17.0,22.0,1,89.0,79.4615384615,58.0,0.937629078893,100.0,11.744821344,70.0
2016-10-11,1,0,18.0,23.0,1,88.0,79.6153846154,58.0,0.916094107849,100.0,11.6059564385,77.0
2016-10-12,2,0,19.0,24.0,1,88.0,79.9230769231,58.0,0.958359489433,100.0,11.4788202185,85.0
2016-10-13,3,0,18.0,23.0,1,87.0,82.0,58.0,0.979522904792,100.0,9.61569230277,75.0
2016-10-14,4,0,20.0,21.0,0,87.0,80.9230769231,58.0,1.0,100.0,9.55519623806,85.0
2016-10-15,5,1,20.0,24.0,0,86.0,79.7692307692,58.0,1.03506548373,100.0,7.95326586188,99.0
2016-10-16,6,1,20.0,26.0,1,86.0,81.3846153846,58.0,1.07580477674,100.0,9.42613765049,94.0
2016-10-17,0,0,19.0,22.0,0,86.0,83.0769230769,58.0,1.14544705398,100.0,9.5632432418,56.0
2016-10-18,1,0,20.0,24.0,0,86.0,81.0769230769,56.0,1.03362391034,100.0,11.9901340113,57.0
2016-10-19,2,0,19.0,22.0,0,85.0,77.8461538462,56.0,0.867924528302,100.0,12.3776855911,75.0
2016-10-20,3,0,21.0,25.0,0,85.0,76.9230769231,56.0,0.779921178179,100.0,12.1050627581,89.0
2016-10-21,4,0,22.0,27.0,0,85.0,77.8461538462,56.0,0.916822236051,100.0,12.5259493965,109.0
2016-10-22,5,1,19.0,23.0,0,85.0,81.0,56.0,1.12623762376,109.0,14.6339962469,95.0
2016-10-23,6,1,18.0,21.0,0,85.0,82.0,56.0,1.19616248214,109.0,15.1047623667,81.0
2016-10-24,0,0,19.0,23.0,1,85.0,82.8461538462,56.0,1.15712545676,109.0,14.7118275487,84.0
2016-10-25,1,0,21.0,24.0,1,84.0,83.3846153846,56.0,1.05433901054,109.0,14.6157894681,69.0
2016-10-26,2,0,20.0,26.0,0,84.0,82.1538461538,56.0,0.966542750929,109.0,15.0937896238,72.0
2016-10-27,3,0,20.0,25.0,1,83.0,81.9230769231,56.0,0.93808630394,109.0,15.2237746177,97.0
2016-10-28,4,0,14.0,21.0,0,83.0,82.8461538462,56.0,0.980028824377,109.0,15.7374915108,94.0
2016-10-29,5,1,12.0,15.0,0,83.0,82.4615384615,56.0,1.06585612969,109.0,15.3953808488,87.0
2016-10-30,6,1,14.0,17.0,1,83.0,81.9230769231,56.0,1.12323232323,109.0,15.1020199284,84.0
2016-10-31,0,0,14.0,16.0,0,83.0,84.0769230769,56.0,1.06169871795,109.0,13.1175838445,70.0
