time_stamp,dayofweek,holiday,lt,ht,sunny,m2M,w2A,m1L,d3w3,m1Lar,w2Std,pay_sum
2016-08-01,0,0,25.0,35.0,0,157.0,96.9230769231,77.0,0.844177510844,222.0,14.3658866146,25.0
2016-08-02,1,0,25.0,29.0,0,146.0,91.0,25.0,0.698280354351,222.0,23.816607005,25.0
2016-08-03,2,0,25.0,31.0,0,129.0,86.1538461538,25.0,0.537400145243,222.0,29.6332613378,25.0
2016-08-04,3,0,26.0,32.0,1,129.0,80.2307692308,25.0,0.280583613917,183.0,33.337790629,25.0
2016-08-05,4,0,26.0,34.0,1,129.0,75.3076923077,25.0,0.29429075927,183.0,36.2754093767,25.0
2016-08-06,5,1,27.0,35.0,1,126.0,69.4615384615,25.0,0.307503075031,183.0,37.7575573375,25.0
2016-08-07,6,1,27.0,36.0,1,125.0,61.7692307692,25.0,0.32722513089,126.0,35.794614649,25.0
2016-08-08,0,0,27.0,35.0,0,123.0,55.0769230769,25.0,0.348432055749,125.0,33.8582146343,25.0
2016-08-09,1,0,25.0,34.0,0,123.0,49.8461538462,25.0,0.368188512518,125.0,32.832549876,25.0
2016-08-10,2,0,26.0,31.0,0,123.0,45.6923076923,25.0,0.3861003861,125.0,32.2928537353,25.0
2016-08-11,3,0,26.0,32.0,0,118.0,38.6923076923,25.0,0.410509031199,125.0,25.4267715225,25.0
2016-08-12,4,0,26.0,30.0,0,118.0,34.6923076923,25.0,0.433275563258,125.0,23.0664078607,25.0
2016-08-13,5,1,25.0,32.0,0,117.0,30.6153846154,25.0,0.463821892393,125.0,19.4522629158,25.0
2016-08-14,6,1,26.0,32.0,0,116.0,25.0,25.0,0.511247443763,125.0,0.0,25.0
2016-08-15,0,0,25.0,31.0,0,112.0,25.0,25.0,0.561167227834,125.0,0.0,25.0
2016-08-16,1,0,25.0,31.0,0,108.0,25.0,25.0,0.607533414338,125.0,0.0,25.0
2016-08-17,2,0,25.0,31.0,0,108.0,25.0,25.0,0.650195058518,125.0,0.0,25.0
2016-08-18,3,0,25.0,30.0,0,104.0,25.0,25.0,0.737463126844,125.0,0.0,25.0
2016-08-19,4,0,26.0,32.0,0,102.0,25.0,25.0,0.798722044728,125.0,0.0,25.0
2016-08-20,5,1,26.0,34.0,1,102.0,25.0,25.0,0.87260034904,125.0,0.0,25.0
2016-08-21,6,1,27.0,35.0,0,101.0,25.0,25.0,1.0,125.0,0.0,25.0
2016-08-22,0,0,27.0,35.0,1,98.0,25.0,25.0,1.0,125.0,0.0,25.0
2016-08-23,1,0,27.0,35.0,1,98.0,25.0,25.0,1.0,116.0,0.0,25.0
2016-08-24,2,0,28.0,36.0,1,93.0,25.0,25.0,1.0,116.0,0.0,25.0
2016-08-25,3,0,27.0,36.0,1,89.0,25.0,25.0,1.0,116.0,0.0,25.0
2016-08-26,4,0,25.0,35.0,0,88.0,25.0,25.0,1.0,116.0,0.0,25.0
2016-08-27,5,1,24.0,32.0,0,79.0,25.0,25.0,1.0,98.0,0.0,25.0
2016-08-28,6,1,26.0,33.0,1,79.0,25.0,25.0,1.0,98.0,0.0,25.0
2016-08-29,0,0,26.0,33.0,1,78.0,25.0,25.0,1.0,98.0,0.0,25.0
2016-08-30,1,0,25.0,32.0,1,77.0,25.0,25.0,1.0,25.0,0.0,25.0
2016-08-31,2,0,25.0,33.0,0,25.0,25.0,25.0,1.0,25.0,0.0,25.0
2016-09-01,3,0,25.0,32.0,0,25.0,25.0,25.0,1.0,25.0,0.0,25.0
2016-09-02,4,0,25.0,31.0,0,25.0,25.0,25.0,1.0,25.0,0.0,62.0
2016-09-03,5,1,25.0,31.0,0,25.0,27.8461538462,25.0,1.39044072005,62.0,9.85936613539,98.0
2016-09-04,6,1,26.0,31.0,0,25.0,33.4615384615,25.0,2.0218579235,98.0,21.0626004115,84.0
2016-09-05,0,0,26.0,32.0,0,25.0,38.0,25.0,2.43148978575,98.0,24.7790233867,188.0
2016-09-06,1,0,26.0,33.0,0,25.0,50.5384615385,25.0,2.96474358974,188.0,46.6321371269,153.0
2016-09-07,2,0,25.0,31.0,0,25.0,60.3846153846,25.0,2.95138888889,188.0,53.2447736136,128.0
2016-09-08,3,0,26.0,32.0,0,25.0,68.3076923077,25.0,2.94136092819,188.0,55.0236097792,127.0
2016-09-09,4,0,26.0,32.0,0,25.0,76.1538461538,25.0,2.3347639485,188.0,55.5584877596,137.0
2016-09-10,5,1,25.0,30.0,0,25.0,84.7692307692,25.0,2.04646306447,188.0,55.6419236605,122.0
2016-09-11,6,1,25.0,30.0,0,25.0,92.2307692308,25.0,1.87287724406,188.0,53.5927002006,122.0
2016-09-12,0,0,24.0,33.0,1,25.0,99.6923076923,25.0,1.72671651937,188.0,50.368464822,170.0
2016-09-13,1,0,26.0,35.0,1,25.0,110.846153846,25.0,1.70792079208,188.0,48.6175754131,155.0
2016-09-14,2,0,26.0,35.0,1,25.0,120.846153846,25.0,1.7067583047,188.0,42.9737776107,136.0
2016-09-15,3,1,25.0,34.0,1,25.0,129.384615385,25.0,1.6549991025,188.0,32.9370926313,98.0
2016-09-16,4,1,25.0,34.0,1,25.0,132.153846154,25.0,1.34369602763,188.0,28.3490500556,110.0
2016-09-17,5,1,25.0,34.0,1,25.0,133.076923077,25.0,1.13813068652,188.0,27.401464134,110.0
2016-09-18,6,0,25.0,33.0,1,25.0,135.076923077,25.0,1.00952380952,188.0,24.546538338,155.0
2016-09-19,0,0,23.0,32.0,1,25.0,132.538461538,25.0,1.12107623318,188.0,20.2773666346,170.0
2016-09-20,1,0,24.0,31.0,1,25.0,133.846153846,25.0,1.22105263158,188.0,22.0274170204,165.0
2016-09-21,2,0,24.0,31.0,1,25.0,136.692307692,25.0,1.29887342611,188.0,23.4336530373,205.0
2016-09-22,3,0,24.0,32.0,1,25.0,142.692307692,25.0,1.33580705009,205.0,29.4079649477,198.0
2016-09-23,4,0,25.0,32.0,1,25.0,147.384615385,25.0,1.33757211822,205.0,32.7966660162,190.0
2016-09-24,5,1,25.0,32.0,1,25.0,152.615384615,25.0,1.35249173224,205.0,33.740043458,193.0
2016-09-25,6,1,26.0,33.0,1,25.0,158.076923077,25.0,1.27748460862,205.0,34.086905987,167.0
2016-09-26,0,0,26.0,34.0,1,25.0,157.846153846,25.0,1.21775711281,205.0,34.0154855094,290.0
2016-09-27,1,0,27.0,35.0,1,25.0,168.230769231,25.0,1.37653536637,290.0,48.9083190126,236.0
2016-09-28,2,0,28.0,34.0,1,25.0,175.923076923,25.0,1.41891891892,290.0,51.0511983412,182.0
2016-09-29,3,0,21.0,28.0,0,25.0,182.384615385,25.0,1.42555119299,290.0,45.828339337,128.0
2016-09-30,4,0,20.0,26.0,0,25.0,183.769230769,25.0,1.10236220472,290.0,43.8496624777,148.0
2016-10-01,5,1,20.0,28.0,0,25.0,186.692307692,62.0,0.917467948718,290.0,39.9256705842,96.0
2016-10-02,6,1,23.0,31.0,1,62.0,182.153846154,84.0,0.751059963658,290.0,46.1399979225,82.0
2016-10-03,0,1,24.0,33.0,1,82.0,175.384615385,82.0,0.676208255549,290.0,53.3227307015,63.0
2016-10-04,1,1,24.0,32.0,1,82.0,167.538461538,63.0,0.514627375614,290.0,61.19655016,86.0
2016-10-05,2,1,23.0,33.0,1,84.0,158.384615385,63.0,0.501302083333,290.0,63.7549858823,87.0
2016-10-06,3,1,25.0,32.0,1,86.0,149.846153846,63.0,0.513993248394,290.0,65.29206119,108.0
2016-10-07,4,1,25.0,31.0,1,87.0,143.538461538,63.0,0.612400566634,290.0,65.0687392563,152.0
2016-10-08,5,0,24.0,31.0,0,96.0,140.384615385,63.0,0.745995915296,290.0,63.5713269444,174.0
2016-10-09,6,0,22.0,30.0,1,98.0,140.923076923,63.0,0.92735042735,290.0,63.8236290202,149.0
2016-10-10,0,0,22.0,30.0,1,98.0,130.076923077,63.0,1.02183500054,290.0,47.4478848332,182.0
2016-10-11,1,0,21.0,28.0,0,108.0,125.923076923,63.0,1.08044501498,290.0,39.7288144578,188.0
2016-10-12,2,0,20.0,25.0,0,110.0,126.384615385,63.0,1.11648919006,290.0,40.4066606496,158.0
2016-10-13,3,0,22.0,28.0,1,110.0,128.692307692,63.0,1.15070284407,290.0,41.2802515932,185.0
2016-10-14,4,0,20.0,30.0,1,122.0,131.538461538,63.0,1.15913555992,290.0,43.7169486313,166.0
2016-10-15,5,1,21.0,31.0,1,122.0,136.923076923,63.0,1.12102191389,290.0,43.3171870996,124.0
2016-10-16,6,1,24.0,32.0,1,124.0,140.153846154,63.0,1.06121537087,290.0,40.5801128896,140.0
2016-10-17,0,0,23.0,32.0,1,127.0,146.076923077,63.0,1.0115266996,290.0,33.9670916272,192.0
2016-10-18,1,0,23.0,26.0,0,128.0,154.230769231,63.0,1.08960573477,290.0,31.1748267435,137.0
2016-10-19,2,0,23.0,27.0,0,128.0,158.076923077,63.0,1.13904068002,290.0,25.1440818498,160.0
2016-10-20,3,0,24.0,31.0,1,136.0,162.076923077,63.0,1.17392870004,290.0,20.5817751289,204.0
2016-10-21,4,0,24.0,27.0,0,137.0,166.076923077,63.0,1.17896223085,290.0,23.1299391015,168.0
2016-10-22,5,1,24.0,30.0,1,137.0,165.615384615,63.0,1.22088353414,290.0,23.0268687926,180.0
2016-10-23,6,1,24.0,31.0,1,140.0,168.0,63.0,1.22544122544,290.0,22.7866357594,139.0
2016-10-24,0,0,24.0,30.0,1,140.0,164.692307692,63.0,1.0544549096,290.0,23.6200195902,185.0
2016-10-25,1,0,24.0,31.0,1,148.0,164.461538462,63.0,1.05726872247,290.0,23.4048495455,206.0
2016-10-26,2,0,25.0,32.0,1,149.0,168.153846154,63.0,1.07168132646,236.0,25.7617670018,184.0
2016-10-27,3,0,24.0,33.0,1,152.0,168.076923077,63.0,1.13647593636,206.0,25.7127969889,208.0
2016-10-28,4,0,22.0,33.0,1,153.0,171.307692308,63.0,1.16263244872,208.0,27.8025583089,187.0
2016-10-29,5,1,20.0,29.0,1,155.0,176.153846154,63.0,1.12144102266,208.0,24.41892757,131.0
2016-10-30,6,1,19.0,28.0,1,155.0,175.461538462,63.0,1.02414330218,208.0,25.5361444732,128.0
2016-10-31,0,0,19.0,27.0,1,155.0,170.538461538,63.0,0.882294757666,208.0,27.9301749826,165.0
