time_stamp,dayofweek,holiday,lt,ht,sunny,m2M,w2A,m1L,d3w3,m1Lar,w2Std,pay_sum
2016-08-01,0,0,27.0,35.0,1,87.0,83.2307692308,51.0,0.959119496855,123.0,18.774589399,107.0
2016-08-02,1,0,26.0,36.0,0,87.0,85.5384615385,51.0,1.06481481481,123.0,19.6884010548,84.0
2016-08-03,2,0,25.0,30.0,0,84.0,86.2307692308,51.0,1.07005388761,123.0,19.4626025857,86.0
2016-08-04,3,0,25.0,32.0,0,84.0,86.7692307692,51.0,1.07551931664,123.0,19.3516202707,82.0
2016-08-05,4,0,26.0,32.0,0,84.0,84.5384615385,51.0,0.987654320988,123.0,18.0580916643,105.0
2016-08-06,5,1,26.0,34.0,0,86.0,83.1538461538,51.0,1.06744868035,123.0,15.5753560465,109.0
2016-08-07,6,1,26.0,34.0,0,86.0,83.3846153846,51.0,1.14662018206,123.0,15.9303216518,95.0
2016-08-08,0,0,26.0,34.0,1,86.0,85.6923076923,51.0,1.17714285714,123.0,15.2587156198,83.0
2016-08-09,1,0,27.0,34.0,1,84.0,86.4615384615,51.0,1.08959757024,123.0,14.8459545622,126.0
2016-08-10,2,0,27.0,34.0,1,84.0,90.1538461538,51.0,1.12156428703,126.0,17.9308335807,101.0
2016-08-11,3,0,27.0,35.0,1,86.0,94.0,51.0,1.12994350282,126.0,14.0657795321,99.0
2016-08-12,4,0,28.0,35.0,1,87.0,95.8461538462,51.0,1.19611080536,126.0,12.9842872726,90.0
2016-08-13,5,1,28.0,36.0,1,87.0,96.4615384615,51.0,1.08370702541,126.0,12.4937854374,132.0
2016-08-14,6,1,27.0,36.0,1,89.0,99.9230769231,51.0,1.18232044199,132.0,15.3094316754,111.0
2016-08-15,0,0,27.0,36.0,1,90.0,100.230769231,51.0,1.19612068966,132.0,15.4877313537,89.0
2016-08-16,1,0,27.0,36.0,1,90.0,100.615384615,51.0,1.18233618234,132.0,15.1380237585,78.0
2016-08-17,2,0,27.0,35.0,1,90.0,100.0,51.0,0.990028490028,132.0,15.8648135095,83.0
2016-08-18,3,0,27.0,36.0,1,89.0,100.076923077,51.0,0.875350140056,132.0,15.7795463446,99.0
2016-08-19,4,0,29.0,37.0,1,90.0,99.6153846154,51.0,0.899031811895,132.0,15.7164218943,102.0
2016-08-20,5,1,27.0,36.0,0,90.0,99.0769230769,51.0,0.971937029432,132.0,15.5041509998,145.0
2016-08-21,6,1,27.0,33.0,0,93.0,102.923076923,51.0,1.14988368229,145.0,19.6604309306,122.0
2016-08-22,0,0,27.0,34.0,1,93.0,105.923076923,51.0,1.21721919842,145.0,19.36476395,98.0
2016-08-23,1,0,25.0,34.0,1,93.0,103.769230769,51.0,1.19574119574,145.0,18.5520218519,122.0
2016-08-24,2,0,24.0,34.0,1,93.0,105.384615385,51.0,1.10091743119,145.0,19.1453487484,82.0
2016-08-25,3,0,25.0,34.0,1,93.0,104.076923077,51.0,0.972155158539,145.0,20.0938625856,101.0
2016-08-26,4,0,23.0,29.0,1,93.0,104.923076923,51.0,0.983712304467,145.0,19.7112288906,108.0
2016-08-27,5,1,20.0,29.0,1,95.0,103.076923077,75.0,0.939012584705,145.0,18.1509124096,114.0
2016-08-28,6,1,19.0,30.0,1,95.0,103.307692308,78.0,1.03277378098,145.0,18.2688663931,128.0
2016-08-29,0,0,20.0,31.0,1,98.0,106.307692308,78.0,1.09546165884,145.0,18.8654532266,84.0
2016-08-30,1,0,21.0,31.0,1,95.0,106.769230769,78.0,1.04086845466,145.0,18.2299577878,82.0
2016-08-31,2,0,22.0,32.0,1,95.0,106.692307692,78.0,0.947317544708,145.0,18.3319167464,94.0
2016-09-01,3,0,22.0,33.0,1,94.0,106.307692308,78.0,0.839793281654,145.0,18.5405361112,65.0
2016-09-02,4,0,22.0,34.0,1,93.0,103.461538462,65.0,0.787967958149,145.0,21.57496906,100.0
2016-09-03,5,1,23.0,34.0,1,93.0,100.0,65.0,0.860322205614,145.0,17.9357828848,158.0
2016-09-04,6,1,22.0,33.0,1,93.0,102.769230769,65.0,1.04836092178,158.0,23.1422153256,170.0
2016-09-05,0,0,24.0,33.0,1,94.0,108.307692308,65.0,1.33645589383,170.0,29.1689629978,73.0
2016-09-06,1,0,22.0,26.0,0,93.0,104.538461538,65.0,1.25508607199,170.0,30.3000771378,105.0
2016-09-07,2,0,20.0,26.0,1,94.0,106.307692308,65.0,1.0780669145,170.0,29.5956977523,81.0
2016-09-08,3,0,21.0,30.0,1,94.0,104.769230769,65.0,0.809122149328,170.0,30.3420344284,78.0
2016-09-09,4,0,23.0,32.0,1,94.0,102.461538462,65.0,0.834123222749,170.0,31.1389328028,114.0
2016-09-10,5,1,21.0,30.0,1,95.0,102.461538462,65.0,0.875420875421,170.0,31.1389328028,195.0
2016-09-11,6,1,20.0,28.0,1,98.0,107.615384615,65.0,1.19888475836,195.0,39.3906245416,167.0
2016-09-12,0,0,20.0,30.0,1,98.0,114.0,65.0,1.42878583221,195.0,41.7040857618,104.0
2016-09-13,1,0,21.0,30.0,1,98.0,115.692307692,65.0,1.41019821456,195.0,40.8079641838,81.0
2016-09-14,2,0,22.0,28.0,1,95.0,114.692307692,65.0,1.06569785044,195.0,41.4810144068,145.0
2016-09-15,3,1,21.0,23.0,0,98.0,120.846153846,65.0,0.979519145147,195.0,39.5413048963,268.0
2016-09-16,4,1,21.0,23.0,0,99.0,133.769230769,65.0,1.36880022167,268.0,55.034470102,212.0
2016-09-17,5,1,21.0,27.0,1,99.0,137.923076923,65.0,1.66400425985,268.0,58.6271944493,162.0
2016-09-18,6,0,20.0,28.0,1,100.0,137.307692308,65.0,1.68636721828,268.0,58.3284923322,87.0
2016-09-19,0,0,17.0,26.0,1,100.0,138.384615385,65.0,1.20949757313,268.0,57.2505135503,76.0
2016-09-20,1,0,18.0,26.0,1,99.0,136.153846154,65.0,0.854700854701,268.0,59.044762881,101.0
2016-09-21,2,0,17.0,24.0,1,99.0,137.692307692,65.0,0.692368214005,268.0,57.8358214995,116.0
2016-09-22,3,0,19.0,27.0,1,99.0,140.615384615,65.0,0.753310194112,268.0,55.6645702283,88.0
2016-09-23,4,0,19.0,28.0,1,99.0,138.615384615,65.0,0.78780834302,268.0,57.0351287994,207.0
2016-09-24,5,1,21.0,29.0,1,100.0,139.538461538,65.0,1.04182509506,268.0,58.0286605376,223.0
2016-09-25,6,1,21.0,28.0,1,101.0,143.846153846,65.0,1.28711641198,268.0,61.8594513068,208.0
2016-09-26,0,0,23.0,30.0,1,101.0,151.846153846,65.0,1.5093446889,268.0,62.9051131025,94.0
2016-09-27,1,0,23.0,30.0,0,101.0,152.846153846,65.0,1.24688279302,268.0,61.865668563,73.0
2016-09-28,2,0,19.0,23.0,0,101.0,147.307692308,65.0,0.893176134334,268.0,65.4397957202,162.0
2016-09-29,3,0,17.0,19.0,0,101.0,139.153846154,65.0,0.760781593248,268.0,55.7850905831,166.0
2016-09-30,4,0,18.0,21.0,0,101.0,135.615384615,65.0,0.910846110165,268.0,52.4089517626,177.0
2016-10-01,5,1,20.0,24.0,0,102.0,136.769230769,73.0,1.15415381099,268.0,53.1372010006,177.0
2016-10-02,6,1,20.0,24.0,0,104.0,143.692307692,73.0,1.18437535588,268.0,52.053795569,171.0
2016-10-03,0,1,18.0,26.0,1,105.0,151.0,73.0,1.16900467602,268.0,48.5909139971,130.0
2016-10-04,1,1,20.0,25.0,1,105.0,153.230769231,73.0,1.04721218096,268.0,46.8798035014,132.0
2016-10-05,2,1,20.0,26.0,1,105.0,154.461538462,73.0,0.952695269527,268.0,46.0895706284,154.0
2016-10-06,3,1,19.0,25.0,1,108.0,159.538461538,73.0,0.951074531321,268.0,41.9369772298,156.0
2016-10-07,4,1,17.0,20.0,0,111.0,155.615384615,73.0,1.0303030303,268.0,39.6359170092,160.0
2016-10-08,5,0,14.0,22.0,1,111.0,150.769230769,73.0,1.09633776534,268.0,34.6369163802,107.0
2016-10-09,6,0,13.0,21.0,1,111.0,143.0,73.0,0.979847116053,268.0,32.1678291274,110.0
2016-10-10,0,0,16.0,21.0,1,111.0,144.230769231,73.0,0.863095238095,268.0,30.534101607,91.0
2016-10-11,1,0,16.0,20.0,1,111.0,145.615384615,73.0,0.707558005973,268.0,27.5333042012,80.0
2016-10-12,2,0,16.0,19.0,1,110.0,139.307692308,73.0,0.653640381484,268.0,32.0753550622,122.0
2016-10-13,3,0,17.0,20.0,1,110.0,135.923076923,73.0,0.673563218391,268.0,31.3944177754,101.0
2016-10-14,4,0,16.0,18.0,1,110.0,130.076923077,73.0,0.722977809592,268.0,30.256497175,149.0
2016-10-15,5,1,18.0,21.0,0,114.0,127.923076923,73.0,0.911764705882,223.0,27.7307425584,254.0
2016-10-16,6,1,17.0,23.0,1,114.0,134.307692308,73.0,1.2147505423,254.0,42.5230880552,174.0
2016-10-17,0,0,18.0,22.0,1,116.0,137.692307692,73.0,1.35160459124,254.0,43.7780848149,68.0
2016-10-18,1,0,18.0,23.0,1,116.0,132.769230769,68.0,1.16390942157,254.0,47.5752906877,95.0
2016-10-19,2,0,19.0,22.0,1,114.0,128.230769231,68.0,0.809901465994,254.0,48.1442605352,88.0
2016-10-20,3,0,19.0,21.0,0,114.0,123.0,68.0,0.620672601385,254.0,48.5354747344,116.0
2016-10-21,4,0,19.0,21.0,0,114.0,119.615384615,68.0,0.756483238457,254.0,47.3571348885,143.0
2016-10-22,5,1,18.0,21.0,0,114.0,122.384615385,68.0,0.889401512239,254.0,47.5904619751,274.0
2016-10-23,6,1,15.0,18.0,1,116.0,135.0,68.0,1.3141025641,274.0,62.1462295409,260.0
2016-10-24,0,0,16.0,20.0,1,116.0,148.0,68.0,1.59256645495,274.0,68.8923351771,108.0
2016-10-25,1,0,14.0,17.0,1,116.0,150.153846154,68.0,1.5231316726,274.0,67.1483388349,111.0
2016-10-26,2,0,16.0,18.0,0,116.0,149.307692308,68.0,1.15407782195,274.0,67.565790861,151.0
2016-10-27,3,0,15.0,17.0,0,116.0,153.153846154,68.0,0.893072652667,274.0,66.1139414529,115.0
2016-10-28,4,0,11.0,15.0,0,116.0,150.538461538,68.0,0.925039872408,274.0,66.8944235742,231.0
2016-10-29,5,1,8.0,12.0,0,122.0,148.769230769,68.0,1.16625601314,274.0,64.3920131767,389.0
2016-10-30,6,1,10.0,17.0,1,130.0,165.307692308,68.0,1.57051282051,389.0,90.9017936824,287.0
2016-10-31,0,0,10.0,15.0,0,132.0,182.153846154,68.0,1.82348210696,389.0,91.5976537773,135.0
