time_stamp,dayofweek,holiday,lt,ht,sunny,m2M,w2A,m1L,d3w3,m1Lar,w2Std,pay_sum
2016-08-01,0,0,24.0,30.0,1,142.0,235.769230769,142.0,1.47326927815,336.0,56.3603158889,241.0
2016-08-02,1,0,24.0,33.0,1,142.0,243.384615385,142.0,1.43979477313,336.0,49.4392221459,208.0
2016-08-03,2,0,25.0,34.0,1,142.0,243.461538462,142.0,1.21527777778,336.0,49.3832973704,162.0
2016-08-04,3,0,25.0,33.0,1,142.0,237.615384615,142.0,0.959786365064,336.0,53.9694193489,214.0
2016-08-05,4,0,25.0,32.0,1,142.0,236.538461538,142.0,0.902069817732,336.0,54.2892755872,233.0
2016-08-06,5,1,24.0,33.0,1,142.0,231.615384615,142.0,0.921261629226,336.0,51.4086770011,325.0
2016-08-07,6,1,23.0,31.0,1,142.0,234.846153846,142.0,1.12127814089,336.0,55.6788126446,311.0
2016-08-08,0,0,24.0,32.0,1,142.0,243.769230769,142.0,1.21734257897,336.0,57.8315243367,198.0
2016-08-09,1,0,25.0,33.0,1,142.0,244.923076923,142.0,1.15472481828,336.0,56.7470250504,254.0
2016-08-10,2,0,26.0,33.0,1,142.0,250.923076923,142.0,1.04620869327,336.0,53.1521206444,297.0
2016-08-11,3,0,27.0,34.0,1,142.0,256.923076923,142.0,1.01469890944,336.0,53.6103628594,244.0
2016-08-12,4,0,25.0,29.0,0,142.0,257.230769231,142.0,1.07352643306,336.0,53.5237601389,306.0
2016-08-13,5,1,24.0,31.0,0,142.0,254.923076923,142.0,1.14166329694,336.0,50.6472894536,473.0
2016-08-14,6,1,24.0,33.0,1,142.0,266.615384615,142.0,1.32788161994,473.0,75.8343726222,419.0
2016-08-15,0,0,21.0,29.0,0,142.0,280.307692308,142.0,1.49004975124,473.0,85.4349816801,323.0
2016-08-16,1,0,23.0,31.0,1,142.0,289.153846154,142.0,1.47272727273,473.0,83.420018031,218.0
2016-08-17,2,0,23.0,28.0,0,142.0,293.461538462,142.0,1.15481775532,473.0,78.0134262455,275.0
2016-08-18,3,0,22.0,24.0,0,142.0,298.153846154,162.0,0.971775634155,473.0,74.863821142,273.0
2016-08-19,4,0,22.0,32.0,1,162.0,301.230769231,162.0,0.906884508376,473.0,72.9195065663,262.0
2016-08-20,5,1,23.0,31.0,1,176.0,296.384615385,162.0,0.97174734569,473.0,73.2714011389,396.0
2016-08-21,6,1,23.0,34.0,1,183.0,302.923076923,162.0,1.10203598485,473.0,77.9284302209,399.0
2016-08-22,0,0,23.0,32.0,1,195.0,318.384615385,162.0,1.21704087507,473.0,75.4785129501,262.0
2016-08-23,1,0,24.0,30.0,0,198.0,319.0,162.0,1.2057951175,473.0,74.9820491338,255.0
2016-08-24,2,0,24.0,31.0,0,207.0,315.769230769,162.0,1.02857784515,473.0,76.7444849897,385.0
2016-08-25,3,0,18.0,30.0,1,208.0,326.615384615,162.0,0.984501200611,473.0,75.792772602,318.0
2016-08-26,4,0,17.0,29.0,1,214.0,327.538461538,162.0,1.03127186609,473.0,75.6089284355,309.0
2016-08-27,5,1,20.0,32.0,1,218.0,314.923076923,162.0,1.09222384113,473.0,62.8997511778,464.0
2016-08-28,6,1,18.0,31.0,1,219.0,318.384615385,162.0,1.14902580305,473.0,69.4312481873,397.0
2016-08-29,0,0,19.0,31.0,1,228.0,324.076923077,162.0,1.19466993414,473.0,72.54013376,273.0
2016-08-30,1,0,19.0,31.0,1,233.0,328.307692308,162.0,1.15455100794,473.0,67.6704510169,241.0
2016-08-31,2,0,19.0,33.0,1,238.0,325.692307692,162.0,0.93551037174,473.0,70.2866489296,435.0
2016-09-01,3,0,19.0,27.0,1,240.0,338.153846154,162.0,0.94668063245,473.0,74.0974889576,250.0
2016-09-02,4,0,19.0,28.0,1,241.0,337.230769231,198.0,0.93154267894,473.0,75.1082847486,284.0
2016-09-03,5,1,20.0,30.0,1,241.0,328.615384615,198.0,1.00341721031,473.0,74.2920830874,430.0
2016-09-04,6,1,18.0,29.0,0,244.0,331.0,198.0,0.99653693079,473.0,76.9625283448,407.0
2016-09-05,0,0,20.0,31.0,1,250.0,342.153846154,198.0,1.1439359151,473.0,76.6609379559,220.0
2016-09-06,1,0,21.0,30.0,1,250.0,339.461538462,198.0,1.07829635297,473.0,80.2070545378,219.0
2016-09-07,2,0,19.0,31.0,1,250.0,326.692307692,218.0,0.870504707517,473.0,85.0107546277,212.0
2016-09-08,3,0,18.0,31.0,1,250.0,318.538461538,212.0,0.676223122468,473.0,90.3681490729,283.0
2016-09-09,4,0,19.0,31.0,1,254.0,316.538461538,212.0,0.739245224414,473.0,90.8435810226,298.0
2016-09-10,5,1,18.0,30.0,1,255.0,303.769230769,212.0,0.833727592914,473.0,80.2698849997,381.0
2016-09-11,6,1,18.0,25.0,0,262.0,302.538461538,212.0,1.01428646739,473.0,78.942642649,345.0
2016-09-12,0,0,18.0,27.0,1,262.0,308.076923077,212.0,1.06566760329,464.0,79.2012641104,289.0
2016-09-13,1,0,19.0,27.0,1,273.0,311.769230769,212.0,1.05072463768,464.0,77.0785352204,260.0
2016-09-14,2,0,20.0,30.0,1,273.0,298.307692308,212.0,0.943784639747,464.0,69.2669136417,334.0
2016-09-15,3,1,21.0,30.0,1,273.0,304.769230769,212.0,0.929816248091,464.0,68.3713321009,389.0
2016-09-16,4,1,20.0,30.0,0,275.0,312.846153846,212.0,1.02220142463,464.0,71.5679839828,271.0
2016-09-17,5,1,17.0,24.0,1,275.0,300.615384615,212.0,1.06572316929,464.0,63.6499301607,280.0
2016-09-18,6,0,15.0,22.0,0,280.0,290.846153846,212.0,1.02715401847,464.0,55.8388424966,212.0
2016-09-19,0,0,13.0,25.0,1,280.0,290.230769231,212.0,0.842163355408,464.0,56.6543553165,230.0
2016-09-20,1,0,14.0,26.0,1,280.0,291.076923077,212.0,0.798363465472,464.0,55.6575539672,231.0
2016-09-21,2,0,16.0,23.0,0,275.0,292.538461538,212.0,0.770243204578,464.0,53.7796292355,230.0
2016-09-22,3,0,17.0,26.0,0,273.0,288.461538462,212.0,0.793568762561,464.0,56.298128654,217.0
2016-09-23,4,0,19.0,27.0,1,273.0,282.230769231,212.0,0.787730916696,464.0,59.2999595877,313.0
2016-09-24,5,1,20.0,29.0,1,275.0,277.0,212.0,0.9013817233,464.0,53.0239423425,328.0
2016-09-25,6,1,19.0,27.0,1,280.0,275.692307692,212.0,1.03211836882,464.0,51.5190548996,344.0
2016-09-26,0,0,19.0,24.0,0,283.0,279.923076923,212.0,1.15895987763,435.0,54.6041158472,228.0
2016-09-27,1,0,12.0,23.0,1,283.0,277.461538462,212.0,1.05726872247,435.0,56.1462587076,226.0
2016-09-28,2,0,10.0,20.0,1,280.0,269.153846154,212.0,0.935137985586,435.0,55.1471404571,255.0
2016-09-29,3,0,12.0,22.0,1,275.0,258.846153846,212.0,0.834952599658,435.0,42.9594552212,233.0
2016-09-30,4,0,14.0,24.0,1,275.0,255.923076923,212.0,0.850607576841,430.0,43.3242897558,281.0
2016-10-01,5,1,15.0,26.0,1,280.0,256.0,212.0,0.932799611839,430.0,43.3678363626,264.0
2016-10-02,6,1,16.0,26.0,1,280.0,260.0,212.0,0.95783317944,430.0,41.4821555704,234.0
2016-10-03,0,1,16.0,28.0,1,280.0,260.307692308,212.0,0.968905472637,407.0,41.272797179,188.0
2016-10-04,1,1,11.0,19.0,0,280.0,257.0,188.0,0.864851235502,389.0,45.0401530261,166.0
2016-10-05,2,1,13.0,21.0,1,275.0,252.076923077,166.0,0.765625,389.0,50.8458629108,204.0
2016-10-06,3,1,14.0,17.0,0,273.0,251.076923077,166.0,0.753799392097,389.0,51.6474164049,222.0
2016-10-07,4,1,12.0,16.0,0,273.0,244.076923077,166.0,0.807750034111,389.0,48.8726154853,295.0
2016-10-08,5,0,5.0,19.0,1,275.0,241.538461538,166.0,0.980752227437,389.0,45.1640009548,251.0
2016-10-09,6,0,8.0,18.0,1,273.0,234.384615385,166.0,1.03643724696,389.0,34.4663458185,204.0
2016-10-10,0,0,10.0,20.0,1,273.0,232.538461538,166.0,1.0175010175,389.0,35.3892973491,221.0
2016-10-11,1,0,10.0,20.0,1,273.0,232.153846154,166.0,0.918977705275,389.0,35.4853082358,220.0
2016-10-12,2,0,10.0,19.0,1,271.0,229.461538462,166.0,0.878626890069,389.0,34.9738702124,197.0
2016-10-13,3,0,12.0,22.0,1,264.0,226.692307692,166.0,0.872657639174,389.0,35.9944111375,191.0
2016-10-14,4,0,13.0,23.0,1,262.0,219.769230769,166.0,0.852974186308,389.0,33.448361685,205.0
2016-10-15,5,1,11.0,17.0,0,262.0,215.230769231,166.0,0.854036148916,344.0,31.0561621438,256.0
2016-10-16,6,1,12.0,20.0,1,262.0,216.923076923,166.0,0.957204727299,344.0,32.5941512886,316.0
2016-10-17,0,0,9.0,21.0,1,262.0,226.769230769,166.0,1.11903218838,344.0,40.6961609343,191.0
2016-10-18,1,0,12.0,20.0,1,260.0,228.692307692,166.0,1.10724132927,344.0,38.2991958449,175.0
2016-10-19,2,0,14.0,22.0,1,256.0,226.461538462,166.0,1.00723674494,344.0,40.4562734217,200.0
2016-10-20,3,0,11.0,15.0,0,255.0,224.769230769,166.0,0.842073941828,344.0,41.0630918806,163.0
2016-10-21,4,0,11.0,11.0,0,255.0,214.615384615,163.0,0.822064328826,344.0,38.6931487904,220.0
2016-10-22,5,1,7.0,15.0,1,251.0,212.230769231,163.0,0.899899668133,344.0,37.3077716097,321.0
2016-10-23,6,1,0.0,5.0,1,251.0,221.230769231,163.0,1.06521410198,344.0,47.0713923347,324.0
2016-10-24,0,0,6.0,13.0,1,251.0,229.153846154,163.0,1.26963158667,344.0,54.4551278278,193.0
2016-10-25,1,0,10.0,17.0,1,250.0,227.076923077,163.0,1.22273291019,324.0,55.2733925953,184.0
2016-10-26,2,0,0.0,10.0,1,241.0,226.076923077,163.0,1.02733201436,324.0,55.9222833506,237.0
2016-10-27,3,0,7.0,11.0,0,237.0,229.615384615,163.0,0.896874087058,324.0,55.0392006616,146.0
2016-10-28,4,0,2.0,13.0,1,234.0,225.076923077,146.0,0.85617214043,324.0,59.1600976991,241.0
2016-10-29,5,1,2.0,12.0,1,234.0,223.923076923,146.0,0.94438138479,324.0,58.6901400951,317.0
2016-10-30,6,1,2.0,13.0,1,234.0,224.0,146.0,1.03880773203,324.0,58.8113018966,337.0
2016-10-31,0,0,-4.0,6.0,1,234.0,235.230769231,146.0,1.28758452021,337.0,65.0469107008,192.0
