time_stamp,dayofweek,holiday,lt,ht,sunny,m2M,w2A,m1L,d3w3,m1Lar,w2Std,pay_sum
2016-08-01,0,0,26.0,33.0,0,117.0,123.692307692,88.0,1.06221135561,167.0,19.5069400486,105.0
2016-08-02,1,0,24.0,26.0,0,116.0,123.076923077,88.0,1.02710802343,167.0,19.9555719555,123.0
2016-08-03,2,0,26.0,31.0,0,116.0,124.692307692,100.0,1.02959059587,167.0,19.0116750178,113.0
2016-08-04,3,0,26.0,31.0,0,116.0,125.153846154,100.0,0.926001357773,167.0,18.6458745854,127.0
2016-08-05,4,0,26.0,33.0,0,117.0,124.461538462,100.0,0.986547085202,167.0,18.3957159922,107.0
2016-08-06,5,1,27.0,35.0,1,117.0,119.846153846,100.0,0.951597422186,167.0,14.1901707793,130.0
2016-08-07,6,1,27.0,36.0,1,119.0,118.769230769,100.0,0.997396903685,167.0,12.7771060053,131.0
2016-08-08,0,0,28.0,35.0,0,119.0,121.153846154,100.0,1.00381887616,167.0,11.9153821324,94.0
2016-08-09,1,0,28.0,36.0,0,117.0,119.538461538,94.0,0.975945017182,167.0,13.8986185512,80.0
2016-08-10,2,0,24.0,29.0,0,117.0,116.769230769,80.0,0.846164516577,167.0,17.458318917,106.0
2016-08-11,3,0,26.0,31.0,0,117.0,115.923076923,80.0,0.777130169303,167.0,17.6916387833,126.0
2016-08-12,4,0,26.0,31.0,0,119.0,116.461538462,80.0,0.869565217391,167.0,17.8825888016,147.0
2016-08-13,5,1,27.0,30.0,0,119.0,118.615384615,80.0,1.06520517144,167.0,19.6568189834,179.0
2016-08-14,6,1,26.0,31.0,0,120.0,120.615384615,80.0,1.2519041684,179.0,23.9150369869,135.0
2016-08-15,0,0,25.0,30.0,0,123.0,122.923076923,80.0,1.25853125853,179.0,23.7437005037,118.0
2016-08-16,1,0,25.0,29.0,0,123.0,122.538461538,80.0,1.17791411043,179.0,23.7798084505,116.0
2016-08-17,2,0,24.0,28.0,0,120.0,122.769230769,80.0,1.00613496933,179.0,23.7005480175,93.0
2016-08-18,3,0,25.0,29.0,0,119.0,120.153846154,80.0,0.900454357703,179.0,24.9332837599,85.0
2016-08-19,4,0,26.0,30.0,0,119.0,118.461538462,80.0,0.821114369501,179.0,26.4680224614,142.0
2016-08-20,5,1,26.0,34.0,0,119.0,119.384615385,80.0,0.88520055325,179.0,27.0570294053,166.0
2016-08-21,6,1,27.0,33.0,0,120.0,122.076923077,80.0,1.08130416839,179.0,29.6919091245,251.0
2016-08-22,0,0,26.0,35.0,0,120.0,134.153846154,80.0,1.45062929804,251.0,44.20032397,132.0
2016-08-23,1,0,26.0,35.0,1,120.0,138.153846154,80.0,1.41970519783,251.0,41.3816127021,147.0
2016-08-24,2,0,28.0,35.0,1,120.0,141.307692308,80.0,1.3527309852,251.0,40.3606522311,128.0
2016-08-25,3,0,27.0,36.0,1,120.0,141.461538462,80.0,1.03839775482,251.0,40.3057838656,154.0
2016-08-26,4,0,27.0,34.0,0,120.0,142.0,80.0,1.07518796992,251.0,40.4227658628,143.0
2016-08-27,5,1,26.0,32.0,0,120.0,139.230769231,80.0,1.05998254146,251.0,39.0012896161,142.0
2016-08-28,6,1,26.0,32.0,1,123.0,139.769230769,80.0,1.09041231992,251.0,38.9874809219,193.0
2016-08-29,0,0,26.0,32.0,1,125.0,145.538461538,80.0,1.14504731106,251.0,40.8441981279,142.0
2016-08-30,1,0,26.0,31.0,1,125.0,147.538461538,80.0,1.11775043937,251.0,39.9761763374,147.0
2016-08-31,2,0,26.0,32.0,0,125.0,151.692307692,80.0,1.11342111342,251.0,36.7703572405,102.0
2016-09-01,3,0,26.0,34.0,0,123.0,153.0,80.0,0.910784998835,251.0,34.6143589592,120.0
2016-09-02,4,0,26.0,32.0,0,123.0,151.307692308,80.0,0.867724867725,251.0,35.6335723622,183.0
2016-09-03,5,1,26.0,32.0,0,123.0,152.615384615,80.0,0.951039098274,251.0,36.4513130745,222.0
2016-09-04,6,1,26.0,32.0,0,125.0,150.384615385,80.0,1.1961722488,251.0,30.8134297932,202.0
2016-09-05,0,0,26.0,32.0,0,126.0,155.769230769,80.0,1.34440753045,251.0,33.1573262496,117.0
2016-09-06,1,0,26.0,32.0,0,126.0,153.461538462,80.0,1.19783017824,251.0,34.6956334752,105.0
2016-09-07,2,0,26.0,31.0,0,126.0,151.692307692,80.0,0.935053478884,251.0,36.4889543147,116.0
2016-09-08,3,0,26.0,32.0,0,125.0,148.769230769,85.0,0.737830168086,251.0,37.6893248427,105.0
2016-09-09,4,0,25.0,32.0,0,125.0,145.846153846,85.0,0.720362390896,251.0,39.45561509,132.0
2016-09-10,5,1,26.0,31.0,0,126.0,145.076923077,85.0,0.788914962566,251.0,39.6202386869,138.0
2016-09-11,6,1,26.0,31.0,0,127.0,140.846153846,85.0,0.871080139373,251.0,37.1356062888,182.0
2016-09-12,0,0,25.0,33.0,1,128.0,143.923076923,85.0,1.03196347032,251.0,38.7267777334,121.0
2016-09-13,1,0,26.0,34.0,1,127.0,141.923076923,85.0,1.01589495508,251.0,39.1848902168,132.0
2016-09-14,2,0,26.0,35.0,1,127.0,144.230769231,85.0,1.00069013112,251.0,37.6178227934,164.0
2016-09-15,3,1,26.0,34.0,1,127.0,147.615384615,85.0,0.95598349381,251.0,37.2631772491,202.0
2016-09-16,4,1,26.0,35.0,1,128.0,149.076923077,85.0,1.11897539602,251.0,38.9565073827,133.0
2016-09-17,5,1,26.0,34.0,1,130.0,142.230769231,102.0,1.12463376155,251.0,32.887111916,168.0
2016-09-18,6,0,26.0,33.0,1,131.0,139.615384615,102.0,1.14331173997,251.0,29.1720057103,114.0
2016-09-19,0,0,26.0,32.0,1,131.0,139.384615385,102.0,0.952380952381,251.0,29.3612472527,84.0
2016-09-20,1,0,25.0,31.0,1,130.0,137.769230769,84.0,0.858550316678,222.0,31.6936146108,85.0
2016-09-21,2,0,25.0,31.0,1,128.0,135.384615385,84.0,0.66784660767,222.0,34.3007926832,93.0
2016-09-22,3,0,26.0,32.0,1,127.0,134.461538462,84.0,0.624255420538,222.0,35.2542749936,100.0
2016-09-23,4,0,26.0,32.0,1,127.0,132.0,84.0,0.68262737876,222.0,36.4375123697,115.0
2016-09-24,5,1,26.0,32.0,1,127.0,130.230769231,84.0,0.787321063395,222.0,36.6609283658,161.0
2016-09-25,6,1,25.0,33.0,1,128.0,128.615384615,84.0,0.976496558888,222.0,34.7574861035,145.0
2016-09-26,0,0,28.0,35.0,1,130.0,130.461538462,84.0,1.08156711625,222.0,34.9408629734,94.0
2016-09-27,1,0,27.0,36.0,1,130.0,127.538461538,84.0,1.03199174407,222.0,36.2546875157,113.0
2016-09-28,2,0,26.0,34.0,1,130.0,123.615384615,84.0,0.90920831719,222.0,34.8282344824,94.0
2016-09-29,3,0,24.0,29.0,1,128.0,115.307692308,84.0,0.780804150454,222.0,27.1813980944,87.0
2016-09-30,4,0,19.0,26.0,0,128.0,111.769230769,84.0,0.776237623762,222.0,27.6381949933,117.0
2016-10-01,5,1,21.0,27.0,0,128.0,107.846153846,84.0,0.793397231097,222.0,22.5246741762,164.0
2016-10-02,6,1,24.0,30.0,1,130.0,111.692307692,84.0,0.986859747922,222.0,27.0594349119,166.0
2016-10-03,0,1,26.0,31.0,1,131.0,118.0,84.0,1.17740023706,202.0,29.3310022384,151.0
2016-10-04,1,1,26.0,32.0,0,132.0,123.076923077,84.0,1.25751633987,202.0,28.8882769368,179.0
2016-10-05,2,1,25.0,32.0,0,132.0,129.692307692,84.0,1.28914879792,202.0,31.0121182651,151.0
2016-10-06,3,1,26.0,33.0,1,132.0,133.615384615,84.0,1.27552373376,202.0,30.2236241312,90.0
2016-10-07,4,1,26.0,32.0,1,132.0,131.692307692,84.0,1.13314447592,202.0,32.0849464232,140.0
2016-10-08,5,0,26.0,31.0,1,133.0,130.076923077,84.0,1.03970528039,202.0,31.0816828038,124.0
2016-10-09,6,0,25.0,30.0,1,133.0,128.461538462,84.0,0.962087240114,202.0,30.8086286231,83.0
2016-10-10,0,0,23.0,29.0,1,133.0,127.615384615,83.0,0.943447525829,202.0,31.8760543392,106.0
2016-10-11,1,0,23.0,28.0,1,132.0,127.076923077,83.0,0.843779485106,202.0,32.1761056554,106.0
2016-10-12,2,0,21.0,25.0,0,132.0,128.0,83.0,0.791096808796,202.0,31.3761300747,84.0
2016-10-13,3,0,22.0,28.0,1,132.0,127.769230769,83.0,0.798920377868,202.0,31.6863325211,100.0
2016-10-14,4,0,23.0,30.0,1,132.0,126.461538462,83.0,0.787508486083,202.0,32.4454936651,130.0
2016-10-15,5,1,23.0,31.0,1,132.0,123.846153846,83.0,0.863586358636,179.0,30.6339333064,156.0
2016-10-16,6,1,25.0,32.0,1,132.0,123.076923077,83.0,1.05681040383,179.0,29.6763608034,163.0
2016-10-17,0,0,25.0,30.0,0,132.0,124.0,83.0,1.19542066028,179.0,30.6995364535,73.0
2016-10-18,1,0,23.0,26.0,0,132.0,115.846153846,73.0,1.06060606061,179.0,29.0406774498,81.0
2016-10-19,2,0,24.0,27.0,0,132.0,110.461538462,73.0,0.862233102135,179.0,28.508070071,103.0
2016-10-20,3,0,24.0,32.0,1,130.0,111.461538462,73.0,0.694500743143,179.0,27.9961958532,99.0
2016-10-21,4,0,25.0,29.0,1,128.0,108.307692308,73.0,0.770382469035,179.0,26.8911899081,116.0
2016-10-22,5,1,25.0,31.0,1,124.0,107.692307692,73.0,0.88296543107,179.0,26.6151622934,136.0
2016-10-23,6,1,25.0,31.0,1,124.0,111.769230769,73.0,0.986925347954,179.0,26.579789448,153.0
2016-10-24,0,0,26.0,29.0,0,124.0,115.384615385,73.0,1.13780025284,179.0,28.6639373041,121.0
2016-10-25,1,0,25.0,31.0,0,121.0,116.538461538,73.0,1.18070554356,179.0,28.5646779853,118.0
2016-10-26,2,0,25.0,31.0,1,121.0,119.153846154,73.0,1.14519427403,179.0,26.9781853579,100.0
2016-10-27,3,0,24.0,32.0,1,120.0,119.153846154,73.0,0.986038394415,179.0,26.9781853579,122.0
2016-10-28,4,0,25.0,32.0,1,120.0,118.538461538,73.0,0.996775139255,179.0,26.8145063628,120.0
2016-10-29,5,1,19.0,27.0,1,120.0,115.769230769,73.0,1.00440528634,179.0,24.5675015046,139.0
2016-10-30,6,1,19.0,26.0,1,120.0,113.923076923,73.0,1.09200343938,179.0,21.6811209562,158.0
2016-10-31,0,0,20.0,28.0,1,121.0,120.461538462,73.0,1.16904962153,179.0,21.1646126448,98.0
