time_stamp,dayofweek,holiday,lt,ht,sunny,m2M,w2A,m1L,d3w3,m1Lar,w2Std,pay_sum
2016-08-01,0,0,27.0,34.0,0,86.0,90.9230769231,60.0,1.2876314835,136.0,26.4210333999,79.0
2016-08-02,1,0,27.0,34.0,0,86.0,92.0,60.0,1.21145776318,136.0,25.6155001152,78.0
2016-08-03,2,0,25.0,32.0,0,83.0,92.3846153846,60.0,0.994916485113,136.0,25.3636276874,105.0
2016-08-04,3,0,25.0,32.0,0,86.0,95.8461538462,60.0,0.93554722371,136.0,23.725501223,87.0
2016-08-05,4,0,26.0,34.0,1,87.0,95.0769230769,60.0,0.962052378407,136.0,23.8374674005,86.0
2016-08-06,5,1,27.0,33.0,0,87.0,92.8461538462,60.0,1.01663923935,136.0,23.2175204197,121.0
2016-08-07,6,1,26.0,32.0,0,89.0,92.0,60.0,1.07456140351,136.0,21.9404789233,119.0
2016-08-08,0,0,26.0,33.0,0,89.0,94.3076923077,60.0,1.17034643691,136.0,23.0530645898,92.0
2016-08-09,1,0,26.0,31.0,0,89.0,96.3076923077,60.0,1.17480537863,136.0,21.5919665096,154.0
2016-08-10,2,0,26.0,33.0,1,90.0,103.384615385,60.0,1.23833757422,154.0,24.1168261132,118.0
2016-08-11,3,0,27.0,34.0,1,92.0,107.230769231,60.0,1.19953863899,154.0,22.0668698633,104.0
2016-08-12,4,0,27.0,34.0,1,92.0,107.384615385,60.0,1.23481116585,154.0,22.0368169611,86.0
2016-08-13,5,1,26.0,33.0,1,92.0,103.538461538,60.0,1.02615358987,154.0,21.0479868747,150.0
2016-08-14,6,1,26.0,33.0,1,93.0,106.076923077,60.0,1.12266798745,154.0,24.2628603123,143.0
2016-08-15,0,0,26.0,34.0,1,96.0,111.0,60.0,1.21884547355,154.0,24.7572833106,89.0
2016-08-16,1,0,27.0,35.0,1,96.0,111.846153846,60.0,1.21501272265,154.0,23.7837894174,121.0
2016-08-17,2,0,27.0,35.0,1,96.0,113.076923077,60.0,1.09203402939,154.0,23.8116375506,109.0
2016-08-18,3,0,27.0,35.0,1,96.0,114.769230769,60.0,0.968427443837,154.0,22.6517238133,120.0
2016-08-19,4,0,27.0,35.0,1,97.0,117.384615385,60.0,1.05389942788,154.0,21.0878691397,112.0
2016-08-20,5,1,27.0,37.0,1,99.0,116.692307692,62.0,1.03805175038,154.0,21.1055392488,150.0
2016-08-21,6,1,26.0,34.0,1,100.0,119.076923077,62.0,1.14559904034,154.0,22.9060339328,188.0
2016-08-22,0,0,26.0,35.0,1,100.0,126.461538462,62.0,1.28644939966,188.0,27.9136453663,101.0
2016-08-23,1,0,25.0,34.0,1,100.0,122.384615385,62.0,1.24274593064,188.0,27.4605688258,120.0
2016-08-24,2,0,25.0,34.0,1,100.0,122.538461538,62.0,1.15049226442,188.0,27.4411689161,111.0
2016-08-25,3,0,25.0,34.0,1,100.0,123.076923077,62.0,0.924533556113,188.0,27.1391330808,84.0
2016-08-26,4,0,26.0,34.0,1,100.0,122.923076923,68.0,0.877926421405,188.0,27.3536990565,148.0
2016-08-27,5,1,23.0,31.0,1,100.0,122.769230769,78.0,0.945294198705,188.0,27.2062036086,152.0
2016-08-28,6,1,22.0,30.0,1,100.0,123.461538462,78.0,1.044045677,188.0,27.8197920266,174.0
2016-08-29,0,0,22.0,30.0,1,100.0,130.0,78.0,1.24704025257,188.0,28.9189849806,113.0
2016-08-30,1,0,19.0,32.0,1,101.0,129.384615385,78.0,1.17395373713,188.0,29.187822702,103.0
2016-08-31,2,0,23.0,33.0,1,101.0,128.923076923,78.0,1.04923325262,188.0,29.5516797348,119.0
2016-09-01,3,0,23.0,32.0,1,101.0,128.846153846,84.0,0.895841690066,188.0,29.5760978178,127.0
2016-09-02,4,0,23.0,33.0,1,102.0,130.0,84.0,0.918179426467,188.0,29.1864035785,116.0
2016-09-03,5,1,22.0,32.0,1,103.0,127.384615385,84.0,0.965333333333,188.0,28.7978056363,143.0
2016-09-04,6,1,24.0,31.0,0,104.0,123.923076923,84.0,1.02933333333,188.0,23.5256375323,177.0
2016-09-05,0,0,23.0,30.0,0,105.0,129.769230769,84.0,1.12313240598,188.0,26.3735119045,105.0
2016-09-06,1,0,23.0,29.0,0,105.0,128.615384615,84.0,1.10160705029,188.0,27.0939631696,123.0
2016-09-07,2,0,21.0,26.0,0,109.0,129.538461538,84.0,1.04408352668,188.0,26.6793362408,103.0
2016-09-08,3,0,20.0,29.0,1,109.0,131.0,84.0,0.85895938757,188.0,24.5826705691,126.0
2016-09-09,4,0,22.0,31.0,1,111.0,129.307692308,84.0,0.908504323138,188.0,24.1067645003,124.0
2016-09-10,5,1,23.0,28.0,1,112.0,127.153846154,84.0,0.920349367749,188.0,23.2175204197,206.0
2016-09-11,6,1,21.0,26.0,0,113.0,129.615384615,84.0,1.18058252427,206.0,29.0239647971,187.0
2016-09-12,0,0,21.0,26.0,0,115.0,135.307692308,84.0,1.29525241137,206.0,32.2809413059,120.0
2016-09-13,1,0,22.0,26.0,0,116.0,136.615384615,84.0,1.28523111612,206.0,31.2743159835,113.0
2016-09-14,2,0,22.0,26.0,0,115.0,136.153846154,84.0,1.05144573789,206.0,31.5737138817,126.0
2016-09-15,3,1,24.0,26.0,0,115.0,136.076923077,84.0,0.884781269254,206.0,31.5971311708,210.0
2016-09-16,4,1,24.0,29.0,0,116.0,143.307692308,84.0,1.08179737381,210.0,36.5437243173,181.0
2016-09-17,5,1,23.0,28.0,0,117.0,146.230769231,84.0,1.2327134001,210.0,37.8969327887,151.0
2016-09-18,6,0,22.0,26.0,0,118.0,144.230769231,84.0,1.30304123092,210.0,36.893096803,127.0
2016-09-19,0,0,20.0,26.0,1,119.0,145.923076923,84.0,1.0979547901,210.0,35.5342987905,105.0
2016-09-20,1,0,19.0,26.0,1,119.0,144.538461538,84.0,0.915501374447,210.0,36.7310712835,113.0
2016-09-21,2,0,19.0,26.0,1,119.0,145.307692308,84.0,0.826446280992,210.0,35.9495043624,112.0
2016-09-22,3,0,18.0,27.0,1,118.0,144.230769231,84.0,0.794797687861,210.0,36.7133466533,107.0
2016-09-23,4,0,21.0,28.0,1,118.0,142.923076923,84.0,0.802223027667,210.0,37.7001561687,129.0
2016-09-24,5,1,20.0,29.0,1,119.0,137.0,103.0,0.845173041894,210.0,33.0919464988,195.0
2016-09-25,6,1,21.0,30.0,1,119.0,137.615384615,103.0,1.03993244058,210.0,34.0757943901,175.0
2016-09-26,0,0,24.0,30.0,1,120.0,141.846153846,103.0,1.1742557948,210.0,35.027123894,118.0
2016-09-27,1,0,24.0,31.0,0,120.0,142.230769231,103.0,1.15040075436,210.0,34.7344959241,103.0
2016-09-28,2,0,23.0,29.0,0,119.0,140.461538462,103.0,0.933521923621,210.0,36.0760209827,102.0
2016-09-29,3,0,23.0,27.0,0,119.0,132.153846154,102.0,0.767950546838,210.0,31.2135230897,121.0
2016-09-30,4,0,25.0,31.0,0,120.0,127.538461538,102.0,0.775913364275,210.0,27.9108894785,150.0
2016-10-01,5,1,24.0,32.0,1,120.0,127.461538462,102.0,0.905889496053,210.0,27.8474287851,194.0
2016-10-02,6,1,23.0,32.0,1,120.0,132.615384615,102.0,1.12645348837,210.0,33.007081901,188.0
2016-10-03,0,1,22.0,27.0,0,121.0,139.0,102.0,1.25768321513,210.0,35.0142828,200.0
2016-10-04,1,1,22.0,26.0,0,121.0,145.692307692,102.0,1.33470932233,210.0,37.6223841215,170.0
2016-10-05,2,1,22.0,26.0,1,121.0,150.153846154,102.0,1.26058963063,210.0,36.7922361247,182.0
2016-10-06,3,1,23.0,27.0,0,123.0,155.923076923,102.0,1.25898049949,210.0,35.4280669667,177.0
2016-10-07,4,1,21.0,26.0,0,124.0,159.615384615,102.0,1.20817631609,210.0,34.9274819316,178.0
2016-10-08,5,0,19.0,22.0,0,124.0,158.307692308,102.0,1.21520706042,210.0,33.8807515478,114.0
2016-10-09,6,0,18.0,20.0,1,124.0,153.615384615,102.0,1.06603023071,210.0,35.4325761923,140.0
2016-10-10,0,0,18.0,21.0,1,126.0,155.307692308,102.0,0.970350404313,210.0,34.1948817929,124.0
2016-10-11,1,0,19.0,23.0,1,126.0,156.923076923,102.0,0.845921450151,210.0,32.1186778597,134.0
2016-10-12,2,0,19.0,24.0,1,126.0,159.384615385,102.0,0.884149727868,210.0,28.8778287633,132.0
2016-10-13,3,0,19.0,24.0,1,126.0,160.230769231,102.0,0.859220092531,210.0,27.8848010604,136.0
2016-10-14,4,0,20.0,24.0,0,126.0,159.153846154,102.0,0.88361358391,210.0,28.5221807178,165.0
2016-10-15,5,1,20.0,24.0,1,127.0,156.923076923,102.0,0.961260961261,200.0,26.7911051211,225.0
2016-10-16,6,1,21.0,26.0,0,127.0,159.769230769,102.0,1.14859700841,225.0,31.4939648581,184.0
2016-10-17,0,0,20.0,24.0,1,129.0,158.538461538,102.0,1.22688896014,225.0,30.1830706105,121.0
2016-10-18,1,0,20.0,25.0,1,129.0,154.769230769,102.0,1.12634151525,225.0,31.5452150368,129.0
2016-10-19,2,0,20.0,24.0,0,129.0,150.692307692,102.0,0.914454277286,225.0,31.1852643096,121.0
2016-10-20,3,0,23.0,26.0,0,127.0,146.384615385,102.0,0.781710914454,225.0,31.1214456396,120.0
2016-10-21,4,0,23.0,27.0,0,127.0,141.923076923,102.0,0.787066581578,225.0,30.4187733998,152.0
2016-10-22,5,1,21.0,25.0,0,129.0,144.846153846,102.0,0.847347994825,225.0,29.4039404838,200.0
2016-10-23,6,1,19.0,22.0,0,129.0,149.461538462,102.0,1.01374570447,225.0,32.7945009101,206.0
2016-10-24,0,0,20.0,24.0,1,132.0,155.769230769,102.0,1.1961414791,225.0,35.0958113787,116.0
2016-10-25,1,0,20.0,26.0,1,129.0,154.384615385,102.0,1.1387434555,225.0,36.2630103157,146.0
2016-10-26,2,0,22.0,28.0,0,129.0,155.461538462,102.0,1.03311258278,225.0,35.7870096428,141.0
2016-10-27,3,0,21.0,26.0,1,129.0,155.846153846,102.0,0.90035746202,225.0,35.6021739912,160.0
2016-10-28,4,0,17.0,22.0,0,132.0,155.461538462,114.0,1.00472016183,225.0,35.5281370284,159.0
2016-10-29,5,1,13.0,16.0,0,134.0,150.384615385,114.0,1.01848776708,225.0,29.4188282503,194.0
2016-10-30,6,1,14.0,19.0,1,136.0,151.153846154,114.0,1.11582381729,225.0,30.4020397945,224.0
2016-10-31,0,0,14.0,20.0,0,140.0,159.076923077,114.0,1.21537651395,225.0,34.6375997091,152.0
