time_stamp,dayofweek,holiday,lt,ht,sunny,m2M,w2A,m1L,d3w3,m1Lar,w2Std,pay_sum
2016-08-01,0,0,27.0,35.0,1,63.0,95.1538461538,38.0,1.50972462931,163.0,41.3313927139,50.0
2016-08-02,1,0,26.0,36.0,0,63.0,93.9230769231,38.0,1.36030828516,163.0,42.4054813918,68.0
2016-08-03,2,0,25.0,30.0,0,63.0,94.3076923077,38.0,0.988360999809,163.0,42.1451422794,47.0
2016-08-04,3,0,25.0,32.0,0,62.0,93.4615384615,38.0,0.630372492837,163.0,42.9679941434,60.0
2016-08-05,4,0,26.0,32.0,0,62.0,91.8461538462,38.0,0.672818146867,163.0,43.792950177,73.0
2016-08-06,5,1,26.0,34.0,0,63.0,84.9230769231,38.0,0.703399765533,163.0,38.829928066,131.0
2016-08-07,6,1,26.0,34.0,0,63.0,83.0769230769,38.0,1.02803738318,163.0,35.9154167422,144.0
2016-08-08,0,0,26.0,34.0,1,63.0,89.4615384615,38.0,1.2817679558,163.0,38.6933017153,62.0
2016-08-09,1,0,27.0,34.0,1,62.0,89.3846153846,38.0,1.24400147656,163.0,38.7467883762,92.0
2016-08-10,2,0,27.0,34.0,1,62.0,92.0769230769,46.0,1.08265213442,163.0,37.6020898324,61.0
2016-08-11,3,0,27.0,35.0,1,62.0,90.7692307692,46.0,0.779833151977,163.0,38.3569346777,61.0
2016-08-12,4,0,28.0,35.0,1,62.0,88.6153846154,46.0,0.784745141181,163.0,39.1732610169,77.0
2016-08-13,5,1,28.0,36.0,1,63.0,82.0769230769,46.0,0.76597382602,163.0,32.9835892493,138.0
2016-08-14,6,1,27.0,36.0,1,63.0,81.8461538462,46.0,1.07288629738,163.0,32.5785350614,138.0
2016-08-15,0,0,27.0,36.0,1,63.0,88.6153846154,46.0,1.31324404762,163.0,34.3523338397,51.0
2016-08-16,1,0,27.0,36.0,1,63.0,87.3076923077,46.0,1.22471910112,163.0,35.4192138543,58.0
2016-08-17,2,0,27.0,35.0,1,63.0,88.1538461538,47.0,0.924574209246,163.0,34.5673170536,52.0
2016-08-18,3,0,27.0,36.0,1,63.0,87.5384615385,47.0,0.611585944919,163.0,35.1296836672,70.0
2016-08-19,4,0,29.0,37.0,1,63.0,87.3076923077,47.0,0.691244239631,163.0,35.234128157,73.0
2016-08-20,5,1,27.0,36.0,0,63.0,82.8461538462,47.0,0.789313904068,163.0,33.0217787198,130.0
2016-08-21,6,1,27.0,33.0,0,64.0,81.7692307692,47.0,1.11246943765,163.0,31.1871616736,134.0
2016-08-22,0,0,27.0,34.0,1,64.0,87.3076923077,47.0,1.30620155039,162.0,33.4925585659,53.0
2016-08-23,1,0,25.0,34.0,1,64.0,84.3076923077,47.0,1.2394916911,162.0,34.6640683293,73.0
2016-08-24,2,0,24.0,34.0,1,64.0,85.2307692308,47.0,1.00134796842,162.0,34.1876132453,76.0
2016-08-25,3,0,25.0,34.0,1,64.0,86.3846153846,47.0,0.770845258538,162.0,33.5983938754,108.0
2016-08-26,4,0,23.0,29.0,1,66.0,88.7692307692,47.0,0.961466517022,162.0,33.9460065537,88.0
2016-08-27,5,1,20.0,29.0,1,68.0,84.9230769231,47.0,1.04274487253,162.0,30.8406862601,204.0
2016-08-28,6,1,19.0,30.0,1,70.0,90.0,47.0,1.48230498425,204.0,42.419153874,149.0
2016-08-29,0,0,20.0,31.0,1,71.0,97.5384615385,47.0,1.55885471898,204.0,43.512359667,55.0
2016-08-30,1,0,21.0,31.0,1,71.0,97.3076923077,47.0,1.47106544078,204.0,43.7288579516,82.0
2016-08-31,2,0,22.0,32.0,1,71.0,99.6153846154,47.0,1.01960784314,204.0,42.0357694965,98.0
2016-09-01,3,0,22.0,33.0,1,71.0,101.769230769,47.0,0.821534696731,204.0,41.171599334,49.0
2016-09-02,4,0,22.0,34.0,1,71.0,99.9230769231,49.0,0.812488912542,204.0,42.92114691,68.0
2016-09-03,5,1,23.0,34.0,1,71.0,95.1538461538,49.0,0.79233462318,204.0,42.7584380406,134.0
2016-09-04,6,1,22.0,33.0,1,73.0,95.1538461538,49.0,0.927054478301,204.0,42.7584380406,122.0
2016-09-05,0,0,24.0,33.0,1,73.0,100.461538462,49.0,1.15138592751,204.0,41.4591836066,42.0
2016-09-06,1,0,22.0,26.0,0,73.0,98.0769230769,42.0,1.06810035842,204.0,43.7957875362,43.0
2016-09-07,2,0,20.0,26.0,1,73.0,95.5384615385,42.0,0.745542949757,204.0,45.9072901612,57.0
2016-09-08,3,0,21.0,30.0,1,71.0,91.6153846154,42.0,0.515052593399,204.0,46.8443223085,37.0
2016-09-09,4,0,23.0,32.0,1,71.0,87.6923076923,37.0,0.506844247133,204.0,49.0657088707,51.0
2016-09-10,5,1,21.0,30.0,1,71.0,75.9230769231,37.0,0.561036951054,204.0,36.4954402599,113.0
2016-09-11,6,1,20.0,28.0,1,73.0,73.1538461538,37.0,0.787309048179,204.0,31.9250231103,105.0
2016-09-12,0,0,20.0,30.0,1,73.0,77.0,37.0,1.02242493349,204.0,32.5127194045,40.0
2016-09-13,1,0,21.0,30.0,1,73.0,73.7692307692,37.0,0.999418942475,204.0,33.9119988889,46.0
2016-09-14,2,0,22.0,28.0,1,73.0,69.7692307692,37.0,0.753006110783,204.0,33.8847681827,68.0
2016-09-15,3,1,21.0,23.0,0,70.0,71.2307692308,37.0,0.621845346255,204.0,33.363162196,140.0
2016-09-16,4,1,21.0,23.0,0,73.0,76.7692307692,37.0,0.994323742415,204.0,38.0185255372,139.0
2016-09-17,5,1,21.0,27.0,1,73.0,77.1538461538,37.0,1.41229141229,204.0,38.6161507739,101.0
2016-09-18,6,0,20.0,28.0,1,73.0,75.5384615385,37.0,1.59329140461,204.0,37.1164806534,47.0
2016-09-19,0,0,17.0,26.0,1,73.0,75.9230769231,37.0,1.20943952802,204.0,36.7914319843,43.0
2016-09-20,1,0,18.0,26.0,1,73.0,75.9230769231,37.0,0.825232231583,204.0,36.7914319843,57.0
2016-09-21,2,0,17.0,24.0,1,73.0,75.9230769231,37.0,0.652463382157,204.0,36.7914319843,46.0
2016-09-22,3,0,19.0,27.0,1,70.0,76.6153846154,37.0,0.649321770069,204.0,36.1312531698,53.0
2016-09-23,4,0,19.0,28.0,1,70.0,76.7692307692,37.0,0.700808625337,204.0,36.0259603964,71.0
2016-09-24,5,1,21.0,29.0,1,71.0,73.5384615385,37.0,0.797560403472,204.0,34.4821367012,117.0
2016-09-25,6,1,21.0,28.0,1,73.0,74.4615384615,37.0,1.13465160075,204.0,35.4587851426,100.0
2016-09-26,0,0,23.0,30.0,1,73.0,79.0769230769,37.0,1.302578019,149.0,34.5664611536,51.0
2016-09-27,1,0,23.0,30.0,0,71.0,79.4615384615,37.0,1.20557804768,140.0,34.2223844528,29.0
2016-09-28,2,0,19.0,23.0,0,70.0,76.4615384615,29.0,0.825309491059,140.0,36.714313672,50.0
2016-09-29,3,0,17.0,19.0,0,68.0,69.5384615385,29.0,0.590774823904,140.0,32.3005486608,56.0
2016-09-30,4,0,18.0,21.0,0,68.0,63.1538461538,29.0,0.611413043478,140.0,25.4069831523,92.0
2016-10-01,5,1,20.0,24.0,0,70.0,62.4615384615,29.0,0.909717436251,140.0,24.4716960043,161.0
2016-10-02,6,1,20.0,24.0,0,71.0,71.2307692308,29.0,1.36695421367,161.0,35.3622002582,184.0
2016-10-03,0,1,18.0,26.0,1,73.0,82.0769230769,29.0,1.76458711892,184.0,45.2743118513,193.0
2016-10-04,1,1,20.0,25.0,1,73.0,92.5384615385,29.0,1.99480904709,193.0,53.2766587434,228.0
2016-10-05,2,1,20.0,26.0,1,73.0,106.538461538,29.0,2.05992509363,228.0,62.3484197377,193.0
2016-10-06,3,1,19.0,25.0,1,73.0,117.307692308,29.0,2.03547157302,228.0,64.2332104557,150.0
2016-10-07,4,1,17.0,20.0,0,73.0,123.384615385,29.0,1.88262446423,228.0,63.2948393346,109.0
2016-10-08,5,0,14.0,22.0,1,73.0,122.769230769,29.0,1.48440065681,228.0,63.392736597,45.0
2016-10-09,6,0,13.0,21.0,1,73.0,118.538461538,29.0,0.999342537804,228.0,66.5289010473,61.0
2016-10-10,0,0,16.0,21.0,1,73.0,119.307692308,29.0,0.70055392636,228.0,65.7973399221,35.0
2016-10-11,1,0,16.0,20.0,1,73.0,119.769230769,29.0,0.46442687747,228.0,65.1804050854,46.0
2016-10-12,2,0,16.0,19.0,1,71.0,119.461538462,29.0,0.467720685112,228.0,65.5176023143,50.0
2016-10-13,3,0,17.0,20.0,1,70.0,119.0,29.0,0.432129308923,228.0,65.9825151665,56.0
2016-10-14,4,0,16.0,18.0,1,70.0,116.230769231,29.0,0.505151213028,228.0,67.7883060555,94.0
2016-10-15,5,1,18.0,21.0,0,71.0,111.076923077,29.0,0.672381912927,228.0,66.7272998433,124.0
2016-10-16,6,1,17.0,23.0,1,73.0,106.461538462,29.0,0.910147815977,228.0,63.5217895803,118.0
2016-10-17,0,0,18.0,22.0,1,73.0,100.692307692,29.0,1.08003857281,228.0,58.6165959899,39.0
2016-10-18,1,0,18.0,23.0,1,73.0,86.1538461538,29.0,0.898912348049,228.0,47.6507262901,46.0
2016-10-19,2,0,19.0,22.0,1,71.0,74.8461538462,29.0,0.650641025641,228.0,37.2638124187,52.0
2016-10-20,3,0,19.0,21.0,0,68.0,67.3076923077,29.0,0.439948619139,228.0,30.6177038163,55.0
2016-10-21,4,0,19.0,21.0,0,68.0,63.1538461538,29.0,0.500245218244,228.0,28.2511978067,66.0
2016-10-22,5,1,18.0,21.0,0,68.0,64.7692307692,29.0,0.593278463649,228.0,27.7631572306,135.0
2016-10-23,6,1,15.0,18.0,1,68.0,70.4615384615,29.0,0.900615655233,228.0,33.4172120197,126.0
2016-10-24,0,0,16.0,20.0,1,68.0,77.4615384615,29.0,1.19256017505,228.0,34.7598694001,57.0
2016-10-25,1,0,14.0,17.0,1,66.0,78.3076923077,29.0,1.27942063971,228.0,34.111546918,41.0
2016-10-26,2,0,16.0,18.0,0,61.0,77.6153846154,29.0,0.992248062016,228.0,34.7641248804,42.0
2016-10-27,3,0,15.0,17.0,0,57.0,76.5384615385,35.0,0.668098305894,228.0,35.6232754176,59.0
2016-10-28,4,0,11.0,15.0,0,59.0,73.8461538462,35.0,0.70279633754,228.0,35.5243062052,59.0
2016-10-29,5,1,8.0,12.0,0,59.0,68.8461538462,35.0,0.783737447955,228.0,32.5643650302,179.0
2016-10-30,6,1,10.0,17.0,1,59.0,73.5384615385,35.0,1.33874239351,228.0,42.2603931407,109.0
2016-10-31,0,0,10.0,15.0,0,59.0,78.9230769231,35.0,1.48959004078,228.0,41.9751969592,40.0
