time_stamp,dayofweek,holiday,lt,ht,sunny,m2M,w2A,m1L,d3w3,m1Lar,w2Std,pay_sum
2016-08-01,0,0,27.0,38.0,1,122.0,115.076923077,73.0,0.984910836763,167.0,18.5657316186,115.0
2016-08-02,1,0,24.0,36.0,0,121.0,115.384615385,73.0,1.00192678227,167.0,18.5287239028,92.0
2016-08-03,2,0,24.0,28.0,0,120.0,112.0,73.0,0.922076085419,167.0,18.4724326831,86.0
2016-08-04,3,0,24.0,32.0,0,119.0,109.923076923,73.0,0.847065625903,167.0,19.7190323466,82.0
2016-08-05,4,0,25.0,34.0,0,119.0,106.846153846,73.0,0.763246734185,167.0,20.6913068102,85.0
2016-08-06,5,1,26.0,35.0,1,119.0,101.461538462,73.0,0.770519262982,167.0,16.0461612213,130.0
2016-08-07,6,1,26.0,36.0,1,120.0,102.769230769,73.0,0.908256880734,167.0,17.5549854683,132.0
2016-08-08,0,0,27.0,36.0,1,121.0,105.0,73.0,1.04298166516,167.0,19.2073703802,77.0
2016-08-09,1,0,27.0,36.0,1,120.0,103.0,73.0,1.0347985348,167.0,20.613662385,258.0
2016-08-10,2,0,25.0,36.0,0,120.0,114.538461538,73.0,1.35010118531,258.0,46.2378722305,219.0
2016-08-11,3,0,25.0,33.0,0,121.0,125.769230769,73.0,1.53123272526,258.0,52.1390948052,122.0
2016-08-12,4,0,25.0,34.0,0,122.0,126.692307692,73.0,1.65561083472,258.0,51.9576523059,123.0
2016-08-13,5,1,24.0,30.0,0,122.0,126.153846154,73.0,1.29971988796,258.0,51.9568551098,152.0
2016-08-14,6,1,25.0,34.0,0,123.0,128.692307692,73.0,1.09411602591,258.0,52.3499829041,204.0
2016-08-15,0,0,24.0,31.0,0,123.0,135.538461538,73.0,1.2671957672,258.0,55.8164786594,119.0
2016-08-16,1,0,25.0,32.0,0,123.0,137.615384615,73.0,1.24868559411,258.0,54.6478776582,116.0
2016-08-17,2,0,25.0,34.0,0,123.0,139.923076923,73.0,1.15041928721,258.0,53.0289638397,121.0
2016-08-18,3,0,26.0,36.0,0,123.0,142.923076923,73.0,0.915637860082,258.0,50.7201394357,113.0
2016-08-19,4,0,25.0,30.0,0,122.0,145.076923077,73.0,0.899165061015,258.0,48.7717786279,111.0
2016-08-20,5,1,25.0,34.0,1,122.0,143.615384615,73.0,0.892857142857,258.0,49.4812139356,124.0
2016-08-21,6,1,25.0,35.0,1,122.0,143.0,73.0,0.898876404494,258.0,49.671226774,127.0
2016-08-22,0,0,26.0,35.0,0,122.0,146.846153846,73.0,0.930710888289,258.0,46.2282733231,117.0
2016-08-23,1,0,26.0,35.0,1,122.0,136.0,73.0,0.937102113573,258.0,33.727414095,125.0
2016-08-24,2,0,27.0,36.0,1,122.0,128.769230769,73.0,0.92585622883,258.0,23.7621348631,110.0
2016-08-25,3,0,27.0,36.0,1,121.0,127.846153846,73.0,0.873991309745,258.0,24.2355306677,109.0
2016-08-26,4,0,24.0,35.0,0,121.0,126.769230769,73.0,0.846560846561,258.0,24.7328925994,107.0
2016-08-27,5,1,24.0,33.0,0,121.0,123.307692308,77.0,0.809133780094,258.0,24.1003817888,134.0
2016-08-28,6,1,24.0,31.0,1,122.0,117.923076923,77.0,0.868055555556,258.0,7.73067355471,138.0
2016-08-29,0,0,24.0,33.0,1,122.0,119.384615385,77.0,0.919122105008,258.0,9.40980226669,120.0
2016-08-30,1,0,25.0,34.0,1,122.0,119.692307692,77.0,1.00089365505,258.0,9.35936072262,106.0
2016-08-31,2,0,25.0,34.0,1,122.0,118.538461538,77.0,0.971443821724,258.0,10.0277720864,93.0
2016-09-01,3,0,23.0,28.0,0,121.0,117.0,77.0,0.861347374106,258.0,12.0830459736,85.0
2016-09-02,4,0,25.0,33.0,1,120.0,115.0,77.0,0.778829014123,258.0,14.7648230602,126.0
2016-09-03,5,1,25.0,34.0,1,120.0,115.153846154,77.0,0.842688842689,258.0,14.86785978,123.0
2016-09-04,6,1,26.0,34.0,1,120.0,114.846153846,77.0,0.958118187034,258.0,14.6594477483,142.0
2016-09-05,0,0,25.0,32.0,0,120.0,116.769230769,77.0,1.11063769351,258.0,16.3573264985,117.0
2016-09-06,1,0,25.0,32.0,0,119.0,116.153846154,77.0,1.08461101647,258.0,16.185682913,111.0
2016-09-07,2,0,26.0,33.0,0,119.0,116.230769231,85.0,1.05503279156,258.0,16.1586073569,132.0
2016-09-08,3,0,25.0,33.0,0,119.0,118.0,85.0,1.01824352991,219.0,16.5250392761,123.0
2016-09-09,4,0,24.0,33.0,0,119.0,119.230769231,85.0,1.02997045167,204.0,16.2535385314,138.0
2016-09-10,5,1,23.0,29.0,0,119.0,119.538461538,85.0,1.09945446916,204.0,16.5650948341,136.0
2016-09-11,6,1,23.0,28.0,0,119.0,119.384615385,85.0,1.10646599777,204.0,16.4013998537,121.0
2016-09-12,0,0,23.0,30.0,0,119.0,119.461538462,85.0,1.09905397885,204.0,16.406449879,111.0
2016-09-13,1,0,25.0,34.0,1,119.0,119.846153846,85.0,1.0299468234,142.0,16.1428534026,86.0
2016-09-14,2,0,25.0,35.0,1,119.0,119.307692308,85.0,0.899067005937,142.0,17.1167242345,93.0
2016-09-15,3,1,25.0,35.0,1,117.0,119.923076923,85.0,0.825505266154,142.0,15.9781655752,91.0
2016-09-16,4,1,25.0,35.0,1,117.0,117.230769231,85.0,0.773860705073,142.0,17.5943778002,94.0
2016-09-17,5,1,25.0,35.0,1,117.0,115.0,85.0,0.810731991834,142.0,18.5347905717,100.0
2016-09-18,6,0,25.0,35.0,1,117.0,111.769230769,85.0,0.845195729537,142.0,17.1560881598,96.0
2016-09-19,0,0,24.0,34.0,1,117.0,110.153846154,85.0,0.869304556355,142.0,17.5711571085,90.0
2016-09-20,1,0,23.0,33.0,1,116.0,108.538461538,85.0,0.863526570048,142.0,18.3664216381,88.0
2016-09-21,2,0,22.0,32.0,1,115.0,105.153846154,85.0,0.829172340747,142.0,17.7757230897,107.0
2016-09-22,3,0,24.0,33.0,1,115.0,103.923076923,85.0,0.85393258427,142.0,17.0359869709,102.0
2016-09-23,4,0,24.0,34.0,1,115.0,101.153846154,85.0,0.899591094957,142.0,13.9109594529,113.0
2016-09-24,5,1,24.0,32.0,0,115.0,99.3846153846,85.0,0.9797657082,142.0,10.3814810085,140.0
2016-09-25,6,1,25.0,34.0,1,116.0,100.846153846,85.0,1.08116339272,142.0,14.0211167878,120.0
2016-09-26,0,0,25.0,35.0,1,117.0,101.538461538,85.0,1.13442822384,142.0,14.7106208864,97.0
2016-09-27,1,0,26.0,36.0,1,117.0,102.384615385,85.0,1.0927456382,142.0,14.096035785,109.0
2016-09-28,2,0,25.0,36.0,1,116.0,103.615384615,85.0,1.00850734725,142.0,13.920314218,104.0
2016-09-29,3,0,22.0,32.0,1,115.0,104.615384615,85.0,0.967540574282,142.0,13.4366803452,114.0
2016-09-30,4,0,20.0,31.0,1,114.0,106.153846154,85.0,1.0321969697,142.0,13.277199391,112.0
2016-10-01,5,1,21.0,30.0,1,114.0,107.076923077,86.0,1.05363984674,142.0,13.2343465647,136.0
2016-10-02,6,1,23.0,32.0,1,116.0,110.153846154,86.0,1.14756696782,142.0,14.8523303214,126.0
2016-10-03,0,1,24.0,34.0,1,117.0,112.923076923,86.0,1.17721120554,142.0,14.1772381951,122.0
2016-10-04,1,1,25.0,35.0,1,117.0,115.538461538,86.0,1.18848653668,140.0,12.3575911557,102.0
2016-10-05,2,1,23.0,36.0,1,117.0,115.153846154,86.0,1.07874865156,140.0,12.6906758858,116.0
2016-10-06,3,1,23.0,36.0,1,116.0,116.230769231,86.0,1.03595368678,140.0,12.1094613115,128.0
2016-10-07,4,1,24.0,35.0,1,117.0,117.384615385,86.0,1.03810381038,140.0,12.4563141946,120.0
2016-10-08,5,0,24.0,35.0,1,117.0,115.846153846,86.0,1.08236693428,140.0,10.6759698089,118.0
2016-10-09,6,0,23.0,33.0,1,117.0,115.692307692,86.0,1.0777385159,140.0,10.6293108206,110.0
2016-10-10,0,0,22.0,33.0,1,116.0,116.692307692,86.0,1.01576182137,140.0,9.35936072262,106.0
2016-10-11,1,0,22.0,33.0,1,116.0,116.461538462,86.0,0.967274833478,140.0,9.5805522935,122.0
2016-10-12,2,0,21.0,31.0,1,116.0,117.846153846,86.0,0.972521939289,140.0,8.96013524835,109.0
2016-10-13,3,0,19.0,27.0,1,114.0,117.461538462,88.0,0.966724039013,140.0,9.22050711617,100.0
2016-10-14,4,0,22.0,31.0,1,113.0,116.538461538,88.0,0.954853598731,140.0,10.2628185109,99.0
2016-10-15,5,1,23.0,34.0,1,113.0,113.692307692,88.0,0.904552129222,140.0,9.57869924833,137.0
2016-10-16,6,1,23.0,34.0,1,113.0,114.538461538,88.0,0.979449059904,140.0,11.007797129,142.0
2016-10-17,0,0,23.0,34.0,1,113.0,116.076923077,88.0,1.08061749571,142.0,13.1351644215,87.0
2016-10-18,1,0,21.0,26.0,0,113.0,114.923076923,87.0,1.05627705628,142.0,14.8658697304,112.0
2016-10-19,2,0,20.0,24.0,0,112.0,114.615384615,87.0,0.980730514812,142.0,14.8817826762,101.0
2016-10-20,3,0,22.0,29.0,0,112.0,112.538461538,87.0,0.867678958785,142.0,14.7523942496,118.0
2016-10-21,4,0,22.0,30.0,1,112.0,112.384615385,87.0,0.954853598731,142.0,14.6840492295,124.0
2016-10-22,5,1,23.0,32.0,1,112.0,112.846153846,87.0,0.994635348702,142.0,14.9452650276,148.0
2016-10-23,6,1,24.0,32.0,1,112.0,115.769230769,87.0,1.12020680741,148.0,17.5856315744,131.0
2016-10-24,0,0,24.0,32.0,0,113.0,117.692307692,87.0,1.1530758226,148.0,17.7780530879,120.0
2016-10-25,1,0,24.0,30.0,0,114.0,117.538461538,87.0,1.132879046,148.0,17.7487394335,117.0
2016-10-26,2,0,24.0,31.0,1,114.0,118.153846154,87.0,1.04441606357,148.0,17.5799105355,124.0
2016-10-27,3,0,23.0,32.0,1,114.0,120.0,87.0,1.026297086,148.0,16.8203173847,95.0
2016-10-28,4,0,20.0,32.0,1,113.0,119.692307692,87.0,0.965517241379,148.0,17.2331729093,141.0
2016-10-29,5,1,16.0,24.0,1,114.0,120.0,87.0,1.02432778489,148.0,17.5718306038,169.0
2016-10-30,6,1,17.0,21.0,1,116.0,122.076923077,87.0,1.1240632806,169.0,21.2583432977,141.0
2016-10-31,0,0,17.0,23.0,0,117.0,126.230769231,87.0,1.23375735194,169.0,19.1719099251,98.0
