time_stamp,dayofweek,holiday,lt,ht,sunny,m2M,w2A,m1L,d3w3,m1Lar,w2Std,pay_sum
2016-08-01,0,0,28.0,34.0,1,112.0,159.076923077,97.0,0.998140111593,224.0,17.0495275751,133.0
2016-08-02,1,0,27.0,35.0,0,112.0,158.384615385,97.0,0.949110209179,224.0,17.8908591252,97.0
2016-08-03,2,0,26.0,32.0,0,112.0,154.0,97.0,0.819964349376,224.0,24.2740760737,124.0
2016-08-04,3,0,27.0,32.0,0,112.0,151.615384615,97.0,0.737961225766,224.0,25.547959309,116.0
2016-08-05,4,0,27.0,33.0,0,112.0,150.0,97.0,0.72403050811,224.0,27.0412789866,122.0
2016-08-06,5,1,27.0,33.0,0,112.0,144.769230769,97.0,0.804176385649,224.0,25.3199642914,142.0
2016-08-07,6,1,27.0,35.0,1,112.0,141.076923077,97.0,0.85933966531,224.0,21.6953080304,133.0
2016-08-08,0,0,27.0,34.0,0,116.0,138.461538462,97.0,0.90176036343,224.0,20.4247790106,103.0
2016-08-09,1,0,27.0,33.0,0,116.0,134.461538462,97.0,0.870165745856,224.0,21.837213772,78.0
2016-08-10,2,0,28.0,34.0,1,116.0,130.538461538,78.0,0.74231678487,224.0,26.5405796256,106.0
2016-08-11,3,0,28.0,36.0,1,116.0,125.923076923,78.0,0.69048478287,224.0,25.1532580501,118.0
2016-08-12,4,0,28.0,35.0,1,118.0,122.692307692,78.0,0.731589147287,224.0,23.1894691464,113.0
2016-08-13,5,1,28.0,35.0,1,118.0,118.923076923,78.0,0.839875389408,224.0,20.2957424048,138.0
2016-08-14,6,1,28.0,36.0,1,121.0,117.153846154,78.0,0.937857415173,224.0,17.3375810301,118.0
2016-08-15,0,0,27.0,35.0,1,121.0,116.0,78.0,0.955710955711,195.0,16.7332005307,112.0
2016-08-16,1,0,28.0,36.0,1,121.0,117.153846154,78.0,0.969313841696,190.0,15.8786075433,97.0
2016-08-17,2,0,28.0,35.0,1,121.0,115.076923077,78.0,0.872348939576,190.0,16.5968557655,80.0
2016-08-18,3,0,28.0,35.0,1,121.0,112.307692308,78.0,0.798452824976,190.0,19.0359361184,98.0
2016-08-19,4,0,29.0,37.0,1,121.0,110.461538462,78.0,0.779810009925,190.0,19.1697493448,85.0
2016-08-20,5,1,28.0,37.0,0,121.0,106.076923077,78.0,0.77103488713,190.0,17.9334733796,110.0
2016-08-21,6,1,27.0,34.0,0,121.0,104.307692308,78.0,0.87869245764,190.0,16.24516314,107.0
2016-08-22,0,0,28.0,35.0,1,121.0,104.615384615,78.0,0.916401153088,190.0,16.2553586977,97.0
2016-08-23,1,0,26.0,34.0,1,121.0,106.076923077,78.0,0.952814443939,167.0,14.5626579276,85.0
2016-08-24,2,0,25.0,34.0,1,121.0,104.461538462,78.0,0.892801977139,166.0,15.608751907,93.0
2016-08-25,3,0,26.0,35.0,1,121.0,102.538461538,78.0,0.858704137393,166.0,15.3603655035,90.0
2016-08-26,4,0,25.0,32.0,0,121.0,100.769230769,78.0,0.849579965129,166.0,15.3780755331,65.0
2016-08-27,5,1,24.0,30.0,1,121.0,95.1538461538,65.0,0.816057913787,162.0,14.0266019452,97.0
2016-08-28,6,1,22.0,30.0,1,121.0,93.5384615385,65.0,0.844221105528,162.0,12.4196827943,123.0
2016-08-29,0,0,22.0,32.0,1,122.0,94.3846153846,65.0,0.945273631841,161.0,13.931361751,86.0
2016-08-30,1,0,23.0,31.0,1,122.0,93.5384615385,65.0,1.01090188305,142.0,14.0800753091,61.0
2016-08-31,2,0,23.0,33.0,1,122.0,92.0769230769,61.0,0.91231626964,142.0,16.2313160681,79.0
2016-09-01,3,0,24.0,34.0,1,122.0,90.6153846154,61.0,0.779041709755,142.0,16.4856042634,69.0
2016-09-02,4,0,24.0,34.0,1,122.0,89.3846153846,61.0,0.73721340388,142.0,17.429146506,78.0
2016-09-03,5,1,23.0,34.0,1,122.0,86.9230769231,61.0,0.823315118397,142.0,16.5829455417,132.0
2016-09-04,6,1,24.0,33.0,1,123.0,88.8461538462,61.0,1.00867678959,142.0,19.9146106157,128.0
2016-09-05,0,0,25.0,31.0,1,123.0,91.2307692308,61.0,1.21146953405,138.0,22.4436177193,80.0
2016-09-06,1,0,22.0,26.0,0,122.0,90.8461538462,61.0,1.22987882076,138.0,22.5894670957,66.0
2016-09-07,2,0,21.0,24.0,0,121.0,88.7692307692,61.0,0.998724257336,138.0,23.5180907328,42.0
2016-09-08,3,0,23.0,30.0,1,118.0,85.0769230769,42.0,0.706899793194,138.0,26.6009298231,51.0
2016-09-09,4,0,23.0,32.0,1,118.0,84.0,42.0,0.609545715929,138.0,27.6544613176,56.0
2016-09-10,5,1,23.0,29.0,1,116.0,80.8461538462,42.0,0.589515331355,138.0,28.3219027877,74.0
2016-09-11,6,1,21.0,26.0,0,113.0,77.0769230769,42.0,0.730427764326,138.0,25.5898463592,71.0
2016-09-12,0,0,22.0,29.0,1,113.0,75.9230769231,42.0,0.824108241082,132.0,25.4995068986,64.0
2016-09-13,1,0,22.0,29.0,1,112.0,76.1538461538,42.0,0.868120456906,132.0,25.3766887391,70.0
2016-09-14,2,0,22.0,24.0,0,110.0,75.4615384615,42.0,0.86388537716,132.0,25.4123391731,51.0
2016-09-15,3,1,20.0,24.0,0,107.0,74.0769230769,42.0,0.799308705984,132.0,26.2047016875,90.0
2016-09-16,4,1,22.0,26.0,0,106.0,75.0,42.0,0.897108843537,132.0,26.535897312,70.0
2016-09-17,5,1,22.0,27.0,1,103.0,70.2307692308,42.0,0.912827168505,132.0,20.8184601742,77.0
2016-09-18,6,0,22.0,27.0,1,98.0,66.3076923077,42.0,1.05685618729,132.0,12.8385514123,69.0
2016-09-19,0,0,20.0,27.0,1,97.0,65.4615384615,42.0,0.974289580514,132.0,12.2575903305,53.0
2016-09-20,1,0,19.0,26.0,1,97.0,64.4615384615,42.0,0.902494331066,132.0,12.6953376337,63.0
2016-09-21,2,0,19.0,26.0,1,97.0,66.0769230769,42.0,0.8482347547,132.0,10.9506693751,51.0
2016-09-22,3,0,20.0,27.0,1,97.0,66.0769230769,42.0,0.77530176416,132.0,10.9506693751,68.0
2016-09-23,4,0,20.0,28.0,1,93.0,67.0,42.0,0.850864890136,132.0,10.5611770906,64.0
2016-09-24,5,1,21.0,28.0,1,90.0,66.2307692308,42.0,0.898379970545,132.0,10.3860397884,79.0
2016-09-25,6,1,22.0,29.0,1,90.0,66.8461538462,42.0,1.07461166285,132.0,10.8758458829,91.0
2016-09-26,0,0,24.0,30.0,1,90.0,68.9230769231,42.0,1.18181818182,132.0,12.5787460453,59.0
2016-09-27,1,0,24.0,31.0,0,86.0,68.0769230769,42.0,1.16273165778,132.0,12.8450022515,67.0
2016-09-28,2,0,22.0,27.0,0,85.0,69.3076923077,42.0,1.08121574489,132.0,11.8800713245,41.0
2016-09-29,3,0,22.0,24.0,0,85.0,65.5384615385,41.0,0.838353413655,132.0,12.4753010422,34.0
2016-09-30,4,0,22.0,26.0,0,80.0,62.7692307692,34.0,0.724859622256,132.0,14.9314013261,120.0
2016-10-01,5,1,23.0,26.0,1,80.0,66.0769230769,34.0,0.961538461538,132.0,21.1749545035,113.0
2016-10-02,6,1,23.0,30.0,0,80.0,69.4615384615,34.0,1.2769010043,132.0,24.6096147084,75.0
2016-10-03,0,1,20.0,25.0,1,80.0,71.1538461538,34.0,1.46144721234,128.0,24.1719677244,55.0
2016-10-04,1,1,22.0,27.0,1,79.0,70.5384615385,34.0,1.1654676259,120.0,24.4716960043,54.0
2016-10-05,2,1,22.0,27.0,1,79.0,70.7692307692,34.0,0.880593443408,120.0,24.2999013805,60.0
2016-10-06,3,1,21.0,26.0,1,78.0,70.1538461538,34.0,0.826607972609,120.0,24.4629897973,47.0
2016-10-07,4,1,20.0,23.0,0,78.0,68.8461538462,34.0,0.800995024876,120.0,25.2002629835,67.0
2016-10-08,5,0,17.0,22.0,1,77.0,67.9230769231,34.0,0.872180451128,120.0,25.030632121,37.0
2016-10-09,6,0,16.0,21.0,1,75.0,63.7692307692,34.0,0.775552131484,120.0,25.3351499401,55.0
2016-10-10,0,0,15.0,22.0,1,74.0,63.4615384615,34.0,0.815384615385,120.0,25.4153659899,40.0
2016-10-11,1,0,17.0,23.0,1,71.0,61.3846153846,34.0,0.689115113547,120.0,26.1343818974,44.0
2016-10-12,2,0,18.0,21.0,1,70.0,61.6153846154,34.0,0.729658792651,120.0,25.9660679809,58.0
2016-10-13,3,0,18.0,22.0,1,70.0,63.4615384615,34.0,0.751322751323,120.0,24.7623019454,41.0
2016-10-14,4,0,18.0,21.0,0,69.0,57.3846153846,34.0,0.770681756939,120.0,19.2135307352,56.0
2016-10-15,5,1,20.0,24.0,1,69.0,53.0,34.0,0.851180669962,120.0,10.5902712975,54.0
2016-10-16,6,1,19.0,25.0,1,68.0,51.3846153846,34.0,0.855281789861,120.0,8.50826260434,59.0
2016-10-17,0,0,19.0,24.0,1,67.0,51.6923076923,34.0,0.957235910507,120.0,8.70353257534,53.0
2016-10-18,1,0,19.0,25.0,1,67.0,51.6153846154,34.0,0.951562052164,120.0,8.68720067808,39.0
2016-10-19,2,0,19.0,23.0,0,66.0,50.0,34.0,0.867068619007,120.0,8.92705481625,33.0
2016-10-20,3,0,20.0,22.0,0,65.0,48.9230769231,33.0,0.718390804598,120.0,10.0035496659,40.0
2016-10-21,4,0,19.0,22.0,0,64.0,46.8461538462,33.0,0.691358024691,120.0,8.7604544477,52.0
2016-10-22,5,1,20.0,23.0,0,64.0,48.0,33.0,0.817795224076,120.0,8.36660026534,55.0
2016-10-23,6,1,17.0,22.0,1,63.0,48.0,33.0,0.980980980981,120.0,8.36660026534,97.0
2016-10-24,0,0,19.0,23.0,1,63.0,52.3846153846,33.0,1.30643611912,120.0,15.1836879149,39.0
2016-10-25,1,0,17.0,20.0,1,61.0,52.0,33.0,1.24106562703,120.0,15.4521594209,48.0
2016-10-26,2,0,18.0,21.0,0,60.0,51.2307692308,33.0,1.2097304405,120.0,15.3830768461,27.0
2016-10-27,3,0,18.0,21.0,0,59.0,50.1538461538,27.0,0.764587525151,120.0,16.5103517823,40.0
2016-10-28,4,0,15.0,18.0,0,59.0,48.9230769231,27.0,0.7928300586,120.0,16.6246412961,34.0
2016-10-29,5,1,10.0,15.0,0,58.0,47.3846153846,27.0,0.698478561549,120.0,17.0046982718,80.0
2016-10-30,6,1,14.0,18.0,1,58.0,49.0,27.0,1.03808560836,113.0,18.9208879284,68.0
2016-10-31,0,0,11.0,15.0,0,58.0,50.1538461538,27.0,1.19305145854,97.0,19.5756762486,36.0
