time_stamp,dayofweek,holiday,lt,ht,sunny,m2M,w2A,m1L,d3w3,m1Lar,w2Std,pay_sum
2016-08-01,0,0,27.0,35.0,1,62.0,70.9230769231,19.0,1.14769090078,141.0,16.2739127651,48.0
2016-08-02,1,0,26.0,36.0,0,62.0,69.8461538462,19.0,1.02996254682,139.0,17.2619909443,51.0
2016-08-03,2,0,25.0,30.0,0,62.0,68.7692307692,19.0,0.941011235955,139.0,17.9535890826,58.0
2016-08-04,3,0,25.0,32.0,0,61.0,68.5384615385,19.0,0.730912476723,139.0,18.0708664158,65.0
2016-08-05,4,0,26.0,32.0,0,62.0,68.4615384615,19.0,0.820948336872,139.0,18.0836321429,52.0
2016-08-06,5,1,26.0,34.0,0,62.0,64.7692307692,47.0,0.857212833701,139.0,16.053534699,62.0
2016-08-07,6,1,26.0,34.0,0,62.0,62.7692307692,47.0,0.899949723479,139.0,14.5874226445,64.0
2016-08-08,0,0,26.0,34.0,1,62.0,64.0769230769,47.0,0.897629853757,110.0,13.858968429,44.0
2016-08-09,1,0,27.0,34.0,1,62.0,62.0769230769,44.0,0.869120654397,104.0,14.7098163899,54.0
2016-08-10,2,0,27.0,34.0,1,62.0,61.6923076923,44.0,0.835266821346,104.0,14.8499397325,42.0
2016-08-11,3,0,27.0,35.0,1,62.0,60.8461538462,42.0,0.732600732601,104.0,15.6148162079,84.0
2016-08-12,4,0,28.0,35.0,1,62.0,61.2307692308,42.0,0.928792569659,104.0,16.1109320083,64.0
2016-08-13,5,1,28.0,36.0,1,62.0,60.7692307692,42.0,1.008492569,104.0,15.9381199845,79.0
2016-08-14,6,1,27.0,36.0,1,64.0,59.0,42.0,1.21357925688,104.0,12.0703068599,89.0
2016-08-15,0,0,27.0,36.0,1,64.0,62.1538461538,42.0,1.19989656064,102.0,13.9881606744,53.0
2016-08-16,1,0,27.0,36.0,1,64.0,62.3076923077,42.0,1.15828092243,102.0,13.8751832442,83.0
2016-08-17,2,0,27.0,35.0,1,64.0,64.2307692308,42.0,1.15740740741,102.0,14.8435629465,64.0
2016-08-18,3,0,27.0,36.0,1,64.0,64.1538461538,42.0,1.02014792145,102.0,14.8419683219,50.0
2016-08-19,4,0,29.0,37.0,1,64.0,64.0,42.0,1.02764736568,102.0,14.9769052981,66.0
2016-08-20,5,1,27.0,36.0,0,64.0,64.3076923077,42.0,0.94191522763,102.0,14.9737442796,75.0
2016-08-21,6,1,27.0,33.0,0,65.0,65.1538461538,42.0,1.0211173483,102.0,15.2408668936,76.0
2016-08-22,0,0,27.0,34.0,1,65.0,67.6153846154,42.0,1.13464052288,102.0,14.1722288651,36.0
2016-08-23,1,0,25.0,34.0,1,65.0,66.2307692308,36.0,0.989417989418,102.0,16.1728825562,45.0
2016-08-24,2,0,24.0,34.0,1,65.0,66.4615384615,36.0,0.839347767976,102.0,15.8435397396,40.0
2016-08-25,3,0,25.0,34.0,1,64.0,63.0769230769,36.0,0.660120021822,102.0,16.4244730086,45.0
2016-08-26,4,0,23.0,29.0,1,64.0,61.6153846154,36.0,0.713305898491,102.0,17.1084255515,64.0
2016-08-27,5,1,20.0,29.0,1,64.0,60.4615384615,36.0,0.816214735689,102.0,16.3876847974,224.0
2016-08-28,6,1,19.0,30.0,1,65.0,70.8461538462,36.0,1.61220043573,224.0,46.4258650619,97.0
2016-08-29,0,0,20.0,31.0,1,65.0,74.2307692308,36.0,1.79487179487,224.0,46.6049747199,38.0
2016-08-30,1,0,21.0,31.0,1,65.0,70.7692307692,36.0,1.69259783121,224.0,47.4878994241,37.0
2016-08-31,2,0,22.0,32.0,1,64.0,68.6923076923,36.0,0.813815945115,224.0,48.3216540334,38.0
2016-09-01,3,0,22.0,33.0,1,64.0,67.7692307692,36.0,0.552702372218,224.0,48.782332625,41.0
2016-09-02,4,0,22.0,34.0,1,64.0,65.8461538462,36.0,0.577114427861,224.0,49.304152039,48.0
2016-09-03,5,1,23.0,34.0,1,64.0,63.7692307692,36.0,0.646804176216,224.0,49.4432912866,75.0
2016-09-04,6,1,22.0,33.0,1,64.0,63.6923076923,36.0,0.844272844273,224.0,49.4249775151,63.0
2016-09-05,0,0,24.0,33.0,1,64.0,65.7692307692,36.0,0.950191570881,224.0,48.780755736,33.0
2016-09-06,1,0,22.0,26.0,0,64.0,64.8461538462,33.0,0.908366533865,224.0,49.2760608969,24.0
2016-09-07,2,0,20.0,26.0,1,64.0,63.6153846154,24.0,0.658436213992,224.0,50.0746188764,55.0
2016-09-08,3,0,21.0,30.0,1,63.0,64.3846153846,24.0,0.612021857923,224.0,49.8590913885,44.0
2016-09-09,4,0,23.0,32.0,1,62.0,62.8461538462,24.0,0.684474123539,224.0,50.1549079642,39.0
2016-09-10,5,1,21.0,30.0,1,62.0,48.6153846154,24.0,0.7917383821,224.0,18.9474514687,65.0
2016-09-11,6,1,20.0,28.0,1,62.0,46.1538461538,24.0,0.857225600927,224.0,13.9109594529,51.0
2016-09-12,0,0,20.0,30.0,1,62.0,47.1538461538,24.0,0.886220697541,224.0,13.7552571983,23.0
2016-09-13,1,0,21.0,30.0,1,62.0,46.0769230769,23.0,0.810023310023,224.0,14.99980276,45.0
2016-09-14,2,0,22.0,28.0,1,61.0,46.6153846154,23.0,0.690455468523,224.0,14.8248152747,39.0
2016-09-15,3,1,21.0,23.0,0,59.0,46.4615384615,23.0,0.624088655585,224.0,14.8925143024,53.0
2016-09-16,4,1,21.0,23.0,0,58.0,46.8461538462,23.0,0.806831566549,224.0,14.9915163386,43.0
2016-09-17,5,1,21.0,27.0,1,55.0,44.3846153846,23.0,0.946372239748,224.0,12.6036530818,70.0
2016-09-18,6,0,20.0,28.0,1,55.0,44.9230769231,23.0,1.19769119769,224.0,13.5047657597,33.0
2016-09-19,0,0,17.0,26.0,1,54.0,44.9230769231,23.0,1.05912223431,224.0,13.5047657597,27.0
2016-09-20,1,0,18.0,26.0,1,53.0,45.1538461538,23.0,0.953428676201,224.0,13.1666604249,44.0
2016-09-21,2,0,17.0,24.0,1,53.0,44.3076923077,23.0,0.757741347905,224.0,12.8565135565,42.0
2016-09-22,3,0,19.0,27.0,1,53.0,44.1538461538,23.0,0.822416302766,224.0,12.8712330044,41.0
2016-09-23,4,0,19.0,28.0,1,53.0,44.3076923077,23.0,0.931426475981,224.0,12.8205641025,51.0
2016-09-24,5,1,21.0,29.0,1,52.0,43.2307692308,23.0,1.00941619586,224.0,11.5635624412,81.0
2016-09-25,6,1,21.0,28.0,1,52.0,45.5384615385,23.0,1.27722406792,224.0,15.2800291211,72.0
2016-09-26,0,0,23.0,30.0,1,52.0,49.3076923077,23.0,1.44373673036,97.0,15.2989925027,36.0
2016-09-27,1,0,23.0,30.0,0,51.0,48.6153846154,23.0,1.32075471698,81.0,15.6772174804,22.0
2016-09-28,2,0,19.0,23.0,0,51.0,47.3076923077,22.0,0.941006152733,81.0,17.0717247805,32.0
2016-09-29,3,0,17.0,19.0,0,51.0,45.6923076923,22.0,0.660066006601,81.0,17.4461131461,37.0
2016-09-30,4,0,18.0,21.0,0,51.0,45.2307692308,22.0,0.668871738331,81.0,17.5900052309,31.0
2016-10-01,5,1,20.0,24.0,0,50.0,42.2307692308,22.0,0.763650248186,81.0,16.3949046782,43.0
2016-10-02,6,1,20.0,24.0,0,48.0,43.0,22.0,0.85549132948,81.0,16.1769066169,62.0
2016-10-03,0,1,18.0,26.0,1,48.0,45.6923076923,22.0,1.00294985251,81.0,16.2024908597,63.0
2016-10-04,1,1,20.0,25.0,1,48.0,47.1538461538,22.0,1.2147505423,81.0,16.8287581417,55.0
2016-10-05,2,1,20.0,26.0,1,48.0,48.1538461538,22.0,1.27931769723,81.0,16.8789634837,32.0
2016-10-06,3,1,19.0,25.0,1,45.0,47.4615384615,22.0,1.09051254089,81.0,17.336557127,56.0
2016-10-07,4,1,17.0,20.0,0,48.0,47.8461538462,22.0,1.02508960573,81.0,17.4657738001,41.0
2016-10-08,5,0,14.0,22.0,1,45.0,44.7692307692,22.0,0.954495005549,81.0,14.6505649466,23.0
2016-10-09,6,0,13.0,21.0,1,45.0,41.0,22.0,0.897867564534,81.0,13.4106731317,40.0
2016-10-10,0,0,16.0,21.0,1,45.0,41.3076923077,22.0,0.766961651917,81.0,13.3381155132,43.0
2016-10-11,1,0,16.0,20.0,1,45.0,42.9230769231,22.0,0.78257659653,81.0,12.1177653339,23.0
2016-10-12,2,0,16.0,19.0,1,44.0,42.2307692308,22.0,0.79939668175,81.0,12.9505203112,35.0
2016-10-13,3,0,17.0,20.0,1,44.0,42.0769230769,22.0,0.766894457099,81.0,13.02341996,34.0
2016-10-14,4,0,16.0,18.0,1,43.0,42.3076923077,22.0,0.712349980643,81.0,12.8505289648,44.0
2016-10-15,5,1,18.0,21.0,0,43.0,42.3846153846,22.0,0.914239482201,81.0,12.8574340157,83.0
2016-10-16,6,1,17.0,23.0,1,43.0,44.0,22.0,1.28542914172,83.0,16.1245154966,72.0
2016-10-17,0,0,18.0,22.0,1,43.0,44.6923076923,22.0,1.52315346345,83.0,17.0897387808,40.0
2016-10-18,1,0,18.0,23.0,1,43.0,43.5384615385,22.0,1.46231721035,83.0,16.8596714295,39.0
2016-10-19,2,0,19.0,22.0,1,43.0,44.0769230769,22.0,1.12351190476,83.0,16.59222032,32.0
2016-10-20,3,0,19.0,21.0,0,42.0,42.2307692308,22.0,0.830527497194,83.0,16.4978033324,31.0
2016-10-21,4,0,19.0,21.0,0,42.0,41.4615384615,22.0,0.763187429854,83.0,16.7681721614,44.0
2016-10-22,5,1,18.0,21.0,0,42.0,43.0769230769,22.0,0.799701046338,83.0,15.9009508108,58.0
2016-10-23,6,1,15.0,18.0,1,43.0,44.4615384615,22.0,0.998498498498,83.0,16.3500900238,64.0
2016-10-24,0,0,16.0,20.0,1,43.0,46.0769230769,22.0,1.24484439445,83.0,17.1440123589,47.0
2016-10-25,1,0,14.0,17.0,1,43.0,47.9230769231,22.0,1.2788497919,83.0,15.7990337507,26.0
2016-10-26,2,0,16.0,18.0,0,42.0,47.2307692308,22.0,1.04380952381,83.0,16.5304094889,26.0
2016-10-27,3,0,15.0,17.0,0,41.0,46.6153846154,23.0,0.781065088757,83.0,17.1488436997,22.0
2016-10-28,4,0,11.0,15.0,0,41.0,44.9230769231,22.0,0.597255851493,83.0,18.3657772813,37.0
2016-10-29,5,1,8.0,12.0,0,41.0,41.3846153846,22.0,0.674603174603,83.0,14.7676281182,64.0
2016-10-30,6,1,10.0,17.0,1,42.0,40.7692307692,22.0,0.949074074074,83.0,13.5995126958,73.0
2016-10-31,0,0,10.0,15.0,0,43.0,43.3076923077,22.0,1.29753914989,83.0,16.073794322,36.0
