time_stamp,dayofweek,holiday,lt,ht,sunny,m2M,w2A,m1L,d3w3,m1Lar,w2Std,pay_sum
2016-08-01,0,0,28.0,36.0,1,76.0,74.6923076923,50.0,1.02427076375,102.0,6.78669076927,59.0
2016-08-02,1,0,27.0,36.0,0,76.0,73.3076923077,50.0,0.973070830505,102.0,7.91672635709,74.0
2016-08-03,2,0,26.0,32.0,0,76.0,73.2307692308,50.0,0.954337899543,102.0,7.90475850995,165.0
2016-08-04,3,0,26.0,33.0,0,76.0,79.6153846154,50.0,1.27105992749,165.0,25.7608482348,137.0
2016-08-05,4,0,27.0,33.0,0,76.0,84.0769230769,50.0,1.55019583591,165.0,29.9498594795,193.0
2016-08-06,5,1,26.0,33.0,0,76.0,92.8461538462,50.0,1.90092165899,193.0,41.6022302543,70.0
2016-08-07,6,1,27.0,35.0,1,76.0,91.7692307692,50.0,1.54948673252,193.0,41.9966186297,75.0
2016-08-08,0,0,27.0,34.0,0,75.0,92.9230769231,50.0,1.29204892966,193.0,41.3083369095,70.0
2016-08-09,1,0,27.0,34.0,1,75.0,93.2307692308,50.0,0.825177509115,193.0,41.1211228636,94.0
2016-08-10,2,0,28.0,35.0,1,75.0,94.7692307692,52.0,0.907365223994,193.0,40.7452759813,49.0
2016-08-11,3,0,28.0,35.0,1,75.0,93.5384615385,49.0,0.824143934997,193.0,41.8525164846,84.0
2016-08-12,4,0,28.0,36.0,1,75.0,94.3076923077,49.0,0.875771604938,193.0,41.5773322402,83.0
2016-08-13,5,1,28.0,36.0,1,76.0,94.5384615385,49.0,0.831408775982,193.0,41.5055425115,74.0
2016-08-14,6,1,28.0,37.0,1,75.0,94.3846153846,49.0,0.93302361595,193.0,41.5776168732,90.0
2016-08-15,0,0,27.0,36.0,1,76.0,96.7692307692,49.0,0.939878234399,193.0,40.3506817141,70.0
2016-08-16,1,0,27.0,36.0,1,76.0,96.4615384615,49.0,0.888382687927,193.0,40.5379506609,54.0
2016-08-17,2,0,27.0,36.0,1,76.0,87.9230769231,49.0,0.821812596006,193.0,36.7118960776,66.0
2016-08-18,3,0,28.0,36.0,1,75.0,82.4615384615,49.0,0.729226635962,193.0,34.1998996504,68.0
2016-08-19,4,0,29.0,37.0,1,75.0,72.8461538462,49.0,0.724051607934,193.0,12.3838986892,93.0
2016-08-20,5,1,28.0,37.0,0,75.0,74.6153846154,49.0,0.867737003058,193.0,13.4481251855,86.0
2016-08-21,6,1,28.0,35.0,0,76.0,75.4615384615,49.0,0.938806537438,193.0,13.7874825315,66.0
2016-08-22,0,0,27.0,35.0,1,76.0,75.1538461538,49.0,0.927503312512,193.0,13.9496134705,83.0
2016-08-23,1,0,26.0,35.0,1,76.0,74.3076923077,49.0,0.885122410546,193.0,13.0877782999,67.0
2016-08-24,2,0,25.0,34.0,1,76.0,75.6923076923,49.0,0.861244019139,193.0,11.1450894008,59.0
2016-08-25,3,0,26.0,35.0,1,75.0,73.7692307692,49.0,0.874111250523,193.0,11.6892708607,77.0
2016-08-26,4,0,24.0,32.0,0,76.0,73.3076923077,49.0,0.915651781687,193.0,11.4312972235,84.0
2016-08-27,5,1,23.0,30.0,1,77.0,74.0769230769,49.0,0.983020554066,193.0,11.7830487008,71.0
2016-08-28,6,1,20.0,31.0,1,77.0,72.6153846154,49.0,1.0394265233,193.0,10.8595116871,84.0
2016-08-29,0,0,20.0,32.0,1,77.0,73.6923076923,49.0,1.06080781181,193.0,11.2344567181,64.0
2016-08-30,1,0,21.0,31.0,1,77.0,74.4615384615,49.0,0.991847826087,193.0,10.14976608,55.0
2016-08-31,2,0,23.0,33.0,1,77.0,73.6153846154,49.0,0.915651781687,193.0,11.2218088597,84.0
2016-09-01,3,0,24.0,33.0,1,77.0,74.8461538462,49.0,0.915651781687,193.0,11.4142027172,67.0
2016-09-02,4,0,24.0,34.0,1,77.0,72.8461538462,49.0,0.93935248518,193.0,10.2795252348,88.0
2016-09-03,5,1,22.0,34.0,1,77.0,73.0,49.0,1.07949412827,193.0,10.4880884817,74.0
2016-09-04,6,1,23.0,32.0,1,76.0,73.6153846154,49.0,1.04566210046,94.0,10.2921812111,74.0
2016-09-05,0,0,24.0,32.0,1,75.0,72.9230769231,49.0,1.07468123862,94.0,9.93410240196,56.0
2016-09-06,1,0,21.0,26.0,0,75.0,72.0769230769,49.0,0.927694406548,94.0,10.8305944042,66.0
2016-09-07,2,0,21.0,25.0,0,74.0,72.6153846154,49.0,0.891314233743,94.0,10.329483281,64.0
2016-09-08,3,0,21.0,30.0,1,74.0,71.6153846154,49.0,0.848153214774,93.0,10.484702861,73.0
2016-09-09,4,0,22.0,32.0,1,74.0,70.7692307692,54.0,0.938511326861,93.0,9.87735441186,65.0
2016-09-10,5,1,23.0,29.0,1,74.0,70.3076923077,54.0,0.947689420596,93.0,9.99526515125,69.0
2016-09-11,6,1,21.0,28.0,1,74.0,69.1538461538,54.0,0.969101123596,93.0,9.18063307559,79.0
2016-09-12,0,0,21.0,29.0,1,74.0,70.3076923077,54.0,1.0,93.0,9.40036509426,26.0
2016-09-13,1,0,21.0,30.0,1,74.0,68.0769230769,26.0,0.841189267585,93.0,14.7098163899,30.0
2016-09-14,2,0,21.0,24.0,0,74.0,63.9230769231,26.0,0.666666666667,93.0,17.0630574339,62.0
2016-09-15,3,1,21.0,25.0,0,74.0,63.5384615385,26.0,0.589263420724,93.0,17.0457095193,74.0
2016-09-16,4,1,22.0,25.0,0,74.0,62.4615384615,26.0,0.835220125786,93.0,15.8677970194,37.0
2016-09-17,5,1,21.0,27.0,1,74.0,59.6153846154,26.0,0.893364317067,93.0,16.8319223343,59.0
2016-09-18,6,0,21.0,27.0,1,74.0,58.4615384615,26.0,0.895208004213,88.0,16.3124086068,55.0
2016-09-19,0,0,20.0,26.0,1,73.0,58.3846153846,26.0,0.800848581278,88.0,16.3261869001,44.0
2016-09-20,1,0,19.0,26.0,1,71.0,56.6923076923,26.0,0.845371856608,88.0,16.5872268531,50.0
2016-09-21,2,0,18.0,26.0,1,70.0,55.6153846154,26.0,0.819581958196,88.0,16.5321991721,64.0
2016-09-22,3,0,17.0,27.0,1,70.0,54.9230769231,26.0,0.871243451889,88.0,15.9685341481,52.0
2016-09-23,4,0,19.0,27.0,1,70.0,53.9230769231,26.0,0.943449843706,88.0,15.7111500752,86.0
2016-09-24,5,1,19.0,28.0,1,70.0,55.2307692308,26.0,1.13642756681,88.0,17.5155045434,81.0
2016-09-25,6,1,21.0,29.0,1,70.0,55.3846153846,26.0,1.22483221477,88.0,17.7310612357,89.0
2016-09-26,0,0,23.0,30.0,1,71.0,60.2307692308,26.0,1.39319727891,89.0,17.6467641233,50.0
2016-09-27,1,0,23.0,30.0,1,70.0,61.7692307692,26.0,1.21312379377,89.0,15.7096435163,64.0
2016-09-28,2,0,21.0,26.0,0,70.0,61.9230769231,26.0,1.1193824097,89.0,15.7209391893,67.0
2016-09-29,3,0,20.0,23.0,0,70.0,61.3846153846,26.0,1.00304793572,89.0,15.4149700543,66.0
2016-09-30,4,0,21.0,24.0,0,70.0,63.6153846154,26.0,1.09080841639,89.0,13.7311462995,85.0
2016-10-01,5,1,22.0,25.0,0,70.0,65.6153846154,26.0,1.1912568306,89.0,14.7676281182,92.0
2016-10-02,6,1,21.0,30.0,0,70.0,68.4615384615,26.0,1.31386861314,92.0,15.9644575644,80.0
2016-10-03,0,1,19.0,25.0,1,70.0,71.2307692308,26.0,1.33126133126,92.0,14.5398859701,91.0
2016-10-04,1,1,21.0,27.0,1,70.0,74.3846153846,26.0,1.30069238378,92.0,14.0303981058,85.0
2016-10-05,2,1,20.0,28.0,1,70.0,76.0,26.0,1.2448334549,92.0,13.9504618065,71.0
2016-10-06,3,1,20.0,25.0,1,70.0,77.4615384615,26.0,1.2037037037,92.0,12.2513131768,81.0
2016-10-07,4,1,18.0,22.0,0,70.0,77.0769230769,26.0,1.11898016997,92.0,12.0541185969,75.0
2016-10-08,5,0,16.0,23.0,1,70.0,76.6153846154,26.0,1.05975723623,92.0,12.0098578839,45.0
2016-10-09,6,0,14.0,21.0,1,70.0,73.2307692308,26.0,0.944992947814,92.0,14.0666208624,70.0
2016-10-10,0,0,15.0,22.0,1,70.0,74.7692307692,26.0,0.877192982456,92.0,12.4415794579,65.0
2016-10-11,1,0,17.0,23.0,1,69.0,74.8461538462,26.0,0.822481151474,92.0,12.3776855911,59.0
2016-10-12,2,0,17.0,22.0,1,68.0,74.2307692308,30.0,0.889500229253,92.0,12.9386353231,53.0
2016-10-13,3,0,17.0,20.0,1,67.0,73.2307692308,37.0,0.810996563574,92.0,13.9953500308,60.0
2016-10-14,4,0,18.0,21.0,1,67.0,71.3076923077,37.0,0.802425938885,92.0,13.9636044244,61.0
2016-10-15,5,1,19.0,21.0,0,67.0,68.9230769231,37.0,0.823278921221,92.0,12.8270239876,54.0
2016-10-16,6,1,18.0,25.0,1,67.0,66.9230769231,44.0,0.849102377487,92.0,12.9701523534,79.0
2016-10-17,0,0,18.0,25.0,1,67.0,66.0,44.0,0.921834164885,92.0,11.5758369028,53.0
2016-10-18,1,0,18.0,24.0,1,67.0,63.5384615385,44.0,0.890804597701,92.0,10.6382140246,58.0
2016-10-19,2,0,19.0,22.0,0,66.0,62.5384615385,45.0,0.915883345384,92.0,10.4999295574,53.0
2016-10-20,3,0,19.0,22.0,0,66.0,60.3846153846,45.0,0.798053527981,92.0,9.29465074892,54.0
2016-10-21,4,0,20.0,22.0,0,66.0,58.7692307692,45.0,0.821508588499,92.0,8.39554686132,70.0
2016-10-22,5,1,19.0,22.0,0,66.0,60.6923076923,45.0,0.895975702354,92.0,7.86799373689,82.0
2016-10-23,6,1,16.0,22.0,1,66.0,61.6153846154,45.0,1.04119282285,92.0,9.45058778423,83.0
2016-10-24,0,0,17.0,23.0,1,66.0,63.0,45.0,1.19501652682,92.0,11.0314236476,50.0
2016-10-25,1,0,16.0,19.0,1,66.0,62.3076923077,45.0,1.12330198537,92.0,11.5317929448,48.0
2016-10-26,2,0,17.0,20.0,0,65.0,61.9230769231,45.0,0.963022080341,92.0,11.9128988816,58.0
2016-10-27,3,0,16.0,19.0,0,65.0,61.7692307692,45.0,0.845528455285,92.0,11.9495982949,44.0
2016-10-28,4,0,14.0,18.0,0,65.0,60.4615384615,44.0,0.834028356964,92.0,12.8578942206,64.0
2016-10-29,5,1,9.0,13.0,0,65.0,61.2307692308,44.0,0.908593322386,92.0,12.7469685455,75.0
2016-10-30,6,1,13.0,18.0,1,65.0,60.9230769231,44.0,0.997547015536,92.0,12.3566334627,81.0
2016-10-31,0,0,11.0,16.0,0,65.0,63.0769230769,44.0,1.18375033629,91.0,13.1994262023,70.0
