time_stamp,dayofweek,holiday,lt,ht,sunny,m2M,w2A,m1L,d3w3,m1Lar,w2Std,pay_sum
2016-08-01,0,0,28.0,34.0,1,178.0,210.153846154,158.0,1.06336489439,241.0,14.805644214,185.0
2016-08-02,1,0,28.0,34.0,0,178.0,207.846153846,158.0,1.02912621359,241.0,16.1476178469,157.0
2016-08-03,2,0,26.0,32.0,0,178.0,204.692307692,157.0,0.909386692696,241.0,21.028861542,170.0
2016-08-04,3,0,27.0,32.0,0,178.0,203.384615385,157.0,0.834147930922,241.0,22.5611594817,148.0
2016-08-05,4,0,27.0,33.0,0,178.0,199.307692308,148.0,0.775763514617,241.0,26.9797206332,192.0
2016-08-06,5,1,27.0,33.0,1,178.0,196.692307692,148.0,0.840336134454,241.0,25.8914438359,222.0
2016-08-07,6,1,27.0,34.0,1,178.0,197.461538462,148.0,0.930386557404,241.0,26.4767398197,199.0
2016-08-08,0,0,27.0,34.0,0,178.0,197.923076923,148.0,1.02039117769,241.0,26.4472233193,186.0
2016-08-09,1,0,28.0,34.0,1,178.0,195.0,148.0,1.01777330651,241.0,25.4860444467,180.0
2016-08-10,2,0,28.0,34.0,1,178.0,194.153846154,148.0,0.951659087081,241.0,25.785643453,136.0
2016-08-11,3,0,28.0,35.0,1,178.0,187.076923077,136.0,0.856582202884,241.0,28.0506726601,197.0
2016-08-12,4,0,28.0,34.0,1,179.0,186.384615385,136.0,0.876249039201,241.0,27.6837593644,203.0
2016-08-13,5,1,28.0,35.0,1,180.0,184.0,136.0,0.920962199313,241.0,24.6482953069,216.0
2016-08-14,6,1,28.0,36.0,1,183.0,183.923076923,136.0,1.05732921387,241.0,24.546538338,190.0
2016-08-15,0,0,28.0,35.0,1,184.0,184.307692308,136.0,1.04612213347,241.0,24.5995141146,167.0
2016-08-16,1,0,28.0,35.0,1,184.0,185.076923077,136.0,0.998953974895,234.0,23.8793813168,182.0
2016-08-17,2,0,28.0,35.0,1,184.0,186.0,136.0,0.941896024465,234.0,23.5077728553,193.0
2016-08-18,3,0,28.0,36.0,1,185.0,189.461538462,136.0,0.955908289242,234.0,20.816470493,200.0
2016-08-19,4,0,29.0,36.0,1,186.0,190.076923077,136.0,1.01572160396,234.0,20.9998591148,223.0
2016-08-20,5,1,28.0,37.0,0,187.0,190.153846154,136.0,1.09132784126,234.0,21.1181517032,194.0
2016-08-21,6,1,28.0,35.0,0,190.0,189.769230769,136.0,1.09982174688,234.0,20.9987319989,215.0
2016-08-22,0,0,28.0,35.0,1,191.0,192.0,136.0,1.11759504863,234.0,21.9965032186,236.0
2016-08-23,1,0,26.0,34.0,1,192.0,196.307692308,136.0,1.11717329176,236.0,24.5588292611,230.0
2016-08-24,2,0,26.0,34.0,1,193.0,203.538461538,136.0,1.16142235866,236.0,18.9315178172,230.0
2016-08-25,3,0,27.0,35.0,1,193.0,206.076923077,136.0,1.16261588574,236.0,20.0632137101,221.0
2016-08-26,4,0,26.0,34.0,0,194.0,207.461538462,136.0,1.12935323383,236.0,20.4210124989,232.0
2016-08-27,5,1,23.0,31.0,1,197.0,208.692307692,136.0,1.12985938792,236.0,21.3591436568,230.0
2016-08-28,6,1,22.0,30.0,1,198.0,211.769230769,136.0,1.1212345071,236.0,21.3258739424,205.0
2016-08-29,0,0,23.0,31.0,1,199.0,214.692307692,136.0,1.08986928105,236.0,17.192953008,250.0
2016-08-30,1,0,23.0,31.0,1,200.0,219.923076923,136.0,1.10040160643,250.0,16.7903889104,224.0
2016-08-31,2,0,25.0,34.0,1,200.0,222.307692308,136.0,1.0681138902,250.0,14.8913222814,234.0
2016-09-01,3,0,26.0,33.0,1,201.0,224.923076923,136.0,1.10409356725,250.0,13.6802020816,201.0
2016-09-02,4,0,25.0,34.0,1,201.0,223.230769231,136.0,1.02816132304,250.0,15.1004525972,237.0
2016-09-03,5,1,25.0,35.0,1,203.0,226.538461538,136.0,1.04331625524,250.0,12.8818022187,253.0
2016-09-04,6,1,25.0,33.0,1,203.0,229.461538462,136.0,1.05730242522,253.0,14.1780729113,252.0
2016-09-05,0,0,25.0,30.0,0,204.0,230.692307692,136.0,1.11361248687,253.0,15.3391636287,265.0
2016-09-06,1,0,22.0,27.0,0,204.0,233.384615385,136.0,1.13443830571,265.0,17.8478115941,212.0
2016-09-07,2,0,20.0,24.0,0,205.0,232.0,136.0,1.06954225352,265.0,18.7329409577,186.0
2016-09-08,3,0,22.0,29.0,1,205.0,229.307692308,136.0,0.975717439294,265.0,22.2965489409,230.0
2016-09-09,4,0,23.0,31.0,1,206.0,229.153846154,167.0,0.922783043127,265.0,22.2843379075,213.0
2016-09-10,5,1,24.0,29.0,1,212.0,227.846153846,167.0,0.92039800995,265.0,22.6913950273,239.0
2016-09-11,6,1,23.0,26.0,0,212.0,230.461538462,167.0,0.992721979622,265.0,21.8512995023,207.0
2016-09-12,0,0,23.0,29.0,1,212.0,227.153846154,167.0,0.965355599502,265.0,21.897826214,208.0
2016-09-13,1,0,23.0,30.0,1,212.0,225.923076923,167.0,0.962684919408,265.0,22.4823402096,224.0
2016-09-14,2,0,22.0,24.0,0,212.0,225.153846154,182.0,0.941852752598,265.0,22.3635904433,219.0
2016-09-15,3,1,23.0,26.0,0,212.0,226.538461538,186.0,0.9599646096,265.0,21.3599747357,198.0
2016-09-16,4,1,23.0,27.0,0,212.0,223.538461538,186.0,0.952380952381,265.0,22.3937332739,224.0
2016-09-17,5,1,23.0,27.0,0,212.0,221.307692308,186.0,0.953656177936,265.0,20.7304481208,221.0
2016-09-18,6,0,23.0,28.0,0,212.0,218.923076923,186.0,0.953228077978,265.0,18.7512524237,209.0
2016-09-19,0,0,21.0,27.0,0,212.0,214.615384615,186.0,0.978456014363,265.0,13.3159156451,220.0
2016-09-20,1,0,20.0,26.0,1,213.0,215.230769231,186.0,0.973345312968,265.0,13.3655921401,191.0
2016-09-21,2,0,20.0,27.0,1,212.0,215.615384615,186.0,0.937476374083,265.0,12.5669803088,196.0
2016-09-22,3,0,21.0,27.0,1,212.0,213.0,186.0,0.918861640932,265.0,12.8362467555,202.0
2016-09-23,4,0,21.0,27.0,1,212.0,212.153846154,186.0,0.898756389715,265.0,13.1666604249,251.0
2016-09-24,5,1,22.0,28.0,1,212.0,213.076923077,186.0,0.990764063812,265.0,15.2691823289,211.0
2016-09-25,6,1,23.0,29.0,1,212.0,213.384615385,186.0,1.02327014948,265.0,15.1836879149,222.0
2016-09-26,0,0,24.0,31.0,1,212.0,214.461538462,186.0,1.06467429372,265.0,15.259878942,234.0
2016-09-27,1,0,25.0,30.0,0,213.0,215.230769231,186.0,1.03290747193,265.0,15.9574137395,232.0
2016-09-28,2,0,22.0,28.0,0,213.0,216.230769231,186.0,1.05416379376,265.0,16.5583065195,225.0
2016-09-29,3,0,22.0,25.0,0,213.0,218.307692308,186.0,1.05997852431,265.0,15.8181230793,193.0
2016-09-30,4,0,23.0,28.0,0,213.0,215.923076923,186.0,1.00169517645,265.0,17.0675650035,256.0
2016-10-01,5,1,24.0,29.0,0,215.0,218.615384615,186.0,1.03461508942,265.0,20.1400422486,240.0
2016-10-02,6,1,24.0,32.0,1,216.0,221.0,186.0,1.04966483851,265.0,20.6881608656,193.0
2016-10-03,0,1,22.0,26.0,1,216.0,218.923076923,186.0,1.05327524268,265.0,21.9981171868,180.0
2016-10-04,1,1,22.0,26.0,1,216.0,218.076923077,180.0,0.946645046715,265.0,23.2328068388,179.0
2016-10-05,2,1,22.0,27.0,1,215.0,216.769230769,179.0,0.860416179565,256.0,24.8600818309,164.0
2016-10-06,3,1,22.0,26.0,0,215.0,213.846153846,164.0,0.821745620237,256.0,28.4059748695,158.0
2016-10-07,4,1,20.0,25.0,0,215.0,206.692307692,158.0,0.799616949964,256.0,29.8235441721,197.0
2016-10-08,5,0,17.0,22.0,0,215.0,205.615384615,158.0,0.833132675175,256.0,29.9012180393,213.0
2016-10-09,6,0,18.0,22.0,1,215.0,204.923076923,158.0,0.9109133189,256.0,29.6166832882,229.0
2016-10-10,0,0,18.0,22.0,1,216.0,204.538461538,158.0,1.02256361018,256.0,29.2669816178,203.0
2016-10-11,1,0,19.0,25.0,1,216.0,202.307692308,158.0,1.02920057444,256.0,28.1735954271,240.0
2016-10-12,2,0,19.0,23.0,1,219.0,203.461538462,158.0,1.06110847939,256.0,29.3614487816,188.0
2016-10-13,3,0,19.0,23.0,1,219.0,203.076923077,158.0,0.999683143219,256.0,29.528243425,176.0
2016-10-14,4,0,19.0,23.0,0,219.0,196.923076923,158.0,0.974272118719,256.0,25.9806482375,204.0
2016-10-15,5,1,21.0,25.0,1,219.0,194.153846154,158.0,0.917757311359,256.0,22.9877765306,209.0
2016-10-16,6,1,20.0,26.0,1,219.0,195.384615385,158.0,0.954696490802,256.0,23.3189868547,238.0
2016-10-17,0,0,20.0,25.0,1,220.0,199.846153846,158.0,1.0541656546,256.0,25.4039553366,200.0
2016-10-18,1,0,20.0,25.0,1,219.0,201.461538462,158.0,1.05589555284,256.0,24.6845183017,210.0
2016-10-19,2,0,20.0,24.0,0,219.0,205.0,158.0,1.06142506143,256.0,22.2364911454,206.0
2016-10-20,3,0,20.0,23.0,0,219.0,208.692307692,158.0,1.00579639154,256.0,17.6346887843,205.0
2016-10-21,4,0,0.0,21.0,0,213.0,209.307692308,158.0,1.02678571429,256.0,17.353273313,192.0
2016-10-22,5,1,19.0,23.0,0,213.0,207.692307692,158.0,1.00903614458,256.0,17.9030921927,217.0
2016-10-23,6,1,18.0,23.0,1,213.0,206.769230769,158.0,1.02129075183,256.0,17.0706849313,249.0
2016-10-24,0,0,20.0,24.0,1,213.0,210.307692308,158.0,1.07595454174,256.0,20.3711130899,249.0
2016-10-25,1,0,18.0,22.0,1,213.0,211.0,158.0,1.14942528736,256.0,21.4906061768,223.0
2016-10-26,2,0,19.0,21.0,0,213.0,213.692307692,158.0,1.14281185608,256.0,20.615097587,189.0
2016-10-27,3,0,18.0,22.0,0,213.0,214.692307692,158.0,1.04004405633,256.0,19.0157206841,215.0
2016-10-28,4,0,15.0,20.0,0,213.0,215.538461538,158.0,0.982373678026,256.0,18.7641859551,217.0
2016-10-29,5,1,13.0,17.0,1,213.0,216.153846154,158.0,0.972059168819,256.0,18.6706110231,246.0
2016-10-30,6,1,14.0,18.0,1,213.0,216.769230769,158.0,1.0570626754,249.0,19.4941957679,224.0
2016-10-31,0,0,13.0,17.0,0,213.0,218.615384615,158.0,1.06585990226,249.0,18.9474514687,234.0
