time_stamp,dayofweek,holiday,lt,ht,sunny,m2M,w2A,m1L,d3w3,m1Lar,w2Std,pay_sum
2016-08-01,0,0,16.0,20.0,0,61.0,49.0,33.0,1.11989459816,83.0,8.8752031396,35.0
2016-08-02,1,0,14.0,27.0,1,61.0,48.6153846154,33.0,0.978043912176,78.0,9.35240373494,52.0
2016-08-03,2,0,16.0,30.0,1,59.0,48.6923076923,33.0,0.942895086321,78.0,9.37578399089,48.0
2016-08-04,3,0,16.0,33.0,1,58.0,48.9230769231,33.0,0.891972249752,78.0,9.31881090517,40.0
2016-08-05,4,0,19.0,34.0,1,58.0,48.6153846154,33.0,0.944669365722,78.0,9.53970215257,54.0
2016-08-06,5,1,20.0,34.0,1,58.0,49.4615384615,33.0,0.971937029432,78.0,9.49182145619,46.0
2016-08-07,6,1,21.0,33.0,0,58.0,47.6923076923,33.0,0.982456140351,78.0,7.64988300951,62.0
2016-08-08,0,0,18.0,27.0,0,58.0,49.0769230769,33.0,1.10882956879,78.0,8.44403784619,55.0
2016-08-09,1,0,16.0,30.0,1,57.0,50.7692307692,33.0,1.09875294911,70.0,7.1592204792,327.0
2016-08-10,2,0,15.0,32.0,1,57.0,72.1538461538,33.0,2.33992094862,327.0,73.9135109475,158.0
2016-08-11,3,0,18.0,33.0,1,57.0,80.5384615385,33.0,2.61248185776,327.0,76.9321533107,183.0
2016-08-12,4,0,19.0,34.0,1,58.0,90.1538461538,33.0,2.93561854537,327.0,81.2070915375,163.0
2016-08-13,5,1,20.0,34.0,1,58.0,98.3076923077,33.0,2.05253512523,327.0,82.7753071833,202.0
2016-08-14,6,1,18.0,34.0,1,58.0,109.615384615,33.0,2.06403013183,327.0,86.0621765054,188.0
2016-08-15,0,0,19.0,33.0,1,58.0,121.384615385,33.0,1.92615813305,327.0,85.5134163667,71.0
2016-08-16,1,0,21.0,30.0,1,59.0,122.846153846,33.0,1.57445355191,327.0,84.471065737,63.0
2016-08-17,2,0,20.0,29.0,1,59.0,124.0,33.0,1.09189555782,327.0,83.5381073799,76.0
2016-08-18,3,0,18.0,31.0,1,59.0,126.769230769,33.0,0.702458605118,327.0,81.2736629175,82.0
2016-08-19,4,0,18.0,33.0,1,61.0,128.923076923,33.0,0.730457775574,327.0,79.6718863054,81.0
2016-08-20,5,1,18.0,33.0,1,61.0,131.615384615,33.0,0.780663073657,327.0,77.3827037537,93.0
2016-08-21,6,1,19.0,29.0,1,61.0,134.0,33.0,0.820907487574,327.0,75.6591547158,92.0
2016-08-22,0,0,15.0,28.0,1,61.0,136.846153846,33.0,0.830212234707,327.0,73.2927178184,78.0
2016-08-23,1,0,17.0,27.0,1,61.0,117.692307692,33.0,0.810977489978,327.0,49.8989511457,75.0
2016-08-24,2,0,14.0,29.0,1,61.0,111.307692308,33.0,0.746155017512,327.0,49.6423897884,74.0
2016-08-25,3,0,12.0,31.0,1,61.0,102.923076923,35.0,0.680761733393,327.0,45.888596771,67.0
2016-08-26,4,0,13.0,34.0,1,61.0,95.5384615385,35.0,0.644007155635,327.0,43.2765976635,70.0
2016-08-27,5,1,17.0,31.0,1,62.0,85.3846153846,35.0,0.622418879056,327.0,30.7909538702,106.0
2016-08-28,6,1,17.0,33.0,1,62.0,79.0769230769,35.0,0.703125,327.0,11.445264647,77.0
2016-08-29,0,0,16.0,33.0,1,62.0,79.5384615385,35.0,0.725136142161,327.0,11.2291885084,58.0
2016-08-30,1,0,16.0,34.0,1,62.0,79.1538461538,35.0,0.781072759682,327.0,11.8571377649,58.0
2016-08-31,2,0,16.0,30.0,1,61.0,77.7692307692,40.0,0.657468915006,327.0,13.1275039877,58.0
2016-09-01,3,0,13.0,27.0,1,61.0,75.9230769231,40.0,0.633187772926,327.0,14.0573634603,44.0
2016-09-02,4,0,12.0,28.0,1,58.0,73.0769230769,40.0,0.622689239152,327.0,16.3069666021,56.0
2016-09-03,5,1,11.0,30.0,1,58.0,70.2307692308,44.0,0.672197404807,327.0,15.8024041314,94.0
2016-09-04,6,1,16.0,32.0,1,61.0,70.3846153846,44.0,0.878026702874,327.0,16.021804669,84.0
2016-09-05,0,0,14.0,33.0,1,62.0,70.8461538462,44.0,1.04979811575,327.0,16.3182114114,56.0
2016-09-06,1,0,15.0,33.0,1,61.0,69.3846153846,44.0,1.05476673428,327.0,16.7264804406,57.0
2016-09-07,2,0,15.0,31.0,1,58.0,68.0769230769,44.0,0.899543378995,327.0,16.9771862236,55.0
2016-09-08,3,0,12.0,32.0,1,58.0,67.1538461538,44.0,0.781577110956,202.0,17.3331436797,47.0
2016-09-09,4,0,14.0,32.0,1,58.0,65.3846153846,44.0,0.757684060043,202.0,18.1088098472,52.0
2016-09-10,5,1,14.0,31.0,1,58.0,61.2307692308,44.0,0.756013745704,202.0,14.0556796413,97.0
2016-09-11,6,1,13.0,33.0,1,58.0,62.7692307692,44.0,0.95866960137,202.0,16.567595091,111.0
2016-09-12,0,0,15.0,32.0,1,58.0,66.8461538462,44.0,1.24164278892,188.0,20.857930253,65.0
2016-09-13,1,0,16.0,32.0,1,58.0,67.3846153846,44.0,1.31313131313,111.0,20.7124580183,83.0
2016-09-14,2,0,11.0,27.0,1,58.0,69.3076923077,44.0,1.23775388292,111.0,20.9114786858,73.0
2016-09-15,3,1,9.0,27.0,1,58.0,71.5384615385,44.0,1.05162978825,111.0,19.5983334637,83.0
2016-09-16,4,1,9.0,28.0,1,62.0,73.6153846154,44.0,1.12682696841,111.0,19.2694994607,86.0
2016-09-17,5,1,10.0,30.0,1,63.0,73.0,44.0,1.15734098517,111.0,18.7288342074,67.0
2016-09-18,6,0,12.0,32.0,1,65.0,71.6923076923,44.0,1.13680154143,111.0,18.5073150419,56.0
2016-09-19,0,0,12.0,33.0,1,65.0,71.6923076923,44.0,1.00820067535,111.0,18.5073150419,35.0
2016-09-20,1,0,15.0,33.0,1,65.0,70.0,35.0,0.775079715477,111.0,20.6546698017,55.0
2016-09-21,2,0,15.0,33.0,1,65.0,70.0,35.0,0.717797443461,111.0,20.6546698017,57.0
2016-09-22,3,0,14.0,31.0,1,63.0,70.7692307692,35.0,0.715850986121,111.0,19.9582404271,48.0
2016-09-23,4,0,10.0,29.0,1,63.0,70.4615384615,35.0,0.783737447955,111.0,20.2735727359,51.0
2016-09-24,5,1,8.0,23.0,1,63.0,66.9230769231,35.0,0.789074355083,111.0,19.3249999043,66.0
2016-09-25,6,1,9.0,24.0,1,65.0,63.4615384615,35.0,0.846153846154,111.0,14.5634705533,92.0
2016-09-26,0,0,8.0,23.0,1,66.0,65.5384615385,35.0,1.04291417166,111.0,16.4392372302,52.0
2016-09-27,1,0,8.0,24.0,1,66.0,63.1538461538,35.0,1.05184072126,111.0,15.9752026776,46.0
2016-09-28,2,0,8.0,26.0,1,66.0,61.0769230769,35.0,0.95814422592,111.0,16.3116831111,51.0
2016-09-29,3,0,10.0,26.0,1,66.0,58.6153846154,35.0,0.749120160885,111.0,15.1938168676,56.0
2016-09-30,4,0,8.0,26.0,1,66.0,56.3076923077,35.0,0.766917293233,111.0,12.9756257616,85.0
2016-10-01,5,1,10.0,22.0,1,67.0,57.6923076923,35.0,0.971168437026,111.0,14.8654716885,75.0
2016-10-02,6,1,8.0,17.0,0,67.0,59.1538461538,35.0,1.1232449298,111.0,15.5456951936,67.0
2016-10-03,0,1,6.0,17.0,1,67.0,61.6153846154,35.0,1.17860851506,111.0,13.9809676211,97.0
2016-10-04,1,1,6.0,17.0,1,70.0,64.8461538462,35.0,1.22752953261,111.0,16.6726222101,80.0
2016-10-05,2,1,3.0,14.0,0,71.0,66.6153846154,35.0,1.24648786718,111.0,16.9639366872,88.0
2016-10-06,3,1,1.0,16.0,1,73.0,69.6923076923,35.0,1.34860050891,111.0,16.9360090448,70.0
2016-10-07,4,1,1.0,18.0,1,73.0,71.1538461538,35.0,1.22617207625,111.0,16.0568516592,51.0
2016-10-08,5,0,4.0,18.0,1,71.0,70.0,35.0,1.09024517475,111.0,16.9024349634,53.0
2016-10-09,6,0,2.0,17.0,1,70.0,67.0,35.0,0.909803921569,111.0,16.1769066169,64.0
2016-10-10,0,0,3.0,16.0,1,70.0,67.9230769231,35.0,0.858895705521,111.0,15.6276950338,47.0
2016-10-11,1,0,2.0,19.0,1,67.0,68.0,35.0,0.843621399177,97.0,15.521696973,44.0
2016-10-12,2,0,4.0,19.0,1,67.0,67.4615384615,35.0,0.805404001039,97.0,16.2083330164,56.0
2016-10-13,3,0,4.0,19.0,1,67.0,67.4615384615,35.0,0.759101471727,97.0,16.2083330164,64.0
2016-10-14,4,0,1.0,12.0,0,66.0,65.8461538462,35.0,0.838445807771,97.0,15.4065228636,54.0
2016-10-15,5,1,0.0,13.0,1,66.0,64.2307692308,35.0,0.897832817337,97.0,15.4628778601,90.0
2016-10-16,6,1,-1.0,14.0,1,66.0,66.0,35.0,1.07493540052,97.0,16.9251746952,73.0
2016-10-17,0,0,0.0,12.0,1,66.0,64.1538461538,35.0,1.10348334605,97.0,14.5910728969,37.0
2016-10-18,1,0,2.0,12.0,1,65.0,60.8461538462,35.0,1.02406554019,97.0,15.4712942815,38.0
2016-10-19,2,0,-1.0,7.0,0,64.0,57.0,37.0,0.765451254202,97.0,14.4222051019,39.0
2016-10-20,3,0,-4.0,8.0,1,64.0,54.6153846154,37.0,0.59748427673,97.0,14.636826377,39.0
2016-10-21,4,0,-2.0,10.0,1,58.0,53.6923076923,37.0,0.63077759652,97.0,15.2031606804,66.0
2016-10-22,5,1,-1.0,9.0,1,58.0,54.6923076923,37.0,0.788824979458,97.0,15.5483593762,72.0
2016-10-23,6,1,0.0,6.0,1,58.0,55.3076923077,37.0,0.965630114566,97.0,16.0546404285,65.0
2016-10-24,0,0,-2.0,4.0,0,58.0,56.6923076923,37.0,1.13725490196,97.0,16.0546404285,40.0
2016-10-25,1,0,0.0,4.0,1,58.0,56.3846153846,37.0,1.02608695652,97.0,16.3308978581,35.0
2016-10-26,2,0,-2.0,3.0,0,58.0,54.7692307692,35.0,0.850805226375,97.0,17.2989721622,45.0
2016-10-27,3,0,-5.0,3.0,1,57.0,53.3076923077,35.0,0.746268656716,97.0,17.2599341089,41.0
2016-10-28,4,0,-2.0,3.0,1,57.0,52.3076923077,35.0,0.759573132454,97.0,17.5647576146,53.0
2016-10-29,5,1,-4.0,3.0,1,56.0,49.4615384615,35.0,0.872567482737,97.0,13.8264817518,66.0
2016-10-30,6,1,-5.0,4.0,1,56.0,48.9230769231,35.0,1.00250626566,97.0,13.0116015597,71.0
2016-10-31,0,0,-2.0,6.0,1,57.0,51.5384615385,35.0,1.16421568627,97.0,13.7483726848,49.0
