time_stamp,dayofweek,holiday,lt,ht,sunny,m2M,w2A,m1L,d3w3,m1Lar,w2Std,pay_sum
2016-08-01,0,0,27.0,36.0,1,88.0,94.9230769231,75.0,1.03966244726,132.0,12.0923468388,93.0
2016-08-02,1,0,27.0,35.0,1,89.0,96.3076923077,75.0,1.06940874036,132.0,10.6798488565,78.0
2016-08-03,2,0,25.0,33.0,0,88.0,95.3076923077,75.0,0.953867499133,132.0,11.6907893751,71.0
2016-08-04,3,0,26.0,34.0,0,86.0,94.8461538462,71.0,0.85226272231,132.0,12.4952061814,98.0
2016-08-05,4,0,25.0,34.0,0,88.0,94.5384615385,71.0,0.870331219168,132.0,12.3638143518,83.0
2016-08-06,5,1,27.0,35.0,0,88.0,93.0,71.0,0.901287553648,132.0,12.4591640663,117.0
2016-08-07,6,1,25.0,35.0,1,89.0,95.3846153846,71.0,1.07097933513,132.0,13.7870533558,116.0
2016-08-08,0,0,26.0,35.0,1,89.0,97.0769230769,71.0,1.11463844797,132.0,14.8244161305,74.0
2016-08-09,1,0,26.0,31.0,0,88.0,96.0,71.0,1.08346567849,126.0,15.9132262358,218.0
2016-08-10,2,0,26.0,36.0,1,88.0,105.461538462,71.0,1.34920634921,218.0,36.1739714853,140.0
2016-08-11,3,0,27.0,35.0,1,89.0,107.384615385,71.0,1.38528138528,218.0,37.2776246799,150.0
2016-08-12,4,0,27.0,36.0,1,91.0,112.076923077,71.0,1.59222692368,218.0,38.4876834214,160.0
2016-08-13,5,1,27.0,36.0,1,93.0,115.538461538,71.0,1.37362637363,218.0,40.5626114025,160.0
2016-08-14,6,1,28.0,36.0,1,94.0,119.846153846,71.0,1.38765869501,218.0,42.0546277593,161.0
2016-08-15,0,0,28.0,37.0,1,94.0,125.076923077,71.0,1.37921146953,218.0,42.6153846154,111.0
2016-08-16,1,0,28.0,38.0,1,95.0,127.615384615,71.0,1.2265758092,218.0,40.674199839,99.0
2016-08-17,2,0,28.0,37.0,1,98.0,129.769230769,71.0,1.05158730159,218.0,38.2906974968,111.0
2016-08-18,3,0,29.0,37.0,1,98.0,130.769230769,71.0,0.911413969336,218.0,37.6116877214,94.0
2016-08-19,4,0,28.0,38.0,1,98.0,131.615384615,71.0,0.861311800538,218.0,36.638648072,99.0
2016-08-20,5,1,29.0,38.0,0,99.0,130.230769231,71.0,0.867208672087,218.0,37.4949306238,111.0
2016-08-21,6,1,28.0,36.0,0,99.0,129.846153846,71.0,0.864618885097,218.0,37.6641967388,109.0
2016-08-22,0,0,28.0,37.0,1,99.0,132.538461538,71.0,0.901129943503,218.0,34.7111495823,102.0
2016-08-23,1,0,28.0,37.0,1,99.0,123.615384615,71.0,0.900447427293,218.0,25.2023761442,102.0
2016-08-24,2,0,27.0,36.0,1,99.0,120.692307692,71.0,0.864044168392,218.0,25.3358505964,110.0
2016-08-25,3,0,28.0,37.0,1,100.0,117.615384615,71.0,0.862518884769,218.0,23.9824886806,72.0
2016-08-26,4,0,26.0,36.0,1,100.0,110.846153846,71.0,0.783664459161,218.0,23.4778001651,103.0
2016-08-27,5,1,24.0,29.0,1,101.0,106.461538462,71.0,0.791007493755,218.0,18.7313615449,104.0
2016-08-28,6,1,22.0,32.0,1,102.0,102.076923077,71.0,0.778242677824,218.0,10.1637480856,109.0
2016-08-29,0,0,22.0,32.0,1,102.0,101.923076923,71.0,0.868728522337,218.0,10.0419239534,109.0
2016-08-30,1,0,21.0,32.0,1,102.0,102.692307692,71.0,0.926885434657,218.0,10.1707318804,87.0
2016-08-31,2,0,24.0,32.0,1,102.0,100.846153846,71.0,0.898512299308,218.0,10.6615495615,86.0
2016-09-01,3,0,24.0,32.0,1,102.0,100.230769231,71.0,0.854934060937,218.0,11.2534018525,79.0
2016-09-02,4,0,22.0,31.0,1,102.0,98.6923076923,72.0,0.793201133144,218.0,12.6027140873,127.0
2016-09-03,5,1,22.0,34.0,1,102.0,99.9230769231,72.0,0.933653077538,218.0,14.3979781618,122.0
2016-09-04,6,1,24.0,35.0,1,102.0,100.923076923,72.0,1.06875203649,218.0,15.4095951051,111.0
2016-09-05,0,0,24.0,32.0,0,102.0,101.615384615,72.0,1.17302052786,218.0,15.6428330187,111.0
2016-09-06,1,0,24.0,29.0,0,103.0,102.307692308,72.0,1.11435050211,218.0,15.8424192761,89.0
2016-09-07,2,0,23.0,29.0,1,102.0,100.692307692,72.0,1.01833660773,218.0,16.0450549074,78.0
2016-09-08,3,0,22.0,31.0,1,102.0,101.153846154,72.0,0.917491749175,161.0,15.2811908207,55.0
2016-09-09,4,0,25.0,32.0,1,102.0,97.4615384615,55.0,0.748987854251,161.0,19.5826272482,85.0
2016-09-10,5,1,21.0,30.0,0,102.0,96.0,55.0,0.745299145299,161.0,19.7484176581,85.0
2016-09-11,6,1,21.0,25.0,0,102.0,94.1538461538,55.0,0.778816199377,161.0,19.5678156237,90.0
2016-09-12,0,0,20.0,27.0,1,102.0,92.6923076923,55.0,0.90560780216,161.0,19.108534603,48.0
2016-09-13,1,0,21.0,27.0,0,102.0,89.6923076923,48.0,0.799283154122,127.0,22.5230979403,47.0
2016-09-14,2,0,22.0,25.0,0,99.0,86.6923076923,47.0,0.686329066963,127.0,25.2476491377,75.0
2016-09-15,3,1,24.0,26.0,0,99.0,86.3846153846,47.0,0.62962962963,127.0,25.3636276874,63.0
2016-09-16,4,1,23.0,27.0,0,99.0,81.4615384615,47.0,0.700757575758,127.0,23.1138166626,97.0
2016-09-17,5,1,22.0,28.0,1,99.0,79.5384615385,47.0,0.893706027762,127.0,20.5599138902,88.0
2016-09-18,6,0,21.0,26.0,1,99.0,77.7692307692,47.0,0.954580446497,127.0,18.6801163155,53.0
2016-09-19,0,0,19.0,27.0,1,99.0,73.3076923077,47.0,0.946698488465,127.0,17.0672183096,50.0
2016-09-20,1,0,19.0,28.0,1,98.0,70.3076923077,47.0,0.776896481594,127.0,17.4681451412,49.0
2016-09-21,2,0,20.0,27.0,1,97.0,68.0769230769,47.0,0.632542655015,127.0,18.1805540174,40.0
2016-09-22,3,0,20.0,29.0,1,97.0,66.9230769231,40.0,0.592876946044,127.0,19.4084103041,59.0
2016-09-23,4,0,21.0,31.0,1,97.0,64.9230769231,40.0,0.659977703456,127.0,18.7717526679,77.0
2016-09-24,5,1,22.0,31.0,1,97.0,64.3076923077,40.0,0.809195402299,127.0,18.2267116549,110.0
2016-09-25,6,1,23.0,33.0,1,98.0,65.8461538462,40.0,1.13181504486,127.0,20.9682769691,80.0
2016-09-26,0,0,24.0,32.0,1,97.0,68.3076923077,40.0,1.25528913963,127.0,20.6039003603,64.0
2016-09-27,1,0,24.0,31.0,0,97.0,69.6153846154,40.0,1.21560181862,127.0,19.7310316372,66.0
2016-09-28,2,0,24.0,26.0,0,94.0,68.9230769231,40.0,1.01375814627,127.0,19.6877999648,32.0
2016-09-29,3,0,23.0,27.0,0,93.0,66.5384615385,32.0,0.79528718704,127.0,22.0021515892,59.0
2016-09-30,4,0,23.0,26.0,0,90.0,63.6153846154,32.0,0.785785785786,127.0,20.2124807656,70.0
2016-10-01,5,1,22.0,30.0,0,90.0,62.2307692308,32.0,0.814983548469,127.0,19.0794043051,139.0
2016-10-02,6,1,23.0,32.0,1,94.0,68.8461538462,32.0,1.30795510005,139.0,27.6957262847,169.0
2016-10-03,0,1,23.0,29.0,1,94.0,78.0,32.0,1.69468728985,169.0,37.7827799604,134.0
2016-10-04,1,1,21.0,29.0,1,97.0,84.5384615385,32.0,1.87208809826,169.0,39.5136108675,134.0
2016-10-05,2,1,21.0,28.0,1,97.0,91.7692307692,32.0,1.78403755869,169.0,39.3018963061,126.0
2016-10-06,3,1,23.0,27.0,1,97.0,96.9230769231,32.0,1.54874213836,169.0,39.0590510312,86.0
2016-10-07,4,1,21.0,25.0,0,97.0,97.6153846154,32.0,1.36894164194,169.0,38.7785397859,76.0
2016-10-08,5,0,17.0,22.0,0,94.0,95.0,32.0,1.14763897191,169.0,39.0009861808,48.0
2016-10-09,6,0,17.0,22.0,1,90.0,92.5384615385,32.0,0.83932853717,169.0,40.8366641157,61.0
2016-10-10,0,0,17.0,22.0,1,89.0,92.3076923077,32.0,0.734564224737,169.0,41.0054116792,58.0
2016-10-11,1,0,17.0,19.0,0,88.0,91.6923076923,32.0,0.659557661927,169.0,41.4531888267,51.0
2016-10-12,2,0,17.0,22.0,1,87.0,93.1538461538,32.0,0.667059054346,169.0,39.6171022779,53.0
2016-10-13,3,0,18.0,24.0,1,86.0,92.6923076923,32.0,0.637920850561,169.0,40.0449451634,53.0
2016-10-14,4,0,19.0,24.0,1,86.0,91.3846153846,32.0,0.627122029159,169.0,41.0300798881,66.0
2016-10-15,5,1,20.0,24.0,1,85.0,85.7692307692,32.0,0.705641025641,169.0,39.0781344452,82.0
2016-10-16,6,1,20.0,26.0,1,85.0,79.0769230769,32.0,0.823601720959,169.0,30.8307078151,89.0
2016-10-17,0,0,20.0,24.0,1,85.0,75.6153846154,32.0,0.956416464891,169.0,26.7223284958,63.0
2016-10-18,1,0,21.0,24.0,0,82.0,70.1538461538,32.0,0.946027895694,169.0,20.8394823273,46.0
2016-10-19,2,0,20.0,23.0,0,80.0,64.0,32.0,0.793746241732,169.0,14.1910047349,57.0
2016-10-20,3,0,21.0,24.0,1,79.0,61.7692307692,32.0,0.666265302027,169.0,12.7650595597,48.0
2016-10-21,4,0,23.0,27.0,0,78.0,59.6153846154,32.0,0.614195647753,169.0,12.5424722231,60.0
2016-10-22,5,1,19.0,23.0,0,77.0,60.5384615385,32.0,0.705128205128,169.0,12.0869629997,85.0
2016-10-23,6,1,18.0,20.0,0,77.0,62.3846153846,32.0,0.871725383921,169.0,13.7367472442,82.0
2016-10-24,0,0,20.0,25.0,1,78.0,64.2307692308,32.0,1.0627340824,169.0,14.608500403,57.0
2016-10-25,1,0,20.0,26.0,1,77.0,64.6923076923,32.0,1.10863647612,169.0,14.2741542408,41.0
2016-10-26,2,0,20.0,28.0,1,76.0,63.7692307692,32.0,0.95087163233,169.0,15.3480334303,54.0
2016-10-27,3,0,21.0,26.0,1,75.0,63.8461538462,32.0,0.823848238482,169.0,15.2962848875,55.0
2016-10-28,4,0,16.0,26.0,0,70.0,63.0,41.0,0.827129859388,169.0,15.4571367634,54.0
2016-10-29,5,1,14.0,17.0,1,66.0,60.8461538462,41.0,0.894375857339,169.0,14.5858000168,80.0
2016-10-30,6,1,14.0,17.0,1,66.0,60.1538461538,41.0,1.02106969206,169.0,13.3983130617,85.0
2016-10-31,0,0,13.0,17.0,0,66.0,61.8461538462,41.0,1.1578112609,169.0,14.9504111281,64.0
