time_stamp,dayofweek,holiday,lt,ht,sunny,m2M,w2A,m1L,d3w3,m1Lar,w2Std,pay_sum
2016-08-01,0,0,27.0,32.0,0,56.0,55.2307692308,34.0,1.39764996908,85.0,15.6261804288,52.0
2016-08-02,1,0,26.0,34.0,0,56.0,55.0,34.0,1.25577100646,85.0,15.650018432,60.0
2016-08-03,2,0,26.0,36.0,1,56.0,56.4615384615,34.0,1.09896782028,85.0,15.1536509164,50.0
2016-08-04,3,0,26.0,37.0,1,56.0,57.0769230769,34.0,0.98450319052,85.0,14.7098163899,67.0
2016-08-05,4,0,26.0,35.0,0,56.0,59.3846153846,34.0,1.05640107431,85.0,13.6974925361,55.0
2016-08-06,5,1,26.0,35.0,0,56.0,58.7692307692,34.0,1.03676913803,85.0,13.7009480085,76.0
2016-08-07,6,1,26.0,34.0,0,57.0,59.1538461538,34.0,1.1743772242,85.0,14.1031701501,78.0
2016-08-08,0,0,26.0,35.0,0,57.0,62.1538461538,34.0,1.20530565167,85.0,13.637313935,59.0
2016-08-09,1,0,26.0,33.0,0,57.0,63.0769230769,34.0,1.22413793103,85.0,12.9701523534,73.0
2016-08-10,2,0,26.0,34.0,1,57.0,63.8461538462,34.0,1.1744966443,83.0,13.2365819074,42.0
2016-08-11,3,0,26.0,30.0,0,57.0,64.4615384615,34.0,0.973154362416,83.0,11.9590029467,67.0
2016-08-12,4,0,26.0,32.0,0,57.0,63.9230769231,34.0,0.992907801418,83.0,11.6715402613,63.0
2016-08-13,5,1,26.0,30.0,0,58.0,62.3846153846,34.0,0.938352427714,83.0,10.2921812111,90.0
2016-08-14,6,1,27.0,33.0,0,59.0,64.0,34.0,1.18184260005,90.0,12.5942599868,88.0
2016-08-15,0,0,27.0,34.0,0,60.0,66.7692307692,34.0,1.24547803618,90.0,13.5712016709,70.0
2016-08-16,1,0,26.0,34.0,1,60.0,67.5384615385,34.0,1.25920284336,90.0,13.4485651772,49.0
2016-08-17,2,0,26.0,34.0,0,59.0,67.4615384615,34.0,1.0623556582,90.0,13.551130436,45.0
2016-08-18,3,0,26.0,33.0,0,58.0,65.7692307692,34.0,0.834605597964,90.0,14.8176290336,49.0
2016-08-19,4,0,27.0,35.0,0,57.0,65.3076923077,34.0,0.741893644617,90.0,15.2334884907,57.0
2016-08-20,5,1,27.0,36.0,0,57.0,63.8461538462,34.0,0.799576383373,90.0,15.0478526648,84.0
2016-08-21,6,1,26.0,35.0,1,57.0,64.3076923077,34.0,0.994243851387,90.0,15.558250917,78.0
2016-08-22,0,0,26.0,35.0,1,57.0,65.7692307692,34.0,1.12307692308,90.0,15.8800980725,70.0
2016-08-23,1,0,26.0,35.0,1,57.0,65.5384615385,34.0,1.18066157761,90.0,15.7949134199,59.0
2016-08-24,2,0,27.0,36.0,1,57.0,66.8461538462,34.0,1.04624715694,90.0,14.4373775258,62.0
2016-08-25,3,0,27.0,36.0,0,57.0,66.4615384615,34.0,0.969051243024,90.0,14.4946429606,52.0
2016-08-26,4,0,26.0,35.0,0,57.0,65.6153846154,34.0,0.879735570811,90.0,14.9848049269,67.0
2016-08-27,5,1,26.0,34.0,0,57.0,63.8461538462,42.0,0.926779313876,90.0,13.2598071331,86.0
2016-08-28,6,1,24.0,29.0,0,58.0,63.6923076923,42.0,1.04325699746,90.0,12.9874768994,91.0
2016-08-29,0,0,22.0,33.0,1,59.0,65.3076923077,42.0,1.21212121212,91.0,14.8447588025,60.0
2016-08-30,1,0,23.0,33.0,1,59.0,66.1538461538,42.0,1.18886380737,91.0,14.1901707793,64.0
2016-08-31,2,0,25.0,34.0,1,59.0,67.6153846154,42.0,1.06094251172,91.0,12.8514498526,60.0
2016-09-01,3,0,25.0,33.0,0,59.0,68.4615384615,42.0,0.912698412698,91.0,11.9267984267,78.0
2016-09-02,4,0,26.0,31.0,0,60.0,70.0769230769,42.0,0.990924699534,91.0,11.6847141334,62.0
2016-09-03,5,1,25.0,32.0,1,60.0,68.3846153846,42.0,1.00175306787,91.0,11.1254279886,92.0
2016-09-04,6,1,24.0,33.0,1,60.0,69.4615384615,42.0,1.15855181024,92.0,12.5858002075,92.0
2016-09-05,0,0,26.0,32.0,1,62.0,71.1538461538,42.0,1.20854826824,92.0,13.9496134705,69.0
2016-09-06,1,0,25.0,32.0,0,62.0,71.9230769231,42.0,1.22488501573,92.0,13.5275305522,71.0
2016-09-07,2,0,26.0,32.0,0,63.0,72.6153846154,42.0,1.10239961986,92.0,13.228980201,63.0
2016-09-08,3,0,25.0,30.0,0,63.0,73.4615384615,42.0,0.955069395436,92.0,12.1946733934,64.0
2016-09-09,4,0,25.0,32.0,1,63.0,73.2307692308,45.0,0.926966292135,92.0,12.3422591509,79.0
2016-09-10,5,1,24.0,30.0,1,63.0,72.6923076923,45.0,0.967817712004,92.0,11.9188578143,99.0
2016-09-11,6,1,24.0,28.0,0,63.0,73.3076923077,45.0,1.12037037037,99.0,13.0052333572,89.0
2016-09-12,0,0,22.0,28.0,1,63.0,75.5384615385,45.0,1.22001370802,99.0,13.018421177,64.0
2016-09-13,1,0,25.0,31.0,1,64.0,75.5384615385,45.0,1.14754098361,99.0,13.018421177,61.0
2016-09-14,2,0,25.0,28.0,0,63.0,75.6153846154,45.0,0.975165185692,99.0,12.9290279338,74.0
2016-09-15,3,1,24.0,27.0,0,64.0,75.3076923077,45.0,0.893378226712,99.0,12.9162069652,95.0
2016-09-16,4,1,25.0,31.0,0,64.0,77.8461538462,49.0,1.0134390835,99.0,13.2887815836,123.0
2016-09-17,5,1,24.0,31.0,0,64.0,80.2307692308,52.0,1.25591397849,123.0,17.6728990533,98.0
2016-09-18,6,0,22.0,33.0,1,67.0,80.6923076923,52.0,1.35302932991,123.0,18.0485866286,86.0
2016-09-19,0,0,21.0,31.0,1,67.0,82.0,52.0,1.29290376921,123.0,17.7677322045,71.0
2016-09-20,1,0,21.0,29.0,1,67.0,82.0,52.0,1.06918238994,123.0,17.7677322045,72.0
2016-09-21,2,0,22.0,28.0,1,69.0,82.6923076923,52.0,0.952975447357,123.0,17.1795254496,78.0
2016-09-22,3,0,22.0,29.0,1,69.0,83.7692307692,52.0,0.919683728672,123.0,16.3949046782,73.0
2016-09-23,4,0,22.0,29.0,1,69.0,83.3076923077,52.0,0.921678032651,123.0,16.6057664469,72.0
2016-09-24,5,1,21.0,30.0,1,70.0,81.2307692308,60.0,0.933249633815,123.0,16.1966465957,134.0
2016-09-25,6,1,22.0,30.0,1,70.0,84.6923076923,60.0,1.1376146789,134.0,21.445403364,119.0
2016-09-26,0,0,25.0,33.0,1,71.0,88.9230769231,60.0,1.28585558853,134.0,22.351945496,71.0
2016-09-27,1,0,25.0,31.0,0,71.0,89.6923076923,60.0,1.28189910979,134.0,21.5348898137,80.0
2016-09-28,2,0,25.0,27.0,0,71.0,90.1538461538,60.0,1.05757931845,134.0,21.2561164187,68.0
2016-09-29,3,0,25.0,30.0,0,71.0,88.0769230769,60.0,0.855803048066,134.0,21.987624276,76.0
2016-09-30,4,0,25.0,32.0,0,71.0,84.4615384615,61.0,0.876883930319,134.0,19.6923076923,106.0
2016-10-01,5,1,25.0,31.0,0,71.0,85.0769230769,61.0,0.974658869396,134.0,20.2236021233,105.0
2016-10-02,6,1,24.0,31.0,1,72.0,86.5384615385,61.0,1.10853611433,134.0,20.9123275555,115.0
2016-10-03,0,1,25.0,32.0,0,72.0,89.9230769231,61.0,1.22303507785,134.0,21.6704745554,108.0
2016-10-04,1,1,25.0,32.0,0,73.0,92.6923076923,61.0,1.19883040936,134.0,21.5027175935,103.0
2016-10-05,2,1,25.0,31.0,1,73.0,94.6153846154,61.0,1.17287281885,134.0,21.218781454,77.0
2016-10-06,3,1,24.0,28.0,0,73.0,94.9230769231,61.0,1.04632152589,134.0,20.9301458647,101.0
2016-10-07,4,1,25.0,29.0,0,73.0,97.1538461538,61.0,1.03327817614,134.0,19.8875537183,106.0
2016-10-08,5,0,22.0,31.0,0,74.0,95.0,61.0,1.0397217646,134.0,17.1015069062,74.0
2016-10-09,6,0,21.0,24.0,0,74.0,91.5384615385,61.0,1.03556292611,134.0,16.4345573277,82.0
2016-10-10,0,0,18.0,21.0,0,76.0,92.3846153846,61.0,0.959706959707,134.0,15.6182263424,64.0
2016-10-11,1,0,19.0,24.0,0,76.0,91.1538461538,61.0,0.809418690213,134.0,17.1053125074,74.0
2016-10-12,2,0,20.0,23.0,1,74.0,91.6153846154,61.0,0.811209439528,134.0,16.5461520581,81.0
2016-10-13,3,0,20.0,27.0,1,74.0,92.0,64.0,0.803964757709,134.0,16.233867732,58.0
2016-10-14,4,0,21.0,28.0,1,74.0,88.3076923077,58.0,0.788013318535,134.0,17.9930953226,95.0
2016-10-15,5,1,23.0,28.0,1,76.0,87.5384615385,58.0,0.884855360182,134.0,17.4691613317,119.0
2016-10-16,6,1,24.0,28.0,1,77.0,87.8461538462,58.0,1.02854982038,134.0,17.9779615249,114.0
2016-10-17,0,0,23.0,27.0,0,78.0,88.3076923077,58.0,1.2107788852,134.0,18.5571243436,76.0
2016-10-18,1,0,23.0,26.0,0,78.0,86.2307692308,58.0,1.14317425083,134.0,18.3057529677,75.0
2016-10-19,2,0,23.0,26.0,0,77.0,86.0769230769,58.0,0.976598489036,134.0,18.3908904643,67.0
2016-10-20,3,0,25.0,28.0,0,76.0,83.4615384615,58.0,0.807407407407,134.0,18.4999600191,78.0
2016-10-21,4,0,25.0,32.0,0,77.0,81.3076923077,58.0,0.827689992476,134.0,17.3444055063,88.0
2016-10-22,5,1,24.0,30.0,0,78.0,82.3846153846,58.0,0.885090218424,134.0,17.291787564,129.0
2016-10-23,6,1,22.0,30.0,0,78.0,86.0,58.0,1.11173921236,134.0,21.2856036578,127.0
2016-10-24,0,0,21.0,26.0,0,78.0,90.8461538462,58.0,1.28262490679,129.0,22.8400665291,74.0
2016-10-25,1,0,23.0,30.0,1,78.0,90.8461538462,58.0,1.25071063104,129.0,22.8400665291,63.0
2016-10-26,2,0,24.0,31.0,1,78.0,89.4615384615,58.0,1.00859598854,129.0,23.9152844098,66.0
2016-10-27,3,0,24.0,31.0,1,78.0,90.0769230769,58.0,0.791423001949,129.0,23.1897243108,62.0
2016-10-28,4,0,22.0,33.0,1,78.0,87.5384615385,58.0,0.764305722289,129.0,24.2918643697,80.0
2016-10-29,5,1,19.0,23.0,1,78.0,84.5384615385,58.0,0.829346092504,129.0,22.568239714,100.0
2016-10-30,6,1,18.0,22.0,1,78.0,83.4615384615,58.0,0.954635108481,129.0,21.4426440125,116.0
2016-10-31,0,0,19.0,27.0,1,79.0,86.5384615385,58.0,1.13279755071,129.0,22.9669172929,97.0
