time_stamp,dayofweek,holiday,lt,ht,sunny,m2M,w2A,m1L,d3w3,m1Lar,w2Std,pay_sum
2016-08-01,0,0,27.0,35.0,1,76.0,94.2307692308,61.0,0.89624267494,117.0,16.2582705398,98.0
2016-08-02,1,0,26.0,36.0,0,77.0,93.2307692308,61.0,0.896503980616,117.0,15.5818130976,90.0
2016-08-03,2,0,25.0,30.0,0,77.0,91.4615384615,61.0,0.952380952381,117.0,14.5052530782,115.0
2016-08-04,3,0,25.0,32.0,0,78.0,92.9230769231,61.0,1.04446742503,117.0,15.7892930541,122.0
2016-08-05,4,0,26.0,32.0,0,79.0,95.6153846154,61.0,1.11680327869,122.0,17.4467914685,121.0
2016-08-06,5,1,26.0,34.0,0,79.0,99.1538461538,61.0,1.20721632103,122.0,17.5711571085,128.0
2016-08-07,6,1,26.0,34.0,0,80.0,104.307692308,61.0,1.22685185185,128.0,15.3040196599,78.0
2016-08-08,0,0,26.0,34.0,1,80.0,101.923076923,61.0,1.10268082954,128.0,16.7353221038,135.0
2016-08-09,1,0,27.0,34.0,1,82.0,105.384615385,61.0,1.13609861736,135.0,18.4746748136,101.0
2016-08-10,2,0,27.0,34.0,1,85.0,104.538461538,61.0,1.0524551701,135.0,18.4040772431,138.0
2016-08-11,3,0,27.0,35.0,1,86.0,106.615384615,61.0,1.22763827343,138.0,20.4282551743,121.0
2016-08-12,4,0,28.0,35.0,1,87.0,108.307692308,61.0,1.16222760291,138.0,20.6374738145,119.0
2016-08-13,5,1,28.0,36.0,1,87.0,111.615384615,61.0,1.19487908962,138.0,18.5328749961,97.0
2016-08-14,6,1,27.0,36.0,1,88.0,112.538461538,61.0,1.0473970474,138.0,17.4515389871,95.0
2016-08-15,0,0,27.0,36.0,1,89.0,112.307692308,61.0,0.972939152198,138.0,17.6608415837,125.0
2016-08-16,1,0,27.0,36.0,1,90.0,115.0,61.0,0.9756848261,138.0,16.6963837632,122.0
2016-08-17,2,0,27.0,35.0,1,90.0,115.538461538,61.0,1.04779411765,138.0,16.8002535906,137.0
2016-08-18,3,0,27.0,36.0,1,92.0,116.692307692,61.0,1.16257947321,138.0,17.6956518579,127.0
2016-08-19,4,0,29.0,37.0,1,95.0,117.153846154,61.0,1.15396113602,138.0,17.8792796011,115.0
2016-08-20,5,1,27.0,36.0,0,96.0,116.153846154,61.0,1.11355957103,138.0,17.6061447046,104.0
2016-08-21,6,1,27.0,33.0,0,96.0,118.153846154,61.0,1.00815850816,138.0,14.3304203269,98.0
2016-08-22,0,0,27.0,34.0,1,97.0,115.307692308,61.0,0.92365967366,138.0,14.3761801677,156.0
2016-08-23,1,0,25.0,34.0,1,98.0,119.538461538,76.0,1.01387708864,156.0,17.3321195145,124.0
2016-08-24,2,0,24.0,34.0,1,98.0,118.461538462,76.0,1.06644096488,156.0,16.5697378681,144.0
2016-08-25,3,0,25.0,34.0,1,99.0,120.230769231,76.0,1.18518518519,156.0,17.9192798883,136.0
2016-08-26,4,0,23.0,29.0,1,100.0,121.538461538,76.0,1.12222222222,156.0,18.3957159922,139.0
2016-08-27,5,1,20.0,29.0,1,101.0,124.769230769,76.0,1.15857873635,156.0,17.4671288916,99.0
2016-08-28,6,1,19.0,30.0,1,101.0,125.076923077,76.0,1.02521929825,156.0,16.9681218691,90.0
2016-08-29,0,0,20.0,31.0,1,101.0,122.384615385,78.0,0.916073174138,156.0,19.3730124004,138.0
2016-08-30,1,0,21.0,31.0,1,103.0,123.615384615,78.0,0.899339933993,156.0,19.8127327418,154.0
2016-08-31,2,0,22.0,32.0,1,104.0,124.923076923,78.0,1.04371584699,156.0,21.1676877792,152.0
2016-09-01,3,0,22.0,33.0,1,104.0,126.846153846,78.0,1.19789558883,156.0,22.3704686992,143.0
2016-09-02,4,0,22.0,34.0,1,105.0,129.0,78.0,1.19973279893,156.0,22.4739165051,126.0
2016-09-03,5,1,23.0,34.0,1,106.0,130.692307692,78.0,1.11199154781,156.0,21.3267063178,98.0
2016-09-04,6,1,22.0,33.0,1,106.0,130.692307692,78.0,0.968209998681,156.0,21.3267063178,106.0
2016-09-05,0,0,24.0,33.0,1,106.0,126.846153846,78.0,0.877192982456,156.0,20.9205315194,157.0
2016-09-06,1,0,22.0,26.0,0,109.0,129.384615385,90.0,0.946388779657,157.0,22.3728491413,149.0
2016-09-07,2,0,20.0,26.0,1,111.0,129.769230769,90.0,1.07501630789,157.0,22.661909235,154.0
2016-09-08,3,0,21.0,30.0,1,111.0,131.153846154,90.0,1.1877097857,157.0,23.5334333493,140.0
2016-09-09,4,0,23.0,32.0,1,112.0,131.230769231,90.0,1.13284746196,157.0,23.5605728223,146.0
2016-09-10,5,1,21.0,30.0,1,113.0,134.846153846,90.0,1.10733610167,157.0,21.8837704312,126.0
2016-09-11,6,1,20.0,28.0,1,115.0,137.615384615,90.0,1.02602415639,157.0,17.9595205587,113.0
2016-09-12,0,0,20.0,30.0,1,115.0,135.692307692,90.0,0.97443685143,157.0,19.1165840825,139.0
2016-09-13,1,0,21.0,30.0,1,115.0,134.538461538,90.0,0.951302378256,157.0,18.416612002,161.0
2016-09-14,2,0,22.0,28.0,1,117.0,135.230769231,90.0,1.03275818955,161.0,19.2119908317,144.0
2016-09-15,3,1,21.0,23.0,0,119.0,135.307692308,90.0,1.10695587135,161.0,19.2449178721,55.0
2016-09-16,4,1,21.0,23.0,0,119.0,129.846153846,55.0,0.926640926641,161.0,28.8093098036,47.0
2016-09-17,5,1,21.0,27.0,1,119.0,125.923076923,47.0,0.646178092987,161.0,35.560266371,75.0
2016-09-18,6,0,20.0,28.0,1,119.0,123.538461538,47.0,0.46769718589,161.0,37.7860686265,160.0
2016-09-19,0,0,17.0,26.0,1,121.0,123.769230769,47.0,0.738703339882,161.0,37.9982870994,171.0
2016-09-20,1,0,18.0,26.0,1,121.0,125.461538462,47.0,1.05646630237,171.0,39.5428013183,161.0
2016-09-21,2,0,17.0,24.0,1,122.0,126.0,47.0,1.27576818359,171.0,39.9730678563,158.0
2016-09-22,3,0,19.0,27.0,1,122.0,127.384615385,47.0,1.26321216808,171.0,40.7384499187,173.0
2016-09-23,4,0,19.0,28.0,1,124.0,129.461538462,47.0,1.24572730725,173.0,42.2931443519,163.0
2016-09-24,5,1,21.0,29.0,1,125.0,132.307692308,47.0,1.220657277,173.0,43.1996877043,116.0
2016-09-25,6,1,21.0,28.0,1,125.0,132.538461538,47.0,1.11275233875,173.0,43.1038377456,118.0
2016-09-26,0,0,23.0,30.0,1,125.0,130.923076923,47.0,0.991632321718,173.0,43.2247463639,174.0
2016-09-27,1,0,23.0,30.0,0,126.0,131.923076923,47.0,1.00965107647,174.0,44.0514760749,166.0
2016-09-28,2,0,19.0,23.0,0,126.0,133.615384615,47.0,1.12835673811,174.0,44.8973846446,169.0
2016-09-29,3,0,17.0,19.0,0,127.0,142.384615385,47.0,1.24070688605,174.0,39.4939887569,144.0
2016-09-30,4,0,18.0,21.0,0,128.0,149.846153846,47.0,1.16843517502,174.0,28.3626139455,144.0
2016-10-01,5,1,20.0,24.0,0,135.0,155.153846154,47.0,1.10747606931,174.0,18.6541237093,83.0
2016-10-02,6,1,20.0,24.0,0,135.0,149.230769231,47.0,0.908979541835,174.0,26.6751219337,93.0
2016-10-03,0,1,18.0,26.0,1,135.0,143.230769231,47.0,0.797507788162,174.0,29.7040630377,71.0
2016-10-04,1,1,20.0,25.0,1,135.0,136.307692308,47.0,0.637008381689,174.0,34.8058010536,93.0
2016-10-05,2,1,20.0,26.0,1,135.0,131.307692308,47.0,0.676137858458,174.0,35.9794484402,72.0
2016-10-06,3,1,19.0,25.0,1,135.0,123.538461538,47.0,0.616751600679,174.0,37.0272568722,95.0
2016-10-07,4,1,17.0,20.0,0,127.0,118.307692308,47.0,0.66692317558,174.0,35.8681015675,109.0
2016-10-08,5,0,14.0,22.0,1,127.0,117.769230769,47.0,0.698822635777,174.0,35.951150289,176.0
2016-10-09,6,0,13.0,21.0,1,127.0,122.230769231,47.0,0.956335724173,176.0,39.1587574372,166.0
2016-10-10,0,0,16.0,21.0,1,136.0,121.615384615,47.0,1.13716591024,176.0,38.3957899566,164.0
2016-10-11,1,0,16.0,20.0,1,137.0,121.461538462,47.0,1.27439869034,176.0,38.2212493951,169.0
2016-10-12,2,0,16.0,19.0,1,138.0,121.461538462,47.0,1.25156759468,176.0,38.2212493951,162.0
2016-10-13,3,0,17.0,20.0,1,139.0,122.846153846,47.0,1.24669437099,176.0,39.3228181044,148.0
2016-10-14,4,0,16.0,18.0,1,139.0,123.153846154,47.0,1.21327254306,176.0,39.5023780274,150.0
2016-10-15,5,1,18.0,21.0,0,140.0,128.307692308,47.0,1.15028757189,176.0,38.2791057997,136.0
2016-10-16,6,1,17.0,23.0,1,140.0,131.615384615,71.0,1.07799304521,176.0,36.9189100213,106.0
2016-10-17,0,0,18.0,22.0,1,140.0,134.307692308,71.0,0.998980632008,176.0,33.5201078927,167.0
2016-10-18,1,0,18.0,23.0,1,143.0,140.0,71.0,1.04190548975,176.0,32.2824076883,168.0
2016-10-19,2,0,19.0,22.0,1,144.0,147.384615385,71.0,1.12385321101,176.0,26.3103912246,165.0
2016-10-20,3,0,19.0,21.0,0,144.0,152.769230769,71.0,1.26406269751,176.0,21.8179666477,161.0
2016-10-21,4,0,19.0,21.0,0,144.0,156.769230769,71.0,1.24089424768,176.0,17.8289041302,165.0
2016-10-22,5,1,18.0,21.0,0,144.0,155.923076923,71.0,1.19639376218,176.0,17.1440123589,111.0
2016-10-23,6,1,15.0,18.0,1,144.0,151.692307692,71.0,1.05785524086,176.0,20.5777498037,130.0
2016-10-24,0,0,16.0,20.0,1,144.0,149.076923077,71.0,0.962199312715,176.0,21.0035218236,178.0
2016-10-25,1,0,14.0,17.0,1,144.0,149.769230769,71.0,0.963883137796,178.0,21.782681357,185.0
2016-10-26,2,0,16.0,18.0,0,146.0,151.538461538,71.0,1.09155319384,185.0,23.5653441262,151.0
2016-10-27,3,0,15.0,17.0,0,148.0,151.769230769,71.0,1.11726986197,185.0,23.5442426284,137.0
2016-10-28,4,0,11.0,15.0,0,148.0,150.769230769,71.0,1.01884760366,185.0,23.8719463489,159.0
2016-10-29,5,1,8.0,12.0,0,148.0,152.538461538,71.0,0.9681611436,185.0,23.5620796542,134.0
2016-10-30,6,1,10.0,17.0,1,146.0,154.692307692,71.0,0.941124972642,185.0,20.2575137642,101.0
2016-10-31,0,0,10.0,15.0,0,146.0,149.615384615,71.0,0.880545312325,185.0,24.3864352633,167.0
