time_stamp,dayofweek,holiday,lt,ht,sunny,m2M,w2A,m1L,d3w3,m1Lar,w2Std,pay_sum
2016-08-01,0,0,25.0,30.0,0,53.0,56.0769230769,26.0,0.946073793756,81.0,14.8710433055,72.0
2016-08-02,1,0,25.0,32.0,1,54.0,58.6923076923,26.0,1.0024600246,81.0,14.445572201,54.0
2016-08-03,2,0,25.0,33.0,1,54.0,59.8461538462,26.0,1.04089219331,81.0,13.3868256354,72.0
2016-08-04,3,0,25.0,32.0,1,56.0,60.9230769231,26.0,1.20437956204,81.0,13.753106158,49.0
2016-08-05,4,0,25.0,32.0,0,56.0,59.2307692308,26.0,1.06447688564,81.0,13.7625682205,65.0
2016-08-06,5,1,24.0,31.0,1,56.0,60.5384615385,26.0,1.11011638317,81.0,13.4371207116,67.0
2016-08-07,6,1,24.0,30.0,0,56.0,63.0,26.0,1.0538573508,81.0,11.2932927678,46.0
2016-08-08,0,0,24.0,31.0,1,56.0,61.3076923077,35.0,1.0283073368,81.0,12.0408574662,58.0
2016-08-09,1,0,24.0,30.0,0,56.0,59.8461538462,35.0,0.971039182283,81.0,11.1689552837,62.0
2016-08-10,2,0,25.0,33.0,1,57.0,58.3846153846,35.0,0.924533556113,81.0,9.40980226669,63.0
2016-08-11,3,0,26.0,33.0,1,57.0,58.3076923077,35.0,1.0149750416,81.0,9.36757595592,58.0
2016-08-12,4,0,25.0,34.0,0,58.0,58.2307692308,35.0,1.02607232969,81.0,9.36568077245,58.0
2016-08-13,5,1,24.0,30.0,0,58.0,58.9230769231,35.0,0.995273839311,81.0,8.98256035507,55.0
2016-08-14,6,1,22.0,26.0,0,58.0,59.9230769231,35.0,0.935192780968,81.0,7.6707389922,43.0
2016-08-15,0,0,20.0,22.0,0,57.0,57.6923076923,35.0,0.871021775544,81.0,8.04204925458,45.0
2016-08-16,1,0,21.0,27.0,0,56.0,57.0,35.0,0.820424555364,81.0,8.69128652953,54.0
2016-08-17,2,0,24.0,28.0,1,56.0,55.6153846154,35.0,0.834067547724,81.0,7.55022629858,57.0
2016-08-18,3,0,23.0,27.0,0,57.0,56.2307692308,35.0,0.921985815603,81.0,7.30809715478,58.0
2016-08-19,4,0,23.0,29.0,1,57.0,55.6923076923,35.0,0.999704229518,81.0,6.88794504785,55.0
2016-08-20,5,1,24.0,31.0,1,56.0,54.7692307692,35.0,1.00029420418,81.0,6.06571507807,50.0
2016-08-21,6,1,23.0,33.0,1,55.0,55.0769230769,35.0,0.952380952381,81.0,5.70373074213,58.0
2016-08-22,0,0,24.0,31.0,1,55.0,55.0769230769,35.0,0.964211771665,81.0,5.70373074213,74.0
2016-08-23,1,0,24.0,31.0,1,55.0,56.0,42.0,1.05783202557,81.0,7.45241313525,70.0
2016-08-24,2,0,23.0,29.0,0,55.0,56.5384615385,42.0,1.17612809316,81.0,8.15819912835,62.0
2016-08-25,3,0,19.0,30.0,0,56.0,56.8461538462,42.0,1.18595279217,81.0,8.28201158997,79.0
2016-08-26,4,0,19.0,28.0,1,56.0,58.4615384615,42.0,1.20022753129,79.0,10.1800361539,83.0
2016-08-27,5,1,19.0,30.0,1,56.0,60.6153846154,42.0,1.25701459035,83.0,12.0162611716,73.0
2016-08-28,6,1,19.0,31.0,1,56.0,62.9230769231,42.0,1.28943758573,83.0,11.269165135,48.0
2016-08-29,0,0,20.0,31.0,1,56.0,63.1538461538,42.0,1.12863070539,83.0,10.9252435554,72.0
2016-08-30,1,0,21.0,31.0,1,57.0,64.5384615385,43.0,1.05898491084,83.0,10.8174743577,67.0
2016-08-31,2,0,22.0,34.0,1,58.0,65.3076923077,43.0,1.02269619907,83.0,10.6075779544,69.0
2016-09-01,3,0,19.0,33.0,1,58.0,66.1538461538,43.0,1.12737127371,83.0,10.4281140256,84.0
2016-09-02,4,0,21.0,31.0,1,58.0,68.3846153846,43.0,1.16772823779,84.0,10.8948714931,82.0
2016-09-03,5,1,21.0,30.0,1,58.0,70.8461538462,43.0,1.22109638867,84.0,10.0448697495,49.0
2016-09-04,6,1,20.0,30.0,0,58.0,70.1538461538,43.0,1.11197310577,84.0,11.155172335,41.0
2016-09-05,0,0,22.0,32.0,1,58.0,67.6153846154,41.0,0.892347600519,84.0,13.4995068943,74.0
2016-09-06,1,0,20.0,30.0,0,58.0,67.9230769231,41.0,0.837803320562,84.0,13.595596224,68.0
2016-09-07,2,0,19.0,32.0,1,58.0,68.3846153846,41.0,0.927051671733,84.0,13.4881056521,67.0
2016-09-08,3,0,19.0,32.0,1,58.0,67.4615384615,41.0,1.05157232704,84.0,13.1360653553,66.0
2016-09-09,4,0,20.0,32.0,1,58.0,66.1538461538,41.0,1.00299401198,84.0,12.3465732016,73.0
2016-09-10,5,1,18.0,30.0,1,58.0,66.1538461538,41.0,1.01054697081,84.0,12.3465732016,52.0
2016-09-11,6,1,18.0,27.0,0,58.0,66.4615384615,41.0,0.941118502094,84.0,11.9332462836,35.0
2016-09-12,0,0,18.0,27.0,1,58.0,63.6153846154,35.0,0.811770674784,84.0,14.4250767844,54.0
2016-09-13,1,0,18.0,28.0,1,58.0,62.6153846154,35.0,0.724191063174,84.0,14.6052596508,69.0
2016-09-14,2,0,19.0,30.0,1,58.0,62.6153846154,35.0,0.807151979566,84.0,14.6052596508,79.0
2016-09-15,3,1,19.0,31.0,1,59.0,62.2307692308,35.0,1.0319284802,84.0,14.093936755,49.0
2016-09-16,4,1,19.0,32.0,1,59.0,59.6923076923,35.0,1.03330710726,84.0,13.2513257124,30.0
2016-09-17,5,1,18.0,28.0,0,59.0,58.2307692308,30.0,0.85776330076,84.0,15.247465596,38.0
2016-09-18,6,0,16.0,21.0,0,59.0,58.0,30.0,0.64039408867,84.0,15.5266520241,50.0
2016-09-19,0,0,15.0,24.0,1,59.0,56.1538461538,30.0,0.657748049052,84.0,14.9298160834,71.0
2016-09-20,1,0,16.0,26.0,1,59.0,56.3846153846,30.0,0.883333333333,84.0,15.1329414576,76.0
2016-09-21,2,0,16.0,26.0,1,62.0,57.0769230769,30.0,1.08809721072,84.0,15.7941641533,56.0
2016-09-22,3,0,18.0,27.0,1,62.0,56.3076923077,30.0,1.14786542267,84.0,15.5829522994,83.0
2016-09-23,4,0,18.0,26.0,1,62.0,57.0769230769,30.0,1.21468926554,84.0,16.6014899167,66.0
2016-09-24,5,1,19.0,28.0,1,62.0,58.1538461538,30.0,1.14174324701,84.0,16.6910669514,53.0
2016-09-25,6,1,19.0,27.0,1,59.0,59.5384615385,30.0,1.11386821064,84.0,15.4103630697,50.0
2016-09-26,0,0,18.0,24.0,0,58.0,59.2307692308,30.0,0.950773558368,84.0,15.5571099064,75.0
2016-09-27,1,0,14.0,24.0,1,58.0,59.6923076923,30.0,0.995525727069,84.0,15.9247490761,64.0
2016-09-28,2,0,12.0,20.0,1,62.0,58.5384615385,30.0,1.05971404542,84.0,15.0005917043,62.0
2016-09-29,3,0,13.0,21.0,1,62.0,59.5384615385,30.0,1.13080168776,84.0,14.7628191211,63.0
2016-09-30,4,0,15.0,24.0,1,62.0,62.0769230769,30.0,1.07234042553,84.0,12.0541185969,63.0
2016-10-01,5,1,16.0,26.0,1,62.0,64.0,30.0,1.05677346824,83.0,9.85276220544,50.0
2016-10-02,6,1,17.0,25.0,1,62.0,64.0,30.0,0.97696364141,83.0,9.85276220544,37.0
2016-10-03,0,1,17.0,27.0,1,62.0,61.3846153846,30.0,0.844594594595,83.0,11.9391950607,46.0
2016-10-04,1,1,16.0,25.0,1,62.0,59.0769230769,30.0,0.76370944588,83.0,11.7895751764,48.0
2016-10-05,2,1,14.0,25.0,1,58.0,58.4615384615,30.0,0.772861356932,83.0,12.1377693085,38.0
2016-10-06,3,1,14.0,22.0,1,58.0,55.0,30.0,0.786416443253,83.0,11.0104845139,66.0
2016-10-07,4,1,12.0,18.0,0,62.0,55.0,30.0,0.877344877345,83.0,11.0104845139,40.0
2016-10-08,5,0,9.0,21.0,1,58.0,54.0,30.0,0.829732065687,83.0,11.7145537359,70.0
2016-10-09,6,0,10.0,18.0,1,58.0,55.5384615385,30.0,0.996884735202,83.0,12.3824651741,50.0
2016-10-10,0,0,11.0,22.0,1,58.0,53.6153846154,30.0,0.922722029988,83.0,11.0838653459,55.0
2016-10-11,1,0,12.0,22.0,1,58.0,52.9230769231,30.0,1.02790014684,83.0,10.687602728,50.0
2016-10-12,2,0,13.0,20.0,1,58.0,52.0,30.0,0.915264245645,83.0,10.3774904333,58.0
2016-10-13,3,0,13.0,24.0,1,58.0,51.6153846154,30.0,0.984299516908,83.0,10.0501700065,61.0
2016-10-14,4,0,14.0,24.0,1,61.0,51.4615384615,30.0,1.02517440097,83.0,9.88873006248,71.0
2016-10-15,5,1,12.0,17.0,0,62.0,53.0769230769,30.0,1.13398985377,83.0,11.152519815,50.0
2016-10-16,6,1,12.0,22.0,1,62.0,54.0769230769,37.0,1.08624291256,83.0,10.2090573547,52.0
2016-10-17,0,0,12.0,22.0,1,62.0,54.5384615385,37.0,1.05423522243,83.0,9.96621511844,42.0
2016-10-18,1,0,14.0,23.0,1,62.0,54.0769230769,37.0,0.89552238806,83.0,10.3883184281,54.0
2016-10-19,2,0,14.0,24.0,1,62.0,55.3076923077,37.0,0.927318295739,83.0,9.30165093191,49.0
2016-10-20,3,0,11.0,17.0,0,62.0,54.0,37.0,0.920634920635,83.0,8.89252062561,45.0
2016-10-21,4,0,11.0,13.0,0,61.0,54.3846153846,37.0,0.956072351421,83.0,8.37154945256,57.0
2016-10-22,5,1,10.0,15.0,0,58.0,53.3846153846,37.0,0.968880333654,75.0,7.13106380605,51.0
2016-10-23,6,1,7.0,13.0,1,57.0,53.4615384615,37.0,0.968660968661,75.0,7.09946243485,37.0
2016-10-24,0,0,7.0,13.0,0,56.0,52.0769230769,37.0,0.925925925926,75.0,8.31552337463,65.0
2016-10-25,1,0,11.0,19.0,1,56.0,53.2307692308,37.0,0.961357210179,75.0,8.96277640839,51.0
2016-10-26,2,0,9.0,15.0,1,55.0,52.6923076923,37.0,0.949720670391,71.0,8.86986788025,52.0
2016-10-27,3,0,6.0,10.0,0,55.0,52.0,37.0,1.05660377358,71.0,8.53950097623,46.0
2016-10-28,4,0,6.0,14.0,1,54.0,50.0769230769,37.0,0.931832395247,71.0,6.65017684509,45.0
2016-10-29,5,1,4.0,13.0,1,54.0,49.6923076923,37.0,0.915786103106,71.0,6.78669076927,49.0
2016-10-30,6,1,5.0,15.0,1,53.0,49.4615384615,37.0,0.897435897436,71.0,6.75523027695,27.0
2016-10-31,0,0,0.0,8.0,1,52.0,48.3076923077,27.0,0.797101449275,71.0,8.87853604863,56.0
