time_stamp,dayofweek,holiday,lt,ht,sunny,m2M,w2A,m1L,d3w3,m1Lar,w2Std,pay_sum
2016-08-01,0,0,27.0,37.0,1,61.0,63.0769230769,41.0,0.944,94.0,6.39063664171,69.0
2016-08-02,1,0,27.0,35.0,0,61.0,63.2307692308,41.0,1.01577118418,94.0,6.50625552424,72.0
2016-08-03,2,0,26.0,32.0,0,62.0,64.6153846154,41.0,1.06772908367,94.0,6.30675415162,74.0
2016-08-04,3,0,27.0,33.0,0,62.0,65.0,41.0,1.12860892388,94.0,6.70246797255,52.0
2016-08-05,4,0,26.0,33.0,0,61.0,64.0769230769,41.0,1.03692065986,94.0,7.54944255162,66.0
2016-08-06,5,1,26.0,34.0,0,61.0,64.5384615385,41.0,1.00313479624,94.0,7.4690683655,55.0
2016-08-07,6,1,27.0,35.0,1,61.0,64.5384615385,41.0,0.91461802802,78.0,7.4690683655,60.0
2016-08-08,0,0,26.0,34.0,0,60.0,64.3076923077,41.0,0.951629863302,78.0,7.55884215172,94.0
2016-08-09,1,0,26.0,30.0,0,61.0,66.2307692308,49.0,1.07593307593,94.0,10.9344469534,71.0
2016-08-10,2,0,27.0,35.0,0,62.0,66.7692307692,49.0,1.14329268293,94.0,10.9835810761,57.0
2016-08-11,3,0,27.0,36.0,1,62.0,65.1538461538,49.0,1.13846153846,94.0,10.7549355671,76.0
2016-08-12,4,0,27.0,36.0,1,62.0,66.6923076923,49.0,1.03658536585,94.0,10.7659335612,56.0
2016-08-13,5,1,27.0,35.0,1,61.0,66.3076923077,49.0,0.963302752294,94.0,11.0480392648,74.0
2016-08-14,6,1,28.0,35.0,1,62.0,67.3846153846,52.0,1.03491585029,94.0,11.0630254698,76.0
2016-08-15,0,0,27.0,36.0,1,62.0,67.9230769231,52.0,1.02487562189,94.0,11.2964360511,78.0
2016-08-16,1,0,26.0,36.0,1,62.0,68.3846153846,52.0,1.12676056338,94.0,11.5727695079,80.0
2016-08-17,2,0,28.0,37.0,1,63.0,68.8461538462,52.0,1.14285714286,94.0,11.9024635708,78.0
2016-08-18,3,0,28.0,37.0,1,63.0,70.8461538462,52.0,1.15262515263,94.0,11.0582106902,75.0
2016-08-19,4,0,28.0,38.0,1,64.0,71.5384615385,52.0,1.12235067437,94.0,11.0147829659,88.0
2016-08-20,5,1,27.0,37.0,0,64.0,74.0769230769,52.0,1.1386723364,94.0,10.7091731956,70.0
2016-08-21,6,1,27.0,35.0,0,64.0,74.8461538462,52.0,1.09312690593,94.0,10.0065067588,91.0
2016-08-22,0,0,27.0,36.0,1,64.0,74.6153846154,52.0,1.15038115038,94.0,9.58796089285,90.0
2016-08-23,1,0,27.0,35.0,0,64.0,76.0769230769,52.0,1.14533424595,94.0,10.3437944121,108.0
2016-08-24,2,0,27.0,35.0,1,65.0,80.0,52.0,1.28874024526,108.0,11.9163752878,90.0
2016-08-25,3,0,26.0,35.0,1,66.0,81.0769230769,52.0,1.25244618395,108.0,12.1367942698,75.0
2016-08-26,4,0,25.0,34.0,0,66.0,82.5384615385,52.0,1.18028534371,108.0,9.98163995016,78.0
2016-08-27,5,1,23.0,31.0,1,66.0,82.8461538462,52.0,1.03514376997,108.0,9.77316698412,107.0
2016-08-28,6,1,21.0,31.0,1,67.0,85.2307692308,52.0,1.0752688172,108.0,11.4499166685,87.0
2016-08-29,0,0,21.0,32.0,1,67.0,85.9230769231,52.0,1.1298026999,108.0,11.2623370881,70.0
2016-08-30,1,0,21.0,32.0,1,69.0,85.1538461538,52.0,1.09725685786,108.0,11.9604872157,88.0
2016-08-31,2,0,21.0,33.0,1,69.0,85.9230769231,52.0,0.998980632008,108.0,11.7960980411,75.0
2016-09-01,3,0,23.0,33.0,0,69.0,85.9230769231,52.0,0.950632394941,108.0,11.7960980411,106.0
2016-09-02,4,0,22.0,34.0,1,70.0,87.3076923077,52.0,1.06492478226,108.0,12.9578287318,78.0
2016-09-03,5,1,23.0,35.0,1,70.0,87.9230769231,55.0,1.02290679305,108.0,12.2942233994,80.0
2016-09-04,6,1,24.0,32.0,1,70.0,87.0769230769,55.0,1.0401891253,108.0,12.4311119526,62.0
2016-09-05,0,0,24.0,30.0,0,70.0,84.9230769231,56.0,0.875099443119,108.0,14.0573634603,95.0
2016-09-06,1,0,23.0,28.0,0,70.0,83.9230769231,56.0,0.93435836783,108.0,12.7849763903,95.0
2016-09-07,2,0,21.0,27.0,0,70.0,84.3076923077,56.0,0.983606557377,108.0,13.0347737013,91.0
2016-09-08,3,0,22.0,30.0,1,71.0,85.5384615385,56.0,1.08662026295,108.0,12.8519102718,131.0
2016-09-09,4,0,22.0,29.0,1,72.0,89.6153846154,56.0,1.19600075457,131.0,17.411483662,66.0
2016-09-10,5,1,22.0,28.0,0,71.0,86.4615384615,56.0,1.08905275099,131.0,17.6879593319,87.0
2016-09-11,6,1,21.0,25.0,0,72.0,86.4615384615,62.0,1.07636914914,131.0,17.6879593319,63.0
2016-09-12,0,0,21.0,27.0,1,72.0,85.9230769231,62.0,0.831408775982,131.0,18.2776094147,61.0
2016-09-13,1,0,21.0,28.0,0,72.0,83.8461538462,61.0,0.834817012859,131.0,19.4218202183,73.0
2016-09-14,2,0,21.0,25.0,0,73.0,83.6923076923,61.0,0.787370103917,131.0,19.4990517142,44.0
2016-09-15,3,1,22.0,25.0,0,73.0,78.9230769231,44.0,0.724903278355,131.0,20.9852018867,38.0
2016-09-16,4,1,23.0,27.0,0,73.0,75.8461538462,38.0,0.647046545606,131.0,23.6573168186,60.0
2016-09-17,5,1,22.0,27.0,1,73.0,74.3076923077,38.0,0.610752688172,131.0,23.9852025388,61.0
2016-09-18,6,0,22.0,26.0,0,73.0,74.2307692308,38.0,0.695538057743,131.0,24.0261199088,50.0
2016-09-19,0,0,20.0,27.0,1,73.0,70.7692307692,38.0,0.757978723404,131.0,24.0261199088,49.0
2016-09-20,1,0,19.0,26.0,1,73.0,67.2307692308,38.0,0.728100113766,131.0,23.5801541267,59.0
2016-09-21,2,0,19.0,26.0,1,73.0,64.7692307692,38.0,0.726938118242,131.0,22.6211400316,53.0
2016-09-22,3,0,20.0,27.0,1,73.0,58.7692307692,38.0,0.768863419293,131.0,12.204374034,66.0
2016-09-23,4,0,20.0,29.0,1,73.0,58.7692307692,38.0,0.857418111753,131.0,12.204374034,53.0
2016-09-24,5,1,21.0,30.0,1,73.0,56.1538461538,38.0,0.845001228199,131.0,9.13022161536,63.0
2016-09-25,6,1,21.0,30.0,1,73.0,56.1538461538,38.0,0.893470790378,131.0,9.13022161536,60.0
2016-09-26,0,0,24.0,31.0,1,72.0,56.0769230769,38.0,0.886873267826,131.0,9.09320573464,82.0
2016-09-27,1,0,23.0,28.0,0,73.0,56.7692307692,38.0,1.04325699746,131.0,10.5768531466,54.0
2016-09-28,2,0,22.0,28.0,0,73.0,57.5384615385,38.0,1.0264467138,131.0,9.96621511844,54.0
2016-09-29,3,0,22.0,25.0,0,73.0,58.7692307692,38.0,1.05908584169,131.0,8.33116342558,46.0
2016-09-30,4,0,22.0,29.0,0,73.0,57.6923076923,38.0,0.873015873016,131.0,8.98190159226,57.0
2016-10-01,5,1,23.0,30.0,0,73.0,57.3846153846,38.0,0.913321698662,131.0,8.93169345248,75.0
2016-10-02,6,1,22.0,30.0,1,73.0,59.3076923077,38.0,1.02475532527,131.0,9.78526848328,50.0
2016-10-03,0,1,21.0,27.0,0,73.0,59.3846153846,38.0,1.05783202557,131.0,9.70755820948,46.0
2016-10-04,1,1,20.0,27.0,1,73.0,58.3846153846,38.0,1.01785714286,131.0,10.3443664455,58.0
2016-10-05,2,1,21.0,27.0,1,73.0,58.7692307692,38.0,0.905349794239,131.0,10.2293232061,60.0
2016-10-06,3,1,22.0,27.0,0,73.0,58.3076923077,38.0,0.945790080738,131.0,10.0260016985,56.0
2016-10-07,4,1,20.0,23.0,0,71.0,58.5384615385,38.0,1.00694444444,131.0,9.93529361275,50.0
2016-10-08,5,0,17.0,22.0,0,70.0,57.5384615385,38.0,0.969909436167,87.0,10.0889534764,80.0
2016-10-09,6,0,16.0,22.0,1,73.0,59.0769230769,38.0,1.05892399658,87.0,11.7372617594,68.0
2016-10-10,0,0,15.0,21.0,1,70.0,58.0,38.0,1.10924369748,82.0,10.1147265068,77.0
2016-10-11,1,0,17.0,23.0,1,73.0,59.7692307692,38.0,1.2417218543,82.0,11.212313603,79.0
2016-10-12,2,0,18.0,25.0,1,73.0,61.6923076923,38.0,1.21015667207,82.0,12.1616333378,81.0
2016-10-13,3,0,18.0,23.0,1,73.0,64.3846153846,38.0,1.26501200961,82.0,12.2633817744,68.0
2016-10-14,4,0,19.0,22.0,0,70.0,65.2307692308,38.0,1.20253164557,82.0,12.1031073324,51.0
2016-10-15,5,1,20.0,23.0,0,70.0,63.3846153846,46.0,1.0649627263,82.0,12.300959697,70.0
2016-10-16,6,1,20.0,26.0,0,70.0,64.9230769231,46.0,0.998415213946,82.0,11.7699848929,60.0
2016-10-17,0,0,20.0,24.0,0,68.0,66.0,46.0,0.97311827957,82.0,10.5684581511,70.0
2016-10-18,1,0,20.0,24.0,0,68.0,66.9230769231,46.0,1.06157112527,82.0,10.3512283809,74.0
2016-10-19,2,0,20.0,24.0,0,68.0,68.0,46.0,1.065830721,82.0,10.3030988617,51.0
2016-10-20,3,0,21.0,25.0,0,68.0,67.6153846154,46.0,1.01483216237,82.0,10.8240363688,58.0
2016-10-21,4,0,21.0,25.0,0,66.0,68.2307692308,46.0,0.951638065523,82.0,10.0011833619,63.0
2016-10-22,5,1,20.0,23.0,0,66.0,66.9230769231,46.0,0.902887139108,82.0,9.47435030012,53.0
2016-10-23,6,1,17.0,23.0,0,63.0,65.7692307692,46.0,0.911233307148,82.0,10.1614190874,73.0
2016-10-24,0,0,19.0,24.0,1,63.0,65.4615384615,46.0,0.969230769231,82.0,9.87316007876,72.0
2016-10-25,1,0,19.0,23.0,1,63.0,64.9230769231,46.0,1.00456621005,82.0,9.2940141072,68.0
2016-10-26,2,0,19.0,24.0,0,63.0,63.9230769231,46.0,1.0741301059,81.0,8.13786532642,72.0
2016-10-27,3,0,18.0,24.0,0,63.0,64.2307692308,46.0,1.05630293971,81.0,8.35881705059,54.0
2016-10-28,4,0,15.0,19.0,0,63.0,64.4615384615,46.0,0.963735717834,81.0,8.02510852661,50.0
2016-10-29,5,1,12.0,15.0,0,63.0,62.9230769231,46.0,0.894308943089,81.0,8.70421240604,43.0
2016-10-30,6,1,14.0,18.0,1,62.0,61.6153846154,43.0,0.761460761461,81.0,10.1945570812,58.0
2016-10-31,0,0,12.0,17.0,0,61.0,60.6923076923,43.0,0.793901156677,81.0,9.93350674299,57.0
