time_stamp,dayofweek,holiday,lt,ht,sunny,m2M,w2A,m1L,d3w3,m1Lar,w2Std,pay_sum
2016-08-01,0,0,27.0,37.0,1,57.0,59.0769230769,40.0,1.05802047782,106.0,7.44685311402,38.0
2016-08-02,1,0,26.0,36.0,0,56.0,57.9230769231,38.0,0.938483547926,80.0,9.24422096781,40.0
2016-08-03,2,0,25.0,31.0,0,56.0,57.1538461538,38.0,0.797227036395,77.0,10.2345279388,42.0
2016-08-04,3,0,25.0,29.0,0,56.0,55.9230769231,38.0,0.695652173913,77.0,10.9927356325,47.0
2016-08-05,4,0,25.0,31.0,0,56.0,54.7692307692,38.0,0.761736049601,77.0,11.0811957572,51.0
2016-08-06,5,1,24.0,32.0,0,56.0,53.4615384615,38.0,0.837070254111,77.0,10.4264116153,51.0
2016-08-07,6,1,25.0,32.0,0,54.0,51.7692307692,38.0,0.912151821243,77.0,8.77192940932,57.0
2016-08-08,0,0,26.0,32.0,0,54.0,51.5384615385,38.0,0.968921389397,77.0,8.58993493855,37.0
2016-08-09,1,0,26.0,32.0,0,53.0,51.0769230769,37.0,0.896722325294,77.0,9.17740987812,57.0
2016-08-10,2,0,26.0,34.0,0,53.0,50.9230769231,37.0,0.927803379416,77.0,9.05930493565,30.0
2016-08-11,3,0,27.0,35.0,0,53.0,48.9230769231,30.0,0.782087669505,77.0,10.4767988245,29.0
2016-08-12,4,0,28.0,38.0,1,53.0,46.5384615385,29.0,0.755208333333,77.0,11.188011335,54.0
2016-08-13,5,1,28.0,37.0,1,54.0,45.6153846154,29.0,0.745874587459,77.0,9.97333723592,60.0
2016-08-14,6,1,28.0,37.0,1,54.0,45.6153846154,29.0,0.956201939151,77.0,9.97333723592,34.0
2016-08-15,0,0,28.0,37.0,1,54.0,45.3076923077,29.0,1.01613456917,77.0,10.2610886766,37.0
2016-08-16,1,0,27.0,37.0,1,54.0,45.0769230769,29.0,0.905008635579,73.0,10.4105090281,34.0
2016-08-17,2,0,27.0,36.0,1,54.0,44.4615384615,29.0,0.744680851064,73.0,10.8032429933,62.0
2016-08-18,3,0,28.0,37.0,1,54.0,45.6153846154,29.0,0.937279774489,73.0,11.7704876151,76.0
2016-08-19,4,0,27.0,37.0,1,54.0,47.5384615385,29.0,1.19196119196,76.0,14.2700082724,63.0
2016-08-20,5,1,26.0,36.0,1,56.0,48.4615384615,29.0,1.39728884254,76.0,14.840772241,81.0
2016-08-21,6,1,26.0,34.0,1,57.0,50.3076923077,29.0,1.49659863946,81.0,17.1077338129,103.0
2016-08-22,0,0,27.0,33.0,1,57.0,55.3846153846,29.0,1.57575757576,103.0,21.6067598451,57.0
2016-08-23,1,0,27.0,34.0,1,57.0,55.3846153846,29.0,1.512868801,103.0,21.6067598451,52.0
2016-08-24,2,0,27.0,34.0,1,57.0,57.0769230769,29.0,1.3184079602,103.0,20.3789542212,45.0
2016-08-25,3,0,24.0,35.0,0,56.0,58.3076923077,29.0,0.959501557632,103.0,19.0883960538,53.0
2016-08-26,4,0,21.0,27.0,0,56.0,58.2307692308,29.0,0.932835820896,103.0,19.1076055987,87.0
2016-08-27,5,1,18.0,27.0,1,57.0,60.3076923077,29.0,1.11311672684,103.0,20.5964321607,88.0
2016-08-28,6,1,18.0,30.0,1,57.0,64.4615384615,29.0,1.33450395083,103.0,20.3152666527,152.0
2016-08-29,0,0,19.0,31.0,1,57.0,73.3076923077,29.0,1.73843700159,152.0,29.426269309,39.0
2016-08-30,1,0,20.0,31.0,1,57.0,73.6923076923,29.0,1.50485436893,152.0,28.9386210277,51.0
2016-08-31,2,0,21.0,32.0,1,56.0,72.8461538462,29.0,1.28347918324,152.0,29.4248616854,41.0
2016-09-01,3,0,21.0,31.0,1,54.0,70.1538461538,29.0,0.688205936433,152.0,30.5912158177,35.0
2016-09-02,4,0,22.0,33.0,1,53.0,68.0,29.0,0.677333333333,152.0,31.9735467583,54.0
2016-09-03,5,1,22.0,33.0,1,54.0,65.9230769231,29.0,0.69667738478,152.0,31.9385504668,72.0
2016-09-04,6,1,22.0,31.0,1,54.0,63.5384615385,29.0,0.83723348934,152.0,30.1907152936,66.0
2016-09-05,0,0,23.0,32.0,1,54.0,64.2307692308,29.0,0.976353928299,152.0,30.1359837203,50.0
2016-09-06,1,0,21.0,31.0,1,54.0,64.0769230769,29.0,0.944486309972,152.0,30.2030603097,43.0
2016-09-07,2,0,23.0,32.0,1,54.0,63.9230769231,29.0,0.810397553517,152.0,30.3047636227,48.0
2016-09-08,3,0,22.0,32.0,1,53.0,63.5384615385,29.0,0.734375,152.0,30.4722203493,48.0
2016-09-09,4,0,21.0,31.0,0,53.0,60.5384615385,29.0,0.732542819499,152.0,29.9297006709,51.0
2016-09-10,5,1,22.0,32.0,1,53.0,57.6923076923,34.0,0.793522267206,152.0,28.9253272447,74.0
2016-09-11,6,1,20.0,31.0,1,54.0,51.6923076923,34.0,0.956329463792,152.0,11.7039415805,72.0
2016-09-12,0,0,22.0,33.0,1,54.0,54.2307692308,34.0,1.07562107562,152.0,12.2421330856,46.0
2016-09-13,1,0,21.0,32.0,1,54.0,53.8461538462,34.0,1.05349794239,152.0,12.4149175396,58.0
2016-09-14,2,0,21.0,31.0,1,54.0,55.1538461538,34.0,0.955483170467,152.0,11.8765842917,100.0
2016-09-15,3,1,23.0,31.0,0,54.0,60.1538461538,35.0,1.06666666667,152.0,15.47626547,107.0
2016-09-16,4,1,22.0,30.0,0,54.0,64.2307692308,35.0,1.36422136422,152.0,19.7178320159,79.0
2016-09-17,5,1,21.0,32.0,1,56.0,64.7692307692,35.0,1.48263348885,152.0,20.0159699554,64.0
2016-09-18,6,0,20.0,31.0,1,57.0,64.6153846154,35.0,1.39120756817,152.0,20.0136048402,47.0
2016-09-19,0,0,18.0,29.0,1,56.0,64.3846153846,35.0,1.05030403538,152.0,20.1972521419,38.0
2016-09-20,1,0,18.0,27.0,1,54.0,64.0,35.0,0.832634814194,152.0,20.6434940394,41.0
2016-09-21,2,0,17.0,28.0,1,54.0,63.4615384615,35.0,0.70410729254,152.0,21.1391557382,30.0
2016-09-22,3,0,17.0,30.0,1,53.0,62.0769230769,30.0,0.611672278339,152.0,22.6425791493,44.0
2016-09-23,4,0,18.0,31.0,1,52.0,61.5384615385,30.0,0.650820599887,152.0,22.9803105844,41.0
2016-09-24,5,1,22.0,32.0,1,52.0,59.0,30.0,0.66841034583,152.0,23.2841973483,73.0
2016-09-25,6,1,23.0,30.0,1,52.0,59.0769230769,30.0,0.912767186597,152.0,23.3286273079,72.0
2016-09-26,0,0,23.0,33.0,1,52.0,61.0769230769,30.0,1.05442176871,152.0,23.2361175708,39.0
2016-09-27,1,0,22.0,32.0,1,51.0,59.6153846154,30.0,1.04664391354,107.0,23.969655373,40.0
2016-09-28,2,0,16.0,25.0,0,51.0,55.0,30.0,0.864833906071,107.0,21.3865522089,49.0
2016-09-29,3,0,15.0,18.0,0,51.0,50.5384615385,30.0,0.732474964235,107.0,15.2397021201,66.0
2016-09-30,4,0,17.0,20.0,0,51.0,49.5384615385,30.0,0.875706214689,107.0,13.6866885618,106.0
2016-10-01,5,1,17.0,20.0,0,51.0,52.7692307692,30.0,1.21562156216,107.0,20.1500289985,112.0
2016-10-02,6,1,16.0,23.0,0,52.0,57.7692307692,30.0,1.51224707135,112.0,25.4623518346,100.0
2016-10-03,0,1,18.0,29.0,1,53.0,62.5384615385,30.0,1.62327718224,112.0,27.0686176073,59.0
2016-10-04,1,1,17.0,30.0,1,54.0,63.9230769231,30.0,1.38230043356,112.0,26.3831576184,72.0
2016-10-05,2,1,18.0,30.0,1,54.0,67.1538461538,30.0,1.20406567631,112.0,24.5383409691,59.0
2016-10-06,3,1,19.0,29.0,1,54.0,68.3076923077,30.0,1.02897373409,112.0,23.7628819004,43.0
2016-10-07,4,1,19.0,27.0,1,54.0,68.4615384615,30.0,0.970711297071,112.0,23.59144364,68.0
2016-10-08,5,0,16.0,26.0,1,54.0,68.0769230769,30.0,0.945232137893,112.0,23.5550469472,46.0
2016-10-09,6,0,16.0,24.0,1,54.0,66.0769230769,30.0,0.87367835281,112.0,24.2311355284,42.0
2016-10-10,0,0,16.0,23.0,1,54.0,66.3076923077,30.0,0.865224625624,112.0,23.9852025388,47.0
2016-10-11,1,0,16.0,21.0,1,54.0,66.8461538462,30.0,0.745033112583,112.0,23.4614123578,39.0
2016-10-12,2,0,16.0,19.0,1,53.0,66.0769230769,30.0,0.701177759518,112.0,24.1866509224,36.0
2016-10-13,3,0,15.0,18.0,0,53.0,63.7692307692,30.0,0.672732285636,112.0,25.4804716964,40.0
2016-10-14,4,0,15.0,19.0,1,53.0,58.6923076923,30.0,0.634657836645,112.0,23.0163307086,62.0
2016-10-15,5,1,16.0,23.0,1,54.0,54.8461538462,30.0,0.768588137009,112.0,17.2396954901,85.0
2016-10-16,6,1,16.0,24.0,1,54.0,53.6923076923,30.0,1.0303030303,112.0,14.456218334,70.0
2016-10-17,0,0,16.0,23.0,1,54.0,54.5384615385,30.0,1.1657265646,112.0,15.0517843799,48.0
2016-10-18,1,0,18.0,25.0,1,53.0,52.6923076923,30.0,1.08353349346,112.0,14.2471838804,52.0
2016-10-19,2,0,18.0,24.0,0,52.0,52.1538461538,30.0,0.905218317359,112.0,14.1304153886,54.0
2016-10-20,3,0,19.0,23.0,0,52.0,53.0,30.0,0.827956989247,112.0,13.8841359389,43.0
2016-10-21,4,0,18.0,24.0,0,52.0,51.0769230769,36.0,0.843953554234,112.0,13.3961047063,78.0
2016-10-22,5,1,16.0,21.0,0,52.0,53.5384615385,36.0,1.02070574512,112.0,15.072212765,99.0
2016-10-23,6,1,15.0,18.0,1,53.0,57.9230769231,36.0,1.28429655575,112.0,18.8861428178,96.0
2016-10-24,0,0,12.0,16.0,0,54.0,61.6923076923,36.0,1.54368108567,112.0,21.0909554636,63.0
2016-10-25,1,0,12.0,16.0,0,54.0,63.5384615385,36.0,1.47008547009,112.0,20.0484619959,41.0
2016-10-26,2,0,13.0,16.0,0,52.0,63.9230769231,36.0,1.15740740741,112.0,19.5584392112,56.0
2016-10-27,3,0,12.0,16.0,0,52.0,65.1538461538,36.0,0.915593705293,112.0,18.4884419356,62.0
2016-10-28,4,0,9.0,14.0,0,54.0,65.1538461538,36.0,0.914581535807,112.0,18.4884419356,58.0
2016-10-29,5,1,7.0,11.0,0,54.0,63.0769230769,36.0,1.00199259892,112.0,17.6393857318,88.0
2016-10-30,6,1,9.0,15.0,0,56.0,64.4615384615,36.0,1.13941385922,112.0,18.7969530453,91.0
2016-10-31,0,0,9.0,14.0,0,58.0,67.7692307692,36.0,1.25297383029,100.0,19.3833943449,42.0
