time_stamp,dayofweek,holiday,lt,ht,sunny,m2M,w2A,m1L,d3w3,m1Lar,w2Std,pay_sum
2016-08-01,0,0,27.0,34.0,0,209.0,234.846153846,175.0,1.12874012896,303.0,25.0717314116,211.0
2016-08-02,1,0,27.0,34.0,0,210.0,236.692307692,175.0,1.08403421753,277.0,22.1997387905,221.0
2016-08-03,2,0,25.0,32.0,0,210.0,235.538461538,175.0,1.01144492132,277.0,22.592086377,180.0
2016-08-04,3,0,25.0,32.0,0,209.0,231.692307692,175.0,0.879879232262,277.0,27.0281466264,219.0
2016-08-05,4,0,26.0,34.0,1,210.0,232.230769231,175.0,0.89485458613,277.0,26.6981815749,233.0
2016-08-06,5,1,27.0,33.0,0,211.0,230.153846154,175.0,0.920947176685,277.0,25.4795427862,280.0
2016-08-07,6,1,26.0,32.0,0,212.0,231.769230769,175.0,1.06434023991,280.0,27.8157505081,334.0
2016-08-08,0,0,26.0,33.0,0,212.0,239.461538462,175.0,1.19354611428,334.0,38.9627344338,230.0
2016-08-09,1,0,26.0,31.0,0,213.0,241.076923077,175.0,1.1786063399,334.0,38.0919162401,255.0
2016-08-10,2,0,26.0,33.0,1,219.0,244.692307692,175.0,1.13916127686,334.0,36.9956018496,253.0
2016-08-11,3,0,27.0,34.0,1,219.0,245.769230769,180.0,1.02159468439,334.0,37.0179869921,252.0
2016-08-12,4,0,27.0,34.0,1,220.0,247.0,180.0,1.04338275673,334.0,36.938618524,216.0
2016-08-13,5,1,26.0,33.0,1,220.0,243.0,180.0,0.99889165974,334.0,37.2620656763,284.0
2016-08-14,6,1,26.0,33.0,1,221.0,243.692307692,180.0,1.03645510303,334.0,37.9278355573,314.0
2016-08-15,0,0,26.0,34.0,1,221.0,251.615384615,180.0,1.10365398956,334.0,40.9117971731,226.0
2016-08-16,1,0,27.0,35.0,1,221.0,252.0,180.0,1.11336305905,334.0,40.6448028658,231.0
2016-08-17,2,0,27.0,35.0,1,221.0,255.923076923,180.0,1.03691749042,334.0,35.6617906675,235.0
2016-08-18,3,0,27.0,35.0,1,226.0,257.153846154,180.0,0.931422033784,334.0,34.6273483599,207.0
2016-08-19,4,0,27.0,35.0,1,226.0,255.153846154,180.0,0.911183319794,334.0,36.6560859756,253.0
2016-08-20,5,1,27.0,37.0,1,230.0,253.076923077,180.0,0.943844639098,334.0,35.9475291511,296.0
2016-08-21,6,1,26.0,34.0,1,230.0,250.153846154,180.0,1.02231237323,334.0,30.3589960152,361.0
2016-08-22,0,0,26.0,35.0,1,231.0,260.230769231,180.0,1.19422572178,361.0,41.6416098229,222.0
2016-08-23,1,0,25.0,34.0,1,231.0,257.692307692,180.0,1.15331627632,361.0,42.87079805,237.0
2016-08-24,2,0,25.0,34.0,1,231.0,256.461538462,180.0,1.06396782146,361.0,43.2161212523,239.0
2016-08-25,3,0,25.0,34.0,1,233.0,255.461538462,180.0,0.902158459351,361.0,43.4575219383,214.0
2016-08-26,4,0,26.0,34.0,1,233.0,255.307692308,180.0,0.89511578128,361.0,43.6002551428,252.0
2016-08-27,5,1,23.0,31.0,1,234.0,252.846153846,180.0,0.919585208374,361.0,42.8069838907,342.0
2016-08-28,6,1,22.0,30.0,1,234.0,255.0,180.0,1.0522888585,361.0,46.3846791682,435.0
2016-08-29,0,0,22.0,30.0,1,235.0,271.076923077,180.0,1.28850488355,435.0,65.7319282429,239.0
2016-08-30,1,0,19.0,32.0,1,236.0,271.692307692,180.0,1.27606129113,435.0,65.3904069833,312.0
2016-08-31,2,0,23.0,33.0,1,236.0,277.615384615,180.0,1.22476864791,435.0,65.285807695,265.0
2016-09-01,3,0,23.0,32.0,1,236.0,282.076923077,180.0,1.01115241636,435.0,62.2173133689,239.0
2016-09-02,4,0,23.0,33.0,1,237.0,281.0,207.0,1.00684804738,435.0,62.8294394495,263.0
2016-09-03,5,1,22.0,32.0,1,237.0,278.461538462,207.0,0.950080515298,435.0,62.8387623937,368.0
2016-09-04,6,1,24.0,31.0,0,239.0,279.0,207.0,1.06696100074,435.0,63.5694653358,303.0
2016-09-05,0,0,23.0,30.0,0,239.0,285.230769231,207.0,1.12945159925,435.0,61.6168731214,248.0
2016-09-06,1,0,23.0,29.0,0,239.0,286.076923077,207.0,1.10789632309,435.0,61.0213853289,270.0
2016-09-07,2,0,21.0,26.0,0,239.0,288.461538462,207.0,0.983528002396,435.0,59.7270913722,230.0
2016-09-08,3,0,20.0,29.0,1,239.0,289.692307692,207.0,0.892388451444,435.0,58.3284923322,277.0
2016-09-09,4,0,22.0,31.0,1,239.0,291.615384615,207.0,0.92302209551,435.0,57.4597363532,243.0
2016-09-10,5,1,23.0,28.0,1,239.0,284.0,207.0,0.899442345746,435.0,56.8344424285,393.0
2016-09-11,6,1,21.0,26.0,0,239.0,280.769230769,207.0,1.08865438502,435.0,48.782332625,301.0
2016-09-12,0,0,21.0,26.0,0,243.0,285.538461538,207.0,1.10170487948,435.0,47.4789271226,225.0
2016-09-13,1,0,22.0,26.0,0,243.0,278.846153846,207.0,1.08283256746,435.0,49.3711939586,173.0
2016-09-14,2,0,22.0,26.0,0,239.0,271.769230769,173.0,0.833333333333,435.0,56.8725347343,212.0
2016-09-15,3,1,24.0,26.0,0,239.0,269.692307692,173.0,0.727489564699,435.0,58.5009988283,289.0
2016-09-16,4,1,24.0,29.0,0,239.0,271.692307692,173.0,0.79853089272,435.0,58.6821747478,302.0
2016-09-17,5,1,23.0,28.0,0,243.0,266.615384615,173.0,0.958176719766,435.0,52.6783249274,281.0
2016-09-18,6,0,22.0,26.0,0,248.0,264.923076923,173.0,1.07000429474,435.0,51.8288033054,218.0
2016-09-19,0,0,20.0,26.0,1,248.0,262.615384615,173.0,0.986696230599,435.0,53.1811685316,198.0
2016-09-20,1,0,19.0,26.0,1,248.0,257.076923077,173.0,0.877060525985,435.0,55.8079971364,209.0
2016-09-21,2,0,19.0,26.0,1,243.0,255.461538462,173.0,0.794862011955,435.0,56.8623376567,197.0
2016-09-22,3,0,18.0,27.0,1,239.0,249.307692308,173.0,0.774358974359,435.0,58.503628573,174.0
2016-09-23,4,0,21.0,28.0,1,239.0,244.0,173.0,0.756538185613,435.0,61.8683465731,212.0
2016-09-24,5,1,20.0,29.0,1,239.0,230.076923077,173.0,0.784392869156,435.0,44.7754423394,263.0
2016-09-25,6,1,21.0,30.0,1,243.0,227.153846154,173.0,0.880298406239,435.0,41.1429892221,296.0
2016-09-26,0,0,24.0,30.0,1,248.0,232.615384615,173.0,1.03566391296,435.0,45.023990975,231.0
2016-09-27,1,0,24.0,31.0,0,248.0,237.076923077,173.0,1.06959111833,393.0,41.6421782081,186.0
2016-09-28,2,0,23.0,29.0,0,243.0,235.076923077,173.0,0.974043715847,393.0,43.386388398,183.0
2016-09-29,3,0,23.0,27.0,0,239.0,226.923076923,173.0,0.835770998746,393.0,42.4363080002,221.0
2016-09-30,4,0,25.0,31.0,0,239.0,220.692307692,173.0,0.825636719843,393.0,36.4847378321,253.0
2016-10-01,5,1,24.0,32.0,1,243.0,218.538461538,173.0,0.94723183391,393.0,33.5710850507,260.0
2016-10-02,6,1,23.0,32.0,1,248.0,221.769230769,173.0,1.06771401556,393.0,35.3382639558,248.0
2016-10-03,0,1,22.0,27.0,0,248.0,225.615384615,173.0,1.10146186134,393.0,35.2628339136,226.0
2016-10-04,1,1,22.0,26.0,0,248.0,226.923076923,173.0,1.05029691636,393.0,34.936120912,213.0
2016-10-05,2,1,22.0,26.0,1,248.0,228.153846154,173.0,0.982832618026,393.0,34.1328764454,238.0
2016-10-06,3,1,23.0,27.0,0,243.0,233.076923077,173.0,0.979243509076,393.0,30.3757533328,254.0
2016-10-07,4,1,21.0,26.0,0,248.0,236.307692308,173.0,1.03047577286,393.0,30.1952227892,309.0
2016-10-08,5,0,19.0,22.0,0,248.0,239.846153846,173.0,1.16365221181,393.0,35.3680563261,275.0
2016-10-09,6,0,18.0,20.0,1,248.0,238.230769231,173.0,1.20246807289,393.0,33.1781991586,279.0
2016-10-10,0,0,18.0,21.0,1,248.0,241.923076923,173.0,1.2171215006,309.0,34.7993402644,238.0
2016-10-11,1,0,19.0,23.0,1,248.0,245.923076923,173.0,1.11017661901,309.0,30.9129336598,207.0
2016-10-12,2,0,19.0,24.0,1,243.0,247.769230769,173.0,1.01272905301,309.0,27.6437608656,262.0
2016-10-13,3,0,19.0,24.0,1,243.0,250.923076923,174.0,0.971020464222,309.0,26.7336191065,196.0
2016-10-14,4,0,20.0,24.0,0,243.0,246.538461538,174.0,0.916356621193,309.0,30.4494925677,234.0
2016-10-15,5,1,20.0,24.0,1,243.0,244.538461538,174.0,0.95931240036,309.0,30.3533432061,335.0
2016-10-16,6,1,21.0,26.0,0,248.0,251.230769231,174.0,1.05198019802,335.0,38.7956259354,295.0
2016-10-17,0,0,20.0,24.0,1,248.0,256.538461538,174.0,1.17263843648,335.0,39.6903696605,240.0
2016-10-18,1,0,20.0,25.0,1,248.0,258.615384615,174.0,1.16794200564,335.0,38.0294186965,227.0
2016-10-19,2,0,20.0,24.0,0,243.0,257.769230769,174.0,1.01397205589,335.0,38.5968389422,218.0
2016-10-20,3,0,23.0,26.0,0,240.0,255.0,174.0,0.912056454297,335.0,40.0326789588,222.0
2016-10-21,4,0,23.0,27.0,0,240.0,248.307692308,174.0,0.893622722401,335.0,37.6469114381,187.0
2016-10-22,5,1,21.0,25.0,0,240.0,241.538461538,183.0,0.852539261677,335.0,40.0722719876,287.0
2016-10-23,6,1,19.0,22.0,0,243.0,242.153846154,183.0,0.938891137191,335.0,40.6993595751,371.0
2016-10-24,0,0,20.0,24.0,1,248.0,252.384615385,183.0,1.10739794247,371.0,53.1739358673,221.0
2016-10-25,1,0,20.0,26.0,1,243.0,253.461538462,183.0,1.15014720314,371.0,52.3797015655,226.0
2016-10-26,2,0,22.0,28.0,0,240.0,250.692307692,183.0,1.07285723654,371.0,52.8049890058,203.0
2016-10-27,3,0,21.0,26.0,1,239.0,251.230769231,183.0,0.86115527292,371.0,52.27759315,193.0
2016-10-28,4,0,17.0,22.0,0,239.0,248.076923077,187.0,0.84350420396,371.0,54.415017071,229.0
2016-10-29,5,1,13.0,16.0,0,238.0,239.923076923,187.0,0.855578370979,371.0,48.3870000635,290.0
2016-10-30,6,1,14.0,19.0,1,238.0,239.538461538,187.0,0.972478317285,371.0,47.9657175405,339.0
2016-10-31,0,0,14.0,20.0,0,238.0,247.153846154,187.0,1.14813327981,371.0,54.8057354576,209.0
