time_stamp,dayofweek,holiday,lt,ht,sunny,m2M,w2A,m1L,d3w3,m1Lar,w2Std,pay_sum
2016-08-01,0,0,27.0,37.0,1,58.0,75.6153846154,49.0,1.16268166901,103.0,15.7164218943,75.0
2016-08-02,1,0,27.0,35.0,0,59.0,74.2307692308,49.0,1.12970711297,103.0,14.8952953138,57.0
2016-08-03,2,0,26.0,32.0,0,58.0,72.0,49.0,0.915853091585,103.0,15.135287347,73.0
2016-08-04,3,0,27.0,33.0,0,58.0,72.7692307692,49.0,0.943179204049,103.0,14.9107800248,53.0
2016-08-05,4,0,26.0,33.0,0,58.0,72.3076923077,49.0,0.851360781577,103.0,15.4142023192,81.0
2016-08-06,5,1,26.0,34.0,0,59.0,70.9230769231,50.0,0.952380952381,103.0,13.6633228218,91.0
2016-08-07,6,1,27.0,35.0,1,59.0,73.6153846154,50.0,1.02179836512,103.0,13.9037264597,100.0
2016-08-08,0,0,26.0,34.0,0,59.0,74.6153846154,50.0,1.19850187266,103.0,15.234265333,121.0
2016-08-09,1,0,26.0,30.0,0,60.0,78.7692307692,50.0,1.34977287476,121.0,19.3873624427,76.0
2016-08-10,2,0,27.0,35.0,0,61.0,79.9230769231,53.0,1.293272371,121.0,18.7307297425,64.0
2016-08-11,3,0,27.0,36.0,1,62.0,79.9230769231,53.0,1.13577023499,121.0,18.7307297425,91.0
2016-08-12,4,0,27.0,36.0,1,62.0,80.7692307692,53.0,0.984654731458,121.0,18.9621235672,104.0
2016-08-13,5,1,27.0,35.0,1,62.0,80.8461538462,53.0,1.10048863395,121.0,19.0539563986,90.0
2016-08-14,6,1,28.0,35.0,1,63.0,82.7692307692,53.0,1.18527760449,121.0,18.6141131161,93.0
2016-08-15,0,0,27.0,36.0,1,63.0,84.1538461538,53.0,1.18914439611,121.0,18.6541237093,95.0
2016-08-16,1,0,26.0,36.0,1,64.0,87.0769230769,53.0,1.13215231114,121.0,17.081080575,68.0
2016-08-17,2,0,28.0,37.0,1,64.0,86.6923076923,53.0,1.03811841038,121.0,17.4461131461,129.0
2016-08-18,3,0,28.0,37.0,1,64.0,92.5384615385,53.0,1.13906768091,129.0,17.9040836967,89.0
2016-08-19,4,0,28.0,38.0,1,65.0,93.1538461538,53.0,1.10981761738,129.0,17.6323398414,130.0
2016-08-20,5,1,27.0,37.0,0,65.0,96.1538461538,53.0,1.32951289398,130.0,20.1488543436,117.0
2016-08-21,6,1,27.0,35.0,0,65.0,97.4615384615,53.0,1.24652198108,130.0,20.893927659,114.0
2016-08-22,0,0,27.0,36.0,1,67.0,96.9230769231,53.0,1.31082062455,130.0,20.3638500911,106.0
2016-08-23,1,0,27.0,35.0,0,68.0,99.2307692308,53.0,1.19186560566,130.0,19.5454257728,113.0
2016-08-24,2,0,27.0,35.0,1,69.0,103.0,53.0,1.15324675325,130.0,16.9388038811,151.0
2016-08-25,3,0,26.0,35.0,1,69.0,107.615384615,53.0,1.21931125391,151.0,20.7791998866,124.0
2016-08-26,4,0,25.0,34.0,0,72.0,109.153846154,53.0,1.25201677961,151.0,21.1908766793,120.0
2016-08-27,5,1,23.0,31.0,1,73.0,111.461538462,53.0,1.2569610183,151.0,20.6047619015,159.0
2016-08-28,6,1,21.0,31.0,1,75.0,116.538461538,53.0,1.24729186011,159.0,23.3752511615,150.0
2016-08-29,0,0,21.0,32.0,1,76.0,120.769230769,53.0,1.31012368301,159.0,24.0613122161,59.0
2016-08-30,1,0,21.0,32.0,1,76.0,120.076923077,53.0,1.13265620191,159.0,25.6468967637,137.0
2016-08-31,2,0,21.0,33.0,1,77.0,120.692307692,53.0,1.03022182522,159.0,25.9478311392,76.0
2016-09-01,3,0,23.0,33.0,0,77.0,119.692307692,53.0,0.815347721823,159.0,27.3619179922,108.0
2016-09-02,4,0,22.0,34.0,1,80.0,118.0,53.0,0.960502692998,159.0,27.352401104,83.0
2016-09-03,5,1,23.0,35.0,1,81.0,115.384615385,59.0,0.801440792436,159.0,28.9044539063,112.0
2016-09-04,6,1,24.0,32.0,1,83.0,115.230769231,59.0,0.901785714286,159.0,28.9167341654,102.0
2016-09-05,0,0,24.0,30.0,0,86.0,114.923076923,59.0,0.881174899866,159.0,29.0343603828,119.0
2016-09-06,1,0,23.0,28.0,0,86.0,115.384615385,59.0,0.966057441253,159.0,29.0478079712,77.0
2016-09-07,2,0,21.0,27.0,0,86.0,109.692307692,59.0,0.884535470466,159.0,28.7599738295,101.0
2016-09-08,3,0,22.0,30.0,1,87.0,107.923076923,59.0,0.876882196634,159.0,28.5319295863,142.0
2016-09-09,4,0,22.0,29.0,1,89.0,109.615384615,59.0,0.939794419971,159.0,29.82136163,99.0
2016-09-10,5,1,22.0,28.0,0,90.0,105.0,59.0,1.01243339254,159.0,26.2502747238,80.0
2016-09-11,6,1,21.0,25.0,0,90.0,99.6153846154,59.0,0.964833183048,159.0,23.5029898639,63.0
2016-09-12,0,0,21.0,27.0,1,90.0,99.9230769231,59.0,0.741762452107,159.0,22.9898356753,79.0
2016-09-13,1,0,21.0,28.0,0,90.0,95.4615384615,59.0,0.691265763662,159.0,20.893927659,32.0
2016-09-14,2,0,21.0,25.0,0,90.0,92.0769230769,32.0,0.573689416419,159.0,26.5662062329,57.0
2016-09-15,3,1,22.0,25.0,0,90.0,88.1538461538,32.0,0.572890025575,159.0,27.6679379951,46.0
2016-09-16,4,1,23.0,27.0,0,90.0,85.3076923077,32.0,0.478468899522,159.0,29.8673596355,61.0
2016-09-17,5,1,22.0,27.0,1,89.0,81.3846153846,32.0,0.613198728734,159.0,29.4501886151,71.0
2016-09-18,6,0,22.0,26.0,0,89.0,79.0,32.0,0.696400625978,159.0,28.9349402839,78.0
2016-09-19,0,0,20.0,27.0,1,89.0,75.8461538462,32.0,0.812536273941,159.0,26.5383500555,92.0
2016-09-20,1,0,19.0,26.0,1,90.0,77.0,32.0,0.957489074295,159.0,26.8872288814,92.0
2016-09-21,2,0,19.0,26.0,1,90.0,76.3076923077,32.0,1.031090122,159.0,26.3712682096,92.0
2016-09-22,3,0,20.0,27.0,1,91.0,72.4615384615,32.0,1.09654350417,159.0,19.1737616574,92.0
2016-09-23,4,0,20.0,29.0,1,91.0,71.9230769231,32.0,1.09069353883,159.0,18.5076347592,92.0
2016-09-24,5,1,21.0,30.0,1,92.0,72.8461538462,32.0,1.10377924415,159.0,19.1746874565,92.0
2016-09-25,6,1,21.0,30.0,1,92.0,75.0769230769,32.0,1.11044055522,159.0,19.5820229114,92.0
2016-09-26,0,0,24.0,31.0,1,92.0,76.0769230769,32.0,1.12883435583,150.0,20.0823747388,92.0
2016-09-27,1,0,23.0,28.0,0,92.0,80.6923076923,32.0,1.11854103343,142.0,15.8763714871,92.0
2016-09-28,2,0,22.0,28.0,0,92.0,83.3846153846,32.0,1.12469437653,142.0,14.5419206304,92.0
2016-09-29,3,0,22.0,25.0,0,92.0,86.9230769231,32.0,1.16015132409,142.0,9.85636489757,92.0
2016-09-30,4,0,22.0,29.0,0,92.0,89.3076923077,32.0,1.16529449018,142.0,6.46153846154,92.0
2016-10-01,5,1,23.0,30.0,0,92.0,90.9230769231,32.0,1.15650534255,142.0,3.73057097015,92.0
2016-10-02,6,1,22.0,30.0,1,92.0,92.0,32.0,1.13580246914,142.0,0.0,92.0
2016-10-03,0,1,21.0,27.0,0,92.0,92.0,32.0,1.12676056338,142.0,0.0,92.0
2016-10-04,1,1,20.0,27.0,1,92.0,92.0,32.0,1.08682811577,142.0,0.0,92.0
2016-10-05,2,1,21.0,27.0,1,92.0,92.0,32.0,1.06481481481,142.0,0.0,92.0
2016-10-06,3,1,22.0,27.0,0,92.0,92.0,32.0,1.03720405862,142.0,0.0,92.0
2016-10-07,4,1,20.0,23.0,0,92.0,92.0,32.0,1.01939058172,142.0,0.0,92.0
2016-10-08,5,0,17.0,22.0,0,92.0,92.0,32.0,1.00766703176,99.0,0.0,92.0
2016-10-09,6,0,16.0,22.0,1,92.0,92.0,32.0,1.0,92.0,0.0,119.0
2016-10-10,0,0,15.0,21.0,1,92.0,94.0769230769,32.0,1.08194965185,119.0,7.19467258529,154.0
2016-10-11,1,0,17.0,23.0,1,92.0,98.8461538462,32.0,1.26144807327,154.0,17.4613690266,127.0
2016-10-12,2,0,18.0,25.0,1,92.0,101.538461538,32.0,1.35777325187,154.0,18.8419147509,122.0
2016-10-13,3,0,18.0,23.0,1,92.0,103.846153846,46.0,1.34737545971,154.0,19.3623192899,82.0
2016-10-14,4,0,19.0,22.0,0,92.0,103.076923077,46.0,1.1122311828,154.0,20.005620512,66.0
2016-10-15,5,1,20.0,23.0,0,92.0,101.076923077,61.0,0.919305413687,154.0,22.1930742435,86.0
2016-10-16,6,1,20.0,26.0,0,92.0,100.615384615,66.0,0.799180327869,154.0,22.4380804799,121.0
2016-10-17,0,0,20.0,24.0,0,92.0,102.846153846,66.0,0.918727915194,154.0,22.9073255124,92.0
2016-10-18,1,0,20.0,24.0,0,92.0,102.846153846,66.0,1.00622581188,154.0,22.9073255124,57.0
2016-10-19,2,0,20.0,24.0,0,92.0,100.153846154,57.0,0.924974306269,154.0,25.886872687,60.0
2016-10-20,3,0,21.0,25.0,0,92.0,97.6923076923,57.0,0.727969348659,154.0,27.9818199644,85.0
2016-10-21,4,0,21.0,25.0,0,92.0,97.1538461538,57.0,0.706170249956,154.0,28.1530054519,55.0
2016-10-22,5,1,20.0,23.0,0,92.0,94.3076923077,55.0,0.713012477718,154.0,30.3172573739,64.0
2016-10-23,6,1,17.0,23.0,0,92.0,90.0769230769,55.0,0.738327904452,154.0,30.4137153738,116.0
2016-10-24,0,0,19.0,24.0,1,92.0,87.1538461538,55.0,0.839585566274,154.0,25.5699527807,83.0
2016-10-25,1,0,19.0,23.0,1,92.0,83.7692307692,55.0,0.944175192964,154.0,22.8377347865,67.0
2016-10-26,2,0,19.0,24.0,0,92.0,79.5384615385,55.0,0.967976710335,154.0,20.3190527664,39.0
2016-10-27,3,0,18.0,24.0,0,92.0,76.2307692308,39.0,0.70826306914,154.0,22.975417787,64.0
2016-10-28,4,0,15.0,19.0,0,92.0,76.0769230769,39.0,0.647249190939,154.0,23.0499842765,55.0
2016-10-29,5,1,12.0,15.0,0,92.0,73.6923076923,39.0,0.614546868923,154.0,23.4992131305,61.0
2016-10-30,6,1,14.0,18.0,1,92.0,69.0769230769,39.0,0.724637681159,154.0,19.2651999469,64.0
2016-10-31,0,0,12.0,17.0,0,92.0,66.9230769231,39.0,0.766283524904,154.0,18.1127304931,61.0
