time_stamp,dayofweek,holiday,lt,ht,sunny,m2M,w2A,m1L,d3w3,m1Lar,w2Std,pay_sum
2016-08-01,0,0,27.0,37.0,1,3.0,3.0,3.0,1.0,3.0,0.0,3.0
2016-08-02,1,0,26.0,36.0,0,3.0,3.0,3.0,1.0,3.0,0.0,3.0
2016-08-03,2,0,25.0,31.0,0,3.0,3.0,3.0,1.0,3.0,0.0,125.0
2016-08-04,3,0,25.0,29.0,0,3.0,12.3846153846,3.0,4.79853479853,125.0,32.5092613113,70.0
2016-08-05,4,0,25.0,31.0,0,3.0,17.5384615385,3.0,5.30120481928,125.0,35.7612067096,64.0
2016-08-06,5,1,24.0,32.0,0,3.0,22.2307692308,3.0,5.56989247312,125.0,37.505187018,76.0
2016-08-07,6,1,25.0,32.0,0,3.0,27.8461538462,3.0,3.65535248042,125.0,39.6112768595,105.0
2016-08-08,0,0,26.0,32.0,0,3.0,35.6923076923,3.0,3.3676975945,125.0,43.7938959838,98.0
2016-08-09,1,0,26.0,32.0,0,3.0,43.0,3.0,3.20689655172,125.0,45.6171357817,123.0
2016-08-10,2,0,26.0,34.0,0,3.0,52.2307692308,3.0,3.10476190476,125.0,48.6307181271,155.0
2016-08-11,3,0,27.0,35.0,0,3.0,63.9230769231,3.0,2.9420970266,155.0,53.4249459716,103.0
2016-08-12,4,0,28.0,38.0,1,3.0,71.6153846154,3.0,2.66806722689,155.0,51.2543258385,105.0
2016-08-13,5,1,28.0,37.0,1,3.0,79.4615384615,3.0,2.29601518027,155.0,47.8436803714,70.0
2016-08-14,6,1,28.0,37.0,1,3.0,84.6153846154,3.0,1.65328575676,155.0,42.6570193728,83.0
2016-08-15,0,0,28.0,37.0,1,3.0,90.7692307692,3.0,1.43213988343,155.0,35.630915371,101.0
2016-08-16,1,0,27.0,37.0,1,3.0,98.3076923077,3.0,1.30356684629,155.0,25.0641779788,86.0
2016-08-17,2,0,27.0,36.0,1,3.0,95.3076923077,3.0,1.3024602026,155.0,24.00123271,133.0
2016-08-18,3,0,28.0,37.0,1,3.0,100.153846154,3.0,1.41093474427,155.0,24.7505902147,106.0
2016-08-19,4,0,27.0,37.0,1,3.0,103.384615385,3.0,1.34158926729,155.0,22.4552151268,95.0
2016-08-20,5,1,26.0,36.0,1,3.0,104.846153846,3.0,1.30443272798,155.0,21.2090189591,60.0
2016-08-21,6,1,26.0,34.0,1,3.0,101.384615385,3.0,0.986394557823,155.0,24.342234464,87.0
2016-08-22,0,0,27.0,33.0,1,3.0,100.538461538,3.0,0.873015873016,155.0,24.6346078785,48.0
2016-08-23,1,0,27.0,34.0,1,3.0,94.7692307692,3.0,0.686740623349,155.0,27.3331409047,72.0
2016-08-24,2,0,27.0,34.0,1,3.0,88.3846153846,3.0,0.75,155.0,21.6138789511,49.0
2016-08-25,3,0,24.0,35.0,0,3.0,84.2307692308,3.0,0.619387942093,155.0,23.5115482138,74.0
2016-08-26,4,0,21.0,27.0,0,3.0,81.8461538462,3.0,0.710770913067,155.0,22.8468013376,78.0
2016-08-27,5,1,18.0,27.0,1,3.0,82.4615384615,3.0,0.731840524304,155.0,22.6261094403,77.0
2016-08-28,6,1,18.0,30.0,1,3.0,82.0,3.0,0.846736919948,155.0,22.6715680975,88.0
2016-08-29,0,0,19.0,31.0,1,3.0,81.0,3.0,0.90351366425,155.0,22.0907220344,132.0
2016-08-30,1,0,20.0,31.0,1,3.0,84.5384615385,3.0,1.0987791343,155.0,25.954443475,136.0
2016-08-31,2,0,21.0,32.0,1,3.0,84.7692307692,3.0,1.33108992335,155.0,26.3939207632,161.0
2016-09-01,3,0,21.0,31.0,1,3.0,89.0,48.0,1.55350353069,161.0,33.0314535417,104.0
2016-09-02,4,0,22.0,33.0,1,48.0,89.6923076923,48.0,1.45289855072,161.0,33.2435872715,119.0
2016-09-03,5,1,22.0,33.0,1,49.0,94.2307692308,48.0,1.35521439915,161.0,32.9058186254,99.0
2016-09-04,6,1,22.0,31.0,1,60.0,95.1538461538,48.0,1.12685914261,161.0,32.8583115673,111.0
2016-09-05,0,0,23.0,32.0,1,64.0,100.0,48.0,1.1453437772,161.0,30.0742670478,104.0
2016-09-06,1,0,21.0,31.0,1,70.0,102.461538462,48.0,1.0829453354,161.0,28.9711139549,140.0
2016-09-07,2,0,23.0,32.0,1,70.0,109.461538462,48.0,1.21993127148,161.0,26.0550168936,173.0
2016-09-08,3,0,22.0,32.0,1,72.0,117.076923077,48.0,1.38515196811,173.0,28.8909395924,146.0
2016-09-09,4,0,21.0,31.0,0,74.0,122.307692308,48.0,1.48688046647,173.0,27.462938986,139.0
2016-09-10,5,1,22.0,32.0,1,76.0,127.076923077,48.0,1.42879425987,173.0,24.392500545,123.0
2016-09-11,6,1,20.0,31.0,1,77.0,129.769230769,48.0,1.2517257248,173.0,21.7154813481,149.0
2016-09-12,0,0,22.0,33.0,1,78.0,131.076923077,48.0,1.20492524186,173.0,22.3140574473,163.0
2016-09-13,1,0,21.0,32.0,1,83.0,133.153846154,48.0,1.22621564482,173.0,23.877398885,216.0
2016-09-14,2,0,21.0,31.0,1,86.0,137.384615385,48.0,1.39020537125,216.0,31.9459602876,199.0
2016-09-15,3,1,23.0,31.0,0,87.0,144.692307692,48.0,1.45025718229,216.0,34.2555657811,111.0
2016-09-16,4,1,22.0,30.0,0,88.0,144.076923077,48.0,1.30359355638,216.0,34.7794402982,121.0
2016-09-17,5,1,21.0,32.0,1,95.0,145.769230769,48.0,1.05096317971,216.0,33.0364690005,125.0
2016-09-18,6,0,20.0,31.0,1,98.0,146.846153846,48.0,0.858895705521,216.0,32.1004341064,173.0
2016-09-19,0,0,18.0,29.0,1,99.0,152.153846154,48.0,0.993361782835,216.0,30.2269521959,194.0
2016-09-20,1,0,18.0,27.0,1,101.0,156.307692308,48.0,1.14285714286,216.0,31.9335478657,163.0
2016-09-21,2,0,17.0,28.0,1,103.0,155.538461538,49.0,1.23026926648,216.0,31.6412957641,218.0
2016-09-22,3,0,17.0,30.0,1,104.0,161.076923077,49.0,1.28376869837,218.0,35.547284952,210.0
2016-09-23,4,0,18.0,31.0,1,104.0,166.538461538,74.0,1.2804679883,218.0,37.1537665232,193.0
2016-09-24,5,1,22.0,32.0,1,105.0,171.923076923,77.0,1.30558183538,218.0,35.488809804,154.0
2016-09-25,6,1,23.0,30.0,1,105.0,172.307692308,77.0,1.1553619581,218.0,35.2646796829,168.0
2016-09-26,0,0,23.0,33.0,1,106.0,172.692307692,88.0,1.04738661786,218.0,35.1882511323,190.0
2016-09-27,1,0,22.0,32.0,1,111.0,170.692307692,99.0,1.02564102564,218.0,33.361388588,196.0
2016-09-28,2,0,16.0,25.0,0,111.0,170.461538462,99.0,1.10215855963,218.0,33.1746320706,212.0
2016-09-29,3,0,15.0,18.0,0,119.0,178.230769231,99.0,1.1667154424,218.0,30.0157749452,184.0
2016-09-30,4,0,17.0,20.0,0,121.0,183.076923077,99.0,1.13999614866,218.0,25.0613448545,161.0
2016-10-01,5,1,17.0,20.0,0,123.0,185.846153846,99.0,1.06095238095,218.0,19.960908542,110.0
2016-10-02,6,1,16.0,23.0,0,121.0,181.0,99.0,0.876432630261,218.0,28.3684548534,148.0
2016-10-03,0,1,18.0,29.0,1,123.0,177.461538462,104.0,0.810601663765,218.0,29.3771637753,135.0
2016-10-04,1,1,17.0,30.0,1,123.0,175.307692308,104.0,0.778603268945,218.0,31.3206361449,132.0
2016-10-05,2,1,18.0,30.0,1,125.0,168.692307692,110.0,0.838892257934,218.0,30.6804488368,159.0
2016-10-06,3,1,19.0,29.0,1,132.0,164.769230769,110.0,0.848774656306,218.0,28.3173060598,95.0
2016-10-07,4,1,19.0,27.0,1,132.0,157.230769231,95.0,0.775100401606,218.0,32.5296405574,101.0
2016-10-08,5,0,16.0,26.0,1,132.0,153.153846154,95.0,0.718042071197,218.0,35.8326154692,112.0
2016-10-09,6,0,16.0,24.0,1,125.0,148.846153846,95.0,0.634724368882,218.0,37.1314632371,179.0
2016-10-10,0,0,16.0,23.0,1,132.0,148.0,95.0,0.811594202899,218.0,36.3000317864,172.0
2016-10-11,1,0,16.0,21.0,1,132.0,146.153846154,95.0,0.955920305564,218.0,34.3709317119,151.0
2016-10-12,2,0,16.0,19.0,1,133.0,141.461538462,95.0,1.05840185537,218.0,28.7686137326,195.0
2016-10-13,3,0,15.0,18.0,0,135.0,142.307692308,95.0,1.09734138333,218.0,30.1365727605,179.0
2016-10-14,4,0,15.0,19.0,1,136.0,143.692307692,95.0,1.11714012129,218.0,31.3525477198,187.0
2016-10-15,5,1,16.0,23.0,1,139.0,149.615384615,95.0,1.1813013266,218.0,31.6994017452,175.0
2016-10-16,6,1,16.0,24.0,1,140.0,151.692307692,95.0,1.13667402038,218.0,32.402242599,147.0
2016-10-17,0,0,16.0,23.0,1,146.0,152.615384615,95.0,1.08413205538,218.0,32.0829177206,206.0
2016-10-18,1,0,18.0,25.0,1,147.0,158.307692308,95.0,1.12101910828,218.0,34.4012178125,215.0
2016-10-19,2,0,18.0,24.0,0,148.0,162.615384615,95.0,1.2047937215,218.0,37.5776907252,200.0
2016-10-20,3,0,19.0,23.0,0,149.0,170.692307692,95.0,1.31054131054,218.0,33.2065438764,182.0
2016-10-21,4,0,18.0,24.0,0,151.0,176.923076923,95.0,1.25157232704,215.0,26.4588549623,182.0
2016-10-22,5,1,16.0,21.0,0,154.0,182.307692308,95.0,1.15621156212,215.0,18.6769484222,151.0
2016-10-23,6,1,15.0,18.0,1,154.0,180.153846154,95.0,1.0547875064,215.0,20.463273495,130.0
2016-10-24,0,0,12.0,16.0,0,154.0,176.923076923,95.0,0.949743589744,215.0,24.4271650122,190.0
2016-10-25,1,0,12.0,16.0,0,159.0,179.923076923,95.0,0.949214026602,215.0,23.4339055429,164.0
2016-10-26,2,0,13.0,16.0,0,161.0,177.538461538,95.0,0.973941040346,215.0,23.3554980666,188.0
2016-10-27,3,0,12.0,16.0,0,161.0,178.230769231,95.0,1.06087296927,215.0,23.5213613099,204.0
2016-10-28,4,0,9.0,14.0,0,163.0,179.538461538,95.0,1.05633133846,215.0,24.4276494811,175.0
2016-10-29,5,1,7.0,11.0,0,163.0,179.538461538,95.0,1.05823068309,215.0,24.4276494811,144.0
2016-10-30,6,1,9.0,15.0,0,163.0,179.307692308,95.0,0.985769484497,215.0,24.7460474401,145.0
2016-10-31,0,0,9.0,14.0,0,163.0,174.615384615,95.0,0.881291547958,215.0,25.0216474325,174.0
