time_stamp,dayofweek,holiday,lt,ht,sunny,m2M,w2A,m1L,d3w3,m1Lar,w2Std,pay_sum
2016-08-01,0,0,25.0,35.0,0,59.0,78.4615384615,35.0,1.17016317016,112.0,15.3753818445,73.0
2016-08-02,1,0,25.0,29.0,0,59.0,77.6153846154,35.0,0.970029741478,112.0,15.3499609698,47.0
2016-08-03,2,0,25.0,31.0,0,59.0,74.0,35.0,0.898052691867,112.0,16.5529453572,70.0
2016-08-04,3,0,26.0,32.0,1,62.0,72.6153846154,35.0,0.86109222751,112.0,16.0697444407,86.0
2016-08-05,4,0,26.0,34.0,1,63.0,72.6153846154,35.0,0.898627711377,112.0,16.0697444407,78.0
2016-08-06,5,1,27.0,35.0,1,63.0,74.2307692308,35.0,1.02766798419,112.0,15.4628778601,73.0
2016-08-07,6,1,27.0,36.0,1,63.0,75.8461538462,35.0,1.04290429043,112.0,14.0922573059,58.0
2016-08-08,0,0,27.0,35.0,0,63.0,74.5384615385,35.0,0.925802879291,112.0,14.8770105796,59.0
2016-08-09,1,0,25.0,34.0,0,63.0,73.5384615385,46.0,0.855855855856,112.0,15.4402838984,86.0
2016-08-10,2,0,26.0,31.0,0,64.0,74.3846153846,46.0,0.919384057971,112.0,15.794538791,85.0
2016-08-11,3,0,26.0,32.0,0,65.0,74.3076923077,47.0,1.04379396415,112.0,15.7401232298,96.0
2016-08-12,4,0,26.0,30.0,0,66.0,73.0769230769,47.0,1.20351588911,112.0,13.1585686529,67.0
2016-08-13,5,1,25.0,32.0,0,67.0,73.3846153846,47.0,1.11036489814,112.0,12.9646766345,74.0
2016-08-14,6,1,26.0,32.0,0,68.0,73.2307692308,47.0,1.04566512244,112.0,12.9445791812,50.0
2016-08-15,0,0,25.0,31.0,0,67.0,71.4615384615,47.0,0.856886496187,112.0,14.3506386061,93.0
2016-08-16,1,0,25.0,31.0,0,68.0,75.0,47.0,0.9599646096,112.0,13.5305921185,101.0
2016-08-17,2,0,25.0,31.0,0,69.0,77.3846153846,47.0,1.06110023918,112.0,15.0820242548,96.0
2016-08-18,3,0,25.0,30.0,0,70.0,78.1538461538,47.0,1.25297040397,112.0,15.7423786388,91.0
2016-08-19,4,0,26.0,32.0,0,71.0,79.1538461538,47.0,1.26149802891,112.0,16.1094628371,95.0
2016-08-20,5,1,26.0,34.0,1,72.0,80.8461538462,47.0,1.20978120978,112.0,16.5243231159,84.0
2016-08-21,6,1,27.0,35.0,0,72.0,82.8461538462,47.0,1.152368758,112.0,15.1548223036,57.0
2016-08-22,0,0,27.0,35.0,1,71.0,82.6923076923,47.0,1.0176800345,112.0,15.4042182803,106.0
2016-08-23,1,0,27.0,35.0,1,71.0,84.2307692308,47.0,1.02596053998,112.0,16.609329381,62.0
2016-08-24,2,0,28.0,36.0,1,70.0,82.4615384615,47.0,0.93926111459,112.0,17.6269696537,83.0
2016-08-25,3,0,27.0,36.0,1,71.0,81.4615384615,47.0,1.04976997072,112.0,17.1939854628,91.0
2016-08-26,4,0,25.0,35.0,0,72.0,83.3076923077,47.0,0.979049989629,112.0,16.8266483494,86.0
2016-08-27,5,1,24.0,32.0,0,73.0,84.2307692308,47.0,1.06995884774,112.0,16.6185894345,62.0
2016-08-28,6,1,26.0,33.0,1,73.0,85.1538461538,47.0,0.981116584565,106.0,14.9401171546,53.0
2016-08-29,0,0,26.0,33.0,1,72.0,82.0769230769,47.0,0.828182941904,106.0,16.9862457411,98.0
2016-08-30,1,0,25.0,32.0,1,73.0,81.8461538462,47.0,0.871165644172,106.0,16.7462792829,97.0
2016-08-31,2,0,25.0,33.0,0,73.0,81.9230769231,47.0,1.00690215185,106.0,16.8132801836,84.0
2016-09-01,3,0,25.0,32.0,0,74.0,81.3846153846,50.0,1.14110429448,106.0,16.6249972194,72.0
2016-09-02,4,0,25.0,31.0,0,74.0,79.6153846154,50.0,1.03160040775,106.0,16.3026116904,78.0
2016-09-03,5,1,25.0,31.0,0,75.0,79.1538461538,50.0,0.951799877974,106.0,16.256814684,75.0
2016-09-04,6,1,26.0,31.0,0,75.0,80.5384615385,50.0,0.901442307692,106.0,15.0313282315,58.0
2016-09-05,0,0,26.0,32.0,0,75.0,76.8461538462,50.0,0.863515449151,106.0,14.1955906147,76.0
2016-09-06,1,0,26.0,33.0,0,75.0,77.9230769231,50.0,0.868661679135,106.0,13.5445790375,67.0
2016-09-07,2,0,25.0,31.0,0,75.0,76.6923076923,50.0,0.850793650794,106.0,13.7526759096,69.0
2016-09-08,3,0,26.0,32.0,0,75.0,75.0,50.0,0.910066537884,106.0,13.2316636549,70.0
2016-09-09,4,0,26.0,32.0,0,75.0,73.7692307692,50.0,0.898778359511,106.0,12.890985796,79.0
2016-09-10,5,1,25.0,30.0,0,75.0,75.0769230769,50.0,0.954256949004,106.0,12.4866792929,69.0
2016-09-11,6,1,25.0,30.0,0,75.0,76.3076923077,50.0,0.946796959826,106.0,10.9431019044,42.0
2016-09-12,0,0,24.0,33.0,1,75.0,72.0,42.0,0.86109222751,106.0,12.4715059852,72.0
2016-09-13,1,0,26.0,35.0,1,75.0,70.0769230769,42.0,0.82376772451,106.0,10.1864279122,77.0
2016-09-14,2,0,26.0,35.0,1,76.0,69.5384615385,42.0,0.863276836158,106.0,9.60460934708,96.0
2016-09-15,3,1,25.0,34.0,1,76.0,71.3846153846,42.0,1.1036036036,106.0,11.9263022933,65.0
2016-09-16,4,1,25.0,34.0,1,76.0,70.3846153846,42.0,1.08750285584,106.0,11.8745912418,37.0
2016-09-17,5,1,25.0,34.0,1,75.0,67.4615384615,37.0,0.92050209205,106.0,14.7158490417,50.0
2016-09-18,6,0,25.0,33.0,1,75.0,66.8461538462,37.0,0.708129513161,106.0,15.2560008564,56.0
2016-09-19,0,0,23.0,32.0,1,75.0,65.3076923077,37.0,0.686345092393,106.0,15.2637560424,82.0
2016-09-20,1,0,24.0,31.0,1,75.0,66.4615384615,37.0,0.9121785541,106.0,15.9016950457,75.0
2016-09-21,2,0,24.0,31.0,1,75.0,66.9230769231,37.0,1.04029304029,98.0,16.0550089881,64.0
2016-09-22,3,0,24.0,32.0,1,75.0,66.4615384615,37.0,1.08572832228,98.0,16.0461612213,75.0
2016-09-23,4,0,25.0,32.0,1,75.0,66.1538461538,37.0,1.05366814377,98.0,15.8398045532,79.0
2016-09-24,5,1,25.0,32.0,1,75.0,66.9230769231,37.0,1.07020127639,98.0,16.1981078594,85.0
2016-09-25,6,1,26.0,33.0,1,75.0,70.2307692308,37.0,1.1504211793,98.0,15.1259016065,64.0
2016-09-26,0,0,26.0,34.0,1,75.0,69.6153846154,37.0,1.10706482156,98.0,15.2039390723,70.0
2016-09-27,1,0,27.0,35.0,1,75.0,69.0769230769,37.0,1.06104651163,98.0,15.0561080805,95.0
2016-09-28,2,0,28.0,34.0,1,75.0,69.0,37.0,1.08892058963,97.0,14.92030109,86.0
2016-09-29,3,0,21.0,28.0,0,75.0,70.6153846154,37.0,1.1800658204,96.0,15.524365274,75.0
2016-09-30,4,0,20.0,26.0,0,75.0,73.5384615385,37.0,1.20697784064,96.0,12.1250876896,71.0
2016-10-01,5,1,20.0,28.0,0,75.0,75.1538461538,37.0,1.0922787194,96.0,10.1135564303,40.0
2016-10-02,6,1,23.0,31.0,1,75.0,73.9230769231,37.0,0.876944837341,96.0,12.9464075116,46.0
2016-10-03,0,1,24.0,33.0,1,75.0,71.1538461538,37.0,0.754082612872,96.0,14.6594477483,50.0
2016-10-04,1,1,24.0,32.0,1,75.0,69.2307692308,37.0,0.666176830762,96.0,15.6360227392,49.0
2016-10-05,2,1,23.0,33.0,1,75.0,68.0769230769,37.0,0.735667174023,96.0,16.5085597306,43.0
2016-10-06,3,1,25.0,32.0,1,75.0,65.6153846154,37.0,0.732714138287,96.0,17.6397211802,45.0
2016-10-07,4,1,25.0,31.0,1,75.0,63.0,37.0,0.702564102564,96.0,17.978619781,50.0
2016-10-08,5,0,24.0,31.0,0,74.0,60.3076923077,37.0,0.707692307692,96.0,17.0807341555,67.0
2016-10-09,6,0,22.0,30.0,1,72.0,60.5384615385,37.0,0.823798627002,96.0,17.1491887434,75.0
2016-10-10,0,0,22.0,30.0,1,72.0,60.9230769231,37.0,0.981595092025,96.0,17.4111438164,76.0
2016-10-11,1,0,21.0,28.0,0,74.0,59.4615384615,37.0,1.11366538953,96.0,15.1384146341,60.0
2016-10-12,2,0,20.0,25.0,0,72.0,57.4615384615,37.0,1.08121957469,96.0,13.0773755578,65.0
2016-10-13,3,0,22.0,28.0,1,72.0,56.6923076923,37.0,1.03795507359,96.0,12.293742094,71.0
2016-10-14,4,0,20.0,30.0,1,72.0,56.6923076923,37.0,1.0184463497,95.0,12.293742094,77.0
2016-10-15,5,1,21.0,31.0,1,72.0,59.5384615385,37.0,1.1137254902,95.0,12.3824651741,68.0
2016-10-16,6,1,24.0,32.0,1,71.0,61.2307692308,40.0,1.12587959343,95.0,11.9109119082,51.0
2016-10-17,0,0,23.0,32.0,1,71.0,61.3076923077,40.0,1.03703703704,95.0,11.8411577876,76.0
2016-10-18,1,0,23.0,26.0,0,71.0,63.3846153846,40.0,1.04754230459,95.0,11.8681115181,50.0
2016-10-19,2,0,23.0,27.0,0,70.0,63.9230769231,40.0,0.979253112033,95.0,11.0624905977,70.0
2016-10-20,3,0,24.0,31.0,1,70.0,65.8461538462,40.0,1.08888888889,95.0,9.69413902113,78.0
2016-10-21,4,0,24.0,27.0,0,70.0,68.0,40.0,1.09362054681,95.0,9.02134221636,67.0
2016-10-22,5,1,24.0,30.0,1,70.0,68.0,40.0,1.16153430578,95.0,9.02134221636,54.0
2016-10-23,6,1,24.0,31.0,1,70.0,66.3846153846,40.0,1.06816961889,95.0,9.49119804012,60.0
2016-10-24,0,0,24.0,30.0,1,70.0,65.1538461538,40.0,0.963791267306,95.0,9.19737549393,62.0
2016-10-25,1,0,24.0,31.0,1,69.0,65.3076923077,40.0,0.927536231884,95.0,9.1263322769,73.0
2016-10-26,2,0,25.0,32.0,1,70.0,65.9230769231,40.0,1.00386100386,95.0,9.35177102488,75.0
2016-10-27,3,0,24.0,33.0,1,70.0,66.2307692308,40.0,1.05660377358,86.0,9.57684584461,79.0
2016-10-28,4,0,22.0,33.0,1,70.0,66.3846153846,40.0,1.11767602166,79.0,9.76286891582,91.0
2016-10-29,5,1,20.0,29.0,1,70.0,68.1538461538,40.0,1.18529269473,91.0,11.7724982895,63.0
2016-10-30,6,1,19.0,28.0,1,70.0,69.0769230769,40.0,1.13714006833,91.0,10.8234896865,53.0
2016-10-31,0,0,19.0,27.0,1,69.0,67.3076923077,43.0,1.02755026061,91.0,11.4110918738,69.0
