time_stamp,dayofweek,holiday,lt,ht,sunny,m2M,w2A,m1L,d3w3,m1Lar,w2Std,pay_sum
2016-08-01,0,0,28.0,34.0,1,102.0,118.461538462,81.0,1.09168443497,145.0,15.6972088877,130.0
2016-08-02,1,0,28.0,34.0,0,102.0,120.153846154,81.0,1.11959287532,145.0,15.6640016198,123.0
2016-08-03,2,0,26.0,32.0,0,103.0,119.384615385,81.0,1.05070936929,145.0,15.2544493461,146.0
2016-08-04,3,0,27.0,32.0,0,105.0,120.538461538,81.0,1.10419261104,146.0,16.5975687961,115.0
2016-08-05,4,0,27.0,33.0,0,105.0,121.153846154,81.0,1.06444906445,146.0,16.2283993895,174.0
2016-08-06,5,1,27.0,33.0,1,106.0,128.307692308,81.0,1.17313915858,174.0,17.4063852801,144.0
2016-08-07,6,1,27.0,34.0,1,106.0,130.307692308,81.0,1.16350933763,174.0,17.5997579327,162.0
2016-08-08,0,0,27.0,34.0,0,107.0,134.923076923,81.0,1.26282557222,174.0,17.4376318896,128.0
2016-08-09,1,0,28.0,34.0,1,107.0,134.615384615,81.0,1.13286348212,174.0,17.5215843222,137.0
2016-08-10,2,0,28.0,34.0,1,108.0,135.769230769,81.0,1.11284857962,174.0,17.1426317258,165.0
2016-08-11,3,0,28.0,35.0,1,108.0,139.076923077,81.0,1.10596707819,174.0,18.2776094147,144.0
2016-08-12,4,0,28.0,34.0,1,109.0,141.076923077,81.0,1.13097502219,174.0,17.2558197026,132.0
2016-08-13,5,1,28.0,35.0,1,110.0,140.076923077,81.0,1.09701492537,174.0,17.3757635735,126.0
2016-08-14,6,1,28.0,36.0,1,113.0,140.461538462,81.0,0.997023809524,174.0,17.0005220943,138.0
2016-08-15,0,0,28.0,35.0,1,114.0,141.076923077,81.0,0.969162995595,174.0,16.7536978167,125.0
2016-08-16,1,0,28.0,35.0,1,114.0,141.230769231,81.0,0.954484112379,174.0,16.5954296125,147.0
2016-08-17,2,0,28.0,35.0,1,115.0,141.307692308,81.0,0.996839290056,174.0,16.6196575702,142.0
2016-08-18,3,0,28.0,36.0,1,116.0,143.384615385,81.0,0.999275887038,174.0,14.7884490347,152.0
2016-08-19,4,0,29.0,36.0,1,117.0,141.692307692,81.0,1.05150214592,174.0,12.2247203233,132.0
2016-08-20,5,1,28.0,37.0,0,118.0,140.769230769,81.0,1.02048149479,174.0,12.4662858953,140.0
2016-08-21,6,1,28.0,35.0,0,118.0,139.076923077,81.0,1.00880323578,174.0,10.8589667908,144.0
2016-08-22,0,0,28.0,35.0,1,119.0,140.307692308,102.0,0.984848484848,174.0,10.4320852358,141.0
2016-08-23,1,0,26.0,34.0,1,121.0,140.615384615,102.0,0.999764761233,174.0,10.3888880099,152.0
2016-08-24,2,0,26.0,34.0,1,122.0,139.615384615,115.0,1.02582159624,174.0,8.43562465462,135.0
2016-08-25,3,0,27.0,35.0,1,122.0,138.923076923,115.0,0.997668997669,174.0,8.41666422559,157.0
2016-08-26,4,0,26.0,34.0,0,123.0,140.846153846,115.0,1.04115371087,174.0,9.41231724796,114.0
2016-08-27,5,1,23.0,31.0,1,123.0,139.923076923,114.0,0.962199312715,174.0,11.2349834032,156.0
2016-08-28,6,1,22.0,30.0,1,124.0,141.307692308,114.0,1.01413133832,174.0,11.9960545782,130.0
2016-08-29,0,0,23.0,31.0,1,125.0,141.692307692,114.0,0.949329536015,174.0,11.5384615385,131.0
2016-08-30,1,0,23.0,31.0,1,126.0,140.461538462,114.0,0.991794505887,174.0,11.7579131103,128.0
2016-08-31,2,0,25.0,34.0,1,128.0,139.384615385,114.0,0.937575319354,174.0,12.2004947033,151.0
2016-09-01,3,0,26.0,33.0,1,128.0,139.307692308,114.0,0.985695396081,174.0,12.1236235722,125.0
2016-09-02,4,0,25.0,34.0,1,128.0,138.769230769,114.0,0.973728609303,174.0,12.5829790172,137.0
2016-09-03,5,1,25.0,35.0,1,130.0,138.538461538,114.0,0.991477613732,174.0,12.5858002075,183.0
2016-09-04,6,1,25.0,33.0,1,130.0,141.538461538,114.0,1.05126387905,183.0,17.2965776278,158.0
2016-09-05,0,0,25.0,30.0,0,131.0,142.846153846,114.0,1.11617046118,183.0,17.840516351,149.0
2016-09-06,1,0,22.0,27.0,0,131.0,142.615384615,114.0,1.14339050286,183.0,17.7397357605,113.0
2016-09-07,2,0,20.0,24.0,0,131.0,140.923076923,113.0,0.990099009901,183.0,19.3607912206,111.0
2016-09-08,3,0,22.0,29.0,1,131.0,137.384615385,111.0,0.892237770602,183.0,20.2808680649,127.0
2016-09-09,4,0,23.0,31.0,1,131.0,138.384615385,111.0,0.841121495327,183.0,19.4047514464,136.0
2016-09-10,5,1,24.0,29.0,1,132.0,136.846153846,111.0,0.897528197744,183.0,18.7282023198,134.0
2016-09-11,6,1,23.0,26.0,0,132.0,137.153846154,111.0,0.956165703276,183.0,18.6458745854,114.0
2016-09-12,0,0,23.0,29.0,1,132.0,135.846153846,111.0,0.933965705947,183.0,19.6031636138,125.0
2016-09-13,1,0,23.0,30.0,1,132.0,135.615384615,111.0,0.916236796856,183.0,19.7115290807,106.0
2016-09-14,2,0,22.0,24.0,0,132.0,132.153846154,106.0,0.856610800745,183.0,20.6354666826,112.0
2016-09-15,3,1,23.0,26.0,0,132.0,131.153846154,106.0,0.866161616162,183.0,21.2633529227,72.0
2016-09-16,4,1,23.0,27.0,0,132.0,126.153846154,72.0,0.744162176033,183.0,26.337589849,103.0
2016-09-17,5,1,23.0,27.0,0,132.0,120.0,72.0,0.75180091683,183.0,21.1769105032,108.0
2016-09-18,6,0,23.0,28.0,0,131.0,116.153846154,72.0,0.747787026027,183.0,18.2665990007,112.0
2016-09-19,0,0,21.0,27.0,0,131.0,113.307692308,72.0,0.859957401491,183.0,15.6174685991,131.0
2016-09-20,1,0,20.0,26.0,1,131.0,114.692307692,72.0,0.93338651775,183.0,16.3113203511,108.0
2016-09-21,2,0,20.0,27.0,1,131.0,114.461538462,72.0,0.949675324675,183.0,16.3829901686,106.0
2016-09-22,3,0,21.0,27.0,1,131.0,112.846153846,72.0,0.940695296524,183.0,16.099909956,119.0
2016-09-23,4,0,21.0,27.0,1,131.0,111.538461538,72.0,0.914709517923,183.0,14.8044451984,132.0
2016-09-24,5,1,22.0,28.0,1,131.0,111.384615385,72.0,1.00168350168,183.0,14.5789018344,138.0
2016-09-25,6,1,23.0,29.0,1,132.0,113.230769231,72.0,1.10073571024,183.0,16.2203758192,130.0
2016-09-26,0,0,24.0,31.0,1,132.0,113.615384615,72.0,1.14106404222,183.0,16.5508004061,128.0
2016-09-27,1,0,25.0,30.0,0,132.0,115.307692308,72.0,1.12244897959,183.0,16.8083523898,107.0
2016-09-28,2,0,22.0,28.0,0,131.0,114.923076923,72.0,1.03634298694,183.0,16.9363584246,102.0
2016-09-29,3,0,22.0,25.0,0,131.0,117.230769231,72.0,0.96714019228,183.0,12.3547178541,108.0
2016-09-30,4,0,23.0,28.0,0,131.0,117.615384615,72.0,0.920842411038,183.0,11.9777900976,145.0
2016-10-01,5,1,24.0,29.0,0,132.0,120.461538462,72.0,1.02630818156,183.0,13.6360121884,126.0
2016-10-02,6,1,24.0,32.0,1,131.0,121.538461538,72.0,1.0900201323,183.0,13.4771338234,124.0
2016-10-03,0,1,22.0,26.0,1,131.0,121.0,72.0,1.1365271184,158.0,13.2258488167,92.0
2016-10-04,1,1,22.0,26.0,1,131.0,119.769230769,72.0,0.990013026487,149.0,15.0033526825,94.0
2016-10-05,2,1,22.0,27.0,1,130.0,118.846153846,72.0,0.904449307075,145.0,16.1476178469,121.0
2016-10-06,3,1,22.0,26.0,0,130.0,119.0,72.0,0.876892316481,145.0,16.1578749555,118.0
2016-10-07,4,1,20.0,25.0,0,130.0,117.923076923,72.0,0.945083014049,145.0,15.7160453944,109.0
2016-10-08,5,0,17.0,22.0,0,128.0,115.692307692,72.0,0.987234042553,145.0,14.7355384929,125.0
2016-10-09,6,0,18.0,22.0,1,128.0,115.307692308,72.0,0.993087882635,145.0,14.4189224786,98.0
2016-10-10,0,0,18.0,22.0,1,127.0,113.0,72.0,0.949928469242,145.0,14.6024234027,121.0
2016-10-11,1,0,19.0,25.0,1,126.0,114.076923077,72.0,0.978802105563,145.0,14.6364221062,122.0
2016-10-12,2,0,19.0,23.0,1,126.0,115.615384615,72.0,0.963685177335,145.0,14.3341360263,135.0
2016-10-13,3,0,19.0,23.0,1,126.0,117.692307692,72.0,1.06105263158,145.0,15.0199078937,113.0
2016-10-14,4,0,19.0,23.0,0,126.0,115.230769231,72.0,1.04697226938,145.0,12.8011648878,133.0
2016-10-15,5,1,21.0,25.0,1,126.0,115.769230769,92.0,1.08039132284,145.0,13.3770978004,158.0
2016-10-16,6,1,20.0,26.0,1,126.0,118.384615385,92.0,1.13212834524,158.0,17.4379712191,135.0
2016-10-17,0,0,20.0,25.0,1,126.0,121.692307692,92.0,1.19027661358,158.0,16.1501827348,137.0
2016-10-18,1,0,20.0,25.0,1,126.0,125.0,92.0,1.18653421634,158.0,14.4541716097,151.0
2016-10-19,2,0,20.0,24.0,0,126.0,127.307692308,92.0,1.14401622718,158.0,15.9488828419,129.0
2016-10-20,3,0,20.0,23.0,0,126.0,128.153846154,92.0,1.1182622687,158.0,15.7228210125,116.0
2016-10-21,4,0,0.0,21.0,0,125.0,128.692307692,92.0,1.07448107448,158.0,15.1677015925,104.0
2016-10-22,5,1,19.0,23.0,0,125.0,127.076923077,92.0,0.955509924709,158.0,16.531841251,98.0
2016-10-23,6,1,18.0,23.0,1,125.0,127.076923077,92.0,0.8800332088,158.0,16.531841251,128.0
2016-10-24,0,0,20.0,24.0,1,125.0,127.615384615,92.0,0.899795501022,158.0,16.438877285,151.0
2016-10-25,1,0,18.0,22.0,1,125.0,129.846153846,92.0,1.00452970957,158.0,17.4613690266,128.0
2016-10-26,2,0,19.0,21.0,0,125.0,129.307692308,92.0,1.0814401488,158.0,17.4019654742,103.0
2016-10-27,3,0,18.0,22.0,0,125.0,128.538461538,92.0,1.0211173483,158.0,18.3034901448,128.0
2016-10-28,4,0,15.0,20.0,0,125.0,128.153846154,92.0,0.952380952381,158.0,18.2581747923,111.0
2016-10-29,5,1,13.0,17.0,1,124.0,124.538461538,92.0,0.912364945978,158.0,16.5650948341,112.0
2016-10-30,6,1,14.0,18.0,1,122.0,122.769230769,92.0,0.931157978512,158.0,16.5815181923,115.0
2016-10-31,0,0,13.0,17.0,0,121.0,121.076923077,92.0,0.898816646723,158.0,16.1600720603,118.0
