time_stamp,dayofweek,holiday,lt,ht,sunny,m2M,w2A,m1L,d3w3,m1Lar,w2Std,pay_sum
2016-08-01,0,0,27.0,37.0,1,184.0,175.461538462,66.0,0.853915374306,252.0,60.2553736954,250.0
2016-08-02,1,0,27.0,35.0,0,185.0,178.307692308,72.0,0.842824601367,252.0,62.7821442222,201.0
2016-08-03,2,0,26.0,32.0,0,189.0,179.230769231,72.0,1.00975655963,252.0,63.0203310859,296.0
2016-08-04,3,0,27.0,33.0,0,189.0,185.692307692,72.0,1.38179800222,296.0,69.9718455638,239.0
2016-08-05,4,0,26.0,33.0,0,189.0,190.769230769,72.0,1.34724510342,296.0,71.2494575916,233.0
2016-08-06,5,1,26.0,34.0,0,189.0,201.538461538,72.0,1.35199366253,296.0,66.0484849702,77.0
2016-08-07,6,1,27.0,35.0,1,189.0,201.846153846,72.0,0.967230443975,296.0,65.4556175574,83.0
2016-08-08,0,0,26.0,34.0,0,189.0,190.923076923,72.0,0.715846994536,296.0,72.1829529614,267.0
2016-08-09,1,0,26.0,30.0,0,194.0,195.307692308,73.0,0.766469215581,296.0,74.8890303309,219.0
2016-08-10,2,0,27.0,35.0,0,194.0,195.461538462,73.0,1.01317663818,296.0,74.9354752022,179.0
2016-08-11,3,0,27.0,36.0,1,194.0,191.538461538,73.0,1.1946465463,296.0,74.3573651462,286.0
2016-08-12,4,0,27.0,36.0,1,194.0,194.153846154,73.0,1.19246861925,296.0,76.9893560614,238.0
2016-08-13,5,1,27.0,35.0,1,194.0,203.846153846,73.0,1.18081800621,296.0,73.9062255667,88.0
2016-08-14,6,1,28.0,35.0,1,194.0,204.307692308,73.0,1.02409638554,296.0,73.1588205055,86.0
2016-08-15,0,0,27.0,36.0,1,194.0,191.692307692,73.0,0.714347637625,296.0,78.1609627287,288.0
2016-08-16,1,0,26.0,36.0,1,195.0,198.384615385,73.0,0.785113433597,296.0,82.2870570826,258.0
2016-08-17,2,0,28.0,37.0,1,197.0,195.461538462,73.0,1.06289942819,296.0,79.3915471034,276.0
2016-08-18,3,0,28.0,37.0,1,199.0,198.307692308,73.0,1.36658354115,296.0,81.5356313007,236.0
2016-08-19,4,0,28.0,38.0,1,199.0,198.538461538,73.0,1.28526122517,296.0,81.6376754885,262.0
2016-08-20,5,1,27.0,37.0,0,201.0,212.769230769,73.0,1.24517374517,296.0,75.0714058502,115.0
2016-08-21,6,1,27.0,35.0,0,201.0,215.230769231,73.0,0.978373633389,296.0,71.2008576506,110.0
2016-08-22,0,0,27.0,36.0,1,199.0,203.153846154,73.0,0.804227561721,296.0,74.6281511679,290.0
2016-08-23,1,0,27.0,35.0,0,201.0,208.615384615,77.0,0.832121505898,296.0,78.1049968475,311.0
2016-08-24,2,0,27.0,35.0,1,201.0,218.769230769,77.0,1.14465105047,311.0,82.0742195503,311.0
2016-08-25,3,0,26.0,35.0,1,207.0,220.692307692,77.0,1.44315214811,311.0,83.8995595619,294.0
2016-08-26,4,0,25.0,34.0,0,207.0,225.0,77.0,1.42879425987,311.0,86.0867183538,266.0
2016-08-27,5,1,23.0,31.0,1,210.0,238.692307692,77.0,1.30106804093,311.0,76.8699046996,128.0
2016-08-28,6,1,21.0,31.0,1,207.0,241.923076923,77.0,1.01745045844,311.0,71.0465302985,128.0
2016-08-29,0,0,21.0,32.0,1,207.0,229.615384615,77.0,0.796520943008,311.0,75.7044236707,128.0
2016-08-30,1,0,21.0,32.0,1,207.0,219.615384615,77.0,0.598410472183,311.0,79.7713448277,128.0
2016-08-31,2,0,21.0,33.0,1,207.0,208.230769231,77.0,0.605630470783,311.0,81.4551824353,128.0
2016-09-01,3,0,23.0,33.0,0,207.0,199.923076923,77.0,0.629147210617,311.0,83.6765398042,128.0
2016-09-02,4,0,22.0,34.0,1,201.0,189.615384615,77.0,0.646627936348,311.0,83.6481076723,128.0
2016-09-03,5,1,23.0,35.0,1,201.0,190.615384615,77.0,0.64016004001,311.0,82.8237595617,128.0
2016-09-04,6,1,24.0,32.0,1,201.0,192.0,77.0,0.633506557783,311.0,81.6059952549,128.0
2016-09-05,0,0,24.0,30.0,0,201.0,179.538461538,83.0,0.659623808297,311.0,77.9779213176,128.0
2016-09-06,1,0,23.0,28.0,0,201.0,165.461538462,86.0,0.682484670754,311.0,68.9733676413,128.0
2016-09-07,2,0,21.0,27.0,0,201.0,151.384615385,86.0,0.710519011934,311.0,55.1160153488,128.0
2016-09-08,3,0,22.0,30.0,1,201.0,138.615384615,86.0,0.732474964235,311.0,36.7727709915,241.0
2016-09-09,4,0,22.0,29.0,1,201.0,136.692307692,86.0,0.95375167914,311.0,30.1110371162,251.0
2016-09-10,5,1,22.0,28.0,0,201.0,146.153846154,86.0,1.14496768236,311.0,42.6196887579,205.0
2016-09-11,6,1,21.0,25.0,0,205.0,152.076923077,86.0,1.25416104363,311.0,44.9708649931,175.0
2016-09-12,0,0,21.0,27.0,1,201.0,155.692307692,86.0,1.17177344475,311.0,44.778746015,265.0
2016-09-13,1,0,21.0,28.0,0,205.0,166.230769231,110.0,1.21331828442,311.0,52.4802583339,257.0
2016-09-14,2,0,21.0,25.0,0,207.0,176.153846154,110.0,1.33142311366,311.0,56.3653550901,204.0
2016-09-15,3,1,22.0,25.0,0,207.0,182.0,110.0,1.42352941176,311.0,54.9923071543,34.0
2016-09-16,4,1,23.0,27.0,0,205.0,174.769230769,34.0,1.04166666667,311.0,66.5769119673,94.0
2016-09-17,5,1,22.0,27.0,1,204.0,172.153846154,34.0,0.706232716443,311.0,68.9870067519,113.0
2016-09-18,6,0,22.0,26.0,0,204.0,171.0,34.0,0.51512236828,311.0,69.8360717901,284.0
2016-09-19,0,0,20.0,27.0,1,204.0,183.0,34.0,0.999491094148,311.0,74.653043629,272.0
2016-09-20,1,0,19.0,26.0,1,205.0,194.076923077,34.0,1.30447499269,311.0,76.3347501656,276.0
2016-09-21,2,0,19.0,26.0,1,210.0,205.461538462,34.0,1.55499486029,311.0,76.6667266958,290.0
2016-09-22,3,0,20.0,27.0,1,217.0,209.230769231,34.0,1.49816751587,311.0,79.4743827582,314.0
2016-09-23,4,0,20.0,29.0,1,217.0,214.076923077,34.0,1.49851000426,314.0,83.6829745927,322.0
2016-09-24,5,1,21.0,30.0,1,219.0,223.076923077,34.0,1.50239312079,322.0,88.3824395528,234.0
2016-09-25,6,1,21.0,30.0,1,230.0,227.615384615,34.0,1.37603795967,322.0,87.3054218614,181.0
2016-09-26,0,0,24.0,31.0,1,219.0,221.153846154,34.0,1.15120274914,322.0,87.4078381927,339.0
2016-09-27,1,0,23.0,28.0,0,219.0,227.461538462,34.0,1.12227431718,339.0,92.5731439579,353.0
2016-09-28,2,0,22.0,28.0,0,233.0,238.923076923,34.0,1.23724489796,353.0,98.0223377513,338.0
2016-09-29,3,0,22.0,25.0,0,234.0,262.307692308,34.0,1.43025758523,353.0,81.1564345194,260.0
2016-09-30,4,0,22.0,29.0,0,234.0,275.076923077,34.0,1.31808731809,353.0,65.1512577817,275.0
2016-10-01,5,1,23.0,30.0,0,236.0,287.538461538,34.0,1.19262295082,353.0,45.4830744252,24.0
2016-10-02,6,1,22.0,30.0,1,234.0,267.538461538,24.0,0.78804539367,353.0,83.7272268782,12.0
2016-10-03,0,1,21.0,27.0,0,233.0,247.538461538,12.0,0.463211200477,353.0,107.850762548,10.0
2016-10-04,1,1,20.0,27.0,1,219.0,227.076923077,10.0,0.0725151730117,353.0,124.46344013,127.0
2016-10-05,2,1,21.0,27.0,1,219.0,214.538461538,10.0,0.239242132306,353.0,125.697203558,128.0
2016-10-06,3,1,22.0,27.0,0,219.0,200.230769231,10.0,0.416077877218,353.0,124.137736063,132.0
2016-10-07,4,1,20.0,23.0,0,205.0,185.615384615,10.0,0.602240896359,353.0,120.058664161,127.0
2016-10-08,5,0,17.0,22.0,0,204.0,177.384615385,10.0,0.600279199628,353.0,120.127200828,335.0
2016-10-09,6,0,16.0,22.0,1,205.0,189.230769231,10.0,0.910554150379,353.0,127.279917956,339.0
2016-10-10,0,0,15.0,21.0,1,205.0,189.230769231,10.0,1.20923913043,353.0,127.279917956,342.0
2016-10-11,1,0,17.0,23.0,1,205.0,188.384615385,10.0,1.51123010561,353.0,126.220526468,380.0
2016-10-12,2,0,18.0,25.0,1,234.0,191.615384615,10.0,1.54709827938,380.0,130.474600217,347.0
2016-10-13,3,0,18.0,23.0,1,236.0,198.307692308,10.0,1.5475931958,380.0,135.927800188,413.0
2016-10-14,4,0,19.0,22.0,0,236.0,208.923076923,10.0,1.61839863714,413.0,146.48153548,390.0
2016-10-15,5,1,20.0,23.0,0,236.0,237.076923077,10.0,1.58010442429,413.0,143.373348848,202.0
2016-10-16,6,1,20.0,26.0,0,234.0,251.692307692,10.0,1.37492304535,413.0,128.608161372,161.0
2016-10-17,0,0,20.0,24.0,0,205.0,263.307692308,10.0,1.06922257721,413.0,112.001637773,379.0
2016-10-18,1,0,20.0,24.0,0,205.0,282.692307692,10.0,1.04780060722,413.0,108.484940192,337.0
2016-10-19,2,0,20.0,24.0,0,234.0,298.769230769,10.0,1.23870056497,413.0,99.4818528841,350.0
2016-10-20,3,0,21.0,25.0,0,241.0,315.538461538,10.0,1.47747747748,413.0,87.6238599264,350.0
2016-10-21,4,0,21.0,25.0,0,241.0,332.692307692,10.0,1.41521664961,413.0,68.8525566425,329.0
2016-10-22,5,1,20.0,23.0,0,241.0,332.230769231,10.0,1.32177263969,413.0,68.8556503979,144.0
2016-10-23,6,1,17.0,23.0,0,234.0,317.230769231,10.0,1.03094074909,413.0,85.0765753227,144.0
2016-10-24,0,0,19.0,24.0,1,205.0,302.0,10.0,0.753910068426,413.0,96.2664571345,374.0
2016-10-25,1,0,19.0,23.0,1,205.0,301.538461538,10.0,0.773861710211,413.0,95.9050936199,375.0
2016-10-26,2,0,19.0,24.0,0,234.0,303.692307692,10.0,1.00056022409,413.0,97.2074582572,381.0
2016-10-27,3,0,18.0,24.0,0,241.0,301.230769231,10.0,1.21524977147,413.0,94.7832781797,370.0
2016-10-28,4,0,15.0,19.0,0,251.0,299.692307692,10.0,1.16526958502,413.0,93.4833466168,375.0
2016-10-29,5,1,12.0,15.0,0,257.0,313.0,10.0,1.15807878227,413.0,90.9073915925,179.0
2016-10-30,6,1,14.0,18.0,1,257.0,314.384615385,10.0,0.974375197722,413.0,88.691807324,164.0
2016-10-31,0,0,12.0,17.0,0,257.0,297.846153846,10.0,0.779079861111,413.0,94.927378035,345.0
