time_stamp,dayofweek,holiday,lt,ht,sunny,m2M,w2A,m1L,d3w3,m1Lar,w2Std,pay_sum
2016-08-01,0,0,27.0,37.0,1,57.0,79.6153846154,43.0,1.0253082414,99.0,10.7598860556,80.0
2016-08-02,1,0,27.0,35.0,0,58.0,79.3076923077,43.0,1.05149752209,99.0,10.6870490666,77.0
2016-08-03,2,0,26.0,32.0,0,58.0,79.8461538462,43.0,0.956613756614,99.0,10.376349987,52.0
2016-08-04,3,0,27.0,33.0,0,58.0,78.0,43.0,0.891448069951,99.0,12.7581045132,73.0
2016-08-05,4,0,26.0,33.0,0,59.0,76.4615384615,43.0,0.864911153928,99.0,12.0423316463,89.0
2016-08-06,5,1,26.0,34.0,0,59.0,75.6923076923,43.0,0.915116527689,99.0,10.837148471,104.0
2016-08-07,6,1,27.0,35.0,1,60.0,77.0769230769,43.0,1.12378538234,104.0,12.9997724149,112.0
2016-08-08,0,0,26.0,34.0,0,61.0,79.6153846154,43.0,1.25359638307,112.0,16.002588548,121.0
2016-08-09,1,0,26.0,30.0,0,64.0,83.0769230769,43.0,1.3542294555,121.0,19.3607912206,99.0
2016-08-10,2,0,27.0,35.0,0,64.0,85.0,49.0,1.3112164297,121.0,19.6037672989,95.0
2016-08-11,3,0,27.0,36.0,1,66.0,87.6153846154,49.0,1.230228471,121.0,18.4621794761,91.0
2016-08-12,4,0,27.0,36.0,1,67.0,89.0,52.0,1.11436950147,121.0,17.9828978584,96.0
2016-08-13,5,1,27.0,35.0,1,68.0,89.0769230769,52.0,1.10458284371,121.0,18.0105163231,138.0
2016-08-14,6,1,28.0,35.0,1,69.0,94.3846153846,52.0,1.23527175979,138.0,21.1970188816,144.0
2016-08-15,0,0,27.0,36.0,1,70.0,99.3076923077,52.0,1.38537658054,144.0,24.4646829135,95.0
2016-08-16,1,0,26.0,36.0,1,73.0,100.692307692,52.0,1.36742836416,144.0,23.6590675913,80.0
2016-08-17,2,0,28.0,37.0,1,73.0,102.846153846,52.0,1.15328994939,144.0,20.1412174174,84.0
2016-08-18,3,0,28.0,37.0,1,74.0,103.692307692,52.0,0.924834850919,144.0,19.072269904,97.0
2016-08-19,4,0,28.0,38.0,1,74.0,104.307692308,52.0,0.920148069804,144.0,18.7139792068,79.0
2016-08-20,5,1,27.0,37.0,0,74.0,102.384615385,52.0,0.924444444444,144.0,19.8940983191,143.0
2016-08-21,6,1,27.0,35.0,0,76.0,104.769230769,52.0,1.09115785873,144.0,22.5802972187,153.0
2016-08-22,0,0,27.0,36.0,1,76.0,107.230769231,52.0,1.23639960435,153.0,25.7387879882,125.0
2016-08-23,1,0,27.0,35.0,0,77.0,109.230769231,52.0,1.35587761675,153.0,26.03002363,102.0
2016-08-24,2,0,27.0,35.0,1,79.0,109.769230769,52.0,1.19496855346,153.0,25.8014723675,99.0
2016-08-25,3,0,26.0,35.0,1,79.0,110.384615385,52.0,1.01273687481,153.0,25.4393349621,120.0
2016-08-26,4,0,25.0,34.0,0,79.0,112.230769231,52.0,0.98300413413,153.0,25.1981496456,97.0
2016-08-27,5,1,23.0,31.0,1,80.0,109.076923077,52.0,0.970814132104,153.0,24.3261857596,217.0
2016-08-28,6,1,21.0,31.0,1,80.0,114.692307692,52.0,1.27179487179,217.0,36.9102541837,138.0
2016-08-29,0,0,21.0,32.0,1,84.0,118.0,52.0,1.31471785922,217.0,36.924038449,123.0
2016-08-30,1,0,21.0,32.0,1,84.0,121.307692308,52.0,1.37593552101,217.0,35.2603167999,130.0
2016-08-31,2,0,21.0,33.0,1,85.0,124.846153846,52.0,1.10874805047,217.0,33.6082548327,144.0
2016-09-01,3,0,23.0,33.0,0,86.0,128.461538462,52.0,1.10094287299,217.0,32.93960764,126.0
2016-09-02,4,0,22.0,34.0,1,86.0,132.076923077,73.0,1.09559024925,217.0,29.735918551,127.0
2016-09-03,5,1,23.0,35.0,1,87.0,130.846153846,79.0,1.09230980878,217.0,29.5890992242,121.0
2016-09-04,6,1,24.0,32.0,1,89.0,128.384615385,79.0,1.03888888889,217.0,28.9682544057,155.0
2016-09-05,0,0,24.0,30.0,0,91.0,130.692307692,79.0,1.09214092141,217.0,29.7899947463,125.0
2016-09-06,1,0,23.0,28.0,0,93.0,132.461538462,79.0,1.06719893546,217.0,28.6963288582,132.0
2016-09-07,2,0,21.0,27.0,0,95.0,135.0,79.0,1.07585846716,217.0,27.0355890804,136.0
2016-09-08,3,0,22.0,30.0,1,95.0,136.230769231,79.0,1.01080246914,217.0,26.686654245,127.0
2016-09-09,4,0,22.0,29.0,1,95.0,138.538461538,79.0,0.997474747475,217.0,24.3929857024,117.0
2016-09-10,5,1,22.0,28.0,0,96.0,130.846153846,79.0,0.969140525376,217.0,9.89829941762,41.0
2016-09-11,6,1,21.0,25.0,0,96.0,123.384615385,41.0,0.759392486011,217.0,25.6771028246,94.0
2016-09-12,0,0,21.0,27.0,1,96.0,121.153846154,41.0,0.679886685552,217.0,26.8467048654,96.0
2016-09-13,1,0,21.0,28.0,0,96.0,118.538461538,41.0,0.624746450304,217.0,27.5055669459,85.0
2016-09-14,2,0,21.0,25.0,0,96.0,114.0,41.0,0.747994016048,217.0,27.7959598614,104.0
2016-09-15,3,1,22.0,25.0,0,97.0,112.307692308,41.0,0.780287474333,217.0,27.6833318787,119.0
2016-09-16,4,1,23.0,27.0,0,97.0,111.692307692,41.0,0.835707502374,217.0,27.4377186072,100.0
2016-09-17,5,1,22.0,27.0,1,99.0,110.076923077,41.0,0.920227920228,217.0,27.4603533465,126.0
2016-09-18,6,0,22.0,26.0,0,99.0,107.846153846,41.0,0.987972508591,217.0,24.7661249845,95.0
2016-09-19,0,0,20.0,27.0,1,99.0,105.538461538,41.0,0.930434782609,217.0,24.4559742099,80.0
2016-09-20,1,0,19.0,26.0,1,99.0,101.538461538,41.0,0.891851851852,217.0,24.0499972321,83.0
2016-09-21,2,0,19.0,26.0,1,99.0,97.4615384615,41.0,0.7857469164,217.0,22.2904442604,69.0
2016-09-22,3,0,20.0,27.0,1,99.0,93.0,41.0,0.72545340838,217.0,21.7291013655,64.0
2016-09-23,4,0,20.0,29.0,1,99.0,88.9230769231,41.0,0.695988400193,217.0,21.8155256587,78.0
2016-09-24,5,1,21.0,30.0,1,99.0,91.7692307692,41.0,0.69430733794,217.0,17.3300710024,108.0
2016-09-25,6,1,21.0,30.0,1,99.0,92.8461538462,41.0,0.842176183258,217.0,17.8620618753,126.0
2016-09-26,0,0,24.0,31.0,1,100.0,95.1538461538,41.0,1.05050505051,155.0,19.9377730176,71.0
2016-09-27,1,0,23.0,28.0,0,100.0,94.0769230769,41.0,1.05957964217,155.0,20.8159019778,75.0
2016-09-28,2,0,22.0,28.0,0,100.0,91.8461538462,41.0,0.975959813419,155.0,21.1836154169,67.0
2016-09-29,3,0,22.0,25.0,0,100.0,87.8461538462,41.0,0.789766407119,155.0,20.5794750395,79.0
2016-09-30,4,0,22.0,29.0,0,100.0,86.2307692308,41.0,0.837121212121,155.0,20.3853410611,86.0
2016-10-01,5,1,23.0,30.0,0,100.0,83.1538461538,41.0,0.856879039705,155.0,16.8652859395,152.0
2016-10-02,6,1,22.0,30.0,1,102.0,87.5384615385,41.0,1.13437108606,155.0,24.8800673528,137.0
2016-10-03,0,1,21.0,27.0,0,104.0,91.9230769231,41.0,1.31302521008,155.0,27.9930253359,108.0
2016-10-04,1,1,20.0,27.0,1,104.0,93.8461538462,41.0,1.37346479848,152.0,28.1721252136,104.0
2016-10-05,2,1,21.0,27.0,1,104.0,96.5384615385,41.0,1.2074035634,152.0,27.3288109021,101.0
2016-10-06,3,1,22.0,27.0,0,104.0,99.3846153846,41.0,1.09306792387,152.0,25.6681138965,98.0
2016-10-07,4,1,20.0,23.0,0,102.0,100.923076923,41.0,1.05925537493,152.0,24.9290116391,91.0
2016-10-08,5,0,17.0,22.0,0,102.0,99.6153846154,41.0,1.03276353276,152.0,24.9693302998,86.0
2016-10-09,6,0,16.0,22.0,1,102.0,96.5384615385,41.0,0.984075863303,152.0,23.9731111701,104.0
2016-10-10,0,0,15.0,21.0,1,104.0,99.0769230769,64.0,0.992757463346,152.0,22.8556054005,80.0
2016-10-11,1,0,17.0,23.0,1,104.0,99.4615384615,64.0,0.955414012739,152.0,22.4862877349,82.0
2016-10-12,2,0,18.0,25.0,1,102.0,100.615384615,64.0,0.934809348093,152.0,21.1352365696,89.0
2016-10-13,3,0,18.0,23.0,1,101.0,101.384615385,64.0,0.870620881027,152.0,20.5071787113,80.0
2016-10-14,4,0,19.0,22.0,0,101.0,100.923076923,64.0,0.869715869716,152.0,20.9117616462,94.0
2016-10-15,5,1,20.0,23.0,0,101.0,96.4615384615,64.0,0.91797556719,152.0,14.8459545622,121.0
2016-10-16,6,1,20.0,26.0,0,102.0,95.2307692308,64.0,1.03237095363,152.0,11.7810398271,133.0
2016-10-17,0,0,20.0,24.0,0,104.0,97.1538461538,64.0,1.17946110829,152.0,15.2408668936,89.0
2016-10-18,1,0,20.0,24.0,0,104.0,96.0,64.0,1.1542991755,152.0,15.2466894263,79.0
2016-10-19,2,0,20.0,24.0,0,102.0,94.3076923077,64.0,1.006857334,152.0,15.808394145,75.0
2016-10-20,3,0,21.0,25.0,0,101.0,92.5384615385,64.0,0.814479638009,152.0,16.5650948341,80.0
2016-10-21,4,0,21.0,25.0,0,100.0,91.6923076923,64.0,0.786686838124,152.0,16.8996341125,86.0
2016-10-22,5,1,20.0,23.0,0,99.0,91.6923076923,67.0,0.838115110416,152.0,16.8996341125,96.0
2016-10-23,6,1,17.0,23.0,0,98.0,91.0769230769,67.0,0.93105899076,152.0,16.5829455417,143.0
2016-10-24,0,0,19.0,24.0,1,98.0,95.9230769231,67.0,1.13378684807,152.0,21.2003684237,76.0
2016-10-25,1,0,19.0,23.0,1,98.0,95.4615384615,67.0,1.11524163569,152.0,21.5607028022,84.0
2016-10-26,2,0,19.0,24.0,0,96.0,95.0769230769,67.0,1.08252947481,152.0,21.7165712638,61.0
2016-10-27,3,0,18.0,24.0,0,96.0,93.6153846154,61.0,0.805540368143,152.0,23.2661472846,84.0
2016-10-28,4,0,15.0,19.0,0,95.0,92.8461538462,61.0,0.837907061837,152.0,23.4056079863,66.0
2016-10-29,5,1,12.0,15.0,0,94.0,88.6153846154,61.0,0.780614132445,152.0,22.8995749424,115.0
2016-10-30,6,1,14.0,18.0,1,94.0,87.2307692308,61.0,0.974443831587,152.0,20.6030387832,104.0
2016-10-31,0,0,12.0,17.0,0,94.0,88.3846153846,61.0,1.03429504627,143.0,21.0842210835,64.0
