time_stamp,dayofweek,holiday,lt,ht,sunny,m2M,w2A,m1L,d3w3,m1Lar,w2Std,pay_sum
2016-08-01,0,0,27.0,35.0,1,75.0,23.0,23.0,1.0,124.0,0.0,23.0
2016-08-02,1,0,26.0,36.0,0,75.0,23.0,23.0,1.0,124.0,0.0,23.0
2016-08-03,2,0,25.0,30.0,0,71.0,23.0,23.0,1.0,124.0,0.0,23.0
2016-08-04,3,0,25.0,32.0,0,70.0,23.0,23.0,1.0,124.0,0.0,23.0
2016-08-05,4,0,26.0,32.0,0,70.0,23.0,23.0,1.0,107.0,0.0,23.0
2016-08-06,5,1,26.0,34.0,0,58.0,23.0,23.0,1.0,23.0,0.0,23.0
2016-08-07,6,1,26.0,34.0,0,23.0,23.0,23.0,1.0,23.0,0.0,23.0
2016-08-08,0,0,26.0,34.0,1,23.0,23.0,23.0,1.0,23.0,0.0,23.0
2016-08-09,1,0,27.0,34.0,1,23.0,23.0,23.0,1.0,23.0,0.0,23.0
2016-08-10,2,0,27.0,34.0,1,23.0,23.0,23.0,1.0,23.0,0.0,23.0
2016-08-11,3,0,27.0,35.0,1,23.0,23.0,23.0,1.0,23.0,0.0,23.0
2016-08-12,4,0,28.0,35.0,1,23.0,23.0,23.0,1.0,23.0,0.0,23.0
2016-08-13,5,1,28.0,36.0,1,23.0,23.0,23.0,1.0,23.0,0.0,23.0
2016-08-14,6,1,27.0,36.0,1,23.0,23.0,23.0,1.0,23.0,0.0,23.0
2016-08-15,0,0,27.0,36.0,1,23.0,23.0,23.0,1.0,23.0,0.0,23.0
2016-08-16,1,0,27.0,36.0,1,23.0,23.0,23.0,1.0,23.0,0.0,23.0
2016-08-17,2,0,27.0,35.0,1,23.0,23.0,23.0,1.0,23.0,0.0,23.0
2016-08-18,3,0,27.0,36.0,1,23.0,23.0,23.0,1.0,23.0,0.0,23.0
2016-08-19,4,0,29.0,37.0,1,23.0,23.0,23.0,1.0,23.0,0.0,23.0
2016-08-20,5,1,27.0,36.0,0,23.0,23.0,23.0,1.0,23.0,0.0,23.0
2016-08-21,6,1,27.0,33.0,0,23.0,23.0,23.0,1.0,23.0,0.0,23.0
2016-08-22,0,0,27.0,34.0,1,23.0,23.0,23.0,1.0,23.0,0.0,23.0
2016-08-23,1,0,25.0,34.0,1,23.0,23.0,23.0,1.0,23.0,0.0,23.0
2016-08-24,2,0,24.0,34.0,1,23.0,23.0,23.0,1.0,23.0,0.0,23.0
2016-08-25,3,0,25.0,34.0,1,23.0,23.0,23.0,1.0,23.0,0.0,23.0
2016-08-26,4,0,23.0,29.0,1,23.0,23.0,23.0,1.0,23.0,0.0,60.0
2016-08-27,5,1,20.0,29.0,1,23.0,25.8461538462,23.0,1.42186452046,60.0,9.85936613539,83.0
2016-08-28,6,1,19.0,30.0,1,23.0,30.4615384615,23.0,1.986834231,83.0,18.0708664158,83.0
2016-08-29,0,0,20.0,31.0,1,23.0,35.0769230769,23.0,2.44192328471,83.0,22.6561641755,101.0
2016-08-30,1,0,21.0,31.0,1,23.0,41.0769230769,23.0,2.56115107914,101.0,28.2909649575,79.0
2016-08-31,2,0,22.0,32.0,1,23.0,45.3846153846,23.0,2.33466489126,101.0,29.4501886151,96.0
2016-09-01,3,0,22.0,33.0,1,23.0,51.0,23.0,2.23300970874,101.0,31.532644867,70.0
2016-09-02,4,0,22.0,34.0,1,23.0,54.6153846154,23.0,1.87523918867,101.0,30.8009451941,74.0
2016-09-03,5,1,23.0,34.0,1,23.0,58.5384615385,23.0,1.73535791757,101.0,29.7544188951,115.0
2016-09-04,6,1,22.0,33.0,1,23.0,65.6153846154,23.0,1.70282708744,115.0,31.3578317086,88.0
2016-09-05,0,0,24.0,33.0,1,23.0,70.6153846154,23.0,1.71146122953,115.0,29.2772909149,77.0
2016-09-06,1,0,22.0,26.0,0,23.0,74.7692307692,23.0,1.64754339512,115.0,25.8580558676,90.0
2016-09-07,2,0,20.0,26.0,1,23.0,79.9230769231,23.0,1.41666666667,115.0,21.3017209072,103.0
2016-09-08,3,0,21.0,30.0,1,23.0,86.0769230769,23.0,1.40625,115.0,14.4086594607,76.0
2016-09-09,4,0,23.0,32.0,1,23.0,87.3076923077,23.0,1.34533633408,115.0,12.7121057711,109.0
2016-09-10,5,1,21.0,30.0,1,23.0,89.3076923077,23.0,1.35306553911,115.0,13.8696382038,89.0
2016-09-11,6,1,20.0,28.0,1,23.0,89.7692307692,23.0,1.23007856341,115.0,13.7513850835,105.0
2016-09-12,0,0,20.0,30.0,1,23.0,90.0769230769,23.0,1.28908742821,115.0,14.0409376109,84.0
2016-09-13,1,0,21.0,30.0,1,23.0,90.4615384615,23.0,1.13841113841,115.0,13.7986364132,76.0
2016-09-14,2,0,22.0,28.0,1,23.0,88.9230769231,23.0,1.05096172913,115.0,14.2043413649,100.0
2016-09-15,3,1,21.0,23.0,0,23.0,91.2307692308,23.0,0.985968904058,115.0,13.3540765666,65.0
2016-09-16,4,1,21.0,23.0,0,23.0,90.5384615385,23.0,0.911325392324,115.0,14.4201535499,75.0
2016-09-17,5,1,21.0,27.0,1,23.0,87.4615384615,23.0,0.911680911681,115.0,13.0773755578,78.0
2016-09-18,6,0,20.0,28.0,1,23.0,86.6923076923,23.0,0.830476190476,115.0,13.3150268805,100.0
2016-09-19,0,0,17.0,26.0,1,23.0,88.4615384615,23.0,0.964360587002,115.0,13.4371207116,91.0
2016-09-20,1,0,18.0,26.0,1,23.0,88.5384615385,23.0,1.01836077986,115.0,13.4485651772,90.0
2016-09-21,2,0,17.0,24.0,1,23.0,87.5384615385,23.0,1.06742640076,115.0,12.8039380037,112.0
2016-09-22,3,0,19.0,27.0,1,23.0,90.3076923077,23.0,1.0869968466,115.0,13.8585414672,116.0
2016-09-23,4,0,19.0,28.0,1,23.0,90.8461538462,23.0,1.15280043502,116.0,14.6856610016,111.0
2016-09-24,5,1,21.0,29.0,1,23.0,92.5384615385,60.0,1.23160762943,116.0,15.6136793309,105.0
2016-09-25,6,1,21.0,28.0,1,60.0,92.5384615385,65.0,1.19510439165,116.0,15.6136793309,105.0
2016-09-26,0,0,23.0,30.0,1,65.0,94.1538461538,65.0,1.13829787234,116.0,15.7326028647,77.0
2016-09-27,1,0,23.0,30.0,0,70.0,94.2307692308,65.0,1.02481699696,116.0,15.6458588581,90.0
2016-09-28,2,0,19.0,23.0,0,74.0,93.4615384615,65.0,0.978065444085,116.0,15.5890266367,76.0
2016-09-29,3,0,17.0,19.0,0,75.0,94.3076923077,65.0,0.873786407767,116.0,14.2633722164,84.0
2016-09-30,4,0,18.0,21.0,0,76.0,95.0,65.0,0.911244760343,116.0,13.5078324857,96.0
2016-10-01,5,1,20.0,24.0,0,76.0,96.3846153846,65.0,0.929557007988,116.0,12.5853300531,40.0
2016-10-02,6,1,20.0,24.0,0,76.0,91.7692307692,40.0,0.828157349896,116.0,19.5099731741,45.0
2016-10-03,0,1,18.0,26.0,1,76.0,88.2307692308,40.0,0.696689761355,116.0,23.1588290064,52.0
2016-10-04,1,1,20.0,25.0,1,76.0,85.3076923077,40.0,0.534738485558,116.0,25.0703153163,46.0
2016-10-05,2,1,20.0,26.0,1,76.0,80.2307692308,40.0,0.576380491737,116.0,25.8223333455,67.0
2016-10-06,3,1,19.0,25.0,1,76.0,76.4615384615,40.0,0.664251207729,116.0,23.8250526987,62.0
2016-10-07,4,1,17.0,20.0,0,76.0,72.6923076923,40.0,0.710083181173,116.0,21.8575268338,76.0
2016-10-08,5,0,14.0,22.0,1,76.0,70.4615384615,40.0,0.832825512899,116.0,19.8324341367,107.0
2016-10-09,6,0,13.0,21.0,1,76.0,70.6153846154,40.0,0.991100323625,116.0,20.1056381742,97.0
2016-10-10,0,0,16.0,21.0,1,77.0,72.1538461538,40.0,1.12857718662,116.0,21.2669702513,97.0
2016-10-11,1,0,16.0,20.0,1,77.0,72.6923076923,40.0,1.20810756572,116.0,21.794087467,96.0
2016-10-12,2,0,16.0,19.0,1,78.0,74.2307692308,40.0,1.17527862209,116.0,22.661909235,90.0
2016-10-13,3,0,17.0,20.0,1,79.0,74.6923076923,40.0,1.16532839201,116.0,22.9158481116,104.0
2016-10-14,4,0,16.0,18.0,1,83.0,75.3076923077,40.0,1.19933829611,116.0,23.5776446119,109.0
2016-10-15,5,1,18.0,21.0,0,83.0,80.6153846154,40.0,1.25,116.0,22.7850776455,70.0
2016-10-16,6,1,17.0,23.0,1,83.0,82.5384615385,40.0,1.19333755007,116.0,20.6532373496,122.0
2016-10-17,0,0,18.0,22.0,1,84.0,87.9230769231,40.0,1.23411234112,122.0,21.109463931,81.0
2016-10-18,1,0,18.0,23.0,1,84.0,90.6153846154,40.0,1.12554112554,122.0,17.5171935825,75.0
2016-10-19,2,0,19.0,22.0,1,84.0,91.2307692308,40.0,1.14686468647,122.0,16.8027188558,109.0
2016-10-20,3,0,19.0,21.0,0,84.0,94.8461538462,40.0,1.07657932155,122.0,15.0937896238,63.0
2016-10-21,4,0,19.0,21.0,0,84.0,93.8461538462,40.0,1.02404643449,122.0,16.6587752521,114.0
2016-10-22,5,1,18.0,21.0,0,88.0,94.3846153846,40.0,1.13357114546,122.0,17.1802142977,61.0
2016-10-23,6,1,15.0,18.0,1,88.0,91.6153846154,40.0,0.934432665881,122.0,19.3053936725,95.0
2016-10-24,0,0,16.0,20.0,1,89.0,91.4615384615,40.0,1.03388856979,122.0,19.2698065322,100.0
2016-10-25,1,0,14.0,17.0,1,90.0,91.7692307692,40.0,0.950789229341,122.0,19.3714851746,103.0
2016-10-26,2,0,16.0,18.0,0,90.0,92.7692307692,40.0,1.08501729474,122.0,19.5886695906,84.0
2016-10-27,3,0,15.0,17.0,0,90.0,91.2307692308,40.0,1.03255981292,122.0,19.4309580355,57.0
2016-10-28,4,0,11.0,15.0,0,90.0,87.2307692308,40.0,0.886950199927,122.0,20.6738550837,124.0
2016-10-29,5,1,8.0,12.0,0,90.0,91.3846153846,40.0,0.954439041959,124.0,22.1655951751,104.0
2016-10-30,6,1,10.0,17.0,1,90.0,90.0,40.0,1.02260495156,124.0,20.725309685,102.0
2016-10-31,0,0,10.0,15.0,0,90.0,91.6153846154,45.0,1.18089103596,124.0,20.7791998866,85.0
