time_stamp,dayofweek,holiday,lt,ht,sunny,m2M,w2A,m1L,d3w3,m1Lar,w2Std,pay_sum
2016-08-01,0,0,28.0,34.0,1,66.0,72.7692307692,42.0,1.28605200946,109.0,18.6595153954,62.0
2016-08-02,1,0,28.0,34.0,0,66.0,72.7692307692,42.0,1.26177024482,109.0,18.6595153954,65.0
2016-08-03,2,0,26.0,32.0,0,65.0,73.9230769231,42.0,1.10876203899,109.0,17.6524634954,64.0
2016-08-04,3,0,27.0,32.0,0,64.0,73.6153846154,42.0,0.89988221437,109.0,17.7873700289,68.0
2016-08-05,4,0,27.0,33.0,0,65.0,73.0,42.0,0.938095238095,109.0,17.8325545001,123.0
2016-08-06,5,1,27.0,33.0,1,66.0,74.6923076923,42.0,1.17565698479,123.0,21.1455927955,190.0
2016-08-07,6,1,27.0,34.0,1,67.0,83.0769230769,42.0,1.62820512821,190.0,37.3702093168,154.0
2016-08-08,0,0,27.0,34.0,0,68.0,91.0769230769,42.0,1.8620414673,190.0,40.438864662,87.0
2016-08-09,1,0,28.0,34.0,1,68.0,92.1538461538,42.0,1.69318405028,190.0,40.1283443923,131.0
2016-08-10,2,0,28.0,34.0,1,68.0,97.9230769231,42.0,1.39482564679,190.0,39.9065476379,75.0
2016-08-11,3,0,28.0,35.0,1,68.0,99.3076923077,42.0,1.09430438842,190.0,38.7583928685,84.0
2016-08-12,4,0,28.0,34.0,1,68.0,100.692307692,42.0,1.07826733594,190.0,37.8547519939,84.0
2016-08-13,5,1,28.0,35.0,1,68.0,99.6923076923,42.0,0.912162162162,190.0,38.1099313028,127.0
2016-08-14,6,1,28.0,36.0,1,69.0,101.076923077,42.0,1.07939992682,190.0,38.7446503274,109.0
2016-08-15,0,0,28.0,35.0,1,73.0,104.692307692,42.0,1.13414850257,190.0,37.0869759752,67.0
2016-08-16,1,0,28.0,35.0,1,73.0,104.846153846,42.0,1.07733333333,190.0,36.9258011816,62.0
2016-08-17,2,0,28.0,35.0,1,69.0,104.692307692,50.0,0.843522948786,190.0,37.0994186465,61.0
2016-08-18,3,0,28.0,36.0,1,68.0,104.153846154,50.0,0.671971706454,190.0,37.6744070523,51.0
2016-08-19,4,0,29.0,36.0,1,68.0,98.6153846154,50.0,0.620320855615,190.0,39.7328356004,79.0
2016-08-20,5,1,28.0,37.0,0,69.0,90.0769230769,50.0,0.6875449964,190.0,29.8830065897,133.0
2016-08-21,6,1,28.0,35.0,0,73.0,88.4615384615,50.0,0.934612651031,190.0,26.7915468431,123.0
2016-08-22,0,0,28.0,35.0,1,73.0,91.2307692308,50.0,1.15298571674,190.0,28.3145894608,62.0
2016-08-23,1,0,26.0,34.0,1,69.0,85.9230769231,50.0,1.0961737332,190.0,26.7882337502,73.0
2016-08-24,2,0,26.0,34.0,1,69.0,85.7692307692,51.0,0.885229027277,190.0,26.856180627,60.0
2016-08-25,3,0,27.0,35.0,1,68.0,83.9230769231,51.0,0.671834625323,190.0,27.7251941478,74.0
2016-08-26,4,0,26.0,34.0,0,69.0,83.1538461538,51.0,0.731707317073,190.0,27.8508283369,95.0
2016-08-27,5,1,23.0,31.0,1,73.0,80.6923076923,51.0,0.852410199144,190.0,25.1499644147,129.0
2016-08-28,6,1,22.0,30.0,1,73.0,82.2307692308,51.0,1.12495281238,190.0,27.3500213645,111.0
2016-08-29,0,0,23.0,31.0,1,74.0,85.6153846154,51.0,1.24767225326,190.0,27.9712447443,51.0
2016-08-30,1,0,23.0,31.0,1,74.0,84.7692307692,51.0,1.13450292398,190.0,28.826146908,54.0
2016-08-31,2,0,25.0,34.0,1,73.0,84.2307692308,51.0,0.852575488455,190.0,29.3261601414,67.0
2016-09-01,3,0,26.0,33.0,1,73.0,85.4615384615,51.0,0.685805422648,190.0,28.2206018161,36.0
2016-09-02,4,0,25.0,34.0,1,73.0,82.1538461538,36.0,0.644499178982,190.0,31.151851788,61.0
2016-09-03,5,1,25.0,35.0,1,73.0,76.6153846154,36.0,0.701754385965,190.0,27.8444538368,131.0
2016-09-04,6,1,25.0,33.0,1,73.0,77.2307692308,36.0,0.962025316456,190.0,28.930031897,120.0
2016-09-05,0,0,25.0,30.0,0,73.0,81.6923076923,36.0,1.27372933252,154.0,30.6578754229,41.0
2016-09-06,1,0,22.0,27.0,0,73.0,79.2307692308,36.0,1.20760959471,133.0,32.4870479426,36.0
2016-09-07,2,0,20.0,24.0,0,73.0,77.3846153846,36.0,0.827557235875,133.0,34.1659715136,49.0
2016-09-08,3,0,22.0,29.0,1,68.0,75.4615384615,36.0,0.529968454259,133.0,34.995857743,43.0
2016-09-09,4,0,23.0,31.0,1,68.0,71.4615384615,36.0,0.550893049279,133.0,35.5021459473,72.0
2016-09-10,5,1,24.0,29.0,1,72.0,67.0769230769,36.0,0.73476702509,133.0,31.4091156255,110.0
2016-09-11,6,1,23.0,26.0,0,73.0,67.0,36.0,1.01694915254,133.0,31.302494371,117.0
2016-09-12,0,0,23.0,29.0,1,73.0,72.0769230769,36.0,1.30283224401,133.0,33.5661494743,39.0
2016-09-13,1,0,23.0,30.0,1,73.0,70.9230769231,36.0,1.18538324421,133.0,34.414803475,38.0
2016-09-14,2,0,22.0,24.0,0,72.0,68.6923076923,36.0,0.877431026685,133.0,35.5189756769,53.0
2016-09-15,3,1,23.0,26.0,0,68.0,70.0,36.0,0.596467079605,133.0,34.5921289402,94.0
2016-09-16,4,1,23.0,27.0,0,72.0,72.5384615385,36.0,0.84940312213,133.0,35.046376713,98.0
2016-09-17,5,1,23.0,27.0,0,73.0,70.0,36.0,1.14942528736,133.0,31.7611276684,133.0
2016-09-18,6,0,23.0,28.0,0,73.0,71.0,36.0,1.5015015015,133.0,33.4778916715,51.0
2016-09-19,0,0,21.0,27.0,0,73.0,71.7692307692,36.0,1.30284130284,133.0,32.8894508366,41.0
2016-09-20,1,0,20.0,26.0,1,73.0,72.1538461538,36.0,1.04895104895,133.0,32.4957894405,49.0
2016-09-21,2,0,20.0,27.0,1,72.0,72.1538461538,36.0,0.665722379603,133.0,32.4957894405,42.0
2016-09-22,3,0,21.0,27.0,1,68.0,72.0769230769,36.0,0.620592383639,133.0,32.5658186505,46.0
2016-09-23,4,0,21.0,27.0,1,68.0,70.0769230769,36.0,0.650985982419,133.0,33.2992527947,97.0
2016-09-24,5,1,22.0,28.0,1,68.0,69.0769230769,36.0,0.900900900901,133.0,32.2644399121,129.0
2016-09-25,6,1,23.0,29.0,1,72.0,70.0,36.0,1.31591678761,133.0,33.7593291949,126.0
2016-09-26,0,0,24.0,31.0,1,73.0,76.6923076923,36.0,1.60401002506,133.0,35.5276373792,38.0
2016-09-27,1,0,25.0,30.0,0,73.0,76.6923076923,36.0,1.33333333333,133.0,35.5276373792,55.0
2016-09-28,2,0,22.0,28.0,0,72.0,76.8461538462,36.0,0.992522093814,133.0,35.4289020517,43.0
2016-09-29,3,0,22.0,25.0,0,68.0,72.9230769231,36.0,0.616360752323,133.0,36.1289603386,62.0
2016-09-30,4,0,23.0,28.0,0,68.0,70.1538461538,36.0,0.730093543235,133.0,35.4744678582,98.0
2016-10-01,5,1,24.0,29.0,0,72.0,67.4615384615,36.0,0.933977455717,133.0,31.7335430023,168.0
2016-10-02,6,1,24.0,32.0,1,73.0,76.4615384615,36.0,1.45777777778,168.0,41.0208490791,151.0
2016-10-03,0,1,22.0,26.0,1,74.0,84.9230769231,36.0,1.72456575682,168.0,44.0654435313,141.0
2016-10-04,1,1,22.0,26.0,1,74.0,92.0,36.0,1.78814382896,168.0,45.1033002374,145.0
2016-10-05,2,1,22.0,27.0,1,74.0,99.9230769231,36.0,1.61224866261,168.0,44.6688009146,166.0
2016-10-06,3,1,22.0,26.0,0,74.0,109.153846154,38.0,1.60368990598,168.0,44.9698123597,187.0
2016-10-07,4,1,20.0,25.0,0,74.0,116.076923077,38.0,1.68699186992,187.0,49.2863868527,193.0
2016-10-08,5,0,17.0,22.0,0,74.0,121.0,38.0,1.79487179487,193.0,53.3594487343,52.0
2016-10-09,6,0,18.0,22.0,1,73.0,115.307692308,38.0,1.41941843273,193.0,56.3838283081,44.0
2016-10-10,0,0,18.0,22.0,1,72.0,115.769230769,38.0,0.948162729659,193.0,55.7703448165,46.0
2016-10-11,1,0,19.0,25.0,1,67.0,115.076923077,38.0,0.466568095942,193.0,56.5705298903,46.0
2016-10-12,2,0,19.0,23.0,1,67.0,115.307692308,38.0,0.445974749959,193.0,56.2814146334,72.0
2016-10-13,3,0,19.0,23.0,1,67.0,116.076923077,38.0,0.531002104582,193.0,55.6119266932,58.0
2016-10-14,4,0,19.0,23.0,0,62.0,113.0,38.0,0.580858085809,193.0,57.598076891,72.0
2016-10-15,5,1,21.0,25.0,1,67.0,105.615384615,38.0,0.686024791985,193.0,56.2105088197,189.0
2016-10-16,6,1,20.0,26.0,1,72.0,108.538461538,38.0,1.04968739717,193.0,59.392586153,161.0
2016-10-17,0,0,20.0,25.0,1,72.0,110.076923077,38.0,1.30913603226,193.0,60.4629085772,69.0
2016-10-18,1,0,20.0,25.0,1,72.0,104.230769231,38.0,1.29141624287,193.0,60.4777821202,57.0
2016-10-19,2,0,20.0,24.0,0,69.0,95.8461538462,38.0,0.878885316184,193.0,58.8673164561,62.0
2016-10-20,3,0,20.0,23.0,0,67.0,86.2307692308,38.0,0.575715816873,193.0,53.1212746692,63.0
2016-10-21,4,0,0.0,21.0,0,67.0,76.2307692308,38.0,0.566448801743,193.0,43.4336874684,81.0
2016-10-22,5,1,19.0,23.0,0,67.0,78.4615384615,38.0,0.668288726683,193.0,42.8730063625,166.0
2016-10-23,6,1,18.0,23.0,1,69.0,87.8461538462,38.0,0.998389694042,193.0,47.4144511464,170.0
2016-10-24,0,0,20.0,24.0,1,69.0,97.3846153846,38.0,1.32444020962,193.0,50.4144949571,47.0
2016-10-25,1,0,18.0,22.0,1,67.0,97.4615384615,38.0,1.27602865234,193.0,50.3367359117,54.0
2016-10-26,2,0,19.0,21.0,0,63.0,96.0769230769,43.0,0.956414328569,193.0,51.257211933,58.0
2016-10-27,3,0,18.0,22.0,0,62.0,96.0769230769,43.0,0.602272727273,193.0,51.257211933,47.0
2016-10-28,4,0,15.0,20.0,0,62.0,94.1538461538,44.0,0.656753407683,193.0,52.5764588354,79.0
2016-10-29,5,1,13.0,17.0,1,63.0,85.6923076923,44.0,0.74751167987,193.0,44.9262380342,174.0
2016-10-30,6,1,14.0,18.0,1,63.0,86.6923076923,44.0,1.12930547713,193.0,46.7009876611,199.0
2016-10-31,0,0,13.0,17.0,0,69.0,96.6923076923,44.0,1.56618156618,199.0,55.0194156155,53.0
