time_stamp,dayofweek,holiday,lt,ht,sunny,m2M,w2A,m1L,d3w3,m1Lar,w2Std,pay_sum
2016-08-01,0,0,27.0,37.0,1,105.0,129.923076923,54.0,0.686204431737,225.0,57.2625015419,160.0
2016-08-02,1,0,26.0,36.0,0,105.0,126.307692308,54.0,0.749492779568,225.0,53.6518472194,169.0
2016-08-03,2,0,25.0,31.0,0,106.0,122.0,54.0,0.938217869665,225.0,47.4438939899,157.0
2016-08-04,3,0,25.0,29.0,0,107.0,118.153846154,54.0,1.19161456418,225.0,42.1259031473,208.0
2016-08-05,4,0,25.0,31.0,0,109.0,119.538461538,54.0,1.31026867869,225.0,44.6828402524,182.0
2016-08-06,5,1,24.0,32.0,0,113.0,128.461538462,54.0,1.29590144516,225.0,44.6828402524,105.0
2016-08-07,6,1,25.0,32.0,0,113.0,132.384615385,54.0,1.16115411682,225.0,39.9625564392,97.0
2016-08-08,0,0,26.0,32.0,0,113.0,129.384615385,54.0,0.925189736176,225.0,41.0282050481,162.0
2016-08-09,1,0,26.0,32.0,0,118.0,133.153846154,54.0,0.891501347049,225.0,41.5966828445,155.0
2016-08-10,2,0,26.0,34.0,0,122.0,137.615384615,54.0,1.0407239819,225.0,40.5776339712,160.0
2016-08-11,3,0,27.0,35.0,0,126.0,141.769230769,54.0,1.2207293666,225.0,39.8866737841,170.0
2016-08-12,4,0,28.0,38.0,1,134.0,144.538461538,54.0,1.25080593166,225.0,40.4961828868,168.0
2016-08-13,5,1,28.0,37.0,1,136.0,150.153846154,54.0,1.23557871232,225.0,38.235799081,93.0
2016-08-14,6,1,28.0,37.0,1,136.0,152.769230769,54.0,1.05404744436,225.0,32.6688603699,61.0
2016-08-15,0,0,28.0,37.0,1,136.0,145.153846154,54.0,0.80975732428,225.0,40.6577576169,139.0
2016-08-16,1,0,27.0,37.0,1,136.0,142.846153846,54.0,0.729672518989,225.0,40.0861498311,159.0
2016-08-17,2,0,27.0,36.0,1,139.0,143.0,54.0,0.873798223196,225.0,40.1439716712,167.0
2016-08-18,3,0,28.0,37.0,1,145.0,139.846153846,54.0,1.10714285714,225.0,36.3441798406,124.0
2016-08-19,4,0,27.0,37.0,1,145.0,135.384615385,54.0,1.0752688172,208.0,34.4037977813,132.0
2016-08-20,5,1,26.0,36.0,1,145.0,137.461538462,54.0,0.997523876901,208.0,33.3042279243,81.0
2016-08-21,6,1,26.0,34.0,1,145.0,136.230769231,54.0,0.788580788581,208.0,35.0277996106,64.0
2016-08-22,0,0,27.0,33.0,1,145.0,128.692307692,54.0,0.670783387819,208.0,38.9918820257,136.0
2016-08-23,1,0,27.0,34.0,1,145.0,127.230769231,59.0,0.688725490196,208.0,38.3288480353,142.0
2016-08-24,2,0,27.0,34.0,1,145.0,125.846153846,59.0,0.842883548983,208.0,37.434755866,138.0
2016-08-25,3,0,24.0,35.0,0,145.0,123.384615385,59.0,1.05249841872,208.0,35.4499397017,140.0
2016-08-26,4,0,21.0,27.0,0,142.0,121.230769231,59.0,1.07983031238,208.0,33.4690530908,153.0
2016-08-27,5,1,18.0,27.0,1,142.0,125.846153846,59.0,1.08797172788,208.0,33.3947166569,70.0
2016-08-28,6,1,18.0,30.0,1,140.0,126.538461538,59.0,0.925784238715,208.0,32.1118607003,61.0
2016-08-29,0,0,19.0,31.0,1,139.0,120.538461538,59.0,0.753415572357,208.0,36.2440772554,130.0
2016-08-30,1,0,20.0,31.0,1,138.0,118.307692308,61.0,0.699356913183,208.0,34.6662873595,127.0
2016-08-31,2,0,21.0,32.0,1,138.0,115.230769231,61.0,0.863543788187,208.0,31.8702992821,161.0
2016-09-01,3,0,21.0,31.0,1,139.0,118.076923077,61.0,1.13927500681,208.0,34.1004433503,130.0
2016-09-02,4,0,22.0,33.0,1,138.0,117.923076923,61.0,1.15725359911,208.0,34.0417425624,115.0
2016-09-03,5,1,22.0,33.0,1,136.0,120.538461538,61.0,1.11385459534,182.0,32.3695378751,77.0
2016-09-04,6,1,22.0,31.0,1,136.0,121.538461538,61.0,0.877623330608,170.0,30.7686538407,69.0
2016-09-05,0,0,23.0,32.0,1,136.0,116.384615385,61.0,0.732323232323,170.0,33.4124308087,122.0
2016-09-06,1,0,21.0,31.0,1,136.0,114.846153846,61.0,0.763859199088,170.0,32.6492929688,149.0
2016-09-07,2,0,23.0,32.0,1,136.0,115.692307692,61.0,0.97659055005,170.0,33.372915355,151.0
2016-09-08,3,0,22.0,32.0,1,136.0,116.538461538,61.0,1.19818285065,170.0,34.1098122238,160.0
2016-09-09,4,0,21.0,31.0,0,138.0,117.076923077,61.0,1.29068462402,170.0,34.7307479342,130.0
2016-09-10,5,1,22.0,32.0,1,136.0,121.692307692,61.0,1.21237113402,168.0,32.0513641025,99.0
2016-09-11,6,1,20.0,31.0,1,136.0,124.615384615,61.0,1.05420054201,167.0,27.8389280893,77.0
2016-09-12,0,0,22.0,33.0,1,134.0,120.538461538,61.0,0.849645980841,167.0,30.5050194725,147.0
2016-09-13,1,0,21.0,32.0,1,134.0,122.076923077,61.0,0.894984760321,167.0,31.2864225613,162.0
2016-09-14,2,0,21.0,31.0,1,136.0,122.153846154,61.0,1.05898491084,167.0,31.3831070527,136.0
2016-09-15,3,1,23.0,31.0,0,136.0,122.615384615,61.0,1.22286342402,167.0,31.5388367708,39.0
2016-09-16,4,1,22.0,30.0,0,136.0,116.769230769,39.0,0.971741637832,162.0,38.6506121877,54.0
2016-09-17,5,1,21.0,32.0,1,134.0,115.0,39.0,0.664924506388,162.0,40.8919777726,94.0
2016-09-18,6,0,20.0,31.0,1,132.0,116.923076923,39.0,0.535279805353,162.0,39.2378575798,137.0
2016-09-19,0,0,18.0,29.0,1,132.0,118.076923077,39.0,0.813356164384,162.0,39.5891623446,156.0
2016-09-20,1,0,18.0,27.0,1,132.0,118.615384615,39.0,1.09090909091,162.0,40.0510029867,170.0
2016-09-21,2,0,17.0,28.0,1,134.0,120.076923077,39.0,1.300196574,170.0,41.5256390466,166.0
2016-09-22,3,0,17.0,30.0,1,136.0,120.538461538,39.0,1.36099585062,170.0,41.9974639978,160.0
2016-09-23,4,0,18.0,31.0,1,136.0,122.846153846,39.0,1.34691106585,170.0,43.2592296134,138.0
2016-09-24,5,1,22.0,32.0,1,136.0,125.846153846,39.0,1.22946475888,170.0,42.8518847155,94.0
2016-09-25,6,1,23.0,30.0,1,136.0,127.153846154,39.0,1.02846648301,170.0,41.5818861337,116.0
2016-09-26,0,0,23.0,33.0,1,136.0,124.769230769,39.0,0.915187376726,170.0,41.263047067,155.0
2016-09-27,1,0,22.0,32.0,1,137.0,124.230769231,39.0,0.957628230356,170.0,40.8169532013,164.0
2016-09-28,2,0,16.0,25.0,0,138.0,126.384615385,39.0,1.13547376664,170.0,42.0997687944,197.0
2016-09-29,3,0,15.0,18.0,0,138.0,138.538461538,39.0,1.32767271324,197.0,37.6943484534,238.0
2016-09-30,4,0,17.0,20.0,0,138.0,152.692307692,39.0,1.47956033099,238.0,37.8384920325,191.0
2016-10-01,5,1,17.0,20.0,0,138.0,160.153846154,39.0,1.49528245551,238.0,34.9853731059,73.0
2016-10-02,6,1,16.0,23.0,0,138.0,155.230769231,39.0,1.20081329984,238.0,41.7467711255,46.0
2016-10-03,0,1,18.0,29.0,1,137.0,146.769230769,39.0,0.769421692728,238.0,50.8816936192,46.0
2016-10-04,1,1,17.0,30.0,1,136.0,137.230769231,39.0,0.428015564202,238.0,56.8995793497,42.0
2016-10-05,2,1,18.0,30.0,1,136.0,127.692307692,39.0,0.360796984383,238.0,61.4859391248,88.0
2016-10-06,3,1,19.0,29.0,1,136.0,122.153846154,39.0,0.464686468647,238.0,61.5690308689,104.0
2016-10-07,4,1,19.0,27.0,1,136.0,119.538461538,39.0,0.605825242718,238.0,61.5624953068,101.0
2016-10-08,5,0,16.0,26.0,1,132.0,120.076923077,39.0,0.756519493932,238.0,61.3670690172,136.0
2016-10-09,6,0,16.0,24.0,1,132.0,121.615384615,39.0,0.880795557278,238.0,61.4961392929,146.0
2016-10-10,0,0,16.0,23.0,1,132.0,120.923076923,39.0,0.993128484377,238.0,61.1661816296,160.0
2016-10-11,1,0,16.0,21.0,1,132.0,120.615384615,39.0,1.15059221658,238.0,60.9584202066,192.0
2016-10-12,2,0,16.0,19.0,1,136.0,120.230769231,39.0,1.2833397758,238.0,60.4892283433,167.0
2016-10-13,3,0,15.0,18.0,0,136.0,114.769230769,39.0,1.33384734002,238.0,52.2540448875,230.0
2016-10-14,4,0,15.0,19.0,1,136.0,117.769230769,39.0,1.46190121618,238.0,57.4096666293,193.0
2016-10-15,5,1,16.0,23.0,1,136.0,127.0,42.0,1.41232794734,238.0,59.0918450706,122.0
2016-10-16,6,1,16.0,24.0,1,136.0,132.846153846,42.0,1.30180341574,238.0,54.3589864538,135.0
2016-10-17,0,0,16.0,23.0,1,136.0,139.692307692,42.0,1.08264164562,238.0,48.2515597442,183.0
2016-10-18,1,0,18.0,25.0,1,136.0,150.538461538,42.0,1.0513739546,238.0,40.2580434096,178.0
2016-10-19,2,0,18.0,24.0,0,136.0,157.461538462,42.0,1.1933116805,238.0,36.4683537934,212.0
2016-10-20,3,0,19.0,23.0,0,137.0,165.769230769,42.0,1.39162112933,238.0,35.635232881,236.0
2016-10-21,4,0,18.0,24.0,0,138.0,176.153846154,42.0,1.49581839904,238.0,34.9105365489,218.0
2016-10-22,5,1,16.0,21.0,0,138.0,182.461538462,42.0,1.51277683135,238.0,34.4910587848,139.0
2016-10-23,6,1,15.0,18.0,1,138.0,181.923076923,42.0,1.30559225011,238.0,35.1052517186,126.0
2016-10-24,0,0,12.0,16.0,0,137.0,179.307692308,42.0,1.03603603604,238.0,37.8039163933,192.0
2016-10-25,1,0,12.0,16.0,0,137.0,179.307692308,42.0,0.935134029057,238.0,37.8039163933,201.0
2016-10-26,2,0,13.0,16.0,0,138.0,181.923076923,42.0,1.02640166123,238.0,38.0373531767,228.0
2016-10-27,3,0,12.0,16.0,0,139.0,181.769230769,42.0,1.18454935622,238.0,37.8461538462,235.0
2016-10-28,4,0,9.0,14.0,0,146.0,185.0,42.0,1.21980343529,238.0,40.3751637291,240.0
2016-10-29,5,1,7.0,11.0,0,147.0,194.076923077,42.0,1.25546923832,240.0,38.4076545625,150.0
2016-10-30,6,1,9.0,15.0,0,147.0,195.230769231,42.0,1.1149763625,240.0,36.8075114536,136.0
2016-10-31,0,0,9.0,14.0,0,147.0,191.615384615,42.0,0.944429482,240.0,40.0010354896,212.0
