time_stamp,dayofweek,holiday,lt,ht,sunny,m2M,w2A,m1L,d3w3,m1Lar,w2Std,pay_sum
2016-08-01,0,0,26.0,35.0,0,45.0,176.461538462,29.0,0.648253247572,436.0,142.709287814,104.0
2016-08-02,1,0,24.0,28.0,0,45.0,180.923076923,29.0,0.553496417099,436.0,139.429861904,82.0
2016-08-03,2,0,24.0,30.0,0,45.0,179.538461538,29.0,0.595412396291,436.0,140.313174657,49.0
2016-08-04,3,0,25.0,32.0,0,46.0,171.076923077,29.0,0.572821450335,436.0,144.54941212,53.0
2016-08-05,4,0,26.0,33.0,0,46.0,146.076923077,29.0,0.447198930611,436.0,134.34425443,41.0
2016-08-06,5,1,27.0,35.0,1,46.0,144.0,29.0,0.350104051904,436.0,135.736736142,82.0
2016-08-07,6,1,27.0,35.0,1,46.0,146.769230769,38.0,0.427132629535,436.0,134.066088092,64.0
2016-08-08,0,0,27.0,34.0,0,46.0,118.153846154,38.0,0.450222703744,436.0,106.051399841,52.0
2016-08-09,1,0,26.0,31.0,0,46.0,96.0,38.0,0.475675675676,436.0,85.4805420954,57.0
2016-08-10,2,0,25.0,31.0,0,46.0,71.2307692308,41.0,0.422157149829,436.0,25.4895267969,42.0
2016-08-11,3,0,25.0,31.0,0,46.0,67.9230769231,41.0,0.384958572339,436.0,26.2662741888,58.0
2016-08-12,4,0,25.0,29.0,0,46.0,61.8461538462,41.0,0.456063907044,436.0,17.1322734306,58.0
2016-08-13,5,1,26.0,31.0,0,48.0,61.5384615385,41.0,0.460977388767,436.0,17.1626400364,69.0
2016-08-14,6,1,26.0,31.0,0,49.0,62.3846153846,41.0,0.534373194685,436.0,17.2383225203,56.0
2016-08-15,0,0,25.0,31.0,0,49.0,58.6923076923,41.0,0.632780082988,436.0,12.3872429129,177.0
2016-08-16,1,0,25.0,30.0,0,49.0,66.0,41.0,1.14069877243,436.0,33.6886193977,182.0
2016-08-17,2,0,25.0,29.0,0,52.0,76.2307692308,41.0,1.76445578231,436.0,45.2006702574,275.0
2016-08-18,3,0,25.0,28.0,0,52.0,93.3076923077,41.0,2.40424725066,436.0,68.9139760475,217.0
2016-08-19,4,0,26.0,32.0,0,53.0,106.846153846,41.0,2.44468625317,436.0,74.3793252434,269.0
2016-08-20,5,1,26.0,34.0,0,54.0,121.230769231,41.0,2.48084759576,436.0,85.4428768658,69.0
2016-08-21,6,1,26.0,32.0,0,54.0,121.615384615,41.0,1.79961089494,436.0,85.1952855878,99.0
2016-08-22,0,0,26.0,35.0,1,55.0,125.230769231,41.0,1.42044531123,436.0,83.1367306089,190.0
2016-08-23,1,0,26.0,35.0,1,56.0,135.461538462,41.0,1.10545005404,436.0,82.2899333825,183.0
2016-08-24,2,0,27.0,35.0,0,57.0,146.307692308,41.0,1.37229248437,379.0,78.4595776527,175.0
2016-08-25,3,0,27.0,35.0,1,58.0,155.307692308,41.0,1.51276742581,379.0,74.4202046752,183.0
2016-08-26,4,0,26.0,34.0,0,58.0,164.923076923,41.0,1.41050710468,275.0,69.1124630177,176.0
2016-08-27,5,1,24.0,31.0,0,58.0,173.153846154,41.0,1.34288947567,275.0,63.3280180475,86.0
2016-08-28,6,1,26.0,33.0,1,58.0,175.461538462,41.0,1.10986407283,275.0,59.4443700959,101.0
2016-08-29,0,0,26.0,31.0,1,61.0,169.615384615,41.0,0.889052167524,275.0,62.6560064793,150.0
2016-08-30,1,0,25.0,30.0,1,62.0,167.153846154,41.0,0.798105387803,275.0,62.7496198626,113.0
2016-08-31,2,0,25.0,33.0,1,64.0,154.692307692,41.0,0.840840840841,275.0,55.7954845366,110.0
2016-09-01,3,0,25.0,32.0,0,68.0,146.461538462,41.0,0.846380757885,275.0,53.8553838243,94.0
2016-09-02,4,0,25.0,30.0,0,69.0,133.0,41.0,0.710603003811,275.0,42.140789668,105.0
2016-09-03,5,1,25.0,30.0,0,69.0,135.769230769,41.0,0.68438538206,275.0,38.9025485544,70.0
2016-09-04,6,1,25.0,31.0,0,70.0,133.538461538,42.0,0.5930335097,275.0,41.6793905622,60.0
2016-09-05,0,0,25.0,33.0,0,70.0,123.538461538,42.0,0.538929021901,275.0,42.5198874458,78.0
2016-09-06,1,0,26.0,32.0,0,78.0,115.461538462,42.0,0.494708050898,275.0,40.3763361477,54.0
2016-09-07,2,0,25.0,30.0,0,78.0,106.153846154,42.0,0.495739736638,275.0,39.5160067934,63.0
2016-09-08,3,0,25.0,31.0,0,78.0,96.9230769231,42.0,0.535420098847,275.0,34.1365167401,66.0
2016-09-09,4,0,26.0,31.0,0,78.0,88.4615384615,54.0,0.548314606742,275.0,26.1963455602,57.0
2016-09-10,5,1,25.0,30.0,0,78.0,86.2307692308,54.0,0.560325350203,275.0,27.5126651846,74.0
2016-09-11,6,1,25.0,31.0,0,78.0,84.1538461538,54.0,0.600243753809,275.0,27.3379031154,53.0
2016-09-12,0,0,25.0,32.0,1,78.0,76.6923076923,53.0,0.598082236307,275.0,20.8045284101,47.0
2016-09-13,1,0,25.0,34.0,1,78.0,71.6153846154,47.0,0.605744125326,275.0,19.3253060939,49.0
2016-09-14,2,0,25.0,33.0,1,78.0,66.9230769231,47.0,0.555245015838,275.0,16.6569991686,78.0
2016-09-15,3,1,26.0,34.0,1,78.0,65.6923076923,47.0,0.688836104513,275.0,15.1321594137,78.0
2016-09-16,4,1,26.0,33.0,1,78.0,63.6153846154,47.0,0.861706599412,269.0,10.8382404301,57.0
2016-09-17,5,1,26.0,33.0,1,78.0,62.6153846154,47.0,0.912010276172,269.0,10.8026952587,71.0
2016-09-18,6,0,26.0,32.0,1,78.0,63.4615384615,47.0,0.899366950448,190.0,10.993812138,48.0
2016-09-19,0,0,25.0,32.0,1,78.0,61.1538461538,47.0,0.823391812865,190.0,10.8475176448,41.0
2016-09-20,1,0,23.0,31.0,1,74.0,60.1538461538,41.0,0.788371520079,190.0,11.9990137662,36.0
2016-09-21,2,0,24.0,31.0,1,74.0,58.0769230769,36.0,0.651550690644,183.0,13.5616060908,41.0
2016-09-22,3,0,25.0,32.0,1,74.0,56.1538461538,36.0,0.641653072322,183.0,14.0649381516,54.0
2016-09-23,4,0,25.0,32.0,1,71.0,55.9230769231,36.0,0.743262411348,183.0,14.0737701387,46.0
2016-09-24,5,1,25.0,32.0,1,70.0,53.7692307692,36.0,0.816681146829,176.0,13.2615920042,80.0
2016-09-25,6,1,26.0,33.0,1,70.0,55.8461538462,36.0,1.02476515798,150.0,14.9812506094,62.0
2016-09-26,0,0,26.0,35.0,1,69.0,57.0,36.0,1.08513708514,150.0,14.8323969742,36.0
2016-09-27,1,0,26.0,34.0,1,69.0,56.0,36.0,1.04368220463,150.0,15.748015748,50.0
2016-09-28,2,0,24.0,32.0,1,69.0,53.8461538462,36.0,0.877817319098,113.0,14.4533528388,41.0
2016-09-29,3,0,24.0,28.0,0,69.0,51.0,36.0,0.770397330907,110.0,12.9851986745,57.0
2016-09-30,4,0,20.0,24.0,0,66.0,51.0,36.0,0.897785865939,105.0,12.9851986745,57.0
2016-10-01,5,1,21.0,28.0,0,64.0,49.9230769231,36.0,0.955021565003,105.0,11.8091329615,65.0
2016-10-02,6,1,23.0,31.0,0,65.0,51.2307692308,36.0,1.09079829372,80.0,12.4477606646,59.0
2016-10-03,0,1,24.0,32.0,0,65.0,52.6153846154,36.0,1.09101868596,80.0,12.2319786533,64.0
2016-10-04,1,1,24.0,32.0,0,65.0,54.7692307692,36.0,1.11804936069,80.0,11.5635624412,71.0
2016-10-05,2,1,25.0,33.0,1,65.0,57.0769230769,36.0,1.16098144823,80.0,11.5789034851,42.0
2016-10-06,3,1,25.0,32.0,1,65.0,56.1538461538,36.0,1.09461966605,80.0,12.2464824077,74.0
2016-10-07,4,1,25.0,32.0,1,66.0,58.3076923077,36.0,1.13850837139,80.0,12.72420235,53.0
2016-10-08,5,0,25.0,31.0,1,66.0,56.2307692308,36.0,1.04611575364,80.0,11.1158504028,31.0
2016-10-09,6,0,23.0,29.0,1,66.0,53.8461538462,31.0,0.993710691824,80.0,12.817332939,28.0
2016-10-10,0,0,22.0,28.0,1,66.0,53.2307692308,28.0,0.713148678765,80.0,13.8127802925,28.0
2016-10-11,1,0,20.0,26.0,0,66.0,51.5384615385,28.0,0.55822906641,80.0,15.3653725811,22.0
2016-10-12,2,0,20.0,25.0,0,65.0,50.0769230769,22.0,0.509803921569,80.0,17.1035827936,31.0
2016-10-13,3,0,22.0,29.0,1,65.0,48.0769230769,22.0,0.541624874624,80.0,17.6872902584,48.0
2016-10-14,4,0,22.0,30.0,1,64.0,47.3846153846,22.0,0.674007340674,80.0,17.499619607,47.0
2016-10-15,5,1,22.0,31.0,1,63.0,46.0,22.0,0.869565217391,80.0,16.7469859516,65.0
2016-10-16,6,1,23.0,31.0,1,63.0,46.4615384615,22.0,1.10079119367,80.0,17.1760807951,52.0
2016-10-17,0,0,22.0,30.0,1,62.0,45.5384615385,22.0,1.10998307953,80.0,16.5185927163,29.0
2016-10-18,1,0,22.0,26.0,0,60.0,42.3076923077,22.0,1.00968188105,80.0,15.2839011099,25.0
2016-10-19,2,0,22.0,25.0,0,59.0,41.0,22.0,0.745428973277,80.0,15.966310686,44.0
2016-10-20,3,0,23.0,30.0,1,57.0,38.6923076923,22.0,0.698752228164,80.0,12.9042903741,42.0
2016-10-21,4,0,23.0,26.0,0,57.0,37.8461538462,22.0,0.804347826087,80.0,12.2841120267,40.0
2016-10-22,5,1,24.0,31.0,1,57.0,38.5384615385,22.0,0.938547486034,80.0,12.1314301561,62.0
2016-10-23,6,1,25.0,31.0,0,57.0,41.1538461538,22.0,1.06904231626,80.0,13.1958394017,66.0
2016-10-24,0,0,25.0,30.0,0,57.0,44.0769230769,22.0,1.24444444444,74.0,14.1337650189,45.0
2016-10-25,1,0,25.0,31.0,0,57.0,45.8461538462,22.0,1.31960335622,74.0,12.6177296132,48.0
2016-10-26,2,0,25.0,32.0,1,54.0,47.1538461538,22.0,1.20454545455,74.0,11.870105656,56.0
2016-10-27,3,0,25.0,32.0,1,54.0,47.7692307692,22.0,1.15235885538,74.0,12.1031073324,46.0
2016-10-28,4,0,24.0,32.0,1,54.0,47.6923076923,22.0,1.16959064327,74.0,12.1109271409,61.0
2016-10-29,5,1,20.0,28.0,1,54.0,47.3846153846,22.0,1.22787193974,74.0,11.7115226727,59.0
2016-10-30,6,1,19.0,25.0,1,54.0,47.9230769231,22.0,1.20815138282,74.0,12.0668748007,53.0
2016-10-31,0,0,19.0,26.0,1,53.0,49.7692307692,22.0,1.22564647538,74.0,10.7999561691,46.0
