time_stamp,dayofweek,holiday,lt,ht,sunny,m2M,w2A,m1L,d3w3,m1Lar,w2Std,pay_sum
2016-08-01,0,0,27.0,34.0,0,145.0,160.615384615,112.0,0.982189904099,190.0,19.3133611047,146.0
2016-08-02,1,0,27.0,34.0,0,146.0,160.230769231,112.0,1.02225020991,190.0,19.5493609817,140.0
2016-08-03,2,0,25.0,32.0,0,145.0,158.153846154,112.0,0.982744107744,190.0,20.1450362424,143.0
2016-08-04,3,0,25.0,32.0,0,143.0,154.538461538,125.0,0.900503778338,190.0,18.2319051902,138.0
2016-08-05,4,0,26.0,34.0,1,143.0,152.846153846,125.0,0.886502421562,190.0,18.6623691869,188.0
2016-08-06,5,1,27.0,33.0,0,145.0,153.692307692,125.0,0.98322851153,190.0,19.9437077618,211.0
2016-08-07,6,1,26.0,32.0,0,146.0,155.461538462,125.0,1.11283804787,211.0,23.5947040492,237.0
2016-08-08,0,0,26.0,33.0,0,147.0,161.230769231,125.0,1.28836219994,237.0,32.1179409393,205.0
2016-08-09,1,0,26.0,31.0,0,148.0,166.692307692,125.0,1.3014449427,237.0,33.0463185786,190.0
2016-08-10,2,0,26.0,33.0,1,148.0,170.384615385,125.0,1.25098970705,237.0,32.7614653132,157.0
2016-08-11,3,0,27.0,34.0,1,148.0,170.846153846,125.0,1.10344827586,237.0,32.5265481009,166.0
2016-08-12,4,0,27.0,34.0,1,148.0,174.0,125.0,1.02364561509,237.0,29.8019101091,173.0
2016-08-13,5,1,26.0,33.0,1,151.0,175.0,125.0,0.990909999001,237.0,29.5322509497,225.0
2016-08-14,6,1,26.0,33.0,1,151.0,178.384615385,125.0,1.11440426793,237.0,32.4073554365,236.0
2016-08-15,0,0,26.0,34.0,1,151.0,185.307692308,125.0,1.22583139985,237.0,34.307174884,194.0
2016-08-16,1,0,27.0,35.0,1,152.0,189.461538462,125.0,1.24477385025,237.0,31.7432376435,178.0
2016-08-17,2,0,27.0,35.0,1,152.0,192.153846154,125.0,1.14371708051,237.0,29.0592131659,178.0
2016-08-18,3,0,27.0,35.0,1,157.0,195.230769231,125.0,1.02678988145,237.0,24.995857645,154.0
2016-08-19,4,0,27.0,35.0,1,157.0,192.615384615,125.0,0.944444444444,237.0,27.289159475,162.0
2016-08-20,5,1,27.0,37.0,1,159.0,188.846153846,125.0,0.914306866556,237.0,27.8673952133,205.0
2016-08-21,6,1,26.0,34.0,1,160.0,186.384615385,125.0,0.957896672182,237.0,24.7434170314,219.0
2016-08-22,0,0,26.0,35.0,1,160.0,187.461538462,125.0,1.05614129945,237.0,25.811790343,195.0
2016-08-23,1,0,25.0,34.0,1,160.0,187.846153846,125.0,1.09927188776,237.0,25.8839010074,182.0
2016-08-24,2,0,25.0,34.0,1,161.0,189.769230769,125.0,1.04754372089,237.0,24.4072935069,175.0
2016-08-25,3,0,25.0,34.0,1,162.0,190.461538462,125.0,0.960835509138,237.0,23.8444168102,164.0
2016-08-26,4,0,26.0,34.0,1,162.0,189.769230769,125.0,0.912594149588,237.0,24.4639573066,167.0
2016-08-27,5,1,23.0,31.0,1,163.0,185.307692308,125.0,0.896686159844,237.0,22.8688051398,299.0
2016-08-28,6,1,22.0,30.0,1,164.0,190.153846154,138.0,1.09832635983,299.0,36.0018079756,205.0
2016-08-29,0,0,22.0,30.0,1,166.0,191.0,138.0,1.16980474198,299.0,36.2109205797,172.0
2016-08-30,1,0,19.0,32.0,1,167.0,190.538461538,138.0,1.18409528814,299.0,36.4113578743,173.0
2016-08-31,2,0,23.0,33.0,1,167.0,190.153846154,138.0,0.959358102215,299.0,36.5678424383,174.0
2016-09-01,3,0,23.0,32.0,1,167.0,191.692307692,138.0,0.903394255875,299.0,35.4170419982,182.0
2016-09-02,4,0,23.0,33.0,1,172.0,193.230769231,138.0,0.918642007467,299.0,34.516782643,178.0
2016-09-03,5,1,22.0,32.0,1,173.0,191.153846154,154.0,0.938818565401,299.0,34.5584146579,203.0
2016-09-04,6,1,24.0,31.0,0,173.0,189.923076923,154.0,0.998492506872,299.0,33.8218444169,201.0
2016-09-05,0,0,23.0,30.0,0,174.0,190.384615385,154.0,1.0302708444,299.0,33.9287453837,208.0
2016-09-06,1,0,23.0,29.0,0,174.0,192.384615385,154.0,1.07481559536,299.0,34.1411965487,170.0
2016-09-07,2,0,21.0,26.0,0,173.0,192.0,154.0,1.01900739176,299.0,34.3623228372,183.0
2016-09-08,3,0,20.0,29.0,1,174.0,193.461538462,154.0,0.979827089337,299.0,33.5344034242,195.0
2016-09-09,4,0,22.0,31.0,1,174.0,195.615384615,154.0,0.948917748918,299.0,32.6532798719,264.0
2016-09-10,5,1,23.0,28.0,1,174.0,192.923076923,154.0,1.09490918393,299.0,24.42401573,255.0
2016-09-11,6,1,21.0,26.0,0,175.0,196.769230769,154.0,1.20659062104,299.0,29.443959407,214.0
2016-09-12,0,0,21.0,26.0,0,177.0,200.0,154.0,1.23276152035,299.0,28.8470769083,190.0
2016-09-13,1,0,22.0,26.0,0,178.0,201.307692308,154.0,1.10607586438,299.0,27.9653208742,132.0
2016-09-14,2,0,22.0,26.0,0,178.0,198.076923077,132.0,0.909476541953,299.0,32.9205606515,154.0
2016-09-15,3,1,24.0,26.0,0,178.0,195.923076923,132.0,0.809730373395,299.0,34.7661673259,223.0
2016-09-16,4,1,24.0,29.0,0,178.0,199.384615385,132.0,0.853668763103,299.0,35.0484027103,220.0
2016-09-17,5,1,23.0,28.0,0,178.0,200.692307692,132.0,1.02156057495,299.0,35.4734670409,213.0
2016-09-18,6,0,22.0,26.0,0,181.0,201.615384615,132.0,1.12021857923,299.0,35.6252686069,201.0
2016-09-19,0,0,20.0,26.0,1,181.0,201.076923077,132.0,1.07466734469,299.0,35.5775675617,169.0
2016-09-20,1,0,19.0,26.0,1,181.0,201.0,132.0,0.989225417833,299.0,35.6456923711,171.0
2016-09-21,2,0,19.0,26.0,1,181.0,200.076923077,132.0,0.918661912039,299.0,36.2501173228,187.0
2016-09-22,3,0,18.0,27.0,1,181.0,199.461538462,132.0,0.893750529975,299.0,36.3986799943,167.0
2016-09-23,4,0,21.0,28.0,1,181.0,192.0,132.0,0.892857142857,299.0,32.0912161478,183.0
2016-09-24,5,1,20.0,29.0,1,182.0,186.461538462,132.0,0.917948717949,299.0,26.4593022311,238.0
2016-09-25,6,1,21.0,30.0,1,182.0,188.307692308,132.0,0.995681991364,299.0,29.0288573012,211.0
2016-09-26,0,0,24.0,30.0,1,183.0,189.923076923,132.0,1.06937394247,264.0,29.6556170278,158.0
2016-09-27,1,0,24.0,31.0,0,183.0,191.923076923,132.0,1.03021045485,264.0,26.3773257479,163.0
2016-09-28,2,0,23.0,29.0,0,183.0,192.615384615,132.0,0.907540088707,264.0,25.4755945399,128.0
2016-09-29,3,0,23.0,27.0,0,183.0,185.307692308,128.0,0.779310943331,264.0,29.0818066717,171.0
2016-09-30,4,0,25.0,31.0,0,183.0,181.538461538,128.0,0.821771611526,264.0,27.4719868079,194.0
2016-10-01,5,1,24.0,32.0,1,183.0,180.076923077,128.0,0.891420305578,264.0,26.2369719713,237.0
2016-10-02,6,1,23.0,32.0,1,187.0,182.846153846,128.0,1.08176100629,264.0,29.9380030007,222.0
2016-10-03,0,1,22.0,27.0,0,188.0,186.923076923,128.0,1.16337074648,264.0,31.3502828805,186.0
2016-10-04,1,1,22.0,26.0,0,187.0,188.076923077,128.0,1.13277133825,264.0,31.0172694787,176.0
2016-10-05,2,1,22.0,26.0,1,186.0,187.230769231,128.0,1.01973109831,264.0,31.1846950779,221.0
2016-10-06,3,1,23.0,27.0,0,186.0,191.384615385,128.0,1.01851851852,264.0,31.8035761452,193.0
2016-10-07,4,1,21.0,26.0,0,186.0,192.153846154,128.0,1.03809272455,264.0,31.7122789949,199.0
2016-10-08,5,0,19.0,22.0,0,186.0,189.153846154,128.0,1.0825607064,264.0,28.9584480934,218.0
2016-10-09,6,0,18.0,20.0,1,187.0,189.692307692,128.0,1.07243319269,255.0,29.4210406535,238.0
2016-10-10,0,0,18.0,21.0,1,190.0,195.846153846,128.0,1.13096779763,238.0,30.4955132989,188.0
2016-10-11,1,0,19.0,23.0,1,190.0,197.769230769,128.0,1.10709987966,238.0,29.1208459465,172.0
2016-10-12,2,0,19.0,24.0,1,188.0,201.153846154,128.0,1.03201311589,238.0,22.6540747017,209.0
2016-10-13,3,0,19.0,24.0,1,188.0,204.076923077,128.0,0.971404182672,238.0,20.9631968292,207.0
2016-10-14,4,0,20.0,24.0,0,188.0,205.076923077,128.0,0.997709340799,238.0,20.767806219,233.0
2016-10-15,5,1,20.0,24.0,1,190.0,204.769230769,128.0,1.10261637785,238.0,20.317305417,260.0
2016-10-16,6,1,21.0,26.0,0,193.0,207.692307692,128.0,1.17459518416,260.0,24.8205393092,287.0
2016-10-17,0,0,20.0,24.0,1,194.0,215.461538462,128.0,1.26767430522,287.0,31.6753128443,204.0
2016-10-18,1,0,20.0,25.0,1,195.0,217.615384615,128.0,1.20846407595,287.0,29.8162022592,181.0
2016-10-19,2,0,20.0,24.0,0,194.0,214.538461538,128.0,1.0676835081,287.0,31.3334802128,227.0
2016-10-20,3,0,23.0,26.0,0,194.0,217.153846154,128.0,0.959548447789,287.0,30.8416455558,209.0
2016-10-21,4,0,23.0,27.0,0,194.0,217.923076923,128.0,0.963987188501,287.0,30.502109734,176.0
2016-10-22,5,1,21.0,25.0,0,194.0,214.692307692,128.0,0.970042796006,287.0,32.4828584745,257.0
2016-10-23,6,1,19.0,22.0,0,195.0,216.153846154,128.0,1.00919594435,287.0,33.8954186917,289.0
2016-10-24,0,0,20.0,24.0,1,199.0,223.923076923,128.0,1.1080417434,289.0,37.8914675568,219.0
2016-10-25,1,0,20.0,26.0,1,201.0,227.538461538,128.0,1.16252564395,289.0,34.8879864371,181.0
2016-10-26,2,0,22.0,28.0,0,199.0,225.384615385,128.0,1.05666743348,289.0,36.7790460025,201.0
2016-10-27,3,0,21.0,26.0,1,199.0,224.923076923,128.0,0.920015308075,289.0,37.0435534482,224.0
2016-10-28,4,0,17.0,22.0,0,201.0,224.230769231,171.0,0.922374429224,289.0,36.9701622854,237.0
2016-10-29,5,1,13.0,16.0,0,201.0,222.461538462,172.0,1.00325831628,289.0,35.7461463972,236.0
2016-10-30,6,1,14.0,19.0,1,201.0,218.538461538,172.0,1.05678113866,289.0,30.9207806266,253.0
2016-10-31,0,0,14.0,20.0,0,203.0,222.307692308,172.0,1.08471537427,289.0,31.8901591172,184.0
