time_stamp,dayofweek,holiday,lt,ht,sunny,m2M,w2A,m1L,d3w3,m1Lar,w2Std,pay_sum
2016-08-01,0,0,25.0,35.0,0,95.0,90.5384615385,37.0,0.809205642168,133.0,28.1742254951,99.0
2016-08-02,1,0,25.0,29.0,0,95.0,90.6923076923,37.0,0.780181179516,133.0,28.2145205807,20.0
2016-08-03,2,0,25.0,31.0,0,95.0,83.6923076923,20.0,0.630526720492,133.0,33.1625011012,101.0
2016-08-04,3,0,26.0,32.0,1,96.0,83.6153846154,20.0,0.845828527489,133.0,33.1210796497,115.0
2016-08-05,4,0,26.0,34.0,1,96.0,84.6923076923,20.0,0.906820365034,133.0,33.8875620826,87.0
2016-08-06,5,1,27.0,35.0,1,95.0,87.2307692308,20.0,1.13995485327,133.0,32.7088645857,53.0
2016-08-07,6,1,27.0,36.0,1,95.0,88.4615384615,20.0,0.952380952381,133.0,31.0548283986,46.0
2016-08-08,0,0,27.0,35.0,0,95.0,82.3076923077,20.0,0.730270906949,133.0,30.9326429903,212.0
2016-08-09,1,0,25.0,34.0,0,96.0,90.0,20.0,1.14359257216,212.0,46.0835361891,103.0
2016-08-10,2,0,26.0,31.0,0,97.0,88.9230769231,20.0,1.33333333333,212.0,45.6010484671,120.0
2016-08-11,3,0,26.0,32.0,0,97.0,90.3076923077,20.0,1.59078442128,212.0,46.2458058229,130.0
2016-08-12,4,0,26.0,30.0,0,98.0,92.1538461538,20.0,1.27069834413,212.0,47.3023761866,100.0
2016-08-13,5,1,25.0,32.0,0,98.0,94.6923076923,20.0,1.22936424306,212.0,46.7668268613,61.0
2016-08-14,6,1,26.0,32.0,0,98.0,95.9230769231,20.0,1.00936524454,212.0,45.6398300045,42.0
2016-08-15,0,0,25.0,31.0,0,98.0,91.5384615385,20.0,0.736307580704,212.0,47.8195572875,139.0
2016-08-16,1,0,25.0,31.0,0,98.0,100.692307692,20.0,0.865058087578,212.0,44.5255062864,149.0
2016-08-17,2,0,25.0,31.0,0,99.0,104.384615385,20.0,1.15972588297,212.0,46.3507338943,134.0
2016-08-18,3,0,25.0,30.0,0,100.0,105.846153846,20.0,1.45844133402,212.0,46.9579945743,116.0
2016-08-19,4,0,26.0,32.0,0,100.0,108.076923077,20.0,1.37184115523,212.0,46.6978199762,108.0
2016-08-20,5,1,26.0,34.0,1,100.0,112.307692308,20.0,1.20538720539,212.0,43.9254343972,51.0
2016-08-21,6,1,27.0,35.0,0,100.0,112.692307692,20.0,0.923128566633,212.0,43.3614231518,44.0
2016-08-22,0,0,27.0,35.0,1,99.0,99.7692307692,20.0,0.700845848438,212.0,36.2982386649,129.0
2016-08-23,1,0,27.0,35.0,1,100.0,101.769230769,20.0,0.732026143791,212.0,37.1279572169,124.0
2016-08-24,2,0,28.0,36.0,1,101.0,102.076923077,20.0,0.959767329132,212.0,37.2939705138,121.0
2016-08-25,3,0,27.0,36.0,1,101.0,101.384615385,20.0,1.20509102626,212.0,36.850088115,115.0
2016-08-26,4,0,25.0,35.0,0,101.0,102.538461538,20.0,1.14449213162,212.0,37.0231016957,115.0
2016-08-27,5,1,24.0,32.0,0,101.0,106.692307692,20.0,1.08383510885,212.0,35.1094653365,57.0
2016-08-28,6,1,26.0,33.0,1,101.0,107.846153846,20.0,0.881720430108,212.0,33.1566124136,44.0
2016-08-29,0,0,26.0,33.0,1,101.0,100.538461538,20.0,0.719280719281,212.0,35.8449983307,125.0
2016-08-30,1,0,25.0,32.0,1,101.0,98.6923076923,20.0,0.744400527009,212.0,33.8648549734,109.0
2016-08-31,2,0,25.0,33.0,0,101.0,96.7692307692,20.0,0.920682232158,212.0,32.4870479426,115.0
2016-09-01,3,0,25.0,32.0,0,102.0,96.6923076923,42.0,1.16449783116,212.0,32.4425755768,104.0
2016-09-02,4,0,25.0,31.0,0,102.0,96.3846153846,42.0,1.09224109224,212.0,32.3527158806,116.0
2016-09-03,5,1,25.0,31.0,0,102.0,101.384615385,42.0,1.08572354562,212.0,29.8806303649,46.0
2016-09-04,6,1,26.0,31.0,0,102.0,101.538461538,42.0,0.86042374252,212.0,29.588499285,38.0
2016-09-05,0,0,26.0,32.0,0,102.0,94.5384615385,38.0,0.680272108844,212.0,32.8484056155,109.0
2016-09-06,1,0,26.0,33.0,0,102.0,93.3846153846,38.0,0.670138888889,212.0,32.0469330383,113.0
2016-09-07,2,0,25.0,31.0,0,102.0,92.7692307692,38.0,0.912761102335,149.0,31.584206974,110.0
2016-09-08,3,0,26.0,32.0,0,103.0,92.3846153846,38.0,1.16921993309,149.0,31.3406554876,120.0
2016-09-09,4,0,26.0,32.0,0,104.0,92.7692307692,38.0,1.20034995626,149.0,31.6450356932,103.0
2016-09-10,5,1,25.0,30.0,0,104.0,96.3076923077,38.0,1.13438937149,149.0,29.9753350283,57.0
2016-09-11,6,1,25.0,30.0,0,104.0,97.3076923077,38.0,0.947546531303,149.0,28.3884716997,42.0
2016-09-12,0,0,24.0,33.0,1,104.0,90.9230769231,38.0,0.715170826695,149.0,30.6831488166,117.0
2016-09-13,1,0,26.0,35.0,1,104.0,91.5384615385,38.0,0.767590618337,149.0,31.116691995,103.0
2016-09-14,2,0,26.0,35.0,1,104.0,90.6153846154,38.0,0.940078937926,149.0,30.5803820008,104.0
2016-09-15,3,1,25.0,34.0,1,104.0,90.6153846154,38.0,1.16946399567,134.0,30.5803820008,33.0
2016-09-16,4,1,25.0,34.0,1,104.0,84.2307692308,33.0,0.906515580737,129.0,33.1689239318,32.0
2016-09-17,5,1,25.0,34.0,1,104.0,83.1538461538,32.0,0.647509578544,129.0,34.5895630187,38.0
2016-09-18,6,0,25.0,33.0,1,103.0,83.1538461538,32.0,0.39600153787,129.0,34.5895630187,111.0
2016-09-19,0,0,23.0,32.0,1,104.0,83.3076923077,32.0,0.701550387597,129.0,34.7084219781,120.0
2016-09-20,1,0,24.0,31.0,1,104.0,83.8461538462,32.0,1.03601001348,129.0,35.2154820713,93.0
2016-09-21,2,0,24.0,31.0,1,104.0,82.5384615385,32.0,1.2638970158,125.0,34.5289519202,109.0
2016-09-22,3,0,24.0,32.0,1,106.0,81.6923076923,32.0,1.25243096072,125.0,33.7260105406,128.0
2016-09-23,4,0,25.0,32.0,1,106.0,83.6153846154,32.0,1.27462340672,128.0,35.5496152993,132.0
2016-09-24,5,1,25.0,32.0,1,106.0,89.3846153846,32.0,1.35761589404,132.0,36.8250300779,58.0
2016-09-25,6,1,26.0,33.0,1,104.0,90.6153846154,32.0,1.15720524017,132.0,35.4629567546,53.0
2016-09-26,0,0,26.0,34.0,1,104.0,85.6923076923,32.0,0.912162162162,132.0,35.8981135467,143.0
2016-09-27,1,0,27.0,35.0,1,104.0,88.7692307692,32.0,0.93761535622,143.0,38.8431834356,140.0
2016-09-28,2,0,28.0,34.0,1,108.0,91.5384615385,32.0,1.22004357298,143.0,41.0508416191,132.0
2016-09-29,3,0,21.0,28.0,0,109.0,99.1538461538,32.0,1.49711399711,143.0,38.5942326378,111.0
2016-09-30,4,0,20.0,26.0,0,109.0,105.230769231,32.0,1.3757183908,143.0,33.4138475351,95.0
2016-10-01,5,1,20.0,28.0,0,109.0,109.615384615,32.0,1.1897219289,143.0,27.5249214672,41.0
2016-10-02,6,1,23.0,31.0,1,109.0,104.230769231,32.0,0.869871456242,143.0,33.0248248028,32.0
2016-10-03,0,1,24.0,33.0,1,109.0,97.4615384615,32.0,0.619469026549,143.0,37.7758884936,26.0
2016-10-04,1,1,24.0,32.0,1,109.0,92.3076923077,26.0,0.381282495667,143.0,42.3290855003,26.0
2016-10-05,2,1,23.0,33.0,1,109.0,85.9230769231,26.0,0.338777979431,143.0,45.4726655653,26.0
2016-10-06,3,1,25.0,32.0,1,109.0,78.0769230769,26.0,0.315917375456,143.0,46.3273661249,46.0
2016-10-07,4,1,25.0,31.0,1,108.0,71.4615384615,26.0,0.393574297189,143.0,44.2486251583,46.0
2016-10-08,5,0,24.0,31.0,0,108.0,70.5384615385,26.0,0.471622701839,143.0,44.6432273865,81.0
2016-10-09,6,0,22.0,30.0,1,104.0,72.6923076923,26.0,0.704110704111,143.0,44.4199965632,93.0
2016-10-10,0,0,22.0,30.0,1,104.0,68.8461538462,26.0,0.910407614318,143.0,40.1225932014,95.0
2016-10-11,1,0,21.0,28.0,0,104.0,65.3846153846,26.0,1.11179995867,143.0,35.5106451245,70.0
2016-10-12,2,0,20.0,25.0,0,104.0,60.6153846154,26.0,1.09275730623,143.0,29.9757298276,112.0
2016-10-13,3,0,22.0,28.0,1,104.0,60.6923076923,26.0,1.18528027386,143.0,30.1059273882,111.0
2016-10-14,4,0,20.0,30.0,1,104.0,61.9230769231,26.0,1.27087399696,143.0,31.7646672081,101.0
2016-10-15,5,1,21.0,31.0,1,104.0,66.5384615385,26.0,1.36708860759,143.0,32.7334582643,54.0
2016-10-16,6,1,24.0,32.0,1,103.0,68.2307692308,26.0,1.12165296226,143.0,31.4475236793,42.0
2016-10-17,0,0,23.0,32.0,1,103.0,69.4615384615,26.0,0.887387387387,143.0,30.0528134728,120.0
2016-10-18,1,0,23.0,26.0,0,103.0,76.6923076923,26.0,0.986301369863,143.0,30.0342999186,78.0
2016-10-19,2,0,23.0,27.0,0,103.0,80.6923076923,26.0,1.13798008535,143.0,26.2396781623,109.0
2016-10-20,3,0,24.0,31.0,1,103.0,85.5384615385,26.0,1.45773979107,143.0,25.1812365573,118.0
2016-10-21,4,0,24.0,27.0,0,103.0,91.0769230769,26.0,1.42490072413,143.0,23.7534176924,103.0
2016-10-22,5,1,24.0,30.0,1,103.0,92.7692307692,26.0,1.47750167898,143.0,23.7588974302,68.0
2016-10-23,6,1,24.0,31.0,1,103.0,90.8461538462,26.0,1.26338797814,143.0,24.6571760622,53.0
2016-10-24,0,0,24.0,30.0,1,101.0,87.6153846154,26.0,0.962199312715,143.0,26.5780084383,121.0
2016-10-25,1,0,24.0,31.0,1,101.0,91.5384615385,26.0,0.979558793766,143.0,27.4383655731,110.0
2016-10-26,2,0,25.0,32.0,1,103.0,91.3846153846,26.0,1.09378008858,140.0,27.328594384,121.0
2016-10-27,3,0,24.0,33.0,1,103.0,92.1538461538,26.0,1.29937246216,132.0,28.002324502,126.0
2016-10-28,4,0,22.0,33.0,1,103.0,94.0769230769,26.0,1.2619300106,126.0,29.3689043782,115.0
2016-10-29,5,1,20.0,29.0,1,103.0,98.7692307692,26.0,1.25694444444,126.0,27.3977928537,48.0
2016-10-30,6,1,19.0,28.0,1,103.0,99.2307692308,26.0,1.02755555556,126.0,26.4724932601,48.0
2016-10-31,0,0,19.0,27.0,1,101.0,93.6923076923,26.0,0.769511305616,126.0,28.9625344603,109.0
