time_stamp,dayofweek,holiday,lt,ht,sunny,m2M,w2A,m1L,d3w3,m1Lar,w2Std,pay_sum
2016-08-01,0,0,27.0,37.0,1,1.0,1.0,1.0,1.0,1.0,0.0,51.0
2016-08-02,1,0,27.0,35.0,0,1.0,4.84615384615,1.0,5.04761904762,51.0,13.3234677505,45.0
2016-08-03,2,0,26.0,32.0,0,1.0,8.23076923077,1.0,5.67251461988,51.0,16.9984336208,64.0
2016-08-04,3,0,27.0,33.0,0,1.0,13.0769230769,1.0,6.0263653484,64.0,22.3760226701,35.0
2016-08-05,4,0,26.0,33.0,0,1.0,15.6923076923,1.0,4.54976303318,64.0,22.7946843175,50.0
2016-08-06,5,1,26.0,34.0,0,1.0,19.4615384615,1.0,3.82051282051,64.0,24.0691803721,61.0
2016-08-07,6,1,27.0,35.0,1,1.0,24.0769230769,1.0,3.04166666667,64.0,25.7785287474,60.0
2016-08-08,0,0,26.0,34.0,0,1.0,28.6153846154,1.0,3.00791556728,64.0,26.4997487986,62.0
2016-08-09,1,0,26.0,30.0,0,1.0,33.3076923077,1.0,2.77272727273,64.0,26.5949232153,55.0
2016-08-10,2,0,27.0,35.0,0,1.0,37.4615384615,1.0,2.38866396761,64.0,25.4153659899,48.0
2016-08-11,3,0,27.0,36.0,1,1.0,41.0769230769,1.0,2.03327171904,64.0,23.2195591903,61.0
2016-08-12,4,0,27.0,36.0,1,1.0,45.6923076923,1.0,1.81919023849,64.0,20.611365854,78.0
2016-08-13,5,1,27.0,35.0,1,1.0,51.6153846154,1.0,1.83874139626,78.0,17.7873700289,90.0
2016-08-14,6,1,28.0,35.0,1,1.0,58.4615384615,1.0,1.99043893959,90.0,13.63036985,82.0
2016-08-15,0,0,27.0,36.0,1,1.0,60.8461538462,1.0,1.96540880503,90.0,14.7796437651,56.0
2016-08-16,1,0,26.0,36.0,1,1.0,61.6923076923,1.0,1.68327796235,90.0,14.1496649342,70.0
2016-08-17,2,0,28.0,37.0,1,1.0,62.1538461538,1.0,1.42661179698,90.0,14.3143078171,62.0
2016-08-18,3,0,28.0,37.0,1,1.0,64.2307692308,1.0,1.21329461116,90.0,11.9945747105,80.0
2016-08-19,4,0,28.0,38.0,1,1.0,66.5384615385,1.0,1.27098321343,90.0,11.920347082,78.0
2016-08-20,5,1,27.0,37.0,0,1.0,67.8461538462,1.0,1.23352957668,90.0,12.1708741475,89.0
2016-08-21,6,1,27.0,35.0,0,1.0,70.0769230769,1.0,1.28948055338,90.0,13.1468717453,97.0
2016-08-22,0,0,27.0,36.0,1,1.0,72.7692307692,1.0,1.33030990174,97.0,14.7082072649,78.0
2016-08-23,1,0,27.0,35.0,0,1.0,74.5384615385,1.0,1.29793510324,97.0,13.8209171721,120.0
2016-08-24,2,0,27.0,35.0,1,1.0,80.0769230769,1.0,1.39282341832,120.0,16.2833635651,71.0
2016-08-25,3,0,26.0,35.0,1,1.0,80.8461538462,1.0,1.23848987109,120.0,15.5852304533,100.0
2016-08-26,4,0,25.0,34.0,0,1.0,82.5384615385,1.0,1.29506008011,120.0,16.3594968167,96.0
2016-08-27,5,1,23.0,31.0,1,1.0,83.0,1.0,1.16112198304,120.0,16.6456277466,125.0
2016-08-28,6,1,21.0,31.0,1,1.0,86.3076923077,1.0,1.33917396746,125.0,20.0437391544,118.0
2016-08-29,0,0,21.0,32.0,1,1.0,91.0769230769,1.0,1.36638452237,125.0,19.6369413977,106.0
2016-08-30,1,0,21.0,32.0,1,1.0,93.8461538462,35.0,1.36461388074,125.0,18.9973526651,86.0
2016-08-31,2,0,21.0,33.0,1,35.0,95.6923076923,35.0,1.1856951616,125.0,16.8586185007,96.0
2016-09-01,3,0,23.0,33.0,0,45.0,96.9230769231,35.0,1.07986501687,125.0,16.2407916559,110.0
2016-09-02,4,0,22.0,34.0,1,48.0,99.3846153846,35.0,1.07550644567,125.0,15.5985130531,84.0
2016-09-03,5,1,23.0,35.0,1,50.0,99.0,48.0,1.07169253511,125.0,15.908391593,85.0
2016-09-04,6,1,24.0,32.0,1,51.0,98.0769230769,48.0,1.02933038185,125.0,16.3399535752,110.0
2016-09-05,0,0,24.0,30.0,0,55.0,100.538461538,48.0,0.999462654487,125.0,15.5197907629,127.0
2016-09-06,1,0,23.0,28.0,0,56.0,101.076923077,48.0,1.11922141119,127.0,16.2880869088,130.0
2016-09-07,2,0,21.0,27.0,0,60.0,105.615384615,48.0,1.23195703256,130.0,15.4747360437,119.0
2016-09-08,3,0,22.0,30.0,1,61.0,107.076923077,48.0,1.2378600823,130.0,15.769793611,64.0
2016-09-09,4,0,22.0,29.0,1,61.0,104.615384615,56.0,1.0376263882,130.0,19.3888884179,83.0
2016-09-10,5,1,22.0,28.0,0,62.0,101.384615385,56.0,0.884455527847,130.0,19.2215362451,74.0
2016-09-11,6,1,21.0,25.0,0,62.0,98.0,56.0,0.743356878574,130.0,19.8610558244,74.0
2016-09-12,0,0,21.0,27.0,1,64.0,95.5384615385,56.0,0.778564206269,130.0,20.683011924,58.0
2016-09-13,1,0,21.0,28.0,0,64.0,93.3846153846,56.0,0.7167710508,130.0,22.9029338448,54.0
2016-09-14,2,0,21.0,25.0,0,64.0,90.1538461538,54.0,0.652975250132,130.0,25.1574920905,62.0
2016-09-15,3,1,22.0,25.0,0,64.0,86.4615384615,54.0,0.623320795271,130.0,25.493937091,42.0
2016-09-16,4,1,23.0,27.0,0,64.0,83.2307692308,42.0,0.58291828076,130.0,28.1265104788,63.0
2016-09-17,5,1,22.0,27.0,1,64.0,81.5384615385,42.0,0.638013371538,130.0,28.6265486907,92.0
2016-09-18,6,0,22.0,26.0,0,64.0,80.1538461538,42.0,0.764010083382,130.0,27.6345551629,54.0
2016-09-19,0,0,20.0,27.0,1,64.0,74.5384615385,42.0,0.835832833433,130.0,24.8181552175,73.0
2016-09-20,1,0,19.0,26.0,1,70.0,70.1538461538,42.0,0.882708585248,130.0,18.9811491662,68.0
2016-09-21,2,0,19.0,26.0,1,70.0,66.2307692308,42.0,0.79950799508,130.0,12.7167596632,56.0
2016-09-22,3,0,20.0,27.0,1,70.0,65.6153846154,42.0,0.835453774385,130.0,13.0002275811,56.0
2016-09-23,4,0,20.0,29.0,1,70.0,63.5384615385,42.0,0.777202072539,130.0,12.1883638368,58.0
2016-09-24,5,1,21.0,30.0,1,70.0,62.3076923077,42.0,0.747088551967,130.0,11.8735945914,65.0
2016-09-25,6,1,21.0,30.0,1,70.0,61.6153846154,42.0,0.810688405797,130.0,11.4256018965,73.0
2016-09-26,0,0,24.0,31.0,1,71.0,62.7692307692,42.0,0.921485660555,130.0,11.7548932276,47.0
2016-09-27,1,0,23.0,28.0,0,71.0,62.2307692308,42.0,0.923845193508,130.0,12.2922980649,54.0
2016-09-28,2,0,22.0,28.0,0,71.0,61.6153846154,42.0,0.913385826772,130.0,12.4871531617,57.0
2016-09-29,3,0,22.0,25.0,0,71.0,62.7692307692,42.0,0.833993138031,130.0,11.2534018525,48.0
2016-09-30,4,0,22.0,29.0,0,71.0,61.6153846154,42.0,0.86319218241,130.0,11.9198506801,96.0
2016-10-01,5,1,23.0,30.0,0,73.0,61.9230769231,42.0,1.072,130.0,12.7246673734,60.0
2016-10-02,6,1,22.0,30.0,1,73.0,62.3846153846,42.0,1.1003236246,130.0,12.5363377154,58.0
2016-10-03,0,1,21.0,27.0,0,73.0,61.2307692308,42.0,1.15426105717,130.0,12.1917616961,52.0
2016-10-04,1,1,20.0,27.0,1,73.0,60.0,42.0,0.918422474338,130.0,12.2537278472,63.0
2016-10-05,2,1,21.0,27.0,1,73.0,60.5384615385,42.0,0.933873144399,130.0,12.2198790414,47.0
2016-10-06,3,1,22.0,27.0,0,73.0,59.8461538462,42.0,0.870967741935,119.0,12.7027928719,65.0
2016-10-07,4,1,20.0,23.0,0,73.0,60.3846153846,42.0,0.939345142244,96.0,12.7613506733,43.0
2016-10-08,5,0,17.0,22.0,0,73.0,58.6923076923,42.0,0.866163732886,96.0,13.4758166037,57.0
2016-10-09,6,0,16.0,22.0,1,73.0,57.4615384615,42.0,0.919732441472,96.0,12.8279465628,62.0
2016-10-10,0,0,15.0,21.0,1,73.0,58.6153846154,42.0,0.911392405063,96.0,12.5056200384,47.0
2016-10-11,1,0,17.0,23.0,1,71.0,58.0769230769,42.0,0.950744558992,96.0,12.839012294,49.0
2016-10-12,2,0,18.0,25.0,1,70.0,57.4615384615,42.0,0.910400460962,96.0,13.0656059627,55.0
2016-10-13,3,0,18.0,23.0,1,68.0,58.0,42.0,0.870818915802,96.0,12.8062484749,45.0
2016-10-14,4,0,19.0,22.0,0,68.0,54.0769230769,42.0,0.869058034412,96.0,7.10862464748,52.0
2016-10-15,5,1,20.0,23.0,0,65.0,53.4615384615,43.0,0.896755162242,96.0,6.9128129042,74.0
2016-10-16,6,1,20.0,26.0,0,68.0,54.6923076923,43.0,1.00795755968,96.0,8.78271567766,63.0
2016-10-17,0,0,20.0,24.0,0,65.0,55.5384615385,43.0,1.09851787271,96.0,9.00952815819,57.0
2016-10-18,1,0,20.0,24.0,0,65.0,55.0769230769,43.0,1.12463768116,96.0,8.76585630081,43.0
2016-10-19,2,0,20.0,24.0,0,64.0,54.7692307692,43.0,0.956572769953,96.0,9.10751039319,49.0
2016-10-20,3,0,21.0,25.0,0,63.0,53.5384615385,43.0,0.873644092641,96.0,8.71440350238,37.0
2016-10-21,4,0,21.0,25.0,0,63.0,53.0769230769,37.0,0.797773654917,96.0,9.39280852946,54.0
2016-10-22,5,1,20.0,23.0,0,63.0,52.8461538462,37.0,0.870646766169,96.0,9.33023335388,46.0
2016-10-23,6,1,17.0,23.0,0,62.0,51.6153846154,37.0,0.861635220126,96.0,9.09385643454,52.0
2016-10-24,0,0,19.0,24.0,1,62.0,52.0,37.0,0.955974842767,96.0,8.99572548064,48.0
2016-10-25,1,0,19.0,23.0,1,60.0,51.9230769231,37.0,0.931419457735,96.0,9.02527679918,59.0
2016-10-26,2,0,19.0,24.0,0,59.0,52.2307692308,37.0,1.00283822138,96.0,9.19158349255,40.0
2016-10-27,3,0,18.0,24.0,0,58.0,51.8461538462,37.0,0.949612403101,96.0,9.58240498033,44.0
2016-10-28,4,0,15.0,19.0,0,58.0,51.2307692308,37.0,0.922878347854,96.0,9.80701355117,42.0
2016-10-29,5,1,12.0,15.0,0,58.0,48.7692307692,37.0,0.825147347741,96.0,7.5361063825,50.0
2016-10-30,6,1,14.0,18.0,1,57.0,47.7692307692,37.0,0.901259111995,74.0,6.35069767402,66.0
2016-10-31,0,0,12.0,17.0,0,57.0,48.4615384615,37.0,1.02764227642,74.0,7.67228162449,55.0
