time_stamp,dayofweek,holiday,lt,ht,sunny,m2M,w2A,m1L,d3w3,m1Lar,w2Std,pay_sum
2016-08-01,0,0,24.0,30.0,1,184.0,160.230769231,118.0,0.875137678983,216.0,33.1085716212,224.0
2016-08-02,1,0,24.0,33.0,1,184.0,166.307692308,118.0,0.912780912781,224.0,36.7996333915,225.0
2016-08-03,2,0,25.0,34.0,1,185.0,172.769230769,118.0,1.11834319527,225.0,39.0919111172,326.0
2016-08-04,3,0,25.0,33.0,1,186.0,183.384615385,118.0,1.47999618066,326.0,56.6019005682,320.0
2016-08-05,4,0,25.0,32.0,1,186.0,191.384615385,118.0,1.60760428202,326.0,67.0344784553,332.0
2016-08-06,5,1,24.0,33.0,1,188.0,207.692307692,118.0,1.71624111608,332.0,73.1893062968,125.0
2016-08-07,6,1,23.0,31.0,1,186.0,208.076923077,118.0,1.36244082062,332.0,72.7392197019,130.0
2016-08-08,0,0,24.0,32.0,1,186.0,204.0,118.0,1.0393979637,332.0,75.4647141181,176.0
2016-08-09,1,0,25.0,33.0,1,186.0,203.769230769,118.0,0.7569371268,332.0,75.5453545343,174.0
2016-08-10,2,0,26.0,33.0,1,186.0,203.846153846,118.0,0.835727343954,332.0,75.5144878141,166.0
2016-08-11,3,0,27.0,34.0,1,184.0,202.692307692,118.0,0.903598634095,332.0,75.9679938834,196.0
2016-08-12,4,0,25.0,29.0,0,186.0,202.384615385,118.0,0.943578910307,332.0,75.9863737395,199.0
2016-08-13,5,1,24.0,31.0,0,188.0,208.538461538,118.0,0.967408173823,332.0,72.1255480018,142.0
2016-08-14,6,1,24.0,33.0,1,186.0,210.384615385,118.0,0.920781893004,332.0,70.0621026294,140.0
2016-08-15,0,0,21.0,29.0,0,184.0,203.923076923,118.0,0.833983528392,332.0,72.3447531865,213.0
2016-08-16,1,0,23.0,31.0,1,184.0,203.0,118.0,0.850734725445,332.0,72.1462190491,240.0
2016-08-17,2,0,23.0,28.0,0,186.0,196.384615385,118.0,1.00185842203,332.0,64.0535094355,209.0
2016-08-18,3,0,22.0,24.0,0,188.0,187.846153846,118.0,1.11055192082,332.0,53.5419981148,195.0
2016-08-19,4,0,22.0,32.0,1,188.0,177.307692308,118.0,1.08171663727,332.0,34.0754470943,246.0
2016-08-20,5,1,23.0,31.0,1,188.0,186.615384615,118.0,1.05794270833,332.0,35.0286442381,157.0
2016-08-21,6,1,23.0,34.0,1,186.0,188.692307692,118.0,0.964127367997,332.0,32.3047617719,166.0
2016-08-22,0,0,23.0,32.0,1,184.0,187.923076923,118.0,0.930422696427,332.0,32.7142912512,234.0
2016-08-23,1,0,24.0,30.0,0,184.0,192.538461538,118.0,0.908794256812,332.0,34.6023907236,199.0
2016-08-24,2,0,24.0,31.0,0,186.0,195.076923077,118.0,1.00867222363,332.0,33.762659252,230.0
2016-08-25,3,0,18.0,30.0,1,188.0,197.692307692,118.0,1.14241406048,332.0,35.0261102946,326.0
2016-08-26,4,0,17.0,29.0,1,188.0,207.461538462,118.0,1.30295970317,332.0,48.9656321934,301.0
2016-08-27,5,1,20.0,32.0,1,188.0,219.692307692,118.0,1.41454155319,332.0,50.9062254246,204.0
2016-08-28,6,1,18.0,31.0,1,188.0,224.615384615,118.0,1.34694869925,332.0,45.7997958705,213.0
2016-08-29,0,0,19.0,31.0,1,188.0,224.615384615,118.0,1.15341365462,332.0,45.7997958705,253.0
2016-08-30,1,0,19.0,31.0,1,188.0,225.615384615,125.0,1.05619925908,332.0,46.2643548809,270.0
2016-08-31,2,0,19.0,33.0,1,195.0,230.307692308,125.0,1.1323947996,332.0,47.4201914401,281.0
2016-09-01,3,0,19.0,27.0,1,196.0,236.923076923,125.0,1.21321865097,332.0,48.0279750826,274.0
2016-09-02,4,0,19.0,28.0,1,196.0,239.076923077,125.0,1.22412641887,332.0,49.0046489764,267.0
2016-09-03,5,1,20.0,30.0,1,198.0,247.538461538,125.0,1.18666089216,332.0,43.2623755253,240.0
2016-09-04,6,1,18.0,29.0,0,198.0,253.230769231,125.0,1.10357496114,326.0,36.4990070385,165.0
2016-09-05,0,0,20.0,31.0,1,198.0,247.923076923,130.0,0.959314775161,326.0,43.2940954199,284.0
2016-09-06,1,0,21.0,30.0,1,198.0,254.461538462,140.0,0.97440248904,326.0,41.8047023204,260.0
2016-09-07,2,0,19.0,31.0,1,199.0,256.769230769,140.0,0.991955229101,326.0,41.2145490483,278.0
2016-09-08,3,0,18.0,31.0,1,199.0,253.076923077,140.0,1.1303630363,326.0,36.7558714064,273.0
2016-09-09,4,0,19.0,31.0,1,199.0,250.923076923,140.0,1.10905982906,326.0,34.6442614595,281.0
2016-09-10,5,1,18.0,30.0,1,200.0,256.846153846,140.0,1.10955524438,326.0,32.6398674437,211.0
2016-09-11,6,1,18.0,25.0,0,200.0,256.692307692,140.0,1.01110229976,326.0,32.8502069198,180.0
2016-09-12,0,0,18.0,27.0,1,199.0,251.076923077,140.0,0.897795591182,326.0,38.7168449495,250.0
2016-09-13,1,0,19.0,27.0,1,200.0,249.538461538,157.0,0.847715400384,326.0,38.3297742967,281.0
2016-09-14,2,0,20.0,30.0,1,204.0,249.538461538,157.0,0.930871956009,326.0,38.3297742967,246.0
2016-09-15,3,1,21.0,30.0,1,209.0,247.384615385,157.0,1.03351955307,326.0,37.67582057,178.0
2016-09-16,4,1,20.0,30.0,0,209.0,240.538461538,157.0,0.961341787687,326.0,41.3923355682,165.0
2016-09-17,5,1,17.0,24.0,1,209.0,234.769230769,157.0,0.809621993127,326.0,46.0320186996,172.0
2016-09-18,6,0,15.0,22.0,0,209.0,235.307692308,157.0,0.713939141887,326.0,45.2469881962,233.0
2016-09-19,0,0,13.0,25.0,1,211.0,231.384615385,165.0,0.793485069952,326.0,43.0108009003,267.0
2016-09-20,1,0,14.0,26.0,1,211.0,231.923076923,165.0,0.936063518596,326.0,43.4076589103,248.0
2016-09-21,2,0,16.0,23.0,0,213.0,229.615384615,165.0,1.04916193281,326.0,41.6589420848,262.0
2016-09-22,3,0,17.0,26.0,0,213.0,228.769230769,165.0,1.09259649863,326.0,40.8734516924,269.0
2016-09-23,4,0,19.0,27.0,1,224.0,227.846153846,165.0,1.09494693935,326.0,39.8049980508,286.0
2016-09-24,5,1,20.0,29.0,1,225.0,233.615384615,165.0,1.13732860026,301.0,42.3020975322,227.0
2016-09-25,6,1,19.0,27.0,1,227.0,237.230769231,165.0,1.07469250326,286.0,39.4796030027,185.0
2016-09-26,0,0,19.0,24.0,0,227.0,232.230769231,165.0,0.97923681257,286.0,41.6046481245,238.0
2016-09-27,1,0,12.0,23.0,1,230.0,228.923076923,165.0,0.91613812544,286.0,39.2378575798,292.0
2016-09-28,2,0,10.0,20.0,1,233.0,232.461538462,165.0,1.00477796515,292.0,42.5524389333,289.0
2016-09-29,3,0,12.0,22.0,1,234.0,241.0,165.0,1.14705882353,292.0,41.8991463104,299.0
2016-09-30,4,0,14.0,24.0,1,238.0,251.307692308,165.0,1.22784986745,299.0,38.2590052052,317.0
2016-10-01,5,1,15.0,26.0,1,240.0,262.461538462,165.0,1.23532623533,317.0,34.4598213858,163.0
2016-10-02,6,1,16.0,26.0,1,238.0,257.076923077,163.0,1.06705020204,317.0,43.0428436622,138.0
2016-10-03,0,1,16.0,28.0,1,234.0,247.153846154,138.0,0.866456361725,317.0,53.2668841471,146.0
2016-10-04,1,1,11.0,19.0,0,233.0,239.307692308,138.0,0.645021645022,317.0,59.6894329205,131.0
2016-10-05,2,1,13.0,21.0,1,233.0,229.230769231,131.0,0.614132445431,317.0,65.757308861,118.0
2016-10-06,3,1,14.0,17.0,0,233.0,217.615384615,118.0,0.592425946757,317.0,70.8460285642,121.0
2016-10-07,4,1,12.0,16.0,0,233.0,204.923076923,118.0,0.560478679088,317.0,72.2245020628,129.0
2016-10-08,5,0,5.0,19.0,1,233.0,197.384615385,118.0,0.562949365152,317.0,74.6020606661,261.0
2016-10-09,6,0,8.0,18.0,1,234.0,203.230769231,118.0,0.77671378629,317.0,76.3596287275,224.0
2016-10-10,0,0,10.0,20.0,1,234.0,202.153846154,118.0,0.942512855937,317.0,75.9593475828,236.0
2016-10-11,1,0,10.0,20.0,1,236.0,197.846153846,118.0,1.10982836912,317.0,72.2387560097,250.0
2016-10-12,2,0,10.0,19.0,1,238.0,194.846153846,118.0,1.09593270047,317.0,69.1340349821,286.0
2016-10-13,3,0,12.0,22.0,1,240.0,193.846153846,118.0,1.18696186962,317.0,67.6993877416,297.0
2016-10-14,4,0,13.0,23.0,1,240.0,192.307692308,118.0,1.27750939345,317.0,65.0590082634,291.0
2016-10-15,5,1,11.0,17.0,0,246.0,202.153846154,118.0,1.32094007406,317.0,69.4182930378,240.0
2016-10-16,6,1,12.0,20.0,1,246.0,210.0,118.0,1.23600537394,317.0,67.4605297705,270.0
2016-10-17,0,0,9.0,21.0,1,246.0,219.538461538,118.0,1.18719430858,317.0,66.4965185724,327.0
2016-10-18,1,0,12.0,20.0,1,248.0,234.615384615,118.0,1.23097286565,327.0,66.9311224165,282.0
2016-10-19,2,0,14.0,22.0,1,250.0,247.230769231,118.0,1.29474149359,327.0,58.7133241937,272.0
2016-10-20,3,0,11.0,15.0,0,250.0,258.846153846,118.0,1.30547529081,327.0,46.193316456,242.0
2016-10-21,4,0,11.0,11.0,0,250.0,267.538461538,118.0,1.1995177818,327.0,27.9852031908,276.0
2016-10-22,5,1,7.0,15.0,1,253.0,268.692307692,118.0,1.16082580266,327.0,28.0010566157,216.0
2016-10-23,6,1,0.0,5.0,1,253.0,268.076923077,118.0,1.06031058144,327.0,29.0449559727,190.0
2016-10-24,0,0,6.0,13.0,1,250.0,264.538461538,118.0,0.975888960435,327.0,34.9408629734,299.0
2016-10-25,1,0,10.0,17.0,1,250.0,268.307692308,118.0,0.973689662316,327.0,35.8015569395,273.0
2016-10-26,2,0,0.0,10.0,1,253.0,267.307692308,118.0,1.01967081493,327.0,35.4734670409,286.0
2016-10-27,3,0,7.0,11.0,0,260.0,266.461538462,118.0,1.11132698659,327.0,34.8813712341,265.0
2016-10-28,4,0,2.0,13.0,1,261.0,264.461538462,118.0,1.03981323743,327.0,34.1548856391,293.0
2016-10-29,5,1,2.0,12.0,1,261.0,268.538461538,118.0,1.05863907181,327.0,34.1548856391,269.0
2016-10-30,6,1,2.0,13.0,1,261.0,268.461538462,118.0,1.02860696517,327.0,34.1526333811,263.0
2016-10-31,0,0,-4.0,6.0,1,261.0,263.538461538,118.0,1.02097642473,327.0,29.6793514977,286.0
