time_stamp,dayofweek,holiday,lt,ht,sunny,m2M,w2A,m1L,d3w3,m1Lar,w2Std,pay_sum
2016-08-01,0,0,27.0,33.0,1,67.0,73.8461538462,51.0,1.07836417638,96.0,7.62431488822,79.0
2016-08-02,1,0,27.0,34.0,0,67.0,74.4615384615,51.0,1.08769544528,96.0,7.69230769231,87.0
2016-08-03,2,0,26.0,30.0,0,67.0,75.3846153846,51.0,1.11704494882,96.0,8.38990658735,67.0
2016-08-04,3,0,26.0,32.0,0,67.0,75.9230769231,51.0,1.03486564513,96.0,7.56979360009,70.0
2016-08-05,4,0,26.0,33.0,0,67.0,76.6923076923,51.0,0.985698569857,96.0,6.31706620543,63.0
2016-08-06,5,1,27.0,32.0,0,67.0,75.6153846154,51.0,0.899685110211,96.0,7.2910742222,75.0
2016-08-07,6,1,27.0,33.0,1,68.0,75.4615384615,51.0,0.94011299435,96.0,7.28132896381,95.0
2016-08-08,0,0,26.0,32.0,0,68.0,76.4615384615,56.0,1.03832442068,96.0,8.83711913217,67.0
2016-08-09,1,0,27.0,32.0,0,68.0,75.8461538462,56.0,1.05898123324,96.0,9.18900809786,67.0
2016-08-10,2,0,27.0,34.0,1,68.0,74.6923076923,56.0,1.02875112309,96.0,9.2850965397,78.0
2016-08-11,3,0,27.0,34.0,1,69.0,75.6923076923,56.0,0.940967598757,96.0,8.87853604863,68.0
2016-08-12,4,0,28.0,34.0,1,69.0,75.1538461538,56.0,0.940397350993,96.0,9.11335582746,80.0
2016-08-13,5,1,28.0,34.0,1,69.0,75.4615384615,56.0,0.995814055959,96.0,9.20380677609,72.0
2016-08-14,6,1,27.0,34.0,1,70.0,74.4615384615,60.0,0.972590627763,96.0,8.81096680817,92.0
2016-08-15,0,0,27.0,34.0,1,70.0,75.4615384615,60.0,1.07158541941,95.0,9.93529361275,140.0
2016-08-16,1,0,28.0,35.0,1,71.0,79.5384615385,60.0,1.28026953043,140.0,19.8052649745,149.0
2016-08-17,2,0,27.0,35.0,1,71.0,85.8461538462,60.0,1.53939393939,149.0,26.6742346263,139.0
2016-08-18,3,0,27.0,34.0,1,71.0,91.1538461538,60.0,1.65506573859,149.0,29.6877238391,177.0
2016-08-19,4,0,28.0,35.0,1,72.0,99.9230769231,60.0,1.69769989047,177.0,36.1991532805,177.0
2016-08-20,5,1,28.0,37.0,0,74.0,107.769230769,60.0,1.70558726864,177.0,40.7188367791,206.0
2016-08-21,6,1,27.0,34.0,0,75.0,116.307692308,63.0,1.82291666667,206.0,48.1126636382,198.0
2016-08-22,0,0,26.0,35.0,1,75.0,126.384615385,63.0,1.78741732041,206.0,50.3946554882,168.0
2016-08-23,1,0,25.0,33.0,1,75.0,134.153846154,63.0,1.69632265718,206.0,48.3860217479,167.0
2016-08-24,2,0,25.0,34.0,1,75.0,141.0,63.0,1.51334469052,206.0,46.2035629662,145.0
2016-08-25,3,0,26.0,35.0,1,75.0,146.923076923,63.0,1.32067684688,206.0,41.121698443,158.0
2016-08-26,4,0,25.0,33.0,0,75.0,152.923076923,63.0,1.24437384167,206.0,36.33066418,140.0
2016-08-27,5,1,23.0,30.0,1,75.0,158.153846154,63.0,1.1433733385,206.0,28.3137535317,152.0
2016-08-28,6,1,22.0,29.0,1,76.0,162.769230769,63.0,1.13636363636,206.0,21.1338366904,163.0
2016-08-29,0,0,20.0,30.0,1,77.0,164.538461538,63.0,1.10867446394,206.0,20.0906230888,139.0
2016-08-30,1,0,20.0,30.0,1,77.0,163.769230769,63.0,1.07787274454,206.0,20.847998783,153.0
2016-08-31,2,0,22.0,33.0,1,77.0,164.846153846,63.0,1.05214475662,206.0,19.8798164124,163.0
2016-09-01,3,0,23.0,32.0,1,77.0,163.769230769,63.0,1.01858070293,206.0,19.5690251562,84.0
2016-09-02,4,0,22.0,33.0,1,78.0,156.615384615,63.0,0.894254415381,206.0,28.4213853978,90.0
2016-09-03,5,1,22.0,34.0,1,79.0,147.692307692,63.0,0.748888888889,206.0,29.696890838,71.0
2016-09-04,6,1,24.0,32.0,1,79.0,137.923076923,67.0,0.548282421394,206.0,32.3144681539,74.0
2016-09-05,0,0,24.0,29.0,0,79.0,130.692307692,67.0,0.537818972422,206.0,35.1663838945,62.0
2016-09-06,1,0,22.0,28.0,0,78.0,122.615384615,62.0,0.488322717622,206.0,37.855064617,100.0
2016-09-07,2,0,19.0,24.0,0,79.0,119.153846154,62.0,0.564525774429,206.0,37.7070614767,79.0
2016-09-08,3,0,21.0,29.0,1,79.0,113.076923077,62.0,0.597495971241,206.0,37.3207748672,86.0
2016-09-09,4,0,23.0,31.0,1,80.0,108.923076923,62.0,0.680010264306,206.0,37.097504661,98.0
2016-09-10,5,1,23.0,28.0,1,82.0,104.769230769,62.0,0.704149933066,206.0,35.005832143,94.0
2016-09-11,6,1,20.0,25.0,0,82.0,99.4615384615,62.0,0.77675328304,206.0,30.7461451858,94.0
2016-09-12,0,0,20.0,28.0,1,82.0,96.0,62.0,0.824682814302,206.0,28.5549402973,74.0
2016-09-13,1,0,22.0,28.0,1,82.0,89.9230769231,62.0,0.787141354965,206.0,23.7857796511,76.0
2016-09-14,2,0,21.0,24.0,0,82.0,83.2307692308,62.0,0.756589147287,206.0,11.1848375811,82.0
2016-09-15,3,1,24.0,26.0,0,82.0,83.0769230769,62.0,0.745740919319,206.0,11.1869535171,82.0
2016-09-16,4,1,21.0,26.0,0,82.0,82.4615384615,62.0,0.793650793651,206.0,11.007797129,62.0
2016-09-17,5,1,22.0,26.0,1,82.0,81.7692307692,62.0,0.782277604708,206.0,11.9495982949,79.0
2016-09-18,6,0,22.0,27.0,0,82.0,82.1538461538,62.0,0.80709373869,206.0,11.7724982895,79.0
2016-09-19,0,0,19.0,26.0,1,82.0,83.4615384615,62.0,0.82304526749,198.0,10.3151522948,53.0
2016-09-20,1,0,19.0,26.0,1,82.0,79.8461538462,53.0,0.836305984939,168.0,11.986185342,47.0
2016-09-21,2,0,19.0,26.0,0,82.0,77.3846153846,47.0,0.76202639421,167.0,14.8507366382,66.0
2016-09-22,3,0,19.0,27.0,1,82.0,75.8461538462,47.0,0.714900947459,163.0,14.9143511365,73.0
2016-09-23,4,0,20.0,28.0,1,82.0,73.9230769231,47.0,0.809928151535,163.0,13.4762556912,79.0
2016-09-24,5,1,21.0,28.0,1,82.0,72.7692307692,47.0,0.944336149015,163.0,12.2985543,127.0
2016-09-25,6,1,22.0,28.0,1,82.0,75.3076923077,47.0,1.16834170854,163.0,18.3403070832,135.0
2016-09-26,0,0,23.0,29.0,1,84.0,80.0,47.0,1.36536536537,163.0,24.2550549846,102.0
2016-09-27,1,0,23.0,29.0,0,85.0,82.0,47.0,1.45570885823,163.0,24.9059770398,103.0
2016-09-28,2,0,22.0,28.0,0,86.0,83.6153846154,47.0,1.340429726,163.0,25.526874109,116.0
2016-09-29,3,0,22.0,24.0,0,87.0,86.2307692308,47.0,1.24346310285,163.0,26.9305484138,115.0
2016-09-30,4,0,23.0,28.0,0,90.0,90.3076923077,47.0,1.28116609129,135.0,26.9654611434,167.0
2016-10-01,5,1,23.0,28.0,1,92.0,97.0769230769,47.0,1.46512055954,167.0,33.5248737472,115.0
2016-10-02,6,1,22.0,30.0,1,94.0,99.8461538462,47.0,1.44468704512,167.0,33.4039291882,94.0
2016-10-03,0,1,20.0,25.0,0,94.0,103.0,47.0,1.35349172066,167.0,30.6544011146,145.0
2016-10-04,1,1,21.0,26.0,1,94.0,110.538461538,47.0,1.22852680895,167.0,27.8805567338,149.0
2016-10-05,2,1,21.0,26.0,1,95.0,116.923076923,47.0,1.30114017438,167.0,26.4152098915,135.0
2016-10-06,3,1,20.0,26.0,1,98.0,121.692307692,47.0,1.40127388535,167.0,23.4893907816,145.0
2016-10-07,4,1,20.0,24.0,0,100.0,126.769230769,47.0,1.34651600753,167.0,20.6775755392,140.0
2016-10-08,5,0,16.0,21.0,0,102.0,127.769230769,47.0,1.28146453089,167.0,20.9767411349,113.0
2016-10-09,6,0,16.0,21.0,1,103.0,126.076923077,47.0,1.19573381403,167.0,21.2112507826,130.0
2016-10-10,0,0,16.0,21.0,1,113.0,128.230769231,47.0,1.11207897793,167.0,20.0466910608,118.0
2016-10-11,1,0,18.0,23.0,1,115.0,129.384615385,47.0,1.01675820307,167.0,18.9636837607,79.0
2016-10-12,2,0,19.0,21.0,0,115.0,126.538461538,47.0,0.915966386555,167.0,23.087177209,74.0
2016-10-13,3,0,19.0,23.0,1,115.0,123.384615385,47.0,0.758784824304,167.0,26.9287906025,81.0
2016-10-14,4,0,19.0,20.0,0,113.0,116.769230769,47.0,0.65463701217,167.0,25.9471470083,67.0
2016-10-15,5,1,20.0,24.0,0,103.0,113.076923077,47.0,0.63710718898,167.0,29.1533387413,79.0
2016-10-16,6,1,19.0,25.0,1,102.0,111.923076923,47.0,0.667548889869,167.0,30.1648331632,67.0
2016-10-17,0,0,19.0,24.0,1,100.0,105.923076923,47.0,0.636200716846,167.0,30.7407560551,81.0
2016-10-18,1,0,19.0,25.0,1,98.0,100.692307692,47.0,0.684766214178,167.0,28.6823038861,70.0
2016-10-19,2,0,20.0,23.0,0,94.0,95.6923076923,47.0,0.671595810228,167.0,27.9212756359,50.0
2016-10-20,3,0,21.0,23.0,0,94.0,88.3846153846,50.0,0.638399237732,167.0,26.4532634646,73.0
2016-10-21,4,0,22.0,25.0,0,94.0,83.2307692308,50.0,0.641729010806,167.0,22.0564096602,79.0
2016-10-22,5,1,20.0,23.0,0,90.0,80.6153846154,50.0,0.683934315219,167.0,20.318761552,91.0
2016-10-23,6,1,18.0,23.0,0,90.0,77.6153846154,50.0,0.824008138352,167.0,14.9848049269,78.0
2016-10-24,0,0,19.0,23.0,1,86.0,74.5384615385,50.0,0.870633666842,167.0,9.46747781062,80.0
2016-10-25,1,0,20.0,22.0,1,84.0,74.6153846154,50.0,0.907103825137,167.0,9.5073935726,89.0
2016-10-26,2,0,19.0,22.0,0,84.0,75.7692307692,50.0,0.923019431988,167.0,10.2443518859,78.0
2016-10-27,3,0,17.0,23.0,0,82.0,75.5384615385,50.0,0.959037080179,167.0,10.1573420555,55.0
2016-10-28,4,0,14.0,18.0,0,82.0,74.6153846154,50.0,0.906862745098,167.0,11.3648477031,81.0
2016-10-29,5,1,12.0,16.0,0,81.0,74.7692307692,50.0,0.891666666667,167.0,11.4364723323,96.0
2016-10-30,6,1,14.0,18.0,1,81.0,77.0,50.0,0.987654320988,149.0,12.4838357025,119.0
2016-10-31,0,0,13.0,15.0,0,81.0,79.9230769231,50.0,1.25930653053,149.0,16.7858069097,96.0
