time_stamp,dayofweek,holiday,lt,ht,sunny,m2M,w2A,m1L,d3w3,m1Lar,w2Std,pay_sum
2016-08-01,0,0,24.0,30.0,1,37.0,64.3076923077,1.0,2.17948717949,195.0,67.1042640115,64.0
2016-08-02,1,0,24.0,33.0,1,38.0,67.8461538462,1.0,2.21008840354,195.0,65.7686459713,42.0
2016-08-03,2,0,25.0,34.0,1,38.0,70.5384615385,1.0,1.39702105804,195.0,63.912940046,42.0
2016-08-04,3,0,25.0,33.0,1,38.0,71.2307692308,1.0,0.754332313965,195.0,63.5502875938,48.0
2016-08-05,4,0,25.0,32.0,1,38.0,72.1538461538,1.0,0.666161998486,195.0,63.1175291437,72.0
2016-08-06,5,1,24.0,33.0,1,38.0,63.1538461538,1.0,0.857823669579,195.0,53.4096593883,167.0
2016-08-07,6,1,23.0,31.0,1,38.0,75.9230769231,1.0,1.4672801636,195.0,56.7619340735,183.0
2016-08-08,0,0,24.0,32.0,1,38.0,88.8461538462,1.0,1.93489225126,195.0,60.4264920937,87.0
2016-08-09,1,0,25.0,33.0,1,38.0,93.2307692308,1.0,1.91289122346,195.0,58.0174427964,105.0
2016-08-10,2,0,26.0,33.0,1,38.0,97.6153846154,1.0,1.54225786552,195.0,56.5692747013,39.0
2016-08-11,3,0,27.0,34.0,1,39.0,96.6923076923,1.0,0.946527350953,195.0,57.4139953662,52.0
2016-08-12,4,0,25.0,29.0,0,41.0,97.0769230769,1.0,0.795293162913,195.0,57.0956842481,54.0
2016-08-13,5,1,24.0,31.0,0,41.0,86.2307692308,1.0,0.641025641026,195.0,50.471856356,176.0
2016-08-14,6,1,24.0,33.0,1,42.0,87.0,1.0,1.11705288176,195.0,51.7419633299,169.0
2016-08-15,0,0,21.0,29.0,0,42.0,95.0769230769,1.0,1.44801306478,195.0,55.5745674241,50.0
2016-08-16,1,0,23.0,31.0,1,46.0,95.6923076923,1.0,1.41805779932,195.0,55.0250077627,38.0
2016-08-17,2,0,23.0,28.0,0,42.0,95.3846153846,1.0,0.927630391626,195.0,55.3346997289,34.0
2016-08-18,3,0,22.0,24.0,0,42.0,94.3076923077,1.0,0.444444444444,195.0,56.3729130473,51.0
2016-08-19,4,0,22.0,32.0,1,42.0,92.6923076923,1.0,0.447110141767,195.0,57.282544818,51.0
2016-08-20,5,1,23.0,31.0,1,46.0,83.7692307692,1.0,0.536489151874,195.0,53.9503387687,168.0
2016-08-21,6,1,23.0,34.0,1,47.0,82.6153846154,1.0,1.06382978723,195.0,51.9386301492,161.0
2016-08-22,0,0,23.0,32.0,1,48.0,88.3076923077,1.0,1.41606111422,195.0,56.0032754748,31.0
2016-08-23,1,0,24.0,30.0,0,47.0,82.6153846154,15.0,1.34983127109,195.0,57.7508421005,42.0
2016-08-24,2,0,24.0,31.0,0,46.0,82.8461538462,30.0,0.877390326209,195.0,57.5818429633,46.0
2016-08-25,3,0,18.0,30.0,1,46.0,82.3846153846,31.0,0.446696696697,195.0,57.8506544894,31.0
2016-08-26,4,0,17.0,29.0,1,46.0,80.6153846154,31.0,0.457252641691,195.0,59.0313325688,68.0
2016-08-27,5,1,20.0,32.0,1,46.0,72.3076923077,31.0,0.59087204564,195.0,52.2308258751,152.0
2016-08-28,6,1,18.0,31.0,1,47.0,71.0,31.0,1.04257528557,195.0,49.9569045047,145.0
2016-08-29,0,0,19.0,31.0,1,48.0,78.3076923077,31.0,1.46321908198,183.0,53.1939623748,44.0
2016-08-30,1,0,19.0,31.0,1,48.0,78.7692307692,31.0,1.41905950895,183.0,52.8672558921,37.0
2016-08-31,2,0,19.0,33.0,1,47.0,79.0,31.0,0.941666666667,183.0,52.6775386377,40.0
2016-09-01,3,0,19.0,27.0,1,46.0,78.1538461538,31.0,0.507976490344,183.0,53.2061970853,23.0
2016-09-02,4,0,19.0,28.0,1,46.0,76.0,23.0,0.428173838578,183.0,54.804547818,41.0
2016-09-03,5,1,20.0,30.0,1,46.0,66.2307692308,23.0,0.487576183779,183.0,48.4897353867,155.0
2016-09-04,6,1,18.0,29.0,0,47.0,65.7692307692,23.0,1.03693181818,183.0,47.6060013123,170.0
2016-09-05,0,0,20.0,31.0,1,48.0,76.4615384615,23.0,1.59685863874,183.0,53.8025097851,49.0
2016-09-06,1,0,21.0,30.0,1,48.0,77.0,23.0,1.6200996318,176.0,53.4890355407,37.0
2016-09-07,2,0,19.0,31.0,1,48.0,76.3076923077,23.0,1.10678772157,176.0,53.9421122991,58.0
2016-09-08,3,0,18.0,31.0,1,48.0,78.3846153846,23.0,0.619754680439,176.0,52.6622598211,46.0
2016-09-09,4,0,19.0,31.0,1,48.0,76.6923076923,23.0,0.608808290155,176.0,53.3181807864,46.0
2016-09-10,5,1,18.0,30.0,1,48.0,68.5384615385,23.0,0.70323488045,176.0,49.1177789911,166.0
2016-09-11,6,1,18.0,25.0,0,48.0,70.1538461538,23.0,1.20532585844,176.0,51.8738798268,159.0
2016-09-12,0,0,18.0,27.0,1,49.0,79.0,23.0,1.59056806002,170.0,56.2781553467,35.0
2016-09-13,1,0,19.0,27.0,1,49.0,78.8461538462,23.0,1.5503875969,170.0,56.3953709964,35.0
2016-09-14,2,0,20.0,30.0,1,48.0,78.4615384615,23.0,0.993276946432,170.0,56.6753445032,33.0
2016-09-15,3,1,21.0,30.0,1,48.0,79.2307692308,23.0,0.446177171323,170.0,55.980977327,173.0
2016-09-16,4,1,20.0,30.0,0,48.0,89.3846153846,23.0,0.977291159773,173.0,59.9558022618,151.0
2016-09-17,5,1,17.0,24.0,1,49.0,89.0769230769,23.0,1.44856968959,173.0,59.6276414199,120.0
2016-09-18,6,0,15.0,22.0,0,50.0,85.2307692308,23.0,1.82941903585,173.0,55.7717240822,58.0
2016-09-19,0,0,13.0,25.0,1,51.0,85.9230769231,23.0,1.34395424837,173.0,55.3721139737,56.0
2016-09-20,1,0,14.0,26.0,1,51.0,87.3846153846,23.0,0.944881889764,173.0,54.3019173221,52.0
2016-09-21,2,0,16.0,23.0,0,51.0,86.9230769231,23.0,0.665464020846,173.0,54.5745242602,55.0
2016-09-22,3,0,17.0,26.0,0,51.0,87.6153846154,23.0,0.641101278269,173.0,54.1060759584,38.0
2016-09-23,4,0,19.0,27.0,1,51.0,87.0,23.0,0.571315996848,173.0,54.6189597963,57.0
2016-09-24,5,1,20.0,29.0,1,52.0,78.6153846154,23.0,0.627352572146,173.0,50.0208240659,118.0
2016-09-25,6,1,19.0,27.0,1,52.0,75.4615384615,23.0,0.920881971466,173.0,45.9826311433,98.0
2016-09-26,0,0,19.0,24.0,0,54.0,80.3076923077,23.0,1.14393463231,173.0,44.7667194643,41.0
2016-09-27,1,0,12.0,23.0,1,54.0,80.7692307692,23.0,1.07419017764,173.0,44.325984472,31.0
2016-09-28,2,0,10.0,20.0,1,52.0,80.6153846154,23.0,0.722789115646,173.0,44.4946642636,26.0
2016-09-29,3,0,12.0,22.0,1,52.0,69.3076923077,23.0,0.422049956934,173.0,37.7468992418,37.0
2016-09-30,4,0,14.0,24.0,1,51.0,60.5384615385,23.0,0.407190816548,173.0,30.2467172653,182.0
2016-10-01,5,1,15.0,26.0,1,52.0,65.3076923077,26.0,1.05037513398,182.0,41.8925082625,127.0
2016-10-02,6,1,16.0,26.0,1,52.0,70.6153846154,26.0,1.51455460714,182.0,44.8939578966,152.0
2016-10-03,0,1,16.0,28.0,1,54.0,78.0,26.0,1.87398373984,182.0,49.537864306,114.0
2016-10-04,1,1,11.0,19.0,0,54.0,82.7692307692,26.0,1.52414194299,182.0,49.7890223399,106.0
2016-10-05,2,1,13.0,21.0,1,54.0,86.6923076923,26.0,1.38392857143,182.0,49.4545395216,123.0
2016-10-06,3,1,14.0,17.0,0,54.0,93.2307692308,26.0,1.31266743207,182.0,48.1873808029,132.0
2016-10-07,4,1,12.0,16.0,0,54.0,99.0,26.0,1.39678854711,182.0,47.9935893155,111.0
2016-10-08,5,0,5.0,19.0,1,54.0,98.4615384615,26.0,1.4235705951,182.0,47.8163399568,47.0
2016-10-09,6,0,8.0,18.0,1,54.0,94.5384615385,26.0,1.13525151693,182.0,49.746457755,62.0
2016-10-10,0,0,10.0,20.0,1,55.0,96.1538461538,26.0,0.858201677394,182.0,48.301689975,52.0
2016-10-11,1,0,10.0,20.0,1,55.0,97.7692307692,26.0,0.628047591184,182.0,46.409803086,50.0
2016-10-12,2,0,10.0,19.0,1,52.0,99.6153846154,26.0,0.641627543036,182.0,43.9292060926,36.0
2016-10-13,3,0,12.0,22.0,1,52.0,99.5384615385,26.0,0.540540540541,182.0,44.0395196379,44.0
2016-10-14,4,0,13.0,23.0,1,52.0,88.9230769231,26.0,0.51312413657,182.0,39.2554974856,76.0
2016-10-15,5,1,11.0,17.0,0,52.0,85.0,26.0,0.631451123254,182.0,37.7746353645,167.0
2016-10-16,6,1,12.0,20.0,1,55.0,86.1538461538,26.0,1.114996115,182.0,39.9689228389,149.0
2016-10-17,0,0,9.0,21.0,1,56.0,88.8461538462,26.0,1.43274853801,182.0,42.8303381941,56.0
2016-10-18,1,0,12.0,20.0,1,56.0,85.0,26.0,1.34126554895,182.0,43.3589667774,41.0
2016-10-19,2,0,14.0,22.0,1,56.0,78.6923076923,26.0,0.87982832618,182.0,43.3365800635,47.0
2016-10-20,3,0,11.0,15.0,0,55.0,72.1538461538,26.0,0.51227321238,182.0,41.1579437212,45.0
2016-10-21,4,0,11.0,11.0,0,55.0,67.0769230769,26.0,0.510458645174,182.0,40.1103507425,69.0
2016-10-22,5,1,7.0,15.0,1,56.0,68.7692307692,26.0,0.639269406393,182.0,39.6894751524,169.0
2016-10-23,6,1,0.0,5.0,1,56.0,77.0,26.0,1.11242138365,182.0,47.7155030443,117.0
2016-10-24,0,0,6.0,13.0,1,57.0,82.0,26.0,1.39297626055,182.0,48.2365963846,38.0
2016-10-25,1,0,10.0,17.0,1,56.0,81.0769230769,26.0,1.32434089516,182.0,48.9496783025,53.0
2016-10-26,2,0,0.0,10.0,1,56.0,82.3846153846,26.0,0.888319453342,182.0,47.9447413681,62.0
2016-10-27,3,0,7.0,11.0,0,56.0,83.7692307692,26.0,0.684104627767,182.0,47.0681238634,52.0
2016-10-28,4,0,2.0,13.0,1,56.0,81.9230769231,36.0,0.777467411546,182.0,47.801611718,72.0
2016-10-29,5,1,2.0,12.0,1,56.0,74.6153846154,36.0,0.851063829787,182.0,41.0169542085,132.0
2016-10-30,6,1,2.0,13.0,1,57.0,73.3076923077,36.0,1.11765989959,169.0,38.8376990037,129.0
2016-10-31,0,0,-4.0,6.0,1,58.0,78.9230769231,36.0,1.38403990025,169.0,41.1385305793,46.0
