time_stamp,dayofweek,holiday,lt,ht,sunny,m2M,w2A,m1L,d3w3,m1Lar,w2Std,pay_sum
2016-08-01,0,0,27.0,38.0,1,305.0,324.692307692,260.0,1.0274008215,366.0,27.6109917226,310.0
2016-08-02,1,0,24.0,36.0,0,305.0,327.923076923,260.0,1.01025800435,366.0,22.8320339687,344.0
2016-08-03,2,0,24.0,28.0,0,305.0,329.615384615,260.0,1.03552881896,366.0,23.1434937245,321.0
2016-08-04,3,0,24.0,32.0,0,307.0,329.923076923,260.0,1.00308641975,366.0,22.9998713657,310.0
2016-08-05,4,0,25.0,34.0,0,308.0,328.076923077,260.0,1.00697134005,366.0,23.5550469472,338.0
2016-08-06,5,1,26.0,35.0,1,309.0,326.0,260.0,1.00139513254,366.0,21.2892172057,317.0
2016-08-07,6,1,26.0,36.0,1,309.0,324.846153846,260.0,0.994947932777,366.0,21.3391880526,309.0
2016-08-08,0,0,27.0,36.0,1,309.0,326.846153846,268.0,0.993302421432,366.0,18.3296571534,310.0
2016-08-09,1,0,27.0,36.0,1,310.0,327.0,268.0,0.958230958231,366.0,18.178601114,360.0
2016-08-10,2,0,25.0,36.0,0,310.0,326.538461538,268.0,0.996437659033,366.0,17.2342029546,331.0
2016-08-11,3,0,25.0,33.0,0,310.0,326.0,268.0,1.01665651026,366.0,16.9750948791,318.0
2016-08-12,4,0,25.0,34.0,0,312.0,325.615384615,268.0,1.0272856852,366.0,17.0949315995,338.0
2016-08-13,5,1,24.0,30.0,0,312.0,327.615384615,268.0,1.00904769207,366.0,16.9048853273,369.0
2016-08-14,6,1,25.0,34.0,0,314.0,328.846153846,268.0,1.04198434482,369.0,19.1425669601,325.0
2016-08-15,0,0,24.0,31.0,0,315.0,330.0,268.0,1.04242424242,369.0,18.409863577,360.0
2016-08-16,1,0,25.0,32.0,0,317.0,331.230769231,268.0,1.05632391261,369.0,19.7879289007,326.0
2016-08-17,2,0,25.0,34.0,0,317.0,331.615384615,268.0,1.01935874168,369.0,19.633325129,340.0
2016-08-18,3,0,26.0,36.0,0,317.0,333.923076923,283.0,1.03416994255,369.0,18.6978465994,358.0
2016-08-19,4,0,25.0,30.0,0,318.0,335.461538462,283.0,1.02672081015,369.0,19.7624951111,359.0
2016-08-20,5,1,25.0,34.0,1,321.0,338.692307692,283.0,1.05236957387,369.0,19.9128277766,329.0
2016-08-21,6,1,25.0,35.0,1,322.0,340.230769231,283.0,1.0451638689,369.0,18.2636833683,612.0
2016-08-22,0,0,26.0,35.0,0,323.0,363.461538462,283.0,1.24271102189,612.0,73.5188258304,324.0
2016-08-23,1,0,26.0,35.0,1,323.0,360.692307692,283.0,1.21273128176,612.0,74.2712125776,380.0
2016-08-24,2,0,27.0,36.0,1,323.0,364.461538462,308.0,1.25101002899,612.0,73.9111893107,340.0
2016-08-25,3,0,27.0,36.0,1,323.0,366.153846154,309.0,0.988215249184,612.0,73.0751416787,347.0
2016-08-26,4,0,24.0,35.0,0,324.0,366.846153846,309.0,1.00869729628,612.0,72.8474128719,342.0
2016-08-27,5,1,24.0,33.0,0,324.0,364.769230769,309.0,0.969337289812,612.0,73.1407009139,325.0
2016-08-28,6,1,24.0,31.0,1,324.0,364.769230769,309.0,0.95305230509,612.0,73.1407009139,334.0
2016-08-29,0,0,24.0,33.0,1,324.0,362.769230769,309.0,0.937660999485,612.0,73.597819623,307.0
2016-08-30,1,0,25.0,34.0,1,324.0,361.307692308,307.0,0.911664779162,612.0,74.4966541483,319.0
2016-08-31,2,0,25.0,34.0,1,324.0,359.692307692,307.0,0.907543959161,612.0,75.1658521234,320.0
2016-09-01,3,0,23.0,28.0,0,324.0,356.769230769,307.0,0.894055382289,612.0,75.910021479,306.0
2016-09-02,4,0,25.0,33.0,1,324.0,352.692307692,306.0,0.897180290516,612.0,77.0947315524,375.0
2016-09-03,5,1,25.0,34.0,1,325.0,356.230769231,306.0,0.949535192563,612.0,76.9816699922,429.0
2016-09-04,6,1,26.0,34.0,1,325.0,342.153846154,306.0,1.03757711722,612.0,33.2145615746,416.0
2016-09-05,0,0,25.0,32.0,0,326.0,349.230769231,306.0,1.13151548878,612.0,38.0427974506,296.0
2016-09-06,1,0,25.0,32.0,0,326.0,342.769230769,296.0,1.06268045078,612.0,39.3781545181,306.0
2016-09-07,2,0,26.0,33.0,0,326.0,340.153846154,296.0,0.952648324911,612.0,40.5857992479,314.0
2016-09-08,3,0,25.0,33.0,0,326.0,337.615384615,296.0,0.86252354049,612.0,41.106874704,335.0
2016-09-09,4,0,24.0,33.0,0,326.0,337.076923077,296.0,0.902305366591,612.0,41.0917576209,347.0
2016-09-10,5,1,23.0,29.0,0,329.0,338.769230769,296.0,0.938648572236,612.0,41.0124818639,372.0
2016-09-11,6,1,23.0,28.0,0,331.0,341.692307692,296.0,1.02819237148,612.0,41.9127016096,345.0
2016-09-12,0,0,23.0,30.0,0,332.0,344.615384615,296.0,1.03476780938,612.0,40.6987780227,303.0
2016-09-13,1,0,25.0,34.0,1,331.0,343.384615385,296.0,1.00324579522,612.0,41.6847850153,340.0
2016-09-14,2,0,25.0,35.0,1,331.0,344.923076923,296.0,0.971771417331,612.0,41.1590938423,329.0
2016-09-15,3,1,25.0,35.0,1,331.0,346.692307692,296.0,0.958579881657,612.0,39.9237438806,276.0
2016-09-16,4,1,25.0,35.0,1,331.0,339.076923077,276.0,0.941141320586,612.0,43.1124853208,251.0
2016-09-17,5,1,25.0,35.0,1,331.0,325.384615385,251.0,0.862034239678,612.0,40.570050457,281.0
2016-09-18,6,0,25.0,35.0,1,331.0,315.0,251.0,0.820262930816,612.0,32.5269119346,286.0
2016-09-19,0,0,24.0,34.0,1,331.0,314.230769231,251.0,0.833078724921,612.0,33.080679572,277.0
2016-09-20,1,0,23.0,33.0,1,329.0,312.0,251.0,0.865108651087,429.0,34.5075242631,268.0
2016-09-21,2,0,22.0,32.0,1,329.0,308.461538462,251.0,0.858648481091,429.0,36.4261431574,276.0
2016-09-22,3,0,24.0,33.0,1,326.0,303.923076923,251.0,0.852278625558,429.0,36.5122983253,278.0
2016-09-23,4,0,24.0,34.0,1,326.0,298.615384615,251.0,0.866403162055,429.0,34.84148381,323.0
2016-09-24,5,1,24.0,32.0,0,326.0,294.846153846,251.0,0.940129710028,429.0,28.830662507,354.0
2016-09-25,6,1,25.0,34.0,1,326.0,295.538461538,251.0,1.03405338098,429.0,30.1065170165,324.0
2016-09-26,0,0,25.0,35.0,1,325.0,297.153846154,251.0,1.07895445971,429.0,31.0132630532,253.0
2016-09-27,1,0,26.0,36.0,1,325.0,290.461538462,251.0,1.01217656012,429.0,30.4267478093,285.0
2016-09-28,2,0,25.0,36.0,1,325.0,287.076923077,251.0,0.941613414168,429.0,28.3262898775,269.0
2016-09-29,3,0,22.0,32.0,1,325.0,286.538461538,251.0,0.891171111479,429.0,28.5969750542,276.0
2016-09-30,4,0,20.0,31.0,1,325.0,288.461538462,251.0,0.927477930495,429.0,26.934722756,315.0
2016-10-01,5,1,21.0,30.0,1,324.0,291.076923077,251.0,0.970271337508,429.0,27.7224195261,321.0
2016-10-02,6,1,23.0,32.0,1,324.0,293.769230769,251.0,1.03313508921,429.0,28.7780735073,304.0
2016-10-03,0,1,24.0,34.0,1,324.0,295.846153846,251.0,1.06467323593,416.0,28.4654882914,303.0
2016-10-04,1,1,25.0,35.0,1,324.0,298.538461538,251.0,1.05773066621,372.0,27.3372537719,295.0
2016-10-05,2,1,23.0,36.0,1,324.0,300.0,251.0,1.03410719404,372.0,26.5909180563,314.0
2016-10-06,3,1,23.0,36.0,1,324.0,302.769230769,251.0,1.03878352981,372.0,26.0241126241,323.0
2016-10-07,4,1,24.0,35.0,1,324.0,302.769230769,251.0,1.04866385373,372.0,26.0241126241,345.0
2016-10-08,5,0,24.0,35.0,1,324.0,302.076923077,251.0,1.09311515556,372.0,24.7400688341,299.0
2016-10-09,6,0,23.0,33.0,1,323.0,300.153846154,251.0,1.07408641564,372.0,23.919242829,298.0
2016-10-10,0,0,22.0,33.0,1,323.0,303.615384615,251.0,1.0426697659,354.0,19.7349298357,297.0
2016-10-11,1,0,22.0,33.0,1,323.0,304.538461538,251.0,0.984798413748,354.0,19.11348853,308.0
2016-10-12,2,0,21.0,31.0,1,321.0,307.538461538,251.0,0.989480604865,354.0,16.1274509628,305.0
2016-10-13,3,0,19.0,27.0,1,320.0,309.769230769,251.0,0.992745322642,354.0,13.3828469212,318.0
2016-10-14,4,0,22.0,31.0,1,319.0,310.0,251.0,1.016486516,354.0,13.4964382766,293.0
2016-10-15,5,1,23.0,34.0,1,318.0,307.846153846,251.0,1.01020126827,354.0,13.7999228194,353.0
2016-10-16,6,1,23.0,34.0,1,318.0,311.615384615,253.0,1.05806168368,354.0,18.2189185761,334.0
2016-10-17,0,0,23.0,34.0,1,318.0,314.0,253.0,1.06146764148,354.0,18.9493251351,249.0
2016-10-18,1,0,21.0,26.0,0,315.0,310.461538462,249.0,1.01977447295,354.0,25.3729576961,305.0
2016-10-19,2,0,20.0,24.0,0,314.0,309.769230769,249.0,0.961819658814,354.0,25.3897430718,380.0
2016-10-20,3,0,22.0,29.0,0,314.0,314.153846154,249.0,0.994834105555,380.0,31.4858848811,299.0
2016-10-21,4,0,22.0,30.0,1,314.0,310.615384615,249.0,1.05077687009,380.0,30.3860759143,324.0
2016-10-22,5,1,23.0,32.0,1,314.0,312.538461538,249.0,1.07055181983,380.0,30.3812072091,308.0
2016-10-23,6,1,24.0,32.0,1,308.0,313.307692308,249.0,0.993066666667,380.0,30.1289143397,330.0
2016-10-24,0,0,24.0,32.0,0,308.0,315.846153846,249.0,1.02171950507,380.0,30.0380429401,279.0
2016-10-25,1,0,24.0,30.0,0,308.0,313.615384615,249.0,0.976414843209,380.0,31.5754005067,307.0
2016-10-26,2,0,24.0,31.0,1,307.0,313.769230769,249.0,0.976441743951,380.0,31.5378986817,359.0
2016-10-27,3,0,23.0,32.0,1,307.0,316.923076923,249.0,1.00158982512,380.0,33.7740490693,345.0
2016-10-28,4,0,20.0,32.0,1,308.0,320.923076923,249.0,1.07154213037,380.0,33.7831581583,344.0
2016-10-29,5,1,16.0,24.0,1,308.0,320.230769231,249.0,1.1028676664,380.0,33.2060092943,415.0
2016-10-30,6,1,17.0,21.0,1,308.0,326.461538462,249.0,1.14073155611,415.0,41.7144420382,385.0
2016-10-31,0,0,17.0,23.0,0,308.0,336.923076923,249.0,1.16615698267,415.0,37.8508439871,291.0
