time_stamp,dayofweek,holiday,lt,ht,sunny,m2M,w2A,m1L,d3w3,m1Lar,w2Std,pay_sum
2016-08-01,0,0,27.0,34.0,0,28.0,19.0,19.0,1.0,19.0,0.0,19.0
2016-08-02,1,0,27.0,34.0,0,19.0,19.0,19.0,1.0,19.0,0.0,19.0
2016-08-03,2,0,25.0,32.0,0,19.0,19.0,19.0,1.0,19.0,0.0,19.0
2016-08-04,3,0,25.0,32.0,0,19.0,19.0,19.0,1.0,19.0,0.0,19.0
2016-08-05,4,0,26.0,34.0,1,19.0,19.0,19.0,1.0,19.0,0.0,19.0
2016-08-06,5,1,27.0,33.0,0,19.0,19.0,19.0,1.0,19.0,0.0,19.0
2016-08-07,6,1,26.0,32.0,0,19.0,19.0,19.0,1.0,19.0,0.0,19.0
2016-08-08,0,0,26.0,33.0,0,19.0,19.0,19.0,1.0,19.0,0.0,19.0
2016-08-09,1,0,26.0,31.0,0,19.0,19.0,19.0,1.0,19.0,0.0,19.0
2016-08-10,2,0,26.0,33.0,1,19.0,19.0,19.0,1.0,19.0,0.0,19.0
2016-08-11,3,0,27.0,34.0,1,19.0,19.0,19.0,1.0,19.0,0.0,19.0
2016-08-12,4,0,27.0,34.0,1,19.0,19.0,19.0,1.0,19.0,0.0,19.0
2016-08-13,5,1,26.0,33.0,1,19.0,19.0,19.0,1.0,19.0,0.0,19.0
2016-08-14,6,1,26.0,33.0,1,19.0,19.0,19.0,1.0,19.0,0.0,19.0
2016-08-15,0,0,26.0,34.0,1,19.0,19.0,19.0,1.0,19.0,0.0,19.0
2016-08-16,1,0,27.0,35.0,1,19.0,19.0,19.0,1.0,19.0,0.0,19.0
2016-08-17,2,0,27.0,35.0,1,19.0,19.0,19.0,1.0,19.0,0.0,19.0
2016-08-18,3,0,27.0,35.0,1,19.0,19.0,19.0,1.0,19.0,0.0,19.0
2016-08-19,4,0,27.0,35.0,1,19.0,19.0,19.0,1.0,19.0,0.0,19.0
2016-08-20,5,1,27.0,37.0,1,19.0,19.0,19.0,1.0,19.0,0.0,19.0
2016-08-21,6,1,26.0,34.0,1,19.0,19.0,19.0,1.0,19.0,0.0,19.0
2016-08-22,0,0,26.0,35.0,1,19.0,19.0,19.0,1.0,19.0,0.0,19.0
2016-08-23,1,0,25.0,34.0,1,19.0,19.0,19.0,1.0,19.0,0.0,19.0
2016-08-24,2,0,25.0,34.0,1,19.0,19.0,19.0,1.0,19.0,0.0,19.0
2016-08-25,3,0,25.0,34.0,1,19.0,19.0,19.0,1.0,19.0,0.0,19.0
2016-08-26,4,0,26.0,34.0,1,19.0,19.0,19.0,1.0,19.0,0.0,19.0
2016-08-27,5,1,23.0,31.0,1,19.0,19.0,19.0,1.0,19.0,0.0,19.0
2016-08-28,6,1,22.0,30.0,1,19.0,19.0,19.0,1.0,19.0,0.0,19.0
2016-08-29,0,0,22.0,30.0,1,19.0,19.0,19.0,1.0,19.0,0.0,19.0
2016-08-30,1,0,19.0,32.0,1,19.0,19.0,19.0,1.0,19.0,0.0,19.0
2016-08-31,2,0,23.0,33.0,1,19.0,19.0,19.0,1.0,19.0,0.0,19.0
2016-09-01,3,0,23.0,32.0,1,19.0,19.0,19.0,1.0,19.0,0.0,19.0
2016-09-02,4,0,23.0,33.0,1,19.0,19.0,19.0,1.0,19.0,0.0,19.0
2016-09-03,5,1,22.0,32.0,1,19.0,19.0,19.0,1.0,19.0,0.0,19.0
2016-09-04,6,1,24.0,31.0,0,19.0,19.0,19.0,1.0,19.0,0.0,19.0
2016-09-05,0,0,23.0,30.0,0,19.0,19.0,19.0,1.0,19.0,0.0,19.0
2016-09-06,1,0,23.0,29.0,0,19.0,19.0,19.0,1.0,19.0,0.0,19.0
2016-09-07,2,0,21.0,26.0,0,19.0,19.0,19.0,1.0,19.0,0.0,19.0
2016-09-08,3,0,20.0,29.0,1,19.0,19.0,19.0,1.0,19.0,0.0,19.0
2016-09-09,4,0,22.0,31.0,1,19.0,19.0,19.0,1.0,19.0,0.0,19.0
2016-09-10,5,1,23.0,28.0,1,19.0,19.0,19.0,1.0,19.0,0.0,19.0
2016-09-11,6,1,21.0,26.0,0,19.0,19.0,19.0,1.0,19.0,0.0,57.0
2016-09-12,0,0,21.0,26.0,0,19.0,21.9230769231,19.0,1.51515151515,57.0,10.1258354904,127.0
2016-09-13,1,0,22.0,26.0,0,19.0,30.2307692308,19.0,2.57287705957,127.0,29.7014732765,126.0
2016-09-14,2,0,22.0,26.0,0,19.0,38.4615384615,19.0,3.26487625066,127.0,38.861916071,103.0
2016-09-15,3,1,24.0,26.0,0,19.0,44.9230769231,19.0,3.31008833101,127.0,41.9495329367,64.0
2016-09-16,4,1,24.0,29.0,0,19.0,48.3846153846,19.0,2.5634295713,127.0,41.5220765405,63.0
2016-09-17,5,1,23.0,28.0,0,19.0,51.7692307692,19.0,1.90239867659,127.0,40.7754712205,97.0
2016-09-18,6,0,22.0,26.0,0,19.0,57.7692307692,19.0,1.68929110106,127.0,41.2481306731,132.0
2016-09-19,0,0,20.0,26.0,1,19.0,66.4615384615,19.0,1.95252423938,132.0,43.9783432448,125.0
2016-09-20,1,0,19.0,26.0,1,19.0,74.6153846154,19.0,2.13961922031,132.0,44.2484914328,125.0
2016-09-21,2,0,19.0,26.0,1,19.0,82.7692307692,19.0,2.10642404191,132.0,42.9975917861,152.0
2016-09-22,3,0,18.0,27.0,1,19.0,93.0,19.0,1.99701937407,152.0,42.4264068712,132.0
2016-09-23,4,0,21.0,28.0,1,19.0,101.692307692,19.0,1.87399770905,152.0,37.6857137089,142.0
2016-09-24,5,1,20.0,29.0,1,19.0,111.153846154,19.0,1.79974651458,152.0,30.4904680032,123.0
2016-09-25,6,1,21.0,30.0,1,19.0,116.230769231,19.0,1.57352358304,152.0,26.2507255465,154.0
2016-09-26,0,0,24.0,30.0,1,19.0,118.307692308,19.0,1.53733259952,154.0,28.0285146438,157.0
2016-09-27,1,0,24.0,31.0,0,19.0,120.692307692,19.0,1.4799658994,157.0,29.8415936247,173.0
2016-09-28,2,0,23.0,29.0,0,19.0,126.076923077,19.0,1.52995100364,173.0,32.3715486155,156.0
2016-09-29,3,0,23.0,27.0,0,19.0,133.153846154,19.0,1.44256455922,173.0,27.7539911304,145.0
2016-09-30,4,0,25.0,31.0,0,19.0,139.461538462,19.0,1.33220910624,173.0,19.0449483898,101.0
2016-10-01,5,1,24.0,32.0,1,19.0,139.769230769,19.0,1.09209453953,173.0,18.377050262,101.0
2016-10-02,6,1,23.0,32.0,1,19.0,137.384615385,19.0,0.926074192687,173.0,21.0477057458,101.0
2016-10-03,0,1,22.0,27.0,0,19.0,135.538461538,19.0,0.81715210356,173.0,23.0137597123,101.0
2016-10-04,1,1,22.0,26.0,0,19.0,133.692307692,19.0,0.825500612996,173.0,24.686915299,101.0
2016-10-05,2,1,22.0,26.0,1,19.0,129.769230769,19.0,0.826175869121,173.0,25.504611487,101.0
2016-10-06,3,1,23.0,27.0,0,19.0,127.384615385,19.0,0.813859790492,173.0,26.6098260091,101.0
2016-10-07,4,1,21.0,26.0,0,19.0,124.230769231,19.0,0.801587301587,173.0,27.1155755585,94.0
2016-10-08,5,0,19.0,22.0,0,19.0,122.0,19.0,0.784002118925,173.0,28.2924289954,119.0
2016-10-09,6,0,18.0,20.0,1,19.0,119.307692308,19.0,0.835995740149,173.0,26.7420286193,109.0
2016-10-10,0,0,18.0,21.0,1,19.0,115.615384615,57.0,0.862808145766,173.0,24.5028678433,90.0
2016-10-11,1,0,19.0,23.0,1,57.0,109.230769231,63.0,0.864247859764,173.0,18.8889623698,172.0
2016-10-12,2,0,19.0,24.0,1,63.0,110.461538462,63.0,1.00013478906,173.0,22.1380819981,239.0
2016-10-13,3,0,19.0,24.0,1,64.0,117.692307692,63.0,1.29457364341,239.0,40.2117178012,205.0
2016-10-14,4,0,20.0,24.0,0,90.0,125.692307692,63.0,1.55378988523,239.0,46.0207053992,162.0
2016-10-15,5,1,20.0,24.0,1,94.0,130.384615385,63.0,1.50633855332,239.0,46.372303507,149.0
2016-10-16,6,1,21.0,26.0,0,97.0,134.076923077,90.0,1.28502054539,239.0,45.7929479597,191.0
2016-10-17,0,0,20.0,24.0,1,101.0,141.0,90.0,1.23447682282,239.0,47.0547962078,135.0
2016-10-18,1,0,20.0,25.0,1,101.0,143.615384615,90.0,1.18468636987,239.0,45.6837598842,130.0
2016-10-19,2,0,20.0,24.0,0,101.0,145.846153846,90.0,1.148469966,239.0,44.2333778495,148.0
2016-10-20,3,0,23.0,26.0,0,101.0,149.461538462,90.0,1.03899371069,239.0,42.2986004217,165.0
2016-10-21,4,0,23.0,27.0,0,101.0,154.923076923,90.0,1.0881847212,239.0,39.2594163883,135.0
2016-10-22,5,1,21.0,25.0,0,101.0,156.153846154,90.0,1.08685104318,239.0,38.354312071,111.0
2016-10-23,6,1,19.0,22.0,0,101.0,156.307692308,90.0,0.993473531545,239.0,38.1684215336,136.0
2016-10-24,0,0,20.0,24.0,1,103.0,159.846153846,90.0,0.911803317818,239.0,33.7316244081,182.0
2016-10-25,1,0,20.0,26.0,1,109.0,160.615384615,90.0,0.995128740431,239.0,34.1118938462,160.0
2016-10-26,2,0,22.0,28.0,0,111.0,154.538461538,90.0,1.08648710081,239.0,25.5752746722,203.0
2016-10-27,3,0,21.0,26.0,1,119.0,154.384615385,90.0,1.19714442614,239.0,25.2755231599,144.0
2016-10-28,4,0,17.0,22.0,0,123.0,153.0,90.0,1.09562398703,239.0,25.3134199738,142.0
2016-10-29,5,1,13.0,16.0,0,125.0,152.461538462,90.0,1.04890604891,239.0,25.4667668348,162.0
2016-10-30,6,1,14.0,19.0,1,125.0,150.230769231,90.0,0.944848676579,239.0,23.1588290064,135.0
2016-10-31,0,0,14.0,20.0,0,126.0,150.230769231,90.0,0.912871698898,239.0,23.1588290064,149.0
