time_stamp,dayofweek,holiday,lt,ht,sunny,m2M,w2A,m1L,d3w3,m1Lar,w2Std,pay_sum
2016-08-01,0,0,27.0,37.0,1,99.0,141.615384615,86.0,1.03200681514,168.0,14.3341360263,163.0
2016-08-02,1,0,27.0,35.0,0,100.0,143.538461538,86.0,1.02268635218,168.0,15.3603655035,133.0
2016-08-03,2,0,26.0,32.0,0,101.0,141.846153846,86.0,0.996796012816,168.0,15.2156101718,128.0
2016-08-04,3,0,27.0,33.0,0,101.0,141.076923077,86.0,1.0059311981,168.0,15.637536391,122.0
2016-08-05,4,0,26.0,33.0,0,103.0,140.230769231,86.0,0.921115921116,168.0,16.3337962338,163.0
2016-08-06,5,1,26.0,34.0,0,104.0,143.230769231,86.0,0.977746212121,168.0,16.6555781654,119.0
2016-08-07,6,1,27.0,35.0,1,108.0,143.230769231,86.0,0.957119166074,168.0,16.6555781654,104.0
2016-08-08,0,0,26.0,34.0,0,108.0,140.461538462,86.0,0.927996153384,168.0,19.6805854534,135.0
2016-08-09,1,0,26.0,30.0,0,109.0,139.153846154,100.0,0.861612515042,168.0,19.4336985428,139.0
2016-08-10,2,0,27.0,35.0,0,119.0,136.923076923,101.0,0.915032679739,168.0,17.5694732571,162.0
2016-08-11,3,0,27.0,36.0,1,119.0,137.846153846,101.0,1.0463162947,168.0,18.5216968563,133.0
2016-08-12,4,0,27.0,36.0,1,119.0,135.692307692,104.0,1.04151667867,168.0,17.2911031609,139.0
2016-08-13,5,1,27.0,35.0,1,121.0,135.692307692,104.0,1.03592314119,168.0,17.2911031609,119.0
2016-08-14,6,1,28.0,35.0,1,121.0,135.307692308,104.0,0.93328559494,168.0,17.5997579327,110.0
2016-08-15,0,0,27.0,36.0,1,121.0,131.230769231,104.0,0.887923754373,168.0,16.8347344506,148.0
2016-08-16,1,0,26.0,36.0,1,121.0,132.384615385,104.0,0.910958076598,168.0,17.4203173226,152.0
2016-08-17,2,0,28.0,37.0,1,122.0,134.230769231,104.0,0.996475877992,168.0,18.1156704207,145.0
2016-08-18,3,0,28.0,37.0,1,122.0,136.0,104.0,1.08351594838,168.0,17.9572141064,157.0
2016-08-19,4,0,28.0,38.0,1,124.0,135.538461538,104.0,1.10704706169,168.0,17.3232408791,153.0
2016-08-20,5,1,27.0,37.0,0,124.0,138.153846154,104.0,1.10383309073,168.0,17.1950178556,125.0
2016-08-21,6,1,27.0,35.0,0,125.0,139.769230769,104.0,1.05492906511,168.0,14.718663433,109.0
2016-08-22,0,0,27.0,36.0,1,125.0,137.769230769,104.0,0.9573283859,168.0,16.8438705864,147.0
2016-08-23,1,0,27.0,35.0,0,125.0,138.384615385,104.0,0.93761535622,168.0,17.0227832016,167.0
2016-08-24,2,0,27.0,35.0,1,127.0,138.769230769,104.0,1.02620087336,168.0,17.5987492832,178.0
2016-08-25,3,0,26.0,35.0,1,128.0,142.230769231,104.0,1.1697574893,178.0,20.3362270389,173.0
2016-08-26,4,0,25.0,34.0,0,133.0,144.846153846,104.0,1.2271973466,178.0,21.8802550746,184.0
2016-08-27,5,1,23.0,31.0,1,133.0,149.846153846,104.0,1.23885608429,184.0,22.8097352827,186.0
2016-08-28,6,1,21.0,31.0,1,133.0,155.692307692,104.0,1.22255994596,186.0,21.5527425183,152.0
2016-08-29,0,0,21.0,32.0,1,135.0,156.0,104.0,1.16856950974,186.0,21.4691191464,177.0
2016-08-30,1,0,21.0,32.0,1,138.0,157.923076923,104.0,1.13837312113,186.0,22.1340723719,168.0
2016-08-31,2,0,21.0,33.0,1,138.0,159.692307692,104.0,1.09640414736,186.0,21.9488377663,159.0
2016-09-01,3,0,23.0,33.0,0,139.0,159.846153846,104.0,1.10236220472,186.0,21.9364331784,113.0
2016-09-02,4,0,22.0,34.0,1,139.0,156.769230769,104.0,0.970659607324,186.0,25.2378038974,116.0
2016-09-03,5,1,23.0,35.0,1,139.0,156.076923077,104.0,0.856795848515,186.0,26.2047016875,136.0
2016-09-04,6,1,24.0,32.0,1,139.0,158.153846154,104.0,0.7991242474,186.0,23.3002018936,124.0
2016-09-05,0,0,24.0,30.0,0,139.0,156.384615385,104.0,0.829747324286,186.0,24.898373322,148.0
2016-09-06,1,0,23.0,28.0,0,139.0,154.923076923,109.0,0.901557838913,186.0,24.7897669287,103.0
2016-09-07,2,0,21.0,27.0,0,139.0,149.153846154,103.0,0.840336134454,186.0,27.3435301132,101.0
2016-09-08,3,0,22.0,30.0,1,139.0,143.615384615,101.0,0.803928285943,186.0,29.182551324,140.0
2016-09-09,4,0,22.0,29.0,1,139.0,140.230769231,101.0,0.789171828401,186.0,26.7528685627,129.0
2016-09-10,5,1,22.0,28.0,0,139.0,135.846153846,101.0,0.847651775487,186.0,23.3463756167,126.0
2016-09-11,6,1,21.0,25.0,0,139.0,133.846153846,101.0,0.899669741487,186.0,22.9877765306,103.0
2016-09-12,0,0,21.0,27.0,1,139.0,128.153846154,101.0,0.827841368944,186.0,20.6391940579,141.0
2016-09-13,1,0,21.0,28.0,0,139.0,126.076923077,101.0,0.863376502158,186.0,17.6698854572,109.0
2016-09-14,2,0,21.0,25.0,0,139.0,122.230769231,101.0,0.844093735055,186.0,15.3780755331,102.0
2016-09-15,3,1,22.0,25.0,0,139.0,121.384615385,101.0,0.863697705803,186.0,16.1461520138,71.0
2016-09-16,4,1,23.0,27.0,0,139.0,117.923076923,71.0,0.721966205837,186.0,21.0181662761,111.0
2016-09-17,5,1,22.0,27.0,1,139.0,116.0,71.0,0.748649004877,186.0,20.411158336,112.0
2016-09-18,6,0,22.0,26.0,0,138.0,115.076923077,71.0,0.787464845319,186.0,20.2995321601,127.0
2016-09-19,0,0,20.0,27.0,1,136.0,113.461538462,71.0,0.956676233429,186.0,18.3580432367,118.0
2016-09-20,1,0,19.0,26.0,1,136.0,114.615384615,71.0,0.996232733361,186.0,18.134278894,121.0
2016-09-21,2,0,19.0,26.0,1,136.0,116.153846154,71.0,1.03785623139,186.0,17.7584049606,112.0
2016-09-22,3,0,20.0,27.0,1,136.0,114.0,71.0,0.995744680851,186.0,16.3801004975,126.0
2016-09-23,4,0,20.0,29.0,1,135.0,113.769230769,71.0,1.01412429379,186.0,16.1871451664,165.0
2016-09-24,5,1,21.0,30.0,1,135.0,116.769230769,71.0,1.12459885587,186.0,21.0572620258,150.0
2016-09-25,6,1,21.0,30.0,1,135.0,120.384615385,71.0,1.21739130435,186.0,22.3762871105,125.0
2016-09-26,0,0,24.0,31.0,1,133.0,119.153846154,71.0,1.22630992196,177.0,21.6363161725,126.0
2016-09-27,1,0,23.0,28.0,0,133.0,120.461538462,71.0,1.10697032436,177.0,21.4963874769,163.0
2016-09-28,2,0,22.0,28.0,0,133.0,125.153846154,71.0,1.11425111021,168.0,23.5170843099,126.0
2016-09-29,3,0,22.0,25.0,0,133.0,129.384615385,71.0,1.12329137908,165.0,17.5960592683,105.0
2016-09-30,4,0,22.0,29.0,0,129.0,128.923076923,71.0,1.07694410277,165.0,18.1424344837,140.0
2016-10-01,5,1,23.0,30.0,0,129.0,131.076923077,71.0,1.00828916972,165.0,17.6611766245,125.0
2016-10-02,6,1,22.0,30.0,1,129.0,130.923076923,71.0,0.996632996633,165.0,17.7046779497,98.0
2016-10-03,0,1,21.0,27.0,0,129.0,129.384615385,71.0,0.995065789474,165.0,19.5351299401,109.0
2016-10-04,1,1,20.0,27.0,1,127.0,128.461538462,71.0,0.910087719298,165.0,20.1823052149,80.0
2016-10-05,2,1,21.0,27.0,1,127.0,126.0,71.0,0.793914246196,165.0,23.6870623564,110.0
2016-10-06,3,1,22.0,27.0,0,127.0,124.769230769,71.0,0.813937661631,165.0,24.0677052888,83.0
2016-10-07,4,1,20.0,23.0,0,126.0,118.461538462,71.0,0.751755472945,165.0,23.4344105459,66.0
2016-10-08,5,0,17.0,22.0,0,126.0,112.0,66.0,0.72701754386,165.0,25.3498596567,109.0
2016-10-09,6,0,16.0,22.0,1,126.0,110.769230769,66.0,0.729741196436,165.0,25.0757432474,110.0
2016-10-10,0,0,15.0,21.0,1,126.0,109.538461538,66.0,0.808854831843,165.0,24.6876343529,114.0
2016-10-11,1,0,17.0,23.0,1,125.0,105.769230769,66.0,0.947907771136,165.0,19.415116419,118.0
2016-10-12,2,0,18.0,25.0,1,125.0,105.153846154,66.0,0.971039182283,165.0,18.8836361958,101.0
2016-10-13,3,0,18.0,23.0,1,125.0,104.846153846,66.0,0.95566078347,165.0,18.9161963726,113.0
2016-10-14,4,0,19.0,22.0,0,125.0,102.769230769,66.0,0.974607368267,165.0,16.2345967051,128.0
2016-10-15,5,1,20.0,23.0,0,125.0,103.0,66.0,1.01378390396,165.0,16.5668807704,154.0
2016-10-16,6,1,20.0,26.0,0,125.0,107.307692308,66.0,1.15598478197,165.0,21.3086642378,133.0
2016-10-17,0,0,20.0,24.0,0,125.0,109.153846154,66.0,1.21079504012,165.0,22.3876550936,121.0
2016-10-18,1,0,20.0,24.0,0,125.0,112.307692308,66.0,1.21266161391,165.0,20.8967594668,101.0
2016-10-19,2,0,20.0,24.0,0,124.0,111.615384615,66.0,1.06702735197,165.0,21.1097442376,107.0
2016-10-20,3,0,21.0,25.0,0,124.0,113.461538462,66.0,0.987987987988,165.0,19.5157348139,95.0
2016-10-21,4,0,21.0,25.0,0,121.0,115.692307692,66.0,0.928735632184,165.0,15.1270751425,106.0
2016-10-22,5,1,20.0,23.0,0,121.0,115.461538462,66.0,0.952380952381,165.0,15.249793868,104.0
2016-10-23,6,1,17.0,23.0,0,118.0,115.0,66.0,0.940487203207,163.0,15.4968979526,108.0
2016-10-24,0,0,19.0,24.0,1,118.0,114.538461538,66.0,0.981027302175,163.0,15.608751907,121.0
2016-10-25,1,0,19.0,23.0,1,118.0,114.769230769,66.0,1.00817438692,163.0,15.6802366846,82.0
2016-10-26,2,0,19.0,24.0,0,116.0,113.307692308,66.0,0.953695185526,163.0,17.6564854739,125.0
2016-10-27,3,0,18.0,24.0,0,116.0,114.230769231,66.0,0.986762936221,154.0,17.9278633424,150.0
2016-10-28,4,0,15.0,19.0,0,116.0,115.923076923,66.0,1.0347826087,154.0,20.0593793081,115.0
2016-10-29,5,1,12.0,15.0,0,115.0,112.923076923,66.0,1.12749349523,154.0,16.7903889104,109.0
2016-10-30,6,1,14.0,18.0,1,114.0,111.076923077,66.0,1.08170643529,154.0,15.769793611,90.0
2016-10-31,0,0,12.0,17.0,0,114.0,108.692307692,66.0,0.917726143504,154.0,16.4194285265,107.0
