time_stamp,dayofweek,holiday,lt,ht,sunny,m2M,w2A,m1L,d3w3,m1Lar,w2Std,pay_sum
2016-08-01,0,0,24.0,30.0,0,81.0,78.5384615385,53.0,1.08978328173,104.0,15.184077615,82.0
2016-08-02,1,0,23.0,31.0,1,82.0,80.7692307692,53.0,1.1118051218,104.0,13.2789819243,73.0
2016-08-03,2,0,23.0,31.0,1,82.0,80.5384615385,53.0,1.07892527288,104.0,13.3854995287,63.0
2016-08-04,3,0,24.0,31.0,0,82.0,80.1538461538,53.0,0.924512298558,104.0,13.8054958613,77.0
2016-08-05,4,0,24.0,33.0,0,82.0,79.8461538462,53.0,0.902160101652,104.0,13.8277655676,96.0
2016-08-06,5,1,24.0,30.0,0,83.0,80.2307692308,53.0,0.993265993266,104.0,14.1972578401,81.0
2016-08-07,6,1,23.0,28.0,0,83.0,78.5384615385,53.0,1.08338664961,104.0,12.6041225528,97.0
2016-08-08,0,0,24.0,29.0,0,83.0,79.0769230769,53.0,1.14884696017,103.0,13.2168979164,85.0
2016-08-09,1,0,24.0,32.0,1,83.0,79.6923076923,53.0,1.08096999589,103.0,13.2918981418,126.0
2016-08-10,2,0,26.0,34.0,1,84.0,84.8461538462,53.0,1.22807017544,126.0,16.7967311556,83.0
2016-08-11,3,0,27.0,35.0,1,84.0,86.6923076923,53.0,1.16182572614,126.0,15.0863392888,68.0
2016-08-12,4,0,26.0,35.0,1,84.0,85.8461538462,53.0,1.10314615691,126.0,15.7862947075,84.0
2016-08-13,5,1,26.0,34.0,1,84.0,85.9230769231,53.0,0.939812037592,126.0,15.7746707315,109.0
2016-08-14,6,1,24.0,33.0,0,85.0,86.4615384615,53.0,1.04004781829,126.0,16.4205096174,97.0
2016-08-15,0,0,24.0,29.0,0,85.0,87.6153846154,53.0,1.15079365079,126.0,16.5925769387,88.0
2016-08-16,1,0,23.0,27.0,0,86.0,88.7692307692,53.0,1.15907746895,126.0,16.0487423239,86.0
2016-08-17,2,0,23.0,27.0,0,86.0,90.5384615385,53.0,1.05161039969,126.0,14.2807852866,94.0
2016-08-18,3,0,26.0,32.0,1,86.0,91.8461538462,59.0,1.01920517209,126.0,13.7496637936,92.0
2016-08-19,4,0,24.0,29.0,0,86.0,91.5384615385,59.0,1.02680256701,126.0,13.6979245178,90.0
2016-08-20,5,1,22.0,28.0,0,86.0,92.2307692308,59.0,1.03778905809,126.0,13.3713462078,118.0
2016-08-21,6,1,22.0,30.0,1,86.0,93.8461538462,59.0,1.11794298491,126.0,15.0171499593,117.0
2016-08-22,0,0,22.0,32.0,1,86.0,96.3076923077,59.0,1.18786549708,126.0,15.9585261291,100.0
2016-08-23,1,0,24.0,32.0,1,86.0,94.3076923077,59.0,1.20655501531,126.0,13.5611697668,102.0
2016-08-24,2,0,26.0,33.0,1,86.0,95.7692307692,59.0,1.12522045855,126.0,13.2847735058,85.0
2016-08-25,3,0,19.0,26.0,0,86.0,97.0769230769,59.0,1.00807867931,126.0,11.152519815,89.0
2016-08-26,4,0,17.0,26.0,1,86.0,97.4615384615,59.0,0.973030142782,126.0,10.7747238738,110.0
2016-08-27,5,1,17.0,28.0,1,86.0,97.5384615385,63.0,0.986111111111,126.0,10.8600565561,125.0
2016-08-28,6,1,17.0,28.0,1,86.0,99.6923076923,63.0,1.10882956879,126.0,13.0877782999,107.0
2016-08-29,0,0,18.0,29.0,1,86.0,101.153846154,63.0,1.15736040609,126.0,12.7571768872,109.0
2016-08-30,1,0,20.0,30.0,1,86.0,102.923076923,63.0,1.16402116402,126.0,12.1114157113,74.0
2016-08-31,2,0,20.0,32.0,1,86.0,101.384615385,63.0,0.99451303155,126.0,14.2318086938,100.0
2016-09-01,3,0,19.0,30.0,1,86.0,102.0,63.0,0.954790823212,126.0,13.9835067683,103.0
2016-09-02,4,0,19.0,30.0,1,86.0,103.0,68.0,0.925647451963,126.0,13.5476367511,97.0
2016-09-03,5,1,22.0,32.0,1,86.0,101.384615385,68.0,1.00857286939,126.0,12.8992454254,140.0
2016-09-04,6,1,22.0,30.0,1,88.0,103.153846154,68.0,1.11878907535,140.0,16.099909956,130.0
2016-09-05,0,0,22.0,31.0,1,88.0,105.461538462,68.0,1.18310767247,140.0,17.565768216,95.0
2016-09-06,1,0,19.0,31.0,1,89.0,104.923076923,68.0,1.1715615471,140.0,17.7697302627,90.0
2016-09-07,2,0,19.0,26.0,1,89.0,105.307692308,68.0,1.01302460203,140.0,17.3842750137,94.0
2016-09-08,3,0,20.0,32.0,1,90.0,105.692307692,68.0,0.896385542169,140.0,17.0717247805,85.0
2016-09-09,4,0,22.0,32.0,1,90.0,103.769230769,68.0,0.866344605475,140.0,17.8676925726,99.0
2016-09-10,5,1,19.0,29.0,1,90.0,101.769230769,74.0,0.903624248334,140.0,16.8027188558,137.0
2016-09-11,6,1,19.0,30.0,1,90.0,104.076923077,74.0,1.03331723805,140.0,19.2452253358,148.0
2016-09-12,0,0,19.0,28.0,1,90.0,107.076923077,74.0,1.20811703634,148.0,22.5370175437,84.0
2016-09-13,1,0,19.0,28.0,0,90.0,107.846153846,74.0,1.1708710138,148.0,21.5436806863,97.0
2016-09-14,2,0,20.0,30.0,1,91.0,107.615384615,74.0,1.03801861492,148.0,21.6423319572,142.0
2016-09-15,3,1,20.0,31.0,1,91.0,110.615384615,74.0,0.994152046784,148.0,23.4243084178,171.0
2016-09-16,4,1,19.0,31.0,1,92.0,116.307692308,74.0,1.22736117348,171.0,27.9735716357,165.0
2016-09-17,5,1,18.0,29.0,1,94.0,118.230769231,74.0,1.40567563594,171.0,30.2989054033,150.0
2016-09-18,6,0,17.0,26.0,1,94.0,119.769230769,74.0,1.4025974026,171.0,31.347074078,108.0
2016-09-19,0,0,15.0,25.0,1,95.0,120.769230769,74.0,1.22130792551,171.0,30.7424883787,102.0
2016-09-20,1,0,14.0,26.0,1,96.0,121.692307692,74.0,1.026957638,171.0,29.9753350283,99.0
2016-09-21,2,0,17.0,27.0,1,97.0,122.076923077,74.0,0.881849315068,171.0,29.6478343702,87.0
2016-09-22,3,0,21.0,29.0,1,96.0,122.230769231,74.0,0.827586206897,171.0,29.4596303861,100.0
2016-09-23,4,0,22.0,30.0,1,97.0,122.307692308,74.0,0.820777729947,171.0,29.4001167329,116.0
2016-09-24,5,1,21.0,30.0,1,97.0,120.692307692,74.0,0.878642888212,171.0,29.1240968573,129.0
2016-09-25,6,1,21.0,29.0,1,97.0,119.230769231,74.0,1.00087032202,171.0,28.1784255884,116.0
2016-09-26,0,0,20.0,29.0,1,97.0,121.692307692,74.0,1.037803651,171.0,26.3303995569,102.0
2016-09-27,1,0,16.0,26.0,0,99.0,122.076923077,74.0,0.992420992421,171.0,26.0013654626,104.0
2016-09-28,2,0,11.0,22.0,1,99.0,119.153846154,74.0,0.916987042574,171.0,25.7318902826,99.0
2016-09-29,3,0,13.0,24.0,1,99.0,113.615384615,84.0,0.863411181883,171.0,21.352493861,135.0
2016-09-30,4,0,15.0,26.0,1,99.0,111.307692308,84.0,0.942422975045,171.0,16.8129282462,109.0
2016-10-01,5,1,19.0,28.0,1,100.0,108.153846154,84.0,0.96769643109,171.0,12.5688635668,165.0
2016-10-02,6,1,19.0,28.0,1,100.0,112.538461538,84.0,1.14565826331,171.0,19.6805854534,146.0
2016-10-03,0,1,21.0,31.0,1,100.0,115.923076923,84.0,1.1466011466,171.0,21.2944974419,117.0
2016-10-04,1,1,19.0,30.0,1,102.0,117.307692308,84.0,1.15894936366,171.0,20.7267371561,136.0
2016-10-05,2,1,15.0,26.0,1,102.0,121.076923077,84.0,1.08306188925,171.0,19.2771747789,119.0
2016-10-06,3,1,17.0,24.0,1,102.0,122.538461538,84.0,1.03161397671,171.0,18.3202930133,129.0
2016-10-07,4,1,12.0,20.0,0,103.0,123.538461538,84.0,1.08108108108,171.0,18.2908778635,129.0
2016-10-08,5,0,9.0,21.0,1,103.0,123.538461538,84.0,1.07087061497,171.0,18.2908778635,119.0
2016-10-09,6,0,12.0,19.0,1,104.0,123.769230769,84.0,1.06587503534,171.0,18.2130715787,119.0
2016-10-10,0,0,13.0,21.0,1,107.0,125.076923077,84.0,1.0301754386,171.0,17.184346806,97.0
2016-10-11,1,0,13.0,23.0,1,107.0,124.538461538,84.0,0.94114341902,171.0,17.9298435559,90.0
2016-10-12,2,0,16.0,23.0,1,104.0,123.846153846,87.0,0.858585858586,171.0,19.0418411919,102.0
2016-10-13,3,0,14.0,25.0,1,104.0,121.307692308,87.0,0.810204653771,171.0,19.5777920315,103.0
2016-10-14,4,0,15.0,24.0,1,104.0,120.846153846,87.0,0.831571529246,171.0,19.9300552079,110.0
2016-10-15,5,1,14.0,19.0,0,107.0,116.615384615,87.0,0.895140664962,165.0,15.439900665,183.0
2016-10-16,6,1,13.0,21.0,1,108.0,119.461538462,87.0,1.09407376709,183.0,22.4246272059,135.0
2016-10-17,0,0,14.0,23.0,1,109.0,120.846153846,87.0,1.16653038975,183.0,22.782740275,105.0
2016-10-18,1,0,15.0,25.0,1,109.0,118.461538462,87.0,1.15243154884,183.0,22.6940025443,94.0
2016-10-19,2,0,15.0,25.0,1,108.0,116.538461538,87.0,0.911820911821,183.0,23.6077411835,116.0
2016-10-20,3,0,15.0,22.0,1,108.0,115.538461538,87.0,0.866694180768,183.0,23.3324316535,103.0
2016-10-21,4,0,15.0,20.0,0,108.0,113.538461538,90.0,0.863329195973,183.0,23.2068139351,110.0
2016-10-22,5,1,10.0,14.0,0,109.0,112.846153846,90.0,0.928591589049,183.0,23.1677698998,164.0
2016-10-23,6,1,8.0,13.0,0,109.0,116.307692308,90.0,1.05602240896,183.0,26.8911899081,165.0
2016-10-24,0,0,8.0,15.0,0,110.0,121.538461538,90.0,1.20538165843,183.0,29.1458280023,96.0
2016-10-25,1,0,10.0,19.0,1,109.0,122.0,90.0,1.18648799553,183.0,28.6866358593,116.0
2016-10-26,2,0,11.0,16.0,1,109.0,123.076923077,90.0,1.05380852551,183.0,28.1738054513,101.0
2016-10-27,3,0,10.0,14.0,0,109.0,122.923076923,90.0,0.885306180173,183.0,28.2882458288,136.0
2016-10-28,4,0,7.0,14.0,1,110.0,124.923076923,90.0,0.99548787366,183.0,28.2229081489,134.0
2016-10-29,5,1,7.0,14.0,1,110.0,121.153846154,90.0,1.03965251506,183.0,23.0045017462,181.0
2016-10-30,6,1,6.0,17.0,1,116.0,124.692307692,90.0,1.23173562748,183.0,27.8826789779,134.0
2016-10-31,0,0,0.0,8.0,1,116.0,126.923076923,90.0,1.20796341135,183.0,27.3733771235,112.0
