time_stamp,dayofweek,holiday,lt,ht,sunny,m2M,w2A,m1L,d3w3,m1Lar,w2Std,pay_sum
2016-08-01,0,0,27.0,37.0,1,62.0,88.0,53.0,1.0405323654,103.0,9.76650476806,66.0
2016-08-02,1,0,27.0,35.0,0,62.0,86.6923076923,53.0,0.941367417326,103.0,11.3570351994,73.0
2016-08-03,2,0,26.0,32.0,0,63.0,84.3846153846,53.0,0.878584502746,103.0,10.8453354847,104.0
2016-08-04,3,0,27.0,33.0,0,63.0,84.5384615385,53.0,0.973557692308,104.0,11.1051989531,73.0
2016-08-05,4,0,26.0,33.0,0,63.0,84.6923076923,53.0,1.00280786201,104.0,10.9290341285,105.0
2016-08-06,5,1,26.0,34.0,0,66.0,87.3076923077,53.0,1.10328638498,105.0,11.3976017409,95.0
2016-08-07,6,1,27.0,35.0,1,70.0,87.8461538462,53.0,1.04838709677,105.0,11.5814583501,75.0
2016-08-08,0,0,26.0,34.0,0,71.0,86.4615384615,53.0,1.05667627281,105.0,11.9525689843,110.0
2016-08-09,1,0,26.0,30.0,0,71.0,87.8461538462,63.0,1.05940219448,110.0,13.4613186795,87.0
2016-08-10,2,0,27.0,35.0,0,71.0,87.6923076923,63.0,1.03856433753,110.0,13.4586810154,136.0
2016-08-11,3,0,27.0,36.0,1,72.0,90.9230769231,63.0,1.24719101124,136.0,18.6319062094,88.0
2016-08-12,4,0,27.0,36.0,1,73.0,90.6153846154,63.0,1.15377480987,136.0,18.6446051654,102.0
2016-08-13,5,1,27.0,35.0,1,73.0,91.6153846154,63.0,1.18891320204,136.0,18.8783085192,119.0
2016-08-14,6,1,28.0,35.0,1,73.0,94.8461538462,63.0,1.10812264658,136.0,19.6775786262,116.0
2016-08-15,0,0,27.0,36.0,1,74.0,98.6923076923,63.0,1.1937654977,136.0,18.5156258972,133.0
2016-08-16,1,0,26.0,36.0,1,75.0,103.307692308,66.0,1.27578436471,136.0,19.0076284904,128.0
2016-08-17,2,0,28.0,37.0,1,75.0,105.153846154,66.0,1.28100577642,136.0,20.1182892446,124.0
2016-08-18,3,0,28.0,37.0,1,75.0,109.076923077,66.0,1.28848728246,136.0,18.3615884115,133.0
2016-08-19,4,0,28.0,38.0,1,76.0,111.230769231,66.0,1.26250204952,136.0,19.3714851746,129.0
2016-08-20,5,1,27.0,37.0,0,76.0,113.846153846,66.0,1.24135713137,136.0,19.29864943,126.0
2016-08-21,6,1,27.0,35.0,0,77.0,117.769230769,66.0,1.21897580899,136.0,15.8849413265,113.0
2016-08-22,0,0,27.0,36.0,1,77.0,118.0,66.0,1.13108959582,136.0,15.7919161404,152.0
2016-08-23,1,0,27.0,35.0,0,79.0,123.0,66.0,1.15954922894,152.0,15.4720591837,132.0
2016-08-24,2,0,27.0,35.0,1,83.0,122.692307692,66.0,1.16285881664,152.0,15.2486297764,147.0
2016-08-25,3,0,26.0,35.0,1,87.0,127.230769231,66.0,1.22269503546,152.0,12.8371686679,123.0
2016-08-26,4,0,25.0,34.0,0,87.0,128.846153846,66.0,1.13175675676,152.0,10.7047520278,123.0
2016-08-27,5,1,23.0,31.0,1,88.0,129.153846154,66.0,1.09348914858,152.0,10.4722795538,136.0
2016-08-28,6,1,21.0,31.0,1,88.0,130.692307692,66.0,1.03649436983,152.0,9.87915143806,121.0
2016-08-29,0,0,21.0,32.0,1,89.0,129.769230769,66.0,1.0264721772,152.0,10.1765480482,131.0
2016-08-30,1,0,21.0,32.0,1,89.0,130.0,66.0,1.02972399151,152.0,10.1678225488,110.0
2016-08-31,2,0,21.0,33.0,1,92.0,128.923076923,73.0,0.970769643336,152.0,11.4116104066,133.0
2016-09-01,3,0,23.0,33.0,0,92.0,128.923076923,73.0,0.985117871724,152.0,11.4116104066,135.0
2016-09-02,4,0,22.0,34.0,1,93.0,129.384615385,73.0,0.982839313573,152.0,11.526147275,98.0
2016-09-03,5,1,23.0,35.0,1,94.0,127.230769231,75.0,0.959496657491,152.0,14.2513364888,88.0
2016-09-04,6,1,24.0,32.0,1,94.0,125.307692308,75.0,0.850894632207,152.0,17.3842750137,98.0
2016-09-05,0,0,24.0,30.0,0,95.0,121.153846154,75.0,0.763440860215,152.0,16.956261171,102.0
2016-09-06,1,0,23.0,28.0,0,98.0,118.846153846,87.0,0.78239608802,152.0,17.3597507685,105.0
2016-09-07,2,0,21.0,27.0,0,98.0,115.615384615,87.0,0.835044490075,152.0,15.6428330187,82.0
2016-09-08,3,0,22.0,30.0,1,98.0,112.461538462,82.0,0.808165548098,152.0,17.8179485335,100.0
2016-09-09,4,0,22.0,29.0,1,100.0,110.692307692,82.0,0.81245576787,152.0,17.8255849635,126.0
2016-09-10,5,1,22.0,28.0,0,102.0,109.923076923,82.0,0.871903750885,152.0,16.909085125,80.0
2016-09-11,6,1,21.0,25.0,0,102.0,106.769230769,80.0,0.878552971576,152.0,18.314155291,97.0
2016-09-12,0,0,21.0,27.0,1,102.0,104.153846154,80.0,0.891045434495,152.0,17.0512627723,85.0
2016-09-13,1,0,21.0,28.0,0,102.0,102.230769231,80.0,0.786786786787,152.0,17.6816021122,97.0
2016-09-14,2,0,21.0,25.0,0,102.0,99.4615384615,80.0,0.857142857143,152.0,15.3051795386,84.0
2016-09-15,3,1,22.0,25.0,0,102.0,95.5384615385,80.0,0.832160175192,152.0,11.8361596203,89.0
2016-09-16,4,1,23.0,27.0,0,102.0,94.8461538462,80.0,0.858369098712,152.0,11.9347337558,101.0
2016-09-17,5,1,22.0,27.0,1,102.0,95.8461538462,80.0,0.885871322341,152.0,11.8636234823,86.0
2016-09-18,6,0,22.0,26.0,0,101.0,94.9230769231,80.0,0.907745436606,152.0,12.124111631,102.0
2016-09-19,0,0,20.0,27.0,1,101.0,94.9230769231,80.0,0.964297630964,152.0,12.124111631,91.0
2016-09-20,1,0,19.0,26.0,1,101.0,93.8461538462,80.0,0.939868620515,152.0,11.7986058749,110.0
2016-09-21,2,0,19.0,26.0,1,102.0,96.0,80.0,1.0327198364,147.0,11.9935880305,107.0
2016-09-22,3,0,20.0,27.0,1,102.0,96.5384615385,80.0,1.06500691563,147.0,12.3139407216,107.0
2016-09-23,4,0,20.0,29.0,1,102.0,95.0769230769,80.0,1.11512648425,136.0,9.54714245175,127.0
2016-09-24,5,1,21.0,30.0,1,104.0,98.6923076923,80.0,1.15047233468,136.0,11.7890732681,107.0
2016-09-25,6,1,21.0,30.0,1,105.0,99.4615384615,80.0,1.14525608732,136.0,11.9782840984,107.0
2016-09-26,0,0,24.0,31.0,1,105.0,101.153846154,80.0,1.14237855946,135.0,11.3533875246,125.0
2016-09-27,1,0,23.0,28.0,0,107.0,103.307692308,80.0,1.12437810945,135.0,12.9102500446,118.0
2016-09-28,2,0,22.0,28.0,0,107.0,105.923076923,80.0,1.14043662431,135.0,12.1557934175,97.0
2016-09-29,3,0,22.0,25.0,0,107.0,106.538461538,80.0,1.10947952358,135.0,11.4664419041,81.0
2016-09-30,4,0,22.0,29.0,0,107.0,105.0,80.0,0.987654320988,135.0,13.3012434352,108.0
2016-10-01,5,1,23.0,30.0,0,107.0,106.692307692,80.0,0.941099045739,127.0,12.1236235722,95.0
2016-10-02,6,1,22.0,30.0,1,107.0,106.153846154,80.0,0.935441370224,127.0,12.4705570405,77.0
2016-10-03,0,1,21.0,27.0,0,107.0,105.076923077,77.0,0.925925925926,127.0,14.2151681635,87.0
2016-10-04,1,1,20.0,27.0,1,107.0,103.307692308,77.0,0.860751080093,127.0,14.9068111195,77.0
2016-10-05,2,1,21.0,27.0,1,107.0,101.0,77.0,0.803735200934,127.0,16.4035643406,77.0
2016-10-06,3,1,22.0,27.0,0,107.0,98.6923076923,77.0,0.808589162892,127.0,17.4725482065,73.0
2016-10-07,4,1,20.0,23.0,0,107.0,94.5384615385,73.0,0.77250297771,127.0,16.6484713302,83.0
2016-10-08,5,0,17.0,22.0,0,107.0,92.6923076923,73.0,0.794137695978,127.0,16.4942163075,88.0
2016-10-09,6,0,16.0,22.0,1,107.0,91.2307692308,73.0,0.837624442156,127.0,15.9959314354,84.0
2016-10-10,0,0,15.0,21.0,1,107.0,88.0769230769,73.0,0.878552971576,127.0,12.736752022,111.0
2016-10-11,1,0,17.0,23.0,1,107.0,87.5384615385,73.0,0.974517906336,127.0,11.5533237616,99.0
2016-10-12,2,0,18.0,25.0,1,107.0,87.6923076923,73.0,1.01659751037,127.0,11.6907893751,107.0
2016-10-13,3,0,18.0,23.0,1,107.0,89.6923076923,73.0,1.09612724758,127.0,12.566038574,114.0
2016-10-14,4,0,19.0,22.0,0,107.0,90.1538461538,73.0,1.11401218451,127.0,13.3176929964,96.0
2016-10-15,5,1,20.0,23.0,0,105.0,90.2307692308,73.0,1.10994397759,127.0,13.3483150545,96.0
2016-10-16,6,1,20.0,26.0,0,102.0,91.6923076923,73.0,1.07765451664,127.0,12.8505289648,105.0
2016-10-17,0,0,20.0,24.0,0,102.0,93.0769230769,73.0,1.05712760278,127.0,13.2343465647,119.0
2016-10-18,1,0,20.0,24.0,0,102.0,96.3076923077,73.0,1.1383849164,127.0,14.0185844528,123.0
2016-10-19,2,0,20.0,24.0,0,102.0,99.8461538462,73.0,1.21754385965,127.0,14.4958676013,116.0
2016-10-20,3,0,21.0,25.0,0,102.0,103.153846154,73.0,1.23341946598,127.0,12.7993158101,113.0
2016-10-21,4,0,21.0,25.0,0,102.0,105.461538462,73.0,1.20962199313,127.0,11.6064662655,97.0
2016-10-22,5,1,20.0,23.0,0,102.0,106.153846154,73.0,1.11912118091,127.0,10.7835070208,91.0
2016-10-23,6,1,17.0,23.0,0,101.0,106.692307692,73.0,1.02590320382,125.0,9.79312643867,98.0
2016-10-24,0,0,19.0,24.0,1,100.0,105.692307692,73.0,0.969327232672,125.0,9.96443379367,116.0
2016-10-25,1,0,19.0,23.0,1,100.0,107.0,73.0,1.0136257893,125.0,10.1147265068,106.0
2016-10-26,2,0,19.0,24.0,0,100.0,106.923076923,73.0,1.04832104832,123.0,10.1182359245,107.0
2016-10-27,3,0,18.0,24.0,0,100.0,106.384615385,73.0,1.06009344289,123.0,9.91144219529,108.0
2016-10-28,4,0,15.0,19.0,0,100.0,107.307692308,73.0,1.02196752627,123.0,9.4493354702,84.0
2016-10-29,5,1,12.0,15.0,0,99.0,106.384615385,73.0,0.95374800638,123.0,10.9722619612,97.0
2016-10-30,6,1,14.0,18.0,1,98.0,105.769230769,73.0,0.916151529561,123.0,11.2534018525,124.0
2016-10-31,0,0,12.0,17.0,0,98.0,106.153846154,73.0,0.96093257719,124.0,11.7724982895,111.0
