time_stamp,dayofweek,holiday,lt,ht,sunny,m2M,w2A,m1L,d3w3,m1Lar,w2Std,pay_sum
2016-08-01,0,0,24.0,30.0,0,96.0,306.846153846,68.0,0.51501083256,874.0,153.324615994,166.0
2016-08-02,1,0,23.0,31.0,1,96.0,282.153846154,68.0,0.479502196193,874.0,148.081498431,147.0
2016-08-03,2,0,23.0,31.0,1,96.0,262.692307692,68.0,0.511054729975,874.0,147.93989664,134.0
2016-08-04,3,0,24.0,31.0,0,96.0,243.0,68.0,0.535201149425,874.0,146.716366871,133.0
2016-08-05,4,0,24.0,33.0,0,97.0,211.153846154,68.0,0.49294516878,874.0,119.722015297,137.0
2016-08-06,5,1,24.0,30.0,0,99.0,212.230769231,68.0,0.47686496695,874.0,118.984907799,119.0
2016-08-07,6,1,23.0,28.0,0,99.0,212.538461538,68.0,0.455050593671,874.0,118.737989115,101.0
2016-08-08,0,0,24.0,29.0,0,99.0,187.923076923,68.0,0.483150629314,874.0,105.38972475,93.0
2016-08-09,1,0,24.0,32.0,1,99.0,163.384615385,68.0,0.460429538099,874.0,85.6482416736,111.0
2016-08-10,2,0,26.0,34.0,1,101.0,139.307692308,68.0,0.479220677194,874.0,41.7416681974,131.0
2016-08-11,3,0,27.0,35.0,1,101.0,129.846153846,68.0,0.560575635877,874.0,25.4221168212,116.0
2016-08-12,4,0,26.0,35.0,1,102.0,124.230769231,68.0,0.671732807956,874.0,18.9823960802,151.0
2016-08-13,5,1,26.0,34.0,1,104.0,126.846153846,68.0,0.740947593782,874.0,20.1144653415,138.0
2016-08-14,6,1,24.0,33.0,0,110.0,129.0,68.0,0.749167591565,874.0,19.6899036994,97.0
2016-08-15,0,0,24.0,29.0,0,110.0,123.692307692,68.0,0.784552845528,874.0,18.2478011969,191.0
2016-08-16,1,0,23.0,27.0,0,111.0,127.076923077,93.0,0.928407976463,874.0,25.064414058,174.0
2016-08-17,2,0,23.0,27.0,0,111.0,130.153846154,93.0,1.0964756141,547.0,28.0078180125,188.0
2016-08-18,3,0,26.0,32.0,1,115.0,134.384615385,93.0,1.3440272208,547.0,31.9892733501,178.0
2016-08-19,4,0,24.0,29.0,0,116.0,137.538461538,93.0,1.317715959,547.0,34.0466091944,187.0
2016-08-20,5,1,22.0,28.0,0,117.0,142.769230769,93.0,1.31572686177,547.0,35.966124759,104.0
2016-08-21,6,1,22.0,30.0,1,117.0,143.0,93.0,1.11826418693,424.0,35.7060649879,102.0
2016-08-22,0,0,22.0,32.0,1,117.0,143.692307692,93.0,0.959004392387,424.0,34.8058010536,205.0
2016-08-23,1,0,24.0,32.0,1,119.0,150.923076923,93.0,0.982078853047,424.0,36.9603978052,192.0
2016-08-24,2,0,26.0,33.0,1,119.0,155.615384615,93.0,1.16807116105,424.0,37.9909674721,190.0
2016-08-25,3,0,19.0,26.0,0,119.0,161.307692308,93.0,1.3471026965,424.0,37.1636394164,128.0
2016-08-26,4,0,17.0,26.0,1,123.0,159.538461538,93.0,1.17403314917,254.0,38.1467114917,187.0
2016-08-27,5,1,17.0,28.0,1,127.0,163.307692308,93.0,1.13585245164,205.0,38.2529729672,120.0
2016-08-28,6,1,17.0,28.0,1,127.0,165.076923077,93.0,0.972175662085,205.0,35.5840533395,112.0
2016-08-29,0,0,18.0,29.0,1,127.0,159.0,93.0,0.930490783922,205.0,37.3404297285,153.0
2016-08-30,1,0,20.0,30.0,1,128.0,157.384615385,93.0,0.843188786684,205.0,37.1101032512,147.0
2016-08-31,2,0,20.0,32.0,1,130.0,154.230769231,93.0,0.897603485839,205.0,36.1027462117,139.0
2016-09-01,3,0,19.0,30.0,1,131.0,151.230769231,93.0,0.949291815331,205.0,35.6201193065,124.0
2016-09-02,4,0,19.0,30.0,1,131.0,146.384615385,93.0,0.894415357766,205.0,34.6976799525,158.0
2016-09-03,5,1,22.0,32.0,1,133.0,150.538461538,93.0,0.912440398786,205.0,32.5401890794,140.0
2016-09-04,6,1,22.0,30.0,1,134.0,153.461538462,93.0,0.901998503794,205.0,29.6248736047,129.0
2016-09-05,0,0,22.0,31.0,1,134.0,147.615384615,93.0,0.931196161814,205.0,26.1755565999,129.0
2016-09-06,1,0,19.0,31.0,1,134.0,142.769230769,93.0,0.880920761399,205.0,23.1687914965,112.0
2016-09-07,2,0,19.0,26.0,1,134.0,136.769230769,97.0,0.840145322434,205.0,20.0505278893,114.0
2016-09-08,3,0,20.0,32.0,1,134.0,135.692307692,97.0,0.824048282266,205.0,20.8525394705,112.0
2016-09-09,4,0,22.0,32.0,1,134.0,129.923076923,97.0,0.805625074485,205.0,15.5635745274,126.0
2016-09-10,5,1,19.0,29.0,1,134.0,130.384615385,97.0,0.832446494029,205.0,15.3499609698,146.0
2016-09-11,6,1,19.0,30.0,1,137.0,133.0,97.0,0.894166957737,205.0,14.8841681507,112.0
2016-09-12,0,0,19.0,28.0,1,137.0,129.846153846,97.0,0.924187725632,205.0,14.6541994708,98.0
2016-09-13,1,0,19.0,28.0,0,137.0,126.076923077,98.0,0.886895864474,205.0,15.9974110331,80.0
2016-09-14,2,0,20.0,30.0,1,137.0,121.538461538,80.0,0.753442452585,205.0,19.6414607972,129.0
2016-09-15,3,1,20.0,31.0,1,137.0,121.923076923,80.0,0.797299052071,205.0,19.7346300016,73.0
2016-09-16,4,1,19.0,31.0,1,134.0,115.384615385,73.0,0.766408479413,205.0,20.7532702207,108.0
2016-09-17,5,1,18.0,29.0,1,133.0,112.923076923,73.0,0.846647548819,205.0,19.5505716559,94.0
2016-09-18,6,0,17.0,26.0,1,131.0,110.230769231,73.0,0.756637776861,205.0,19.5611618585,84.0
2016-09-19,0,0,15.0,25.0,1,129.0,106.769230769,73.0,0.809968847352,205.0,19.9119362971,95.0
2016-09-20,1,0,14.0,26.0,1,129.0,105.461538462,73.0,0.790616854909,205.0,20.082964019,104.0
2016-09-21,2,0,17.0,27.0,1,129.0,104.692307692,73.0,0.83223055433,192.0,19.9321333737,88.0
2016-09-22,3,0,21.0,29.0,1,129.0,102.846153846,73.0,0.857612430898,190.0,20.2782420488,106.0
2016-09-23,4,0,22.0,30.0,1,129.0,101.307692308,73.0,0.911733210953,187.0,19.1928857628,118.0
2016-09-24,5,1,21.0,30.0,1,128.0,99.1538461538,73.0,0.964302271674,187.0,15.2156101718,136.0
2016-09-25,6,1,21.0,29.0,1,128.0,101.0,73.0,1.10905730129,158.0,17.8842431723,129.0
2016-09-26,0,0,20.0,29.0,1,128.0,103.384615385,73.0,1.17991373999,158.0,19.3332653199,94.0
2016-09-27,1,0,16.0,26.0,0,126.0,104.461538462,73.0,1.11525318422,158.0,18.3664216381,103.0
2016-09-28,2,0,11.0,22.0,1,126.0,102.461538462,73.0,1.01795472287,158.0,16.9461381333,92.0
2016-09-29,3,0,13.0,24.0,1,126.0,103.923076923,73.0,0.910953506698,158.0,15.0561080805,106.0
2016-09-30,4,0,15.0,26.0,1,124.0,103.769230769,73.0,0.957836117741,158.0,15.0238469219,151.0
2016-10-01,5,1,19.0,28.0,1,124.0,108.153846154,73.0,1.10793650794,158.0,19.2547542734,117.0
2016-10-02,6,1,19.0,28.0,1,120.0,110.692307692,73.0,1.18448139351,151.0,18.0400606147,108.0
2016-10-03,0,1,21.0,31.0,1,119.0,111.692307692,73.0,1.18518518519,151.0,17.4945469103,106.0
2016-10-04,1,1,19.0,30.0,1,118.0,111.846153846,73.0,1.030671026,151.0,17.4349170162,109.0
2016-10-05,2,1,15.0,26.0,1,117.0,113.461538462,73.0,1.01524438158,151.0,16.0701126539,98.0
2016-10-06,3,1,17.0,24.0,1,117.0,112.846153846,73.0,0.972351662007,151.0,16.4917049258,84.0
2016-10-07,4,1,12.0,20.0,0,117.0,110.230769231,73.0,0.914231856739,151.0,18.0859224735,74.0
2016-10-08,5,0,9.0,21.0,1,117.0,105.461538462,73.0,0.81192515065,151.0,18.8214909269,96.0
2016-10-09,6,0,12.0,19.0,1,116.0,102.923076923,73.0,0.80100914538,151.0,17.6655315775,101.0
2016-10-10,0,0,13.0,21.0,1,114.0,103.461538462,73.0,0.852201257862,151.0,17.4911642952,92.0
2016-10-11,1,0,13.0,23.0,1,112.0,102.615384615,73.0,0.913978494624,151.0,17.7570720973,114.0
2016-10-12,2,0,16.0,23.0,1,112.0,104.307692308,73.0,0.959075288972,151.0,17.7130313411,90.0
2016-10-13,3,0,14.0,25.0,1,112.0,103.076923077,73.0,0.93169656909,151.0,18.1042346872,103.0
2016-10-14,4,0,15.0,24.0,1,112.0,99.3846153846,73.0,0.973212870502,151.0,11.7246516205,116.0
2016-10-15,5,1,14.0,19.0,0,112.0,99.3076923077,74.0,0.988958233317,151.0,11.6115633042,102.0
2016-10-16,6,1,13.0,21.0,1,112.0,98.8461538462,74.0,1.04085603113,151.0,11.3736953865,112.0
2016-10-17,0,0,14.0,23.0,1,112.0,99.3076923077,74.0,1.06075216972,151.0,11.7694821492,105.0
2016-10-18,1,0,15.0,25.0,1,112.0,99.0,74.0,1.0244059088,151.0,11.5625389812,96.0
2016-10-19,2,0,15.0,25.0,1,112.0,98.8461538462,74.0,1.00320512821,151.0,11.5880983629,101.0
2016-10-20,3,0,15.0,22.0,1,112.0,100.153846154,74.0,0.970281124498,151.0,10.7692307692,86.0
2016-10-21,4,0,15.0,20.0,0,109.0,101.076923077,74.0,0.93864013267,151.0,8.82706971556,118.0
2016-10-22,5,1,10.0,14.0,0,109.0,102.769230769,74.0,1.01110558594,151.0,9.75195322569,148.0
2016-10-23,6,1,8.0,13.0,0,109.0,106.384615385,74.0,1.14415732163,151.0,15.4647910854,141.0
2016-10-24,0,0,8.0,15.0,0,109.0,110.153846154,74.0,1.30073505912,151.0,17.3553190864,80.0
2016-10-25,1,0,10.0,19.0,1,108.0,107.538461538,74.0,1.19591638308,151.0,19.0570616212,87.0
2016-10-26,2,0,11.0,16.0,1,108.0,107.307692308,74.0,1.00358422939,151.0,19.2848470423,104.0
2016-10-27,3,0,10.0,14.0,0,106.0,107.384615385,74.0,0.874475637302,151.0,19.2694994607,76.0
2016-10-28,4,0,7.0,14.0,1,106.0,104.307692308,74.0,0.860735009671,151.0,20.7823320502,90.0
2016-10-29,5,1,7.0,14.0,1,106.0,103.384615385,74.0,0.872938894277,151.0,21.1279561847,167.0
2016-10-30,6,1,6.0,17.0,1,106.0,107.615384615,74.0,1.04323308271,167.0,27.0939631696,126.0
2016-10-31,0,0,0.0,8.0,1,106.0,109.230769231,74.0,1.18100524206,167.0,27.5126651846,75.0
