time_stamp,dayofweek,holiday,lt,ht,sunny,m2M,w2A,m1L,d3w3,m1Lar,w2Std,pay_sum
2016-08-01,0,0,24.0,30.0,1,68.0,47.3076923077,26.0,0.811059907834,93.0,12.6878780149,49.0
2016-08-02,1,0,24.0,33.0,1,68.0,47.1538461538,26.0,0.912547528517,93.0,12.6542553125,45.0
2016-08-03,2,0,25.0,34.0,1,68.0,48.6153846154,26.0,0.845624385447,93.0,11.1323400093,35.0
2016-08-04,3,0,25.0,33.0,1,68.0,45.3846153846,26.0,0.887512899897,93.0,8.1101879096,50.0
2016-08-05,4,0,25.0,32.0,1,67.0,45.3846153846,26.0,0.908455625437,85.0,8.1101879096,43.0
2016-08-06,5,1,24.0,33.0,1,65.0,45.9230769231,26.0,0.902998236332,85.0,7.69076907689,40.0
2016-08-07,6,1,23.0,31.0,1,64.0,45.3846153846,26.0,0.943262411348,85.0,7.8401183423,47.0
2016-08-08,0,0,24.0,32.0,1,64.0,44.8461538462,26.0,0.937950937951,85.0,7.4611419403,48.0
2016-08-09,1,0,25.0,33.0,1,64.0,44.9230769231,26.0,0.977198697068,85.0,7.48805755301,52.0
2016-08-10,2,0,26.0,33.0,1,64.0,45.9230769231,26.0,1.0348468849,83.0,7.49832328398,63.0
2016-08-11,3,0,27.0,34.0,1,63.0,46.4615384615,26.0,1.16470167917,83.0,8.39977458137,51.0
2016-08-12,4,0,25.0,29.0,0,63.0,47.5384615385,26.0,1.18486795146,83.0,8.00591497308,44.0
2016-08-13,5,1,24.0,31.0,0,60.0,46.3076923077,26.0,1.11818825195,77.0,7.18314924919,43.0
2016-08-14,6,1,24.0,33.0,1,57.0,46.9230769231,26.0,0.980810234542,77.0,6.49806525598,34.0
2016-08-15,0,0,21.0,29.0,0,56.0,45.7692307692,26.0,0.878721859114,77.0,7.30809715478,33.0
2016-08-16,1,0,23.0,31.0,1,54.0,44.8461538462,26.0,0.811209439528,77.0,8.06555977213,43.0
2016-08-17,2,0,23.0,28.0,0,52.0,45.4615384615,26.0,0.807635829662,77.0,7.58150974021,40.0
2016-08-18,3,0,22.0,24.0,0,52.0,44.6923076923,26.0,0.866965620329,77.0,7.58931045195,44.0
2016-08-19,4,0,22.0,32.0,1,51.0,44.7692307692,33.0,0.941787170931,77.0,7.57682545818,51.0
2016-08-20,5,1,23.0,31.0,1,51.0,45.6153846154,33.0,1.01123595506,63.0,7.61110991136,50.0
2016-08-21,6,1,23.0,34.0,1,51.0,45.8461538462,33.0,1.06813996317,63.0,7.69461503857,36.0
2016-08-22,0,0,23.0,32.0,1,51.0,44.9230769231,33.0,1.02391629297,63.0,8.09046483842,45.0
2016-08-23,1,0,24.0,30.0,0,50.0,44.3846153846,33.0,0.979073243647,63.0,7.8303007265,56.0
2016-08-24,2,0,24.0,31.0,0,50.0,43.8461538462,33.0,1.00036509675,63.0,6.68921236994,52.0
2016-08-25,3,0,18.0,30.0,1,50.0,43.9230769231,33.0,1.11475409836,63.0,6.77622016786,40.0
2016-08-26,4,0,17.0,29.0,1,50.0,43.6153846154,33.0,1.08187134503,63.0,6.85608614005,49.0
2016-08-27,5,1,20.0,32.0,1,50.0,44.0769230769,33.0,1.02062975027,63.0,6.99957733297,36.0
2016-08-28,6,1,18.0,31.0,1,50.0,44.2307692308,33.0,0.915750915751,63.0,6.79540394626,44.0
2016-08-29,0,0,19.0,31.0,1,49.0,45.0769230769,33.0,0.949227373068,63.0,5.98024360787,40.0
2016-08-30,1,0,19.0,31.0,1,49.0,44.8461538462,33.0,0.89485458613,63.0,6.11236016164,47.0
2016-08-31,2,0,19.0,33.0,1,49.0,45.3846153846,33.0,0.994684889901,63.0,5.96835838193,54.0
2016-09-01,3,0,19.0,27.0,1,49.0,46.1538461538,33.0,1.06696935301,63.0,6.37116284334,48.0
2016-09-02,4,0,19.0,28.0,1,48.0,45.9230769231,33.0,1.12241054614,63.0,6.24452422849,65.0
2016-09-03,5,1,20.0,30.0,1,48.0,47.0769230769,33.0,1.22748989342,65.0,8.02363372948,55.0
2016-09-04,6,1,18.0,29.0,0,48.0,48.5384615385,33.0,1.20689655172,65.0,7.59164910245,55.0
2016-09-05,0,0,20.0,31.0,1,48.0,49.3076923077,33.0,1.22807017544,65.0,7.69999615769,66.0
2016-09-06,1,0,21.0,30.0,1,48.0,50.0769230769,33.0,1.20589242891,66.0,8.75707659739,70.0
2016-09-07,2,0,19.0,31.0,1,49.0,51.4615384615,33.0,1.26952475906,70.0,10.2478169128,55.0
2016-09-08,3,0,18.0,31.0,1,49.0,52.6153846154,33.0,1.25575279421,70.0,9.72339337362,94.0
2016-09-09,4,0,19.0,31.0,1,49.0,56.0769230769,33.0,1.38126773888,94.0,14.6048545062,68.0
2016-09-10,5,1,18.0,30.0,1,49.0,58.5384615385,33.0,1.34573643411,94.0,13.6810671233,58.0
2016-09-11,6,1,18.0,25.0,0,49.0,59.6153846154,33.0,1.33697964145,94.0,13.029779274,63.0
2016-09-12,0,0,18.0,27.0,1,49.0,61.3846153846,33.0,1.13004484305,94.0,11.7443175231,81.0
2016-09-13,1,0,19.0,27.0,1,49.0,64.0,33.0,1.18128654971,94.0,12.0320085925,86.0
2016-09-14,2,0,20.0,30.0,1,49.0,66.4615384615,36.0,1.30607609313,94.0,12.9710647485,73.0
2016-09-15,3,1,21.0,30.0,1,49.0,68.3846153846,36.0,1.3256006628,94.0,11.900474855,26.0
2016-09-16,4,1,20.0,30.0,0,49.0,65.3846153846,26.0,1.04166666667,94.0,16.4295159418,39.0
2016-09-17,5,1,17.0,24.0,1,48.0,64.1538461538,26.0,0.775063184499,94.0,17.7106927886,50.0
2016-09-18,6,0,15.0,22.0,0,49.0,63.7692307692,26.0,0.64263760827,94.0,17.957873123,69.0
2016-09-19,0,0,13.0,25.0,1,49.0,64.0,26.0,0.861974904528,94.0,18.0042729971,82.0
2016-09-20,1,0,14.0,26.0,1,49.0,64.9230769231,26.0,1.06603023071,94.0,18.5864364874,98.0
2016-09-21,2,0,16.0,23.0,0,49.0,68.2307692308,26.0,1.2759415834,98.0,20.2756156926,120.0
2016-09-22,3,0,17.0,26.0,0,50.0,70.2307692308,26.0,1.45666423889,120.0,23.7102828915,103.0
2016-09-23,4,0,19.0,27.0,1,50.0,72.9230769231,26.0,1.51665485471,120.0,25.2417893382,59.0
2016-09-24,5,1,20.0,29.0,1,50.0,73.0,26.0,1.32862190813,120.0,25.1976799909,59.0
2016-09-25,6,1,19.0,27.0,1,50.0,72.6923076923,26.0,1.0382898755,120.0,25.34192214,4.0
2016-09-26,0,0,19.0,24.0,0,50.0,66.7692307692,4.0,0.599361336281,120.0,31.0611155532,2.0
2016-09-27,1,0,12.0,23.0,1,50.0,60.3076923077,2.0,0.336177915697,120.0,34.8896824409,2.0
2016-09-28,2,0,10.0,20.0,1,50.0,54.8461538462,2.0,0.0431499460626,120.0,37.9023972326,69.0
2016-09-29,3,0,12.0,22.0,1,50.0,58.1538461538,2.0,0.401871731352,120.0,37.1086681846,126.0
2016-09-30,4,0,14.0,24.0,1,50.0,64.8461538462,2.0,1.03493564486,126.0,40.7201446156,92.0
2016-10-01,5,1,15.0,26.0,1,51.0,68.0769230769,2.0,1.46840624201,126.0,41.078651649,48.0
2016-10-02,6,1,16.0,26.0,1,51.0,66.4615384615,2.0,1.3768115942,126.0,41.4220591261,51.0
2016-10-03,0,1,16.0,28.0,1,51.0,64.0769230769,2.0,1.01218865925,126.0,41.3511446004,47.0
2016-10-04,1,1,11.0,19.0,0,51.0,60.1538461538,2.0,0.798468690183,126.0,40.3539077392,33.0
2016-10-05,2,1,13.0,21.0,1,51.0,53.4615384615,2.0,0.740740740741,126.0,36.944064548,53.0
2016-10-06,3,1,14.0,17.0,0,51.0,49.6153846154,2.0,0.735212824765,126.0,34.0780517264,52.0
2016-10-07,4,1,12.0,16.0,0,52.0,49.0769230769,2.0,0.754716981132,126.0,33.9806767227,53.0
2016-10-08,5,0,5.0,19.0,1,52.0,48.6153846154,2.0,0.861974904528,126.0,33.8833711463,66.0
2016-10-09,6,0,8.0,18.0,1,52.0,53.3846153846,2.0,0.935192780968,126.0,31.5510293908,68.0
2016-10-10,0,0,10.0,20.0,1,52.0,58.4615384615,2.0,1.03457814661,126.0,27.9824543505,105.0
2016-10-11,1,0,10.0,20.0,1,53.0,66.3846153846,2.0,1.31463146315,126.0,25.3302448029,125.0
2016-10-12,2,0,10.0,19.0,1,53.0,70.6923076923,2.0,1.63242947138,126.0,29.779664242,102.0
2016-10-13,3,0,12.0,22.0,1,54.0,68.8461538462,2.0,1.8201754386,126.0,26.8982302931,131.0
2016-10-14,4,0,13.0,23.0,1,55.0,71.8461538462,2.0,1.85300207039,131.0,31.151851788,86.0
2016-10-15,5,1,11.0,17.0,0,55.0,74.7692307692,2.0,1.61723700887,131.0,30.5542489709,75.0
2016-10-16,6,1,12.0,20.0,1,55.0,76.6153846154,2.0,1.40452140452,131.0,29.7774784838,68.0
2016-10-17,0,0,9.0,21.0,1,56.0,78.2307692308,2.0,1.05142332415,131.0,28.6763205615,118.0
2016-10-18,1,0,12.0,20.0,1,58.0,84.7692307692,2.0,1.10969387755,131.0,27.27397702,126.0
2016-10-19,2,0,14.0,22.0,1,59.0,90.3846153846,2.0,1.28,131.0,27.6670825282,108.0
2016-10-20,3,0,11.0,15.0,0,59.0,94.6923076923,2.0,1.46027795063,131.0,25.6406666642,119.0
2016-10-21,4,0,11.0,11.0,0,63.0,99.7692307692,2.0,1.44022847817,131.0,23.3111193216,78.0
2016-10-22,5,1,7.0,15.0,1,65.0,100.692307692,2.0,1.22195512821,131.0,22.1650612638,85.0
2016-10-23,6,1,0.0,5.0,1,66.0,102.0,2.0,1.10718492344,131.0,20.6472199656,78.0
2016-10-24,0,0,6.0,13.0,1,66.0,99.9230769231,2.0,0.929246192404,131.0,21.5779857136,105.0
2016-10-25,1,0,10.0,17.0,1,68.0,98.3846153846,2.0,0.992041458449,131.0,20.4169554784,115.0
2016-10-26,2,0,0.0,10.0,1,68.0,99.3846153846,2.0,1.06638039005,131.0,20.8825965875,115.0
2016-10-27,3,0,7.0,11.0,0,68.0,98.1538461538,33.0,1.15957078574,131.0,19.4020068504,117.0
2016-10-28,4,0,2.0,13.0,1,69.0,100.538461538,33.0,1.16247906198,131.0,19.6649449318,104.0
2016-10-29,5,1,2.0,12.0,1,69.0,102.769230769,33.0,1.10453648915,131.0,18.2341768967,88.0
2016-10-30,6,1,2.0,13.0,1,70.0,104.307692308,33.0,1.005859375,131.0,15.9344069687,85.0
2016-10-31,0,0,-4.0,6.0,1,73.0,101.769230769,33.0,0.910585141354,131.0,16.1776381568,96.0
