time_stamp,dayofweek,holiday,lt,ht,sunny,m2M,w2A,m1L,d3w3,m1Lar,w2Std,pay_sum
2016-08-01,0,0,27.0,32.0,0,182.0,563.846153846,118.0,0.641325753353,1025.0,293.279820742,317.0
2016-08-02,1,0,26.0,34.0,0,182.0,522.384615385,118.0,0.512707506978,1025.0,287.080942341,303.0
2016-08-03,2,0,26.0,36.0,1,183.0,483.692307692,118.0,0.585202933275,1025.0,280.059165347,281.0
2016-08-04,3,0,26.0,37.0,1,185.0,444.0,118.0,0.648528035701,1025.0,269.197096795,264.0
2016-08-05,4,0,26.0,35.0,0,186.0,385.461538462,118.0,0.607819947676,1025.0,213.462882879,286.0
2016-08-06,5,1,26.0,35.0,0,186.0,394.230769231,118.0,0.587549050801,1025.0,206.749627047,166.0
2016-08-07,6,1,26.0,34.0,0,186.0,394.0,118.0,0.505703287778,1025.0,207.002415445,184.0
2016-08-08,0,0,26.0,35.0,0,186.0,341.461538462,156.0,0.464352206768,1025.0,162.086688764,254.0
2016-08-09,1,0,26.0,33.0,0,187.0,307.153846154,156.0,0.472114745769,1025.0,125.678372262,263.0
2016-08-10,2,0,26.0,34.0,1,191.0,285.0,156.0,0.58519075048,1025.0,104.308713405,249.0
2016-08-11,3,0,26.0,30.0,0,192.0,263.846153846,156.0,0.686564488662,1025.0,78.3491653815,252.0
2016-08-12,4,0,26.0,32.0,0,193.0,246.153846154,156.0,0.764191047762,1025.0,46.6424140981,275.0
2016-08-13,5,1,26.0,30.0,0,195.0,252.307692308,156.0,0.764381402679,1025.0,44.7254610251,179.0
2016-08-14,6,1,27.0,33.0,0,195.0,251.769230769,156.0,0.694403462182,1025.0,45.5549606286,179.0
2016-08-15,0,0,27.0,34.0,0,195.0,241.153846154,156.0,0.692939244663,1025.0,45.1950408339,366.0
2016-08-16,1,0,26.0,34.0,1,197.0,246.0,166.0,0.838545286078,1025.0,54.0726007683,378.0
2016-08-17,2,0,26.0,34.0,0,198.0,253.461538462,166.0,1.10215535256,1025.0,64.14240813,435.0
2016-08-18,3,0,26.0,33.0,0,201.0,266.615384615,166.0,1.43065161995,1025.0,80.4224791208,479.0
2016-08-19,4,0,27.0,35.0,0,201.0,281.461538462,166.0,1.56862745098,1025.0,98.4289008407,616.0
2016-08-20,5,1,27.0,36.0,0,205.0,316.076923077,166.0,1.72530446549,1025.0,126.78113275,201.0
2016-08-21,6,1,26.0,35.0,1,205.0,317.384615385,166.0,1.45773578539,867.0,125.493204512,187.0
2016-08-22,0,0,26.0,35.0,1,205.0,312.230769231,166.0,1.15462020585,867.0,129.30831007,552.0
2016-08-23,1,0,26.0,35.0,1,212.0,334.461538462,166.0,1.03649796008,867.0,143.046315998,483.0
2016-08-24,2,0,27.0,36.0,1,220.0,352.461538462,166.0,1.30388390952,700.0,145.854835834,390.0
2016-08-25,3,0,27.0,36.0,0,225.0,363.076923077,166.0,1.49042987135,616.0,143.153742818,365.0
2016-08-26,4,0,26.0,35.0,0,235.0,370.0,166.0,1.27899168345,616.0,140.885114134,389.0
2016-08-27,5,1,26.0,34.0,0,249.0,386.153846154,166.0,1.14240063911,616.0,129.650326265,200.0
2016-08-28,6,1,24.0,29.0,0,249.0,387.769230769,166.0,0.95038852361,616.0,127.166247243,173.0
2016-08-29,0,0,22.0,33.0,1,249.0,372.923076923,166.0,0.768416275904,616.0,139.508180923,365.0
2016-08-30,1,0,23.0,33.0,1,252.0,371.923076923,166.0,0.732906301207,616.0,139.514797417,303.0
2016-08-31,2,0,25.0,34.0,1,254.0,361.769230769,166.0,0.828530614255,616.0,139.35795296,328.0
2016-09-01,3,0,25.0,33.0,0,263.0,350.153846154,166.0,0.970334648546,616.0,135.337666685,306.0
2016-09-02,4,0,26.0,31.0,0,264.0,326.307692308,166.0,0.908738240714,616.0,111.629458902,299.0
2016-09-03,5,1,25.0,32.0,1,275.0,333.846153846,166.0,0.889333714613,616.0,106.084035016,240.0
2016-09-04,6,1,24.0,33.0,1,275.0,337.923076923,166.0,0.798488069927,616.0,101.271502209,195.0
2016-09-05,0,0,26.0,32.0,1,275.0,310.461538462,173.0,0.710827038543,616.0,86.8780005654,246.0
2016-09-06,1,0,25.0,32.0,0,275.0,292.230769231,173.0,0.672393364929,616.0,72.4230667102,228.0
2016-09-07,2,0,26.0,32.0,0,275.0,279.769230769,173.0,0.681436210848,616.0,68.3510776981,259.0
2016-09-08,3,0,25.0,30.0,0,275.0,271.615384615,173.0,0.772595520422,616.0,63.8731175686,235.0
2016-09-09,4,0,25.0,32.0,1,275.0,259.769230769,173.0,0.80978017048,616.0,54.6135427642,273.0
2016-09-10,5,1,24.0,30.0,1,275.0,265.384615385,173.0,0.849955673759,616.0,51.8630422163,264.0
2016-09-11,6,1,24.0,28.0,0,275.0,272.384615385,173.0,0.844685157831,616.0,44.5464985442,186.0
2016-09-12,0,0,22.0,28.0,1,275.0,258.615384615,173.0,0.841627379082,616.0,41.340124784,202.0
2016-09-13,1,0,25.0,31.0,1,275.0,250.846153846,173.0,0.798139307137,616.0,41.7572585194,212.0
2016-09-14,2,0,25.0,28.0,0,275.0,241.923076923,173.0,0.759301442673,616.0,36.3624098771,189.0
2016-09-15,3,1,24.0,27.0,0,275.0,232.923076923,173.0,0.789473684211,616.0,33.7763265718,122.0
2016-09-16,4,1,25.0,31.0,0,273.0,219.307692308,122.0,0.722625215889,616.0,39.573465499,189.0
2016-09-17,5,1,24.0,31.0,0,264.0,215.384615385,122.0,0.692424871901,616.0,39.8546174558,190.0
2016-09-18,6,0,22.0,33.0,1,264.0,215.0,122.0,0.69136824674,552.0,40.0730102918,201.0
2016-09-19,0,0,21.0,31.0,1,263.0,211.538461538,122.0,0.828512249125,552.0,39.1793025905,182.0
2016-09-20,1,0,21.0,29.0,1,259.0,208.0,122.0,0.8402991641,552.0,39.6076915607,226.0
2016-09-21,2,0,22.0,28.0,1,259.0,205.461538462,122.0,0.913591359136,483.0,37.2447526188,192.0
2016-09-22,3,0,22.0,29.0,1,259.0,202.153846154,122.0,0.923787528868,390.0,36.3737990102,242.0
2016-09-23,4,0,22.0,29.0,1,254.0,199.769230769,122.0,1.02972150714,389.0,32.456251848,271.0
2016-09-24,5,1,21.0,30.0,1,254.0,200.307692308,122.0,1.09200743494,389.0,33.5568051459,225.0
2016-09-25,6,1,22.0,30.0,1,252.0,203.307692308,122.0,1.1352099677,365.0,33.8852920565,198.0
2016-09-26,0,0,25.0,33.0,1,249.0,203.0,122.0,1.07948358998,365.0,33.9139181776,249.0
2016-09-27,1,0,25.0,31.0,0,249.0,205.846153846,122.0,1.04016716972,365.0,36.0359780771,241.0
2016-09-28,2,0,25.0,27.0,0,249.0,209.846153846,122.0,1.06940234709,328.0,36.8214948801,217.0
2016-09-29,3,0,25.0,30.0,0,249.0,217.153846154,122.0,1.10356669008,328.0,26.697295034,276.0
2016-09-30,4,0,25.0,32.0,0,249.0,223.846153846,122.0,1.14490719077,306.0,29.5526808724,286.0
2016-10-01,5,1,25.0,31.0,0,249.0,231.230769231,122.0,1.20887647424,299.0,32.0604089569,213.0
2016-10-02,6,1,24.0,31.0,1,246.0,232.153846154,122.0,1.19515768371,286.0,31.3414106841,145.0
2016-10-03,0,1,25.0,32.0,0,242.0,229.307692308,122.0,1.00640725113,286.0,36.945666167,162.0
2016-10-04,1,1,25.0,32.0,0,241.0,224.384615385,122.0,0.822264389627,286.0,41.0900296002,181.0
2016-10-05,2,1,25.0,31.0,1,241.0,223.538461538,122.0,0.773130544994,286.0,41.8543544001,166.0
2016-10-06,3,1,24.0,28.0,0,241.0,217.692307692,122.0,0.79805581687,286.0,44.1141606698,175.0
2016-10-07,4,1,25.0,29.0,0,240.0,210.307692308,122.0,0.821142048136,286.0,42.5809358126,216.0
2016-10-08,5,0,22.0,31.0,0,235.0,209.615384615,122.0,0.870856785491,286.0,42.4092487401,193.0
2016-10-09,6,0,21.0,24.0,0,228.0,209.230769231,122.0,0.914786967419,286.0,42.5353316417,217.0
2016-10-10,0,0,18.0,21.0,0,226.0,206.769230769,122.0,0.972578264585,286.0,41.0630918806,216.0
2016-10-11,1,0,19.0,24.0,0,225.0,204.846153846,122.0,0.974850112902,286.0,39.9862402369,203.0
2016-10-12,2,0,20.0,23.0,1,225.0,203.769230769,122.0,0.98788443616,286.0,39.8326380404,239.0
2016-10-13,3,0,20.0,27.0,1,226.0,200.923076923,122.0,1.02277143079,286.0,35.6747304199,263.0
2016-10-14,4,0,21.0,28.0,1,226.0,199.153846154,122.0,1.09787432843,286.0,31.7680200924,289.0
2016-10-15,5,1,23.0,28.0,1,226.0,205.0,145.0,1.21365554277,289.0,39.7646924951,254.0
2016-10-16,6,1,24.0,28.0,1,226.0,213.384615385,145.0,1.22093463607,289.0,37.6656106396,208.0
2016-10-17,0,0,23.0,27.0,0,225.0,216.923076923,145.0,1.14831804281,289.0,34.7174563462,198.0
2016-10-18,1,0,23.0,26.0,0,217.0,218.230769231,145.0,1.01922631457,289.0,33.6432730644,233.0
2016-10-19,2,0,23.0,26.0,0,225.0,223.384615385,145.0,0.983152550196,289.0,30.2032562216,260.0
2016-10-20,3,0,25.0,28.0,0,226.0,229.923076923,145.0,1.06709906571,289.0,28.1519545392,266.0
2016-10-21,4,0,25.0,32.0,0,226.0,233.769230769,145.0,1.17756574354,289.0,29.3759552281,320.0
2016-10-22,5,1,24.0,30.0,0,226.0,243.538461538,145.0,1.28065395095,320.0,34.8085210271,284.0
2016-10-23,6,1,22.0,30.0,0,226.0,248.692307692,145.0,1.27668941228,320.0,35.4517757294,227.0
2016-10-24,0,0,21.0,26.0,0,226.0,249.538461538,145.0,1.20225694444,320.0,34.7864150863,255.0
2016-10-25,1,0,23.0,30.0,1,226.0,253.538461538,145.0,1.09070197921,320.0,32.0902942063,287.0
2016-10-26,2,0,24.0,31.0,1,227.0,257.230769231,145.0,1.06738843778,320.0,32.9548732153,349.0
2016-10-27,3,0,24.0,31.0,1,228.0,263.846153846,145.0,1.19349005425,349.0,41.0793718659,352.0
2016-10-28,4,0,22.0,33.0,1,228.0,268.692307692,145.0,1.28821957103,352.0,47.0439804297,344.0
2016-10-29,5,1,19.0,23.0,1,228.0,275.615384615,145.0,1.32345491388,352.0,50.8414404891,304.0
2016-10-30,6,1,18.0,22.0,1,228.0,283.0,145.0,1.24587304554,352.0,47.3351390049,253.0
2016-10-31,0,0,19.0,27.0,1,228.0,287.230769231,145.0,1.1148230636,352.0,41.6674635032,309.0
