time_stamp,dayofweek,holiday,lt,ht,sunny,m2M,w2A,m1L,d3w3,m1Lar,w2Std,pay_sum
2016-08-01,0,0,28.0,36.0,1,46.0,60.3846153846,39.0,1.01742551996,75.0,8.63390865705,70.0
2016-08-02,1,0,27.0,36.0,0,46.0,62.3846153846,39.0,1.05846494874,75.0,7.55022629858,51.0
2016-08-03,2,0,26.0,32.0,0,47.0,61.9230769231,39.0,0.986422831809,75.0,8.03321507111,68.0
2016-08-04,3,0,26.0,33.0,0,47.0,62.4615384615,39.0,1.03703703704,75.0,8.18643704424,53.0
2016-08-05,4,0,27.0,33.0,0,48.0,62.5384615385,39.0,0.945314646881,75.0,8.09192745524,69.0
2016-08-06,5,1,26.0,33.0,0,49.0,62.0769230769,39.0,1.04081073678,75.0,7.51881269741,70.0
2016-08-07,6,1,27.0,35.0,1,50.0,62.0,39.0,1.05610561056,75.0,7.43174065955,73.0
2016-08-08,0,0,27.0,34.0,0,51.0,63.3846153846,39.0,1.14070486952,75.0,7.67151034712,65.0
2016-08-09,1,0,27.0,34.0,1,51.0,62.6153846154,39.0,1.10052910053,75.0,6.93417913215,71.0
2016-08-10,2,0,28.0,35.0,1,52.0,63.7692307692,44.0,1.09366823653,75.0,6.98519143677,55.0
2016-08-11,3,0,28.0,35.0,1,53.0,63.5384615385,44.0,1.00420609884,75.0,7.21766406507,61.0
2016-08-12,4,0,28.0,36.0,1,53.0,63.6153846154,44.0,0.976246410859,75.0,7.18479657159,68.0
2016-08-13,5,1,28.0,36.0,1,54.0,63.9230769231,44.0,0.965879265092,75.0,7.27970348574,79.0
2016-08-14,6,1,28.0,37.0,1,55.0,65.6153846154,44.0,1.08502869066,79.0,7.99556089858,80.0
2016-08-15,0,0,27.0,36.0,1,55.0,66.3846153846,44.0,1.16142235866,80.0,8.81902193721,53.0
2016-08-16,1,0,27.0,36.0,1,55.0,66.5384615385,44.0,1.10330470986,80.0,8.56302772312,52.0
2016-08-17,2,0,27.0,36.0,1,55.0,65.3076923077,44.0,0.965805272775,80.0,9.37578399089,65.0
2016-08-18,3,0,28.0,36.0,1,55.0,66.2307692308,51.0,0.882658359294,80.0,8.68379433334,66.0
2016-08-19,4,0,29.0,37.0,1,56.0,66.0,51.0,0.945736434109,80.0,8.64692030547,49.0
2016-08-20,5,1,28.0,37.0,0,56.0,64.3846153846,49.0,0.941176470588,80.0,9.65193054853,63.0
2016-08-21,6,1,28.0,35.0,0,56.0,63.6153846154,49.0,0.926359614884,80.0,9.32769624075,91.0
2016-08-22,0,0,27.0,35.0,1,57.0,65.6153846154,49.0,1.0394265233,91.0,11.8551414457,62.0
2016-08-23,1,0,26.0,35.0,1,57.0,64.9230769231,49.0,1.09672505712,91.0,11.7830487008,74.0
2016-08-24,2,0,25.0,34.0,1,57.0,66.3846153846,49.0,1.14733383877,91.0,11.6390487421,59.0
2016-08-25,3,0,26.0,35.0,1,58.0,66.2307692308,49.0,0.981132075472,91.0,11.7221279648,59.0
2016-08-26,4,0,24.0,32.0,0,59.0,65.5384615385,49.0,0.973384030418,91.0,11.862127093,71.0
2016-08-27,5,1,23.0,30.0,1,59.0,64.9230769231,49.0,0.957446808511,91.0,11.3440024036,89.0
2016-08-28,6,1,20.0,31.0,1,60.0,65.6153846154,49.0,1.0960960961,91.0,12.462488093,89.0
2016-08-29,0,0,20.0,32.0,1,61.0,68.3846153846,49.0,1.22418879056,91.0,13.3216911697,65.0
2016-08-30,1,0,21.0,31.0,1,61.0,69.3846153846,49.0,1.2,91.0,12.5179161545,75.0
2016-08-31,2,0,23.0,33.0,1,62.0,70.1538461538,49.0,1.11435523114,91.0,12.5320889894,75.0
2016-09-01,3,0,24.0,33.0,1,63.0,70.8461538462,49.0,1.03564547206,91.0,12.5320889894,73.0
2016-09-02,4,0,24.0,34.0,1,64.0,72.6923076923,49.0,1.07031437485,91.0,10.8300480529,77.0
2016-09-03,5,1,22.0,34.0,1,65.0,73.7692307692,49.0,1.08147080029,91.0,10.5038736163,33.0
2016-09-04,6,1,23.0,32.0,1,65.0,69.3076923077,33.0,0.910447761194,91.0,13.9801211362,21.0
2016-09-05,0,0,24.0,32.0,1,65.0,66.1538461538,21.0,0.667686034659,91.0,18.9973526651,57.0
2016-09-06,1,0,21.0,26.0,0,64.0,64.8461538462,21.0,0.563594821021,91.0,18.9973526651,1.0
2016-09-07,2,0,21.0,25.0,0,63.0,60.3846153846,1.0,0.421670669869,91.0,25.5329002286,1.0
2016-09-08,3,0,21.0,30.0,1,62.0,55.9230769231,1.0,0.332207207207,91.0,30.0524196862,1.0
2016-09-09,4,0,22.0,32.0,1,62.0,50.5384615385,1.0,0.0176056338028,91.0,32.9956066647,2.0
2016-09-10,5,1,23.0,29.0,1,62.0,43.8461538462,1.0,0.0248062015504,91.0,33.3370806572,65.0
2016-09-11,6,1,21.0,28.0,1,63.0,42.0,1.0,0.432157610423,91.0,31.3932868865,60.0
2016-09-12,0,0,21.0,29.0,1,63.0,41.6153846154,1.0,0.808659662528,91.0,31.1387427777,46.0
2016-09-13,1,0,21.0,30.0,1,63.0,39.3846153846,1.0,1.11874386654,91.0,29.6713756429,46.0
2016-09-14,2,0,21.0,24.0,0,62.0,37.1538461538,1.0,1.00728959576,91.0,27.9500823003,46.0
2016-09-15,3,1,21.0,25.0,0,61.0,35.0769230769,1.0,0.926485397784,91.0,26.1547511156,46.0
2016-09-16,4,1,22.0,25.0,0,61.0,32.6923076923,1.0,0.95041322314,91.0,23.5024863345,46.0
2016-09-17,5,1,21.0,27.0,1,61.0,33.6923076923,1.0,0.994594594595,91.0,23.7693552399,46.0
2016-09-18,6,0,21.0,27.0,1,61.0,35.6153846154,1.0,1.04308390023,91.0,23.6758184378,46.0
2016-09-19,0,0,20.0,26.0,1,61.0,34.7692307692,1.0,1.06604866744,91.0,23.0856393795,46.0
2016-09-20,1,0,19.0,26.0,1,61.0,38.2307692308,1.0,1.103117506,89.0,21.0463000445,46.0
2016-09-21,2,0,18.0,26.0,1,60.0,41.6923076923,1.0,1.14285714286,89.0,18.1378678052,46.0
2016-09-22,3,0,17.0,27.0,1,60.0,45.1538461538,1.0,1.18251928021,89.0,13.8222015047,46.0
2016-09-23,4,0,19.0,27.0,1,60.0,48.5384615385,1.0,1.23159303882,89.0,6.03343740035,26.0
2016-09-24,5,1,19.0,28.0,1,59.0,45.5384615385,1.0,1.06306306306,89.0,6.75523027695,48.0
2016-09-25,6,1,21.0,29.0,1,59.0,44.6153846154,1.0,1.04302477184,89.0,5.39997808455,47.0
2016-09-26,0,0,23.0,30.0,1,59.0,44.6923076923,1.0,1.0656098635,89.0,5.42621295032,39.0
2016-09-27,1,0,23.0,30.0,1,59.0,44.1538461538,1.0,1.12368972746,77.0,5.6138037817,30.0
2016-09-28,2,0,21.0,26.0,0,57.0,42.9230769231,1.0,0.938511326861,77.0,6.71922086213,30.0
2016-09-29,3,0,20.0,23.0,0,57.0,41.6923076923,1.0,0.773739742087,77.0,7.46669132146,28.0
2016-09-30,4,0,21.0,24.0,0,55.0,40.3076923077,1.0,0.667425104285,77.0,8.17486405801,70.0
2016-10-01,5,1,22.0,25.0,0,57.0,42.1538461538,1.0,0.965309200603,77.0,11.3466101603,62.0
2016-10-02,6,1,21.0,30.0,0,57.0,43.3846153846,1.0,1.20391271633,70.0,12.5056200384,46.0
2016-10-03,0,1,19.0,25.0,1,57.0,43.3846153846,1.0,1.33935289691,70.0,12.5056200384,46.0
2016-10-04,1,1,21.0,27.0,1,55.0,43.3846153846,1.0,1.15876598947,70.0,12.5056200384,42.0
2016-10-05,2,1,20.0,28.0,1,53.0,43.0769230769,1.0,1.01284958428,70.0,12.4866792929,54.0
2016-10-06,3,1,20.0,25.0,1,53.0,43.6923076923,1.0,1.06367041199,70.0,12.8085585293,31.0
2016-10-07,4,1,18.0,22.0,0,52.0,44.0769230769,1.0,0.967619047619,70.0,12.3379435917,57.0
2016-10-08,5,0,16.0,23.0,1,52.0,44.7692307692,2.0,1.06847253574,70.0,12.783124971,29.0
2016-10-09,6,0,14.0,21.0,1,49.0,43.3846153846,26.0,0.897583429229,70.0,13.4252257482,29.0
2016-10-10,0,0,15.0,22.0,1,48.0,42.6153846154,26.0,0.899843505477,70.0,13.931361751,35.0
2016-10-11,1,0,17.0,23.0,1,47.0,43.0,26.0,0.737217598098,70.0,13.6438208048,31.0
2016-10-12,2,0,17.0,22.0,1,46.0,43.0769230769,26.0,0.766747376917,70.0,13.572945593,34.0
2016-10-13,3,0,17.0,20.0,1,46.0,43.5384615385,26.0,0.819000819001,70.0,13.1477718768,43.0
2016-10-14,4,0,18.0,21.0,1,46.0,41.4615384615,26.0,0.86642599278,70.0,10.7102782023,38.0
2016-10-15,5,1,19.0,21.0,0,46.0,39.6153846154,26.0,0.933820544052,70.0,8.93169345248,52.0
2016-10-16,6,1,18.0,25.0,1,46.0,40.0769230769,26.0,1.07344632768,70.0,9.39280852946,54.0
2016-10-17,0,0,18.0,25.0,1,46.0,40.6923076923,26.0,1.14149821641,70.0,10.0029581424,35.0
2016-10-18,1,0,18.0,24.0,1,46.0,40.1538461538,26.0,1.11111111111,70.0,10.1059476307,34.0
2016-10-19,2,0,19.0,22.0,0,46.0,38.6153846154,26.0,0.964705882353,70.0,9.3770461278,45.0
2016-10-20,3,0,19.0,22.0,0,46.0,39.6923076923,26.0,0.876585928489,70.0,9.2435808528,48.0
2016-10-21,4,0,20.0,22.0,0,46.0,39.0,26.0,1.00197238659,70.0,8.1994371289,53.0
2016-10-22,5,1,19.0,22.0,0,46.0,40.8461538462,26.0,1.16427432217,70.0,8.43842998381,73.0
2016-10-23,6,1,16.0,22.0,1,46.0,44.2307692308,28.0,1.34414831981,73.0,11.3351315432,57.0
2016-10-24,0,0,17.0,23.0,1,46.0,45.9230769231,28.0,1.39588100686,73.0,11.4721169562,32.0
2016-10-25,1,0,16.0,19.0,1,46.0,46.0,28.0,1.25,73.0,11.374735838,48.0
2016-10-26,2,0,17.0,20.0,0,46.0,47.0769230769,28.0,1.06449106449,73.0,10.8376944643,38.0
2016-10-27,3,0,16.0,19.0,0,46.0,46.6923076923,28.0,0.909441233141,73.0,11.0619556998,49.0
2016-10-28,4,0,14.0,18.0,0,46.0,47.5384615385,28.0,1.05017502917,73.0,10.7818607258,46.0
2016-10-29,5,1,9.0,13.0,0,46.0,47.0769230769,29.0,1.01449275362,73.0,10.7091731956,45.0
2016-10-30,6,1,13.0,18.0,1,46.0,46.3846153846,29.0,1.04868913858,73.0,10.5286310129,63.0
2016-10-31,0,0,11.0,16.0,0,46.0,48.5384615385,29.0,1.11837327524,73.0,10.8387863684,38.0
