time_stamp,dayofweek,holiday,lt,ht,sunny,m2M,w2A,m1L,d3w3,m1Lar,w2Std,pay_sum
2016-08-01,0,0,28.0,34.0,1,79.0,92.0,55.0,1.00649350649,125.0,13.3704611278,82.0
2016-08-02,1,0,28.0,34.0,0,80.0,90.3846153846,55.0,0.972523499638,125.0,13.2115244653,71.0
2016-08-03,2,0,26.0,32.0,0,80.0,87.5384615385,55.0,0.829241680306,125.0,13.0950101161,75.0
2016-08-04,3,0,27.0,32.0,0,79.0,85.3076923077,55.0,0.825638240087,125.0,12.5599155765,72.0
2016-08-05,4,0,27.0,33.0,0,79.0,83.3076923077,55.0,0.795475278234,125.0,12.449186661,95.0
2016-08-06,5,1,27.0,33.0,1,80.0,84.6153846154,55.0,0.884988114829,125.0,12.7130366858,108.0
2016-08-07,6,1,27.0,34.0,1,80.0,86.1538461538,65.0,1.00511695906,125.0,14.1576081957,118.0
2016-08-08,0,0,27.0,34.0,0,82.0,89.2307692308,67.0,1.17776554761,125.0,16.2440703792,81.0
2016-08-09,1,0,28.0,34.0,1,82.0,90.3076923077,67.0,1.14020427112,125.0,15.1626292391,106.0
2016-08-10,2,0,28.0,34.0,1,82.0,90.9230769231,67.0,1.13403978435,125.0,15.6178474754,96.0
2016-08-11,3,0,28.0,35.0,1,83.0,91.0,67.0,1.05695611578,125.0,15.6401849291,57.0
2016-08-12,4,0,28.0,34.0,1,83.0,88.3076923077,57.0,0.99006116208,125.0,18.061368103,99.0
2016-08-13,5,1,28.0,35.0,1,83.0,87.3076923077,57.0,0.951841359773,125.0,17.0536917518,129.0
2016-08-14,6,1,28.0,36.0,1,86.0,91.4615384615,57.0,1.05204872647,129.0,19.8905288038,107.0
2016-08-15,0,0,28.0,35.0,1,86.0,93.3846153846,57.0,1.21707538601,129.0,20.0903285631,96.0
2016-08-16,1,0,28.0,35.0,1,86.0,95.3076923077,57.0,1.18741058655,129.0,19.0238094356,97.0
2016-08-17,2,0,28.0,35.0,1,86.0,97.0,57.0,1.07353730542,129.0,18.0980236915,87.0
2016-08-18,3,0,28.0,36.0,1,86.0,98.1538461538,57.0,1.00628930818,129.0,16.9062853758,111.0
2016-08-19,4,0,29.0,36.0,1,87.0,99.3846153846,57.0,1.04944859481,129.0,17.2115277181,95.0
2016-08-20,5,1,28.0,37.0,0,87.0,98.3846153846,57.0,1.05187578532,129.0,17.0588955434,123.0
2016-08-21,6,1,28.0,35.0,0,88.0,98.7692307692,57.0,1.15135608049,129.0,17.5462196067,115.0
2016-08-22,0,0,28.0,35.0,1,88.0,101.384615385,57.0,1.14551083591,129.0,17.233859613,34.0
2016-08-23,1,0,26.0,34.0,1,87.0,95.8461538462,34.0,0.953883920743,129.0,24.7785457879,108.0
2016-08-24,2,0,26.0,34.0,1,87.0,96.7692307692,34.0,0.885901413306,129.0,24.989702021,76.0
2016-08-25,3,0,27.0,35.0,1,87.0,98.2307692308,34.0,0.749914000688,129.0,23.1056231789,77.0
2016-08-26,4,0,26.0,34.0,0,87.0,96.5384615385,34.0,0.90625,129.0,23.7830430369,126.0
2016-08-27,5,1,23.0,31.0,1,88.0,96.3076923077,34.0,0.959752321981,129.0,23.4795643236,108.0
2016-08-28,6,1,22.0,30.0,1,91.0,96.3846153846,34.0,1.07538035961,129.0,23.5160778439,87.0
2016-08-29,0,0,23.0,31.0,1,91.0,95.6923076923,34.0,1.10651499483,129.0,23.6493116354,96.0
2016-08-30,1,0,23.0,31.0,1,92.0,95.6153846154,34.0,1.00831600832,129.0,23.6465592278,100.0
2016-08-31,2,0,25.0,34.0,1,95.0,96.6153846154,34.0,0.978561549101,129.0,23.5356961674,111.0
2016-09-01,3,0,26.0,33.0,1,95.0,96.6153846154,34.0,1.03262697612,129.0,23.5356961674,98.0
2016-09-02,4,0,25.0,34.0,1,95.0,96.8461538462,34.0,1.03987884907,129.0,23.5334333493,85.0
2016-09-03,5,1,25.0,35.0,1,95.0,93.9230769231,34.0,1.01187403201,129.0,22.4378167677,123.0
2016-09-04,6,1,25.0,33.0,1,96.0,94.5384615385,34.0,1.044546851,129.0,23.1071596784,116.0
2016-09-05,0,0,25.0,30.0,0,96.0,100.846153846,34.0,1.09477952357,129.0,15.7374915108,101.0
2016-09-06,1,0,22.0,27.0,0,96.0,100.307692308,34.0,1.14651829371,129.0,15.6026852491,88.0
2016-09-07,2,0,20.0,24.0,0,96.0,101.230769231,34.0,1.0279743849,129.0,14.4496677958,69.0
2016-09-08,3,0,22.0,29.0,1,96.0,100.615384615,34.0,0.888429752066,129.0,15.5935808368,115.0
2016-09-09,4,0,23.0,31.0,1,96.0,99.7692307692,34.0,0.927062031357,129.0,14.4496677958,105.0
2016-09-10,5,1,24.0,29.0,1,97.0,99.5384615385,34.0,0.994152046784,129.0,14.3399140895,110.0
2016-09-11,6,1,23.0,26.0,0,98.0,101.307692308,34.0,1.13812726332,129.0,14.1006525511,84.0
2016-09-12,0,0,23.0,29.0,1,98.0,100.384615385,34.0,1.00521095983,126.0,14.7936496851,99.0
2016-09-13,1,0,23.0,30.0,1,98.0,100.307692308,34.0,0.989530563999,126.0,14.7980488079,106.0
2016-09-14,2,0,22.0,24.0,0,98.0,99.9230769231,34.0,0.961410512309,126.0,14.5784959574,65.0
2016-09-15,3,1,23.0,26.0,0,98.0,97.3846153846,34.0,0.903614457831,126.0,17.3095725474,77.0
2016-09-16,4,1,23.0,27.0,0,97.0,96.7692307692,34.0,0.85091782467,126.0,17.871997203,83.0
2016-09-17,5,1,23.0,27.0,0,96.0,93.6923076923,34.0,0.782064650678,126.0,16.4802194505,103.0
2016-09-18,6,0,23.0,28.0,0,96.0,92.6923076923,34.0,0.906583936574,126.0,15.4590506992,99.0
2016-09-19,0,0,21.0,27.0,0,96.0,92.5384615385,34.0,0.980898296335,126.0,15.3853845962,92.0
2016-09-20,1,0,20.0,26.0,1,96.0,92.8461538462,34.0,1.01607050285,126.0,15.3314465866,113.0
2016-09-21,2,0,20.0,27.0,1,96.0,96.2307692308,65.0,1.04954255136,126.0,14.5293011434,113.0
2016-09-22,3,0,21.0,27.0,1,97.0,96.0769230769,65.0,1.08941418294,126.0,14.3390887945,93.0
2016-09-23,4,0,21.0,27.0,1,97.0,95.1538461538,65.0,1.08836574548,126.0,14.1195236019,107.0
2016-09-24,5,1,22.0,28.0,1,98.0,94.9230769231,65.0,1.07671138631,126.0,13.8977670506,133.0
2016-09-25,6,1,23.0,29.0,1,98.0,98.6923076923,65.0,1.13554987212,133.0,16.7717005944,136.0
2016-09-26,0,0,24.0,31.0,1,99.0,101.538461538,65.0,1.25963149079,136.0,19.4999620695,118.0
2016-09-27,1,0,25.0,30.0,0,99.0,102.461538462,65.0,1.27722772277,136.0,19.9677254381,99.0
2016-09-28,2,0,22.0,28.0,0,99.0,105.076923077,65.0,1.14796747967,136.0,16.8772105718,86.0
2016-09-29,3,0,22.0,25.0,0,99.0,105.769230769,65.0,0.999505195448,136.0,15.8655594396,60.0
2016-09-30,4,0,23.0,28.0,0,99.0,104.0,60.0,0.826585695007,136.0,19.2313846055,101.0
2016-10-01,5,1,24.0,29.0,0,99.0,103.846153846,60.0,0.837146246399,136.0,19.2467625803,113.0
2016-10-02,6,1,24.0,32.0,1,99.0,104.923076923,60.0,0.915163660655,136.0,19.3369377039,98.0
2016-10-03,0,1,22.0,26.0,1,99.0,105.384615385,60.0,1.04260651629,136.0,19.0930452966,93.0
2016-10-04,1,1,22.0,26.0,1,99.0,103.846153846,60.0,1.02253615876,136.0,19.2227675661,107.0
2016-10-05,2,1,22.0,27.0,1,99.0,103.384615385,60.0,0.981554677207,136.0,19.0688568555,107.0
2016-10-06,3,1,22.0,26.0,0,99.0,104.461538462,60.0,0.996429730607,136.0,18.8459968596,78.0
2016-10-07,4,1,20.0,25.0,0,99.0,102.230769231,60.0,0.950056938344,136.0,20.0888558703,99.0
2016-10-08,5,0,17.0,22.0,0,99.0,99.6153846154,60.0,0.925835370823,136.0,18.0193846968,62.0
2016-10-09,6,0,18.0,22.0,1,99.0,93.9230769231,60.0,0.793492695883,136.0,17.3003403188,68.0
2016-10-10,0,0,18.0,22.0,1,99.0,90.0769230769,60.0,0.769489247312,136.0,17.0765765731,78.0
2016-10-11,1,0,19.0,25.0,1,99.0,88.4615384615,60.0,0.711475970583,136.0,17.1491887434,102.0
2016-10-12,2,0,19.0,23.0,1,99.0,89.6923076923,60.0,0.853113175095,136.0,17.4989433324,85.0
2016-10-13,3,0,19.0,23.0,1,99.0,91.6153846154,60.0,0.915371329879,136.0,15.3749969933,90.0
2016-10-14,4,0,19.0,23.0,0,99.0,90.7692307692,60.0,0.965324969507,136.0,15.1360692294,94.0
2016-10-15,5,1,21.0,25.0,1,99.0,89.3076923077,60.0,0.956954820349,136.0,13.7750310087,108.0
2016-10-16,6,1,20.0,26.0,1,99.0,90.0769230769,60.0,1.05453232214,136.0,14.4991328041,129.0
2016-10-17,0,0,20.0,25.0,1,99.0,92.8461538462,60.0,1.18829653563,136.0,17.8448275369,82.0
2016-10-18,1,0,20.0,25.0,1,99.0,90.9230769231,60.0,1.15579710145,136.0,17.5607146274,92.0
2016-10-19,2,0,20.0,24.0,0,99.0,89.7692307692,60.0,1.09425785482,136.0,16.9485821787,89.0
2016-10-20,3,0,20.0,23.0,0,99.0,90.6153846154,60.0,0.935111111111,136.0,16.6111105614,77.0
2016-10-21,4,0,0.0,21.0,0,99.0,88.9230769231,60.0,0.929227444625,136.0,16.7903889104,71.0
2016-10-22,5,1,19.0,23.0,0,98.0,89.6153846154,60.0,0.873410724157,136.0,15.823733205,67.0
2016-10-23,6,1,18.0,23.0,1,98.0,89.5384615385,60.0,0.806149231346,136.0,15.9306930875,100.0
2016-10-24,0,0,20.0,24.0,1,99.0,91.2307692308,60.0,0.888888888889,136.0,15.7829208867,118.0
2016-10-25,1,0,18.0,22.0,1,99.0,92.4615384615,60.0,1.0579064588,129.0,17.1402153501,75.0
2016-10-26,2,0,19.0,21.0,0,98.0,91.6923076923,60.0,1.10733182162,129.0,17.6739034711,69.0
2016-10-27,3,0,18.0,22.0,0,98.0,90.0769230769,60.0,0.995251661918,129.0,18.6855005016,89.0
2016-10-28,4,0,15.0,20.0,0,98.0,89.6923076923,60.0,0.890162368672,129.0,18.6522203891,75.0
2016-10-29,5,1,13.0,17.0,1,98.0,87.1538461538,62.0,0.883579825559,129.0,18.228659404,92.0
2016-10-30,6,1,14.0,18.0,1,94.0,84.3076923077,62.0,0.95772540217,129.0,13.8307606743,118.0
2016-10-31,0,0,13.0,17.0,0,94.0,87.0769230769,62.0,1.04281009879,129.0,16.4478735519,80.0
