time_stamp,dayofweek,holiday,lt,ht,sunny,m2M,w2A,m1L,d3w3,m1Lar,w2Std,pay_sum
2016-08-01,0,0,27.0,37.0,1,57.0,51.6153846154,5.0,0.359168241966,74.0,18.6528548507,50.0
2016-08-02,1,0,26.0,36.0,0,57.0,51.3076923077,19.0,0.557138334916,74.0,18.6439704231,66.0
2016-08-03,2,0,25.0,31.0,0,58.0,51.3076923077,19.0,0.846660395108,74.0,18.6439704231,42.0
2016-08-04,3,0,25.0,29.0,0,57.0,49.5384615385,19.0,1.00508905852,74.0,18.3496610097,78.0
2016-08-05,4,0,25.0,31.0,0,57.0,51.4615384615,19.0,1.16213683224,78.0,19.8595661298,86.0
2016-08-06,5,1,24.0,32.0,0,58.0,54.0,19.0,1.25304136253,86.0,21.8983666409,63.0
2016-08-07,6,1,25.0,32.0,0,58.0,54.1538461538,19.0,1.3682941531,86.0,21.953959355,67.0
2016-08-08,0,0,26.0,32.0,0,58.0,54.1538461538,19.0,1.28227960819,86.0,21.953959355,70.0
2016-08-09,1,0,26.0,32.0,0,58.0,54.2307692308,19.0,1.17061750073,86.0,22.0075296421,91.0
2016-08-10,2,0,26.0,34.0,0,58.0,56.7692307692,19.0,1.3058419244,91.0,24.0996452133,72.0
2016-08-11,3,0,27.0,35.0,0,58.0,57.0769230769,19.0,1.32650156561,91.0,24.2660305095,66.0
2016-08-12,4,0,28.0,38.0,1,59.0,60.6923076923,19.0,1.28941441441,91.0,21.6879428233,68.0
2016-08-13,5,1,28.0,37.0,1,60.0,64.4615384615,19.0,1.14539894356,91.0,18.0708664158,69.0
2016-08-14,6,1,28.0,37.0,1,61.0,68.3076923077,19.0,1.12123722729,91.0,12.4244462213,65.0
2016-08-15,0,0,28.0,37.0,1,61.0,69.4615384615,19.0,1.11756569848,91.0,11.3178917894,75.0
2016-08-16,1,0,27.0,37.0,1,63.0,70.1538461538,19.0,1.15056427195,91.0,11.3601608456,22.0
2016-08-17,2,0,27.0,36.0,1,63.0,68.6153846154,19.0,0.91914893617,91.0,15.6231507781,70.0
2016-08-18,3,0,28.0,37.0,1,63.0,68.0,19.0,0.94590767488,91.0,15.397302461,63.0
2016-08-19,4,0,27.0,37.0,1,63.0,66.2307692308,19.0,0.846300846301,91.0,14.5240058373,69.0
2016-08-20,5,1,26.0,36.0,1,63.0,66.6923076923,19.0,1.05953317598,91.0,14.5093318268,59.0
2016-08-21,6,1,26.0,34.0,1,63.0,66.0769230769,19.0,0.971268751589,91.0,14.652180402,62.0
2016-08-22,0,0,27.0,33.0,1,63.0,65.4615384615,19.0,0.957420005039,91.0,14.6424849962,46.0
2016-08-23,1,0,27.0,34.0,1,63.0,62.0,19.0,0.854438475313,91.0,13.4679105798,69.0
2016-08-24,2,0,27.0,34.0,1,63.0,61.7692307692,19.0,0.887218045113,91.0,13.3194701105,62.0
2016-08-25,3,0,24.0,35.0,0,63.0,61.4615384615,19.0,0.89802130898,91.0,13.2642688605,67.0
2016-08-26,4,0,21.0,27.0,0,63.0,61.3846153846,19.0,1.01930501931,91.0,13.228980201,72.0
2016-08-27,5,1,18.0,27.0,1,63.0,61.6153846154,19.0,1.02760736196,91.0,13.385057464,61.0
2016-08-28,6,1,18.0,30.0,1,63.0,61.3076923077,19.0,1.0272213662,91.0,13.3496448549,55.0
2016-08-29,0,0,19.0,31.0,1,63.0,59.7692307692,19.0,0.976877110938,91.0,12.8251786382,50.0
2016-08-30,1,0,20.0,31.0,1,63.0,61.9230769231,22.0,0.8910359635,91.0,7.57994863451,54.0
2016-08-31,2,0,21.0,32.0,1,63.0,60.6923076923,22.0,0.866013071895,91.0,7.46669132146,54.0
2016-09-01,3,0,21.0,31.0,1,63.0,60.0,22.0,0.869086908691,91.0,7.6359473746,61.0
2016-09-02,4,0,22.0,33.0,1,63.0,59.3846153846,22.0,0.934993084371,91.0,7.19549497457,59.0
2016-09-03,5,1,22.0,33.0,1,62.0,59.3846153846,22.0,0.970711297071,91.0,7.19549497457,52.0
2016-09-04,6,1,22.0,31.0,1,62.0,58.6153846154,22.0,0.970107163001,91.0,7.40621840118,57.0
2016-09-05,0,0,23.0,32.0,1,62.0,59.4615384615,22.0,0.962199312715,91.0,6.48804088737,73.0
2016-09-06,1,0,21.0,31.0,1,62.0,59.7692307692,22.0,0.998628257888,91.0,7.00718143878,70.0
2016-09-07,2,0,23.0,32.0,1,62.0,60.3846153846,22.0,1.09739368999,91.0,7.50936299192,64.0
2016-09-08,3,0,22.0,32.0,1,62.0,60.1538461538,22.0,1.13486842105,75.0,7.34685860494,71.0
2016-09-09,4,0,21.0,31.0,0,62.0,60.0769230769,22.0,1.12205801861,75.0,7.22667641942,65.0
2016-09-10,5,1,22.0,32.0,1,62.0,60.3846153846,22.0,1.08932461874,75.0,7.34363629838,80.0
2016-09-11,6,1,20.0,31.0,1,63.0,62.3076923077,22.0,1.15942028986,80.0,8.808951875,66.0
2016-09-12,0,0,22.0,33.0,1,63.0,63.5384615385,22.0,1.1146328579,80.0,8.09192745524,63.0
2016-09-13,1,0,21.0,32.0,1,63.0,64.2307692308,22.0,1.1093418259,80.0,7.61732686965,56.0
2016-09-14,2,0,21.0,31.0,1,63.0,64.3846153846,22.0,0.986666666667,80.0,7.4269619168,68.0
2016-09-15,3,1,23.0,31.0,0,64.0,64.9230769231,46.0,0.99653610445,80.0,7.41579954154,56.0
2016-09-16,4,1,22.0,30.0,0,64.0,64.6923076923,46.0,0.971659919028,80.0,7.63982093411,65.0
2016-09-17,5,1,21.0,32.0,1,65.0,65.6923076923,46.0,1.01694915254,80.0,6.70688068484,52.0
2016-09-18,6,0,20.0,31.0,1,64.0,65.3076923077,46.0,0.933117583603,80.0,7.31052576647,56.0
2016-09-19,0,0,18.0,29.0,1,63.0,64.0,46.0,0.928609769189,80.0,7.33799385705,50.0
2016-09-20,1,0,18.0,27.0,1,63.0,62.4615384615,46.0,0.850834679591,80.0,7.9866752938,75.0
2016-09-21,2,0,17.0,28.0,1,64.0,63.3076923077,50.0,0.95843261848,80.0,8.65922909506,81.0
2016-09-22,3,0,17.0,30.0,1,65.0,64.0769230769,50.0,1.07375553818,81.0,9.69108661417,57.0
2016-09-23,4,0,18.0,31.0,1,64.0,63.4615384615,50.0,1.11198120595,81.0,9.86536587193,50.0
2016-09-24,5,1,22.0,32.0,1,63.0,61.1538461538,50.0,0.983006535948,81.0,9.21408749058,76.0
2016-09-25,6,1,23.0,30.0,1,64.0,61.9230769231,50.0,0.942812982998,81.0,9.97274392039,82.0
2016-09-26,0,0,23.0,33.0,1,64.0,63.3846153846,50.0,1.0642107956,82.0,11.3241638274,68.0
2016-09-27,1,0,22.0,32.0,1,65.0,64.3076923077,50.0,1.15808352549,82.0,11.1726631725,77.0
2016-09-28,2,0,16.0,25.0,0,65.0,65.0,50.0,1.15169964485,82.0,11.6487041207,79.0
2016-09-29,3,0,15.0,18.0,0,65.0,66.7692307692,50.0,1.12960161372,82.0,11.8915215184,94.0
2016-09-30,4,0,17.0,20.0,0,66.0,69.0,50.0,1.2336540834,94.0,13.9007470746,178.0
2016-10-01,5,1,17.0,20.0,0,66.0,78.6923076923,50.0,1.6149068323,178.0,31.479870529,125.0
2016-10-02,6,1,16.0,23.0,0,66.0,84.0,50.0,1.75508399646,178.0,32.9871769958,127.0
2016-10-03,0,1,18.0,29.0,1,66.0,89.9230769231,50.0,1.8235793045,178.0,33.262271393,122.0
2016-10-04,1,1,17.0,30.0,1,66.0,93.5384615385,50.0,1.52218152218,178.0,33.9900786081,132.0
2016-10-05,2,1,18.0,30.0,1,67.0,97.4615384615,50.0,1.49236192714,178.0,35.2368150674,110.0
2016-10-06,3,1,19.0,29.0,1,67.0,101.538461538,50.0,1.38192862566,178.0,33.3342406188,99.0
2016-10-07,4,1,19.0,27.0,1,67.0,105.307692308,50.0,1.27001862197,178.0,29.8853826255,94.0
2016-10-08,5,0,16.0,26.0,1,67.0,106.692307692,50.0,1.10262008734,178.0,28.8960593943,92.0
2016-10-09,6,0,16.0,24.0,1,67.0,107.461538462,50.0,1.01713062099,178.0,28.3565631655,76.0
2016-10-10,0,0,16.0,23.0,1,68.0,108.076923077,50.0,0.922210489264,178.0,27.5693853018,89.0
2016-10-11,1,0,16.0,21.0,1,68.0,109.0,50.0,0.897973445143,178.0,26.7006194109,83.0
2016-10-12,2,0,16.0,19.0,1,68.0,109.307692308,50.0,0.865619546248,178.0,26.3741849758,106.0
2016-10-13,3,0,15.0,18.0,0,68.0,110.230769231,50.0,0.946060915433,178.0,26.03002363,105.0
2016-10-14,4,0,15.0,19.0,1,68.0,104.615384615,50.0,0.973187686197,178.0,17.1712571178,112.0
2016-10-15,5,1,16.0,23.0,1,69.0,103.615384615,50.0,1.05040650407,178.0,16.312045863,137.0
2016-10-16,6,1,16.0,24.0,1,69.0,104.384615385,50.0,1.12114014252,178.0,17.5829395527,121.0
2016-10-17,0,0,16.0,23.0,1,69.0,104.307692308,50.0,1.14303367315,178.0,17.5077328646,108.0
2016-10-18,1,0,18.0,25.0,1,70.0,102.461538462,50.0,1.11466423024,178.0,15.6579563683,78.0
2016-10-19,2,0,18.0,24.0,0,71.0,100.0,50.0,0.935405240707,178.0,16.7561699314,93.0
2016-10-20,3,0,19.0,23.0,0,72.0,99.5384615385,50.0,0.850480109739,178.0,16.8596714295,93.0
2016-10-21,4,0,18.0,24.0,0,73.0,99.4615384615,50.0,0.837297811608,178.0,16.8870245346,48.0
2016-10-22,5,1,16.0,21.0,0,73.0,96.0769230769,48.0,0.77037037037,178.0,21.7519637963,105.0
2016-10-23,6,1,15.0,18.0,1,75.0,98.3076923077,48.0,0.818771842237,178.0,21.0544518055,124.0
2016-10-24,0,0,12.0,16.0,0,76.0,101.0,48.0,0.921030756442,178.0,21.912413061,87.0
2016-10-25,1,0,12.0,16.0,0,76.0,101.307692308,48.0,1.07482993197,178.0,21.6843957202,96.0
2016-10-26,2,0,13.0,16.0,0,77.0,100.538461538,48.0,1.05173004454,178.0,21.6816667845,90.0
2016-10-27,3,0,12.0,16.0,0,78.0,99.3846153846,48.0,0.939597315436,178.0,21.8122705817,89.0
2016-10-28,4,0,9.0,14.0,0,79.0,97.6153846154,48.0,0.948930296756,178.0,21.6494393658,112.0
2016-10-29,5,1,7.0,11.0,0,80.0,95.6923076923,48.0,0.993852459016,178.0,19.0157206841,129.0
2016-10-30,6,1,9.0,15.0,0,81.0,96.3076923077,48.0,1.09725685786,137.0,19.9321333737,156.0
2016-10-31,0,0,9.0,14.0,0,82.0,100.0,48.0,1.27734877735,156.0,25.4407305168,120.0
