time_stamp,dayofweek,holiday,lt,ht,sunny,m2M,w2A,m1L,d3w3,m1Lar,w2Std,pay_sum
2016-08-01,0,0,27.0,35.0,1,62.0,41.9230769231,11.0,1.24242424242,69.0,11.7503619483,41.0
2016-08-02,1,0,26.0,36.0,0,62.0,41.6153846154,11.0,1.14025085519,69.0,11.7180889853,38.0
2016-08-03,2,0,25.0,30.0,0,62.0,41.2307692308,11.0,1.07428571429,69.0,11.7483474855,29.0
2016-08-04,3,0,25.0,32.0,0,59.0,42.6153846154,11.0,0.814479638009,69.0,8.79281578719,48.0
2016-08-05,4,0,26.0,32.0,0,58.0,42.8461538462,11.0,0.877192982456,69.0,8.8911897088,57.0
2016-08-06,5,1,26.0,34.0,0,57.0,44.0769230769,11.0,1.02800153433,69.0,9.62737713672,68.0
2016-08-07,6,1,26.0,34.0,0,57.0,45.5384615385,11.0,1.3287250384,69.0,11.5199852071,53.0
2016-08-08,0,0,26.0,34.0,1,55.0,47.0,11.0,1.35001896094,69.0,11.163126113,43.0
2016-08-09,1,0,27.0,34.0,1,55.0,47.0,11.0,1.24667426834,69.0,11.163126113,61.0
2016-08-10,2,0,27.0,34.0,1,55.0,49.1538461538,11.0,1.16945996276,69.0,10.9533707762,37.0
2016-08-11,3,0,27.0,35.0,1,53.0,49.1538461538,11.0,1.02062975027,69.0,10.9533707762,33.0
2016-08-12,4,0,28.0,35.0,1,51.0,47.4615384615,11.0,0.960762742941,69.0,11.5998367669,43.0
2016-08-13,5,1,28.0,36.0,1,49.0,47.1538461538,11.0,0.826930113428,69.0,11.660888961,61.0
2016-08-14,6,1,27.0,36.0,1,49.0,47.0769230769,11.0,0.98952690502,69.0,11.5656090894,42.0
2016-08-15,0,0,27.0,36.0,1,48.0,47.1538461538,11.0,1.04547081991,69.0,11.5282005657,32.0
2016-08-16,1,0,27.0,36.0,1,47.0,46.6923076923,11.0,0.978260869565,68.0,11.9960545782,44.0
2016-08-17,2,0,27.0,35.0,1,47.0,47.8461538462,11.0,0.844969566774,68.0,10.9111527548,27.0
2016-08-18,3,0,27.0,36.0,1,47.0,46.2307692308,11.0,0.745566413319,68.0,12.2421330856,14.0
2016-08-19,4,0,29.0,37.0,1,46.0,42.9230769231,11.0,0.643939393939,68.0,14.4885182045,50.0
2016-08-20,5,1,27.0,36.0,0,46.0,41.5384615385,14.0,0.687051717629,68.0,12.7859019995,49.0
2016-08-21,6,1,27.0,33.0,0,46.0,41.2307692308,14.0,0.865900383142,68.0,12.5523754795,47.0
2016-08-22,0,0,27.0,34.0,1,46.0,41.5384615385,14.0,1.11111111111,68.0,12.6406875702,47.0
2016-08-23,1,0,25.0,34.0,1,46.0,40.4615384615,14.0,1.07721280603,68.0,11.4798511423,36.0
2016-08-24,2,0,24.0,34.0,1,45.0,40.3846153846,14.0,0.971599402093,68.0,11.5061084883,37.0
2016-08-25,3,0,25.0,34.0,1,45.0,40.6923076923,14.0,0.908059023837,68.0,11.3570351994,18.0
2016-08-26,4,0,23.0,29.0,1,45.0,38.7692307692,14.0,0.720506730008,68.0,12.8251786382,42.0
2016-08-27,5,1,20.0,29.0,1,44.0,37.3076923077,14.0,0.792483660131,68.0,11.1864245706,73.0
2016-08-28,6,1,19.0,30.0,1,44.0,39.6923076923,14.0,1.06060606061,73.0,14.6884811771,58.0
2016-08-29,0,0,20.0,31.0,1,44.0,41.6923076923,14.0,1.35526831179,73.0,15.2637560424,30.0
2016-08-30,1,0,21.0,31.0,1,44.0,40.6153846154,14.0,1.30894308943,73.0,15.5540668021,44.0
2016-08-31,2,0,22.0,32.0,1,44.0,41.9230769231,14.0,1.06408706167,73.0,15.0612163083,39.0
2016-09-01,3,0,22.0,33.0,1,44.0,43.8461538462,14.0,0.904361744698,73.0,12.7993158101,38.0
2016-09-02,4,0,22.0,34.0,1,44.0,42.9230769231,14.0,0.97423510467,73.0,12.7548575269,48.0
2016-09-03,5,1,23.0,34.0,1,44.0,42.8461538462,14.0,1.02249488753,73.0,12.7209467103,63.0
2016-09-04,6,1,22.0,33.0,1,44.0,44.0769230769,14.0,1.18819776715,73.0,13.7922025823,71.0
2016-09-05,0,0,24.0,33.0,1,44.0,45.9230769231,14.0,1.38666666667,73.0,15.5536863722,44.0
2016-09-06,1,0,22.0,26.0,0,44.0,46.5384615385,14.0,1.35619047619,73.0,15.3051795386,42.0
2016-09-07,2,0,20.0,26.0,1,44.0,46.9230769231,14.0,1.17602996255,73.0,15.1223804519,34.0
2016-09-08,3,0,21.0,30.0,1,43.0,48.1538461538,14.0,0.879120879121,73.0,13.2540046421,42.0
2016-09-09,4,0,23.0,32.0,1,43.0,48.1538461538,14.0,0.872135994087,73.0,13.2540046421,20.0
2016-09-10,5,1,21.0,30.0,1,43.0,44.0769230769,14.0,0.733104238259,73.0,13.1351644215,50.0
2016-09-11,6,1,20.0,28.0,1,43.0,43.4615384615,14.0,0.852359208524,73.0,12.6467714616,70.0
2016-09-12,0,0,20.0,30.0,1,43.0,46.5384615385,14.0,1.03819058213,73.0,13.8097812862,20.0
2016-09-13,1,0,21.0,30.0,1,43.0,44.6923076923,14.0,1.05700264251,73.0,15.5236029491,24.0
2016-09-14,2,0,22.0,28.0,1,43.0,43.5384615385,14.0,0.873563218391,73.0,16.4345573277,45.0
2016-09-15,3,1,21.0,23.0,0,43.0,44.0769230769,14.0,0.661464139725,73.0,16.3587734093,26.0
2016-09-16,4,1,21.0,23.0,0,43.0,42.3846153846,14.0,0.718880060537,73.0,16.9911219421,77.0
2016-09-17,5,1,21.0,27.0,1,43.0,43.4615384615,18.0,1.11487758945,77.0,18.6284124788,47.0
2016-09-18,6,0,20.0,28.0,1,43.0,41.6153846154,18.0,1.14416475973,77.0,16.9185308579,23.0
2016-09-19,0,0,17.0,26.0,1,43.0,40.0,18.0,1.13033448674,77.0,17.6024473823,38.0
2016-09-20,1,0,18.0,26.0,1,43.0,39.6923076923,18.0,0.836236933798,77.0,17.5997579327,36.0
2016-09-21,2,0,17.0,24.0,1,43.0,39.8461538462,18.0,0.753690753691,77.0,17.5580187854,39.0
2016-09-22,3,0,19.0,27.0,1,42.0,39.6153846154,18.0,0.876988746605,77.0,17.5479056894,17.0
2016-09-23,4,0,19.0,28.0,1,42.0,39.3846153846,17.0,0.740740740741,77.0,17.821933166,48.0
2016-09-24,5,1,21.0,29.0,1,42.0,39.2307692308,17.0,0.852808528085,77.0,17.7380679121,74.0
2016-09-25,6,1,21.0,28.0,1,43.0,39.5384615385,17.0,1.13562091503,77.0,18.2950829233,45.0
2016-09-26,0,0,23.0,30.0,1,43.0,41.4615384615,17.0,1.36270909833,77.0,17.4338988296,29.0
2016-09-27,1,0,23.0,30.0,0,43.0,41.8461538462,17.0,1.2271973466,77.0,17.0963160847,40.0
2016-09-28,2,0,19.0,23.0,0,42.0,41.4615384615,17.0,0.938271604938,77.0,17.0772695738,37.0
2016-09-29,3,0,17.0,19.0,0,42.0,42.3076923077,17.0,0.87784679089,77.0,16.5547326042,12.0
2016-09-30,4,0,18.0,21.0,0,42.0,37.3076923077,12.0,0.744458385613,77.0,15.071034957,56.0
2016-10-01,5,1,20.0,24.0,0,42.0,38.0,12.0,0.871731008717,77.0,15.6941929486,108.0
2016-10-02,6,1,20.0,24.0,0,43.0,44.5384615385,12.0,1.39516448672,108.0,23.7312367489,136.0
2016-10-03,0,1,18.0,26.0,1,43.0,52.0769230769,12.0,2.08986415883,136.0,33.8604864758,182.0
2016-10-04,1,1,20.0,25.0,1,43.0,63.3076923077,12.0,2.54708520179,182.0,47.9477032664,126.0
2016-10-05,2,1,20.0,26.0,1,43.0,70.0,12.0,2.47491638796,182.0,50.1106468036,105.0
2016-10-06,3,1,19.0,25.0,1,43.0,76.7692307692,12.0,2.15947712418,182.0,48.4087624715,75.0
2016-10-07,4,1,17.0,20.0,0,43.0,78.8461538462,12.0,1.60251374705,182.0,47.7039687977,43.0
2016-10-08,5,0,14.0,22.0,1,43.0,76.4615384615,12.0,1.17152613607,182.0,48.6520066542,26.0
2016-10-09,6,0,13.0,21.0,1,43.0,75.0,12.0,0.754716981132,182.0,49.8459164287,36.0
2016-10-10,0,0,16.0,21.0,1,43.0,75.5384615385,12.0,0.551181102362,182.0,49.3817396718,37.0
2016-10-11,1,0,16.0,20.0,1,42.0,75.3076923077,12.0,0.519276160504,182.0,49.5539870559,32.0
2016-10-12,2,0,16.0,19.0,1,42.0,74.9230769231,12.0,0.553797468354,182.0,49.8682287302,30.0
2016-10-13,3,0,17.0,20.0,1,42.0,76.3076923077,12.0,0.516836335161,182.0,48.3280212003,33.0
2016-10-14,4,0,16.0,18.0,1,42.0,74.5384615385,12.0,0.501848917063,182.0,49.4471207603,35.0
2016-10-15,5,1,18.0,21.0,0,42.0,68.9230769231,12.0,0.534205505587,182.0,49.4733207644,85.0
2016-10-16,6,1,17.0,23.0,1,42.0,65.0,12.0,0.807600950119,182.0,45.8911756223,47.0
2016-10-17,0,0,18.0,22.0,1,42.0,54.6153846154,12.0,0.869112672391,182.0,31.1461528963,34.0
2016-10-18,1,0,18.0,23.0,1,42.0,47.5384615385,12.0,0.867973856209,182.0,23.6793171179,26.0
2016-10-19,2,0,19.0,22.0,1,42.0,41.4615384615,12.0,0.564345991561,182.0,17.477965841,33.0
2016-10-20,3,0,19.0,21.0,0,40.0,38.2307692308,12.0,0.482490272374,182.0,14.6295477934,26.0
2016-10-21,4,0,19.0,21.0,0,39.0,36.9230769231,12.0,0.451527224436,182.0,14.9020470378,38.0
2016-10-22,5,1,18.0,21.0,0,39.0,37.8461538462,12.0,0.545710267229,182.0,14.5646894067,54.0
2016-10-23,6,1,15.0,18.0,1,40.0,39.2307692308,12.0,0.713206406769,182.0,15.1665311999,53.0
2016-10-24,0,0,16.0,20.0,1,42.0,40.4615384615,12.0,0.992470910335,182.0,15.579154636,31.0
2016-10-25,1,0,14.0,17.0,1,40.0,40.3846153846,12.0,1.04664391354,182.0,15.6231507781,34.0
2016-10-26,2,0,16.0,18.0,0,39.0,40.6923076923,12.0,0.973597359736,182.0,15.4540739731,22.0
2016-10-27,3,0,15.0,17.0,0,39.0,39.8461538462,12.0,0.76821192053,182.0,16.1380875516,26.0
2016-10-28,4,0,11.0,15.0,0,39.0,39.1538461538,12.0,0.740740740741,182.0,16.5196673176,35.0
2016-10-29,5,1,8.0,12.0,0,38.0,35.3076923077,22.0,0.740740740741,182.0,9.88693477727,51.0
2016-10-30,6,1,10.0,17.0,1,38.0,35.6153846154,22.0,0.979877515311,182.0,10.2996524328,46.0
2016-10-31,0,0,10.0,15.0,0,39.0,36.5384615385,22.0,1.14137483787,182.0,10.6454423951,36.0
