time_stamp,dayofweek,holiday,lt,ht,sunny,m2M,w2A,m1L,d3w3,m1Lar,w2Std,pay_sum
2016-08-01,0,0,28.0,34.0,1,262.0,252.769230769,173.0,0.878010878011,323.0,44.3606787875,316.0
2016-08-02,1,0,28.0,34.0,0,271.0,252.538461538,173.0,0.922480620155,323.0,44.0220493435,283.0
2016-08-03,2,0,26.0,32.0,0,272.0,252.769230769,173.0,1.04674598531,323.0,44.17300576,333.0
2016-08-04,3,0,27.0,32.0,0,272.0,257.461538462,173.0,1.20952566349,333.0,48.9483485769,310.0
2016-08-05,4,0,27.0,33.0,0,272.0,262.153846154,173.0,1.19337586185,333.0,50.8010389867,293.0
2016-08-06,5,1,27.0,33.0,1,273.0,271.230769231,173.0,1.17891554884,333.0,44.5786320771,174.0
2016-08-07,6,1,27.0,34.0,1,273.0,270.0,173.0,0.981618343756,333.0,46.9615227115,173.0
2016-08-08,0,0,27.0,34.0,0,273.0,261.846153846,173.0,0.825593395253,333.0,53.4456534231,304.0
2016-08-09,1,0,28.0,34.0,1,274.0,262.461538462,173.0,0.842227828449,333.0,53.879659905,289.0
2016-08-10,2,0,28.0,34.0,1,275.0,263.538461538,173.0,0.989280640579,333.0,54.2580945888,323.0
2016-08-11,3,0,28.0,35.0,1,279.0,267.384615385,173.0,1.17143039836,333.0,56.5175785609,294.0
2016-08-12,4,0,28.0,34.0,1,279.0,268.461538462,173.0,1.14872575124,333.0,56.8799212709,292.0
2016-08-13,5,1,28.0,35.0,1,280.0,276.153846154,173.0,1.12744186047,333.0,52.6217944814,185.0
2016-08-14,6,1,28.0,36.0,1,280.0,274.538461538,173.0,0.957169459963,333.0,55.0183401374,175.0
2016-08-15,0,0,28.0,35.0,1,280.0,263.692307692,173.0,0.825420939359,333.0,59.4919317288,278.0
2016-08-16,1,0,28.0,35.0,1,279.0,263.307692308,173.0,0.810467479675,333.0,59.3819250088,320.0
2016-08-17,2,0,28.0,35.0,1,280.0,262.307692308,173.0,0.973612947919,333.0,58.299471716,287.0
2016-08-18,3,0,28.0,36.0,1,280.0,260.538461538,173.0,1.11173921236,333.0,57.1632148859,291.0
2016-08-19,4,0,29.0,36.0,1,282.0,260.384615385,173.0,1.12573649242,333.0,57.0782707699,245.0
2016-08-20,5,1,28.0,37.0,0,282.0,265.846153846,173.0,1.02153540619,333.0,51.6941391617,169.0
2016-08-21,6,1,28.0,35.0,0,280.0,265.538461538,169.0,0.881139857518,333.0,52.2547243129,181.0
2016-08-22,0,0,28.0,35.0,1,280.0,256.076923077,169.0,0.762967237289,333.0,55.4706596575,278.0
2016-08-23,1,0,26.0,34.0,1,280.0,255.230769231,169.0,0.806058272366,333.0,55.0442533103,311.0
2016-08-24,2,0,26.0,34.0,1,280.0,254.307692308,169.0,0.992523846352,333.0,53.9905755528,304.0
2016-08-25,3,0,27.0,35.0,1,282.0,255.076923077,169.0,1.15240676216,333.0,54.6182014442,298.0
2016-08-26,4,0,26.0,34.0,0,282.0,255.538461538,169.0,1.17707729001,333.0,54.9525884945,306.0
2016-08-27,5,1,23.0,31.0,1,283.0,264.846153846,169.0,1.1414922371,333.0,52.4049999873,171.0
2016-08-28,6,1,22.0,30.0,1,282.0,264.538461538,169.0,0.974658869396,333.0,52.9406276802,172.0
2016-08-29,0,0,23.0,31.0,1,280.0,256.384615385,169.0,0.837041336171,333.0,58.146417922,285.0
2016-08-30,1,0,23.0,31.0,1,280.0,253.692307692,169.0,0.810584059374,333.0,55.905668648,265.0
2016-08-31,2,0,25.0,34.0,1,280.0,252.0,169.0,0.94249722603,333.0,55.2003344471,253.0
2016-09-01,3,0,26.0,33.0,1,280.0,249.076923077,169.0,1.05671798921,333.0,54.0519145587,298.0
2016-09-02,4,0,25.0,34.0,1,280.0,253.153846154,169.0,1.07255520505,323.0,55.5681787105,293.0
2016-09-03,5,1,25.0,35.0,1,280.0,262.692307692,169.0,1.08622908623,323.0,50.7367028664,196.0
2016-09-04,6,1,25.0,33.0,1,280.0,263.846153846,169.0,1.00878036275,323.0,49.0068223725,181.0
2016-09-05,0,0,25.0,30.0,0,279.0,256.384615385,169.0,0.87513061651,323.0,53.4653568089,296.0
2016-09-06,1,0,22.0,27.0,0,280.0,255.230769231,169.0,0.883202099738,323.0,52.4259974354,387.0
2016-09-07,2,0,20.0,24.0,0,280.0,261.615384615,169.0,1.11196911197,387.0,62.1320411104,368.0
2016-09-08,3,0,22.0,29.0,1,282.0,267.0,169.0,1.33282607317,387.0,67.8244339907,360.0
2016-09-09,4,0,23.0,31.0,1,282.0,271.153846154,169.0,1.38371804418,387.0,71.6324444689,374.0
2016-09-10,5,1,24.0,29.0,1,282.0,286.769230769,169.0,1.31731516347,387.0,70.2097449363,310.0
2016-09-11,6,1,23.0,26.0,0,282.0,297.384615385,169.0,1.21976866456,387.0,62.0081117045,307.0
2016-09-12,0,0,23.0,29.0,1,282.0,299.076923077,169.0,1.15199070038,387.0,61.9472002701,358.0
2016-09-13,1,0,23.0,30.0,1,283.0,306.230769231,169.0,1.12417848495,387.0,62.9604929193,364.0
2016-09-14,2,0,22.0,24.0,0,285.0,314.769230769,169.0,1.17425539199,387.0,62.6886737975,350.0
2016-09-15,3,1,23.0,26.0,0,287.0,318.769230769,169.0,1.21253251895,387.0,63.1483647954,149.0
2016-09-16,4,1,23.0,27.0,0,287.0,307.692307692,149.0,1.00284701644,387.0,77.6593989709,193.0
2016-09-17,5,1,23.0,27.0,0,285.0,307.461538462,149.0,0.801064999711,387.0,77.9946895476,251.0
2016-09-18,6,0,23.0,28.0,0,285.0,312.846153846,149.0,0.677172547676,387.0,71.1983644517,365.0
2016-09-19,0,0,21.0,27.0,0,287.0,318.153846154,149.0,0.911343922496,387.0,72.3079378065,447.0
2016-09-20,1,0,20.0,26.0,1,289.0,322.769230769,149.0,1.16174863388,447.0,78.2276302222,422.0
2016-09-21,2,0,20.0,27.0,1,291.0,326.923076923,149.0,1.31227734354,447.0,81.8680566413,423.0
2016-09-22,3,0,21.0,27.0,1,292.0,331.769230769,149.0,1.34709623605,447.0,85.4680811731,448.0
2016-09-23,4,0,21.0,27.0,1,293.0,337.461538462,149.0,1.31623148572,448.0,90.4124016209,432.0
2016-09-24,5,1,22.0,28.0,1,293.0,346.846153846,149.0,1.28027511668,448.0,93.3585694257,351.0
2016-09-25,6,1,23.0,29.0,1,293.0,350.230769231,149.0,1.17996645099,448.0,92.64751551,320.0
2016-09-26,0,0,24.0,31.0,1,294.0,347.307692308,149.0,1.05363710178,448.0,92.9552287729,406.0
2016-09-27,1,0,25.0,30.0,0,296.0,350.538461538,149.0,1.02600743069,448.0,94.2007801573,448.0
2016-09-28,2,0,22.0,28.0,0,298.0,358.076923077,149.0,1.10577375907,448.0,97.7118696344,375.0
2016-09-29,3,0,22.0,25.0,0,298.0,375.461538462,149.0,1.15512947037,448.0,76.8431122829,345.0
2016-09-30,4,0,23.0,28.0,0,298.0,387.153846154,149.0,1.10230275576,448.0,57.2589880803,339.0
2016-10-01,5,1,24.0,29.0,0,304.0,393.923076923,149.0,0.99534752573,448.0,44.5549989226,211.0
2016-10-02,6,1,24.0,32.0,1,298.0,382.076923077,149.0,0.85274641513,448.0,65.9877162677,149.0
2016-10-03,0,1,22.0,26.0,1,298.0,359.153846154,149.0,0.686505598114,448.0,87.6556603586,121.0
2016-10-04,1,1,22.0,26.0,1,298.0,336.0,121.0,0.489941431118,448.0,105.860575941,160.0
2016-10-05,2,1,22.0,27.0,1,298.0,315.769230769,121.0,0.451088381852,448.0,112.239547292,154.0
2016-10-06,3,1,22.0,26.0,0,298.0,293.153846154,121.0,0.455974842767,448.0,112.934866289,228.0
2016-10-07,4,1,20.0,25.0,0,296.0,277.461538462,121.0,0.565024758926,448.0,106.544043175,213.0
2016-10-08,5,0,17.0,22.0,0,296.0,266.846153846,121.0,0.623984059567,448.0,105.558475339,373.0
2016-10-09,6,0,18.0,22.0,1,296.0,270.923076923,121.0,0.852579209217,448.0,108.514771443,378.0
2016-10-10,0,0,18.0,22.0,1,298.0,268.769230769,121.0,1.02075391783,448.0,106.062502506,390.0
2016-10-11,1,0,19.0,25.0,1,298.0,264.307692308,121.0,1.21434653044,448.0,99.4425884738,415.0
2016-10-12,2,0,19.0,23.0,1,304.0,267.384615385,121.0,1.26065643649,448.0,103.361604582,461.0
2016-10-13,3,0,19.0,23.0,1,306.0,276.307692308,121.0,1.34630722603,461.0,114.123674221,397.0
2016-10-14,4,0,19.0,23.0,0,307.0,280.769230769,121.0,1.36135172709,461.0,117.569065689,395.0
2016-10-15,5,1,21.0,25.0,1,307.0,294.923076923,121.0,1.33057236912,461.0,119.379460634,347.0
2016-10-16,6,1,20.0,26.0,1,310.0,310.153846154,121.0,1.20433518372,461.0,112.205749307,355.0
2016-10-17,0,0,20.0,25.0,1,311.0,328.153846154,121.0,1.16938492698,461.0,98.3289973303,425.0
2016-10-18,1,0,20.0,25.0,1,320.0,348.538461538,121.0,1.20579896218,461.0,88.3146606739,470.0
2016-10-19,2,0,20.0,24.0,0,339.0,372.846153846,121.0,1.31731478554,470.0,73.7040299011,435.0
2016-10-20,3,0,20.0,23.0,0,345.0,388.769230769,121.0,1.38196176226,470.0,62.1451821837,465.0
2016-10-21,4,0,0.0,21.0,0,347.0,408.153846154,121.0,1.39610720473,470.0,39.45561509,356.0
2016-10-22,5,1,19.0,23.0,0,350.0,406.846153846,121.0,1.25218084841,470.0,40.8559310332,282.0
2016-10-23,6,1,18.0,23.0,1,350.0,399.461538462,121.0,1.07820136852,470.0,52.4369443817,308.0
2016-10-24,0,0,20.0,24.0,1,350.0,393.153846154,121.0,0.900052328624,470.0,57.8484042115,438.0
2016-10-25,1,0,18.0,22.0,1,351.0,394.923076923,121.0,0.940745824754,470.0,58.8328290595,487.0
2016-10-26,2,0,19.0,21.0,0,355.0,396.923076923,121.0,1.07902336571,487.0,61.4297116016,385.0
2016-10-27,3,0,18.0,22.0,0,356.0,396.0,121.0,1.12325830654,487.0,61.5117249611,438.0
2016-10-28,4,0,15.0,20.0,0,358.0,399.307692308,121.0,1.09166666667,487.0,62.5169326175,437.0
2016-10-29,5,1,13.0,17.0,1,360.0,406.230769231,121.0,1.04166666667,487.0,61.3127591768,361.0
2016-10-30,6,1,14.0,18.0,1,361.0,406.692307692,121.0,1.02398409345,487.0,60.9468679266,329.0
2016-10-31,0,0,13.0,17.0,0,361.0,399.307692308,121.0,0.940813089573,487.0,64.0196900185,428.0
