time_stamp,dayofweek,holiday,lt,ht,sunny,m2M,w2A,m1L,d3w3,m1Lar,w2Std,pay_sum
2016-08-01,0,0,28.0,34.0,1,82.0,100.153846154,61.0,0.98029134533,116.0,9.41231724796,58.0
2016-08-02,1,0,28.0,34.0,0,82.0,97.5384615385,58.0,0.891920251836,116.0,14.6056647842,70.0
2016-08-03,2,0,26.0,32.0,0,82.0,94.7692307692,58.0,0.809574093629,116.0,16.0774751469,64.0
2016-08-04,3,0,27.0,32.0,0,82.0,91.2307692308,58.0,0.675105485232,116.0,17.3478167376,58.0
2016-08-05,4,0,27.0,33.0,0,82.0,86.9230769231,58.0,0.695274307442,116.0,18.0957348926,93.0
2016-08-06,5,1,27.0,33.0,1,82.0,85.1538461538,58.0,0.781533987641,116.0,16.1904347537,91.0
2016-08-07,6,1,27.0,34.0,1,83.0,84.6153846154,58.0,0.880640465793,116.0,15.8674241113,71.0
2016-08-08,0,0,27.0,34.0,0,82.0,82.6923076923,58.0,0.940785832872,116.0,15.8860587908,85.0
2016-08-09,1,0,28.0,34.0,1,82.0,81.1538461538,58.0,0.914814814815,116.0,14.5646894067,78.0
2016-08-10,2,0,28.0,34.0,1,82.0,80.7692307692,58.0,0.880361173815,116.0,14.576872336,89.0
2016-08-11,3,0,28.0,35.0,1,83.0,80.2307692308,58.0,0.959451741862,116.0,14.1266461051,96.0
2016-08-12,4,0,28.0,34.0,1,83.0,80.7692307692,58.0,1.01173302558,116.0,14.576872336,118.0
2016-08-13,5,1,28.0,35.0,1,85.0,82.5384615385,58.0,1.16426512968,118.0,17.3321195145,137.0
2016-08-14,6,1,28.0,36.0,1,87.0,85.2307692308,58.0,1.3190529876,137.0,22.1850741444,89.0
2016-08-15,0,0,28.0,35.0,1,88.0,87.6153846154,58.0,1.29786832673,137.0,20.7495633375,104.0
2016-08-16,1,0,28.0,35.0,1,89.0,90.2307692308,58.0,1.24575311438,137.0,20.5057359561,128.0
2016-08-17,2,0,28.0,35.0,1,89.0,95.1538461538,58.0,1.18166758697,137.0,21.2850476729,90.0
2016-08-18,3,0,28.0,36.0,1,89.0,97.6153846154,58.0,1.189289012,137.0,18.5162650393,94.0
2016-08-19,4,0,29.0,36.0,1,89.0,97.6923076923,58.0,1.14917127072,137.0,18.4990004528,108.0
2016-08-20,5,1,28.0,37.0,0,90.0,99.0,58.0,1.06783689888,137.0,18.5803866814,91.0
2016-08-21,6,1,28.0,35.0,0,91.0,100.538461538,58.0,1.07799852833,137.0,16.9552142405,90.0
2016-08-22,0,0,28.0,35.0,1,91.0,100.923076923,58.0,1.04483007954,137.0,16.6523804649,91.0
2016-08-23,1,0,26.0,34.0,1,91.0,101.923076923,58.0,0.972296693476,137.0,15.6030644843,107.0
2016-08-24,2,0,26.0,34.0,1,91.0,103.307692308,58.0,1.00628930818,137.0,15.1879740655,86.0
2016-08-25,3,0,27.0,35.0,1,91.0,102.538461538,58.0,0.977961432507,137.0,15.7802963052,107.0
2016-08-26,4,0,26.0,34.0,0,91.0,101.692307692,58.0,1.02564102564,137.0,15.2132766682,122.0
2016-08-27,5,1,23.0,31.0,1,91.0,100.538461538,58.0,1.06007067138,137.0,12.8818022187,105.0
2016-08-28,6,1,22.0,30.0,1,92.0,101.769230769,58.0,1.10504549214,137.0,12.4786207704,129.0
2016-08-29,0,0,23.0,31.0,1,93.0,103.692307692,58.0,1.15266310507,137.0,14.445572201,90.0
2016-08-30,1,0,23.0,31.0,1,93.0,100.769230769,58.0,1.0429744085,137.0,13.0038683366,93.0
2016-08-31,2,0,25.0,34.0,1,93.0,101.0,58.0,1.00240963855,137.0,12.8362467555,102.0
2016-09-01,3,0,26.0,33.0,1,93.0,101.615384615,58.0,0.913022585296,137.0,12.6766803562,91.0
2016-09-02,4,0,25.0,34.0,1,93.0,100.307692308,58.0,0.928270042194,137.0,12.8265626751,96.0
2016-09-03,5,1,25.0,35.0,1,93.0,100.692307692,71.0,0.957112104653,137.0,12.6149155635,110.0
2016-09-04,6,1,25.0,33.0,1,94.0,102.230769231,71.0,0.973451327434,137.0,12.4353951789,114.0
2016-09-05,0,0,25.0,30.0,0,95.0,104.0,71.0,1.04370515329,137.0,12.3475316749,78.0
2016-09-06,1,0,22.0,27.0,0,94.0,101.769230769,78.0,1.00969575393,137.0,14.099393583,96.0
2016-09-07,2,0,20.0,24.0,0,95.0,102.538461538,78.0,0.96,137.0,13.4771338234,63.0
2016-09-08,3,0,22.0,29.0,1,95.0,99.1538461538,63.0,0.802437785678,137.0,16.9970411626,93.0
2016-09-09,4,0,23.0,31.0,1,95.0,96.9230769231,63.0,0.85977482088,137.0,15.7062532302,82.0
2016-09-10,5,1,24.0,29.0,1,94.0,95.1538461538,63.0,0.815766923736,137.0,15.9896416174,129.0
2016-09-11,6,1,23.0,26.0,0,95.0,95.1538461538,63.0,1.02150537634,137.0,15.9896416174,93.0
2016-09-12,0,0,23.0,29.0,1,95.0,95.3846153846,63.0,1.02047667002,129.0,15.9351496411,78.0
2016-09-13,1,0,23.0,30.0,1,94.0,94.2307692308,63.0,1.02197240675,129.0,16.5954296125,84.0
2016-09-14,2,0,22.0,24.0,0,93.0,92.8461538462,63.0,0.869565217391,129.0,16.6402947175,74.0
2016-09-15,3,1,23.0,26.0,0,93.0,91.5384615385,63.0,0.81859174471,129.0,17.3852961065,59.0
2016-09-16,4,1,23.0,27.0,0,93.0,88.6923076923,59.0,0.778196162812,129.0,19.3406093905,71.0
2016-09-17,5,1,23.0,27.0,0,93.0,85.6923076923,59.0,0.745205479452,129.0,18.8205477538,81.0
2016-09-18,6,0,23.0,28.0,0,93.0,83.1538461538,59.0,0.791596323391,129.0,16.9653318626,91.0
2016-09-19,0,0,21.0,27.0,0,93.0,84.1538461538,59.0,0.911136107987,129.0,17.015134231,83.0
2016-09-20,1,0,20.0,26.0,1,91.0,83.1538461538,59.0,0.961538461538,129.0,16.6680078356,72.0
2016-09-21,2,0,20.0,27.0,1,91.0,83.8461538462,59.0,0.943613348677,129.0,15.9896416174,72.0
2016-09-22,3,0,21.0,27.0,1,91.0,82.2307692308,59.0,0.880356796587,129.0,16.0439485172,48.0
2016-09-23,4,0,21.0,27.0,1,91.0,79.6153846154,48.0,0.766008378217,129.0,18.4580124838,104.0
2016-09-24,5,1,22.0,28.0,1,91.0,77.6923076923,48.0,0.896896896897,129.0,13.9691121649,97.0
2016-09-25,6,1,23.0,29.0,1,91.0,78.0,48.0,1.0072815534,129.0,14.3419771194,58.0
2016-09-26,0,0,24.0,31.0,1,91.0,76.4615384615,48.0,1.06060606061,129.0,15.3001527625,75.0
2016-09-27,1,0,25.0,30.0,0,91.0,75.7692307692,48.0,0.954158888197,129.0,15.1462300268,84.0
2016-09-28,2,0,22.0,28.0,0,91.0,76.5384615385,48.0,0.888615888616,129.0,15.2900942524,63.0
2016-09-29,3,0,22.0,25.0,0,90.0,76.8461538462,48.0,0.926157697121,129.0,14.970977841,39.0
2016-09-30,4,0,23.0,28.0,0,90.0,74.3846153846,39.0,0.797427652733,129.0,18.0449799605,100.0
2016-10-01,5,1,24.0,29.0,0,91.0,75.8461538462,39.0,0.88248143294,129.0,19.2507588416,102.0
2016-10-02,6,1,24.0,32.0,1,91.0,76.6923076923,39.0,1.04668838219,129.0,20.1203479683,115.0
2016-10-03,0,1,22.0,26.0,1,91.0,79.1538461538,39.0,1.3443596268,129.0,22.5519780945,81.0
2016-10-04,1,1,22.0,26.0,1,91.0,79.8461538462,39.0,1.26619927767,129.0,22.4596943395,97.0
2016-10-05,2,1,22.0,27.0,1,91.0,81.7692307692,39.0,1.2269681742,129.0,22.7736482201,100.0
2016-10-06,3,1,22.0,26.0,0,91.0,85.7692307692,39.0,1.134925495,129.0,20.9877394471,83.0
2016-10-07,4,1,20.0,25.0,0,91.0,84.1538461538,39.0,1.13475177305,129.0,20.3199263848,79.0
2016-10-08,5,0,17.0,22.0,0,91.0,82.7692307692,39.0,1.06309596267,129.0,20.0082823088,79.0
2016-10-09,6,0,18.0,22.0,1,91.0,84.3846153846,39.0,0.98508072757,129.0,18.7515679818,59.0
2016-10-10,0,0,18.0,22.0,1,91.0,83.1538461538,39.0,0.90022816843,115.0,19.8216903488,77.0
2016-10-11,1,0,19.0,25.0,1,91.0,82.6153846154,39.0,0.889164598842,115.0,19.8863635595,76.0
2016-10-12,2,0,19.0,23.0,1,90.0,83.6153846154,39.0,0.874587458746,115.0,19.1894941671,79.0
2016-10-13,3,0,19.0,23.0,1,90.0,86.6923076923,39.0,0.93908115766,115.0,14.3975671844,66.0
2016-10-14,4,0,19.0,23.0,0,90.0,84.0769230769,39.0,0.915682618604,115.0,14.8244161305,87.0
2016-10-15,5,1,21.0,25.0,1,90.0,82.9230769231,39.0,0.967271211174,115.0,13.9419761234,93.0
2016-10-16,6,1,20.0,26.0,1,90.0,81.2307692308,39.0,1.00367197062,115.0,10.9625505606,106.0
2016-10-17,0,0,20.0,25.0,1,90.0,83.1538461538,39.0,1.14514514515,115.0,12.7933044618,70.0
2016-10-18,1,0,20.0,25.0,1,87.0,81.0769230769,39.0,1.08621037755,115.0,12.5665094503,75.0
2016-10-19,2,0,20.0,24.0,0,86.0,79.1538461538,39.0,1.00621367007,115.0,11.3804566209,74.0
2016-10-20,3,0,20.0,23.0,0,84.0,78.4615384615,39.0,0.859835100118,115.0,11.3991591094,65.0
2016-10-21,4,0,0.0,21.0,0,84.0,77.3846153846,39.0,0.857887352175,115.0,11.9456362263,62.0
2016-10-22,5,1,19.0,23.0,0,83.0,76.0769230769,39.0,0.825631546519,115.0,12.6092855801,67.0
2016-10-23,6,1,18.0,23.0,1,83.0,76.6923076923,39.0,0.821164021164,115.0,11.9382038037,80.0
2016-10-24,0,0,20.0,24.0,1,82.0,76.9230769231,39.0,0.885218127912,115.0,11.970871946,63.0
2016-10-25,1,0,18.0,22.0,1,81.0,75.9230769231,39.0,0.909090909091,115.0,12.5358657058,75.0
2016-10-26,2,0,19.0,21.0,0,81.0,75.6153846154,39.0,0.959295929593,115.0,12.5056200384,55.0
2016-10-27,3,0,18.0,22.0,0,80.0,74.7692307692,39.0,0.865276843757,115.0,13.4630768352,70.0
2016-10-28,4,0,15.0,20.0,0,79.0,73.4615384615,39.0,0.902119981958,115.0,13.0302333919,66.0
2016-10-29,5,1,13.0,17.0,1,79.0,71.3846153846,55.0,0.869169510808,115.0,11.8486510854,89.0
2016-10-30,6,1,14.0,18.0,1,79.0,70.0769230769,55.0,1.00334448161,115.0,8.38920128647,63.0
2016-10-31,0,0,13.0,17.0,0,79.0,69.5384615385,55.0,0.981318928652,115.0,8.59888529999,56.0
