time_stamp,dayofweek,holiday,lt,ht,sunny,m2M,w2A,m1L,d3w3,m1Lar,w2Std,pay_sum
2016-08-01,0,0,24.0,30.0,1,147.0,221.923076923,37.0,0.812473662031,395.0,112.228792095,294.0
2016-08-02,1,0,24.0,33.0,1,147.0,233.615384615,37.0,0.770103761349,395.0,111.206349059,318.0
2016-08-03,2,0,25.0,34.0,1,153.0,240.461538462,37.0,1.09852061693,395.0,113.428808839,317.0
2016-08-04,3,0,25.0,33.0,1,154.0,236.076923077,37.0,1.4198379948,395.0,109.205143256,313.0
2016-08-05,4,0,25.0,32.0,1,154.0,234.153846154,37.0,1.4110292476,395.0,107.601720142,336.0
2016-08-06,5,1,24.0,33.0,1,161.0,248.153846154,37.0,1.35436382755,395.0,108.100982813,90.0
2016-08-07,6,1,23.0,31.0,1,154.0,241.923076923,37.0,1.03371100853,395.0,114.512654013,65.0
2016-08-08,0,0,24.0,32.0,1,154.0,216.538461538,37.0,0.70882055724,395.0,114.34200748,60.0
2016-08-09,1,0,25.0,33.0,1,154.0,201.538461538,37.0,0.315990593768,395.0,120.91421968,285.0
2016-08-10,2,0,26.0,33.0,1,161.0,199.769230769,37.0,0.595238095238,395.0,119.503558908,318.0
2016-08-11,3,0,27.0,34.0,1,161.0,221.384615385,37.0,0.97442680776,395.0,113.362955869,330.0
2016-08-12,4,0,25.0,29.0,0,162.0,223.615384615,37.0,1.37367491166,395.0,115.17848254,334.0
2016-08-13,5,1,24.0,31.0,0,170.0,242.0,37.0,1.39054092325,395.0,112.218194055,107.0
2016-08-14,6,1,24.0,33.0,1,170.0,243.615384615,37.0,1.1068044789,395.0,110.09194651,104.0
2016-08-15,0,0,21.0,29.0,0,162.0,229.0,37.0,0.834673405314,395.0,114.938110437,314.0
2016-08-16,1,0,23.0,31.0,1,171.0,228.692307692,37.0,0.793291024479,395.0,114.704560043,283.0
2016-08-17,2,0,23.0,28.0,0,177.0,226.076923077,37.0,1.06526859661,395.0,113.03672755,318.0
2016-08-18,3,0,22.0,24.0,0,182.0,226.461538462,37.0,1.30676949443,395.0,113.339934835,239.0
2016-08-19,4,0,22.0,32.0,1,191.0,219.0,37.0,1.21580547112,395.0,108.992589727,339.0
2016-08-20,5,1,23.0,31.0,1,192.0,238.153846154,37.0,1.23161512027,395.0,106.490047317,127.0
2016-08-21,6,1,23.0,34.0,1,192.0,242.923076923,37.0,0.960948681251,395.0,99.8070920391,90.0
2016-08-22,0,0,23.0,32.0,1,192.0,245.230769231,37.0,0.790839911813,395.0,95.8180598411,350.0
2016-08-23,1,0,24.0,30.0,0,192.0,250.230769231,37.0,0.801017164654,395.0,99.3921168877,307.0
2016-08-24,2,0,24.0,31.0,0,194.0,249.384615385,37.0,1.05754937354,350.0,98.8569584038,298.0
2016-08-25,3,0,18.0,30.0,1,196.0,246.923076923,37.0,1.35634142877,350.0,97.2035624058,308.0
2016-08-26,4,0,17.0,29.0,1,199.0,244.923076923,37.0,1.30447206744,350.0,95.6463530516,312.0
2016-08-27,5,1,20.0,32.0,1,213.0,260.692307692,60.0,1.25204582651,350.0,88.217724205,126.0
2016-08-28,6,1,18.0,31.0,1,213.0,262.384615385,60.0,1.00491681821,350.0,85.3603569143,94.0
2016-08-29,0,0,19.0,31.0,1,213.0,245.461538462,60.0,0.711753294535,350.0,94.7422539027,318.0
2016-08-30,1,0,19.0,31.0,1,220.0,248.153846154,60.0,0.715045188729,350.0,96.2559457935,309.0
2016-08-31,2,0,19.0,33.0,1,227.0,247.461538462,60.0,0.959989348246,350.0,95.7822975331,324.0
2016-09-01,3,0,19.0,27.0,1,229.0,254.0,60.0,1.26774645071,350.0,97.8601828356,332.0
2016-09-02,4,0,19.0,28.0,1,231.0,253.461538462,60.0,1.28692405148,350.0,97.4092203696,376.0
2016-09-03,5,1,20.0,30.0,1,239.0,272.615384615,60.0,1.3059984814,376.0,95.1133238758,127.0
2016-09-04,6,1,18.0,29.0,0,239.0,275.461538462,60.0,1.0521010521,376.0,90.0235997987,90.0
2016-09-05,0,0,20.0,31.0,1,239.0,255.461538462,60.0,0.780211828169,376.0,99.6128006793,329.0
2016-09-06,1,0,21.0,30.0,1,255.0,257.153846154,60.0,0.711910815568,376.0,100.655426048,277.0
2016-09-07,2,0,19.0,31.0,1,277.0,255.538461538,90.0,0.914826498423,376.0,100.154200637,290.0
2016-09-08,3,0,18.0,31.0,1,283.0,254.153846154,90.0,1.16598347323,376.0,99.5419093446,329.0
2016-09-09,4,0,19.0,31.0,1,285.0,255.461538462,90.0,1.16826390247,376.0,100.401206999,328.0
2016-09-10,5,1,18.0,30.0,1,290.0,271.0,90.0,1.18805670556,376.0,94.6280166677,126.0
2016-09-11,6,1,18.0,25.0,0,290.0,273.461538462,90.0,0.975700934579,376.0,90.3093958691,106.0
2016-09-12,0,0,18.0,27.0,1,290.0,257.153846154,90.0,0.731165948557,376.0,99.4707890278,284.0
2016-09-13,1,0,19.0,27.0,1,290.0,255.230769231,90.0,0.676765689553,376.0,98.6884404782,257.0
2016-09-14,2,0,20.0,30.0,1,290.0,250.076923077,90.0,0.85548062938,376.0,96.6917875269,281.0
2016-09-15,3,1,21.0,30.0,1,290.0,246.153846154,90.0,1.0927218345,376.0,94.2931975308,77.0
2016-09-16,4,1,20.0,30.0,0,290.0,223.153846154,77.0,0.857740585774,376.0,96.2615396909,54.0
2016-09-17,5,1,17.0,24.0,1,290.0,217.538461538,54.0,0.583404134806,376.0,103.55943324,47.0
2016-09-18,6,0,15.0,22.0,0,290.0,214.230769231,47.0,0.254594865193,376.0,108.164514191,243.0
2016-09-19,0,0,13.0,25.0,1,285.0,207.615384615,47.0,0.500072684983,376.0,103.470946098,288.0
2016-09-20,1,0,14.0,26.0,1,285.0,208.461538462,47.0,0.844103687477,376.0,104.078088572,288.0
2016-09-21,2,0,16.0,23.0,0,288.0,208.307692308,47.0,1.20556414219,376.0,103.958856222,264.0
2016-09-22,3,0,17.0,26.0,0,288.0,203.307692308,47.0,1.2553239184,376.0,99.5013603428,295.0
2016-09-23,4,0,19.0,27.0,1,288.0,200.769230769,47.0,1.28919330289,376.0,96.6684690031,268.0
2016-09-24,5,1,20.0,29.0,1,288.0,211.692307692,47.0,1.21949421219,376.0,95.6197474096,98.0
2016-09-25,6,1,19.0,27.0,1,285.0,211.076923077,47.0,0.972988886436,376.0,96.3211467623,78.0
2016-09-26,0,0,19.0,24.0,0,285.0,195.230769231,47.0,0.691912108462,376.0,99.8992984084,284.0
2016-09-27,1,0,12.0,23.0,1,284.0,197.307692308,47.0,0.715674834695,376.0,101.430828734,251.0
2016-09-28,2,0,10.0,20.0,1,284.0,195.0,47.0,0.962474485791,376.0,99.829084709,253.0
2016-09-29,3,0,12.0,22.0,1,284.0,208.538461538,47.0,1.25979216627,376.0,94.711395939,272.0
2016-09-30,4,0,14.0,24.0,1,284.0,225.307692308,47.0,1.25749473343,376.0,84.6271320517,306.0
2016-10-01,5,1,15.0,26.0,1,284.0,245.230769231,47.0,1.29017233349,376.0,69.4263902896,51.0
2016-10-02,6,1,16.0,26.0,1,283.0,230.461538462,47.0,0.989227018951,329.0,86.6226257391,46.0
2016-10-03,0,1,16.0,28.0,1,281.0,211.846153846,46.0,0.671498791969,329.0,97.5687892671,47.0
2016-10-04,1,1,11.0,19.0,0,277.0,193.307692308,46.0,0.253231337378,329.0,104.020252921,48.0
2016-10-05,2,1,13.0,21.0,1,277.0,176.692307692,46.0,0.26419336706,329.0,108.553697889,59.0
2016-10-06,3,1,14.0,17.0,0,277.0,158.538461538,46.0,0.290018832392,329.0,106.972761008,38.0
2016-10-07,4,1,12.0,16.0,0,277.0,140.846153846,38.0,0.274309496784,329.0,106.424293174,60.0
2016-10-08,5,0,5.0,19.0,1,272.0,137.923076923,38.0,0.295919328998,328.0,108.070106547,210.0
2016-10-09,6,0,8.0,18.0,1,268.0,148.076923077,38.0,0.58599695586,306.0,108.164021843,199.0
2016-10-10,0,0,10.0,20.0,1,264.0,141.538461538,38.0,0.915568570034,306.0,102.151934644,232.0
2016-10-11,1,0,10.0,20.0,1,257.0,140.076923077,38.0,1.27220402898,306.0,100.700975122,263.0
2016-10-12,2,0,10.0,19.0,1,263.0,140.846153846,38.0,1.37780424856,306.0,101.594856134,268.0
2016-10-13,3,0,12.0,22.0,1,264.0,140.538461538,38.0,1.52706894826,306.0,101.202474418,253.0
2016-10-14,4,0,13.0,23.0,1,263.0,136.461538462,38.0,1.57619622035,306.0,95.353282695,275.0
2016-10-15,5,1,11.0,17.0,0,263.0,153.692307692,38.0,1.51922893406,306.0,98.5388518578,75.0
2016-10-16,6,1,12.0,20.0,1,257.0,155.923076923,38.0,1.15186246418,306.0,96.3802258194,71.0
2016-10-17,0,0,9.0,21.0,1,257.0,157.769230769,38.0,0.856474417658,306.0,94.4874056289,244.0
2016-10-18,1,0,12.0,20.0,1,253.0,172.846153846,38.0,0.795107033639,306.0,91.3546311856,362.0
2016-10-19,2,0,14.0,22.0,1,257.0,196.153846154,38.0,1.3357008977,362.0,97.7633297257,361.0
2016-10-20,3,0,11.0,15.0,0,263.0,221.0,38.0,1.85890042291,362.0,95.4285878792,347.0
2016-10-21,4,0,11.0,11.0,0,263.0,243.076923077,38.0,2.03286786359,362.0,88.5806555879,293.0
2016-10-22,5,1,7.0,15.0,1,263.0,249.461538462,38.0,1.77908113392,362.0,88.9568740671,115.0
2016-10-23,6,1,0.0,5.0,1,257.0,243.0,38.0,1.31762652705,362.0,95.2179685693,109.0
2016-10-24,0,0,6.0,13.0,1,253.0,233.538461538,38.0,0.887858492186,362.0,101.729365993,265.0
2016-10-25,1,0,10.0,17.0,1,253.0,233.692307692,38.0,0.795315930715,362.0,101.775306523,269.0
2016-10-26,2,0,0.0,10.0,1,257.0,233.769230769,38.0,0.994817049586,362.0,101.80158216,286.0
2016-10-27,3,0,7.0,11.0,0,263.0,236.307692308,38.0,1.1996196328,362.0,102.657297403,250.0
2016-10-28,4,0,2.0,13.0,1,257.0,234.384615385,38.0,1.13053858577,362.0,102.147358459,276.0
2016-10-29,5,1,2.0,12.0,1,257.0,249.846153846,38.0,1.12473162961,362.0,91.5102736173,72.0
2016-10-30,6,1,2.0,13.0,1,253.0,249.923076923,38.0,0.850761132451,362.0,91.360201349,88.0
2016-10-31,0,0,-4.0,6.0,1,253.0,237.923076923,38.0,0.63995303097,362.0,101.078386595,281.0
