time_stamp,dayofweek,holiday,lt,ht,sunny,m2M,w2A,m1L,d3w3,m1Lar,w2Std,pay_sum
2016-08-01,0,0,27.0,37.0,1,206.0,206.0,206.0,1.0,206.0,0.0,206.0
2016-08-02,1,0,27.0,35.0,0,206.0,206.0,206.0,1.0,206.0,0.0,206.0
2016-08-03,2,0,26.0,32.0,0,206.0,206.0,206.0,1.0,206.0,0.0,206.0
2016-08-04,3,0,27.0,33.0,0,206.0,206.0,206.0,1.0,206.0,0.0,206.0
2016-08-05,4,0,26.0,33.0,0,206.0,206.0,206.0,1.0,206.0,0.0,206.0
2016-08-06,5,1,26.0,34.0,0,206.0,206.0,206.0,1.0,206.0,0.0,206.0
2016-08-07,6,1,27.0,35.0,1,206.0,206.0,206.0,1.0,206.0,0.0,206.0
2016-08-08,0,0,26.0,34.0,0,206.0,206.0,206.0,1.0,206.0,0.0,206.0
2016-08-09,1,0,26.0,30.0,0,206.0,206.0,206.0,1.0,206.0,0.0,206.0
2016-08-10,2,0,27.0,35.0,0,206.0,206.0,206.0,1.0,206.0,0.0,206.0
2016-08-11,3,0,27.0,36.0,1,206.0,206.0,206.0,1.0,206.0,0.0,206.0
2016-08-12,4,0,27.0,36.0,1,206.0,206.0,206.0,1.0,206.0,0.0,206.0
2016-08-13,5,1,27.0,35.0,1,206.0,206.0,206.0,1.0,206.0,0.0,206.0
2016-08-14,6,1,28.0,35.0,1,206.0,206.0,206.0,1.0,206.0,0.0,206.0
2016-08-15,0,0,27.0,36.0,1,206.0,206.0,206.0,1.0,206.0,0.0,206.0
2016-08-16,1,0,26.0,36.0,1,206.0,206.0,206.0,1.0,206.0,0.0,206.0
2016-08-17,2,0,28.0,37.0,1,206.0,206.0,206.0,1.0,206.0,0.0,206.0
2016-08-18,3,0,28.0,37.0,1,206.0,206.0,206.0,1.0,206.0,0.0,206.0
2016-08-19,4,0,28.0,38.0,1,206.0,206.0,206.0,1.0,206.0,0.0,206.0
2016-08-20,5,1,27.0,37.0,0,206.0,206.0,206.0,1.0,206.0,0.0,206.0
2016-08-21,6,1,27.0,35.0,0,206.0,206.0,206.0,1.0,206.0,0.0,206.0
2016-08-22,0,0,27.0,36.0,1,206.0,206.0,206.0,1.0,206.0,0.0,206.0
2016-08-23,1,0,27.0,35.0,0,206.0,206.0,206.0,1.0,206.0,0.0,206.0
2016-08-24,2,0,27.0,35.0,1,206.0,206.0,206.0,1.0,206.0,0.0,206.0
2016-08-25,3,0,26.0,35.0,1,206.0,206.0,206.0,1.0,206.0,0.0,206.0
2016-08-26,4,0,25.0,34.0,0,206.0,206.0,206.0,1.0,206.0,0.0,206.0
2016-08-27,5,1,23.0,31.0,1,206.0,206.0,206.0,1.0,206.0,0.0,206.0
2016-08-28,6,1,21.0,31.0,1,206.0,206.0,206.0,1.0,206.0,0.0,206.0
2016-08-29,0,0,21.0,32.0,1,206.0,206.0,206.0,1.0,206.0,0.0,206.0
2016-08-30,1,0,21.0,32.0,1,206.0,206.0,206.0,1.0,206.0,0.0,206.0
2016-08-31,2,0,21.0,33.0,1,206.0,206.0,206.0,1.0,206.0,0.0,206.0
2016-09-01,3,0,23.0,33.0,0,206.0,206.0,206.0,1.0,206.0,0.0,206.0
2016-09-02,4,0,22.0,34.0,1,206.0,206.0,206.0,1.0,206.0,0.0,206.0
2016-09-03,5,1,23.0,35.0,1,206.0,206.0,206.0,1.0,206.0,0.0,206.0
2016-09-04,6,1,24.0,32.0,1,206.0,206.0,206.0,1.0,206.0,0.0,206.0
2016-09-05,0,0,24.0,30.0,0,206.0,206.0,206.0,1.0,206.0,0.0,206.0
2016-09-06,1,0,23.0,28.0,0,206.0,206.0,206.0,1.0,206.0,0.0,206.0
2016-09-07,2,0,21.0,27.0,0,206.0,206.0,206.0,1.0,206.0,0.0,206.0
2016-09-08,3,0,22.0,30.0,1,206.0,206.0,206.0,1.0,206.0,0.0,206.0
2016-09-09,4,0,22.0,29.0,1,206.0,206.0,206.0,1.0,206.0,0.0,206.0
2016-09-10,5,1,22.0,28.0,0,206.0,206.0,206.0,1.0,206.0,0.0,206.0
2016-09-11,6,1,21.0,25.0,0,206.0,206.0,206.0,1.0,206.0,0.0,163.0
2016-09-12,0,0,21.0,27.0,1,206.0,202.692307692,163.0,0.940233832066,206.0,11.4581822655,247.0
2016-09-13,1,0,21.0,28.0,0,206.0,205.846153846,163.0,0.997247854946,247.0,16.4777059356,222.0
2016-09-14,2,0,21.0,25.0,0,206.0,207.076923077,163.0,1.01919045315,247.0,17.0314710438,125.0
2016-09-15,3,1,22.0,25.0,0,206.0,200.846153846,125.0,0.977054034049,247.0,27.7373565205,143.0
2016-09-16,4,1,23.0,27.0,0,206.0,196.0,125.0,0.818713450292,247.0,31.6422307878,216.0
2016-09-17,5,1,22.0,27.0,1,206.0,196.769230769,125.0,0.806666666667,247.0,31.9955618224,232.0
2016-09-18,6,0,22.0,26.0,0,206.0,198.769230769,125.0,0.978638847491,247.0,33.2962318176,275.0
2016-09-19,0,0,20.0,27.0,1,206.0,204.076923077,125.0,1.17704517705,275.0,39.0314696277,322.0
2016-09-20,1,0,19.0,26.0,1,206.0,213.0,125.0,1.31243568432,322.0,50.1321331007,288.0
2016-09-21,2,0,19.0,26.0,1,206.0,219.307692308,125.0,1.37433030515,322.0,53.8736193689,308.0
2016-09-22,3,0,20.0,27.0,1,206.0,227.153846154,125.0,1.39249146758,322.0,58.5856981154,298.0
2016-09-23,4,0,20.0,29.0,1,206.0,234.230769231,125.0,1.3282817027,322.0,61.1053992908,319.0
2016-09-24,5,1,21.0,30.0,1,206.0,242.923076923,125.0,1.34057971014,322.0,64.4186565648,306.0
2016-09-25,6,1,21.0,30.0,1,206.0,253.923076923,125.0,1.30921985816,322.0,61.9956096938,372.0
2016-09-26,0,0,24.0,31.0,1,206.0,263.538461538,125.0,1.3659405398,372.0,69.4246856835,407.0
2016-09-27,1,0,23.0,28.0,0,206.0,277.769230769,125.0,1.427537662,407.0,77.895545292,360.0
2016-09-28,2,0,22.0,28.0,0,206.0,295.846153846,125.0,1.45438294069,407.0,66.8268096291,367.0
2016-09-29,3,0,22.0,25.0,0,206.0,313.076923077,125.0,1.40468227425,407.0,52.5480901189,364.0
2016-09-30,4,0,22.0,29.0,0,206.0,324.461538462,125.0,1.31287605295,407.0,45.8938832603,272.0
2016-10-01,5,1,23.0,30.0,0,206.0,327.538461538,125.0,1.19276965156,407.0,40.6308245711,156.0
2016-10-02,6,1,22.0,30.0,1,206.0,318.384615385,125.0,0.943025540275,407.0,60.1517804091,156.0
2016-10-03,0,1,21.0,27.0,0,206.0,305.615384615,125.0,0.706850641491,407.0,74.0442055714,156.0
2016-10-04,1,1,20.0,27.0,1,206.0,295.461538462,125.0,0.573318632856,407.0,84.1277557643,156.0
2016-10-05,2,1,21.0,27.0,1,206.0,283.769230769,125.0,0.570071258907,407.0,91.7866705977,156.0
2016-10-06,3,1,22.0,27.0,0,206.0,272.846153846,125.0,0.568720379147,407.0,97.7019377446,156.0
2016-10-07,4,1,20.0,23.0,0,206.0,260.307692308,125.0,0.575009214891,407.0,101.364828231,316.0
2016-10-08,5,0,17.0,22.0,0,206.0,261.076923077,125.0,0.75983061101,407.0,101.745883711,311.0
2016-10-09,6,0,16.0,22.0,1,206.0,256.384615385,125.0,0.941218896502,407.0,97.8543175114,323.0
2016-10-10,0,0,15.0,21.0,1,206.0,249.923076923,125.0,1.14175830779,407.0,90.1669063788,372.0
2016-10-11,1,0,17.0,23.0,1,206.0,250.846153846,125.0,1.1910258687,407.0,91.3428420452,395.0
2016-10-12,2,0,18.0,25.0,1,206.0,253.0,125.0,1.27084062026,407.0,94.3373651399,311.0
2016-10-13,3,0,18.0,23.0,1,206.0,248.923076923,125.0,1.25399872041,407.0,90.5202582838,380.0
2016-10-14,4,0,19.0,22.0,0,206.0,257.230769231,143.0,1.25,407.0,96.9822774025,343.0
2016-10-15,5,1,20.0,23.0,0,206.0,271.615384615,156.0,1.18259278321,407.0,94.7430033638,374.0
2016-10-16,6,1,20.0,26.0,0,206.0,288.384615385,156.0,1.2542159721,407.0,92.0497678613,408.0
2016-10-17,0,0,20.0,24.0,0,206.0,307.769230769,156.0,1.28600823045,408.0,88.5994910961,459.0
2016-10-18,1,0,20.0,24.0,0,206.0,331.076923077,156.0,1.39493059068,459.0,85.4053335917,396.0
2016-10-19,2,0,20.0,24.0,0,206.0,349.538461538,156.0,1.41275167785,459.0,70.1400964933,397.0
2016-10-20,3,0,21.0,25.0,0,216.0,368.076923077,156.0,1.39273596974,459.0,43.2194072121,444.0
2016-10-21,4,0,21.0,25.0,0,222.0,377.923076923,156.0,1.33765882671,459.0,44.7857490013,362.0
2016-10-22,5,1,20.0,23.0,0,232.0,381.846153846,156.0,1.25882906922,459.0,40.8088341753,320.0
2016-10-23,6,1,17.0,23.0,0,247.0,381.615384615,156.0,1.14868655955,459.0,41.148022593,384.0
2016-10-24,0,0,19.0,24.0,1,272.0,382.538461538,156.0,1.05081571295,459.0,41.0564627811,238.0
2016-10-25,1,0,19.0,23.0,1,272.0,370.461538462,156.0,0.917457998539,459.0,55.9898553787,238.0
2016-10-26,2,0,19.0,24.0,0,272.0,364.846153846,156.0,0.827679129974,459.0,64.6610644394,238.0
2016-10-27,3,0,18.0,24.0,0,272.0,353.923076923,156.0,0.679126836924,459.0,72.6757408879,238.0
2016-10-28,4,0,15.0,19.0,0,272.0,345.846153846,156.0,0.686769585918,459.0,79.0003370527,238.0
2016-10-29,5,1,12.0,15.0,0,272.0,335.384615385,156.0,0.694079906678,459.0,83.4584543918,238.0
2016-10-30,6,1,14.0,18.0,1,272.0,322.307692308,156.0,0.702790491658,459.0,84.3695028891,238.0
2016-10-31,0,0,12.0,17.0,0,272.0,305.307692308,156.0,0.71697544811,459.0,77.0627961873,238.0
