time_stamp,dayofweek,holiday,lt,ht,sunny,m2M,w2A,m1L,d3w3,m1Lar,w2Std,pay_sum
2016-08-01,0,0,28.0,34.0,1,18.0,694.692307692,18.0,0.59007981756,971.0,342.54755641,950.0
2016-08-02,1,0,28.0,34.0,0,18.0,695.153846154,156.0,0.633792809436,971.0,342.887029199,952.0
2016-08-03,2,0,26.0,32.0,0,156.0,694.923076923,156.0,0.995885941268,971.0,342.713035719,887.0
2016-08-04,3,0,27.0,32.0,0,168.0,692.153846154,156.0,1.32506651463,971.0,341.000078086,891.0
2016-08-05,4,0,27.0,33.0,0,171.0,690.307692308,156.0,1.2987012987,971.0,339.851638358,922.0
2016-08-06,5,1,27.0,33.0,1,177.0,747.615384615,156.0,1.21984277582,971.0,309.961669705,149.0
2016-08-07,6,1,27.0,34.0,1,177.0,746.153846154,149.0,0.888345558272,971.0,312.723728197,189.0
2016-08-08,0,0,27.0,34.0,0,180.0,686.769230769,149.0,0.601245436977,971.0,338.522389635,1013.0
2016-08-09,1,0,28.0,34.0,1,181.0,690.0,149.0,0.641500474834,1013.0,341.407719258,901.0
2016-08-10,2,0,28.0,34.0,1,184.0,692.615384615,149.0,1.00243100243,1013.0,342.880678609,1005.0
2016-08-11,3,0,28.0,35.0,1,189.0,700.076923077,149.0,1.38328120557,1013.0,348.495990825,957.0
2016-08-12,4,0,28.0,34.0,1,204.0,708.0,149.0,1.3527049374,1013.0,353.046521232,990.0
2016-08-13,5,1,28.0,35.0,1,233.0,770.0,149.0,1.31876968438,1013.0,325.259659586,191.0
2016-08-14,6,1,28.0,36.0,1,233.0,769.0,149.0,0.953655381596,1013.0,327.013525949,171.0
2016-08-15,0,0,28.0,35.0,1,233.0,709.076923077,149.0,0.636714702835,1013.0,358.238738948,1009.0
2016-08-16,1,0,28.0,35.0,1,843.0,713.461538462,149.0,0.643934056644,1013.0,361.518935643,1044.0
2016-08-17,2,0,28.0,35.0,1,854.0,725.538461538,149.0,1.03170737365,1044.0,369.645488248,991.0
2016-08-18,3,0,28.0,36.0,1,864.0,733.230769231,149.0,1.40399428071,1044.0,374.023272383,1000.0
2016-08-19,4,0,29.0,36.0,1,867.0,739.230769231,149.0,1.38584474886,1044.0,377.611757038,951.0
2016-08-20,5,1,28.0,37.0,0,887.0,800.923076923,149.0,1.2763280623,1044.0,339.759521639,169.0
2016-08-21,6,1,28.0,35.0,0,887.0,799.384615385,149.0,0.921819288634,1044.0,342.56061529,188.0
2016-08-22,0,0,28.0,35.0,1,887.0,735.923076923,149.0,0.598490048044,1044.0,372.241125645,999.0
2016-08-23,1,0,26.0,34.0,1,891.0,743.461538462,149.0,0.61845795991,1044.0,376.476092894,1031.0
2016-08-24,2,0,26.0,34.0,1,901.0,745.461538462,149.0,1.00173881625,1044.0,377.926451002,949.0
2016-08-25,3,0,27.0,35.0,1,903.0,744.846153846,149.0,1.34017140158,1044.0,377.587859598,946.0
2016-08-26,4,0,26.0,34.0,0,908.0,741.461538462,149.0,1.314199735,1044.0,375.566979663,970.0
2016-08-27,5,1,23.0,31.0,1,908.0,801.384615385,149.0,1.21935648621,1044.0,343.757414121,162.0
2016-08-28,6,1,22.0,30.0,1,908.0,800.692307692,149.0,0.885932936838,1044.0,345.032971583,175.0
2016-08-29,0,0,23.0,31.0,1,908.0,736.538461538,149.0,0.588778521071,1044.0,376.442377935,945.0
2016-08-30,1,0,23.0,31.0,1,909.0,728.923076923,149.0,0.575804531878,1044.0,371.109036753,968.0
2016-08-31,2,0,25.0,34.0,1,915.0,727.153846154,149.0,0.94015939484,1044.0,369.908272654,968.0
2016-09-01,3,0,26.0,33.0,1,922.0,724.692307692,149.0,1.29625880183,1044.0,368.186905841,943.0
2016-09-02,4,0,25.0,34.0,1,923.0,724.076923077,149.0,1.29948092981,1044.0,367.814640094,959.0
2016-09-03,5,1,25.0,35.0,1,928.0,784.846153846,149.0,1.23138971125,1044.0,334.871926415,167.0
2016-09-04,6,1,25.0,33.0,1,923.0,783.230769231,149.0,0.887944723402,1044.0,337.785128298,195.0
2016-09-05,0,0,25.0,30.0,0,923.0,721.384615385,162.0,0.598278985507,1044.0,365.115269146,1005.0
2016-09-06,1,0,22.0,27.0,0,923.0,719.384615385,162.0,0.620756987489,1044.0,363.481358841,938.0
2016-09-07,2,0,20.0,24.0,0,928.0,718.538461538,162.0,0.974387020326,1044.0,362.95827592,842.0
2016-09-08,3,0,22.0,29.0,1,928.0,710.538461538,162.0,1.28311448975,1044.0,358.980954152,891.0
2016-09-09,4,0,23.0,31.0,1,928.0,704.461538462,162.0,1.23571593801,1044.0,355.185891825,920.0
2016-09-10,5,1,24.0,29.0,1,928.0,762.769230769,162.0,1.16658971484,1044.0,322.017236482,193.0
2016-09-11,6,1,23.0,26.0,0,923.0,764.153846154,162.0,0.880917842543,1044.0,319.51594306,177.0
2016-09-12,0,0,23.0,29.0,1,922.0,705.076923077,162.0,0.599553820413,1044.0,350.148201928,933.0
2016-09-13,1,0,23.0,30.0,1,923.0,702.384615385,162.0,0.609761804483,1044.0,348.245611483,884.0
2016-09-14,2,0,22.0,24.0,0,923.0,695.923076923,162.0,0.93740450838,1044.0,344.010836488,755.0
2016-09-15,3,1,23.0,26.0,0,923.0,681.461538462,162.0,1.22563736002,1031.0,337.204483816,207.0
2016-09-16,4,1,23.0,27.0,0,922.0,623.615384615,162.0,0.9304201003,1031.0,348.929690617,195.0
2016-09-17,5,1,23.0,27.0,0,920.0,625.769230769,162.0,0.581699346405,1031.0,346.180067383,188.0
2016-09-18,6,0,23.0,28.0,0,915.0,625.230769231,162.0,0.296340942766,1031.0,346.854470446,660.0
2016-09-19,0,0,21.0,27.0,0,908.0,598.692307692,162.0,0.535365978852,1031.0,329.548965573,891.0
2016-09-20,1,0,20.0,26.0,1,901.0,595.076923077,162.0,0.897942323084,1031.0,326.045881986,892.0
2016-09-21,2,0,20.0,27.0,1,901.0,598.923076923,162.0,1.26892611349,1031.0,329.215492097,948.0
2016-09-22,3,0,21.0,27.0,1,908.0,603.307692308,162.0,1.41796469367,1005.0,333.428895572,951.0
2016-09-23,4,0,21.0,27.0,1,908.0,605.692307692,162.0,1.45002078138,1005.0,335.787795768,905.0
2016-09-24,5,1,22.0,28.0,1,905.0,660.461538462,162.0,1.37754851388,1005.0,321.782204266,204.0
2016-09-25,6,1,23.0,29.0,1,905.0,662.538461538,162.0,1.01136558902,1005.0,318.72766658,206.0
2016-09-26,0,0,24.0,31.0,1,901.0,606.615384615,167.0,0.685967657799,1005.0,329.948373225,1017.0
2016-09-27,1,0,25.0,30.0,0,905.0,616.846153846,167.0,0.739819063172,1017.0,340.290565016,1035.0
2016-09-28,2,0,22.0,28.0,0,920.0,638.384615385,167.0,1.15333537644,1035.0,356.813361784,866.0
2016-09-29,3,0,22.0,25.0,0,920.0,689.076923077,167.0,1.49330876897,1035.0,338.255129369,851.0
2016-09-30,4,0,23.0,28.0,0,905.0,739.538461538,167.0,1.41585635643,1035.0,308.397749015,877.0
2016-10-01,5,1,24.0,29.0,0,901.0,792.538461538,167.0,1.2676538142,1035.0,265.243463019,143.0
2016-10-02,6,1,24.0,32.0,1,901.0,752.769230769,143.0,0.916617675877,1035.0,316.03022101,161.0
2016-10-03,0,1,22.0,26.0,1,901.0,696.615384615,143.0,0.613379038122,1035.0,349.556540703,141.0
2016-10-04,1,1,22.0,26.0,1,892.0,638.846153846,141.0,0.245320984592,1035.0,373.714791736,211.0
2016-10-05,2,1,22.0,27.0,1,892.0,582.153846154,141.0,0.296129535025,1035.0,378.388251191,243.0
2016-10-06,3,1,22.0,26.0,0,892.0,527.692307692,141.0,0.342396777442,1035.0,372.282850411,243.0
2016-10-07,4,1,20.0,25.0,0,891.0,476.769230769,141.0,0.399438379323,1035.0,362.332858835,223.0
2016-10-08,5,0,17.0,22.0,0,891.0,478.230769231,141.0,0.405096560393,1035.0,361.266395177,618.0
2016-10-09,6,0,18.0,22.0,1,884.0,509.923076923,141.0,0.621595274958,1035.0,353.992929425,609.0
2016-10-10,0,0,18.0,22.0,1,877.0,478.538461538,141.0,0.852139163141,1035.0,324.502842321,907.0
2016-10-11,1,0,19.0,25.0,1,877.0,468.692307692,141.0,1.2524576694,1035.0,309.042786337,879.0
2016-10-12,2,0,19.0,23.0,1,879.0,469.692307692,141.0,1.41423088279,1035.0,310.345064681,846.0
2016-10-13,3,0,19.0,23.0,1,879.0,469.307692308,141.0,1.56876769483,1035.0,309.875008205,825.0
2016-10-14,4,0,19.0,23.0,0,877.0,465.307692308,141.0,1.53084196308,1035.0,304.881915253,844.0
2016-10-15,5,1,21.0,25.0,1,866.0,519.230769231,141.0,1.42755782603,1035.0,305.099518152,192.0
2016-10-16,6,1,20.0,26.0,1,851.0,521.615384615,141.0,1.05759668116,1035.0,302.399516295,173.0
2016-10-17,0,0,20.0,25.0,1,846.0,524.076923077,141.0,0.740332506659,1035.0,299.406711178,916.0
2016-10-18,1,0,20.0,25.0,1,846.0,578.307692308,141.0,0.79309063893,1035.0,301.627734038,913.0
2016-10-19,2,0,20.0,24.0,0,851.0,629.846153846,141.0,1.23408845739,1035.0,297.138622442,844.0
2016-10-20,3,0,20.0,23.0,0,851.0,676.076923077,141.0,1.64877868246,1035.0,279.589661286,871.0
2016-10-21,4,0,0.0,21.0,0,851.0,725.923076923,141.0,1.62192186632,1035.0,250.634720886,789.0
2016-10-22,5,1,19.0,23.0,0,846.0,739.076923077,141.0,1.4581877475,1035.0,249.108089465,178.0
2016-10-23,6,1,18.0,23.0,1,844.0,705.923076923,141.0,1.06875999419,1035.0,289.60329937,190.0
2016-10-24,0,0,20.0,24.0,1,844.0,650.769230769,141.0,0.669909096173,1035.0,313.357783678,935.0
2016-10-25,1,0,18.0,22.0,1,844.0,655.076923077,141.0,0.709810971292,1035.0,316.83129739,913.0
2016-10-26,2,0,19.0,21.0,0,844.0,660.230769231,141.0,1.0525772131,1035.0,320.419713656,832.0
2016-10-27,3,0,18.0,22.0,0,844.0,660.769230769,141.0,1.323750957,935.0,320.701911401,888.0
2016-10-28,4,0,15.0,20.0,0,844.0,664.153846154,141.0,1.23946711858,935.0,322.842863934,845.0
2016-10-29,5,1,13.0,17.0,1,844.0,714.384615385,141.0,1.18840781152,935.0,295.079269262,177.0
2016-10-30,6,1,14.0,18.0,1,844.0,714.692307692,141.0,0.912325953524,935.0,294.516131102,152.0
2016-10-31,0,0,13.0,17.0,0,842.0,655.923076923,141.0,0.592839468767,935.0,323.30206441,874.0
