time_stamp,dayofweek,holiday,lt,ht,sunny,m2M,w2A,m1L,d3w3,m1Lar,w2Std,pay_sum
2016-08-01,0,0,27.0,37.0,1,200.0,226.076923077,167.0,1.08441158349,332.0,18.6772652357,182.0
2016-08-02,1,0,26.0,36.0,0,200.0,223.230769231,167.0,1.03461508942,332.0,22.0529218233,200.0
2016-08-03,2,0,25.0,31.0,0,200.0,220.846153846,167.0,0.94580070628,332.0,22.7489514681,185.0
2016-08-04,3,0,25.0,29.0,0,199.0,218.153846154,167.0,0.868167202572,332.0,24.6790043243,187.0
2016-08-05,4,0,25.0,31.0,0,199.0,214.153846154,167.0,0.879458794588,263.0,25.184996003,219.0
2016-08-06,5,1,24.0,32.0,0,200.0,214.692307692,167.0,0.911614993059,263.0,25.2080103733,213.0
2016-08-07,6,1,25.0,32.0,0,200.0,210.846153846,167.0,0.952600800246,263.0,21.0085922124,219.0
2016-08-08,0,0,26.0,32.0,0,200.0,212.384615385,167.0,0.999079189687,263.0,20.8161862373,198.0
2016-08-09,1,0,26.0,32.0,0,200.0,212.230769231,167.0,0.971547536433,263.0,20.9143081173,235.0
2016-08-10,2,0,26.0,34.0,0,200.0,213.0,167.0,1.00454510438,263.0,21.5442299968,192.0
2016-08-11,3,0,27.0,35.0,0,200.0,210.307692308,173.0,0.969217647515,263.0,21.8117280216,212.0
2016-08-12,4,0,28.0,38.0,1,200.0,210.307692308,173.0,0.997191011236,263.0,21.8117280216,215.0
2016-08-13,5,1,28.0,37.0,1,201.0,207.0,182.0,0.96530214425,263.0,17.0744974022,259.0
2016-08-14,6,1,28.0,37.0,1,203.0,208.923076923,182.0,1.07078748146,263.0,20.970534414,259.0
2016-08-15,0,0,28.0,37.0,1,205.0,214.846153846,182.0,1.12829985377,263.0,23.2770806848,247.0
2016-08-16,1,0,27.0,37.0,1,205.0,218.461538462,182.0,1.16491548652,263.0,24.3171841254,234.0
2016-08-17,2,0,27.0,36.0,1,205.0,222.230769231,182.0,1.12453460983,263.0,22.5734828987,229.0
2016-08-18,3,0,28.0,37.0,1,207.0,225.461538462,182.0,1.07845371003,263.0,20.1784934431,247.0
2016-08-19,4,0,27.0,37.0,1,212.0,227.615384615,182.0,1.06992163954,263.0,20.8567954672,250.0
2016-08-20,5,1,26.0,36.0,1,212.0,230.461538462,182.0,1.09601449275,263.0,21.1900389683,245.0
2016-08-21,6,1,26.0,34.0,1,212.0,232.461538462,182.0,1.11738573903,263.0,21.2408003059,250.0
2016-08-22,0,0,27.0,33.0,1,213.0,236.461538462,182.0,1.10493140527,263.0,19.1697493448,229.0
2016-08-23,1,0,27.0,34.0,1,215.0,236.0,182.0,1.06690244621,259.0,19.2713418159,275.0
2016-08-24,2,0,27.0,34.0,1,216.0,242.384615385,182.0,1.08943794249,275.0,17.2828882092,210.0
2016-08-25,3,0,24.0,35.0,0,216.0,242.230769231,182.0,1.02652577097,275.0,17.5593667581,202.0
2016-08-26,4,0,21.0,27.0,0,216.0,241.230769231,182.0,0.991341991342,275.0,19.3595686783,237.0
2016-08-27,5,1,18.0,27.0,1,219.0,239.538461538,182.0,0.931668102211,275.0,18.6820167937,225.0
2016-08-28,6,1,18.0,30.0,1,219.0,236.923076923,182.0,0.951971326165,275.0,18.1466739417,240.0
2016-08-29,0,0,19.0,31.0,1,219.0,236.384615385,182.0,0.997442455243,275.0,17.9423798333,213.0
2016-08-30,1,0,20.0,31.0,1,219.0,234.769230769,182.0,0.967880085653,275.0,18.9985985157,216.0
2016-08-31,2,0,21.0,32.0,1,219.0,233.769230769,185.0,0.950149126545,275.0,19.6082943445,249.0
2016-09-01,3,0,21.0,31.0,1,219.0,233.923076923,185.0,0.955400549567,275.0,19.7190323466,152.0
2016-09-02,4,0,22.0,33.0,1,219.0,226.384615385,152.0,0.881176806627,275.0,28.781774312,219.0
2016-09-03,5,1,22.0,33.0,1,219.0,224.384615385,152.0,0.89311437626,275.0,28.3183508362,259.0
2016-09-04,6,1,22.0,31.0,1,219.0,225.076923077,152.0,0.907519446845,275.0,29.0370096428,263.0
2016-09-05,0,0,23.0,32.0,1,220.0,227.692307692,152.0,1.06373815676,275.0,30.7530726805,245.0
2016-09-06,1,0,21.0,31.0,1,220.0,225.384615385,152.0,1.09846043681,275.0,28.1302970028,216.0
2016-09-07,2,0,23.0,32.0,1,220.0,225.846153846,152.0,1.03978170329,275.0,27.9225471448,210.0
2016-09-08,3,0,22.0,32.0,1,219.0,226.461538462,152.0,0.971407889975,275.0,27.4747867203,197.0
2016-09-09,4,0,21.0,31.0,0,219.0,223.384615385,152.0,0.912419449326,275.0,28.3482151427,199.0
2016-09-10,5,1,22.0,32.0,1,219.0,221.384615385,152.0,0.896582334665,275.0,29.0716315902,246.0
2016-09-11,6,1,20.0,31.0,1,219.0,221.846153846,152.0,0.950688582852,275.0,29.4091721795,246.0
2016-09-12,0,0,22.0,33.0,1,220.0,224.384615385,152.0,1.01939957218,275.0,29.9551933639,232.0
2016-09-13,1,0,21.0,32.0,1,225.0,225.615384615,152.0,1.07834375931,275.0,29.9140781407,208.0
2016-09-14,2,0,21.0,31.0,1,220.0,222.461538462,152.0,1.02220235434,275.0,29.4399398636,259.0
2016-09-15,3,1,23.0,31.0,0,225.0,230.692307692,152.0,1.02847053631,275.0,22.7980586737,242.0
2016-09-16,4,1,22.0,30.0,0,225.0,232.461538462,152.0,1.04203409759,275.0,22.7143309037,190.0
2016-09-17,5,1,21.0,32.0,1,225.0,227.153846154,152.0,1.02347626453,275.0,23.9224585624,228.0
2016-09-18,6,0,20.0,31.0,1,225.0,224.461538462,152.0,0.980173758075,275.0,21.5927886275,237.0
2016-09-19,0,0,18.0,29.0,1,227.0,223.846153846,152.0,0.967575153261,275.0,21.1072213448,205.0
2016-09-20,1,0,18.0,27.0,1,225.0,223.0,152.0,0.99215163631,275.0,21.6190798922,223.0
2016-09-21,2,0,17.0,28.0,1,225.0,224.0,152.0,0.990467679476,275.0,21.2928301403,277.0
2016-09-22,3,0,17.0,30.0,1,225.0,230.153846154,152.0,1.02151706151,277.0,23.9898893891,278.0
2016-09-23,4,0,18.0,31.0,1,227.0,236.230769231,152.0,1.113018598,278.0,25.2986890696,311.0
2016-09-24,5,1,22.0,32.0,1,228.0,241.230769231,152.0,1.22524052066,311.0,32.2135992452,304.0
2016-09-25,6,1,23.0,30.0,1,229.0,245.692307692,152.0,1.25254225402,311.0,36.3199131975,225.0
2016-09-26,0,0,23.0,33.0,1,229.0,245.153846154,152.0,1.18318191422,311.0,36.5699459494,167.0
2016-09-27,1,0,22.0,32.0,1,229.0,242.0,152.0,0.990606319385,311.0,41.1227056877,132.0
2016-09-28,2,0,16.0,25.0,0,228.0,232.230769231,132.0,0.758431031987,311.0,50.0417577109,169.0
2016-09-29,3,0,15.0,18.0,0,225.0,226.615384615,132.0,0.681520314548,311.0,52.6578775779,202.0
2016-09-30,4,0,17.0,20.0,0,225.0,227.538461538,132.0,0.732009022775,311.0,52.1102608892,191.0
2016-10-01,5,1,17.0,20.0,0,225.0,224.692307692,132.0,0.827809692149,311.0,53.0099912431,212.0
2016-10-02,6,1,16.0,23.0,0,225.0,222.769230769,132.0,0.897892549718,311.0,52.9820780238,175.0
2016-10-03,0,1,18.0,29.0,1,225.0,220.461538462,132.0,0.868846298384,311.0,54.3416760091,168.0
2016-10-04,1,1,17.0,30.0,1,225.0,216.230769231,132.0,0.841865756542,311.0,56.0921684458,156.0
2016-10-05,2,1,18.0,30.0,1,225.0,206.923076923,132.0,0.775085430258,311.0,55.2692173866,183.0
2016-10-06,3,1,19.0,29.0,1,225.0,199.615384615,132.0,0.798488069927,311.0,51.5431685566,181.0
2016-10-07,4,1,19.0,27.0,1,225.0,189.615384615,132.0,0.820707070707,311.0,40.3609454443,182.0
2016-10-08,5,0,16.0,26.0,1,225.0,180.230769231,132.0,0.87123025371,311.0,23.2152265886,221.0
2016-10-09,6,0,16.0,24.0,1,225.0,179.923076923,132.0,0.935447701426,311.0,22.639181619,230.0
2016-10-10,0,0,16.0,23.0,1,225.0,184.769230769,132.0,1.00788153809,311.0,25.8669787899,222.0
2016-10-11,1,0,16.0,21.0,1,225.0,191.692307692,132.0,1.071826724,311.0,22.6626925394,211.0
2016-10-12,2,0,16.0,19.0,1,225.0,194.923076923,132.0,1.07281553398,311.0,22.186140991,186.0
2016-10-13,3,0,15.0,18.0,0,223.0,193.692307692,132.0,1.02449520026,311.0,22.2032035644,213.0
2016-10-14,4,0,15.0,19.0,1,222.0,195.384615385,132.0,1.03477523325,311.0,22.7648124611,197.0
2016-10-15,5,1,16.0,23.0,1,221.0,194.230769231,132.0,1.0393233935,311.0,22.2681346881,227.0
2016-10-16,6,1,16.0,24.0,1,221.0,198.230769231,132.0,1.11023965142,311.0,23.108952132,208.0
2016-10-17,0,0,16.0,23.0,1,219.0,201.307692308,132.0,1.08984307639,311.0,21.484823321,201.0
2016-10-18,1,0,18.0,25.0,1,216.0,204.769230769,132.0,1.07750952986,311.0,17.0796948547,230.0
2016-10-19,2,0,18.0,24.0,0,216.0,208.384615385,132.0,1.06606606607,311.0,17.0634042123,197.0
2016-10-20,3,0,19.0,23.0,0,216.0,209.615384615,132.0,1.04902697737,311.0,15.5540668021,184.0
2016-10-21,4,0,18.0,24.0,0,213.0,209.769230769,132.0,1.02242302544,311.0,15.287772118,216.0
2016-10-22,5,1,16.0,21.0,0,213.0,209.384615385,132.0,0.997993981946,311.0,15.0616091772,261.0
2016-10-23,6,1,15.0,18.0,1,216.0,211.769230769,132.0,1.08165603011,304.0,19.8345225308,244.0
2016-10-24,0,0,12.0,16.0,0,216.0,213.461538462,132.0,1.15823293173,261.0,21.5035431235,230.0
2016-10-25,1,0,12.0,16.0,0,216.0,214.923076923,132.0,1.16003787879,261.0,21.9280696069,170.0
2016-10-26,2,0,13.0,16.0,0,216.0,213.692307692,132.0,1.01955196707,261.0,23.8791335218,197.0
2016-10-27,3,0,12.0,16.0,0,213.0,212.461538462,156.0,0.941566122546,261.0,24.2918643697,229.0
2016-10-28,4,0,9.0,14.0,0,216.0,214.923076923,156.0,0.929652160349,261.0,24.2216099905,214.0
2016-10-29,5,1,7.0,11.0,0,214.0,213.923076923,156.0,0.999921881103,261.0,23.9694085112,260.0
2016-10-30,6,1,9.0,15.0,0,214.0,217.923076923,156.0,1.09068342254,261.0,26.816933624,239.0
2016-10-31,0,0,9.0,14.0,0,216.0,220.846153846,156.0,1.10183897388,261.0,26.8839275801,217.0
