time_stamp,dayofweek,holiday,lt,ht,sunny,m2M,w2A,m1L,d3w3,m1Lar,w2Std,pay_sum
2016-08-01,0,0,27.0,37.0,1,136.0,102.538461538,5.0,0.518731988473,173.0,52.2738578356,161.0
2016-08-02,1,0,27.0,35.0,0,136.0,102.692307692,5.0,0.637653435358,173.0,52.4424734137,138.0
2016-08-03,2,0,26.0,32.0,0,136.0,102.230769231,5.0,0.977177756348,173.0,52.1021981614,173.0
2016-08-04,3,0,27.0,33.0,0,138.0,104.923076923,5.0,1.49556400507,173.0,54.7195107075,161.0
2016-08-05,4,0,26.0,33.0,0,138.0,109.769230769,5.0,1.47592245153,173.0,56.6475661045,156.0
2016-08-06,5,1,26.0,34.0,0,138.0,118.769230769,5.0,1.45703241154,173.0,53.9175351042,37.0
2016-08-07,6,1,27.0,35.0,1,138.0,118.615384615,5.0,1.0405643739,173.0,54.1472898129,37.0
2016-08-08,0,0,26.0,34.0,0,138.0,112.076923077,5.0,0.698239222829,173.0,58.3154044017,167.0
2016-08-09,1,0,26.0,30.0,0,138.0,114.769230769,5.0,0.728977616455,173.0,59.9578747586,163.0
2016-08-10,2,0,27.0,35.0,0,140.0,117.384615385,5.0,1.10061478483,173.0,61.2492241226,158.0
2016-08-11,3,0,27.0,36.0,1,140.0,116.384615385,5.0,1.45043840095,173.0,60.4668230221,170.0
2016-08-12,4,0,27.0,36.0,1,140.0,120.0,5.0,1.41396688265,173.0,62.1363265483,127.0
2016-08-13,5,1,27.0,35.0,1,138.0,127.153846154,5.0,1.26231100014,173.0,56.9613177163,23.0
2016-08-14,6,1,28.0,35.0,1,138.0,128.538461538,5.0,0.893729925988,173.0,54.1232431012,23.0
2016-08-15,0,0,27.0,36.0,1,133.0,117.923076923,5.0,0.504079254079,173.0,59.9364555027,157.0
2016-08-16,1,0,26.0,36.0,1,138.0,119.384615385,5.0,0.585098717394,173.0,60.6357833697,157.0
2016-08-17,2,0,28.0,37.0,1,138.0,118.153846154,5.0,0.959703830272,173.0,59.6900277122,160.0
2016-08-18,3,0,28.0,37.0,1,140.0,118.076923077,5.0,1.35622317597,173.0,59.6353812617,165.0
2016-08-19,4,0,28.0,38.0,1,140.0,118.769230769,5.0,1.35469364812,173.0,60.1218683447,138.0
2016-08-20,5,1,27.0,37.0,0,138.0,126.538461538,5.0,1.24663435649,173.0,55.3931617338,26.0
2016-08-21,6,1,27.0,35.0,0,138.0,125.692307692,5.0,0.878387398211,173.0,56.8200731261,26.0
2016-08-22,0,0,27.0,36.0,1,138.0,114.846153846,5.0,0.536268698843,173.0,61.1892979002,178.0
2016-08-23,1,0,27.0,35.0,0,138.0,116.0,5.0,0.638356924785,178.0,62.2192154341,172.0
2016-08-24,2,0,27.0,35.0,1,141.0,117.076923077,5.0,1.04400944051,178.0,63.0524342707,177.0
2016-08-25,3,0,26.0,35.0,1,142.0,117.615384615,5.0,1.45359260792,178.0,63.530172676,180.0
2016-08-26,4,0,25.0,34.0,0,142.0,121.692307692,5.0,1.44476307524,180.0,65.6662711869,145.0
2016-08-27,5,1,23.0,31.0,1,142.0,131.076923077,5.0,1.31293317641,180.0,59.3003587205,36.0
2016-08-28,6,1,21.0,31.0,1,141.0,132.076923077,5.0,0.944531658817,180.0,57.553268354,36.0
2016-08-29,0,0,21.0,32.0,1,141.0,122.769230769,5.0,0.598538132671,180.0,62.3540188652,36.0
2016-08-30,1,0,21.0,32.0,1,138.0,113.461538462,23.0,0.314410480349,180.0,65.5011630955,36.0
2016-08-31,2,0,21.0,33.0,1,138.0,103.923076923,23.0,0.332103321033,180.0,67.0401275224,36.0
2016-09-01,3,0,23.0,33.0,0,138.0,94.0,23.0,0.353982300885,180.0,66.812021028,36.0
2016-09-02,4,0,22.0,34.0,1,138.0,86.1538461538,23.0,0.370560988163,180.0,67.1723914828,36.0
2016-09-03,5,1,23.0,35.0,1,138.0,86.9230769231,23.0,0.368098159509,180.0,66.5333479582,36.0
2016-09-04,6,1,24.0,32.0,1,133.0,87.6923076923,23.0,0.365667851701,180.0,65.8791254617,36.0
2016-09-05,0,0,24.0,30.0,0,132.0,76.7692307692,23.0,0.38961038961,180.0,61.635596416,36.0
2016-09-06,1,0,23.0,28.0,0,129.0,66.3076923077,23.0,0.416907932831,180.0,55.8547355136,36.0
2016-09-07,2,0,21.0,27.0,0,129.0,55.4615384615,23.0,0.44915782907,180.0,46.1546153782,36.0
2016-09-08,3,0,22.0,30.0,1,129.0,44.3846153846,23.0,0.488466757123,180.0,29.0451596962,198.0
2016-09-09,4,0,22.0,29.0,1,129.0,48.4615384615,23.0,1.17340286832,198.0,43.1680355117,166.0
2016-09-10,5,1,22.0,28.0,0,129.0,58.4615384615,23.0,1.5929908403,198.0,53.0494912389,125.0
2016-09-11,6,1,21.0,25.0,0,127.0,65.3076923077,23.0,1.83869148336,198.0,55.3997842475,90.0
2016-09-12,0,0,21.0,27.0,1,125.0,69.4615384615,23.0,1.50741839763,198.0,55.0700468419,159.0
2016-09-13,1,0,21.0,28.0,0,125.0,78.9230769231,26.0,1.49122807018,198.0,58.9386402423,144.0
2016-09-14,2,0,21.0,25.0,0,127.0,87.2307692308,26.0,1.5985356925,198.0,59.906534697,149.0
2016-09-15,3,1,22.0,25.0,0,129.0,95.9230769231,26.0,1.87396351575,198.0,60.040321757,149.0
2016-09-16,4,1,23.0,27.0,0,132.0,104.615384615,26.0,1.82795698925,198.0,58.9047973253,149.0
2016-09-17,5,1,22.0,27.0,1,132.0,113.307692308,26.0,1.72753623188,198.0,56.4233784272,24.0
2016-09-18,6,0,22.0,26.0,0,129.0,112.384615385,24.0,1.25316209379,198.0,57.7628286937,196.0
2016-09-19,0,0,20.0,27.0,1,129.0,124.692307692,24.0,1.31340096103,198.0,57.2193950649,189.0
2016-09-20,1,0,19.0,26.0,1,132.0,136.461538462,24.0,1.34583744653,198.0,53.3718672431,184.0
2016-09-21,2,0,19.0,26.0,1,138.0,147.846153846,24.0,1.74486353879,198.0,46.0047592084,181.0
2016-09-22,3,0,20.0,27.0,1,138.0,146.538461538,24.0,1.59264050597,198.0,44.7860132435,170.0
2016-09-23,4,0,20.0,29.0,1,144.0,146.846153846,24.0,1.45400190243,198.0,44.9321645181,154.0
2016-09-24,5,1,21.0,30.0,1,145.0,149.076923077,24.0,1.30947750551,198.0,44.5100879464,55.0
2016-09-25,6,1,21.0,30.0,1,145.0,146.384615385,24.0,0.975546975547,198.0,48.8491216542,17.0
2016-09-26,0,0,24.0,31.0,1,144.0,135.461538462,17.0,0.586023596525,198.0,59.5180843682,155.0
2016-09-27,1,0,23.0,28.0,0,145.0,136.307692308,17.0,0.562577447336,198.0,59.711337173,165.0
2016-09-28,2,0,22.0,28.0,0,149.0,137.538461538,17.0,0.79697292184,198.0,60.1237382847,140.0
2016-09-29,3,0,22.0,25.0,0,149.0,136.846153846,17.0,1.11070868043,198.0,60.0395333271,152.0
2016-09-30,4,0,22.0,29.0,0,149.0,137.076923077,17.0,1.10908870283,198.0,60.0915475158,141.0
2016-10-01,5,1,23.0,30.0,0,149.0,146.076923077,17.0,1.04475811316,198.0,50.4738493426,18.0
2016-10-02,6,1,22.0,30.0,1,145.0,132.384615385,17.0,0.770469466122,198.0,58.5682224964,18.0
2016-10-03,0,1,21.0,27.0,0,144.0,119.230769231,17.0,0.462745098039,198.0,63.3806010678,18.0
2016-10-04,1,1,20.0,27.0,1,141.0,106.461538462,17.0,0.148514851485,198.0,65.7239160131,18.0
2016-10-05,2,1,21.0,27.0,1,141.0,93.9230769231,17.0,0.15699956389,198.0,65.855858379,18.0
2016-10-06,3,1,22.0,27.0,0,141.0,82.2307692308,17.0,0.166512488437,198.0,64.7957190492,23.0
2016-10-07,4,1,20.0,23.0,0,140.0,72.1538461538,17.0,0.193189259987,198.0,63.0126314002,18.0
2016-10-08,5,0,17.0,22.0,0,138.0,69.3076923077,17.0,0.193760262726,196.0,64.5402493564,151.0
2016-10-09,6,0,16.0,22.0,1,138.0,79.6153846154,17.0,0.64483627204,196.0,66.0460660466,165.0
2016-10-10,0,0,15.0,21.0,1,138.0,80.3846153846,17.0,1.13547509774,196.0,66.9713353855,146.0
2016-10-11,1,0,17.0,23.0,1,140.0,78.9230769231,17.0,1.60166406656,196.0,65.295142402,190.0
2016-10-12,2,0,18.0,25.0,1,141.0,82.7692307692,17.0,1.72877846791,196.0,70.0770497339,159.0
2016-10-13,3,0,18.0,23.0,1,144.0,83.3076923077,17.0,1.71785528371,196.0,70.6316388198,181.0
2016-10-14,4,0,19.0,22.0,0,144.0,86.3846153846,17.0,1.81382614648,196.0,73.8746739798,129.0
2016-10-15,5,1,20.0,23.0,0,141.0,94.9230769231,17.0,1.54632377184,196.0,71.8646821768,33.0
2016-10-16,6,1,20.0,26.0,0,140.0,96.0769230769,17.0,1.12201504743,196.0,70.731846313,10.0
2016-10-17,0,0,20.0,24.0,0,138.0,95.4615384615,10.0,0.605740447262,196.0,71.4397167974,183.0
2016-10-18,1,0,20.0,24.0,0,140.0,108.153846154,10.0,0.788417931275,190.0,71.207007168,162.0
2016-10-19,2,0,20.0,24.0,0,141.0,119.230769231,10.0,1.22434902569,190.0,67.4207841113,168.0
2016-10-20,3,0,21.0,25.0,0,144.0,130.384615385,10.0,1.7547460236,190.0,62.3840937093,172.0
2016-10-21,4,0,21.0,25.0,0,144.0,142.230769231,10.0,1.69023569024,190.0,53.9731469503,167.0
2016-10-22,5,1,20.0,23.0,0,144.0,143.461538462,10.0,1.58759981212,190.0,54.3402604459,26.0
2016-10-23,6,1,17.0,23.0,0,141.0,132.769230769,10.0,1.13866791452,190.0,62.1625089165,17.0
2016-10-24,0,0,19.0,24.0,1,140.0,122.846153846,10.0,0.65543071161,190.0,69.1607338061,189.0
2016-10-25,1,0,19.0,23.0,1,140.0,122.769230769,10.0,0.670423349227,190.0,69.0865163803,187.0
2016-10-26,2,0,19.0,24.0,0,141.0,124.923076923,10.0,1.05815831987,190.0,70.6023115098,179.0
2016-10-27,3,0,18.0,24.0,0,144.0,124.769230769,10.0,1.40577507599,190.0,70.4820259097,175.0
2016-10-28,4,0,15.0,19.0,0,146.0,128.307692308,10.0,1.29317557069,190.0,71.7489046986,151.0
2016-10-29,5,1,12.0,15.0,0,149.0,137.384615385,10.0,1.20712322218,190.0,66.3806487807,151.0
2016-10-30,6,1,14.0,18.0,1,149.0,148.230769231,10.0,1.14594594595,190.0,55.2701809243,151.0
2016-10-31,0,0,12.0,17.0,0,149.0,145.769230769,10.0,1.08633093525,190.0,54.3721561182,190.0
