time_stamp,dayofweek,holiday,lt,ht,sunny,m2M,w2A,m1L,d3w3,m1Lar,w2Std,pay_sum
2016-08-01,0,0,24.0,30.0,1,165.0,208.076923077,128.0,1.24566302784,330.0,56.7361796638,188.0
2016-08-02,1,0,24.0,33.0,1,165.0,210.153846154,128.0,1.23170116103,330.0,55.4545498638,208.0
2016-08-03,2,0,25.0,34.0,1,165.0,214.923076923,128.0,1.10945520782,330.0,52.3089366368,192.0
2016-08-04,3,0,25.0,33.0,1,165.0,215.692307692,128.0,0.958435207824,330.0,51.8909872349,180.0
2016-08-05,4,0,25.0,32.0,1,168.0,213.384615385,128.0,0.939651680842,330.0,52.7527446775,226.0
2016-08-06,5,1,24.0,33.0,1,169.0,205.384615385,128.0,0.971646762531,330.0,41.0488235783,316.0
2016-08-07,6,1,23.0,31.0,1,169.0,209.692307692,128.0,1.15151515152,330.0,48.766925449,336.0
2016-08-08,0,0,24.0,32.0,1,169.0,222.615384615,128.0,1.3452846089,336.0,57.4865047194,221.0
2016-08-09,1,0,25.0,33.0,1,169.0,226.307692308,128.0,1.31942870097,336.0,55.6947513276,202.0
2016-08-10,2,0,26.0,33.0,1,169.0,231.923076923,128.0,1.13275128722,336.0,48.8615965898,182.0
2016-08-11,3,0,27.0,34.0,1,173.0,229.769230769,128.0,0.902917692709,336.0,50.374220889,219.0
2016-08-12,4,0,25.0,29.0,0,180.0,231.846153846,128.0,0.898123324397,336.0,49.3197513155,232.0
2016-08-13,5,1,24.0,31.0,0,182.0,228.923076923,129.0,0.963910461398,336.0,48.0823996881,341.0
2016-08-14,6,1,24.0,33.0,1,182.0,234.076923077,129.0,1.18412200045,341.0,55.6354363257,370.0
2016-08-15,0,0,21.0,29.0,0,188.0,248.076923077,129.0,1.34878066223,370.0,64.4759484536,187.0
2016-08-16,1,0,23.0,31.0,1,188.0,246.461538462,129.0,1.28057040998,370.0,65.7110403844,199.0
2016-08-17,2,0,23.0,28.0,0,188.0,247.0,129.0,1.06217070601,370.0,65.2898861292,173.0
2016-08-18,3,0,22.0,24.0,0,187.0,246.461538462,129.0,0.791560464458,370.0,65.8665496809,176.0
2016-08-19,4,0,22.0,32.0,1,187.0,242.615384615,129.0,0.778630292697,370.0,68.3616384346,334.0
2016-08-20,5,1,23.0,31.0,1,188.0,244.0,129.0,0.957387160078,370.0,69.9967032191,400.0
2016-08-21,6,1,23.0,34.0,1,192.0,248.923076923,129.0,1.24266011198,400.0,78.0783251106,394.0
2016-08-22,0,0,23.0,32.0,1,192.0,262.230769231,129.0,1.47798742138,400.0,86.476456419,200.0
2016-08-23,1,0,24.0,30.0,0,192.0,262.076923077,129.0,1.30446194226,400.0,86.5851839684,200.0
2016-08-24,2,0,24.0,31.0,0,192.0,263.461538462,129.0,1.04035639413,400.0,85.429787081,167.0
2016-08-25,3,0,18.0,30.0,1,192.0,259.461538462,129.0,0.744827586207,400.0,88.5773155407,211.0
2016-08-26,4,0,17.0,29.0,1,192.0,257.846153846,167.0,0.761528326746,400.0,89.2523183529,213.0
2016-08-27,5,1,20.0,32.0,1,199.0,248.0,167.0,0.79483558604,400.0,86.5554513237,310.0
2016-08-28,6,1,18.0,31.0,1,200.0,243.384615385,167.0,0.992361251943,400.0,81.3714545124,361.0
2016-08-29,0,0,19.0,31.0,1,200.0,256.769230769,167.0,1.16216393874,400.0,85.2157026394,201.0
2016-08-30,1,0,19.0,31.0,1,201.0,256.923076923,167.0,1.14661406969,400.0,85.1130122371,184.0
2016-08-31,2,0,19.0,33.0,1,200.0,257.769230769,167.0,0.98054679285,400.0,84.3255174868,177.0
2016-09-01,3,0,19.0,27.0,1,200.0,257.846153846,167.0,0.744864148443,400.0,84.2513146703,184.0
2016-09-02,4,0,19.0,28.0,1,200.0,246.307692308,167.0,0.729292118293,400.0,83.2977833442,189.0
2016-09-03,5,1,20.0,30.0,1,200.0,230.076923077,167.0,0.759144237405,400.0,71.4890648319,322.0
2016-09-04,6,1,18.0,29.0,0,200.0,224.538461538,167.0,0.968911194758,400.0,60.5228696567,342.0
2016-09-05,0,0,20.0,31.0,1,201.0,235.461538462,167.0,1.1518466005,400.0,67.5182202015,170.0
2016-09-06,1,0,21.0,30.0,1,201.0,233.153846154,167.0,1.13284433578,400.0,69.1829749553,161.0
2016-09-07,2,0,19.0,31.0,1,200.0,232.692307692,161.0,0.916394335512,400.0,69.6412616589,163.0
2016-09-08,3,0,18.0,31.0,1,200.0,229.0,161.0,0.674448767834,400.0,71.9283831856,226.0
2016-09-09,4,0,19.0,31.0,1,200.0,230.0,161.0,0.767888307155,400.0,71.7892213894,177.0
2016-09-10,5,1,18.0,30.0,1,200.0,219.769230769,161.0,0.828939660223,400.0,69.0854029402,308.0
2016-09-11,6,1,18.0,25.0,0,201.0,215.692307692,161.0,1.06135244066,400.0,61.8116053522,299.0
2016-09-12,0,0,18.0,27.0,1,202.0,223.230769231,161.0,1.14494341,400.0,65.4301199121,171.0
2016-09-13,1,0,19.0,27.0,1,202.0,222.230769231,161.0,1.14344503233,400.0,66.1177898162,200.0
2016-09-14,2,0,20.0,30.0,1,201.0,224.0,161.0,0.97760268476,400.0,65.1849439907,207.0
2016-09-15,3,1,21.0,30.0,1,201.0,225.769230769,161.0,0.844103687477,400.0,64.3824556204,373.0
2016-09-16,4,1,20.0,30.0,0,202.0,239.923076923,161.0,1.10052910053,400.0,74.2174160967,208.0
2016-09-17,5,1,17.0,24.0,1,207.0,231.153846154,161.0,1.13634724926,400.0,70.6506531668,303.0
2016-09-18,6,0,15.0,22.0,0,208.0,228.153846154,161.0,1.29098211026,400.0,66.5915750664,148.0
2016-09-19,0,0,13.0,25.0,1,208.0,226.461538462,148.0,0.973699763593,394.0,68.3054400183,178.0
2016-09-20,1,0,14.0,26.0,1,207.0,227.769230769,148.0,0.930611037136,373.0,67.1933534329,152.0
2016-09-21,2,0,16.0,23.0,0,202.0,226.923076923,148.0,0.711150784795,373.0,68.0672309485,164.0
2016-09-22,3,0,17.0,26.0,0,201.0,222.153846154,148.0,0.73825001868,373.0,70.1063435666,161.0
2016-09-23,4,0,19.0,27.0,1,201.0,220.923076923,148.0,0.71734716896,373.0,71.0227065949,155.0
2016-09-24,5,1,20.0,29.0,1,201.0,209.153846154,148.0,0.750117205813,373.0,68.2403514215,253.0
2016-09-25,6,1,19.0,27.0,1,202.0,205.615384615,148.0,0.908147793472,373.0,64.5845164363,291.0
2016-09-26,0,0,19.0,24.0,0,202.0,214.846153846,148.0,1.08422522103,373.0,67.4877152968,168.0
2016-09-27,1,0,12.0,23.0,1,202.0,212.384615385,148.0,1.10259388308,373.0,68.5593941962,172.0
2016-09-28,2,0,10.0,20.0,1,201.0,209.692307692,148.0,0.975119765106,373.0,69.4000494517,176.0
2016-09-29,3,0,12.0,22.0,1,200.0,194.538461538,148.0,0.806754221388,373.0,51.2108993576,166.0
2016-09-30,4,0,14.0,24.0,1,200.0,191.307692308,148.0,0.805705776315,373.0,51.5832182242,241.0
2016-10-01,5,1,15.0,26.0,1,200.0,186.538461538,148.0,0.928491798057,373.0,43.2250201488,314.0
2016-10-02,6,1,16.0,26.0,1,201.0,199.307692308,148.0,1.14417202253,373.0,53.2994221579,267.0
2016-10-03,0,1,16.0,28.0,1,202.0,206.153846154,148.0,1.27530835467,373.0,55.7809536751,236.0
2016-10-04,1,1,11.0,19.0,0,202.0,212.615384615,148.0,1.25701977075,373.0,53.9694193489,196.0
2016-10-05,2,1,13.0,21.0,1,201.0,215.076923077,148.0,1.07820453494,373.0,52.4029675297,189.0
2016-10-06,3,1,14.0,17.0,0,200.0,217.230769231,148.0,1.00048332528,373.0,50.6832605444,239.0
2016-10-07,4,1,12.0,16.0,0,200.0,223.692307692,148.0,0.997841208923,373.0,47.5982944352,264.0
2016-10-08,5,0,5.0,19.0,1,200.0,224.538461538,148.0,1.11702986279,373.0,48.2056737558,191.0
2016-10-09,6,0,8.0,18.0,1,200.0,216.846153846,148.0,1.10871475357,373.0,44.8481989242,188.0
2016-10-10,0,0,10.0,20.0,1,200.0,218.384615385,148.0,1.02478285122,373.0,43.4680049648,161.0
2016-10-11,1,0,10.0,20.0,1,200.0,217.538461538,148.0,0.858778625954,373.0,44.4584774033,147.0
2016-10-12,2,0,10.0,19.0,1,199.0,215.307692308,147.0,0.792015968064,373.0,47.1338268459,166.0
2016-10-13,3,0,12.0,22.0,1,196.0,215.307692308,147.0,0.755980861244,373.0,47.1338268459,177.0
2016-10-14,4,0,13.0,23.0,1,196.0,210.384615385,147.0,0.77740758369,373.0,47.5338558884,157.0
2016-10-15,5,1,11.0,17.0,0,191.0,198.307692308,147.0,0.811820100666,314.0,38.8198692491,282.0
2016-10-16,6,1,12.0,20.0,1,196.0,199.461538462,147.0,1.00235945,314.0,41.0058445827,334.0
2016-10-17,0,0,9.0,21.0,1,200.0,207.0,147.0,1.20885135663,334.0,53.9843282102,47.0
2016-10-18,1,0,12.0,20.0,1,196.0,195.538461538,47.0,1.06814886419,334.0,68.8684536295,164.0
2016-10-19,2,0,14.0,22.0,1,191.0,193.615384615,47.0,0.880594603328,334.0,69.3713956364,146.0
2016-10-20,3,0,11.0,15.0,0,189.0,186.461538462,47.0,0.579639551875,334.0,69.1170861483,137.0
2016-10-21,4,0,11.0,11.0,0,189.0,176.692307692,47.0,0.744627686157,334.0,66.3885817516,127.0
2016-10-22,5,1,7.0,15.0,1,188.0,171.769230769,47.0,0.716470074268,334.0,67.5085793364,313.0
2016-10-23,6,1,0.0,5.0,1,189.0,181.384615385,47.0,0.996287662954,334.0,77.324031951,311.0
2016-10-24,0,0,6.0,13.0,1,189.0,192.923076923,47.0,1.27201897019,334.0,84.2984273404,141.0
2016-10-25,1,0,10.0,17.0,1,188.0,192.461538462,47.0,1.31409430559,334.0,84.5646001447,160.0
2016-10-26,2,0,0.0,10.0,1,184.0,192.0,47.0,1.05919003115,334.0,84.7239862504,178.0
2016-10-27,3,0,7.0,11.0,0,184.0,192.076923077,47.0,0.842345906973,334.0,84.7107853804,114.0
2016-10-28,4,0,2.0,13.0,1,178.0,188.769230769,47.0,0.827611462053,334.0,86.8288802062,196.0
2016-10-29,5,1,2.0,12.0,1,178.0,182.153846154,47.0,0.892302066191,334.0,82.6492553402,331.0
2016-10-30,6,1,2.0,13.0,1,184.0,181.923076923,47.0,1.12782616346,334.0,82.2280707624,292.0
2016-10-31,0,0,-4.0,6.0,1,188.0,200.769230769,47.0,1.39285714286,334.0,77.058572973,176.0
