time_stamp,dayofweek,holiday,lt,ht,sunny,m2M,w2A,m1L,d3w3,m1Lar,w2Std,pay_sum
2016-08-01,0,0,24.0,30.0,1,350.0,422.846153846,222.0,1.05338078292,617.0,91.9747842984,284.0
2016-08-02,1,0,24.0,33.0,1,350.0,415.846153846,222.0,0.991807842202,617.0,98.5758951295,262.0
2016-08-03,2,0,25.0,34.0,1,350.0,417.0,222.0,0.784835652349,617.0,96.6619804346,289.0
2016-08-04,3,0,25.0,33.0,1,350.0,405.769230769,222.0,0.676633847899,617.0,102.238901106,285.0
2016-08-05,4,0,25.0,32.0,1,350.0,389.615384615,247.0,0.68874608667,617.0,103.447153704,312.0
2016-08-06,5,1,24.0,33.0,1,350.0,371.538461538,247.0,0.747111898136,617.0,94.5122013976,413.0
2016-08-07,6,1,23.0,31.0,1,354.0,358.307692308,247.0,0.874231801264,617.0,73.3803417559,455.0
2016-08-08,0,0,24.0,32.0,1,360.0,362.076923077,247.0,1.00893506049,617.0,76.9069983196,240.0
2016-08-09,1,0,25.0,33.0,1,360.0,353.615384615,240.0,0.964065083094,617.0,83.5358407295,301.0
2016-08-10,2,0,26.0,33.0,1,360.0,350.692307692,240.0,0.860549507517,617.0,84.6534879243,313.0
2016-08-11,3,0,27.0,34.0,1,360.0,345.076923077,240.0,0.749714687034,617.0,84.5462654759,284.0
2016-08-12,4,0,25.0,29.0,0,360.0,338.538461538,240.0,0.810871822656,617.0,85.7219255541,337.0
2016-08-13,5,1,24.0,31.0,0,360.0,323.230769231,240.0,0.868070077606,617.0,64.1466515058,421.0
2016-08-14,6,1,24.0,33.0,1,369.0,322.769230769,240.0,0.991106672374,617.0,63.4157877045,434.0
2016-08-15,0,0,21.0,29.0,0,375.0,334.307692308,240.0,1.12926910142,617.0,68.7351490146,327.0
2016-08-16,1,0,23.0,31.0,1,375.0,339.307692308,240.0,1.12346735101,585.0,65.5853930916,293.0
2016-08-17,2,0,23.0,28.0,0,369.0,339.615384615,240.0,1.00841944126,585.0,65.3576414949,256.0
2016-08-18,3,0,22.0,24.0,0,360.0,337.384615385,240.0,0.854050892074,585.0,67.6387900332,280.0
2016-08-19,4,0,22.0,32.0,1,360.0,334.923076923,240.0,0.818886748654,585.0,69.0846320865,346.0
2016-08-20,5,1,23.0,31.0,1,360.0,329.769230769,240.0,0.896478121665,585.0,65.4724297186,457.0
2016-08-21,6,1,23.0,34.0,1,369.0,329.923076923,240.0,1.09576567006,585.0,65.7681961232,489.0
2016-08-22,0,0,23.0,32.0,1,369.0,349.076923077,240.0,1.26778530076,585.0,72.6852662442,189.0
2016-08-23,1,0,24.0,30.0,0,360.0,340.461538462,189.0,1.12582453008,536.0,83.6794390559,306.0
2016-08-24,2,0,24.0,31.0,0,354.0,339.923076923,189.0,0.973582665479,536.0,83.8767057958,284.0
2016-08-25,3,0,18.0,30.0,1,350.0,339.923076923,189.0,0.770867349463,536.0,83.8767057958,268.0
2016-08-26,4,0,17.0,29.0,1,350.0,334.615384615,189.0,0.854624234275,536.0,86.0487683383,270.0
2016-08-27,5,1,20.0,32.0,1,350.0,323.0,189.0,0.836641221374,536.0,83.7652397156,444.0
2016-08-28,6,1,18.0,31.0,1,354.0,323.769230769,189.0,1.00117245246,536.0,84.8203112886,515.0
2016-08-29,0,0,19.0,31.0,1,360.0,338.230769231,189.0,1.20242637707,515.0,98.9826354982,282.0
2016-08-30,1,0,19.0,31.0,1,350.0,337.384615385,189.0,1.21756193279,515.0,99.4117609986,256.0
2016-08-31,2,0,19.0,33.0,1,346.0,337.384615385,189.0,1.04185218166,515.0,99.4117609986,314.0
2016-09-01,3,0,19.0,27.0,1,339.0,340.0,189.0,0.839243498818,515.0,98.3087757253,314.0
2016-09-02,4,0,19.0,28.0,1,339.0,337.538461538,189.0,0.873733629849,515.0,98.5281025,317.0
2016-09-03,5,1,20.0,30.0,1,337.0,326.769230769,189.0,0.948652311399,515.0,92.3389690602,523.0
2016-09-04,6,1,18.0,29.0,0,339.0,329.384615385,189.0,1.1431401684,523.0,97.2479293523,493.0
2016-09-05,0,0,20.0,31.0,1,346.0,352.769230769,189.0,1.28866976025,523.0,97.2294303705,297.0
2016-09-06,1,0,21.0,30.0,1,346.0,352.076923077,189.0,1.26859903382,523.0,97.5913469828,316.0
2016-09-07,2,0,19.0,31.0,1,339.0,354.538461538,189.0,1.05938697318,523.0,96.2373791003,220.0
2016-09-08,3,0,18.0,31.0,1,337.0,350.846153846,189.0,0.804830917874,523.0,100.320905218,308.0
2016-09-09,4,0,19.0,31.0,1,332.0,353.769230769,189.0,0.819974740115,523.0,98.4590143907,305.0
2016-09-10,5,1,18.0,30.0,1,327.0,343.076923077,189.0,0.827620466965,523.0,95.5852109083,447.0
2016-09-11,6,1,18.0,25.0,0,327.0,337.846153846,189.0,1.05978804239,523.0,87.5573185043,492.0
2016-09-12,0,0,18.0,27.0,1,337.0,354.0,189.0,1.18969062306,523.0,94.8334572574,315.0
2016-09-13,1,0,19.0,27.0,1,327.0,358.538461538,189.0,1.19770773639,523.0,91.3839031311,277.0
2016-09-14,2,0,20.0,30.0,1,317.0,355.692307692,189.0,1.03637841197,523.0,93.2831789729,353.0
2016-09-15,3,1,21.0,30.0,1,317.0,358.692307692,189.0,0.892604137149,523.0,92.5180935446,495.0
2016-09-16,4,1,20.0,30.0,0,317.0,372.384615385,189.0,1.02979541398,523.0,98.3240626794,372.0
2016-09-17,5,1,17.0,24.0,1,317.0,360.769230769,189.0,1.12790643924,523.0,88.2480366713,416.0
2016-09-18,6,0,15.0,22.0,0,327.0,354.846153846,189.0,1.20266216723,523.0,81.5002087339,317.0
2016-09-19,0,0,13.0,25.0,1,317.0,356.384615385,189.0,1.03073550674,523.0,80.5772810714,304.0
2016-09-20,1,0,14.0,26.0,1,317.0,355.461538462,189.0,0.960852443827,523.0,81.1016602169,271.0
2016-09-21,2,0,16.0,23.0,0,316.0,359.384615385,220.0,0.831469052946,523.0,75.4937984835,284.0
2016-09-22,3,0,17.0,26.0,0,315.0,357.538461538,220.0,0.804081250585,523.0,77.006109033,233.0
2016-09-23,4,0,19.0,27.0,1,314.0,352.0,220.0,0.746424173534,523.0,82.9457654133,294.0
2016-09-24,5,1,20.0,29.0,1,314.0,340.230769231,220.0,0.794047094532,523.0,79.4104758117,473.0
2016-09-25,6,1,19.0,27.0,1,314.0,338.769230769,220.0,0.981980654981,523.0,76.7334585995,495.0
2016-09-26,0,0,19.0,24.0,0,314.0,352.615384615,220.0,1.20414102381,523.0,86.7778228152,299.0
2016-09-27,1,0,12.0,23.0,1,313.0,354.307692308,220.0,1.2118603539,523.0,85.4916861593,313.0
2016-09-28,2,0,10.0,20.0,1,313.0,351.230769231,220.0,1.04488177828,523.0,86.2002622218,300.0
2016-09-29,3,0,12.0,22.0,1,312.0,336.230769231,220.0,0.861800141743,523.0,76.2719364119,287.0
2016-09-30,4,0,14.0,24.0,1,312.0,329.692307692,220.0,0.852636066506,523.0,76.5681040396,370.0
2016-10-01,5,1,15.0,26.0,1,313.0,326.153846154,220.0,0.916666666667,523.0,73.4991848765,460.0
2016-10-02,6,1,16.0,26.0,1,313.0,337.153846154,220.0,1.07486528099,523.0,81.5643645358,376.0
2016-10-03,0,1,16.0,28.0,1,314.0,342.692307692,220.0,1.15037916726,495.0,81.569587673,339.0
2016-10-04,1,1,11.0,19.0,0,314.0,347.923076923,220.0,1.11095352905,495.0,78.9424927385,296.0
2016-10-05,2,1,13.0,21.0,1,314.0,348.846153846,220.0,0.963683156992,495.0,78.2568219232,301.0
2016-10-06,3,1,14.0,17.0,0,313.0,354.076923077,220.0,0.917647058824,495.0,72.3915226002,327.0
2016-10-07,4,1,12.0,16.0,0,314.0,356.615384615,233.0,0.911917098446,495.0,70.8014976608,431.0
2016-10-08,5,0,5.0,19.0,1,314.0,353.384615385,233.0,1.04283604136,495.0,66.2275081838,340.0
2016-10-09,6,0,8.0,18.0,1,315.0,341.461538462,233.0,1.07757986162,495.0,52.1058322213,262.0
2016-10-10,0,0,10.0,20.0,1,315.0,338.615384615,233.0,1.02009578828,495.0,55.2623650786,284.0
2016-10-11,1,0,10.0,20.0,1,314.0,336.384615385,233.0,0.873250542086,495.0,56.8148659603,250.0
2016-10-12,2,0,10.0,19.0,1,314.0,332.538461538,233.0,0.788509162952,495.0,60.7068813545,270.0
2016-10-13,3,0,12.0,22.0,1,313.0,331.230769231,233.0,0.792079207921,495.0,61.8461538462,319.0
2016-10-14,4,0,13.0,23.0,1,313.0,327.307692308,233.0,0.823517864154,495.0,60.8723565092,313.0
2016-10-15,5,1,11.0,17.0,0,313.0,316.0,233.0,0.906714917571,495.0,47.3172598205,463.0
2016-10-16,6,1,12.0,20.0,1,314.0,322.692307692,233.0,1.10606060606,495.0,59.8284529884,495.0
2016-10-17,0,0,9.0,21.0,1,314.0,334.692307692,233.0,1.24681185011,495.0,75.4905848591,309.0
2016-10-18,1,0,12.0,20.0,1,314.0,335.692307692,233.0,1.24361994503,495.0,75.0562708039,313.0
2016-10-19,2,0,14.0,22.0,1,313.0,336.615384615,233.0,1.09429341171,495.0,74.6968627305,269.0
2016-10-20,3,0,11.0,15.0,0,313.0,332.153846154,233.0,0.875202593193,495.0,76.8393390372,208.0
2016-10-21,4,0,11.0,11.0,0,313.0,315.0,208.0,0.794968553459,495.0,77.7441563473,243.0
2016-10-22,5,1,7.0,15.0,1,313.0,307.538461538,208.0,0.749063670412,495.0,79.6189148233,514.0
2016-10-23,6,1,0.0,5.0,1,313.0,326.923076923,208.0,0.982788471331,514.0,95.3039361028,523.0
2016-10-24,0,0,6.0,13.0,1,314.0,345.307692308,208.0,1.26795443289,523.0,107.519861933,446.0
2016-10-25,1,0,10.0,17.0,1,314.0,360.384615385,208.0,1.43701550388,523.0,106.83815111,350.0
2016-10-26,2,0,0.0,10.0,1,314.0,366.538461538,208.0,1.26906239477,523.0,103.713077126,289.0
2016-10-27,3,0,7.0,11.0,0,314.0,364.230769231,208.0,1.04967832438,523.0,105.070052709,220.0
2016-10-28,4,0,2.0,13.0,1,314.0,357.076923077,208.0,0.857285429142,523.0,111.296182489,327.0
2016-10-29,5,1,2.0,12.0,1,314.0,346.615384615,208.0,0.83595820209,523.0,107.163095299,507.0
2016-10-30,6,1,2.0,13.0,1,315.0,347.538461538,208.0,1.01658950617,523.0,108.480849345,505.0
2016-10-31,0,0,-4.0,6.0,1,316.0,362.615384615,208.0,1.25146034861,523.0,115.471966935,302.0
