time_stamp,dayofweek,holiday,lt,ht,sunny,m2M,w2A,m1L,d3w3,m1Lar,w2Std,pay_sum
2016-08-01,0,0,24.0,30.0,1,125.0,145.076923077,106.0,1.04491725768,159.0,7.97555436666,150.0
2016-08-02,1,0,24.0,33.0,1,127.0,145.153846154,109.0,1.01683029453,159.0,8.01773182818,195.0
2016-08-03,2,0,25.0,34.0,1,128.0,150.076923077,109.0,1.11841346708,195.0,14.6888840151,200.0
2016-08-04,3,0,25.0,33.0,1,128.0,153.538461538,109.0,1.2391996362,200.0,19.8401899208,180.0
2016-08-05,4,0,25.0,32.0,1,129.0,156.538461538,109.0,1.29504504505,200.0,20.6495125091,200.0
2016-08-06,5,1,24.0,33.0,1,131.0,162.0,109.0,1.26734404021,200.0,21.9895079876,143.0
2016-08-07,6,1,23.0,31.0,1,132.0,161.846153846,109.0,1.13240229512,200.0,22.1145484792,144.0
2016-08-08,0,0,24.0,32.0,1,134.0,161.769230769,109.0,1.04798794921,200.0,22.1746697006,173.0
2016-08-09,1,0,25.0,33.0,1,135.0,163.692307692,109.0,0.982276318599,200.0,21.9803570188,196.0
2016-08-10,2,0,26.0,33.0,1,135.0,167.307692308,109.0,1.07310950737,200.0,23.1030621193,183.0
2016-08-11,3,0,27.0,34.0,1,137.0,169.692307692,109.0,1.14463452566,200.0,22.999614095,208.0
2016-08-12,4,0,25.0,29.0,0,138.0,173.615384615,109.0,1.19236238066,208.0,24.7806949103,211.0
2016-08-13,5,1,24.0,31.0,0,139.0,178.692307692,109.0,1.19302417757,211.0,25.1560808229,173.0
2016-08-14,6,1,24.0,33.0,1,139.0,181.230769231,109.0,1.16352201258,211.0,22.6653033585,155.0
2016-08-15,0,0,21.0,29.0,0,140.0,181.615384615,115.0,1.05624142661,211.0,22.1690652852,211.0
2016-08-16,1,0,23.0,31.0,1,141.0,182.846153846,125.0,1.03703703704,211.0,23.2935981758,206.0
2016-08-17,2,0,23.0,28.0,0,143.0,183.307692308,129.0,1.08271815256,211.0,23.6850638277,191.0
2016-08-18,3,0,22.0,24.0,0,144.0,184.153846154,129.0,1.1382570439,211.0,23.7481858541,188.0
2016-08-19,4,0,22.0,32.0,1,145.0,183.230769231,129.0,1.08574610245,211.0,23.3440944473,193.0
2016-08-20,5,1,23.0,31.0,1,145.0,187.076923077,129.0,1.04761904762,211.0,20.3222558502,147.0
2016-08-21,6,1,23.0,34.0,1,145.0,187.307692308,129.0,0.965176857691,211.0,19.8431721076,163.0
2016-08-22,0,0,23.0,32.0,1,145.0,186.538461538,140.0,0.91621129326,211.0,20.5636549603,189.0
2016-08-23,1,0,24.0,30.0,0,145.0,186.0,140.0,0.91041780697,211.0,20.3998491699,183.0
2016-08-24,2,0,24.0,31.0,0,147.0,186.0,140.0,0.980661717533,211.0,20.3998491699,191.0
2016-08-25,3,0,18.0,30.0,1,148.0,184.692307692,140.0,1.02887426901,211.0,19.4714173771,233.0
2016-08-26,4,0,17.0,29.0,1,149.0,186.384615385,140.0,1.09933894775,233.0,22.4175016159,207.0
2016-08-27,5,1,20.0,32.0,1,149.0,189.0,140.0,1.12327547842,233.0,22.6851357637,212.0
2016-08-28,6,1,18.0,31.0,1,150.0,193.384615385,140.0,1.13995978669,233.0,21.146152447,133.0
2016-08-29,0,0,19.0,31.0,1,150.0,187.384615385,133.0,0.975351179433,233.0,25.8413457066,181.0
2016-08-30,1,0,19.0,31.0,1,152.0,185.461538462,133.0,0.933120454142,233.0,25.3092120189,216.0
2016-08-31,2,0,19.0,33.0,1,152.0,187.384615385,133.0,0.932032005627,233.0,26.5751140429,171.0
2016-09-01,3,0,19.0,27.0,1,155.0,186.076923077,133.0,1.00870182916,233.0,26.928570868,193.0
2016-09-02,4,0,19.0,28.0,1,155.0,186.076923077,133.0,1.03497501784,233.0,26.928570868,220.0
2016-09-03,5,1,20.0,30.0,1,156.0,191.692307692,133.0,1.02916556525,233.0,25.7812830599,179.0
2016-09-04,6,1,18.0,29.0,0,157.0,192.923076923,133.0,1.03668680501,233.0,24.7431778895,186.0
2016-09-05,0,0,20.0,31.0,1,159.0,192.692307692,133.0,1.03120042306,233.0,24.7926310869,166.0
2016-09-06,1,0,21.0,30.0,1,163.0,191.384615385,133.0,0.9460181721,233.0,25.7010579296,214.0
2016-09-07,2,0,19.0,31.0,1,166.0,193.153846154,133.0,1.00221336875,233.0,26.3959383643,223.0
2016-09-08,3,0,18.0,31.0,1,171.0,192.384615385,133.0,1.05789473684,233.0,25.3484590991,203.0
2016-09-09,4,0,19.0,31.0,1,173.0,192.076923077,133.0,1.1198600175,233.0,25.1929829622,213.0
2016-09-10,5,1,18.0,30.0,1,173.0,192.153846154,133.0,1.09907120743,233.0,25.2551476972,173.0
2016-09-11,6,1,18.0,25.0,0,173.0,195.230769231,133.0,1.0104649168,233.0,19.682689959,149.0
2016-09-12,0,0,18.0,27.0,1,173.0,192.769230769,133.0,0.92737042815,233.0,23.0255839186,232.0
2016-09-13,1,0,19.0,27.0,1,179.0,194.0,133.0,0.948224219084,233.0,24.6076911054,188.0
2016-09-14,2,0,20.0,30.0,1,180.0,195.307692308,133.0,0.974648852347,233.0,23.7887646893,198.0
2016-09-15,3,1,21.0,30.0,1,181.0,195.692307692,133.0,1.06818771066,233.0,23.7887646893,109.0
2016-09-16,4,1,20.0,30.0,0,181.0,187.153846154,109.0,0.877893056664,233.0,32.0260618724,125.0
2016-09-17,5,1,17.0,24.0,1,181.0,183.0,109.0,0.78431372549,233.0,36.0619125735,146.0
2016-09-18,6,0,15.0,22.0,0,181.0,179.923076923,109.0,0.687471732248,233.0,37.357856837,208.0
2016-09-19,0,0,13.0,25.0,1,183.0,183.153846154,109.0,0.860272988506,233.0,37.8272310417,222.0
2016-09-20,1,0,14.0,26.0,1,183.0,183.769230769,109.0,1.03281334051,233.0,38.3850007688,220.0
2016-09-21,2,0,16.0,23.0,0,186.0,183.538461538,109.0,1.15034067782,233.0,38.1567926902,203.0
2016-09-22,3,0,17.0,26.0,0,188.0,183.538461538,109.0,1.13846968494,233.0,38.1567926902,207.0
2016-09-23,4,0,19.0,27.0,1,188.0,183.076923077,109.0,1.11583421892,233.0,37.8325491495,214.0
2016-09-24,5,1,20.0,29.0,1,189.0,186.230769231,109.0,1.09502500658,232.0,38.562943245,178.0
2016-09-25,6,1,19.0,27.0,1,189.0,188.461538462,109.0,1.05337202145,232.0,37.1579070882,192.0
2016-09-26,0,0,19.0,24.0,0,191.0,185.384615385,109.0,1.01999825343,232.0,35.0198591166,201.0
2016-09-27,1,0,12.0,23.0,1,191.0,186.384615385,109.0,1.00070101647,232.0,35.2650152669,206.0
2016-09-28,2,0,10.0,20.0,1,192.0,187.0,109.0,1.05448464044,232.0,35.5311347759,222.0
2016-09-29,3,0,12.0,22.0,1,193.0,195.692307692,109.0,1.10176913645,232.0,28.5155412832,190.0
2016-09-30,4,0,14.0,24.0,1,193.0,200.692307692,109.0,1.08908273857,232.0,20.1547269332,264.0
2016-10-01,5,1,15.0,26.0,1,193.0,209.769230769,109.0,1.16331096197,264.0,20.0505278893,150.0
2016-10-02,6,1,16.0,26.0,1,192.0,205.307692308,109.0,1.03913978495,264.0,25.6256620639,122.0
2016-10-03,0,1,16.0,28.0,1,192.0,197.615384615,109.0,0.949092518814,264.0,33.3155968592,93.0
2016-10-04,1,1,11.0,19.0,0,191.0,187.846153846,93.0,0.663033605813,264.0,42.6359295103,120.0
2016-10-05,2,1,13.0,21.0,1,191.0,181.461538462,93.0,0.621752041574,264.0,45.9725928129,119.0
2016-10-06,3,1,14.0,17.0,0,191.0,174.692307692,93.0,0.614473440681,264.0,48.1414336423,118.0
2016-10-07,4,1,12.0,16.0,0,191.0,167.307692308,93.0,0.662030598053,264.0,48.9023904015,121.0
2016-10-08,5,0,5.0,19.0,1,191.0,162.923076923,93.0,0.668534080299,264.0,50.2829861705,205.0
2016-10-09,6,0,8.0,18.0,1,191.0,163.923076923,93.0,0.829828987945,264.0,50.9758035187,188.0
2016-10-10,0,0,10.0,20.0,1,191.0,162.923076923,93.0,0.969902821021,264.0,50.3624731147,210.0
2016-10-11,1,0,10.0,20.0,1,191.0,163.230769231,93.0,1.14107294919,264.0,50.6361893179,205.0
2016-10-12,2,0,10.0,19.0,1,191.0,161.923076923,93.0,1.14042553191,264.0,49.3035519683,189.0
2016-10-13,3,0,12.0,22.0,1,191.0,161.846153846,93.0,1.14817983081,264.0,49.260447785,216.0
2016-10-14,4,0,13.0,23.0,1,191.0,158.153846154,93.0,1.1589246699,264.0,42.8464991009,225.0
2016-10-15,5,1,11.0,17.0,0,191.0,163.923076923,93.0,1.1811023622,264.0,46.272539686,177.0
2016-10-16,6,1,12.0,20.0,1,191.0,168.153846154,93.0,1.16351313188,264.0,44.7348533092,179.0
2016-10-17,0,0,9.0,21.0,1,191.0,174.769230769,93.0,1.10069148432,264.0,39.1410739331,252.0
2016-10-18,1,0,12.0,20.0,1,191.0,184.923076923,93.0,1.13697989715,264.0,40.7061921928,215.0
2016-10-19,2,0,14.0,22.0,1,192.0,192.307692308,93.0,1.21041783774,264.0,36.5752850883,254.0
2016-10-20,3,0,11.0,15.0,0,193.0,202.769230769,93.0,1.32707528069,264.0,33.110894898,241.0
2016-10-21,4,0,11.0,11.0,0,198.0,212.0,93.0,1.31518014263,264.0,24.6826005362,255.0
2016-10-22,5,1,7.0,15.0,1,201.0,215.846153846,93.0,1.34989200864,264.0,27.0721149577,186.0
2016-10-23,6,1,0.0,5.0,1,201.0,215.692307692,93.0,1.20665251238,264.0,27.2351148206,198.0
2016-10-24,0,0,6.0,13.0,1,198.0,214.769230769,93.0,1.09992254067,264.0,27.6131346844,213.0
2016-10-25,1,0,10.0,17.0,1,198.0,215.384615385,93.0,1.00353000504,264.0,27.4773710016,215.0
2016-10-26,2,0,0.0,10.0,1,198.0,217.384615385,93.0,1.02740850156,264.0,26.4096091531,236.0
2016-10-27,3,0,7.0,11.0,0,201.0,218.923076923,93.0,1.05901116427,264.0,26.862789644,232.0
2016-10-28,4,0,2.0,13.0,1,203.0,219.461538462,93.0,1.0611357104,264.0,27.0487178272,242.0
2016-10-29,5,1,2.0,12.0,1,203.0,224.461538462,93.0,1.09365372766,264.0,24.637730242,203.0
2016-10-30,6,1,2.0,13.0,1,203.0,226.307692308,93.0,1.03922020109,255.0,21.9102526594,180.0
2016-10-31,0,0,-4.0,6.0,1,203.0,220.769230769,93.0,0.966071566582,255.0,23.7394635613,225.0
