time_stamp,dayofweek,holiday,lt,ht,sunny,m2M,w2A,m1L,d3w3,m1Lar,w2Std,pay_sum
2016-08-01,0,0,27.0,37.0,1,83.0,88.3846153846,21.0,1.22934076137,160.0,22.5884192982,61.0
2016-08-02,1,0,26.0,36.0,0,83.0,87.8461538462,21.0,1.19353039598,134.0,23.1445163927,69.0
2016-08-03,2,0,25.0,31.0,0,83.0,86.6923076923,21.0,0.980172091283,134.0,23.6753185841,73.0
2016-08-04,3,0,25.0,29.0,0,83.0,85.6153846154,21.0,0.766326915817,134.0,23.9536040697,69.0
2016-08-05,4,0,25.0,31.0,0,83.0,83.9230769231,21.0,0.802433922799,134.0,24.2882103038,103.0
2016-08-06,5,1,24.0,32.0,0,83.0,83.4615384615,21.0,0.93923710945,134.0,23.8605415652,103.0
2016-08-07,6,1,25.0,32.0,0,84.0,83.6153846154,21.0,1.06341840681,134.0,23.9792809976,119.0
2016-08-08,0,0,26.0,32.0,0,84.0,87.0769230769,21.0,1.2409316533,134.0,25.5386932334,87.0
2016-08-09,1,0,26.0,32.0,0,85.0,89.4615384615,21.0,1.1671388102,132.0,23.9217165084,167.0
2016-08-10,2,0,26.0,34.0,0,86.0,97.3076923077,56.0,1.3455988456,167.0,30.448909581,85.0
2016-08-11,3,0,27.0,35.0,0,86.0,97.4615384615,56.0,1.22426868906,167.0,30.3812072091,86.0
2016-08-12,4,0,28.0,38.0,1,86.0,98.6153846154,56.0,1.22397247873,167.0,29.629866589,93.0
2016-08-13,5,1,28.0,37.0,1,87.0,95.9230769231,56.0,0.964383561644,167.0,28.4022250983,98.0
2016-08-14,6,1,28.0,37.0,1,87.0,93.3076923077,56.0,1.01353823637,167.0,26.4586313251,123.0
2016-08-15,0,0,28.0,37.0,1,89.0,98.0769230769,56.0,1.11883128452,167.0,25.7844960526,64.0
2016-08-16,1,0,27.0,37.0,1,89.0,97.6923076923,56.0,1.01117615753,167.0,26.2484713559,83.0
2016-08-17,2,0,27.0,36.0,1,87.0,98.4615384615,56.0,0.948866631523,167.0,25.6533560096,79.0
2016-08-18,3,0,28.0,37.0,1,87.0,99.2307692308,56.0,0.795914773728,167.0,24.8971850313,80.0
2016-08-19,4,0,27.0,37.0,1,87.0,97.4615384615,56.0,0.848229933403,167.0,25.3790203624,94.0
2016-08-20,5,1,26.0,36.0,1,87.0,96.7692307692,56.0,0.902926481085,167.0,25.3412216515,133.0
2016-08-21,6,1,26.0,34.0,1,87.0,97.8461538462,56.0,1.09505974675,167.0,26.5325522964,136.0
2016-08-22,0,0,27.0,33.0,1,89.0,101.615384615,56.0,1.24485596708,167.0,28.1548969959,78.0
2016-08-23,1,0,27.0,34.0,1,87.0,94.7692307692,56.0,1.18450247483,167.0,21.4445755958,82.0
2016-08-24,2,0,27.0,34.0,1,87.0,94.5384615385,56.0,1.00577641862,167.0,21.5642702515,75.0
2016-08-25,3,0,24.0,35.0,0,86.0,93.6923076923,61.0,0.796070460705,167.0,22.09206128,103.0
2016-08-26,4,0,21.0,27.0,0,87.0,94.4615384615,61.0,0.880758807588,167.0,22.2282404737,92.0
2016-08-27,5,1,18.0,27.0,1,87.0,94.0,61.0,0.919775166071,167.0,22.2122627255,114.0
2016-08-28,6,1,18.0,30.0,1,87.0,93.3076923077,61.0,1.05532786885,167.0,21.4238709976,123.0
2016-08-29,0,0,19.0,31.0,1,87.0,97.8461538462,61.0,1.10328638498,167.0,20.9792797187,77.0
2016-08-30,1,0,20.0,31.0,1,87.0,97.3846153846,61.0,1.10291534949,167.0,21.3632987281,78.0
2016-08-31,2,0,21.0,32.0,1,87.0,97.3076923077,64.0,0.980081085845,167.0,21.4310508568,90.0
2016-09-01,3,0,21.0,31.0,1,87.0,98.0769230769,64.0,0.861917326297,167.0,20.970534414,50.0
2016-09-02,4,0,22.0,33.0,1,87.0,94.6923076923,50.0,0.784737221022,167.0,24.5932592872,62.0
2016-09-03,5,1,22.0,33.0,1,87.0,89.2307692308,50.0,0.741556534508,167.0,23.3309099897,109.0
2016-09-04,6,1,22.0,31.0,1,87.0,87.1538461538,50.0,0.817610062893,167.0,20.0455103504,101.0
2016-09-05,0,0,23.0,32.0,1,87.0,88.9230769231,50.0,0.986043139387,167.0,20.1740943499,37.0
2016-09-06,1,0,21.0,31.0,1,87.0,85.4615384615,37.0,0.918386317159,167.0,24.4685524535,61.0
2016-09-07,2,0,23.0,32.0,1,86.0,84.3846153846,37.0,0.747417840376,167.0,25.2023761442,57.0
2016-09-08,3,0,22.0,32.0,1,85.0,80.8461538462,37.0,0.589802130898,136.0,25.5669442651,44.0
2016-09-09,4,0,21.0,31.0,0,85.0,77.1538461538,37.0,0.634547591069,136.0,27.1090281693,55.0
2016-09-10,5,1,22.0,32.0,1,85.0,72.6153846154,37.0,0.64039408867,136.0,25.4484047,111.0
2016-09-11,6,1,20.0,31.0,1,86.0,71.6923076923,37.0,0.875547217011,136.0,23.7661187906,98.0
2016-09-12,0,0,22.0,33.0,1,86.0,73.3076923077,37.0,1.08709079679,136.0,24.764691414,36.0
2016-09-13,1,0,21.0,32.0,1,86.0,70.0769230769,36.0,1.03835558381,136.0,26.612494285,39.0
2016-09-14,2,0,21.0,31.0,1,85.0,66.1538461538,36.0,0.750379527218,136.0,27.1402232116,63.0
2016-09-15,3,1,23.0,31.0,0,84.0,67.1538461538,36.0,0.61456245825,136.0,26.7634830257,63.0
2016-09-16,4,1,22.0,30.0,0,83.0,67.2307692308,36.0,0.74931880109,136.0,26.7499930874,63.0
2016-09-17,5,1,21.0,32.0,1,83.0,63.6923076923,36.0,0.889202540579,136.0,23.8791335218,83.0
2016-09-18,6,0,20.0,31.0,1,83.0,62.3076923077,36.0,1.01186153474,136.0,22.1338050376,35.0
2016-09-19,0,0,18.0,29.0,1,83.0,62.1538461538,35.0,0.903870162297,136.0,22.3153832896,34.0
2016-09-20,1,0,18.0,27.0,1,82.0,60.0769230769,34.0,0.784921249677,123.0,23.5485146958,46.0
2016-09-21,2,0,17.0,28.0,1,80.0,59.2307692308,34.0,0.614808874632,123.0,23.8397013603,44.0
2016-09-22,3,0,17.0,30.0,1,79.0,59.2307692308,34.0,0.666129465485,123.0,23.8397013603,39.0
2016-09-23,4,0,18.0,31.0,1,79.0,58.0,34.0,0.706075533662,123.0,24.4320092691,58.0
2016-09-24,5,1,22.0,32.0,1,79.0,53.9230769231,34.0,0.805484147386,123.0,19.084675844,110.0
2016-09-25,6,1,23.0,30.0,1,80.0,54.8461538462,34.0,1.17346938776,123.0,21.3499996536,114.0
2016-09-26,0,0,23.0,33.0,1,80.0,60.8461538462,34.0,1.5003990423,123.0,25.7229205001,56.0
2016-09-27,1,0,22.0,32.0,1,80.0,62.1538461538,34.0,1.49572649573,114.0,25.0010650661,51.0
2016-09-28,2,0,16.0,25.0,0,79.0,61.2307692308,34.0,1.18625872249,114.0,25.1737159818,52.0
2016-09-29,3,0,15.0,18.0,0,78.0,60.3846153846,34.0,0.848,114.0,25.284651658,50.0
2016-09-30,4,0,17.0,20.0,0,78.0,59.3846153846,34.0,0.819277108434,114.0,25.4181596548,76.0
2016-10-01,5,1,17.0,20.0,0,78.0,58.8461538462,34.0,0.980716253444,114.0,24.9825974934,107.0
2016-10-02,6,1,16.0,23.0,0,79.0,64.3846153846,34.0,1.27426852611,114.0,26.9830102145,107.0
2016-10-03,0,1,18.0,29.0,1,80.0,70.0,34.0,1.49870801034,114.0,27.6628047969,111.0
2016-10-04,1,1,17.0,30.0,1,80.0,75.0,34.0,1.5907978463,114.0,28.7268301285,98.0
2016-10-05,2,1,18.0,30.0,1,80.0,79.1538461538,34.0,1.50799331902,114.0,27.8342516,86.0
2016-10-06,3,1,19.0,29.0,1,80.0,82.7692307692,34.0,1.38497652582,114.0,25.3230021496,92.0
2016-10-07,4,1,19.0,27.0,1,80.0,85.3846153846,34.0,1.26984126984,114.0,24.3675018812,90.0
2016-10-08,5,0,16.0,26.0,1,80.0,83.8461538462,34.0,1.22710622711,114.0,23.3760105626,43.0
2016-10-09,6,0,16.0,24.0,1,79.0,78.3846153846,34.0,1.02459016393,114.0,23.9792809976,84.0
2016-10-10,0,0,16.0,23.0,1,79.0,80.5384615385,34.0,0.955526199912,114.0,23.1138166626,49.0
2016-10-11,1,0,16.0,21.0,1,78.0,80.3846153846,34.0,0.773456383212,114.0,23.3156878898,51.0
2016-10-12,2,0,16.0,19.0,1,78.0,80.3076923077,34.0,0.804899387577,114.0,23.41066363,37.0
2016-10-13,3,0,15.0,18.0,0,77.0,79.3076923077,34.0,0.60008760403,114.0,24.9133409284,57.0
2016-10-14,4,0,15.0,19.0,1,77.0,77.8461538462,34.0,0.635546789393,114.0,25.612034893,71.0
2016-10-15,5,1,16.0,23.0,1,76.0,75.0769230769,34.0,0.742240215924,114.0,24.2184339787,123.0
2016-10-16,6,1,16.0,24.0,1,76.0,76.3076923077,34.0,1.1222892913,123.0,26.1398152409,99.0
2016-10-17,0,0,16.0,23.0,1,76.0,75.3846153846,34.0,1.27335940895,123.0,25.0891900152,55.0
2016-10-18,1,0,18.0,25.0,1,75.0,72.0769230769,34.0,1.2006935414,123.0,24.7214062908,38.0
2016-10-19,2,0,18.0,24.0,0,71.0,68.3846153846,37.0,0.839895013123,123.0,25.9215932011,45.0
2016-10-20,3,0,19.0,23.0,0,63.0,64.7692307692,37.0,0.605661619487,123.0,25.6519720224,33.0
2016-10-21,4,0,18.0,24.0,0,63.0,60.3846153846,33.0,0.523938572719,123.0,25.8353915322,68.0
2016-10-22,5,1,16.0,21.0,0,63.0,62.3076923077,33.0,0.677337044769,123.0,25.3965007141,110.0
2016-10-23,6,1,15.0,18.0,1,63.0,64.3076923077,33.0,0.976851851852,123.0,27.9240304987,92.0
2016-10-24,0,0,12.0,16.0,0,63.0,67.6153846154,33.0,1.26671358198,123.0,28.4565484191,40.0
2016-10-25,1,0,12.0,16.0,0,63.0,66.7692307692,33.0,1.18366348741,123.0,29.0944188308,45.0
2016-10-26,2,0,13.0,16.0,0,62.0,67.3846153846,33.0,0.89258698941,123.0,28.537528494,21.0
2016-10-27,3,0,12.0,16.0,0,61.0,64.6153846154,21.0,0.564881428191,123.0,31.0472058982,27.0
2016-10-28,4,0,9.0,14.0,0,58.0,61.2307692308,21.0,0.521885521886,123.0,32.5296405574,49.0
2016-10-29,5,1,7.0,11.0,0,57.0,55.5384615385,21.0,0.541596873255,123.0,27.2724583096,78.0
2016-10-30,6,1,9.0,15.0,0,57.0,53.9230769231,21.0,0.864197530864,123.0,25.1929829622,97.0
2016-10-31,0,0,9.0,14.0,0,58.0,57.1538461538,21.0,1.20819848975,123.0,27.6929487105,29.0
