time_stamp,dayofweek,holiday,lt,ht,sunny,m2M,w2A,m1L,d3w3,m1Lar,w2Std,pay_sum
2016-08-01,0,0,27.0,35.0,1,93.0,89.9230769231,59.0,1.04910714286,124.0,16.4899108476,88.0
2016-08-02,1,0,26.0,36.0,0,92.0,88.9230769231,59.0,0.914668153932,124.0,16.1791011373,79.0
2016-08-03,2,0,25.0,30.0,0,92.0,87.2307692308,59.0,0.864542574995,124.0,15.9766841951,91.0
2016-08-04,3,0,25.0,32.0,0,91.0,86.1538461538,59.0,0.965749578888,124.0,15.1953745687,87.0
2016-08-05,4,0,26.0,32.0,0,91.0,85.7692307692,59.0,0.962006363466,124.0,15.105545829,92.0
2016-08-06,5,1,26.0,34.0,0,92.0,86.6923076923,59.0,1.02214650767,124.0,15.0914372838,110.0
2016-08-07,6,1,26.0,34.0,0,92.0,89.5384615385,59.0,1.08544600939,124.0,15.7167983851,110.0
2016-08-08,0,0,26.0,34.0,1,92.0,92.3076923077,59.0,1.13910186199,124.0,15.9054156978,106.0
2016-08-09,1,0,27.0,34.0,1,92.0,92.2307692308,59.0,1.18696522847,124.0,15.8364421323,126.0
2016-08-10,2,0,27.0,34.0,1,92.0,95.9230769231,59.0,1.22844827586,126.0,17.5869774307,93.0
2016-08-11,3,0,27.0,35.0,1,92.0,97.2307692308,59.0,1.17498192336,126.0,16.6648125201,95.0
2016-08-12,4,0,28.0,35.0,1,93.0,95.0,59.0,1.1333694279,126.0,14.7648230602,102.0
2016-08-13,5,1,28.0,36.0,1,93.0,95.6923076923,59.0,1.03442125914,126.0,14.8654716885,88.0
2016-08-14,6,1,27.0,36.0,1,93.0,97.4615384615,59.0,1.008492569,126.0,12.2450328053,108.0
2016-08-15,0,0,27.0,36.0,1,95.0,99.0,59.0,1.03580118179,126.0,12.2160046345,91.0
2016-08-16,1,0,27.0,36.0,1,93.0,99.9230769231,59.0,1.00595864003,126.0,11.0694419181,94.0
2016-08-17,2,0,27.0,35.0,1,93.0,100.153846154,65.0,1.01842196733,126.0,10.9111527548,92.0
2016-08-18,3,0,27.0,36.0,1,93.0,100.538461538,65.0,0.954843157532,126.0,10.5218847728,78.0
2016-08-19,4,0,29.0,37.0,1,93.0,99.4615384615,65.0,0.932203389831,126.0,11.9590029467,94.0
2016-08-20,5,1,27.0,36.0,0,93.0,98.2307692308,65.0,0.931709899418,126.0,11.629894147,116.0
2016-08-21,6,1,27.0,33.0,0,93.0,98.6923076923,65.0,0.989690721649,126.0,12.1932176317,100.0
2016-08-22,0,0,27.0,34.0,1,93.0,98.2307692308,65.0,1.0587431694,126.0,12.0201999609,85.0
2016-08-23,1,0,25.0,34.0,1,92.0,95.0769230769,65.0,1.02485529452,126.0,9.41734519557,94.0
2016-08-24,2,0,24.0,34.0,1,92.0,95.1538461538,65.0,0.948495665477,126.0,9.40414109967,93.0
2016-08-25,3,0,25.0,34.0,1,92.0,95.0,65.0,0.921877647856,126.0,9.42174244868,88.0
2016-08-26,4,0,23.0,29.0,1,92.0,93.9230769231,65.0,0.933944642554,126.0,9.35999291964,118.0
2016-08-27,5,1,20.0,29.0,1,92.0,96.2307692308,65.0,1.01133096567,126.0,11.1434965246,99.0
2016-08-28,6,1,19.0,30.0,1,93.0,95.5384615385,65.0,1.03741496599,126.0,10.6598844316,93.0
2016-08-29,0,0,20.0,31.0,1,93.0,95.6923076923,65.0,1.06146207841,126.0,10.6075779544,78.0
2016-08-30,1,0,21.0,31.0,1,93.0,94.4615384615,78.0,0.947867298578,126.0,11.6130919795,96.0
2016-08-31,2,0,22.0,32.0,1,93.0,94.7692307692,78.0,0.935856992639,126.0,11.59677572,88.0
2016-09-01,3,0,22.0,33.0,1,92.0,95.5384615385,78.0,0.921723834653,126.0,10.7604359693,88.0
2016-09-02,4,0,22.0,34.0,1,92.0,95.0769230769,78.0,0.964026227184,126.0,10.9436426116,116.0
2016-09-03,5,1,23.0,34.0,1,93.0,95.0769230769,78.0,1.01973109831,126.0,10.9436426116,130.0
2016-09-04,6,1,22.0,33.0,1,93.0,97.3846153846,78.0,1.15311582945,130.0,14.3662984984,104.0
2016-09-05,0,0,24.0,33.0,1,93.0,98.8461538462,78.0,1.20027434842,130.0,13.9936587498,106.0
2016-09-06,1,0,22.0,26.0,0,93.0,99.7692307692,78.0,1.1588275392,130.0,14.0392518218,32.0
2016-09-07,2,0,20.0,26.0,1,93.0,95.0769230769,32.0,0.850914205345,130.0,22.9093918882,81.0
2016-09-08,3,0,21.0,30.0,1,93.0,94.5384615385,32.0,0.768825697736,130.0,23.1503958584,72.0
2016-09-09,4,0,23.0,32.0,1,93.0,91.0,32.0,0.657076895756,130.0,22.8068815526,97.0
2016-09-10,5,1,21.0,30.0,1,93.0,90.8461538462,32.0,0.897021887334,130.0,22.7590933774,131.0
2016-09-11,6,1,20.0,28.0,1,93.0,93.7692307692,32.0,1.05876124934,131.0,25.1614902523,99.0
2016-09-12,0,0,20.0,30.0,1,93.0,95.3846153846,32.0,1.14555964267,131.0,24.7682751846,87.0
2016-09-13,1,0,21.0,30.0,1,93.0,94.6923076923,32.0,1.11462728551,131.0,24.8669834098,91.0
2016-09-14,2,0,22.0,28.0,1,93.0,94.9230769231,32.0,0.975008799718,131.0,24.8176783717,139.0
2016-09-15,3,1,21.0,23.0,0,93.0,98.8461538462,32.0,1.08654670094,139.0,27.3181994954,141.0
2016-09-16,4,1,21.0,23.0,0,93.0,100.769230769,32.0,1.25677506775,141.0,29.2683968344,93.0
2016-09-17,5,1,21.0,27.0,1,93.0,97.9230769231,32.0,1.26741420319,141.0,28.0616396759,120.0
2016-09-18,6,0,20.0,28.0,1,93.0,99.1538461538,32.0,1.18652589241,141.0,28.6459720725,137.0
2016-09-19,0,0,17.0,26.0,1,93.0,101.538461538,32.0,1.13932291667,141.0,30.3558773542,98.0
2016-09-20,1,0,18.0,26.0,1,93.0,106.615384615,32.0,1.15447154472,141.0,22.9062922546,107.0
2016-09-21,2,0,17.0,24.0,1,94.0,108.615384615,32.0,1.10198163364,141.0,21.6849414662,80.0
2016-09-22,3,0,19.0,27.0,1,94.0,109.230769231,32.0,0.921882581271,141.0,20.7295918033,88.0
2016-09-23,4,0,19.0,28.0,1,94.0,108.538461538,32.0,0.901787178226,141.0,21.2697523931,143.0
2016-09-24,5,1,21.0,29.0,1,94.0,109.461538462,32.0,1.01335940046,143.0,22.4520527916,149.0
2016-09-25,6,1,21.0,28.0,1,94.0,113.307692308,32.0,1.21154152718,149.0,24.5180768959,139.0
2016-09-26,0,0,23.0,30.0,1,94.0,117.307692308,32.0,1.35279347144,149.0,24.1386527423,98.0
2016-09-27,1,0,23.0,30.0,0,94.0,117.846153846,32.0,1.17503805175,149.0,23.6182659229,90.0
2016-09-28,2,0,19.0,23.0,0,94.0,114.076923077,32.0,0.991359708959,149.0,23.8503718354,105.0
2016-09-29,3,0,17.0,19.0,0,95.0,111.307692308,32.0,0.875149342891,149.0,22.6219247477,114.0
2016-09-30,4,0,18.0,21.0,0,96.0,112.923076923,32.0,0.915962650067,149.0,21.9981171868,191.0
2016-10-01,5,1,20.0,24.0,0,97.0,118.384615385,32.0,1.18377363938,191.0,30.3176477207,167.0
2016-10-02,6,1,20.0,24.0,0,98.0,120.692307692,32.0,1.32379750386,191.0,32.6952939813,118.0
2016-10-03,0,1,18.0,26.0,1,98.0,122.230769231,32.0,1.31782945736,191.0,32.0556099642,139.0
2016-10-04,1,1,20.0,25.0,1,99.0,124.692307692,32.0,1.15092290988,191.0,32.020148982,135.0
2016-10-05,2,1,20.0,26.0,1,99.0,128.923076923,32.0,1.0657966286,191.0,29.3584257031,145.0
2016-10-06,3,1,19.0,25.0,1,99.0,133.307692308,72.0,1.13735070575,191.0,27.0878474466,151.0
2016-10-07,4,1,17.0,20.0,0,99.0,133.923076923,72.0,1.14293290904,191.0,27.390232786,132.0
2016-10-08,5,0,14.0,22.0,1,99.0,132.615384615,80.0,1.12958564265,191.0,27.0428106799,129.0
2016-10-09,6,0,13.0,21.0,1,99.0,131.846153846,80.0,1.0908128144,191.0,26.9924381258,150.0
2016-10-10,0,0,16.0,21.0,1,100.0,135.846153846,80.0,1.06614785992,191.0,25.4916159787,131.0
2016-10-11,1,0,16.0,20.0,1,100.0,139.0,80.0,1.05371369828,191.0,21.9089023002,131.0
2016-10-12,2,0,16.0,19.0,1,104.0,141.0,80.0,1.03843730309,191.0,19.7989898732,175.0
2016-10-13,3,0,17.0,20.0,1,104.0,145.692307692,80.0,1.0663738409,191.0,20.0705855013,148.0
2016-10-14,4,0,16.0,18.0,1,105.0,142.384615385,80.0,1.1058336378,191.0,15.3098181748,200.0
2016-10-15,5,1,18.0,21.0,0,106.0,144.923076923,80.0,1.2505978001,200.0,20.8970426265,226.0
2016-10-16,6,1,17.0,23.0,1,107.0,153.230769231,80.0,1.33101449275,226.0,28.5930433878,213.0
2016-10-17,0,0,18.0,22.0,1,114.0,158.923076923,80.0,1.42474916388,226.0,32.3168485194,139.0
2016-10-18,1,0,18.0,23.0,1,116.0,159.230769231,80.0,1.26796095207,226.0,32.1059636113,150.0
2016-10-19,2,0,19.0,22.0,1,116.0,159.615384615,80.0,1.08517077389,226.0,31.9628112308,153.0
2016-10-20,3,0,19.0,21.0,0,118.0,159.769230769,80.0,0.94353719714,226.0,31.9257644837,123.0
2016-10-21,4,0,19.0,21.0,0,118.0,159.076923077,88.0,0.929623567921,226.0,32.6106672931,188.0
2016-10-22,5,1,18.0,21.0,0,120.0,163.615384615,90.0,1.00563502384,226.0,32.2121297305,156.0
2016-10-23,6,1,15.0,18.0,1,123.0,164.076923077,90.0,0.999785913081,226.0,32.0563483175,210.0
2016-10-24,0,0,16.0,20.0,1,129.0,170.153846154,90.0,1.15960230246,226.0,32.691674202,170.0
2016-10-25,1,0,14.0,17.0,1,130.0,173.153846154,90.0,1.10973084886,226.0,30.6891264979,157.0
2016-10-26,2,0,16.0,18.0,0,131.0,171.769230769,90.0,1.10767326733,226.0,30.9792830184,135.0
2016-10-27,3,0,15.0,17.0,0,131.0,170.769230769,105.0,0.957711442786,226.0,31.9257644837,139.0
2016-10-28,4,0,11.0,15.0,0,131.0,166.076923077,114.0,0.891508946116,226.0,31.7670887711,194.0
2016-10-29,5,1,8.0,12.0,0,132.0,163.615384615,118.0,0.948905109489,226.0,28.0508836047,207.0
2016-10-30,6,1,10.0,17.0,1,135.0,163.153846154,118.0,1.07623318386,226.0,27.2731091958,200.0
2016-10-31,0,0,10.0,15.0,0,135.0,167.846153846,118.0,1.17359890646,226.0,27.952834324,124.0
