time_stamp,dayofweek,holiday,lt,ht,sunny,m2M,w2A,m1L,d3w3,m1Lar,w2Std,pay_sum
2016-08-01,0,0,23.0,33.0,0,70.0,65.0769230769,5.0,0.579710144928,160.0,42.8924622004,80.0
2016-08-02,1,0,22.0,32.0,1,70.0,64.4615384615,5.0,0.529338327091,160.0,42.6156623151,80.0
2016-08-03,2,0,22.0,30.0,0,70.0,64.0769230769,5.0,0.842105263158,160.0,42.4508068936,78.0
2016-08-04,3,0,21.0,32.0,1,71.0,57.7692307692,5.0,1.20111027,160.0,32.7018085742,87.0
2016-08-05,4,0,22.0,31.0,0,71.0,59.3846153846,5.0,1.26223596084,160.0,33.5754912022,81.0
2016-08-06,5,1,23.0,32.0,0,72.0,64.8461538462,5.0,1.20588235294,160.0,30.7542271112,14.0
2016-08-07,6,1,22.0,31.0,0,72.0,65.5384615385,5.0,0.894129206583,160.0,29.4738877512,4.0
2016-08-08,0,0,22.0,30.0,0,72.0,58.8461538462,4.0,0.51968503937,160.0,32.6398674437,88.0
2016-08-09,1,0,22.0,32.0,0,73.0,60.8461538462,4.0,0.556430446194,160.0,33.5555707947,88.0
2016-08-10,2,0,22.0,31.0,1,73.0,61.6153846154,4.0,0.942655145326,160.0,34.0509538137,94.0
2016-08-11,3,0,23.0,34.0,1,74.0,62.3076923077,4.0,1.49130074565,160.0,34.6063236004,80.0
2016-08-12,4,0,24.0,34.0,0,77.0,61.5384615385,4.0,1.43052143052,160.0,34.0895097436,78.0
2016-08-13,5,1,23.0,34.0,0,78.0,66.1538461538,4.0,1.30333591932,160.0,31.8719702122,16.0
2016-08-14,6,1,25.0,34.0,0,78.0,66.7692307692,4.0,0.892307692308,160.0,30.8024820332,2.0
2016-08-15,0,0,24.0,33.0,0,78.0,60.7692307692,2.0,0.528488852188,160.0,34.9574551225,105.0
2016-08-16,1,0,24.0,33.0,1,78.0,62.6923076923,2.0,0.653907496013,160.0,36.6110210716,94.0
2016-08-17,2,0,25.0,34.0,1,78.0,63.9230769231,2.0,1.05511811024,160.0,37.3660922772,122.0
2016-08-18,3,0,23.0,34.0,1,79.0,66.6153846154,2.0,1.63733741393,160.0,40.0932345368,142.0
2016-08-19,4,0,23.0,34.0,1,80.0,71.3076923077,2.0,1.75619327937,160.0,44.7959212006,101.0
2016-08-20,5,1,24.0,34.0,1,80.0,78.0,2.0,1.68747110495,142.0,42.1553902019,15.0
2016-08-21,6,1,25.0,34.0,1,80.0,78.8461538462,2.0,1.18702553485,142.0,40.7484707667,7.0
2016-08-22,0,0,25.0,34.0,0,80.0,72.6153846154,2.0,0.595930232558,142.0,44.8579612376,110.0
2016-08-23,1,0,25.0,34.0,0,80.0,74.3076923077,2.0,0.625889046942,142.0,45.8112928896,114.0
2016-08-24,2,0,25.0,36.0,0,80.0,75.8461538462,2.0,1.06796116505,142.0,46.7725201272,102.0
2016-08-25,3,0,22.0,34.0,1,80.0,77.5384615385,2.0,1.49164950812,142.0,47.2873627363,94.0
2016-08-26,4,0,22.0,30.0,1,81.0,78.7692307692,2.0,1.40589569161,142.0,47.4911390053,108.0
2016-08-27,5,1,21.0,29.0,1,81.0,85.8461538462,2.0,1.2958226769,142.0,44.3618792587,16.0
2016-08-28,6,1,22.0,30.0,1,80.0,86.9230769231,2.0,0.922165820643,142.0,42.4417456657,4.0
2016-08-29,0,0,20.0,24.0,0,80.0,79.1538461538,2.0,0.571939231457,142.0,47.3787458902,80.0
2016-08-30,1,0,18.0,26.0,0,80.0,78.0769230769,2.0,0.449236298293,142.0,47.1877779783,97.0
2016-08-31,2,0,19.0,26.0,0,80.0,76.1538461538,2.0,0.811477247254,142.0,45.8489932007,89.0
2016-09-01,3,0,17.0,29.0,1,81.0,72.0769230769,2.0,1.18538324421,142.0,42.0081705211,101.0
2016-09-02,4,0,20.0,30.0,1,81.0,72.0769230769,2.0,1.25960061444,142.0,42.0081705211,97.0
2016-09-03,5,1,20.0,27.0,0,82.0,78.3846153846,2.0,1.19583333333,142.0,39.0138800972,13.0
2016-09-04,6,1,20.0,24.0,1,81.0,78.8461538462,2.0,0.87316366646,142.0,38.1935277518,9.0
2016-09-05,0,0,19.0,22.0,0,81.0,71.0769230769,2.0,0.523652365237,142.0,41.2188559138,84.0
2016-09-06,1,0,19.0,27.0,1,81.0,68.7692307692,2.0,0.469545957918,142.0,39.557463258,95.0
2016-09-07,2,0,20.0,25.0,1,84.0,68.2307692308,2.0,0.84799278304,142.0,39.146969322,96.0
2016-09-08,3,0,19.0,25.0,1,85.0,68.3846153846,2.0,1.28026070764,142.0,39.2517289409,85.0
2016-09-09,4,0,20.0,29.0,1,85.0,66.6153846154,2.0,1.29943502825,142.0,37.9220627107,104.0
2016-09-10,5,1,18.0,29.0,1,85.0,73.3846153846,2.0,1.26245847176,142.0,36.0929110055,21.0
2016-09-11,6,1,19.0,32.0,1,85.0,74.6923076923,2.0,0.921658986175,142.0,33.7898132473,6.0
2016-09-12,0,0,19.0,28.0,1,85.0,69.0,2.0,0.617196702002,142.0,38.3425852826,92.0
2016-09-13,1,0,19.0,25.0,0,85.0,68.6153846154,4.0,0.569514237856,142.0,38.0839931276,93.0
2016-09-14,2,0,18.0,21.0,0,85.0,68.9230769231,4.0,0.920038535645,142.0,38.2631808129,85.0
2016-09-15,3,1,18.0,28.0,1,85.0,67.6923076923,4.0,1.30909090909,142.0,37.4605117534,10.0
2016-09-16,4,1,19.0,26.0,1,85.0,61.0,4.0,0.981466979901,142.0,39.3504960383,7.0
2016-09-17,5,1,20.0,25.0,0,85.0,60.5384615385,4.0,0.536277602524,114.0,39.9415253062,5.0
2016-09-18,6,0,18.0,23.0,0,84.0,60.2307692308,4.0,0.115576569477,114.0,40.3506817141,68.0
2016-09-19,0,0,17.0,23.0,0,81.0,59.0,4.0,0.424290639088,114.0,39.8477873143,78.0
2016-09-20,1,0,17.0,24.0,0,81.0,57.6923076923,4.0,0.813139472267,114.0,38.9128901233,64.0
2016-09-21,2,0,18.0,27.0,1,81.0,55.2307692308,4.0,1.15416323166,114.0,37.3942690923,82.0
2016-09-22,3,0,19.0,26.0,0,82.0,55.0,4.0,1.25069793412,108.0,37.2186884405,89.0
2016-09-23,4,0,18.0,22.0,0,82.0,53.8461538462,4.0,1.3209668353,108.0,35.8905304713,96.0
2016-09-24,5,1,18.0,24.0,1,84.0,59.6153846154,4.0,1.40267927502,108.0,36.1738079098,13.0
2016-09-25,6,1,18.0,24.0,1,84.0,60.1538461538,4.0,1.03692065986,104.0,35.4158724821,2.0
2016-09-26,0,0,19.0,25.0,1,82.0,53.2307692308,2.0,0.621326616289,104.0,37.2623832719,105.0
2016-09-27,1,0,19.0,26.0,1,82.0,54.1538461538,2.0,0.666111573689,105.0,38.368348642,110.0
2016-09-28,2,0,19.0,28.0,1,84.0,56.0769230769,2.0,1.19067215364,110.0,40.4369624106,120.0
2016-09-29,3,0,18.0,26.0,1,85.0,64.5384615385,2.0,1.78666666667,120.0,41.4072000142,139.0
2016-09-30,4,0,19.0,28.0,1,85.0,74.6923076923,2.0,1.91439688716,139.0,42.2290177583,139.0
2016-10-01,5,1,19.0,30.0,1,87.0,85.0,2.0,1.89118555476,139.0,40.2683307518,12.0
2016-10-02,6,1,19.0,32.0,1,87.0,80.6923076923,2.0,1.37213153537,139.0,44.6169760989,6.0
2016-10-03,0,1,20.0,29.0,1,85.0,75.1538461538,2.0,0.791131267322,139.0,48.8732208472,9.0
2016-10-04,1,1,18.0,27.0,0,85.0,70.9230769231,2.0,0.145278450363,139.0,51.9399972431,12.0
2016-10-05,2,1,18.0,23.0,1,85.0,65.5384615385,2.0,0.154373927959,139.0,54.0962324646,14.0
2016-10-06,3,1,19.0,24.0,0,85.0,59.7692307692,2.0,0.19943019943,139.0,55.2729643833,18.0
2016-10-07,4,1,18.0,22.0,0,85.0,53.7692307692,2.0,0.248377081569,139.0,55.2479082043,20.0
2016-10-08,5,0,14.0,20.0,0,84.0,54.3076923077,2.0,0.289855072464,139.0,54.8808283961,96.0
2016-10-09,6,0,15.0,19.0,0,84.0,61.5384615385,2.0,0.729847494553,139.0,53.6923076923,83.0
2016-10-10,0,0,14.0,18.0,0,84.0,59.8461538462,2.0,1.0794684025,139.0,52.6320261582,104.0
2016-10-11,1,0,15.0,18.0,0,85.0,59.3846153846,2.0,1.48673496191,139.0,52.2148497321,101.0
2016-10-12,2,0,14.0,17.0,0,85.0,57.9230769231,2.0,1.49068322981,139.0,50.7428836063,113.0
2016-10-13,3,0,15.0,20.0,1,89.0,55.9230769231,2.0,1.61585365854,139.0,47.9430135096,128.0
2016-10-14,4,0,15.0,19.0,0,89.0,55.0769230769,2.0,1.69642857143,139.0,46.5460260858,109.0
2016-10-15,5,1,15.0,21.0,1,89.0,62.5384615385,2.0,1.62037037037,139.0,46.8165246708,17.0
2016-10-16,6,1,15.0,24.0,0,85.0,63.3846153846,2.0,1.16380297824,139.0,45.876990146,8.0
2016-10-17,0,0,15.0,24.0,1,85.0,63.3076923077,2.0,0.657830142366,139.0,45.9688600541,128.0
2016-10-18,1,0,16.0,22.0,1,85.0,72.2307692308,2.0,0.741279069767,139.0,46.3998571718,99.0
2016-10-19,2,0,16.0,21.0,1,85.0,78.7692307692,2.0,1.15621156212,139.0,43.6404079621,132.0
2016-10-20,3,0,17.0,24.0,1,89.0,87.5384615385,2.0,1.77546983185,139.0,41.9699808189,124.0
2016-10-21,4,0,18.0,22.0,0,89.0,95.5384615385,2.0,1.77544386097,139.0,38.0639449522,139.0
2016-10-22,5,1,17.0,22.0,0,89.0,98.8461538462,2.0,1.80365296804,139.0,39.7895350638,26.0
2016-10-23,6,1,16.0,21.0,0,85.0,94.4615384615,2.0,1.3018018018,139.0,44.1912197764,10.0
2016-10-24,0,0,17.0,22.0,1,85.0,87.2307692308,2.0,0.787756020707,139.0,49.4199490181,132.0
2016-10-25,1,0,15.0,21.0,1,85.0,89.6153846154,6.0,0.699562773267,139.0,50.7566417958,121.0
2016-10-26,2,0,15.0,21.0,0,85.0,90.2307692308,6.0,1.02654176425,139.0,51.0838734845,113.0
2016-10-27,3,0,13.0,21.0,1,89.0,89.0769230769,6.0,1.35330005546,139.0,50.3823252562,128.0
2016-10-28,4,0,8.0,16.0,0,89.0,90.5384615385,6.0,1.26286412001,139.0,51.2078951013,134.0
2016-10-29,5,1,11.0,15.0,1,89.0,99.5384615385,6.0,1.28270908158,139.0,47.6503537554,19.0
2016-10-30,6,1,11.0,17.0,1,89.0,100.384615385,6.0,0.993810786914,139.0,46.0894422443,7.0
2016-10-31,0,0,11.0,19.0,1,85.0,91.0769230769,6.0,0.596569724087,139.0,51.4758517522,131.0
