time_stamp,dayofweek,holiday,lt,ht,sunny,m2M,w2A,m1L,d3w3,m1Lar,w2Std,pay_sum
2016-08-01,0,0,24.0,30.0,1,86.0,70.1538461538,43.0,0.999127399651,130.0,17.2129028252,52.0
2016-08-02,1,0,24.0,33.0,1,84.0,70.8461538462,43.0,0.981298129813,130.0,16.261545739,56.0
2016-08-03,2,0,25.0,34.0,1,83.0,70.2307692308,43.0,0.854012966689,130.0,16.6555781654,55.0
2016-08-04,3,0,25.0,33.0,1,82.0,68.6923076923,43.0,0.755679184052,130.0,17.0627106485,49.0
2016-08-05,4,0,25.0,32.0,1,82.0,66.3846153846,43.0,0.786047654139,130.0,17.5347499446,60.0
2016-08-06,5,1,24.0,33.0,1,82.0,63.7692307692,43.0,0.817140009965,130.0,15.6556887972,89.0
2016-08-07,6,1,23.0,31.0,1,82.0,62.8461538462,43.0,0.985810306199,130.0,13.6598578315,64.0
2016-08-08,0,0,24.0,32.0,1,81.0,63.2307692308,43.0,1.06207928197,130.0,13.6164710562,33.0
2016-08-09,1,0,25.0,33.0,1,81.0,61.2307692308,33.0,0.934438583271,130.0,15.8218633842,249.0
2016-08-10,2,0,26.0,33.0,1,82.0,76.6923076923,33.0,1.52557319224,249.0,52.0567510074,141.0
2016-08-11,3,0,27.0,34.0,1,83.0,82.8461538462,33.0,1.78707224335,249.0,54.5087800321,143.0
2016-08-12,4,0,25.0,29.0,0,84.0,89.3846153846,33.0,2.16402760861,249.0,56.2077717889,41.0
2016-08-13,5,1,24.0,31.0,0,84.0,85.7692307692,33.0,1.36354101112,249.0,57.6730224177,178.0
2016-08-14,6,1,24.0,33.0,1,87.0,93.0769230769,33.0,1.44857943177,249.0,62.6620502727,192.0
2016-08-15,0,0,21.0,29.0,0,88.0,103.846153846,33.0,1.52306837132,249.0,66.584643822,75.0
2016-08-16,1,0,23.0,31.0,1,88.0,105.307692308,33.0,1.63452708907,249.0,65.7213050755,93.0
2016-08-17,2,0,23.0,28.0,0,88.0,108.230769231,33.0,1.29032258065,249.0,64.2473032612,79.0
2016-08-18,3,0,22.0,24.0,0,87.0,110.538461538,33.0,0.876819311324,249.0,62.5959145688,73.0
2016-08-19,4,0,22.0,32.0,1,87.0,111.538461538,33.0,0.862827962669,249.0,61.8803005619,81.0
2016-08-20,5,1,23.0,31.0,1,87.0,110.923076923,33.0,0.823612583952,249.0,62.1406116908,95.0
2016-08-21,6,1,23.0,34.0,1,87.0,113.307692308,33.0,0.874604847208,249.0,60.8761474261,98.0
2016-08-22,0,0,23.0,32.0,1,88.0,118.307692308,33.0,0.939643347051,249.0,56.5935367544,65.0
2016-08-23,1,0,24.0,30.0,0,83.0,104.153846154,33.0,0.880696364567,249.0,43.6715823001,84.0
2016-08-24,2,0,24.0,31.0,0,83.0,99.7692307692,33.0,0.830810628994,249.0,42.6003861415,82.0
2016-08-25,3,0,18.0,30.0,1,82.0,95.0769230769,33.0,0.764267990074,249.0,40.9060114793,69.0
2016-08-26,4,0,17.0,29.0,1,82.0,97.2307692308,33.0,0.774044795784,249.0,38.6784651795,76.0
2016-08-27,5,1,20.0,32.0,1,82.0,89.3846153846,33.0,0.752527763965,249.0,31.1016657025,105.0
2016-08-28,6,1,18.0,31.0,1,83.0,82.6923076923,33.0,0.812215724496,249.0,11.4581822655,109.0
2016-08-29,0,0,19.0,31.0,1,83.0,85.3076923077,33.0,0.908521303258,249.0,13.1581189641,57.0
2016-08-30,1,0,19.0,31.0,1,82.0,82.5384615385,33.0,0.933195592287,249.0,14.9183180358,80.0
2016-08-31,2,0,19.0,33.0,1,81.0,82.6153846154,33.0,0.874666666667,249.0,14.9024441028,59.0
2016-09-01,3,0,19.0,27.0,1,80.0,81.5384615385,33.0,0.7295737949,249.0,16.0221739839,72.0
2016-09-02,4,0,19.0,28.0,1,80.0,80.8461538462,33.0,0.772045371387,249.0,16.2236586685,73.0
2016-09-03,5,1,20.0,30.0,1,79.0,79.1538461538,33.0,0.792079207921,249.0,15.8009062732,115.0
2016-09-04,6,1,18.0,29.0,0,79.0,80.4615384615,33.0,1.05691056911,249.0,17.8739836058,95.0
2016-09-05,0,0,20.0,31.0,1,79.0,82.7692307692,33.0,1.13654618474,249.0,17.6641917064,84.0
2016-09-06,1,0,21.0,30.0,1,79.0,82.7692307692,33.0,1.1871592974,249.0,17.6641917064,76.0
2016-09-07,2,0,19.0,31.0,1,79.0,82.3076923077,41.0,1.03155339806,249.0,17.7564056281,69.0
2016-09-08,3,0,18.0,31.0,1,79.0,82.3076923077,41.0,0.928629359286,192.0,17.7564056281,66.0
2016-09-09,4,0,19.0,31.0,1,76.0,81.5384615385,41.0,0.863515449151,192.0,18.2234649438,94.0
2016-09-10,5,1,18.0,30.0,1,79.0,80.6923076923,41.0,0.937755937756,192.0,17.3488399762,119.0
2016-09-11,6,1,18.0,25.0,0,79.0,81.4615384615,57.0,1.12795633717,192.0,18.7518835346,90.0
2016-09-12,0,0,18.0,27.0,1,79.0,84.0,57.0,1.20669056153,192.0,17.4576410425,57.0
2016-09-13,1,0,19.0,27.0,1,76.0,82.2307692308,57.0,1.07670512042,119.0,18.8808158484,68.0
2016-09-14,2,0,20.0,30.0,1,76.0,82.9230769231,57.0,0.87773014901,119.0,18.167856393,99.0
2016-09-15,3,1,21.0,30.0,1,76.0,85.0,57.0,0.897975546202,119.0,18.3428879531,92.0
2016-09-16,4,1,20.0,30.0,0,76.0,86.4615384615,57.0,1.02838991463,119.0,18.0836321429,102.0
2016-09-17,5,1,17.0,24.0,1,79.0,85.4615384615,57.0,1.16547334924,119.0,16.7910937226,128.0
2016-09-18,6,0,15.0,22.0,0,79.0,88.0,57.0,1.26647000983,128.0,20.1913919206,66.0
2016-09-19,0,0,13.0,25.0,1,79.0,86.6153846154,57.0,1.15805946792,128.0,21.0184478002,47.0
2016-09-20,1,0,14.0,26.0,1,79.0,84.3846153846,47.0,0.961500099741,128.0,23.4275920872,51.0
2016-09-21,2,0,16.0,23.0,0,76.0,83.0,47.0,0.65744638204,128.0,24.7883347255,59.0
2016-09-22,3,0,17.0,26.0,0,76.0,82.4615384615,47.0,0.634343434343,128.0,25.2239671882,66.0
2016-09-23,4,0,19.0,27.0,1,76.0,80.3076923077,47.0,0.714140799351,128.0,25.34192214,86.0
2016-09-24,5,1,20.0,29.0,1,76.0,77.7692307692,47.0,0.871540685667,128.0,22.8713924306,111.0
2016-09-25,6,1,19.0,27.0,1,79.0,79.3846153846,47.0,1.07566462168,128.0,24.3706584663,107.0
2016-09-26,0,0,19.0,24.0,0,80.0,83.2307692308,47.0,1.22605363985,128.0,24.4796739739,55.0
2016-09-27,1,0,12.0,23.0,1,80.0,82.2307692308,47.0,1.11519607843,128.0,25.3321135386,69.0
2016-09-28,2,0,10.0,20.0,1,79.0,79.9230769231,47.0,0.94362745098,128.0,25.064414058,67.0
2016-09-29,3,0,12.0,22.0,1,76.0,78.0,47.0,0.779750969586,128.0,25.023066282,75.0
2016-09-30,4,0,14.0,24.0,1,76.0,75.9230769231,47.0,0.871540685667,128.0,24.0463064122,96.0
2016-10-01,5,1,15.0,26.0,1,79.0,73.4615384615,47.0,0.997276346114,128.0,19.8634391035,97.0
2016-10-02,6,1,16.0,26.0,1,80.0,75.8461538462,47.0,1.11806424698,128.0,20.6689888623,74.0
2016-10-03,0,1,16.0,28.0,1,80.0,77.9230769231,47.0,1.10216718266,128.0,18.9511986163,77.0
2016-10-04,1,1,11.0,19.0,0,80.0,79.9230769231,47.0,1.01806239737,128.0,17.3047860808,83.0
2016-10-05,2,1,13.0,21.0,1,80.0,81.7692307692,47.0,0.970149253731,128.0,16.2203758192,81.0
2016-10-06,3,1,14.0,17.0,0,81.0,82.9230769231,47.0,1.00605301607,128.0,15.5783949922,76.0
2016-10-07,4,1,12.0,16.0,0,81.0,82.1538461538,47.0,1.01845957989,128.0,15.6541769007,99.0
2016-10-08,5,0,5.0,19.0,1,81.0,81.2307692308,47.0,1.10678772157,128.0,14.213503039,66.0
2016-10-09,6,0,8.0,18.0,1,80.0,78.0769230769,47.0,1.04193687851,128.0,12.6031835933,69.0
2016-10-10,0,0,10.0,20.0,1,79.0,79.1538461538,47.0,0.997442455243,128.0,11.0929371421,69.0
2016-10-11,1,0,10.0,20.0,1,79.0,79.1538461538,47.0,0.859671302149,128.0,11.0929371421,59.0
2016-10-12,2,0,10.0,19.0,1,77.0,78.5384615385,47.0,0.830172777075,128.0,11.9396906584,73.0
2016-10-13,3,0,12.0,22.0,1,76.0,78.3846153846,47.0,0.843297671492,128.0,11.9970410553,72.0
2016-10-14,4,0,13.0,23.0,1,76.0,76.5384615385,47.0,0.863492063492,128.0,10.9447239457,111.0
2016-10-15,5,1,11.0,17.0,0,76.0,77.6153846154,47.0,1.0835978836,128.0,13.3332347136,128.0
2016-10-16,6,1,12.0,20.0,1,76.0,81.7692307692,47.0,1.29908103592,128.0,18.8359470006,136.0
2016-10-17,0,0,9.0,21.0,1,77.0,86.3076923077,47.0,1.49075730471,136.0,23.6362974303,76.0
2016-10-18,1,0,12.0,20.0,1,76.0,85.7692307692,47.0,1.34600158353,136.0,23.7847845551,69.0
2016-10-19,2,0,14.0,22.0,1,76.0,84.8461538462,51.0,1.11111111111,136.0,24.1815128172,75.0
2016-10-20,3,0,11.0,15.0,0,76.0,84.7692307692,55.0,0.869909054962,136.0,24.2111031304,58.0
2016-10-21,4,0,11.0,11.0,0,76.0,81.6153846154,55.0,0.81715210356,136.0,24.8148171045,97.0
2016-10-22,5,1,7.0,15.0,1,76.0,84.0,55.0,0.930420711974,136.0,24.6888327294,90.0
2016-10-23,6,1,0.0,5.0,1,76.0,85.6153846154,55.0,0.981570512821,136.0,24.3390741924,151.0
2016-10-24,0,0,6.0,13.0,1,76.0,91.9230769231,55.0,1.29650939778,151.0,29.3295900427,72.0
2016-10-25,1,0,10.0,17.0,1,76.0,92.9230769231,55.0,1.20826095348,151.0,28.3968078879,76.0
2016-10-26,2,0,0.0,10.0,1,76.0,93.1538461538,58.0,1.15756871854,151.0,28.2457516311,75.0
2016-10-27,3,0,7.0,11.0,0,76.0,93.3846153846,58.0,0.86383885338,151.0,28.0837715568,76.0
2016-10-28,4,0,2.0,13.0,1,76.0,90.6923076923,58.0,0.891244601492,151.0,27.9433069333,107.0
2016-10-29,5,1,2.0,12.0,1,76.0,89.0769230769,58.0,0.989074180564,151.0,26.2984689185,156.0
2016-10-30,6,1,2.0,13.0,1,76.0,90.6153846154,58.0,1.23767798467,156.0,29.4005192564,123.0
2016-10-31,0,0,-4.0,6.0,1,76.0,94.2307692308,58.0,1.36879432624,156.0,30.2582572231,57.0
