time_stamp,dayofweek,holiday,lt,ht,sunny,m2M,w2A,m1L,d3w3,m1Lar,w2Std,pay_sum
2016-08-01,0,0,28.0,34.0,1,55.0,6.0,6.0,1.0,73.0,0.0,6.0
2016-08-02,1,0,28.0,34.0,0,53.0,6.0,6.0,1.0,73.0,0.0,6.0
2016-08-03,2,0,26.0,32.0,0,53.0,6.0,6.0,1.0,71.0,0.0,6.0
2016-08-04,3,0,27.0,32.0,0,52.0,6.0,6.0,1.0,71.0,0.0,6.0
2016-08-05,4,0,27.0,33.0,0,48.0,6.0,6.0,1.0,62.0,0.0,6.0
2016-08-06,5,1,27.0,33.0,1,48.0,6.0,6.0,1.0,62.0,0.0,6.0
2016-08-07,6,1,27.0,34.0,1,45.0,6.0,6.0,1.0,48.0,0.0,6.0
2016-08-08,0,0,27.0,34.0,0,39.0,6.0,6.0,1.0,21.0,0.0,6.0
2016-08-09,1,0,28.0,34.0,1,21.0,6.0,6.0,1.0,6.0,0.0,6.0
2016-08-10,2,0,28.0,34.0,1,6.0,6.0,6.0,1.0,6.0,0.0,6.0
2016-08-11,3,0,28.0,35.0,1,6.0,6.0,6.0,1.0,6.0,0.0,6.0
2016-08-12,4,0,28.0,34.0,1,6.0,6.0,6.0,1.0,6.0,0.0,6.0
2016-08-13,5,1,28.0,35.0,1,6.0,6.0,6.0,1.0,6.0,0.0,15.0
2016-08-14,6,1,28.0,36.0,1,6.0,6.69230769231,6.0,1.39534883721,15.0,2.3982241951,24.0
2016-08-15,0,0,28.0,35.0,1,6.0,8.07692307692,6.0,2.04081632653,24.0,5.18075638169,30.0
2016-08-16,1,0,28.0,35.0,1,6.0,9.92307692308,6.0,2.69005847953,30.0,7.75054874942,25.0
2016-08-17,2,0,28.0,35.0,1,6.0,11.3846153846,6.0,2.77192982456,30.0,8.6160714012,22.0
2016-08-18,3,0,28.0,36.0,1,6.0,12.6153846154,6.0,2.49190938511,30.0,8.89717726662,19.0
2016-08-19,4,0,29.0,36.0,1,6.0,13.6153846154,6.0,2.00913242009,30.0,8.82774003258,23.0
2016-08-20,5,1,28.0,37.0,0,6.0,14.9230769231,6.0,1.80790960452,30.0,8.86185896856,27.0
2016-08-21,6,1,28.0,35.0,0,6.0,16.5384615385,6.0,1.78988326848,30.0,9.00098613927,9.0
2016-08-22,0,0,28.0,35.0,1,6.0,16.7692307692,6.0,1.51282051282,30.0,8.76315579048,34.0
2016-08-23,1,0,26.0,34.0,1,6.0,18.9230769231,6.0,1.62037037037,34.0,9.27744608808,47.0
2016-08-24,2,0,26.0,34.0,1,6.0,22.0769230769,6.0,1.82370820669,47.0,11.1318084678,58.0
2016-08-25,3,0,27.0,35.0,1,6.0,26.0769230769,6.0,2.4321959755,58.0,13.6858238754,54.0
2016-08-26,4,0,26.0,34.0,0,6.0,29.7692307692,6.0,2.47086247086,58.0,14.2351344656,74.0
2016-08-27,5,1,23.0,31.0,1,6.0,34.3076923077,6.0,2.49496981891,74.0,17.7693972686,55.0
2016-08-28,6,1,22.0,30.0,1,6.0,36.6923076923,6.0,2.23443223443,74.0,18.2983169272,74.0
2016-08-29,0,0,23.0,31.0,1,6.0,40.0769230769,6.0,2.20412595005,74.0,20.6638351436,50.0
2016-08-30,1,0,23.0,31.0,1,6.0,42.0,6.0,1.81357649443,74.0,20.3318620737,52.0
2016-08-31,2,0,25.0,34.0,1,6.0,44.3076923077,6.0,1.66666666667,74.0,19.6209645156,45.0
2016-09-01,3,0,26.0,33.0,1,6.0,46.3076923077,6.0,1.31897711978,74.0,18.2140462086,54.0
2016-09-02,4,0,25.0,34.0,1,6.0,48.6923076923,6.0,1.27265065318,74.0,16.9949522614,68.0
2016-09-03,5,1,25.0,35.0,1,6.0,51.8461538462,6.0,1.31911532385,74.0,16.4730369618,65.0
2016-09-04,6,1,25.0,33.0,1,6.0,56.1538461538,6.0,1.40866290019,74.0,11.1758403838,107.0
2016-09-05,0,0,25.0,30.0,0,6.0,61.7692307692,6.0,1.6632016632,107.0,15.9525924884,79.0
2016-09-06,1,0,22.0,27.0,0,6.0,64.2307692308,6.0,1.6469816273,107.0,15.9525924884,62.0
2016-09-07,2,0,20.0,24.0,0,6.0,64.5384615385,6.0,1.56565656566,107.0,15.8677970194,75.0
2016-09-08,3,0,22.0,29.0,1,6.0,66.1538461538,6.0,1.29496402878,107.0,15.7814211793,94.0
2016-09-09,4,0,23.0,31.0,1,6.0,67.6923076923,6.0,1.30177514793,107.0,17.3665665327,68.0
2016-09-10,5,1,24.0,29.0,1,6.0,68.6923076923,6.0,1.2908496732,107.0,16.9768376841,87.0
2016-09-11,6,1,23.0,26.0,0,6.0,69.6923076923,9.0,1.27496159754,107.0,17.6303262127,84.0
2016-09-12,0,0,23.0,29.0,1,9.0,72.3076923077,9.0,1.17850098619,107.0,17.0266063983,86.0
2016-09-13,1,0,23.0,30.0,1,15.0,74.9230769231,9.0,1.23172777378,107.0,16.3022487286,79.0
2016-09-14,2,0,22.0,24.0,0,19.0,77.5384615385,9.0,1.17563739377,107.0,13.8320440929,64.0
2016-09-15,3,1,23.0,26.0,0,22.0,78.3076923077,9.0,1.07360525082,107.0,12.7362874399,40.0
2016-09-16,4,1,23.0,27.0,0,23.0,76.1538461538,9.0,0.878962536023,107.0,16.1951852002,50.0
2016-09-17,5,1,23.0,27.0,0,24.0,75.0,9.0,0.742347553627,107.0,17.4355957742,103.0
2016-09-18,6,0,23.0,28.0,0,25.0,74.6923076923,9.0,0.911237016053,107.0,16.8950817394,109.0
2016-09-19,0,0,21.0,27.0,0,27.0,77.0,9.0,1.18740086109,109.0,19.2153784566,83.0
2016-09-20,1,0,20.0,26.0,1,30.0,78.6153846154,34.0,1.30936529072,109.0,18.7638706091,38.0
2016-09-21,2,0,20.0,27.0,1,34.0,75.7692307692,38.0,1.02564102564,109.0,21.6764808603,95.0
2016-09-22,3,0,21.0,27.0,1,38.0,75.8461538462,38.0,0.9375,109.0,21.7427128512,87.0
2016-09-23,4,0,21.0,27.0,1,40.0,77.3076923077,38.0,0.943193997856,109.0,21.8046735124,77.0
2016-09-24,5,1,22.0,28.0,1,45.0,76.5384615385,38.0,1.10189321421,109.0,21.6248268454,106.0
2016-09-25,6,1,23.0,29.0,1,47.0,78.2307692308,38.0,1.14942528736,109.0,22.9620216416,109.0
2016-09-26,0,0,24.0,31.0,1,50.0,80.0,38.0,1.21971595656,109.0,24.3373723378,71.0
2016-09-27,1,0,25.0,30.0,0,50.0,79.3846153846,38.0,1.18795430945,109.0,24.4557322572,67.0
2016-09-28,2,0,22.0,28.0,0,52.0,79.6153846154,38.0,1.03109997913,109.0,24.3232666757,87.0
2016-09-29,3,0,22.0,25.0,0,54.0,83.2307692308,38.0,0.943396226415,109.0,21.4947358355,57.0
2016-09-30,4,0,23.0,28.0,0,54.0,83.7692307692,38.0,0.890859193582,109.0,20.7295918033,93.0
2016-10-01,5,1,24.0,29.0,0,55.0,83.0,38.0,0.996845425868,109.0,20.1799595944,75.0
2016-10-02,6,1,24.0,32.0,1,57.0,80.3846153846,38.0,0.951776649746,109.0,18.7966382491,46.0
2016-10-03,0,1,22.0,26.0,1,57.0,77.5384615385,38.0,0.928819444444,109.0,20.8718263718,69.0
2016-10-04,1,1,22.0,26.0,1,58.0,79.9230769231,38.0,0.83005679336,109.0,17.7567388658,36.0
2016-10-05,2,1,22.0,27.0,1,58.0,75.3846153846,36.0,0.672007120605,109.0,20.6305914063,66.0
2016-10-06,3,1,22.0,26.0,0,62.0,73.7692307692,36.0,0.748031496063,109.0,20.4794600521,66.0
2016-10-07,4,1,20.0,25.0,0,64.0,72.9230769231,36.0,0.727272727273,109.0,20.5555964248,92.0
2016-10-08,5,0,17.0,22.0,0,65.0,71.8461538462,36.0,0.976673206889,109.0,19.1103924761,85.0
2016-10-09,6,0,18.0,22.0,1,66.0,70.0,36.0,1.07641196013,109.0,16.3988742578,93.0
2016-10-10,0,0,18.0,22.0,1,66.0,71.6923076923,36.0,1.18811881188,109.0,17.5121259764,98.0
2016-10-11,1,0,19.0,25.0,1,67.0,74.0769230769,36.0,1.16825396825,109.0,18.7758500308,90.0
2016-10-12,2,0,19.0,23.0,1,68.0,74.3076923077,36.0,1.1932059448,109.0,18.9508863823,106.0
2016-10-13,3,0,19.0,23.0,1,68.0,78.0769230769,36.0,1.23348017621,109.0,19.9786868686,106.0
2016-10-14,4,0,19.0,23.0,0,69.0,79.0769230769,36.0,1.24433456943,109.0,20.9998591148,93.0
2016-10-15,5,1,21.0,25.0,1,71.0,80.4615384615,36.0,1.26687435099,109.0,21.2769842593,110.0
2016-10-16,6,1,20.0,26.0,1,74.0,85.3846153846,36.0,1.28268991283,110.0,20.1056381742,127.0
2016-10-17,0,0,20.0,25.0,1,74.0,89.8461538462,36.0,1.32370637786,127.0,22.2912406179,70.0
2016-10-18,1,0,20.0,25.0,1,74.0,92.4615384615,36.0,1.22922922923,127.0,17.2431274364,112.0
2016-10-19,2,0,20.0,24.0,0,75.0,96.0,36.0,1.21893491124,127.0,16.1340538089,83.0
2016-10-20,3,0,20.0,23.0,0,75.0,97.3076923077,36.0,1.02952602953,127.0,14.2255707761,88.0
2016-10-21,4,0,0.0,21.0,0,77.0,97.0,36.0,1.10266900448,127.0,14.3794725484,62.0
2016-10-22,5,1,19.0,23.0,0,77.0,95.2307692308,36.0,0.914801727523,127.0,16.9349608623,61.0
2016-10-23,6,1,18.0,23.0,1,77.0,92.7692307692,36.0,0.821171434131,127.0,19.2479922875,126.0
2016-10-24,0,0,20.0,24.0,1,79.0,94.9230769231,36.0,0.937853107345,127.0,21.1822187349,109.0
2016-10-25,1,0,18.0,22.0,1,79.0,96.3846153846,36.0,1.07071803219,127.0,21.4459551917,102.0
2016-10-26,2,0,19.0,21.0,0,83.0,96.0769230769,36.0,1.19567145645,127.0,21.334196235,85.0
2016-10-27,3,0,18.0,22.0,0,83.0,94.4615384615,36.0,1.0396909027,127.0,21.3167156678,100.0
2016-10-28,4,0,15.0,20.0,0,84.0,95.0,36.0,1.00384749913,127.0,21.3613597954,103.0
2016-10-29,5,1,13.0,17.0,1,85.0,94.4615384615,36.0,0.997920997921,127.0,21.0626004115,107.0
2016-10-30,6,1,14.0,18.0,1,85.0,92.9230769231,36.0,1.06639146887,127.0,19.2851538693,128.0
2016-10-31,0,0,13.0,17.0,0,86.0,97.3846153846,36.0,1.14498644986,128.0,20.155314098,92.0
