time_stamp,dayofweek,holiday,lt,ht,sunny,m2M,w2A,m1L,d3w3,m1Lar,w2Std,pay_sum
2016-08-01,0,0,28.0,36.0,1,61.0,65.6923076923,1.0,1.1306042885,155.0,30.8579490205,26.0
2016-08-02,1,0,27.0,36.0,0,61.0,67.6153846154,1.0,0.873907615481,155.0,27.3454776504,37.0
2016-08-03,2,0,26.0,32.0,0,61.0,66.6923076923,1.0,0.638030645566,155.0,28.1490117749,32.0
2016-08-04,3,0,26.0,33.0,0,61.0,63.7692307692,1.0,0.489438433797,155.0,29.5898991242,66.0
2016-08-05,4,0,27.0,33.0,0,64.0,61.6923076923,1.0,0.721153846154,155.0,28.3884716997,26.0
2016-08-06,5,1,26.0,33.0,0,64.0,53.8461538462,1.0,0.738754840632,155.0,22.4528434171,66.0
2016-08-07,6,1,27.0,35.0,1,65.0,51.8461538462,1.0,0.950661853189,155.0,19.9878661417,73.0
2016-08-08,0,0,27.0,34.0,0,65.0,53.8461538462,1.0,0.932203389831,155.0,20.6913068102,76.0
2016-08-09,1,0,27.0,34.0,1,65.0,54.6153846154,1.0,1.14209827357,155.0,21.3056094511,87.0
2016-08-10,2,0,28.0,35.0,1,65.0,58.6153846154,1.0,1.21680845579,155.0,22.1134781787,51.0
2016-08-11,3,0,28.0,35.0,1,65.0,59.3846153846,1.0,1.1198325484,155.0,21.6565444418,61.0
2016-08-12,4,0,28.0,36.0,1,65.0,57.6923076923,1.0,1.06816961889,155.0,20.5777498037,64.0
2016-08-13,5,1,28.0,36.0,1,65.0,56.0769230769,1.0,0.996038483305,155.0,19.1450396808,97.0
2016-08-14,6,1,28.0,37.0,1,66.0,58.6153846154,1.0,1.25105663567,155.0,22.0018826521,74.0
2016-08-15,0,0,27.0,36.0,1,66.0,62.3076923077,1.0,1.29476584022,128.0,20.169987664,33.0
2016-08-16,1,0,27.0,36.0,1,66.0,62.0,1.0,1.15548003398,128.0,20.5800500859,38.0
2016-08-17,2,0,27.0,36.0,1,65.0,62.4615384615,1.0,0.819209039548,128.0,19.96001921,20.0
2016-08-18,3,0,28.0,36.0,1,65.0,58.9230769231,20.0,0.523439746908,128.0,22.8825144478,46.0
2016-08-19,4,0,29.0,37.0,1,65.0,60.4615384615,20.0,0.617944147356,128.0,21.2299330939,51.0
2016-08-20,5,1,28.0,37.0,0,65.0,59.3076923077,20.0,0.716911764706,128.0,21.3050539883,69.0
2016-08-21,6,1,28.0,35.0,0,65.0,59.0,20.0,1.01250381214,128.0,21.1332767127,50.0
2016-08-22,0,0,27.0,35.0,1,65.0,57.0,20.0,1.01462250075,97.0,20.6546698017,27.0
2016-08-23,1,0,26.0,35.0,1,65.0,52.3846153846,20.0,0.879253236977,97.0,20.1324019796,30.0
2016-08-24,2,0,25.0,34.0,1,64.0,50.7692307692,20.0,0.645550527903,97.0,21.0023949043,29.0
2016-08-25,3,0,26.0,35.0,1,64.0,48.3076923077,20.0,0.536828963795,97.0,21.5277445865,36.0
2016-08-26,4,0,24.0,32.0,0,64.0,46.1538461538,20.0,0.587507730365,97.0,21.2488774503,33.0
2016-08-27,5,1,23.0,30.0,1,64.0,41.2307692308,20.0,0.625199362041,97.0,15.5472176395,105.0
2016-08-28,6,1,20.0,31.0,1,64.0,43.6153846154,20.0,1.07706592386,105.0,21.5925145916,45.0
2016-08-29,0,0,20.0,32.0,1,61.0,44.5384615385,20.0,1.16634799235,105.0,21.3743749692,63.0
2016-08-30,1,0,21.0,31.0,1,61.0,46.4615384615,20.0,1.38943248532,105.0,21.819593822,29.0
2016-08-31,2,0,23.0,33.0,1,59.0,47.1538461538,20.0,0.913333333333,105.0,21.0999312935,29.0
2016-09-01,3,0,24.0,33.0,1,58.0,45.8461538462,20.0,0.833333333333,105.0,21.6505326062,18.0
2016-09-02,4,0,24.0,34.0,1,57.0,43.3076923077,18.0,0.549530007231,105.0,22.8014325305,27.0
2016-09-03,5,1,22.0,34.0,1,57.0,40.0769230769,18.0,0.579029733959,105.0,21.8894478915,76.0
2016-09-04,6,1,23.0,32.0,1,57.0,42.0769230769,18.0,0.944574551132,105.0,23.808406849,59.0
2016-09-05,0,0,24.0,32.0,1,59.0,44.5384615385,18.0,1.22727272727,105.0,23.776573424,21.0
2016-09-06,1,0,21.0,26.0,0,57.0,43.8461538462,18.0,1.20509849363,105.0,24.3147506792,24.0
2016-09-07,2,0,21.0,25.0,0,51.0,43.4615384615,18.0,0.79969242599,105.0,24.5845961298,30.0
2016-09-08,3,0,21.0,30.0,1,51.0,43.0,18.0,0.587544065805,105.0,24.7759188295,9.0
2016-09-09,4,0,22.0,32.0,1,50.0,41.1538461538,9.0,0.519159456119,105.0,26.2995938952,25.0
2016-09-10,5,1,23.0,29.0,1,49.0,35.0,9.0,0.557734204793,105.0,18.9817726334,61.0
2016-09-11,6,1,21.0,28.0,1,50.0,36.2307692308,9.0,0.816151202749,105.0,20.0773651587,52.0
2016-09-12,0,0,21.0,29.0,1,50.0,35.3846153846,9.0,1.14856429463,105.0,19.14133048,13.0
2016-09-13,1,0,21.0,30.0,1,49.0,34.1538461538,9.0,1.07142857143,105.0,20.0070993317,12.0
2016-09-14,2,0,21.0,24.0,0,47.0,32.8461538462,9.0,0.669274228596,105.0,20.8394823273,11.0
2016-09-15,3,1,21.0,25.0,0,46.0,32.3076923077,9.0,0.323450134771,105.0,21.3014431269,11.0
2016-09-16,4,1,22.0,25.0,0,46.0,31.0769230769,9.0,0.314814814815,105.0,22.0225812029,57.0
2016-09-17,5,1,21.0,27.0,1,47.0,29.6153846154,9.0,0.78373015873,105.0,19.4759751866,48.0
2016-09-18,6,0,21.0,27.0,1,47.0,28.7692307692,9.0,1.14567901235,105.0,18.3896034431,72.0
2016-09-19,0,0,20.0,26.0,1,47.0,32.6923076923,9.0,1.72514619883,105.0,21.4919828179,121.0
2016-09-20,1,0,19.0,26.0,1,47.0,40.1538461538,9.0,2.0704467354,121.0,31.6272670914,66.0
2016-09-21,2,0,18.0,26.0,1,47.0,42.9230769231,9.0,2.12382123821,121.0,32.1880568832,84.0
2016-09-22,3,0,17.0,27.0,1,47.0,48.6923076923,9.0,2.05536594615,121.0,32.3119044873,59.0
2016-09-23,4,0,19.0,27.0,1,48.0,51.3076923077,9.0,1.52945481156,121.0,31.6577481472,130.0
2016-09-24,5,1,19.0,28.0,1,48.0,56.6153846154,9.0,1.88601036269,130.0,37.9889426454,119.0
2016-09-25,6,1,21.0,29.0,1,50.0,61.7692307692,9.0,2.00325203252,130.0,41.4044847927,78.0
2016-09-26,0,0,23.0,30.0,1,51.0,66.7692307692,9.0,2.01478743068,130.0,39.0722286702,33.0
2016-09-27,1,0,23.0,30.0,1,50.0,68.3846153846,9.0,1.40543843569,130.0,37.1618879655,22.0
2016-09-28,2,0,21.0,26.0,0,48.0,69.2307692308,9.0,0.818713450292,130.0,35.951150289,30.0
2016-09-29,3,0,20.0,23.0,0,46.0,70.6923076923,9.0,0.513285024155,130.0,33.8807515478,44.0
2016-09-30,4,0,21.0,24.0,0,46.0,69.6923076923,9.0,0.569902048085,130.0,34.4570738866,60.0
2016-10-01,5,1,22.0,25.0,0,48.0,70.6153846154,9.0,0.796197266786,130.0,34.0215733854,95.0
2016-10-02,6,1,21.0,30.0,0,50.0,72.3846153846,9.0,1.13876967096,130.0,34.6399912541,104.0
2016-10-03,0,1,19.0,25.0,1,50.0,71.0769230769,9.0,1.37473460722,130.0,33.0651141711,117.0
2016-10-04,1,1,21.0,27.0,1,51.0,75.0,9.0,1.54788145971,130.0,35.187410336,90.0
2016-10-05,2,1,20.0,28.0,1,51.0,75.4615384615,9.0,1.43981481481,130.0,35.3414452376,67.0
2016-10-06,3,1,20.0,25.0,1,51.0,76.0769230769,9.0,1.22103386809,130.0,35.1183965344,96.0
2016-10-07,4,1,18.0,22.0,0,51.0,73.4615384615,9.0,1.09880564604,130.0,32.1453798202,50.0
2016-10-08,5,0,16.0,23.0,1,50.0,68.1538461538,11.0,0.9238776838,130.0,29.7989317151,33.0
2016-10-09,6,0,14.0,21.0,1,50.0,64.6923076923,11.0,0.796617712506,130.0,31.0418690342,21.0
2016-10-10,0,0,15.0,22.0,1,48.0,63.7692307692,11.0,0.495946590367,130.0,32.1299138024,16.0
2016-10-11,1,0,17.0,23.0,1,46.0,63.3076923077,11.0,0.346191889219,130.0,32.7634520004,16.0
2016-10-12,2,0,17.0,22.0,1,45.0,62.2307692308,11.0,0.276041666667,130.0,34.0455664032,14.0
2016-10-13,3,0,17.0,20.0,1,44.0,59.9230769231,11.0,0.248313090418,130.0,36.1545008124,15.0
2016-10-14,4,0,18.0,21.0,1,44.0,56.4615384615,11.0,0.267857142857,130.0,38.0841484986,18.0
2016-10-15,5,1,19.0,21.0,0,44.0,50.5384615385,14.0,0.307491004253,130.0,37.6146767276,51.0
2016-10-16,6,1,18.0,25.0,1,45.0,46.4615384615,14.0,0.564516129032,130.0,34.3278657487,84.0
2016-10-17,0,0,18.0,25.0,1,45.0,43.9230769231,14.0,0.97794822627,130.0,29.960131299,13.0
2016-10-18,1,0,18.0,24.0,1,44.0,38.0,13.0,0.954223081883,130.0,27.798727143,10.0
2016-10-19,2,0,19.0,22.0,0,36.0,33.6153846154,10.0,0.703484549638,130.0,27.3707830234,12.0
2016-10-20,3,0,19.0,22.0,0,33.0,27.1538461538,10.0,0.237610319077,130.0,21.0707458663,8.0
2016-10-21,4,0,20.0,22.0,0,33.0,23.9230769231,8.0,0.215053763441,130.0,20.5331309706,17.0
2016-10-22,5,1,19.0,22.0,0,33.0,22.6923076923,8.0,0.28951486698,130.0,20.4314411382,66.0
2016-10-23,6,1,16.0,22.0,1,36.0,26.1538461538,8.0,0.745290745291,119.0,23.4417318665,41.0
2016-10-24,0,0,17.0,23.0,1,41.0,28.0769230769,8.0,1.12014453478,117.0,23.5550469472,12.0
2016-10-25,1,0,16.0,19.0,1,41.0,27.7692307692,8.0,1.20202020202,117.0,23.7362230362,10.0
2016-10-26,2,0,17.0,20.0,0,33.0,27.4615384615,8.0,0.696517412935,117.0,23.9377891936,15.0
2016-10-27,3,0,16.0,19.0,0,33.0,27.4615384615,8.0,0.472541507024,117.0,23.9377891936,17.0
2016-10-28,4,0,14.0,18.0,0,30.0,27.3846153846,8.0,0.572597137014,117.0,23.969655373,19.0
2016-10-29,5,1,9.0,13.0,0,30.0,24.9230769231,8.0,0.715789473684,117.0,23.0433088518,121.0
2016-10-30,6,1,13.0,18.0,1,33.0,27.7692307692,8.0,1.82028985507,121.0,31.0561621438,72.0
2016-10-31,0,0,11.0,16.0,0,33.0,32.3076923077,8.0,2.23983095615,121.0,32.8267822538,82.0
