time_stamp,dayofweek,holiday,lt,ht,sunny,m2M,w2A,m1L,d3w3,m1Lar,w2Std,pay_sum
2016-08-01,0,0,24.0,30.0,0,62.0,68.6153846154,42.0,1.15832068791,107.0,16.2411559912,54.0
2016-08-02,1,0,23.0,31.0,1,62.0,67.0,42.0,1.11616161616,107.0,16.5668807704,55.0
2016-08-03,2,0,23.0,31.0,1,62.0,67.6153846154,42.0,1.01703534198,107.0,15.9496248402,50.0
2016-08-04,3,0,24.0,31.0,0,60.0,66.9230769231,46.0,0.807311500381,107.0,16.4945750451,48.0
2016-08-05,4,0,24.0,33.0,0,60.0,65.0769230769,46.0,0.77566539924,107.0,17.1529837658,51.0
2016-08-06,5,1,24.0,30.0,0,60.0,61.3076923077,46.0,0.778474399164,107.0,14.1930894094,73.0
2016-08-07,6,1,23.0,28.0,0,62.0,60.1538461538,46.0,0.900759361089,107.0,12.482887695,84.0
2016-08-08,0,0,24.0,29.0,0,62.0,62.8461538462,46.0,1.06095383831,107.0,13.5183416931,24.0
2016-08-09,1,0,24.0,32.0,1,62.0,60.8461538462,24.0,0.960721868365,100.0,16.7967311556,270.0
2016-08-10,2,0,26.0,34.0,1,62.0,77.1538461538,24.0,1.70385395538,270.0,58.1428561044,174.0
2016-08-11,3,0,27.0,35.0,1,62.0,85.5384615385,24.0,1.95734002509,270.0,63.4066429238,178.0
2016-08-12,4,0,26.0,35.0,1,62.0,94.4615384615,24.0,2.43921568627,270.0,67.4965701517,228.0
2016-08-13,5,1,26.0,34.0,1,63.0,106.153846154,24.0,2.11524434719,270.0,75.9249084028,241.0
2016-08-14,6,1,24.0,33.0,0,64.0,117.692307692,24.0,2.17735150597,270.0,83.740794778,224.0
2016-08-15,0,0,24.0,29.0,0,65.0,130.769230769,24.0,2.14285714286,270.0,86.0162362546,80.0
2016-08-16,1,0,23.0,27.0,0,66.0,132.692307692,24.0,1.66209210125,270.0,84.5680287064,65.0
2016-08-17,2,0,23.0,27.0,0,65.0,133.846153846,24.0,1.12175102599,270.0,83.5278361283,68.0
2016-08-18,3,0,26.0,32.0,1,65.0,135.384615385,24.0,0.646630236794,270.0,82.1045660321,57.0
2016-08-19,4,0,24.0,29.0,0,65.0,135.846153846,24.0,0.578122622851,270.0,81.6444883945,74.0
2016-08-20,5,1,22.0,28.0,0,66.0,135.923076923,24.0,0.606060606061,270.0,81.5856902408,83.0
2016-08-21,6,1,22.0,30.0,1,66.0,135.846153846,24.0,0.65413418921,270.0,81.6350661399,75.0
2016-08-22,0,0,22.0,32.0,1,68.0,139.769230769,24.0,0.702391765062,270.0,77.2748877969,64.0
2016-08-23,1,0,24.0,32.0,1,66.0,123.923076923,24.0,0.669380370873,270.0,69.6943453599,69.0
2016-08-24,2,0,26.0,33.0,1,66.0,115.846153846,24.0,0.621823617339,270.0,69.5068852747,61.0
2016-08-25,3,0,19.0,26.0,0,65.0,106.846153846,24.0,0.576608708575,270.0,68.4429533979,60.0
2016-08-26,4,0,17.0,26.0,1,65.0,93.9230769231,24.0,0.562462995856,270.0,59.6418303625,61.0
2016-08-27,5,1,17.0,28.0,1,65.0,80.0769230769,24.0,0.541666666667,270.0,42.247369583,74.0
2016-08-28,6,1,17.0,28.0,1,66.0,68.5384615385,24.0,0.582959641256,270.0,7.82122737383,85.0
2016-08-29,0,0,18.0,29.0,1,68.0,68.9230769231,24.0,0.640186235996,270.0,8.47132301411,42.0
2016-08-30,1,0,20.0,30.0,1,66.0,67.1538461538,24.0,0.649539505574,270.0,11.0998693953,56.0
2016-08-31,2,0,20.0,32.0,1,65.0,66.2307692308,24.0,0.627249357326,270.0,11.4834586465,56.0
2016-09-01,3,0,19.0,30.0,1,65.0,66.1538461538,24.0,0.563174254891,270.0,11.5482010177,48.0
2016-09-02,4,0,19.0,30.0,1,65.0,64.1538461538,24.0,0.649218908501,270.0,12.2464824077,60.0
2016-09-03,5,1,22.0,32.0,1,65.0,62.3846153846,24.0,0.747834017328,270.0,10.9932738984,101.0
2016-09-04,6,1,22.0,30.0,1,65.0,64.3846153846,24.0,1.04057754543,270.0,14.8092406783,79.0
2016-09-05,0,0,22.0,31.0,1,65.0,65.5384615385,24.0,1.19581464873,270.0,15.3102046643,51.0
2016-09-06,1,0,19.0,31.0,1,65.0,64.1538461538,24.0,1.16314199396,270.0,15.7423786388,53.0
2016-09-07,2,0,19.0,26.0,1,64.0,63.5384615385,42.0,0.932009167303,270.0,16.0077643883,47.0
2016-09-08,3,0,20.0,32.0,1,64.0,62.5384615385,42.0,0.774955093662,241.0,16.5929335498,51.0
2016-09-09,4,0,22.0,32.0,1,64.0,61.7692307692,42.0,0.788923719958,241.0,16.8758081113,61.0
2016-09-10,5,1,19.0,29.0,1,64.0,60.7692307692,42.0,0.845295055821,241.0,16.5024652991,99.0
2016-09-11,6,1,19.0,30.0,1,64.0,61.8461538462,42.0,1.10067814293,241.0,18.3966809458,68.0
2016-09-12,0,0,19.0,28.0,1,65.0,63.8461538462,42.0,1.1856474259,224.0,17.5229350977,36.0
2016-09-13,1,0,19.0,28.0,0,65.0,62.3076923077,36.0,1.08353349346,101.0,18.9630596987,47.0
2016-09-14,2,0,20.0,30.0,1,64.0,61.6153846154,36.0,0.815114709852,101.0,19.3412212706,50.0
2016-09-15,3,1,20.0,31.0,1,62.0,61.7692307692,36.0,0.72380952381,101.0,19.2399977857,80.0
2016-09-16,4,1,19.0,31.0,1,64.0,63.3076923077,36.0,0.948553054662,101.0,19.8276598386,68.0
2016-09-17,5,1,18.0,29.0,1,64.0,60.7692307692,36.0,1.0662358643,101.0,16.7063039514,85.0
2016-09-18,6,0,17.0,26.0,1,65.0,61.2307692308,36.0,1.25471190092,101.0,17.276724432,37.0
2016-09-19,0,0,15.0,25.0,1,65.0,60.1538461538,36.0,1.02730467694,101.0,18.2876425441,38.0
2016-09-20,1,0,14.0,26.0,1,64.0,59.0,36.0,0.877914951989,101.0,19.1552362795,40.0
2016-09-21,2,0,17.0,27.0,1,62.0,58.4615384615,36.0,0.639421740339,101.0,19.5786987256,34.0
2016-09-22,3,0,21.0,29.0,1,61.0,57.1538461538,34.0,0.630098452883,101.0,20.5757368458,46.0
2016-09-23,4,0,22.0,30.0,1,61.0,56.0,34.0,0.68317677199,101.0,20.7475670492,49.0
2016-09-24,5,1,21.0,30.0,1,61.0,52.1538461538,34.0,0.76854334227,101.0,16.6495375489,67.0
2016-09-25,6,1,21.0,29.0,1,62.0,52.0769230769,34.0,0.975609756098,101.0,16.5783062068,57.0
2016-09-26,0,0,20.0,29.0,1,61.0,53.6923076923,34.0,1.03623839473,101.0,15.9440590112,47.0
2016-09-27,1,0,16.0,26.0,0,61.0,53.6923076923,34.0,1.0298102981,101.0,15.9440590112,44.0
2016-09-28,2,0,11.0,22.0,1,61.0,53.2307692308,34.0,0.893719806763,101.0,16.1300190574,52.0
2016-09-29,3,0,13.0,24.0,1,60.0,51.0769230769,34.0,0.862745098039,101.0,14.1609513938,71.0
2016-09-30,4,0,15.0,26.0,1,61.0,51.3076923077,34.0,0.998505231689,101.0,14.456218334,62.0
2016-10-01,5,1,19.0,28.0,1,61.0,49.5384615385,34.0,1.14409400124,101.0,11.2838576642,75.0
2016-10-02,6,1,19.0,28.0,1,61.0,52.4615384615,34.0,1.27803379416,101.0,12.5122425255,64.0
2016-10-03,0,1,21.0,31.0,1,62.0,54.4615384615,34.0,1.20395327942,99.0,12.112392793,64.0
2016-10-04,1,1,19.0,30.0,1,64.0,56.3076923077,34.0,1.19764011799,99.0,11.5850342145,63.0
2016-10-05,2,1,15.0,26.0,1,63.0,58.5384615385,34.0,1.11402741324,99.0,9.71608804324,52.0
2016-10-06,3,1,17.0,24.0,1,62.0,59.0,34.0,1.07025411061,99.0,9.24037961258,70.0
2016-10-07,4,1,12.0,20.0,0,63.0,60.6153846154,34.0,1.10414801552,99.0,9.18643198115,57.0
2016-10-08,5,0,9.0,21.0,1,62.0,59.8461538462,34.0,1.09580655035,99.0,9.03707026935,45.0
2016-10-09,6,0,12.0,19.0,1,61.0,58.9230769231,34.0,1.0452749924,99.0,9.85636489757,54.0
2016-10-10,0,0,13.0,21.0,1,61.0,59.4615384615,34.0,0.934411500449,85.0,9.36947075605,39.0
2016-10-11,1,0,13.0,23.0,1,61.0,59.0769230769,34.0,0.827338129496,85.0,10.0725181212,34.0
2016-10-12,2,0,16.0,23.0,1,60.0,57.6923076923,34.0,0.76139088729,85.0,12.00246523,43.0
2016-10-13,3,0,14.0,25.0,1,60.0,55.5384615385,34.0,0.697324917343,85.0,11.9332462836,44.0
2016-10-14,4,0,15.0,24.0,1,57.0,54.1538461538,34.0,0.730676328502,85.0,12.1455668003,62.0
2016-10-15,5,1,14.0,19.0,0,57.0,53.1538461538,34.0,0.903851986655,85.0,10.8546066353,88.0
2016-10-16,6,1,13.0,21.0,1,57.0,55.0,34.0,1.14454277286,88.0,14.0985542085,70.0
2016-10-17,0,0,14.0,23.0,1,60.0,55.4615384615,34.0,1.27204394334,88.0,14.4787132058,43.0
2016-10-18,1,0,15.0,25.0,1,57.0,53.9230769231,34.0,1.16319444444,88.0,14.6574294024,46.0
2016-10-19,2,0,15.0,25.0,1,57.0,53.4615384615,34.0,0.924956369983,88.0,14.8044451984,37.0
2016-10-20,3,0,15.0,22.0,1,56.0,50.9230769231,34.0,0.755395683453,88.0,14.5784959574,29.0
2016-10-21,4,0,15.0,20.0,0,56.0,48.7692307692,29.0,0.691998764288,88.0,15.5571099064,60.0
2016-10-22,5,1,10.0,14.0,0,56.0,49.9230769231,29.0,0.789473684211,88.0,15.7892930541,89.0
2016-10-23,6,1,8.0,13.0,0,56.0,52.6153846154,29.0,1.08968472605,89.0,18.9271415272,73.0
2016-10-24,0,0,8.0,15.0,0,56.0,55.2307692308,29.0,1.34790528233,89.0,19.2119908317,40.0
2016-10-25,1,0,10.0,19.0,1,54.0,55.6923076923,29.0,1.25271317829,89.0,18.7632399014,43.0
2016-10-26,2,0,11.0,16.0,1,53.0,55.6923076923,29.0,0.975609756098,89.0,18.7632399014,24.0
2016-10-27,3,0,10.0,14.0,0,52.0,54.1538461538,24.0,0.699346405229,89.0,20.4068093984,41.0
2016-10-28,4,0,7.0,14.0,1,52.0,52.5384615385,24.0,0.717131474104,89.0,20.5524297071,51.0
2016-10-29,5,1,7.0,14.0,1,52.0,49.6923076923,24.0,0.765676567657,89.0,17.8255849635,87.0
2016-10-30,6,1,6.0,17.0,1,52.0,51.0,24.0,1.14413550655,89.0,19.7834429608,74.0
2016-10-31,0,0,0.0,8.0,1,52.0,53.3846153846,24.0,1.3110698825,89.0,20.5296725649,44.0
