time_stamp,dayofweek,holiday,lt,ht,sunny,m2M,w2A,m1L,d3w3,m1Lar,w2Std,pay_sum
2016-08-01,0,0,27.0,35.0,1,91.0,91.6923076923,61.0,0.89010989011,123.0,16.3584116936,68.0
2016-08-02,1,0,27.0,35.0,0,91.0,89.0769230769,61.0,0.842105263158,123.0,17.1977706,65.0
2016-08-03,2,0,26.0,32.0,0,89.0,86.3846153846,61.0,0.795795795796,123.0,17.9980275053,57.0
2016-08-04,3,0,26.0,33.0,0,89.0,82.0,57.0,0.725467735777,123.0,17.6765816396,61.0
2016-08-05,4,0,26.0,33.0,0,89.0,79.0769230769,57.0,0.709714950553,123.0,17.7654008527,85.0
2016-08-06,5,1,26.0,34.0,0,89.0,77.7692307692,57.0,0.804597701149,123.0,16.6185894345,84.0
2016-08-07,6,1,27.0,35.0,1,88.0,74.7692307692,57.0,0.909990108803,123.0,10.6204001529,91.0
2016-08-08,0,0,27.0,34.0,0,88.0,77.0769230769,57.0,1.01781170483,123.0,10.6371015316,82.0
2016-08-09,1,0,27.0,35.0,1,87.0,76.3846153846,57.0,1.01802337096,123.0,9.98104712819,71.0
2016-08-10,2,0,28.0,34.0,0,87.0,75.5384615385,57.0,0.983474405482,123.0,9.93529361275,71.0
2016-08-11,3,0,27.0,35.0,1,85.0,75.2307692308,57.0,0.926960480033,123.0,10.0088718042,79.0
2016-08-12,4,0,28.0,36.0,1,85.0,74.9230769231,57.0,0.926042321391,123.0,9.82509767782,82.0
2016-08-13,5,1,28.0,36.0,1,85.0,75.0,57.0,0.984510927223,123.0,9.87615621274,94.0
2016-08-14,6,1,28.0,36.0,1,87.0,76.1538461538,57.0,1.10246433204,123.0,11.079059623,97.0
2016-08-15,0,0,27.0,36.0,1,87.0,78.3846153846,57.0,1.15335868188,123.0,12.0864734409,79.0
2016-08-16,1,0,27.0,36.0,1,87.0,79.4615384615,57.0,1.14942528736,123.0,11.4530169664,55.0
2016-08-17,2,0,28.0,35.0,1,85.0,79.3076923077,55.0,1.00064977258,123.0,11.7629445253,65.0
2016-08-18,3,0,28.0,35.0,1,85.0,79.6153846154,55.0,0.867669500763,123.0,11.3241638274,58.0
2016-08-19,4,0,29.0,36.0,1,85.0,77.5384615385,55.0,0.789007092199,123.0,12.5552035465,101.0
2016-08-20,5,1,27.0,37.0,0,85.0,78.8461538462,55.0,0.979877515311,123.0,13.9661467284,119.0
2016-08-21,6,1,27.0,33.0,0,87.0,81.0,55.0,1.18499573743,123.0,17.409104603,107.0
2016-08-22,0,0,27.0,35.0,1,87.0,82.9230769231,55.0,1.35995009357,123.0,18.7430460477,80.0
2016-08-23,1,0,26.0,34.0,1,87.0,83.6153846154,55.0,1.260815822,119.0,18.4538445506,80.0
2016-08-24,2,0,25.0,34.0,1,85.0,84.3076923077,55.0,1.08470444851,119.0,18.1336262884,90.0
2016-08-25,3,0,26.0,35.0,1,85.0,85.1538461538,55.0,0.998003992016,119.0,18.1228549026,68.0
2016-08-26,4,0,24.0,30.0,0,85.0,84.0769230769,55.0,0.959870941722,119.0,18.6855005016,91.0
2016-08-27,5,1,21.0,30.0,1,85.0,83.8461538462,55.0,1.0,119.0,18.5797497451,96.0
2016-08-28,6,1,19.0,30.0,1,85.0,83.7692307692,55.0,1.02102102102,119.0,18.5271270808,85.0
2016-08-29,0,0,21.0,31.0,1,85.0,84.2307692308,55.0,1.08713029576,119.0,18.4772369153,80.0
2016-08-30,1,0,21.0,30.0,1,85.0,86.1538461538,55.0,1.03756708408,119.0,16.5336307793,78.0
2016-08-31,2,0,23.0,33.0,1,84.0,87.1538461538,55.0,0.961995249406,119.0,15.5901653114,83.0
2016-09-01,3,0,23.0,33.0,1,83.0,89.0769230769,55.0,0.951816745656,119.0,13.2401576708,58.0
2016-09-02,4,0,23.0,34.0,1,83.0,85.7692307692,55.0,0.877403846154,119.0,15.0902609763,93.0
2016-09-03,5,1,23.0,34.0,1,83.0,83.7692307692,55.0,0.938063740229,119.0,11.9495982949,93.0
2016-09-04,6,1,23.0,32.0,1,83.0,82.6923076923,55.0,0.980510347599,119.0,10.3283375338,107.0
2016-09-05,0,0,24.0,33.0,1,83.0,84.7692307692,55.0,1.15787393796,119.0,12.1348439574,60.0
2016-09-06,1,0,21.0,26.0,0,83.0,83.2307692308,55.0,1.024428684,119.0,13.7960632409,50.0
2016-09-07,2,0,20.0,26.0,1,83.0,80.1538461538,50.0,0.862651560326,119.0,16.1951852002,65.0
2016-09-08,3,0,21.0,30.0,1,82.0,79.9230769231,50.0,0.6927949327,119.0,16.3869626343,62.0
2016-09-09,4,0,23.0,32.0,1,82.0,77.6923076923,50.0,0.717325227964,119.0,16.6981556576,76.0
2016-09-10,5,1,22.0,29.0,1,82.0,76.1538461538,50.0,0.844777361631,119.0,15.8398045532,91.0
2016-09-11,6,1,21.0,28.0,1,82.0,76.6153846154,50.0,0.962589323245,119.0,16.1747117988,106.0
2016-09-12,0,0,20.0,30.0,1,82.0,78.6153846154,50.0,1.12903225806,119.0,17.9766449404,76.0
2016-09-13,1,0,20.0,31.0,1,82.0,78.4615384615,50.0,1.13184079602,119.0,17.9898064496,63.0
2016-09-14,2,0,21.0,27.0,1,81.0,76.9230769231,50.0,1.03310141261,119.0,18.3867073158,65.0
2016-09-15,3,1,21.0,24.0,0,81.0,77.4615384615,50.0,0.861850443599,119.0,17.9212610503,101.0
2016-09-16,4,1,22.0,25.0,0,82.0,78.0769230769,50.0,0.961376994123,119.0,18.5698744392,101.0
2016-09-17,5,1,21.0,26.0,1,82.0,78.6923076923,50.0,1.11738857502,119.0,19.1768474805,88.0
2016-09-18,6,0,21.0,28.0,1,82.0,77.2307692308,50.0,1.21136173768,119.0,17.6249554114,67.0
2016-09-19,0,0,18.0,26.0,1,81.0,77.7692307692,50.0,1.07812170983,107.0,17.1919204913,58.0
2016-09-20,1,0,18.0,26.0,1,80.0,78.3846153846,50.0,0.908509277031,107.0,16.307329459,60.0
2016-09-21,2,0,18.0,25.0,0,80.0,78.0,50.0,0.800865800866,107.0,16.6733320005,49.0
2016-09-22,3,0,19.0,27.0,1,80.0,77.0,49.0,0.72719355541,107.0,17.9443584449,74.0
2016-09-23,4,0,20.0,27.0,1,80.0,76.8461538462,49.0,0.806878306878,107.0,17.9608383985,99.0
2016-09-24,5,1,21.0,29.0,1,80.0,77.4615384615,49.0,0.974967061924,107.0,18.5622254328,123.0
2016-09-25,6,1,22.0,28.0,1,80.0,78.7692307692,49.0,1.2863972186,123.0,20.9694057219,112.0
2016-09-26,0,0,22.0,30.0,1,80.0,81.5384615385,49.0,1.40395124002,123.0,22.7244882641,68.0
2016-09-27,1,0,23.0,30.0,1,80.0,81.9230769231,49.0,1.25935162095,123.0,22.4480992461,51.0
2016-09-28,2,0,19.0,25.0,0,79.0,80.8461538462,49.0,0.968553459119,123.0,23.5432373235,50.0
2016-09-29,3,0,18.0,22.0,0,79.0,76.9230769231,49.0,0.713983945923,123.0,24.100627309,68.0
2016-09-30,4,0,20.0,23.0,0,79.0,74.3846153846,49.0,0.717622080679,123.0,23.1501402605,81.0
2016-10-01,5,1,21.0,25.0,0,80.0,73.8461538462,49.0,0.850427350427,123.0,22.9073255124,93.0
2016-10-02,6,1,21.0,25.0,0,80.0,75.8461538462,49.0,1.04287868994,123.0,23.3529644102,115.0
2016-10-03,0,1,19.0,26.0,1,80.0,80.2307692308,49.0,1.21479613283,123.0,24.8910050054,122.0
2016-10-04,1,1,19.0,25.0,1,80.0,85.0,49.0,1.33738601824,123.0,26.4487894154,116.0
2016-10-05,2,1,20.0,27.0,1,80.0,90.1538461538,49.0,1.38757861635,123.0,25.4402653404,101.0
2016-10-06,3,1,19.0,25.0,1,80.0,92.2307692308,49.0,1.33254716981,123.0,25.1370209549,97.0
2016-10-07,4,1,18.0,21.0,0,80.0,92.0769230769,49.0,1.23719464145,123.0,25.1012152279,102.0
2016-10-08,5,0,15.0,23.0,1,81.0,90.4615384615,49.0,1.17233294256,123.0,23.6955542231,73.0
2016-10-09,6,0,13.0,22.0,1,81.0,87.4615384615,49.0,1.05919003115,123.0,23.2432467764,85.0
2016-10-10,0,0,15.0,22.0,1,82.0,88.7692307692,49.0,0.996741422273,123.0,22.5802972187,77.0
2016-10-11,1,0,16.0,22.0,1,81.0,90.7692307692,49.0,0.89217919514,123.0,20.1691075511,75.0
2016-10-12,2,0,16.0,20.0,0,80.0,92.6923076923,49.0,0.886644219978,123.0,17.157122833,55.0
2016-10-13,3,0,17.0,20.0,0,80.0,91.6923076923,49.0,0.782756664776,123.0,18.8613753287,68.0
2016-10-14,4,0,17.0,20.0,0,80.0,90.6923076923,49.0,0.762124711316,123.0,19.7265327586,82.0
2016-10-15,5,1,19.0,21.0,0,80.0,89.8461538462,49.0,0.808200275971,123.0,19.8449612045,118.0
2016-10-16,6,1,18.0,24.0,1,81.0,90.0769230769,49.0,1.05283834217,123.0,20.1512035848,93.0
2016-10-17,0,0,18.0,24.0,1,82.0,87.8461538462,49.0,1.13433991483,123.0,17.9822397589,67.0
2016-10-18,1,0,18.0,24.0,1,81.0,84.0769230769,49.0,1.06635980054,123.0,16.7812236579,71.0
2016-10-19,2,0,19.0,23.0,1,80.0,81.7692307692,49.0,0.875497441728,123.0,16.3526231542,62.0
2016-10-20,3,0,19.0,22.0,0,80.0,79.0769230769,49.0,0.760600874691,123.0,16.5038994854,69.0
2016-10-21,4,0,19.0,22.0,0,80.0,76.5384615385,50.0,0.773501818878,123.0,15.2749940683,70.0
2016-10-22,5,1,19.0,22.0,0,78.0,76.3076923077,50.0,0.779976717113,123.0,15.3491899831,142.0
2016-10-23,6,1,16.0,21.0,1,78.0,80.6923076923,50.0,1.0735434575,142.0,23.292073975,127.0
2016-10-24,0,0,17.0,22.0,1,80.0,84.5384615385,50.0,1.29142857143,142.0,26.2989189149,71.0
2016-10-25,1,0,17.0,19.0,1,78.0,84.2307692308,50.0,1.32942326491,142.0,26.4317811215,62.0
2016-10-26,2,0,16.0,19.0,0,77.0,84.7692307692,50.0,1.04041616647,142.0,25.8966996595,60.0
2016-10-27,3,0,16.0,19.0,0,76.0,84.1538461538,50.0,0.789850624105,142.0,26.3784473616,69.0
2016-10-28,4,0,12.0,16.0,0,76.0,83.1538461538,55.0,0.797827903091,142.0,26.6857673211,91.0
2016-10-29,5,1,9.0,13.0,0,76.0,81.0769230769,55.0,0.908715406857,142.0,24.8826833158,131.0
2016-10-30,6,1,12.0,18.0,1,76.0,84.0,55.0,1.1686746988,142.0,28.1315590642,101.0
2016-10-31,0,0,10.0,15.0,0,76.0,86.6153846154,55.0,1.27870150435,142.0,28.0097193613,64.0
