time_stamp,dayofweek,holiday,lt,ht,sunny,m2M,w2A,m1L,d3w3,m1Lar,w2Std,pay_sum
2016-08-01,0,0,28.0,35.0,0,128.0,138.076923077,70.0,1.00279907509,161.0,15.0407729878,113.0
2016-08-02,1,0,26.0,31.0,0,127.0,134.461538462,70.0,0.898100172712,161.0,14.9851997991,128.0
2016-08-03,2,0,26.0,33.0,0,127.0,133.769230769,70.0,0.89677260409,161.0,15.0596447305,216.0
2016-08-04,3,0,26.0,34.0,1,128.0,139.538461538,70.0,1.10027687492,216.0,26.6389402209,238.0
2016-08-05,4,0,27.0,35.0,1,128.0,145.769230769,70.0,1.3523875915,238.0,37.3242627753,221.0
2016-08-06,5,1,27.0,33.0,0,129.0,151.846153846,70.0,1.52129817444,238.0,42.3135660258,111.0
2016-08-07,6,1,27.0,33.0,0,128.0,152.307692308,70.0,1.29032258065,238.0,41.8300308306,113.0
2016-08-08,0,0,26.0,33.0,0,128.0,150.461538462,97.0,1.01078932425,238.0,42.9787342488,125.0
2016-08-09,1,0,26.0,33.0,0,128.0,149.538461538,105.0,0.802298850575,238.0,43.3848881606,138.0
2016-08-10,2,0,27.0,33.0,1,129.0,150.384615385,105.0,0.864069860967,238.0,43.0429811334,159.0
2016-08-11,3,0,26.0,29.0,0,132.0,151.846153846,105.0,0.963800388261,238.0,42.9880952283,113.0
2016-08-12,4,0,26.0,31.0,0,132.0,148.153846154,105.0,0.950724637681,238.0,44.0905469615,137.0
2016-08-13,5,1,26.0,29.0,0,134.0,148.846153846,105.0,0.950058072009,238.0,43.8385958398,110.0
2016-08-14,6,1,26.0,32.0,0,132.0,147.846153846,105.0,0.834782608696,238.0,44.5591157105,107.0
2016-08-15,0,0,26.0,33.0,1,132.0,147.384615385,105.0,0.829525483304,238.0,44.9470431329,145.0
2016-08-16,1,0,27.0,31.0,0,134.0,148.692307692,105.0,0.845893211824,238.0,44.6100792602,142.0
2016-08-17,2,0,26.0,31.0,0,134.0,143.0,105.0,0.915853091585,238.0,40.1573826913,136.0
2016-08-18,3,0,26.0,31.0,0,135.0,135.153846154,105.0,0.984636871508,238.0,29.3358435361,134.0
2016-08-19,4,0,26.0,32.0,1,135.0,128.461538462,105.0,0.968158853249,238.0,15.7802963052,144.0
2016-08-20,5,1,26.0,33.0,0,136.0,131.0,105.0,0.967402733964,238.0,15.4172730303,123.0
2016-08-21,6,1,26.0,33.0,1,135.0,131.769230769,105.0,0.937025353429,238.0,14.7343337724,145.0
2016-08-22,0,0,26.0,34.0,1,136.0,133.307692308,105.0,0.952050837666,238.0,14.9891479482,120.0
2016-08-23,1,0,26.0,34.0,1,135.0,131.923076923,107.0,0.899084694705,238.0,15.3194774889,158.0
2016-08-24,2,0,27.0,34.0,1,135.0,131.846153846,107.0,1.00035473572,238.0,15.1852466551,118.0
2016-08-25,3,0,27.0,33.0,1,135.0,132.230769231,107.0,0.978140051871,238.0,14.760414035,117.0
2016-08-26,4,0,27.0,33.0,0,134.0,130.692307692,107.0,1.00963391137,238.0,15.2183321404,144.0
2016-08-27,5,1,26.0,33.0,1,134.0,133.307692308,107.0,0.961440892948,238.0,14.3333103986,137.0
2016-08-28,6,1,26.0,31.0,0,134.0,135.615384615,107.0,1.00050276521,238.0,12.1626063853,107.0
2016-08-29,0,0,24.0,32.0,1,134.0,132.692307692,107.0,0.982029865857,238.0,13.9856223721,135.0
2016-08-30,1,0,24.0,31.0,1,134.0,132.153846154,107.0,0.960344609147,238.0,13.7496637936,138.0
2016-08-31,2,0,24.0,32.0,1,134.0,132.307692308,107.0,0.970625798212,238.0,13.8029239677,158.0
2016-09-01,3,0,26.0,32.0,0,135.0,134.153846154,107.0,1.08223477715,238.0,15.4165054099,133.0
2016-09-02,4,0,26.0,32.0,0,135.0,133.307692308,107.0,1.07883817427,238.0,15.1524794386,119.0
2016-09-03,5,1,23.0,29.0,1,135.0,133.0,107.0,1.02756892231,221.0,15.397302461,129.0
2016-09-04,6,1,26.0,31.0,1,134.0,131.769230769,107.0,0.947054436987,159.0,15.0238469219,112.0
2016-09-05,0,0,26.0,32.0,0,134.0,131.153846154,107.0,0.906002265006,159.0,15.6443460116,141.0
2016-09-06,1,0,26.0,31.0,0,135.0,129.846153846,107.0,0.961732124874,159.0,13.9661467284,117.0
2016-09-07,2,0,26.0,30.0,0,135.0,129.769230769,107.0,0.938252821098,159.0,14.0337716086,120.0
2016-09-08,3,0,26.0,30.0,0,135.0,130.0,107.0,0.963671128107,159.0,13.8452991189,108.0
2016-09-09,4,0,25.0,30.0,0,135.0,127.230769231,107.0,0.891818534316,158.0,14.3588827836,134.0
2016-09-10,5,1,26.0,31.0,0,134.0,127.0,107.0,0.931788931789,158.0,14.2234908622,122.0
2016-09-11,6,1,26.0,30.0,0,134.0,128.153846154,107.0,0.945331775094,158.0,13.1198390811,116.0
2016-09-12,0,0,24.0,28.0,0,134.0,126.692307692,107.0,0.967616074912,158.0,13.3323471036,101.0
2016-09-13,1,0,25.0,31.0,1,133.0,123.846153846,101.0,0.901835594573,158.0,14.5117785256,127.0
2016-09-14,2,0,26.0,30.0,0,133.0,121.461538462,101.0,0.911862160371,158.0,10.7675822914,100.0
2016-09-15,3,1,24.0,27.0,0,133.0,118.923076923,100.0,0.875366960235,158.0,11.6054465891,18.0
2016-09-16,4,1,25.0,31.0,0,133.0,111.153846154,18.0,0.688589094997,158.0,29.2886067475,108.0
2016-09-17,5,1,26.0,32.0,0,129.0,109.538461538,18.0,0.643050220515,158.0,28.8353826044,93.0
2016-09-18,6,0,24.0,31.0,1,128.0,108.076923077,18.0,0.626878488622,158.0,29.1533387413,143.0
2016-09-19,0,0,24.0,31.0,1,128.0,108.230769231,18.0,0.981315076309,158.0,29.3314057104,102.0
2016-09-20,1,0,23.0,29.0,1,128.0,107.076923077,18.0,0.979284369115,158.0,29.2586911176,107.0
2016-09-21,2,0,23.0,29.0,1,127.0,106.076923077,18.0,1.04296296296,158.0,29.0211104555,99.0
2016-09-22,3,0,23.0,29.0,1,127.0,105.384615385,18.0,0.926594464501,158.0,29.0742774539,117.0
2016-09-23,4,0,23.0,29.0,1,127.0,104.076923077,18.0,0.972598614875,158.0,28.1246170257,161.0
2016-09-24,5,1,24.0,30.0,1,127.0,107.076923077,18.0,1.11902641733,161.0,31.7258970618,130.0
2016-09-25,6,1,24.0,31.0,1,127.0,108.153846154,18.0,1.20141342756,161.0,32.2438930505,117.0
2016-09-26,0,0,26.0,32.0,1,125.0,109.384615385,18.0,1.21428571429,161.0,32.2527004511,135.0
2016-09-27,1,0,26.0,32.0,0,125.0,110.0,18.0,1.12784174786,161.0,32.6567227147,112.0
2016-09-28,2,0,24.0,27.0,0,123.0,110.923076923,18.0,1.07851851852,161.0,32.5303681515,80.0
2016-09-29,3,0,25.0,29.0,0,123.0,115.692307692,18.0,0.981098109811,161.0,21.0909554636,117.0
2016-09-30,4,0,25.0,30.0,0,123.0,116.384615385,18.0,0.934240362812,161.0,20.974484358,147.0
2016-10-01,5,1,25.0,32.0,1,123.0,120.538461538,18.0,1.02840059791,161.0,21.2769842593,142.0
2016-10-02,6,1,25.0,32.0,0,123.0,120.461538462,18.0,1.19976359338,161.0,21.1972980303,106.0
2016-10-03,0,1,24.0,32.0,1,122.0,120.769230769,18.0,1.16467639687,161.0,20.9547271926,130.0
2016-10-04,1,1,25.0,30.0,0,122.0,122.538461538,18.0,1.11307420495,161.0,20.6867307326,107.0
2016-10-05,2,1,26.0,30.0,1,122.0,123.153846154,18.0,1.00689857625,161.0,20.0876776383,119.0
2016-10-06,3,1,25.0,29.0,0,122.0,123.307692308,18.0,1.00056211355,161.0,20.0475765479,149.0
2016-10-07,4,1,25.0,30.0,1,122.0,122.384615385,18.0,1.03605470369,161.0,18.5079544709,132.0
2016-10-08,5,0,22.0,28.0,0,122.0,122.538461538,18.0,1.08754758021,161.0,18.5787942998,115.0
2016-10-09,6,0,20.0,22.0,0,120.0,122.384615385,18.0,1.08910891089,161.0,18.6322237887,107.0
2016-10-10,0,0,19.0,22.0,0,120.0,120.230769231,18.0,0.97159324825,161.0,18.6677584916,98.0
2016-10-11,1,0,20.0,25.0,1,120.0,119.153846154,18.0,0.881542699725,161.0,19.4969273865,120.0
2016-10-12,2,0,22.0,25.0,1,120.0,122.230769231,18.0,0.887614365697,161.0,15.8994622364,117.0
2016-10-13,3,0,22.0,26.0,1,120.0,122.230769231,18.0,0.914925576949,161.0,15.8994622364,118.0
2016-10-14,4,0,23.0,28.0,1,120.0,120.0,18.0,0.986933555741,161.0,14.2126704036,132.0
2016-10-15,5,1,24.0,27.0,1,120.0,119.230769231,80.0,1.01944444444,161.0,13.2383699098,138.0
2016-10-16,6,1,25.0,28.0,1,120.0,121.692307692,80.0,1.06842902382,161.0,13.5214053399,130.0
2016-10-17,0,0,24.0,28.0,1,120.0,121.692307692,80.0,1.10375275938,161.0,13.5214053399,109.0
2016-10-18,1,0,25.0,27.0,0,119.0,121.846153846,80.0,1.04158032877,161.0,13.3638211592,106.0
2016-10-19,2,0,25.0,29.0,1,119.0,120.846153846,80.0,0.943009430094,161.0,14.0101400303,132.0
2016-10-20,3,0,25.0,29.0,1,119.0,119.538461538,80.0,0.94267861994,161.0,11.9654334494,132.0
2016-10-21,4,0,25.0,29.0,0,119.0,119.538461538,80.0,1.01134344677,161.0,11.9654334494,118.0
2016-10-22,5,1,25.0,29.0,1,118.0,119.769230769,80.0,1.05452035887,161.0,11.9044519543,163.0
2016-10-23,6,1,24.0,30.0,0,119.0,124.076923077,80.0,1.11380798274,163.0,15.9492538454,138.0
2016-10-24,0,0,23.0,26.0,0,119.0,127.153846154,80.0,1.12634408602,163.0,14.4053737508,110.0
2016-10-25,1,0,23.0,30.0,1,119.0,126.384615385,80.0,1.10350382602,163.0,15.020695782,109.0
2016-10-26,2,0,24.0,31.0,1,118.0,125.769230769,80.0,0.962393853619,163.0,15.5472176395,130.0
2016-10-27,3,0,24.0,31.0,1,119.0,126.692307692,80.0,0.948111926107,163.0,15.4142023192,138.0
2016-10-28,4,0,24.0,31.0,1,119.0,127.153846154,98.0,1.0216802168,163.0,15.6541769007,161.0
2016-10-29,5,1,21.0,24.0,1,119.0,128.923076923,98.0,1.14126097366,163.0,17.9163077346,165.0
2016-10-30,6,1,20.0,24.0,1,119.0,131.615384615,98.0,1.20644825793,165.0,20.3414637607,142.0
2016-10-31,0,0,21.0,27.0,1,119.0,134.153846154,98.0,1.1963190184,165.0,19.3980417483,122.0
