time_stamp,dayofweek,holiday,lt,ht,sunny,m2M,w2A,m1L,d3w3,m1Lar,w2Std,pay_sum
2016-08-01,0,0,27.0,35.0,1,73.0,71.2307692308,39.0,1.00306614104,135.0,21.6089505891,52.0
2016-08-02,1,0,26.0,36.0,0,73.0,70.5384615385,39.0,1.03803131991,135.0,22.0649927561,40.0
2016-08-03,2,0,25.0,30.0,0,73.0,67.8461538462,39.0,0.827648931332,135.0,23.4482938656,51.0
2016-08-04,3,0,25.0,32.0,0,71.0,67.2307692308,39.0,0.651183970856,135.0,23.7750801864,49.0
2016-08-05,4,0,26.0,32.0,0,71.0,65.8461538462,39.0,0.649501275806,135.0,24.2672497058,67.0
2016-08-06,5,1,26.0,34.0,0,71.0,62.3076923077,39.0,0.810876426317,135.0,20.1356347549,103.0
2016-08-07,6,1,26.0,34.0,0,73.0,62.0,39.0,1.07431935247,135.0,19.4698978702,89.0
2016-08-08,0,0,26.0,34.0,1,73.0,64.7692307692,39.0,1.25393367223,131.0,20.5244838637,62.0
2016-08-09,1,0,27.0,34.0,1,71.0,64.7692307692,39.0,1.22883405902,131.0,20.5244838637,135.0
2016-08-10,2,0,27.0,34.0,1,71.0,70.4615384615,39.0,1.32591562355,135.0,27.6978626907,56.0
2016-08-11,3,0,27.0,35.0,1,71.0,71.7692307692,39.0,1.17537746806,135.0,26.5595234148,72.0
2016-08-12,4,0,28.0,35.0,1,72.0,73.5384615385,39.0,1.21759259259,135.0,25.7371786889,55.0
2016-08-13,5,1,28.0,36.0,1,72.0,70.8461538462,39.0,0.882778581766,135.0,25.704971545,96.0
2016-08-14,6,1,27.0,36.0,1,73.0,71.3076923077,39.0,1.08436664235,135.0,26.0956365801,77.0
2016-08-15,0,0,27.0,36.0,1,73.0,73.2307692308,39.0,1.08960573477,135.0,25.5166728183,65.0
2016-08-16,1,0,27.0,36.0,1,73.0,75.1538461538,39.0,1.13495469719,135.0,23.8257977632,90.0
2016-08-17,2,0,27.0,35.0,1,73.0,78.1538461538,39.0,1.08385891147,135.0,23.0379157506,60.0
2016-08-18,3,0,27.0,36.0,1,73.0,79.0,39.0,0.989871086556,135.0,22.1359436212,75.0
2016-08-19,4,0,29.0,37.0,1,73.0,79.6153846154,39.0,1.01763907734,135.0,21.9037701761,88.0
2016-08-20,5,1,27.0,36.0,0,74.0,78.4615384615,39.0,1.00996376812,135.0,21.0187293205,104.0
2016-08-21,6,1,27.0,33.0,0,74.0,79.6153846154,39.0,1.19784656797,135.0,21.9563849537,107.0
2016-08-22,0,0,27.0,34.0,1,74.0,83.0769230769,39.0,1.29353233831,135.0,22.4480992461,78.0
2016-08-23,1,0,25.0,34.0,1,75.0,78.6923076923,39.0,1.2201815495,135.0,16.7119699865,74.0
2016-08-24,2,0,24.0,34.0,1,74.0,80.0769230769,39.0,1.07781939243,135.0,15.4743536635,57.0
2016-08-25,3,0,25.0,34.0,1,74.0,78.9230769231,39.0,0.865424430642,135.0,16.5550900305,64.0
2016-08-26,4,0,23.0,29.0,1,74.0,79.6153846154,39.0,0.808960796515,135.0,15.7066299648,89.0
2016-08-27,5,1,20.0,29.0,1,74.0,79.0769230769,40.0,0.878844946642,135.0,15.2490178169,118.0
2016-08-28,6,1,19.0,30.0,1,74.0,82.2307692308,40.0,1.11385121249,135.0,18.4063277002,114.0
2016-08-29,0,0,20.0,31.0,1,74.0,86.0,40.0,1.27837514934,135.0,19.4777980117,75.0
2016-08-30,1,0,21.0,31.0,1,74.0,84.8461538462,40.0,1.26807104502,135.0,19.6501953556,72.0
2016-08-31,2,0,22.0,32.0,1,74.0,85.7692307692,40.0,1.06748466258,135.0,18.7212501479,97.0
2016-09-01,3,0,22.0,33.0,1,74.0,87.4615384615,49.0,0.982880161128,135.0,18.6655395546,48.0
2016-09-02,4,0,22.0,34.0,1,74.0,84.3846153846,48.0,0.87783171521,135.0,21.4172412988,75.0
2016-09-03,5,1,23.0,34.0,1,74.0,82.1538461538,48.0,0.901454619955,135.0,20.7581166844,124.0
2016-09-04,6,1,22.0,33.0,1,75.0,83.4615384615,48.0,0.983671843887,135.0,22.7244882641,108.0
2016-09-05,0,0,24.0,33.0,1,75.0,85.7692307692,48.0,1.1920015531,135.0,23.5605728223,43.0
2016-09-06,1,0,22.0,26.0,0,75.0,83.3846153846,43.0,1.09780439122,135.0,26.0665965485,53.0
2016-09-07,2,0,20.0,26.0,1,74.0,83.0769230769,43.0,0.817799158148,135.0,26.397731658,46.0
2016-09-08,3,0,21.0,30.0,1,73.0,81.6923076923,43.0,0.579355365157,124.0,27.7970242331,56.0
2016-09-09,4,0,23.0,32.0,1,72.0,79.1538461538,43.0,0.645027049521,124.0,28.5113908514,69.0
2016-09-10,5,1,21.0,30.0,1,72.0,75.3846153846,43.0,0.727504786216,124.0,26.2782111016,123.0
2016-09-11,6,1,20.0,28.0,1,72.0,76.0769230769,43.0,1.0444304064,124.0,27.3818062518,124.0
2016-09-12,0,0,20.0,30.0,1,74.0,79.8461538462,43.0,1.29322692859,124.0,30.2014929683,47.0
2016-09-13,1,0,21.0,30.0,1,72.0,77.9230769231,43.0,1.22347066167,124.0,31.4115645986,42.0
2016-09-14,2,0,22.0,28.0,1,72.0,73.6923076923,42.0,0.894770006301,124.0,32.2499483968,51.0
2016-09-15,3,1,21.0,23.0,0,71.0,73.9230769231,42.0,0.592969080898,124.0,32.0755395385,51.0
2016-09-16,4,1,21.0,23.0,0,69.0,72.0769230769,42.0,0.625,124.0,32.646030595,51.0
2016-09-17,5,1,21.0,27.0,1,69.0,66.4615384615,42.0,0.69434989789,124.0,29.3431039851,106.0
2016-09-18,6,0,20.0,28.0,1,69.0,66.3076923077,42.0,0.949121606206,124.0,29.1293788135,47.0
2016-09-19,0,0,17.0,26.0,1,69.0,66.6153846154,42.0,0.949057920447,124.0,28.9017924958,41.0
2016-09-20,1,0,18.0,26.0,1,69.0,65.6923076923,41.0,0.922491678554,124.0,29.5071949906,54.0
2016-09-21,2,0,17.0,24.0,1,67.0,66.3076923077,41.0,0.696590630365,124.0,29.1716000336,34.0
2016-09-22,3,0,19.0,27.0,1,65.0,64.6153846154,34.0,0.639405204461,124.0,30.3354031849,33.0
2016-09-23,4,0,19.0,28.0,1,65.0,61.8461538462,33.0,0.619084164748,124.0,31.4320907889,57.0
2016-09-24,5,1,21.0,29.0,1,65.0,56.7692307692,33.0,0.66882416397,124.0,26.0063715452,138.0
2016-09-25,6,1,21.0,28.0,1,67.0,57.8461538462,33.0,1.20063191153,138.0,28.8972880118,125.0
2016-09-26,0,0,23.0,30.0,1,69.0,63.8461538462,33.0,1.58259149357,138.0,33.7179389685,39.0
2016-09-27,1,0,23.0,30.0,0,69.0,63.6153846154,33.0,1.50924537731,138.0,33.8765597689,48.0
2016-09-28,2,0,19.0,23.0,0,67.0,63.3846153846,33.0,1.05788423154,138.0,33.971794775,42.0
2016-09-29,3,0,17.0,19.0,0,65.0,62.6923076923,33.0,0.650529500756,138.0,34.307174884,23.0
2016-09-30,4,0,18.0,21.0,0,65.0,60.5384615385,23.0,0.590386624869,138.0,35.8192371705,67.0
2016-10-01,5,1,20.0,24.0,0,67.0,57.5384615385,23.0,0.72131147541,138.0,33.440223096,103.0
2016-10-02,6,1,20.0,24.0,0,67.0,61.8461538462,23.0,1.07311648596,138.0,35.3571799995,111.0
2016-10-03,0,1,18.0,26.0,1,69.0,67.2307692308,23.0,1.48324096068,138.0,37.0615991314,126.0
2016-10-04,1,1,20.0,25.0,1,72.0,72.7692307692,23.0,1.68275179411,138.0,39.9387104413,106.0
2016-10-05,2,1,20.0,26.0,1,72.0,78.3076923077,23.0,1.63100332858,138.0,39.1631392931,86.0
2016-10-06,3,1,19.0,25.0,1,72.0,82.3846153846,23.0,1.47529575505,138.0,36.9293263942,97.0
2016-10-07,4,1,17.0,20.0,0,72.0,85.4615384615,23.0,1.29916835244,138.0,36.3479242548,55.0
2016-10-08,5,0,14.0,22.0,1,72.0,79.0769230769,23.0,1.10800744879,138.0,33.7558235169,32.0
2016-10-09,6,0,13.0,21.0,1,72.0,71.9230769231,23.0,0.865678663844,138.0,33.1139327833,44.0
2016-10-10,0,0,16.0,21.0,1,69.0,72.3076923077,23.0,0.615023474178,138.0,32.7564077475,39.0
2016-10-11,1,0,16.0,20.0,1,69.0,71.6153846154,23.0,0.545670225386,138.0,33.3525191334,40.0
2016-10-12,2,0,16.0,19.0,1,67.0,71.4615384615,23.0,0.581148121899,138.0,33.4930885743,42.0
2016-10-13,3,0,17.0,20.0,1,65.0,72.9230769231,23.0,0.568075117371,138.0,31.7137716711,39.0
2016-10-14,4,0,16.0,18.0,1,64.0,70.7692307692,23.0,0.57536852116,138.0,32.9688754064,44.0
2016-10-15,5,1,18.0,21.0,0,60.0,66.2307692308,23.0,0.637104994903,138.0,32.2732417054,98.0
2016-10-16,6,1,17.0,23.0,1,64.0,65.2307692308,23.0,0.941972417382,138.0,31.0487305479,95.0
2016-10-17,0,0,18.0,22.0,1,64.0,62.8461538462,23.0,1.18175018699,138.0,27.2477131118,42.0
2016-10-18,1,0,18.0,23.0,1,57.0,57.9230769231,23.0,1.17705985475,138.0,24.665333937,45.0
2016-10-19,2,0,19.0,22.0,1,57.0,54.7692307692,23.0,0.909545227386,138.0,23.4656995049,38.0
2016-10-20,3,0,19.0,21.0,0,56.0,50.2307692308,23.0,0.617741536941,138.0,20.3589097719,33.0
2016-10-21,4,0,19.0,21.0,0,55.0,48.5384615385,23.0,0.588086185044,138.0,20.8016840465,62.0
2016-10-22,5,1,18.0,21.0,0,55.0,50.8461538462,23.0,0.695970695971,138.0,20.5008298288,60.0
2016-10-23,6,1,15.0,18.0,1,55.0,52.0769230769,23.0,0.844916871082,138.0,20.5331309706,94.0
2016-10-24,0,0,16.0,20.0,1,55.0,56.3076923077,23.0,1.20906801008,126.0,22.9292712333,36.0
2016-10-25,1,0,14.0,17.0,1,54.0,56.0,23.0,1.12994350282,126.0,23.1716006552,43.0
2016-10-26,2,0,16.0,18.0,0,53.0,56.0769230769,23.0,1.06988249845,126.0,23.1266131694,28.0
2016-10-27,3,0,15.0,17.0,0,51.0,55.2307692308,23.0,0.706970597952,126.0,23.9234479318,45.0
2016-10-28,4,0,11.0,15.0,0,51.0,55.3076923077,23.0,0.774107440774,126.0,23.8887956208,56.0
2016-10-29,5,1,8.0,12.0,0,51.0,52.0769230769,28.0,0.840664711632,126.0,20.4956338257,84.0
2016-10-30,6,1,10.0,17.0,1,51.0,51.2307692308,28.0,1.16023831922,126.0,18.8685894714,123.0
2016-10-31,0,0,10.0,15.0,0,51.0,57.4615384615,28.0,1.52862539959,126.0,26.5869122939,39.0
