time_stamp,dayofweek,holiday,lt,ht,sunny,m2M,w2A,m1L,d3w3,m1Lar,w2Std,pay_sum
2016-08-01,0,0,24.0,30.0,1,72.0,135.615384615,42.0,1.00829445308,208.0,48.218315163,141.0
2016-08-02,1,0,24.0,33.0,1,75.0,135.307692308,42.0,0.892651019623,208.0,48.1701864633,175.0
2016-08-03,2,0,25.0,34.0,1,85.0,137.307692308,42.0,1.03168567807,208.0,49.2253602798,167.0
2016-08-04,3,0,25.0,33.0,1,91.0,136.692307692,42.0,1.21143717081,208.0,48.7984624843,195.0
2016-08-05,4,0,25.0,32.0,1,91.0,138.0,42.0,1.31135531136,208.0,50.0983647822,197.0
2016-08-06,5,1,24.0,33.0,1,94.0,144.769230769,42.0,1.31544887634,208.0,51.6439792398,150.0
2016-08-07,6,1,23.0,31.0,1,94.0,153.076923077,42.0,1.24254928932,208.0,42.2819502106,120.0
2016-08-08,0,0,24.0,32.0,1,96.0,158.076923077,42.0,1.07060981201,208.0,33.2715205971,189.0
2016-08-09,1,0,25.0,33.0,1,105.0,160.538461538,42.0,1.03658536585,208.0,34.269554518,174.0
2016-08-10,2,0,26.0,33.0,1,109.0,157.923076923,42.0,1.08162579778,208.0,31.7525566226,53.0
2016-08-11,3,0,27.0,34.0,1,109.0,150.0,42.0,0.971395213076,208.0,42.332020977,53.0
2016-08-12,4,0,25.0,29.0,0,109.0,140.076923077,42.0,0.683760683761,208.0,48.3583761553,53.0
2016-08-13,5,1,24.0,31.0,0,109.0,135.230769231,42.0,0.39640987285,208.0,53.42018323,53.0
2016-08-14,6,1,24.0,33.0,1,109.0,132.307692308,42.0,0.3947858473,208.0,56.6994568084,53.0
2016-08-15,0,0,21.0,29.0,0,109.0,125.538461538,42.0,0.395080134178,208.0,60.3905435601,53.0
2016-08-16,1,0,23.0,31.0,1,109.0,116.153846154,42.0,0.411012020163,208.0,61.4452178196,53.0
2016-08-17,2,0,23.0,28.0,0,109.0,107.384615385,42.0,0.437293729373,208.0,61.6971991155,53.0
2016-08-18,3,0,22.0,24.0,0,109.0,96.4615384615,42.0,0.456699698406,208.0,57.6562964533,53.0
2016-08-19,4,0,22.0,32.0,1,109.0,85.3846153846,42.0,0.483576642336,208.0,50.6883971878,53.0
2016-08-20,5,1,23.0,31.0,1,109.0,77.9230769231,42.0,0.497886331611,208.0,47.6775411383,53.0
2016-08-21,6,1,23.0,34.0,1,109.0,72.7692307692,42.0,0.50693448111,208.0,46.4561891979,53.0
2016-08-22,0,0,23.0,32.0,1,109.0,62.3076923077,42.0,0.529206190714,208.0,32.2427919563,53.0
2016-08-23,1,0,24.0,30.0,0,109.0,53.0,53.0,0.563530037214,208.0,0.0,53.0
2016-08-24,2,0,24.0,31.0,0,109.0,53.0,53.0,0.599886813809,208.0,0.0,53.0
2016-08-25,3,0,18.0,30.0,1,109.0,53.0,53.0,0.652307692308,208.0,0.0,53.0
2016-08-26,4,0,17.0,29.0,1,109.0,53.0,53.0,0.715732613099,197.0,0.0,53.0
2016-08-27,5,1,20.0,32.0,1,109.0,53.0,53.0,0.765895953757,197.0,0.0,53.0
2016-08-28,6,1,18.0,31.0,1,105.0,53.0,53.0,0.804859529233,197.0,0.0,53.0
2016-08-29,0,0,19.0,31.0,1,96.0,53.0,53.0,0.897544453853,197.0,0.0,53.0
2016-08-30,1,0,19.0,31.0,1,94.0,53.0,53.0,1.0,197.0,0.0,53.0
2016-08-31,2,0,19.0,33.0,1,94.0,53.0,53.0,1.0,197.0,0.0,53.0
2016-09-01,3,0,19.0,27.0,1,94.0,53.0,53.0,1.0,197.0,0.0,53.0
2016-09-02,4,0,19.0,28.0,1,94.0,53.0,53.0,1.0,197.0,0.0,53.0
2016-09-03,5,1,20.0,30.0,1,91.0,53.0,53.0,1.0,197.0,0.0,53.0
2016-09-04,6,1,18.0,29.0,0,91.0,53.0,53.0,1.0,189.0,0.0,39.0
2016-09-05,0,0,20.0,31.0,1,75.0,51.9230769231,39.0,0.924155513066,189.0,3.73057097015,112.0
2016-09-06,1,0,21.0,30.0,1,75.0,56.4615384615,39.0,1.23076923077,189.0,16.4579435327,114.0
2016-09-07,2,0,19.0,31.0,1,91.0,61.1538461538,39.0,1.51515151515,174.0,22.4185574018,105.0
2016-09-08,3,0,18.0,31.0,1,91.0,65.1538461538,39.0,1.81171319102,114.0,25.0870673205,135.0
2016-09-09,4,0,19.0,31.0,1,91.0,71.4615384615,39.0,1.81538461538,135.0,30.8784599671,118.0
2016-09-10,5,1,18.0,30.0,1,91.0,76.4615384615,39.0,1.74847374847,135.0,32.6934841417,98.0
2016-09-11,6,1,18.0,25.0,0,91.0,79.9230769231,39.0,1.65957446809,135.0,32.4071728491,92.0
2016-09-12,0,0,18.0,27.0,1,91.0,82.9230769231,39.0,1.41706924316,135.0,31.5703403614,130.0
2016-09-13,1,0,19.0,27.0,1,91.0,88.8461538462,39.0,1.39799038882,135.0,32.60685665,158.0
2016-09-14,2,0,20.0,30.0,1,91.0,96.9230769231,39.0,1.55323932148,158.0,35.594860343,155.0
2016-09-15,3,1,21.0,30.0,1,92.0,104.769230769,39.0,1.70417387959,158.0,36.2834012615,89.0
2016-09-16,4,1,20.0,30.0,0,91.0,107.538461538,39.0,1.51498021481,158.0,33.4930885743,119.0
2016-09-17,5,1,17.0,24.0,1,91.0,112.615384615,39.0,1.31880108992,158.0,29.6194802363,87.0
2016-09-18,6,0,15.0,22.0,0,89.0,116.307692308,39.0,1.05225610844,158.0,22.2999986733,147.0
2016-09-19,0,0,13.0,25.0,1,89.0,119.0,39.0,1.19884530481,158.0,23.6870623564,127.0
2016-09-20,1,0,14.0,26.0,1,89.0,120.0,39.0,1.18147602684,158.0,23.7292419406,123.0
2016-09-21,2,0,16.0,23.0,0,89.0,121.384615385,39.0,1.25613035912,158.0,23.3354746834,141.0
2016-09-22,3,0,17.0,26.0,0,91.0,121.846153846,39.0,1.18754745634,158.0,23.6573168186,187.0
2016-09-23,4,0,19.0,27.0,1,92.0,127.153846154,39.0,1.29096894232,187.0,29.2728442124,189.0
2016-09-24,5,1,20.0,29.0,1,92.0,134.153846154,39.0,1.39824205544,189.0,32.1985335401,96.0
2016-09-25,6,1,19.0,27.0,1,92.0,134.461538462,39.0,1.24768702088,189.0,31.811017406,114.0
2016-09-26,0,0,19.0,24.0,0,92.0,133.230769231,39.0,1.05388272583,189.0,32.2660904312,186.0
2016-09-27,1,0,12.0,23.0,1,92.0,135.384615385,39.0,1.01694915254,189.0,34.6910284601,194.0
2016-09-28,2,0,10.0,20.0,1,92.0,138.384615385,39.0,1.22656734947,194.0,37.8042294368,163.0
2016-09-29,3,0,12.0,22.0,1,96.0,144.076923077,39.0,1.33431625507,194.0,35.4367508896,189.0
2016-09-30,4,0,14.0,24.0,1,96.0,149.461538462,39.0,1.30747126437,194.0,36.5189421547,187.0
2016-10-01,5,1,15.0,26.0,1,96.0,157.153846154,39.0,1.25072514213,194.0,32.9050993332,139.0
2016-10-02,6,1,16.0,26.0,1,96.0,156.538461538,39.0,1.17579908676,194.0,33.1630363846,108.0
2016-10-03,0,1,16.0,28.0,1,96.0,155.076923077,39.0,0.998389694042,194.0,34.8103908856,92.0
2016-10-04,1,1,11.0,19.0,0,92.0,152.692307692,87.0,0.79802259887,194.0,37.8547519939,106.0
2016-10-05,2,1,13.0,21.0,1,92.0,150.0,87.0,0.733021918793,194.0,39.7859658287,96.0
2016-10-06,3,1,14.0,17.0,0,92.0,143.0,87.0,0.702508960573,194.0,40.6561566915,99.0
2016-10-07,4,1,12.0,16.0,0,92.0,136.076923077,87.0,0.724428399519,194.0,39.8891956424,104.0
2016-10-08,5,0,5.0,19.0,1,92.0,136.692307692,87.0,0.715225451501,194.0,39.3238714257,153.0
2016-10-09,6,0,8.0,18.0,1,96.0,139.692307692,87.0,0.849743406134,194.0,38.9642530758,132.0
2016-10-10,0,0,10.0,20.0,1,96.0,135.538461538,87.0,0.9268525137,194.0,36.6136069381,173.0
2016-10-11,1,0,10.0,20.0,1,98.0,133.923076923,87.0,1.07209737828,194.0,34.3946810254,181.0
2016-10-12,2,0,10.0,19.0,1,99.0,135.307692308,87.0,1.12188365651,194.0,35.8681015675,157.0
2016-10-13,3,0,12.0,22.0,1,104.0,132.846153846,87.0,1.19197574061,194.0,33.0892642451,179.0
2016-10-14,4,0,13.0,23.0,1,105.0,132.230769231,87.0,1.21020599251,194.0,32.1370953791,207.0
2016-10-15,5,1,11.0,17.0,0,106.0,137.461538462,87.0,1.22338627915,207.0,37.8409940197,154.0
2016-10-16,6,1,12.0,20.0,1,108.0,141.0,87.0,1.20040013338,207.0,37.0633553216,151.0
2016-10-17,0,0,9.0,21.0,1,112.0,145.538461538,92.0,1.15159694107,207.0,34.2942367542,214.0
2016-10-18,1,0,12.0,20.0,1,114.0,153.846153846,92.0,1.15951742627,214.0,36.7064156074,215.0
2016-10-19,2,0,14.0,22.0,1,114.0,163.0,92.0,1.27360562143,215.0,35.9700730309,191.0
2016-10-20,3,0,11.0,15.0,0,118.0,170.076923077,92.0,1.36054421769,215.0,31.4482763095,237.0
2016-10-21,4,0,11.0,11.0,0,119.0,180.307692308,92.0,1.38816925734,237.0,29.8828085782,198.0
2016-10-22,5,1,7.0,15.0,1,123.0,183.769230769,92.0,1.32613070649,237.0,29.1155624423,187.0
2016-10-23,6,1,0.0,5.0,1,127.0,188.0,92.0,1.28538954329,237.0,24.9892284487,167.0
2016-10-24,0,0,6.0,13.0,1,130.0,187.538461538,92.0,1.11481369282,237.0,25.3152899514,206.0
2016-10-25,1,0,10.0,17.0,1,132.0,189.461538462,92.0,1.09771635793,237.0,25.6923076923,228.0
2016-10-26,2,0,0.0,10.0,1,135.0,194.923076923,92.0,1.13406925182,237.0,25.7576322922,196.0
2016-10-27,3,0,7.0,11.0,0,139.0,196.230769231,92.0,1.15702479339,237.0,25.3442569618,241.0
2016-10-28,4,0,2.0,13.0,1,141.0,198.846153846,92.0,1.17688700115,241.0,27.9418246027,245.0
2016-10-29,5,1,2.0,12.0,1,147.0,205.846153846,92.0,1.17819815151,245.0,27.2194674504,117.0
2016-10-30,6,1,2.0,13.0,1,147.0,203.230769231,92.0,1.04578563996,245.0,33.3147088008,130.0
2016-10-31,0,0,-4.0,6.0,1,147.0,196.769230769,92.0,0.862930807682,245.0,38.3629505686,236.0
