time_stamp,dayofweek,holiday,lt,ht,sunny,m2M,w2A,m1L,d3w3,m1Lar,w2Std,pay_sum
2016-08-01,0,0,28.0,34.0,1,102.0,127.923076923,78.0,1.09370706238,161.0,18.1169769021,141.0
2016-08-02,1,0,28.0,34.0,0,104.0,130.769230769,78.0,1.07254661767,161.0,17.0074818204,139.0
2016-08-03,2,0,26.0,32.0,0,104.0,133.230769231,78.0,1.00121114251,161.0,15.6507745994,113.0
2016-08-04,3,0,27.0,32.0,0,105.0,132.230769231,78.0,1.04674390731,161.0,16.4744737101,68.0
2016-08-05,4,0,27.0,33.0,0,105.0,127.461538462,68.0,0.865449628127,161.0,23.7830430369,149.0
2016-08-06,5,1,27.0,33.0,1,106.0,129.076923077,68.0,0.882825040128,161.0,24.4680687945,126.0
2016-08-07,6,1,27.0,34.0,1,107.0,128.076923077,68.0,0.910659763706,161.0,24.3072054479,147.0
2016-08-08,0,0,27.0,34.0,0,107.0,129.692307692,68.0,1.10500130924,161.0,24.8081395309,111.0
2016-08-09,1,0,28.0,34.0,1,109.0,128.461538462,68.0,1.00274187231,161.0,25.3031326264,118.0
2016-08-10,2,0,28.0,34.0,1,111.0,126.076923077,68.0,0.977639105564,161.0,24.7089567643,138.0
2016-08-11,3,0,28.0,35.0,1,111.0,126.769230769,68.0,0.949792960663,161.0,24.9064521951,127.0
2016-08-12,4,0,28.0,34.0,1,111.0,125.384615385,68.0,0.992356522866,161.0,24.3485537765,133.0
2016-08-13,5,1,28.0,35.0,1,112.0,123.230769231,68.0,1.02922161883,161.0,22.2508559772,131.0
2016-08-14,6,1,28.0,36.0,1,113.0,126.230769231,68.0,1.01426718547,161.0,20.3891141625,106.0
2016-08-15,0,0,28.0,35.0,1,113.0,123.538461538,68.0,0.967320261438,161.0,20.5711350594,127.0
2016-08-16,1,0,28.0,35.0,1,115.0,122.615384615,68.0,0.951633986928,161.0,20.1209361364,126.0
2016-08-17,2,0,28.0,35.0,1,115.0,123.615384615,68.0,0.947104603614,161.0,19.9404438711,117.0
2016-08-18,3,0,28.0,36.0,1,117.0,127.384615385,68.0,0.980781974818,161.0,12.2004947033,133.0
2016-08-19,4,0,29.0,36.0,1,117.0,126.153846154,68.0,1.00146490878,161.0,10.6687621216,133.0
2016-08-20,5,1,28.0,37.0,0,118.0,126.692307692,68.0,1.03164983165,161.0,10.8229429766,150.0
2016-08-21,6,1,28.0,35.0,0,118.0,126.923076923,68.0,1.09488090538,161.0,11.2759890473,116.0
2016-08-22,0,0,28.0,35.0,1,118.0,127.307692308,68.0,1.06060606061,161.0,10.8015997062,139.0
2016-08-23,1,0,26.0,34.0,1,118.0,128.923076923,68.0,1.07655502392,161.0,10.8589667908,118.0
2016-08-24,2,0,26.0,34.0,1,118.0,127.384615385,68.0,0.989521156652,161.0,10.8807413601,110.0
2016-08-25,3,0,27.0,35.0,1,118.0,126.076923077,68.0,0.957599478147,161.0,11.8286584093,101.0
2016-08-26,4,0,26.0,34.0,0,118.0,123.615384615,68.0,0.874883659088,161.0,13.3620499437,109.0
2016-08-27,5,1,23.0,31.0,1,118.0,121.923076923,68.0,0.856760374833,161.0,13.7082879953,118.0
2016-08-28,6,1,22.0,30.0,1,118.0,122.846153846,68.0,0.888527698767,161.0,12.990210242,133.0
2016-08-29,0,0,23.0,31.0,1,120.0,123.307692308,68.0,0.966572694321,150.0,13.2338994508,128.0
2016-08-30,1,0,23.0,31.0,1,120.0,123.461538462,68.0,1.01350447921,150.0,13.275862334,120.0
2016-08-31,2,0,25.0,34.0,1,120.0,123.692307692,68.0,1.02626262626,150.0,13.1873168402,113.0
2016-09-01,3,0,26.0,33.0,1,120.0,122.153846154,68.0,0.977922253826,150.0,13.1783397685,135.0
2016-09-02,4,0,25.0,34.0,1,120.0,122.307692308,68.0,0.996075246989,150.0,13.3150268805,137.0
2016-09-03,5,1,25.0,35.0,1,122.0,121.307692308,101.0,1.03955717564,150.0,11.5717468622,156.0
2016-09-04,6,1,25.0,33.0,1,126.0,124.384615385,101.0,1.13272462617,156.0,14.6578330938,127.0
2016-09-05,0,0,25.0,30.0,0,126.0,123.461538462,101.0,1.11155220326,156.0,14.0746109913,112.0
2016-09-06,1,0,22.0,27.0,0,126.0,123.0,101.0,1.05123087159,156.0,14.3419771194,103.0
2016-09-07,2,0,20.0,24.0,0,126.0,122.461538462,101.0,0.915295062224,156.0,14.9389289319,87.0
2016-09-08,3,0,22.0,29.0,1,126.0,121.384615385,87.0,0.823449216087,156.0,16.8319223343,110.0
2016-09-09,4,0,23.0,31.0,1,126.0,121.461538462,87.0,0.825763831544,156.0,16.7773445438,133.0
2016-09-10,5,1,24.0,29.0,1,126.0,122.615384615,87.0,0.914760914761,156.0,17.0137431396,137.0
2016-09-11,6,1,23.0,26.0,0,126.0,122.923076923,87.0,1.04424292388,156.0,17.2335162645,99.0
2016-09-12,0,0,23.0,29.0,1,126.0,120.692307692,87.0,1.03101424979,156.0,18.2772856737,119.0
2016-09-13,1,0,23.0,30.0,1,126.0,120.615384615,87.0,0.991481636643,156.0,18.2821411872,126.0
2016-09-14,2,0,22.0,24.0,0,126.0,121.615384615,87.0,0.954362602303,156.0,18.1935680162,110.0
2016-09-15,3,1,23.0,26.0,0,126.0,119.692307692,87.0,0.981205085683,156.0,17.9973699591,66.0
2016-09-16,4,1,23.0,27.0,0,126.0,114.230769231,66.0,0.849866328971,156.0,22.1989391505,66.0
2016-09-17,5,1,23.0,27.0,0,126.0,107.307692308,66.0,0.69630269026,156.0,22.1268532136,105.0
2016-09-18,6,0,23.0,28.0,0,126.0,105.615384615,66.0,0.690257754478,156.0,21.3848920845,114.0
2016-09-19,0,0,21.0,27.0,0,126.0,105.769230769,66.0,0.835164835165,156.0,21.4374002663,115.0
2016-09-20,1,0,20.0,26.0,1,126.0,106.692307692,66.0,0.980910425844,156.0,21.5563112849,138.0
2016-09-21,2,0,20.0,27.0,1,126.0,110.615384615,66.0,1.06608569354,156.0,22.245270756,114.0
2016-09-22,3,0,21.0,27.0,1,126.0,110.923076923,66.0,1.07593081208,156.0,22.2622880103,110.0
2016-09-23,4,0,21.0,27.0,1,126.0,109.153846154,66.0,1.07402462543,156.0,21.3319772745,102.0
2016-09-24,5,1,22.0,28.0,1,120.0,106.461538462,66.0,0.991032071743,156.0,19.8013806225,156.0
2016-09-25,6,1,23.0,29.0,1,120.0,110.846153846,66.0,1.10411041104,156.0,23.6084931062,125.0
2016-09-26,0,0,24.0,31.0,1,120.0,111.307692308,66.0,1.14243102163,156.0,23.8210786276,109.0
2016-09-27,1,0,25.0,30.0,0,119.0,110.0,66.0,1.16019634092,156.0,23.4422367008,121.0
2016-09-28,2,0,22.0,28.0,0,119.0,110.846153846,66.0,1.04029304029,156.0,23.6247788882,103.0
2016-09-29,3,0,22.0,25.0,0,119.0,113.692307692,66.0,0.978835978836,156.0,20.0014792352,83.0
2016-09-30,4,0,23.0,28.0,0,118.0,115.0,66.0,0.922753231139,156.0,17.2001788899,140.0
2016-10-01,5,1,24.0,29.0,0,118.0,117.692307692,66.0,0.978538196008,156.0,18.1378678052,137.0
2016-10-02,6,1,24.0,32.0,1,119.0,119.461538462,66.0,1.06241699867,156.0,18.8010449162,70.0
2016-10-03,0,1,22.0,26.0,1,119.0,116.0,66.0,1.0467571644,156.0,22.9815979896,76.0
2016-10-04,1,1,22.0,26.0,1,118.0,111.230769231,66.0,0.873456790123,156.0,24.3157240869,91.0
2016-10-05,2,1,22.0,27.0,1,118.0,109.461538462,66.0,0.737972909855,156.0,24.8800673528,101.0
2016-10-06,3,1,22.0,26.0,0,118.0,108.769230769,66.0,0.821078431373,156.0,24.980465741,95.0
2016-10-07,4,1,20.0,25.0,0,118.0,108.230769231,66.0,0.867724867725,156.0,25.1950967335,96.0
2016-10-08,5,0,17.0,22.0,0,117.0,103.615384615,66.0,0.886460230723,156.0,21.2006475283,102.0
2016-10-09,6,0,18.0,22.0,1,116.0,101.846153846,66.0,0.894383394383,156.0,20.2820350741,88.0
2016-10-10,0,0,18.0,22.0,1,115.0,100.230769231,66.0,0.883943749034,156.0,20.4832158163,114.0
2016-10-11,1,0,19.0,25.0,1,114.0,99.6923076923,66.0,0.950148460697,156.0,20.0168568015,103.0
2016-10-12,2,0,19.0,23.0,1,114.0,99.6923076923,66.0,0.95821551995,156.0,20.0168568015,113.0
2016-10-13,3,0,19.0,23.0,1,114.0,102.0,66.0,1.03529411765,156.0,19.6859965848,131.0
2016-10-14,4,0,19.0,23.0,0,114.0,101.307692308,66.0,1.07397090684,156.0,18.4573713246,121.0
2016-10-15,5,1,21.0,25.0,1,114.0,100.076923077,66.0,1.14834041214,156.0,16.4618979112,126.0
2016-10-16,6,1,20.0,26.0,1,114.0,104.384615385,70.0,1.18867924528,156.0,15.3148417784,112.0
2016-10-17,0,0,20.0,25.0,1,114.0,107.153846154,70.0,1.12733553148,156.0,13.0138751625,132.0
2016-10-18,1,0,20.0,25.0,1,114.0,110.307692308,70.0,1.15588878475,156.0,13.6685186603,147.0
2016-10-19,2,0,20.0,24.0,0,114.0,113.846153846,70.0,1.19681665136,156.0,16.4683666644,119.0
2016-10-20,3,0,20.0,23.0,0,114.0,115.692307692,70.0,1.19843420656,156.0,15.5730764481,102.0
2016-10-21,4,0,0.0,21.0,0,113.0,116.153846154,70.0,1.12745098039,156.0,15.0631805501,108.0
2016-10-22,5,1,19.0,23.0,0,113.0,116.615384615,70.0,1.02158049992,156.0,14.7102186437,112.0
2016-10-23,6,1,18.0,23.0,1,113.0,118.461538462,70.0,0.980660880158,156.0,12.3139407216,164.0
2016-10-24,0,0,20.0,24.0,1,113.0,122.307692308,70.0,1.12428634168,164.0,17.1705679104,124.0
2016-10-25,1,0,18.0,22.0,1,114.0,123.923076923,70.0,1.1544011544,164.0,16.2407916559,110.0
2016-10-26,2,0,19.0,21.0,0,113.0,123.692307692,70.0,1.14417133822,164.0,16.4147429764,100.0
2016-10-27,3,0,18.0,22.0,0,113.0,121.307692308,70.0,0.958118187034,164.0,17.4019654742,96.0
2016-10-28,4,0,15.0,20.0,0,112.0,119.384615385,70.0,0.877796901893,164.0,18.6652225421,110.0
2016-10-29,5,1,13.0,17.0,1,112.0,118.153846154,70.0,0.874785591767,164.0,18.7158762463,105.0
2016-10-30,6,1,14.0,18.0,1,112.0,117.615384615,70.0,0.882645097204,164.0,18.9839546076,91.0
2016-10-31,0,0,13.0,17.0,0,110.0,114.461538462,70.0,0.877042132416,164.0,19.723532936,97.0
