time_stamp,dayofweek,holiday,lt,ht,sunny,m2M,w2A,m1L,d3w3,m1Lar,w2Std,pay_sum
2016-08-01,0,0,28.0,36.0,1,87.0,99.1538461538,52.0,1.1208526732,136.0,21.1399954656,77.0
2016-08-02,1,0,27.0,36.0,0,84.0,98.6153846154,52.0,1.01382488479,136.0,21.6031994124,84.0
2016-08-03,2,0,26.0,32.0,0,84.0,97.3846153846,52.0,0.925072537976,136.0,21.9423666823,73.0
2016-08-04,3,0,26.0,33.0,0,84.0,95.3846153846,52.0,0.802882141019,136.0,22.8693226214,102.0
2016-08-05,4,0,27.0,33.0,0,84.0,97.0,52.0,0.877817319098,136.0,22.5354421711,129.0
2016-08-06,5,1,26.0,33.0,0,84.0,96.4615384615,52.0,1.02564102564,136.0,21.6639203236,190.0
2016-08-07,6,1,27.0,35.0,1,87.0,100.769230769,52.0,1.38191367143,190.0,31.8654716586,215.0
2016-08-08,0,0,27.0,34.0,0,87.0,113.307692308,52.0,1.64891153312,215.0,40.9753858862,150.0
2016-08-09,1,0,27.0,34.0,1,87.0,118.076923077,52.0,1.66292134831,215.0,41.3585848933,141.0
2016-08-10,2,0,28.0,35.0,1,87.0,121.769230769,52.0,1.48867313916,215.0,41.0967972665,147.0
2016-08-11,3,0,28.0,35.0,1,88.0,125.692307692,52.0,1.26188418323,215.0,40.8832947178,146.0
2016-08-12,4,0,28.0,36.0,1,89.0,128.769230769,52.0,1.21619728177,215.0,40.7905604581,130.0
2016-08-13,5,1,28.0,36.0,1,92.0,130.307692308,52.0,1.18836915297,215.0,40.4292061517,232.0
2016-08-14,6,1,28.0,37.0,1,93.0,139.692307692,52.0,1.37056522326,232.0,48.064675363,248.0
2016-08-15,0,0,27.0,36.0,1,93.0,152.846153846,52.0,1.52480939883,248.0,52.3183247112,131.0
2016-08-16,1,0,27.0,36.0,1,95.0,156.461538462,52.0,1.50307503075,248.0,48.9514915065,138.0
2016-08-17,2,0,27.0,36.0,1,95.0,161.461538462,52.0,1.25105868119,248.0,43.1466468697,139.0
2016-08-18,3,0,28.0,36.0,1,95.0,164.307692308,52.0,0.972122944961,248.0,40.2537807405,126.0
2016-08-19,4,0,29.0,37.0,1,95.0,164.076923077,52.0,0.953394842678,248.0,40.463585792,162.0
2016-08-20,5,1,28.0,37.0,0,96.0,161.923076923,52.0,0.991869918699,248.0,39.7655853113,230.0
2016-08-21,6,1,28.0,35.0,0,97.0,163.076923077,52.0,1.15496098105,248.0,41.4700291007,247.0
2016-08-22,0,0,27.0,35.0,1,99.0,170.538461538,52.0,1.34810126582,248.0,46.826382085,163.0
2016-08-23,1,0,26.0,35.0,1,100.0,172.230769231,52.0,1.31727899557,248.0,46.1205007748,111.0
2016-08-24,2,0,25.0,34.0,1,100.0,169.461538462,73.0,1.05991252162,248.0,48.568136729,130.0
2016-08-25,3,0,26.0,35.0,1,101.0,168.230769231,73.0,0.814926878467,248.0,49.3436206556,166.0
2016-08-26,4,0,24.0,32.0,0,102.0,171.0,73.0,0.81188908837,248.0,48.1152462643,150.0
2016-08-27,5,1,23.0,30.0,1,106.0,164.692307692,73.0,0.900464365031,248.0,44.9775749515,245.0
2016-08-28,6,1,20.0,31.0,1,110.0,164.461538462,73.0,1.12244897959,248.0,44.5552645333,227.0
2016-08-29,0,0,20.0,32.0,1,110.0,171.846153846,73.0,1.21638799257,248.0,46.3180412663,166.0
2016-08-30,1,0,21.0,31.0,1,111.0,174.0,73.0,1.23859444768,248.0,45.3346530728,154.0
2016-08-31,2,0,23.0,33.0,1,115.0,175.153846154,73.0,1.05976944687,248.0,44.6143235948,159.0
2016-09-01,3,0,24.0,33.0,1,120.0,177.692307692,73.0,0.92453194364,248.0,42.6405091169,162.0
2016-09-02,4,0,24.0,34.0,1,126.0,177.692307692,102.0,0.908395486709,248.0,42.6405091169,153.0
2016-09-03,5,1,22.0,34.0,1,129.0,171.769230769,111.0,0.92750220135,248.0,40.2437837458,217.0
2016-09-04,6,1,23.0,32.0,1,130.0,169.461538462,111.0,1.05055292259,248.0,36.554733219,269.0
2016-09-05,0,0,24.0,32.0,1,130.0,177.615384615,111.0,1.21229368241,269.0,45.0410726432,132.0
2016-09-06,1,0,21.0,26.0,0,131.0,179.230769231,111.0,1.17445838084,269.0,42.9510523667,109.0
2016-09-07,2,0,21.0,25.0,0,131.0,177.615384615,109.0,0.977573317999,269.0,45.1127450208,131.0
2016-09-08,3,0,21.0,30.0,1,131.0,174.923076923,109.0,0.712029859317,269.0,46.740628906,147.0
2016-09-09,4,0,22.0,32.0,1,132.0,174.692307692,109.0,0.743944636678,269.0,46.8703360599,143.0
2016-09-10,5,1,23.0,29.0,1,134.0,166.846153846,109.0,0.830129153111,269.0,42.8051868781,258.0
2016-09-11,6,1,21.0,28.0,1,135.0,169.230769231,109.0,1.07704402516,269.0,46.7697368394,259.0
2016-09-12,0,0,21.0,29.0,1,136.0,176.384615385,109.0,1.26146788991,269.0,52.4910812374,143.0
2016-09-13,1,0,21.0,30.0,1,138.0,175.538461538,109.0,1.25,269.0,52.9319089231,150.0
2016-09-14,2,0,21.0,24.0,0,139.0,174.846153846,109.0,1.0395480226,269.0,53.2018596463,174.0
2016-09-15,3,1,21.0,25.0,0,141.0,175.769230769,109.0,0.877489665539,269.0,53.07491635,203.0
2016-09-16,4,1,22.0,25.0,0,143.0,179.615384615,109.0,0.975654910673,269.0,53.0972090553,147.0
2016-09-17,5,1,21.0,27.0,1,143.0,174.230769231,109.0,0.997240460558,269.0,52.579835044,178.0
2016-09-18,6,0,21.0,27.0,1,146.0,167.230769231,109.0,1.01910828025,269.0,45.0096636567,142.0
2016-09-19,0,0,20.0,26.0,1,146.0,168.0,109.0,0.907677356657,269.0,44.483359032,133.0
2016-09-20,1,0,19.0,26.0,1,146.0,169.846153846,109.0,0.885890290408,269.0,42.4478796315,136.0
2016-09-21,2,0,18.0,26.0,1,146.0,170.230769231,109.0,0.809214412286,269.0,42.1155075516,130.0
2016-09-22,3,0,17.0,27.0,1,146.0,168.923076923,109.0,0.793082886106,269.0,43.0696422418,119.0
2016-09-23,4,0,19.0,27.0,1,146.0,167.076923077,109.0,0.773092369478,269.0,44.6274519489,147.0
2016-09-24,5,1,19.0,28.0,1,147.0,158.538461538,109.0,0.812307692308,269.0,36.2461995559,201.0
2016-09-25,6,1,21.0,29.0,1,147.0,154.076923077,109.0,0.978420280746,269.0,25.6168860729,219.0
2016-09-26,0,0,23.0,30.0,1,147.0,159.923076923,109.0,1.15631691649,269.0,30.6078459988,127.0
2016-09-27,1,0,23.0,30.0,1,147.0,158.153846154,109.0,1.10942095122,269.0,31.7728625229,110.0
2016-09-28,2,0,21.0,26.0,0,147.0,153.230769231,109.0,0.930802204532,269.0,33.8279671418,141.0
2016-09-29,3,0,20.0,23.0,0,147.0,148.461538462,109.0,0.773006134969,269.0,30.701078369,151.0
2016-09-30,4,0,21.0,24.0,0,147.0,148.769230769,109.0,0.820073439412,269.0,30.7049328188,181.0
2016-10-01,5,1,22.0,25.0,0,150.0,149.0,109.0,0.988195967826,269.0,30.9341732866,208.0
2016-10-02,6,1,21.0,30.0,0,150.0,154.076923077,109.0,1.14649681529,269.0,34.570911602,155.0
2016-10-03,0,1,19.0,25.0,1,150.0,155.769230769,109.0,1.15059221658,269.0,34.0320072108,148.0
2016-10-04,1,1,21.0,27.0,1,150.0,156.692307692,109.0,1.08148148148,259.0,33.6438006986,140.0
2016-10-05,2,1,20.0,28.0,1,150.0,157.461538462,109.0,0.947796320068,259.0,33.1351901821,171.0
2016-10-06,3,1,20.0,25.0,1,150.0,161.461538462,110.0,0.992217898833,259.0,31.3408442884,148.0
2016-10-07,4,1,18.0,22.0,0,150.0,161.538461538,110.0,0.991896272285,259.0,31.3064637824,142.0
2016-10-08,5,0,16.0,23.0,1,150.0,157.0,110.0,1.00798075872,259.0,29.4801106354,160.0
2016-10-09,6,0,14.0,21.0,1,150.0,152.461538462,110.0,0.978154548419,259.0,23.5261405662,159.0
2016-10-10,0,0,15.0,22.0,1,151.0,154.923076923,110.0,0.993641556202,259.0,22.3794601518,114.0
2016-10-11,1,0,17.0,23.0,1,151.0,155.230769231,110.0,0.939976120699,219.0,21.7791496837,156.0
2016-10-12,2,0,17.0,22.0,1,151.0,156.384615385,110.0,0.923474329997,219.0,21.3884888578,109.0
2016-10-13,3,0,17.0,20.0,1,150.0,153.153846154,109.0,0.818486124609,219.0,24.8498449271,132.0
2016-10-14,4,0,18.0,21.0,1,150.0,149.384615385,109.0,0.861545138889,219.0,24.0433533484,134.0
2016-10-15,5,1,19.0,21.0,0,150.0,143.692307692,109.0,0.831946755408,219.0,17.3088888475,172.0
2016-10-16,6,1,18.0,25.0,1,151.0,145.0,109.0,0.987153482082,219.0,18.7000617029,194.0
2016-10-17,0,0,18.0,25.0,1,153.0,148.538461538,109.0,1.10192837466,219.0,22.829183026,130.0
2016-10-18,1,0,18.0,24.0,1,151.0,147.769230769,109.0,1.08593322386,219.0,23.2681817945,105.0
2016-10-19,2,0,19.0,22.0,0,150.0,142.692307692,105.0,0.95048188767,219.0,24.7957335517,114.0
2016-10-20,3,0,19.0,22.0,0,150.0,140.076923077,105.0,0.782862270076,219.0,25.8678937874,98.0
2016-10-21,4,0,20.0,22.0,0,148.0,136.692307692,98.0,0.731510326526,219.0,28.1708649696,129.0
2016-10-22,5,1,19.0,22.0,0,148.0,134.307692308,98.0,0.809015421115,219.0,27.3984407624,159.0
2016-10-23,6,1,16.0,22.0,1,150.0,134.307692308,98.0,0.914475242833,219.0,27.3984407624,190.0
2016-10-24,0,0,17.0,23.0,1,150.0,140.153846154,98.0,1.11577964519,219.0,30.3868548347,130.0
2016-10-25,1,0,16.0,19.0,1,148.0,138.153846154,98.0,1.12204263294,208.0,30.1326456084,120.0
2016-10-26,2,0,17.0,20.0,0,148.0,139.0,98.0,1.04949314252,208.0,29.4487821349,112.0
2016-10-27,3,0,16.0,19.0,0,147.0,137.461538462,98.0,0.874713060288,208.0,30.2848410535,127.0
2016-10-28,4,0,14.0,18.0,0,147.0,136.923076923,98.0,0.872206025267,208.0,30.4035967975,146.0
2016-10-29,5,1,9.0,13.0,0,147.0,134.923076923,98.0,0.940170940171,208.0,28.8456410211,198.0
2016-10-30,6,1,13.0,18.0,1,147.0,135.230769231,98.0,1.1339833875,208.0,29.4883388847,178.0
2016-10-31,0,0,11.0,16.0,0,147.0,138.923076923,98.0,1.22837980939,198.0,31.536210051,126.0
