time_stamp,dayofweek,holiday,lt,ht,sunny,m2M,w2A,m1L,d3w3,m1Lar,w2Std,pay_sum
2016-08-01,0,0,25.0,35.0,0,268.0,272.769230769,132.0,0.904643923512,360.0,75.3465366936,408.0
2016-08-02,1,0,25.0,29.0,0,268.0,281.538461538,140.0,0.925418569254,408.0,83.499991142,106.0
2016-08-03,2,0,25.0,31.0,0,268.0,266.615384615,106.0,0.850230560293,408.0,95.3604808177,331.0
2016-08-04,3,0,26.0,32.0,1,274.0,270.769230769,106.0,1.06289308176,408.0,96.8862567424,349.0
2016-08-05,4,0,26.0,34.0,1,277.0,271.615384615,106.0,0.981641064069,408.0,97.5157095522,396.0
2016-08-06,5,1,27.0,35.0,1,277.0,290.230769231,106.0,1.28877709905,408.0,96.3783839842,212.0
2016-08-07,6,1,27.0,36.0,1,268.0,294.692307692,106.0,1.13160695282,408.0,91.1704950716,202.0
2016-08-08,0,0,27.0,35.0,0,267.0,286.307692308,106.0,0.972972972973,408.0,94.2454933551,373.0
2016-08-09,1,0,25.0,34.0,0,268.0,289.307692308,106.0,0.932077929768,408.0,96.3138975637,356.0
2016-08-10,2,0,26.0,31.0,0,277.0,290.769230769,106.0,1.09176194664,408.0,97.1669094086,363.0
2016-08-11,3,0,26.0,32.0,0,280.0,292.923076923,106.0,1.26147981286,408.0,98.4256545188,336.0
2016-08-12,4,0,26.0,30.0,0,280.0,291.076923077,106.0,1.21915987751,408.0,97.3696063291,383.0
2016-08-13,5,1,25.0,32.0,0,284.0,305.692307692,106.0,1.20262309659,408.0,95.7981729514,204.0
2016-08-14,6,1,26.0,32.0,0,284.0,309.153846154,106.0,1.01741622575,408.0,91.1345971237,121.0
2016-08-15,0,0,25.0,31.0,0,280.0,287.076923077,106.0,0.805735745988,408.0,98.9432327833,523.0
2016-08-16,1,0,25.0,31.0,0,280.0,319.153846154,106.0,0.934898847914,523.0,102.567685835,491.0
2016-08-17,2,0,25.0,31.0,0,286.0,331.461538462,106.0,1.2202332957,523.0,112.380956082,403.0
2016-08-18,3,0,25.0,30.0,0,290.0,335.615384615,106.0,1.50688573404,523.0,113.939618599,405.0
2016-08-19,4,0,26.0,32.0,0,291.0,336.307692308,106.0,1.37155527399,523.0,114.331087781,505.0
2016-08-20,5,1,26.0,34.0,1,294.0,358.846153846,106.0,1.32105845659,523.0,116.464485279,246.0
2016-08-21,6,1,27.0,35.0,0,294.0,362.230769231,106.0,1.1480212523,523.0,112.426491435,158.0
2016-08-22,0,0,27.0,35.0,1,291.0,345.692307692,106.0,0.937645056475,523.0,124.762780825,402.0
2016-08-23,1,0,27.0,35.0,1,291.0,349.230769231,106.0,0.794989396854,523.0,125.654075722,419.0
2016-08-24,2,0,28.0,36.0,1,294.0,353.538461538,106.0,0.953215520179,523.0,127.004915341,388.0
2016-08-25,3,0,27.0,36.0,1,300.0,357.538461538,106.0,1.170490851,523.0,127.208257705,413.0
2016-08-26,4,0,25.0,35.0,0,303.0,359.846153846,106.0,1.17823168671,523.0,127.919353292,462.0
2016-08-27,5,1,24.0,32.0,0,304.0,379.692307692,106.0,1.17712847756,523.0,122.081551946,188.0
2016-08-28,6,1,26.0,33.0,1,304.0,384.846153846,106.0,0.992669374796,523.0,112.054139493,130.0
2016-08-29,0,0,26.0,33.0,1,304.0,354.615384615,106.0,0.754060324826,523.0,123.16626565,362.0
2016-08-30,1,0,25.0,32.0,1,306.0,344.692307692,106.0,0.656814449918,523.0,116.811079964,391.0
2016-08-31,2,0,25.0,33.0,0,308.0,343.769230769,106.0,0.849446849447,523.0,116.393334363,367.0
2016-09-01,3,0,25.0,32.0,0,311.0,340.846153846,121.0,1.07264281952,523.0,115.290833683,363.0
2016-09-02,4,0,25.0,31.0,0,311.0,329.923076923,121.0,1.07669404024,523.0,105.534873229,455.0
2016-09-03,5,1,25.0,31.0,0,331.0,346.0,121.0,1.09844271413,523.0,107.427972292,162.0
2016-09-04,6,1,26.0,31.0,0,331.0,346.307692308,121.0,0.903267431679,523.0,106.893465739,133.0
2016-09-05,0,0,26.0,32.0,0,331.0,325.615384615,121.0,0.730673681134,523.0,119.413012087,317.0
2016-09-06,1,0,26.0,33.0,0,317.0,317.769230769,121.0,0.611785874944,523.0,116.330532963,305.0
2016-09-07,2,0,25.0,31.0,0,317.0,311.384615385,121.0,0.765991984985,523.0,114.565089636,295.0
2016-09-08,3,0,26.0,32.0,0,317.0,302.307692308,121.0,0.946189960274,523.0,110.766132435,335.0
2016-09-09,4,0,26.0,32.0,0,331.0,292.538461538,121.0,0.990833465798,523.0,101.46057619,303.0
2016-09-10,5,1,25.0,30.0,0,331.0,301.384615385,121.0,0.979836168872,523.0,96.8698877254,152.0
2016-09-11,6,1,25.0,30.0,0,331.0,303.076923077,121.0,0.830442552297,523.0,94.0110153435,115.0
2016-09-12,0,0,24.0,33.0,1,331.0,284.076923077,115.0,0.627580511974,523.0,104.551394457,328.0
2016-09-13,1,0,26.0,35.0,1,331.0,279.230769231,115.0,0.66510172144,523.0,100.878566639,312.0
2016-09-14,2,0,26.0,35.0,1,331.0,275.0,115.0,0.854846014493,505.0,98.2273657624,309.0
2016-09-15,3,1,25.0,34.0,1,331.0,270.846153846,115.0,1.09382203781,505.0,95.5227287926,114.0
2016-09-16,4,1,25.0,34.0,1,331.0,244.615384615,114.0,0.901398086829,505.0,87.8648774334,100.0
2016-09-17,5,1,25.0,34.0,1,331.0,239.846153846,100.0,0.651957117926,505.0,93.7080951711,99.0
2016-09-18,6,0,25.0,33.0,1,331.0,237.230769231,99.0,0.392451883894,462.0,97.0679015679,267.0
2016-09-19,0,0,23.0,32.0,1,331.0,233.384615385,99.0,0.594918932721,462.0,94.7949515546,276.0
2016-09-20,1,0,24.0,31.0,1,328.0,231.153846154,99.0,0.838065400431,462.0,93.4145814296,241.0
2016-09-21,2,0,24.0,31.0,1,328.0,227.0,99.0,1.04932075219,462.0,91.667459204,298.0
2016-09-22,3,0,24.0,32.0,1,328.0,224.153846154,99.0,1.10523460808,462.0,88.7995548792,299.0
2016-09-23,4,0,25.0,32.0,1,328.0,223.846153846,99.0,1.17366946779,462.0,88.5323462434,290.0
2016-09-24,5,1,25.0,32.0,1,317.0,234.461538462,99.0,1.20976541189,462.0,87.5492084791,194.0
2016-09-25,6,1,26.0,33.0,1,312.0,240.538461538,99.0,1.05475853708,455.0,81.5848924407,134.0
2016-09-26,0,0,26.0,34.0,1,309.0,225.615384615,99.0,0.864456567352,455.0,81.9639118163,264.0
2016-09-27,1,0,27.0,35.0,1,305.0,221.923076923,99.0,0.835273368607,455.0,79.0174873911,285.0
2016-09-28,2,0,28.0,34.0,1,305.0,220.076923077,99.0,0.965712265818,455.0,77.2214214386,311.0
2016-09-29,3,0,21.0,28.0,0,309.0,235.230769231,99.0,1.2221985362,455.0,74.1880706211,290.0
2016-09-30,4,0,20.0,26.0,0,305.0,249.846153846,99.0,1.26264785521,455.0,64.1426848804,241.0
2016-10-01,5,1,20.0,28.0,0,305.0,260.769230769,99.0,1.17754003217,455.0,47.440900637,130.0
2016-10-02,6,1,23.0,31.0,1,303.0,250.230769231,99.0,0.92151122264,335.0,58.7539247084,279.0
2016-10-03,0,1,24.0,33.0,1,299.0,250.461538462,99.0,0.915557433622,335.0,58.8604809105,136.0
2016-10-04,1,1,24.0,32.0,1,298.0,242.384615385,99.0,0.79730817058,335.0,66.3342798739,118.0
2016-10-05,2,1,23.0,33.0,1,298.0,228.538461538,99.0,0.81386471217,335.0,71.8380822348,115.0
2016-10-06,3,1,25.0,32.0,1,298.0,214.384615385,99.0,0.563315777422,335.0,74.6329876143,123.0
2016-10-07,4,1,25.0,31.0,1,295.0,201.538461538,99.0,0.540622627183,335.0,74.8841314038,131.0
2016-10-08,5,0,24.0,31.0,0,290.0,196.692307692,99.0,0.55630936228,328.0,77.2173601599,247.0
2016-10-09,6,0,22.0,30.0,1,290.0,205.384615385,99.0,0.758746024534,328.0,76.0217969366,287.0
2016-10-10,0,0,22.0,30.0,1,287.0,207.153846154,99.0,1.00460759876,328.0,77.6162613353,248.0
2016-10-11,1,0,21.0,28.0,0,285.0,204.307692308,99.0,1.17948717949,328.0,75.3549392137,264.0
2016-10-12,2,0,20.0,25.0,0,285.0,200.692307692,99.0,1.21447028424,312.0,71.1600413103,240.0
2016-10-13,3,0,22.0,28.0,1,285.0,196.846153846,99.0,1.15861643941,311.0,67.4854356411,248.0
2016-10-14,4,0,20.0,30.0,1,279.0,197.384615385,99.0,1.16997277324,311.0,67.8624609741,274.0
2016-10-15,5,1,21.0,31.0,1,276.0,208.461538462,99.0,1.16380297824,311.0,67.7116231184,141.0
2016-10-16,6,1,24.0,32.0,1,274.0,197.846153846,99.0,1.010978957,311.0,66.6296840222,118.0
2016-10-17,0,0,23.0,32.0,1,267.0,196.461538462,115.0,0.840826628806,311.0,68.0719250664,288.0
2016-10-18,1,0,23.0,26.0,0,267.0,209.538461538,115.0,0.862299992118,311.0,68.0719250664,283.0
2016-10-19,2,0,23.0,27.0,0,274.0,222.461538462,115.0,1.09339046259,311.0,64.7642059078,293.0
2016-10-20,3,0,24.0,31.0,1,276.0,235.538461538,115.0,1.37012369172,311.0,60.3752565016,315.0
2016-10-21,4,0,24.0,27.0,0,276.0,249.692307692,115.0,1.38849929874,315.0,55.586916855,273.0
2016-10-22,5,1,24.0,30.0,1,274.0,251.692307692,115.0,1.32850787906,315.0,55.9208019853,151.0
2016-10-23,6,1,24.0,31.0,1,273.0,241.230769231,115.0,1.14760462769,315.0,60.8417289065,140.0
2016-10-24,0,0,24.0,30.0,1,267.0,232.923076923,115.0,0.875029090063,315.0,66.4639422642,284.0
2016-10-25,1,0,24.0,31.0,1,267.0,234.461538462,115.0,0.858914033908,315.0,67.3904985138,351.0
2016-10-26,2,0,25.0,32.0,1,273.0,243.0,115.0,1.09952472157,351.0,74.2355917126,298.0
2016-10-27,3,0,24.0,33.0,1,274.0,246.846153846,115.0,1.27615921215,351.0,75.6762803544,285.0
2016-10-28,4,0,22.0,33.0,1,274.0,247.692307692,115.0,1.23839830284,351.0,76.0358059534,319.0
2016-10-29,5,1,20.0,29.0,1,274.0,261.384615385,115.0,1.17908496732,351.0,71.4805389992,166.0
2016-10-30,6,1,19.0,28.0,1,273.0,265.076923077,115.0,1.03099685345,351.0,64.9170613327,112.0
2016-10-31,0,0,19.0,27.0,1,267.0,251.538461538,112.0,0.821804666529,351.0,76.1118765468,287.0
