time_stamp,dayofweek,holiday,lt,ht,sunny,m2M,w2A,m1L,d3w3,m1Lar,w2Std,pay_sum
2016-08-01,0,0,25.0,35.0,0,51.0,43.3846153846,30.0,1.1566091954,87.0,12.0290575214,29.0
2016-08-02,1,0,25.0,29.0,0,50.0,43.0769230769,29.0,1.08903605592,87.0,12.3379435917,24.0
2016-08-03,2,0,25.0,31.0,0,49.0,42.0769230769,24.0,0.888382687927,87.0,13.2807642184,26.0
2016-08-04,3,0,26.0,32.0,1,49.0,41.6923076923,24.0,0.605363984674,87.0,13.6628897461,28.0
2016-08-05,4,0,26.0,34.0,1,49.0,40.3846153846,24.0,0.614657210402,87.0,14.0905776567,61.0
2016-08-06,5,1,27.0,35.0,1,49.0,40.4615384615,24.0,0.912698412698,87.0,14.1997583111,59.0
2016-08-07,6,1,27.0,36.0,1,50.0,40.2307692308,24.0,1.18447378952,73.0,13.8683582643,53.0
2016-08-08,0,0,27.0,35.0,0,50.0,42.0,24.0,1.36650868878,67.0,13.9173383839,4.0
2016-08-09,1,0,25.0,34.0,0,46.0,39.5384615385,4.0,0.948875255624,67.0,17.2029308085,4.0
2016-08-10,2,0,26.0,31.0,0,46.0,37.2307692308,4.0,0.520034100597,67.0,19.6318181538,4.0
2016-08-11,3,0,26.0,32.0,0,46.0,34.8461538462,4.0,0.105960264901,67.0,21.5472509539,4.0
2016-08-12,4,0,26.0,30.0,0,46.0,31.9230769231,4.0,0.112044817927,67.0,22.9127493514,4.0
2016-08-13,5,1,25.0,32.0,0,46.0,28.0,4.0,0.121580547112,67.0,22.9916372757,4.0
2016-08-14,6,1,26.0,32.0,0,46.0,23.3846153846,4.0,0.133333333333,67.0,21.2586216412,4.0
2016-08-15,0,0,25.0,31.0,0,46.0,21.4615384615,4.0,0.1393728223,66.0,21.7878420035,4.0
2016-08-16,1,0,25.0,31.0,0,45.0,19.9230769231,4.0,0.147601476015,64.0,22.2553763201,4.0
2016-08-17,2,0,25.0,31.0,0,42.0,18.2307692308,4.0,0.15625,64.0,22.5632575599,4.0
2016-08-18,3,0,25.0,30.0,0,42.0,16.3846153846,4.0,0.16632016632,64.0,22.6700020751,4.0
2016-08-19,4,0,26.0,32.0,0,42.0,12.0,4.0,0.180586907449,64.0,18.7985269472,4.0
2016-08-20,5,1,26.0,34.0,1,41.0,7.76923076923,4.0,0.204081632653,64.0,13.0569983955,4.0
2016-08-21,6,1,27.0,35.0,0,39.0,4.0,4.0,0.240963855422,64.0,0.0,4.0
2016-08-22,0,0,27.0,35.0,1,39.0,4.0,4.0,0.260586319218,64.0,0.0,4.0
2016-08-23,1,0,27.0,35.0,1,37.0,4.0,4.0,0.278745644599,64.0,0.0,4.0
2016-08-24,2,0,28.0,36.0,1,36.0,4.0,4.0,0.301886792453,64.0,0.0,4.0
2016-08-25,3,0,27.0,36.0,1,36.0,4.0,4.0,0.331950207469,64.0,0.0,4.0
2016-08-26,4,0,25.0,35.0,0,35.0,4.0,4.0,0.434782608696,64.0,0.0,4.0
2016-08-27,5,1,24.0,32.0,0,35.0,4.0,4.0,0.62015503876,64.0,0.0,36.0
2016-08-28,6,1,26.0,33.0,1,35.0,6.46153846154,4.0,2.61904761905,64.0,8.52701936034,115.0
2016-08-29,0,0,26.0,33.0,1,35.0,15.0,4.0,4.63378176383,115.0,30.0921661158,64.0
2016-08-30,1,0,25.0,32.0,1,35.0,19.6153846154,4.0,5.06478209658,115.0,32.5518248609,33.0
2016-08-31,2,0,25.0,33.0,0,34.0,21.8461538462,4.0,4.52991452991,115.0,32.3985900782,56.0
2016-09-01,3,0,25.0,32.0,0,34.0,25.8461538462,4.0,2.8021978022,115.0,33.1496517068,49.0
2016-09-02,4,0,25.0,31.0,0,35.0,29.3076923077,4.0,2.24938875306,115.0,33.037006326,69.0
2016-09-03,5,1,25.0,31.0,0,35.0,34.3076923077,4.0,2.44725738397,115.0,33.7396927061,113.0
2016-09-04,6,1,26.0,31.0,0,35.0,42.6923076923,4.0,2.64150943396,115.0,38.3894709431,119.0
2016-09-05,0,0,26.0,32.0,0,35.0,51.5384615385,4.0,2.87488061127,119.0,41.5722085137,87.0
2016-09-06,1,0,26.0,33.0,0,35.0,57.9230769231,4.0,2.72300469484,119.0,40.1295240219,42.0
2016-09-07,2,0,25.0,31.0,0,35.0,60.8461538462,4.0,2.01872201872,119.0,37.3854067659,56.0
2016-09-08,3,0,26.0,32.0,0,35.0,64.8461538462,4.0,1.41599693838,119.0,33.6882681105,57.0
2016-09-09,4,0,26.0,32.0,0,35.0,68.9230769231,4.0,1.11832611833,119.0,28.9521130847,64.0
2016-09-10,5,1,25.0,30.0,0,35.0,71.0769230769,4.0,1.19918699187,119.0,27.4239130307,75.0
2016-09-11,6,1,25.0,30.0,0,35.0,68.0,4.0,1.23854660348,119.0,24.4005044084,68.0
2016-09-12,0,0,24.0,33.0,1,36.0,68.3076923077,4.0,1.23324396783,119.0,24.3733291037,54.0
2016-09-13,1,0,26.0,35.0,1,36.0,69.9230769231,4.0,1.12346735101,119.0,22.611982999,44.0
2016-09-14,2,0,26.0,35.0,1,36.0,69.0,4.0,0.915357044389,119.0,23.3929640967,52.0
2016-09-15,3,1,25.0,34.0,1,36.0,69.2307692308,4.0,0.79554494829,119.0,23.2085986922,66.0
2016-09-16,4,1,25.0,34.0,1,36.0,69.0,4.0,0.81880212282,119.0,23.224655334,85.0
2016-09-17,5,1,25.0,34.0,1,36.0,66.8461538462,4.0,0.989278752437,119.0,20.1373978681,75.0
2016-09-18,6,0,25.0,33.0,1,36.0,63.4615384615,4.0,1.13453815261,119.0,13.7819022055,61.0
2016-09-19,0,0,23.0,32.0,1,42.0,61.4615384615,4.0,1.11194968553,119.0,11.9911209755,43.0
2016-09-20,1,0,24.0,31.0,1,42.0,61.5384615385,4.0,0.893882646692,119.0,11.868610084,44.0
2016-09-21,2,0,24.0,31.0,1,42.0,60.6153846154,4.0,0.745779793399,119.0,12.7009294726,62.0
2016-09-22,3,0,24.0,32.0,1,42.0,61.0,4.0,0.743512974052,119.0,12.6612674053,60.0
2016-09-23,4,0,25.0,32.0,1,42.0,60.6923076923,4.0,0.833961316252,119.0,12.6331956819,57.0
2016-09-24,5,1,25.0,32.0,1,43.0,59.3076923077,4.0,0.9388932599,119.0,11.9575184934,92.0
2016-09-25,6,1,26.0,33.0,1,44.0,61.1538461538,33.0,1.12004287245,119.0,14.6961332112,98.0
2016-09-26,0,0,26.0,34.0,1,44.0,64.5384615385,33.0,1.31208499336,119.0,17.4647574126,39.0
2016-09-27,1,0,27.0,35.0,1,44.0,64.1538461538,33.0,1.21938232162,119.0,17.9608383985,39.0
2016-09-28,2,0,28.0,34.0,1,44.0,63.1538461538,33.0,0.950067476383,119.0,18.9446406217,66.0
2016-09-29,3,0,21.0,28.0,0,44.0,63.1538461538,39.0,0.771704180064,119.0,18.9446406217,49.0
2016-09-30,4,0,20.0,26.0,0,44.0,60.3846153846,39.0,0.835367507459,119.0,18.1639476459,66.0
2016-10-01,5,1,20.0,28.0,0,49.0,59.6923076923,39.0,0.989071038251,119.0,17.7607372308,78.0
2016-10-02,6,1,23.0,31.0,1,49.0,61.0,39.0,1.0460704607,119.0,18.4223943988,84.0
2016-10-03,0,1,24.0,33.0,1,52.0,64.1538461538,39.0,1.20634920635,119.0,18.5797497451,51.0
2016-10-04,1,1,24.0,32.0,1,51.0,64.6923076923,39.0,1.12075769534,98.0,18.0826504838,41.0
2016-10-05,2,1,23.0,33.0,1,49.0,63.0769230769,39.0,0.934182590234,98.0,19.1570896234,100.0
2016-10-06,3,1,25.0,32.0,1,49.0,66.1538461538,39.0,0.992248062016,100.0,21.4864757244,48.0
2016-10-07,4,1,25.0,31.0,1,49.0,65.4615384615,39.0,1.00558659218,100.0,21.9110628349,79.0
2016-10-08,5,0,24.0,31.0,0,51.0,64.4615384615,39.0,1.20392468841,100.0,20.9527504514,67.0
2016-10-09,6,0,22.0,30.0,1,52.0,62.0769230769,39.0,1.024016891,100.0,18.6360343192,83.0
2016-10-10,0,0,22.0,30.0,1,54.0,65.4615384615,39.0,1.17165515477,100.0,18.1261196349,66.0
2016-10-11,1,0,21.0,28.0,0,56.0,67.5384615385,39.0,1.08679245283,100.0,16.4439158008,64.0
2016-10-12,2,0,20.0,25.0,0,56.0,67.3846153846,39.0,1.07008289375,100.0,16.4669293833,77.0
2016-10-13,3,0,22.0,28.0,1,57.0,69.5384615385,39.0,1.02678571429,100.0,15.7363634965,69.0
2016-10-14,4,0,20.0,30.0,1,57.0,69.7692307692,39.0,1.03244837758,100.0,15.7047462015,88.0
2016-10-15,5,1,21.0,31.0,1,60.0,70.5384615385,39.0,1.15384615385,100.0,16.3218371167,121.0
2016-10-16,6,1,24.0,32.0,1,61.0,73.3846153846,39.0,1.34787878788,121.0,20.9818179954,110.0
2016-10-17,0,0,23.0,32.0,1,62.0,77.9230769231,39.0,1.47072383587,121.0,22.005109681,49.0
2016-10-18,1,0,23.0,26.0,0,62.0,78.5384615385,39.0,1.28205128205,121.0,21.0552949109,31.0
2016-10-19,2,0,23.0,27.0,0,62.0,73.2307692308,31.0,0.891391039174,121.0,23.5279011001,39.0
2016-10-20,3,0,24.0,31.0,1,62.0,72.5384615385,31.0,0.562248995984,121.0,24.3772131449,66.0
2016-10-21,4,0,24.0,27.0,0,64.0,71.5384615385,31.0,0.642570281124,121.0,24.3582725945,47.0
2016-10-22,5,1,24.0,30.0,1,64.0,70.0,31.0,0.734299516908,121.0,25.212939291,119.0
2016-10-23,6,1,24.0,31.0,1,64.0,72.7692307692,31.0,1.09305064782,121.0,28.2792499252,116.0
2016-10-24,0,0,24.0,30.0,1,64.0,76.6153846154,31.0,1.27027027027,121.0,30.4164390308,67.0
2016-10-25,1,0,24.0,31.0,1,66.0,76.8461538462,31.0,1.33687472333,121.0,30.3311116077,48.0
2016-10-26,2,0,25.0,32.0,1,66.0,74.6153846154,31.0,1.05914718019,121.0,31.2890702508,74.0
2016-10-27,3,0,24.0,33.0,1,66.0,75.0,31.0,0.851351351351,121.0,31.2483845736,68.0
2016-10-28,4,0,22.0,33.0,1,66.0,73.4615384615,31.0,0.862264579079,121.0,31.0622585355,76.0
2016-10-29,5,1,20.0,29.0,1,66.0,70.0,31.0,0.983310780334,121.0,27.9202160009,122.0
2016-10-30,6,1,19.0,28.0,1,66.0,70.9230769231,31.0,1.1689738519,122.0,29.3872330691,126.0
2016-10-31,0,0,19.0,27.0,1,66.0,76.8461538462,31.0,1.36968928345,126.0,32.0140501699,52.0
