time_stamp,dayofweek,holiday,lt,ht,sunny,m2M,w2A,m1L,d3w3,m1Lar,w2Std,pay_sum
2016-08-01,0,0,27.0,33.0,0,82.0,87.2307692308,59.0,0.959119496855,107.0,6.0019720625,67.0
2016-08-02,1,0,27.0,35.0,0,82.0,85.2307692308,59.0,0.907668231612,107.0,7.80683966546,89.0
2016-08-03,2,0,27.0,35.0,1,82.0,85.3846153846,59.0,0.931773879142,107.0,7.85971678427,94.0
2016-08-04,3,0,27.0,37.0,0,83.0,86.0769230769,59.0,0.971250971251,107.0,8.18499131583,65.0
2016-08-05,4,0,27.0,35.0,0,83.0,84.0,59.0,0.977725211906,102.0,9.70329048075,185.0
2016-08-06,5,1,27.0,35.0,0,83.0,90.8461538462,59.0,1.29056462202,185.0,28.6513421725,174.0
2016-08-07,6,1,26.0,35.0,1,83.0,97.2307692308,59.0,1.50675195451,185.0,36.2218672716,189.0
2016-08-08,0,0,26.0,35.0,0,83.0,105.153846154,59.0,1.82941078284,189.0,43.4437676399,131.0
2016-08-09,1,0,27.0,33.0,0,83.0,108.615384615,59.0,1.61834561835,189.0,43.5722891147,98.0
2016-08-10,2,0,27.0,34.0,0,84.0,108.692307692,59.0,1.36200716846,189.0,43.5525935206,131.0
2016-08-11,3,0,27.0,30.0,0,85.0,112.846153846,65.0,1.14722753346,189.0,42.9021178495,109.0
2016-08-12,4,0,27.0,32.0,0,85.0,115.153846154,65.0,1.06843685791,189.0,41.8124864564,122.0
2016-08-13,5,1,27.0,31.0,0,86.0,118.230769231,65.0,1.13036690086,189.0,40.7169476077,159.0
2016-08-14,6,1,27.0,33.0,0,86.0,124.076923077,65.0,1.18020880617,189.0,40.694852327,137.0
2016-08-15,0,0,27.0,34.0,0,87.0,129.461538462,65.0,1.2363206152,189.0,37.2736561634,89.0
2016-08-16,1,0,27.0,34.0,0,88.0,129.461538462,65.0,1.13720277655,189.0,37.2736561634,95.0
2016-08-17,2,0,27.0,33.0,0,88.0,129.538461538,65.0,0.949002217295,189.0,37.2013551958,105.0
2016-08-18,3,0,27.0,33.0,0,89.0,132.615384615,65.0,0.843918820266,189.0,33.1721348807,109.0
2016-08-19,4,0,27.0,36.0,0,89.0,126.769230769,65.0,0.890618244704,189.0,29.9670430413,98.0
2016-08-20,5,1,27.0,35.0,0,90.0,120.923076923,65.0,0.893087161872,189.0,27.4939476933,108.0
2016-08-21,6,1,27.0,35.0,1,90.0,114.692307692,65.0,0.89209855565,189.0,19.3246937099,145.0
2016-08-22,0,0,27.0,36.0,1,91.0,115.769230769,65.0,0.962171052632,189.0,20.5544449475,92.0
2016-08-23,1,0,27.0,34.0,0,91.0,115.307692308,65.0,0.944558521561,189.0,21.0105636998,113.0
2016-08-24,2,0,28.0,36.0,1,91.0,113.923076923,65.0,0.95082857919,189.0,20.5181403358,106.0
2016-08-25,3,0,27.0,36.0,0,91.0,113.692307692,65.0,0.830995323981,189.0,20.5889612522,93.0
2016-08-26,4,0,26.0,35.0,1,92.0,111.461538462,65.0,0.865584685809,189.0,21.1318767036,116.0
2016-08-27,5,1,26.0,34.0,0,92.0,108.153846154,65.0,0.89552238806,189.0,16.2283993895,125.0
2016-08-28,6,1,23.0,32.0,0,93.0,107.230769231,65.0,0.976180037995,189.0,14.8435629465,141.0
2016-08-29,0,0,22.0,33.0,1,93.0,111.230769231,65.0,1.11159610068,189.0,16.3243746312,98.0
2016-08-30,1,0,23.0,32.0,1,94.0,111.461538462,65.0,1.05921722683,189.0,16.1131355141,85.0
2016-08-31,2,0,25.0,33.0,1,93.0,109.923076923,65.0,0.962138084633,189.0,17.5475684858,132.0
2016-09-01,3,0,25.0,31.0,0,94.0,111.692307692,65.0,0.925925925926,189.0,18.4990004528,95.0
2016-09-02,4,0,26.0,31.0,0,94.0,111.461538462,65.0,0.928157072735,189.0,18.6861338332,78.0
2016-09-03,5,1,24.0,33.0,1,94.0,109.153846154,78.0,0.941358024691,189.0,20.7136007116,98.0
2016-09-04,6,1,24.0,33.0,1,94.0,105.538461538,78.0,0.851799465661,189.0,18.0751226599,140.0
2016-09-05,0,0,26.0,32.0,0,94.0,109.230769231,78.0,0.96992019644,189.0,19.7568054337,74.0
2016-09-06,1,0,25.0,32.0,0,94.0,106.230769231,74.0,0.966992096699,159.0,21.8109141563,79.0
2016-09-07,2,0,26.0,32.0,1,94.0,104.153846154,74.0,0.919215686275,159.0,22.9877765306,104.0
2016-09-08,3,0,25.0,29.0,0,95.0,105.0,74.0,0.808176100629,159.0,22.7629929085,62.0
2016-09-09,4,0,24.0,31.0,1,95.0,100.846153846,62.0,0.783749200256,159.0,25.1758313707,111.0
2016-09-10,5,1,24.0,29.0,1,95.0,99.7692307692,62.0,0.884842676889,159.0,24.4072935069,136.0
2016-09-11,6,1,24.0,27.0,0,96.0,99.3846153846,62.0,0.991337824832,159.0,23.7860284186,79.0
2016-09-12,0,0,23.0,29.0,1,96.0,97.9230769231,62.0,1.05246166263,145.0,24.4019593742,109.0
2016-09-13,1,0,24.0,29.0,0,97.0,99.7692307692,62.0,1.0480349345,145.0,24.2618847836,89.0
2016-09-14,2,0,25.0,28.0,0,96.0,96.4615384615,62.0,0.90345727332,145.0,22.5102212155,111.0
2016-09-15,3,1,25.0,26.0,0,97.0,97.6923076923,62.0,0.999030067895,145.0,22.8317748068,127.0
2016-09-16,4,1,25.0,30.0,0,98.0,101.461538462,62.0,1.05161601544,145.0,23.3093424143,140.0
2016-09-17,5,1,24.0,31.0,0,98.0,104.692307692,62.0,1.20689655172,145.0,25.4207202445,104.0
2016-09-18,6,0,23.0,33.0,1,98.0,101.923076923,62.0,1.20591581342,145.0,23.2956302884,99.0
2016-09-19,0,0,21.0,30.0,1,98.0,103.846153846,62.0,1.11435997401,145.0,21.9013387503,79.0
2016-09-20,1,0,20.0,29.0,1,98.0,103.846153846,62.0,0.918866080156,141.0,21.9013387503,69.0
2016-09-21,2,0,21.0,28.0,1,98.0,101.153846154,62.0,0.830391662464,141.0,23.7870234625,95.0
2016-09-22,3,0,21.0,29.0,1,98.0,103.692307692,62.0,0.816944024206,141.0,21.0800110034,75.0
2016-09-23,4,0,21.0,28.0,1,98.0,100.923076923,62.0,0.804713804714,141.0,22.2691975554,94.0
2016-09-24,5,1,21.0,30.0,1,98.0,97.6923076923,62.0,0.890688259109,141.0,19.8625454074,104.0
2016-09-25,6,1,22.0,31.0,1,99.0,99.6153846154,62.0,0.938144329897,141.0,19.1573984967,89.0
2016-09-26,0,0,26.0,33.0,1,99.0,98.0769230769,62.0,0.978687127025,141.0,19.1450396808,95.0
2016-09-27,1,0,26.0,31.0,0,99.0,98.5384615385,62.0,0.974124809741,140.0,18.9923684456,93.0
2016-09-28,2,0,26.0,28.0,0,99.0,97.1538461538,62.0,0.942176870748,140.0,18.6870837905,97.0
2016-09-29,3,0,25.0,29.0,0,99.0,94.8461538462,62.0,0.952380952381,140.0,16.5940033369,69.0
2016-09-30,4,0,25.0,31.0,0,99.0,89.3846153846,62.0,0.884109916368,140.0,11.8356596874,110.0
2016-10-01,5,1,25.0,30.0,1,104.0,89.8461538462,62.0,0.954852101713,140.0,12.4952061814,164.0
2016-10-02,6,1,24.0,31.0,0,104.0,94.8461538462,62.0,1.13651424785,164.0,23.4023212322,134.0
2016-10-03,0,1,24.0,32.0,1,104.0,99.0769230769,62.0,1.3352970054,164.0,25.0674828857,97.0
2016-10-04,1,1,25.0,32.0,0,104.0,101.230769231,62.0,1.28769356153,164.0,23.5475095732,98.0
2016-10-05,2,1,24.0,29.0,0,104.0,101.461538462,62.0,1.07939632546,164.0,23.4999685257,103.0
2016-10-06,3,1,24.0,28.0,0,103.0,103.615384615,62.0,0.989375830013,164.0,22.2245133599,89.0
2016-10-07,4,1,24.0,26.0,0,99.0,103.230769231,62.0,0.987906659854,164.0,22.4299039614,103.0
2016-10-08,5,0,22.0,30.0,1,103.0,103.153846154,69.0,1.00545330607,164.0,22.4288487096,104.0
2016-10-09,6,0,19.0,26.0,0,103.0,104.307692308,69.0,1.00628930818,164.0,22.0537267577,78.0
2016-10-10,0,0,19.0,22.0,0,99.0,103.0,69.0,0.969387755102,164.0,23.0484439655,55.0
2016-10-11,1,0,20.0,22.0,0,98.0,100.076923077,55.0,0.811921891059,164.0,26.3101663254,81.0
2016-10-12,2,0,20.0,23.0,1,98.0,98.8461538462,55.0,0.738440303658,164.0,26.7950803574,78.0
2016-10-13,3,0,20.0,27.0,1,98.0,99.5384615385,55.0,0.73729543497,164.0,26.1228322902,99.0
2016-10-14,4,0,22.0,29.0,1,98.0,98.6923076923,55.0,0.886597938144,164.0,25.9478311392,76.0
2016-10-15,5,1,24.0,28.0,1,98.0,91.9230769231,55.0,0.882147838215,164.0,18.4117919508,94.0
2016-10-16,6,1,24.0,29.0,1,98.0,88.8461538462,55.0,0.93548948009,164.0,13.9164880287,91.0
2016-10-17,0,0,23.0,27.0,0,98.0,88.3846153846,55.0,0.909566126503,164.0,13.7367472442,52.0
2016-10-18,1,0,23.0,25.0,0,97.0,84.8461538462,52.0,0.844017094017,164.0,16.4590220938,57.0
2016-10-19,2,0,24.0,26.0,0,97.0,81.3076923077,52.0,0.727802037846,164.0,17.1077338129,92.0
2016-10-20,3,0,24.0,27.0,0,95.0,81.5384615385,52.0,0.722371967655,164.0,17.2297389802,79.0
2016-10-21,4,0,25.0,31.0,0,95.0,79.6923076923,52.0,0.833333333333,164.0,16.0785792301,96.0
2016-10-22,5,1,24.0,30.0,0,95.0,79.0769230769,52.0,1.01366742597,164.0,15.2691823289,142.0
2016-10-23,6,1,22.0,30.0,0,95.0,84.0,52.0,1.19803476946,164.0,22.657992307,112.0
2016-10-24,0,0,22.0,26.0,1,96.0,88.3846153846,52.0,1.31159827619,164.0,22.1308641478,89.0
2016-10-25,1,0,24.0,29.0,1,95.0,89.0,52.0,1.29190207156,164.0,22.0279542679,89.0
2016-10-26,2,0,24.0,30.0,1,95.0,89.8461538462,52.0,1.10098709188,164.0,21.7992454134,91.0
2016-10-27,3,0,24.0,30.0,1,95.0,89.2307692308,52.0,1.02009859689,164.0,21.6445191007,95.0
2016-10-28,4,0,21.0,32.0,1,95.0,90.6923076923,52.0,1.04761904762,164.0,21.3411289997,80.0
2016-10-29,5,1,19.0,22.0,1,95.0,89.6153846154,52.0,1.02742371572,164.0,21.4996903789,123.0
2016-10-30,6,1,18.0,22.0,1,95.0,92.0769230769,52.0,1.12177677395,164.0,23.2758096231,115.0
2016-10-31,0,0,19.0,26.0,1,95.0,96.9230769231,52.0,1.15783724741,142.0,20.8601996394,78.0
