time_stamp,dayofweek,holiday,lt,ht,sunny,m2M,w2A,m1L,d3w3,m1Lar,w2Std,pay_sum
2016-08-01,0,0,25.0,35.0,0,157.0,157.461538462,129.0,1.09945980299,200.0,23.0338058735,235.0
2016-08-02,1,0,25.0,29.0,0,157.0,164.461538462,129.0,1.19274515832,235.0,30.4974535749,141.0
2016-08-03,2,0,25.0,31.0,0,156.0,165.0,129.0,1.07912926854,235.0,30.0128177746,343.0
2016-08-04,3,0,26.0,32.0,1,156.0,180.615384615,129.0,1.4023795592,343.0,55.1913293936,524.0
2016-08-05,4,0,26.0,34.0,1,157.0,206.538461538,129.0,1.77589852008,524.0,106.963412425,680.0
2016-08-06,5,1,27.0,35.0,1,157.0,243.846153846,129.0,2.40460091707,680.0,165.174428154,237.0
2016-08-07,6,1,27.0,36.0,1,157.0,250.076923077,129.0,2.20134433242,680.0,163.259803116,212.0
2016-08-08,0,0,27.0,35.0,0,157.0,254.769230769,129.0,1.70325111262,680.0,161.208490827,451.0
2016-08-09,1,0,25.0,34.0,0,157.0,279.461538462,129.0,1.26957257723,680.0,164.751381638,450.0
2016-08-10,2,0,26.0,31.0,0,157.0,303.923076923,129.0,1.47163823879,680.0,164.648558843,376.0
2016-08-11,3,0,26.0,32.0,0,158.0,320.615384615,130.0,1.61298471643,680.0,160.04544473,260.0
2016-08-12,4,0,26.0,30.0,0,159.0,327.384615385,130.0,1.35301812745,680.0,155.410393901,245.0
2016-08-13,5,1,25.0,32.0,0,160.0,330.846153846,130.0,1.08745294081,680.0,153.017267077,207.0
2016-08-14,6,1,26.0,32.0,0,160.0,335.461538462,130.0,0.870628515529,680.0,148.23246576,195.0
2016-08-15,0,0,25.0,31.0,0,161.0,332.384615385,130.0,0.784813197477,680.0,150.680782533,443.0
2016-08-16,1,0,25.0,31.0,0,161.0,355.615384615,130.0,0.969759568486,680.0,142.43840151,425.0
2016-08-17,2,0,25.0,31.0,0,161.0,361.923076923,130.0,1.16136785753,680.0,143.551363918,400.0
2016-08-18,3,0,25.0,30.0,0,161.0,352.384615385,130.0,1.33270271691,680.0,136.406935568,594.0
2016-08-19,4,0,26.0,32.0,0,162.0,345.769230769,130.0,1.39837398374,680.0,121.644598253,639.0
2016-08-20,5,1,26.0,34.0,1,163.0,376.692307692,130.0,1.51119748288,680.0,139.804470389,259.0
2016-08-21,6,1,27.0,35.0,0,165.0,380.307692308,130.0,1.35957718243,680.0,136.056201405,229.0
2016-08-22,0,0,27.0,35.0,1,169.0,363.230769231,130.0,1.02781577747,680.0,139.986897105,414.0
2016-08-23,1,0,27.0,35.0,1,172.0,360.461538462,130.0,0.793001890193,680.0,138.592160609,429.0
2016-08-24,2,0,28.0,36.0,1,172.0,364.538461538,130.0,0.931890294258,680.0,139.763875263,461.0
2016-08-25,3,0,27.0,36.0,1,172.0,380.0,132.0,1.1429573144,680.0,138.455769111,392.0
2016-08-26,4,0,25.0,35.0,0,175.0,391.307692308,141.0,1.16789651089,680.0,132.858157224,400.0
2016-08-27,5,1,24.0,32.0,0,181.0,406.153846154,141.0,1.11660651428,680.0,121.752489252,343.0
2016-08-28,6,1,26.0,33.0,1,187.0,417.538461538,141.0,0.994044491154,680.0,107.569380391,292.0
2016-08-29,0,0,26.0,33.0,1,191.0,405.923076923,141.0,0.925801690594,680.0,112.243870169,263.0
2016-08-30,1,0,25.0,32.0,1,195.0,393.461538462,141.0,0.823928800807,680.0,118.265422078,288.0
2016-08-31,2,0,25.0,33.0,0,195.0,384.846153846,141.0,0.78294789635,680.0,121.510269369,262.0
2016-09-01,3,0,25.0,32.0,0,200.0,359.307692308,195.0,0.754874651811,680.0,109.125463866,263.0
2016-09-02,4,0,25.0,31.0,0,207.0,330.384615385,195.0,0.752986940817,680.0,75.9458698543,357.0
2016-09-03,5,1,25.0,31.0,0,212.0,337.923076923,195.0,0.800217746326,680.0,73.3038581611,245.0
2016-09-04,6,1,26.0,31.0,0,229.0,339.153846154,195.0,0.779489952239,639.0,71.5787314284,316.0
2016-09-05,0,0,26.0,32.0,0,235.0,331.615384615,195.0,0.841699903727,639.0,68.3886388018,253.0
2016-09-06,1,0,26.0,33.0,0,237.0,318.076923077,195.0,0.764426914589,639.0,65.1122835374,265.0
2016-09-07,2,0,25.0,31.0,0,245.0,303.0,195.0,0.798391728891,639.0,51.5528108612,197.0
2016-09-08,3,0,26.0,32.0,0,245.0,288.0,195.0,0.72585147962,639.0,51.8429581302,231.0
2016-09-09,4,0,26.0,32.0,0,245.0,275.0,195.0,0.750121773015,639.0,42.4698988425,244.0
2016-09-10,5,1,25.0,30.0,0,245.0,267.384615385,195.0,0.729166666667,639.0,38.2613250435,261.0
2016-09-11,6,1,25.0,30.0,0,245.0,265.0,195.0,0.794473229706,639.0,37.6134182277,237.0
2016-09-12,0,0,24.0,33.0,1,245.0,263.0,195.0,0.824581874757,639.0,38.350609262,194.0
2016-09-13,1,0,26.0,35.0,1,245.0,255.769230769,194.0,0.800370113347,639.0,41.6730014908,169.0
2016-09-14,2,0,26.0,35.0,1,245.0,248.615384615,169.0,0.730994152047,639.0,47.5565064084,215.0
2016-09-15,3,1,25.0,34.0,1,245.0,244.923076923,169.0,0.727730563425,639.0,48.1559350739,224.0
2016-09-16,4,1,25.0,34.0,1,245.0,234.692307692,169.0,0.791821319268,639.0,35.8015569395,255.0
2016-09-17,5,1,25.0,34.0,1,253.0,235.461538462,169.0,0.919631617306,639.0,36.1207704676,185.0
2016-09-18,6,0,25.0,33.0,1,253.0,225.384615385,169.0,0.898998104522,461.0,30.0013806388,178.0
2016-09-19,0,0,23.0,32.0,1,253.0,219.615384615,169.0,0.851415581732,461.0,31.3185579331,194.0
2016-09-20,1,0,24.0,31.0,1,253.0,214.153846154,169.0,0.782578152441,461.0,29.0353793576,137.0
2016-09-21,2,0,24.0,31.0,1,253.0,209.538461538,137.0,0.734487734488,461.0,35.4544461454,251.0
2016-09-22,3,0,24.0,32.0,1,253.0,211.076923077,137.0,0.842013888889,461.0,36.762149302,171.0
2016-09-23,4,0,25.0,32.0,1,253.0,205.461538462,137.0,0.842755917383,400.0,36.879461419,227.0
2016-09-24,5,1,25.0,32.0,1,253.0,202.846153846,137.0,0.982440205873,400.0,33.9362437381,247.0
2016-09-25,6,1,26.0,33.0,1,253.0,203.615384615,137.0,0.991926182238,357.0,34.8039309485,219.0
2016-09-26,0,0,26.0,34.0,1,253.0,205.538461538,137.0,1.07416879795,357.0,34.9100280603,180.0
2016-09-27,1,0,27.0,35.0,1,253.0,206.384615385,137.0,1.02150537634,357.0,34.1389433876,225.0
2016-09-28,2,0,28.0,34.0,1,253.0,207.153846154,137.0,0.980207351555,357.0,34.4357733354,191.0
2016-09-29,3,0,21.0,28.0,0,253.0,204.615384615,137.0,0.945131620679,357.0,34.316487317,187.0
2016-09-30,4,0,20.0,26.0,0,253.0,199.384615385,137.0,0.969375452134,357.0,31.2866116894,265.0
2016-10-01,5,1,20.0,28.0,0,255.0,205.538461538,137.0,1.03268288766,357.0,35.4435963287,288.0
2016-10-02,6,1,23.0,31.0,1,255.0,214.0,137.0,1.17404410598,316.0,40.6126164558,264.0
2016-10-03,0,1,24.0,33.0,1,255.0,219.384615385,137.0,1.27496878901,316.0,42.2129008016,237.0
2016-10-04,1,1,24.0,32.0,1,253.0,227.076923077,137.0,1.21198156682,288.0,34.9933214254,241.0
2016-10-05,2,1,23.0,33.0,1,253.0,226.307692308,137.0,1.13299740418,288.0,34.5662899711,220.0
2016-10-06,3,1,25.0,32.0,1,253.0,230.076923077,137.0,1.06678893474,288.0,30.7957577959,196.0
2016-10-07,4,1,25.0,31.0,1,251.0,227.692307692,137.0,1.01789449221,288.0,32.1137033185,224.0
2016-10-08,5,0,24.0,31.0,0,247.0,225.923076923,137.0,0.982650084446,288.0,31.6311957469,224.0
2016-10-09,6,0,22.0,30.0,1,245.0,226.307692308,137.0,0.978426010331,288.0,31.5750257089,223.0
2016-10-10,0,0,22.0,30.0,1,245.0,229.615384615,137.0,1.01275375443,288.0,28.669304039,194.0
2016-10-11,1,0,21.0,28.0,0,244.0,227.230769231,137.0,0.955148264044,288.0,30.2022766492,218.0
2016-10-12,2,0,20.0,25.0,0,244.0,229.307692308,137.0,0.953238760039,288.0,28.5209359416,202.0
2016-10-13,3,0,22.0,28.0,1,244.0,230.461538462,137.0,0.915324985092,288.0,27.0515615492,219.0
2016-10-14,4,0,20.0,30.0,1,241.0,226.923076923,137.0,0.954301075269,288.0,25.2509300315,224.0
2016-10-15,5,1,21.0,31.0,1,237.0,222.0,137.0,0.968250394055,288.0,18.0852681229,279.0
2016-10-16,6,1,24.0,32.0,1,237.0,223.153846154,137.0,1.06939198697,288.0,20.9756127768,220.0
2016-10-17,0,0,23.0,32.0,1,237.0,221.846153846,137.0,1.06144021141,288.0,20.5981558317,195.0
2016-10-18,1,0,23.0,26.0,0,231.0,218.307692308,137.0,1.02564102564,288.0,20.9519032195,189.0
2016-10-19,2,0,23.0,27.0,0,229.0,215.923076923,137.0,0.8930287573,288.0,22.341618764,209.0
2016-10-20,3,0,24.0,31.0,1,227.0,216.923076923,171.0,0.872507908482,288.0,21.7094858333,196.0
2016-10-21,4,0,24.0,27.0,0,225.0,214.769230769,171.0,0.887494397131,288.0,22.2819480096,222.0
2016-10-22,5,1,24.0,30.0,1,224.0,214.615384615,180.0,0.950864422202,288.0,22.2245133599,248.0
2016-10-23,6,1,24.0,31.0,1,224.0,216.538461538,180.0,1.01369863014,288.0,23.8863185321,229.0
2016-10-24,0,0,24.0,30.0,1,224.0,219.230769231,180.0,1.06587374199,288.0,23.1555072238,175.0
2016-10-25,1,0,24.0,31.0,1,224.0,215.923076923,175.0,1.00944418641,288.0,25.9924886738,167.0
2016-10-26,2,0,25.0,32.0,1,224.0,213.230769231,167.0,0.895054471354,288.0,28.940665683,234.0
2016-10-27,3,0,24.0,33.0,1,224.0,214.384615385,167.0,0.89489629457,288.0,29.4423516555,207.0
2016-10-28,4,0,22.0,33.0,1,224.0,213.076923077,167.0,0.948369989081,288.0,29.3636655081,245.0
2016-10-29,5,1,20.0,29.0,1,224.0,210.461538462,167.0,1.0648040357,288.0,24.4842661712,274.0
2016-10-30,6,1,19.0,28.0,1,224.0,214.615384615,167.0,1.11366774045,288.0,29.7619748661,238.0
2016-10-31,0,0,19.0,27.0,1,224.0,217.923076923,167.0,1.14958238421,279.0,29.7876111017,237.0
