time_stamp,dayofweek,holiday,lt,ht,sunny,m2M,w2A,m1L,d3w3,m1Lar,w2Std,pay_sum
2016-08-01,0,0,28.0,35.0,1,8.0,8.0,8.0,1.0,8.0,0.0,8.0
2016-08-02,1,0,29.0,36.0,0,8.0,8.0,8.0,1.0,8.0,0.0,8.0
2016-08-03,2,0,26.0,32.0,0,8.0,8.0,8.0,1.0,8.0,0.0,8.0
2016-08-04,3,0,27.0,34.0,0,8.0,8.0,8.0,1.0,8.0,0.0,8.0
2016-08-05,4,0,27.0,34.0,0,8.0,8.0,8.0,1.0,8.0,0.0,8.0
2016-08-06,5,1,27.0,34.0,0,8.0,8.0,8.0,1.0,8.0,0.0,8.0
2016-08-07,6,1,27.0,34.0,1,8.0,8.0,8.0,1.0,8.0,0.0,8.0
2016-08-08,0,0,27.0,32.0,0,8.0,8.0,8.0,1.0,8.0,0.0,8.0
2016-08-09,1,0,27.0,30.0,0,8.0,8.0,8.0,1.0,8.0,0.0,8.0
2016-08-10,2,0,27.0,35.0,1,8.0,8.0,8.0,1.0,8.0,0.0,8.0
2016-08-11,3,0,28.0,34.0,0,8.0,8.0,8.0,1.0,8.0,0.0,8.0
2016-08-12,4,0,28.0,35.0,1,8.0,8.0,8.0,1.0,8.0,0.0,8.0
2016-08-13,5,1,28.0,35.0,1,8.0,8.0,8.0,1.0,8.0,0.0,8.0
2016-08-14,6,1,28.0,35.0,1,8.0,8.0,8.0,1.0,8.0,0.0,8.0
2016-08-15,0,0,29.0,35.0,1,8.0,8.0,8.0,1.0,8.0,0.0,8.0
2016-08-16,1,0,29.0,36.0,1,8.0,8.0,8.0,1.0,8.0,0.0,8.0
2016-08-17,2,0,29.0,35.0,1,8.0,8.0,8.0,1.0,8.0,0.0,8.0
2016-08-18,3,0,29.0,36.0,1,8.0,8.0,8.0,1.0,8.0,0.0,8.0
2016-08-19,4,0,29.0,38.0,1,8.0,8.0,8.0,1.0,8.0,0.0,8.0
2016-08-20,5,1,29.0,37.0,0,8.0,8.0,8.0,1.0,8.0,0.0,8.0
2016-08-21,6,1,28.0,34.0,0,8.0,8.0,8.0,1.0,8.0,0.0,8.0
2016-08-22,0,0,29.0,35.0,1,8.0,8.0,8.0,1.0,8.0,0.0,8.0
2016-08-23,1,0,27.0,33.0,0,8.0,8.0,8.0,1.0,8.0,0.0,8.0
2016-08-24,2,0,27.0,35.0,1,8.0,8.0,8.0,1.0,8.0,0.0,8.0
2016-08-25,3,0,27.0,35.0,1,8.0,8.0,8.0,1.0,8.0,0.0,8.0
2016-08-26,4,0,25.0,34.0,0,8.0,8.0,8.0,1.0,8.0,0.0,8.0
2016-08-27,5,1,24.0,31.0,1,8.0,8.0,8.0,1.0,8.0,0.0,8.0
2016-08-28,6,1,21.0,31.0,1,8.0,8.0,8.0,1.0,8.0,0.0,8.0
2016-08-29,0,0,22.0,31.0,1,8.0,8.0,8.0,1.0,8.0,0.0,8.0
2016-08-30,1,0,22.0,33.0,1,8.0,8.0,8.0,1.0,8.0,0.0,8.0
2016-08-31,2,0,23.0,34.0,1,8.0,8.0,8.0,1.0,8.0,0.0,8.0
2016-09-01,3,0,23.0,31.0,1,8.0,8.0,8.0,1.0,8.0,0.0,8.0
2016-09-02,4,0,23.0,34.0,1,8.0,8.0,8.0,1.0,8.0,0.0,8.0
2016-09-03,5,1,23.0,33.0,1,8.0,8.0,8.0,1.0,8.0,0.0,8.0
2016-09-04,6,1,24.0,31.0,1,8.0,8.0,8.0,1.0,8.0,0.0,8.0
2016-09-05,0,0,24.0,28.0,0,8.0,8.0,8.0,1.0,8.0,0.0,8.0
2016-09-06,1,0,23.0,28.0,0,8.0,8.0,8.0,1.0,8.0,0.0,8.0
2016-09-07,2,0,21.0,26.0,0,8.0,8.0,8.0,1.0,8.0,0.0,8.0
2016-09-08,3,0,21.0,29.0,1,8.0,8.0,8.0,1.0,8.0,0.0,8.0
2016-09-09,4,0,24.0,31.0,1,8.0,8.0,8.0,1.0,8.0,0.0,4.0
2016-09-10,5,1,23.0,28.0,1,8.0,7.69230769231,4.0,0.854700854701,8.0,1.06587742004,21.0
2016-09-11,6,1,20.0,23.0,0,8.0,8.69230769231,4.0,1.30177514793,21.0,3.7082987056,17.0
2016-09-12,0,0,21.0,27.0,1,8.0,9.38461538462,4.0,1.57303370787,21.0,4.30631846224,55.0
2016-09-13,1,0,22.0,27.0,1,8.0,13.0,4.0,2.75555555556,55.0,12.8601949979,44.0
2016-09-14,2,0,21.0,23.0,0,8.0,15.7692307692,4.0,2.96296296296,55.0,15.1563840124,31.0
2016-09-15,3,1,24.0,26.0,0,8.0,17.5384615385,4.0,3.05164319249,55.0,15.4850567402,28.0
2016-09-16,4,1,22.0,28.0,0,8.0,19.0769230769,4.0,2.25877192982,55.0,15.4544568551,45.0
2016-09-17,5,1,23.0,29.0,1,8.0,21.9230769231,4.0,2.03323558162,55.0,16.5225325795,60.0
2016-09-18,6,0,22.0,25.0,0,8.0,25.9230769231,4.0,2.25614927905,60.0,18.804506573,41.0
2016-09-19,0,0,20.0,27.0,1,8.0,28.4615384615,4.0,2.2848200313,60.0,18.4374843295,45.0
2016-09-20,1,0,20.0,26.0,1,8.0,31.3076923077,4.0,2.10223182145,60.0,17.9073883136,39.0
2016-09-21,2,0,20.0,26.0,1,8.0,33.6923076923,4.0,1.68690958165,60.0,16.6658776934,51.0
2016-09-22,3,0,19.0,28.0,1,8.0,37.0,4.0,1.67597765363,60.0,15.4621125037,46.0
2016-09-23,4,0,21.0,29.0,1,8.0,40.2307692308,4.0,1.5768115942,60.0,12.2922980649,46.0
2016-09-24,5,1,21.0,29.0,1,8.0,42.1538461538,4.0,1.5551930397,60.0,11.0233748416,60.0
2016-09-25,6,1,22.0,30.0,1,8.0,45.4615384615,4.0,1.52380952381,60.0,9.29528734703,55.0
2016-09-26,0,0,24.0,30.0,1,8.0,45.4615384615,4.0,1.5074906367,60.0,9.29528734703,53.0
2016-09-27,1,0,25.0,28.0,0,8.0,46.1538461538,4.0,1.47952443857,60.0,9.49369145879,55.0
2016-09-28,2,0,23.0,28.0,0,8.0,48.0,4.0,1.35157545605,60.0,8.66469405559,36.0
2016-09-29,3,0,23.0,25.0,0,8.0,48.6153846154,4.0,1.15384615385,60.0,7.4165974112,44.0
2016-09-30,4,0,22.0,29.0,0,8.0,48.5384615385,4.0,1.03211009174,60.0,7.45876237017,43.0
2016-10-01,5,1,23.0,27.0,0,8.0,47.2307692308,4.0,0.917225950783,60.0,6.79540394626,19.0
2016-10-02,6,1,23.0,31.0,1,8.0,45.5384615385,4.0,0.78869047619,60.0,10.0813261079,32.0
2016-10-03,0,1,20.0,25.0,0,8.0,44.5384615385,4.0,0.717831233295,60.0,10.7102782023,18.0
2016-10-04,1,1,20.0,26.0,1,8.0,42.9230769231,4.0,0.543093270366,60.0,12.8030136985,21.0
2016-10-05,2,1,22.0,27.0,1,8.0,40.6153846154,4.0,0.565511748307,60.0,13.8037813188,22.0
2016-10-06,3,1,22.0,27.0,0,8.0,38.7692307692,4.0,0.489370236663,60.0,14.5451754949,26.0
2016-10-07,4,1,20.0,27.0,0,8.0,37.2307692308,4.0,0.566502463054,60.0,14.7552016703,50.0
2016-10-08,5,0,17.0,21.0,0,8.0,36.4615384615,4.0,0.814630091438,60.0,13.7763196191,51.0
2016-10-09,6,0,16.0,22.0,1,8.0,36.1538461538,17.0,1.04269293924,60.0,13.3983130617,55.0
2016-10-10,0,0,17.0,22.0,1,17.0,36.3076923077,17.0,1.26520681265,60.0,13.6008179357,55.0
2016-10-11,1,0,18.0,23.0,1,18.0,36.3076923077,18.0,1.28082736675,60.0,13.6008179357,65.0
2016-10-12,2,0,19.0,24.0,1,19.0,38.5384615385,18.0,1.36932707355,65.0,15.5988923897,47.0
2016-10-13,3,0,18.0,23.0,1,21.0,38.7692307692,18.0,1.30519734271,65.0,15.6998473591,35.0
2016-10-14,4,0,20.0,21.0,0,21.0,38.1538461538,18.0,1.16389548694,65.0,15.6787271552,46.0
2016-10-15,5,1,20.0,24.0,0,22.0,40.2307692308,18.0,1.0305958132,65.0,14.7656245597,70.0
2016-10-16,6,1,20.0,26.0,1,26.0,43.1538461538,18.0,1.19414788454,70.0,16.5056920431,75.0
2016-10-17,0,0,19.0,22.0,0,28.0,47.5384615385,18.0,1.47206165703,75.0,16.8094084672,60.0
2016-10-18,1,0,20.0,24.0,0,31.0,50.5384615385,18.0,1.57088122605,75.0,15.2093866999,50.0
2016-10-19,2,0,19.0,22.0,0,32.0,52.6923076923,18.0,1.395173454,75.0,12.8085585293,49.0
2016-10-20,3,0,21.0,25.0,0,35.0,54.4615384615,18.0,1.19235095613,75.0,10.3523715946,67.0
2016-10-21,4,0,22.0,27.0,0,36.0,55.7692307692,18.0,1.21212121212,75.0,10.7714283472,49.0
2016-10-22,5,1,19.0,23.0,0,39.0,55.6153846154,18.0,1.16648992577,75.0,10.8524259006,50.0
2016-10-23,6,1,18.0,21.0,0,41.0,55.2307692308,18.0,1.15157821713,75.0,10.9555314175,57.0
2016-10-24,0,0,19.0,23.0,1,43.0,55.3846153846,18.0,1.04,75.0,10.9652490346,55.0
2016-10-25,1,0,21.0,24.0,1,44.0,54.6153846154,18.0,1.04448742747,75.0,10.6086935434,62.0
2016-10-26,2,0,20.0,26.0,0,44.0,55.7692307692,18.0,1.0800744879,75.0,10.5331261059,53.0
2016-10-27,3,0,20.0,25.0,1,45.0,57.1538461538,18.0,1.0293672419,75.0,8.74287537498,47.0
2016-10-28,4,0,14.0,21.0,0,45.0,57.2307692308,18.0,0.983606557377,75.0,8.64828881388,57.0
2016-10-29,5,1,12.0,15.0,0,46.0,56.2307692308,18.0,0.94806763285,75.0,7.82652144122,50.0
2016-10-30,6,1,14.0,17.0,1,46.0,54.3076923077,18.0,0.934182590234,75.0,5.78306034745,44.0
2016-10-31,0,0,14.0,16.0,0,46.0,53.0769230769,18.0,0.925245098039,75.0,6.132655824,46.0
