time_stamp,dayofweek,holiday,lt,ht,sunny,m2M,w2A,m1L,d3w3,m1Lar,w2Std,pay_sum
2016-08-01,0,0,23.0,27.0,0,105.0,103.384615385,79.0,1.04861773117,161.0,11.4390590088,109.0
2016-08-02,1,0,23.0,28.0,1,105.0,105.692307692,79.0,1.07885134063,161.0,9.06713944701,128.0
2016-08-03,2,0,23.0,29.0,1,105.0,108.230769231,79.0,1.12839855414,161.0,10.2593585506,88.0
2016-08-04,3,0,23.0,30.0,1,105.0,107.538461538,79.0,1.03322206326,161.0,11.2497205751,91.0
2016-08-05,4,0,24.0,31.0,1,105.0,106.384615385,79.0,0.98920573546,161.0,12.0864734409,124.0
2016-08-06,5,1,23.0,30.0,1,106.0,107.0,79.0,0.969755160826,161.0,12.7460401091,114.0
2016-08-07,6,1,23.0,27.0,0,106.0,106.538461538,79.0,1.04295450943,136.0,12.3700344171,94.0
2016-08-08,0,0,24.0,29.0,1,106.0,106.692307692,79.0,1.0579987253,128.0,12.1995246779,64.0
2016-08-09,1,0,24.0,31.0,1,106.0,103.923076923,64.0,0.873054084417,128.0,16.6708476018,402.0
2016-08-10,2,0,25.0,31.0,1,106.0,126.615384615,64.0,1.56599552573,402.0,81.221007572,308.0
2016-08-11,3,0,26.0,32.0,1,107.0,142.461538462,64.0,1.98843930636,402.0,93.9677648367,286.0
2016-08-12,4,0,26.0,31.0,1,108.0,156.846153846,64.0,2.39279279279,402.0,100.312470391,303.0
2016-08-13,5,1,25.0,29.0,0,108.0,171.769230769,64.0,2.0189061445,402.0,106.33412785,279.0
2016-08-14,6,1,24.0,32.0,1,109.0,183.846153846,64.0,1.85410658977,402.0,108.880913178,208.0
2016-08-15,0,0,25.0,31.0,0,109.0,191.461538462,64.0,1.62702090413,402.0,106.822365409,126.0
2016-08-16,1,0,24.0,32.0,1,109.0,191.307692308,64.0,1.25242619267,402.0,106.915052272,161.0
2016-08-17,2,0,24.0,31.0,1,109.0,196.923076923,64.0,0.994874886946,402.0,103.193963403,113.0
2016-08-18,3,0,24.0,28.0,0,110.0,198.615384615,64.0,0.801282051282,402.0,101.611279251,171.0
2016-08-19,4,0,24.0,27.0,0,110.0,202.230769231,64.0,0.872549019608,402.0,99.7104684313,133.0
2016-08-20,5,1,24.0,27.0,1,110.0,203.692307692,64.0,0.81191588785,402.0,98.5388518578,160.0
2016-08-21,6,1,23.0,31.0,1,110.0,208.769230769,64.0,0.893510494897,402.0,94.3684708153,115.0
2016-08-22,0,0,24.0,31.0,1,110.0,212.692307692,64.0,0.78431372549,402.0,89.1863948019,123.0
2016-08-23,1,0,24.0,31.0,1,110.0,191.230769231,64.0,0.766195013957,402.0,73.1827573704,123.0
2016-08-24,2,0,23.0,29.0,1,110.0,177.0,64.0,0.688012197446,402.0,66.8016582014,126.0
2016-08-25,3,0,20.0,25.0,0,110.0,164.692307692,64.0,0.701953014435,402.0,59.9761293739,116.0
2016-08-26,4,0,19.0,27.0,1,112.0,150.307692308,64.0,0.690307328605,402.0,45.8381510826,147.0
2016-08-27,5,1,20.0,28.0,1,113.0,140.153846154,64.0,0.728873899194,402.0,26.9239560296,144.0
2016-08-28,6,1,20.0,28.0,1,114.0,135.230769231,64.0,0.752032520325,402.0,18.6471439189,134.0
2016-08-29,0,0,20.0,27.0,1,115.0,135.846153846,64.0,0.770346202646,402.0,18.4634614383,116.0
2016-08-30,1,0,19.0,25.0,1,115.0,132.384615385,64.0,0.774371069182,402.0,17.6222693969,32.0
2016-08-31,2,0,18.0,23.0,0,115.0,126.153846154,32.0,0.603337612323,402.0,31.9057413542,101.0
2016-09-01,3,0,18.0,20.0,0,115.0,120.769230769,32.0,0.566359604231,402.0,29.7144198254,87.0
2016-09-02,4,0,20.0,25.0,1,115.0,117.230769231,32.0,0.540208717004,402.0,30.7674999513,119.0
2016-09-03,5,1,20.0,26.0,0,115.0,114.076923077,32.0,0.801043705153,402.0,28.2174565131,109.0
2016-09-04,6,1,21.0,27.0,1,115.0,113.615384615,32.0,0.855048859935,402.0,28.2476369646,117.0
2016-09-05,0,0,21.0,26.0,0,116.0,113.153846154,32.0,0.939926440539,402.0,28.1393405254,123.0
2016-09-06,1,0,22.0,28.0,1,116.0,113.153846154,32.0,0.965822609658,402.0,28.1393405254,111.0
2016-09-07,2,0,20.0,26.0,0,115.0,112.0,32.0,0.97216452015,402.0,27.8954090516,107.0
2016-09-08,3,0,20.0,27.0,1,115.0,111.307692308,32.0,0.970266040689,308.0,27.899226941,111.0
2016-09-09,4,0,20.0,28.0,1,114.0,108.538461538,32.0,0.944994973431,303.0,25.9366547413,133.0
2016-09-10,5,1,19.0,26.0,0,115.0,107.692307692,32.0,1.02005231037,303.0,24.9256883722,136.0
2016-09-11,6,1,19.0,26.0,1,116.0,107.846153846,32.0,1.094312455,279.0,25.0931990598,111.0
2016-09-12,0,0,19.0,24.0,0,116.0,107.461538462,32.0,1.10001447387,208.0,25.0034317171,103.0
2016-09-13,1,0,18.0,24.0,1,115.0,112.923076923,32.0,1.02204701416,171.0,12.6031835933,108.0
2016-09-14,2,0,19.0,26.0,1,115.0,113.461538462,32.0,0.947755702723,171.0,12.226172334,135.0
2016-09-15,3,1,20.0,27.0,1,116.0,117.153846154,32.0,1.00992410975,171.0,10.8475176448,103.0
2016-09-16,4,1,19.0,27.0,1,116.0,115.923076923,32.0,1.02976190476,171.0,11.4586986673,107.0
2016-09-17,5,1,16.0,25.0,1,116.0,115.769230769,32.0,1.044030867,160.0,11.5635624412,107.0
2016-09-18,6,0,15.0,23.0,1,116.0,115.0,32.0,0.971200980392,160.0,11.786563406,110.0
2016-09-19,0,0,16.0,23.0,1,116.0,114.0,32.0,0.995391705069,147.0,11.6156393248,114.0
2016-09-20,1,0,17.0,24.0,1,116.0,114.230769231,32.0,0.979869745411,147.0,11.5835018364,91.0
2016-09-21,2,0,17.0,24.0,1,115.0,113.0,32.0,0.936663693131,147.0,13.0443032069,124.0
2016-09-22,3,0,18.0,24.0,1,115.0,114.0,32.0,0.962410413924,147.0,13.3474284472,85.0
2016-09-23,4,0,20.0,24.0,0,115.0,110.307692308,32.0,0.890868596882,147.0,14.1930894094,126.0
2016-09-24,5,1,20.0,25.0,1,116.0,109.538461538,32.0,0.987326849396,147.0,13.0006827313,130.0
2016-09-25,6,1,19.0,25.0,1,116.0,111.0,32.0,0.999267399267,144.0,14.10400925,117.0
2016-09-26,0,0,19.0,24.0,1,117.0,112.076923077,32.0,1.09593065962,136.0,13.9860454545,127.0
2016-09-27,1,0,12.0,24.0,0,117.0,113.538461538,32.0,1.09117432531,136.0,14.4680836252,102.0
2016-09-28,2,0,10.0,16.0,1,117.0,111.0,32.0,1.01169590643,136.0,13.3301278198,95.0
2016-09-29,3,0,14.0,20.0,1,117.0,110.384615385,85.0,0.95406360424,136.0,13.8593953777,99.0
2016-09-30,4,0,17.0,23.0,1,117.0,109.769230769,85.0,0.88490284006,136.0,14.1701411217,125.0
2016-10-01,5,1,18.0,24.0,1,117.0,111.153846154,85.0,0.958389665014,136.0,14.7013665186,85.0
2016-10-02,6,1,18.0,23.0,1,117.0,109.230769231,85.0,0.93935248518,136.0,16.2771848169,113.0
2016-10-03,0,1,15.0,24.0,1,117.0,109.153846154,85.0,0.977454985626,136.0,16.256814684,103.0
2016-10-04,1,1,13.0,20.0,1,116.0,110.076923077,85.0,0.912951167728,136.0,15.5239841162,92.0
2016-10-05,2,1,10.0,17.0,1,116.0,107.615384615,85.0,0.952822892498,136.0,15.6575784626,81.0
2016-10-06,3,1,12.0,19.0,1,116.0,107.307692308,81.0,0.862634786685,136.0,16.1311195443,90.0
2016-10-07,4,1,12.0,18.0,0,116.0,104.538461538,81.0,0.828607435413,136.0,15.7705440354,92.0
2016-10-08,5,0,9.0,16.0,1,116.0,101.615384615,81.0,0.8345232429,136.0,14.2264026565,109.0
2016-10-09,6,0,11.0,16.0,1,115.0,101.0,81.0,0.92380952381,136.0,13.7113092008,103.0
2016-10-10,0,0,12.0,19.0,1,114.0,99.1538461538,81.0,0.97016116164,135.0,11.5282005657,98.0
2016-10-11,1,0,11.0,18.0,1,113.0,98.8461538462,81.0,0.986005089059,135.0,11.5014791948,85.0
2016-10-12,2,0,14.0,18.0,1,113.0,98.0769230769,81.0,0.926916221034,135.0,12.0541185969,100.0
2016-10-13,3,0,16.0,21.0,1,111.0,98.1538461538,81.0,0.910553410553,135.0,12.0629512516,94.0
2016-10-14,4,0,16.0,22.0,1,111.0,95.7692307692,81.0,0.911764705882,130.0,9.25829230103,136.0
2016-10-15,5,1,16.0,22.0,1,111.0,99.6923076923,81.0,1.0752688172,136.0,13.6347103176,108.0
2016-10-16,6,1,14.0,20.0,0,111.0,99.3076923077,81.0,1.10620193094,136.0,13.3208027905,93.0
2016-10-17,0,0,12.0,18.0,1,110.0,98.5384615385,81.0,1.12165085705,136.0,13.3740010964,106.0
2016-10-18,1,0,14.0,20.0,1,109.0,99.6153846154,81.0,1.01976415878,136.0,13.3678055361,96.0
2016-10-19,2,0,14.0,23.0,1,109.0,100.769230769,81.0,0.979415670651,136.0,12.3173039392,113.0
2016-10-20,3,0,11.0,17.0,1,109.0,102.538461538,81.0,1.03857566766,136.0,12.2951859536,86.0
2016-10-21,4,0,9.0,20.0,1,108.0,102.076923077,81.0,0.991763321567,136.0,12.7849763903,134.0
2016-10-22,5,1,7.0,11.0,1,108.0,104.0,81.0,1.09251968504,136.0,15.3121369659,138.0
2016-10-23,6,1,7.0,13.0,1,108.0,106.692307692,81.0,1.1602657592,138.0,17.7780530879,122.0
2016-10-24,0,0,12.0,16.0,0,108.0,108.538461538,81.0,1.265253693,138.0,18.0239813949,82.0
2016-10-25,1,0,10.0,17.0,1,108.0,108.307692308,81.0,1.10358180058,138.0,18.3403070832,109.0
2016-10-26,2,0,7.0,14.0,1,108.0,109.0,81.0,0.996497930595,138.0,18.1828321396,103.0
2016-10-27,3,0,8.0,13.0,0,107.0,109.692307692,81.0,0.93023255814,138.0,17.7650677774,93.0
2016-10-28,4,0,4.0,10.0,1,107.0,106.384615385,81.0,0.964579380139,138.0,16.5182345003,114.0
2016-10-29,5,1,5.0,9.0,1,107.0,106.846153846,81.0,0.978072251144,138.0,16.6402947175,113.0
2016-10-30,6,1,2.0,14.0,0,108.0,108.384615385,81.0,1.00486732611,138.0,16.2079679433,111.0
2016-10-31,0,0,-2.0,4.0,1,108.0,108.769230769,81.0,1.05493133583,138.0,16.2061424545,95.0
