time_stamp,dayofweek,holiday,lt,ht,sunny,m2M,w2A,m1L,d3w3,m1Lar,w2Std,pay_sum
2016-08-01,0,0,27.0,34.0,0,73.0,72.6923076923,49.0,1.15121490918,121.0,11.5050799174,64.0
2016-08-02,1,0,27.0,34.0,0,73.0,72.3846153846,49.0,1.13065916022,121.0,11.6786357313,49.0
2016-08-03,2,0,25.0,32.0,0,72.0,71.1538461538,49.0,1.01337086559,121.0,13.1432706025,63.0
2016-08-04,3,0,25.0,32.0,0,71.0,71.4615384615,49.0,0.817653890825,121.0,12.8997041386,81.0
2016-08-05,4,0,26.0,34.0,1,72.0,72.0769230769,49.0,0.896007428041,121.0,13.1468717453,88.0
2016-08-06,5,1,27.0,33.0,0,73.0,72.0769230769,49.0,1.08234196408,121.0,13.1468717453,84.0
2016-08-07,6,1,26.0,32.0,0,73.0,73.1538461538,49.0,1.17701791114,103.0,13.5012600771,91.0
2016-08-08,0,0,26.0,33.0,0,73.0,74.3076923077,49.0,1.196814562,103.0,14.3118273595,104.0
2016-08-09,1,0,26.0,31.0,0,73.0,76.6923076923,49.0,1.23917388408,104.0,16.3348829921,101.0
2016-08-10,2,0,26.0,33.0,1,74.0,80.0769230769,49.0,1.28388635871,104.0,16.4618979112,72.0
2016-08-11,3,0,27.0,34.0,1,74.0,80.0769230769,49.0,1.19139784946,104.0,16.4618979112,57.0
2016-08-12,4,0,27.0,34.0,1,73.0,79.3076923077,49.0,0.999565406345,104.0,17.2688452929,93.0
2016-08-13,5,1,26.0,33.0,1,73.0,80.7692307692,49.0,0.961663417804,104.0,17.5593667581,95.0
2016-08-14,6,1,26.0,33.0,1,74.0,80.1538461538,49.0,1.04433077579,104.0,16.8971829871,92.0
2016-08-15,0,0,26.0,34.0,1,74.0,82.3076923077,49.0,1.18143459916,104.0,16.4802194505,73.0
2016-08-16,1,0,27.0,35.0,1,74.0,84.1538461538,49.0,1.0970464135,104.0,13.7664371898,68.0
2016-08-17,2,0,27.0,35.0,1,73.0,84.5384615385,49.0,0.976325162372,104.0,13.2294274812,58.0
2016-08-18,3,0,27.0,35.0,1,73.0,82.7692307692,49.0,0.841259775946,104.0,15.0033526825,77.0
2016-08-19,4,0,27.0,35.0,1,73.0,81.9230769231,49.0,0.852762024785,104.0,14.9946736105,67.0
2016-08-20,5,1,27.0,37.0,1,73.0,80.6153846154,49.0,0.852320675105,104.0,15.4896415092,103.0
2016-08-21,6,1,26.0,34.0,1,73.0,81.5384615385,49.0,1.04219409283,104.0,16.4111377968,86.0
2016-08-22,0,0,26.0,35.0,1,73.0,80.1538461538,49.0,1.06533499792,104.0,15.1700421066,77.0
2016-08-23,1,0,25.0,34.0,1,73.0,78.3076923077,49.0,1.08793456033,104.0,13.9305122518,86.0
2016-08-24,2,0,25.0,34.0,1,73.0,79.3846153846,49.0,1.00423472474,104.0,13.9424005302,77.0
2016-08-25,3,0,25.0,34.0,1,73.0,80.9230769231,49.0,0.970285021225,104.0,12.4063354688,61.0
2016-08-26,4,0,26.0,34.0,1,73.0,78.4615384615,49.0,0.92067406494,104.0,12.9294855904,73.0
2016-08-27,5,1,23.0,31.0,1,73.0,76.7692307692,49.0,0.87316366646,104.0,12.0649131857,70.0
2016-08-28,6,1,22.0,30.0,1,73.0,75.0769230769,49.0,0.85534591195,104.0,11.3304323936,105.0
2016-08-29,0,0,22.0,30.0,1,73.0,77.5384615385,49.0,1.0391787136,105.0,13.8153503512,73.0
2016-08-30,1,0,19.0,32.0,1,73.0,77.9230769231,49.0,1.05779483898,105.0,13.6125594635,62.0
2016-08-31,2,0,23.0,33.0,1,73.0,78.2307692308,49.0,1.03026400515,105.0,13.1976329239,72.0
2016-09-01,3,0,23.0,32.0,1,73.0,77.8461538462,57.0,0.880102040816,105.0,13.3003536902,74.0
2016-09-02,4,0,23.0,33.0,1,73.0,78.3846153846,57.0,0.895201205079,105.0,12.9883880775,84.0
2016-09-03,5,1,22.0,32.0,1,73.0,76.9230769231,57.0,0.996965756394,105.0,11.0624905977,92.0
2016-09-04,6,1,24.0,31.0,0,73.0,77.3846153846,57.0,1.08365843086,105.0,11.5461512838,76.0
2016-09-05,0,0,23.0,30.0,0,74.0,77.3076923077,57.0,1.09020116807,105.0,11.551787177,75.0
2016-09-06,1,0,23.0,29.0,0,74.0,76.4615384615,57.0,1.04651162791,105.0,11.2838576642,71.0
2016-09-07,2,0,21.0,26.0,0,73.0,76.0,57.0,0.948110185778,105.0,11.374735838,57.0
2016-09-08,3,0,20.0,29.0,1,73.0,75.6923076923,57.0,0.878217607614,105.0,11.8216529847,109.0
2016-09-09,4,0,22.0,31.0,1,73.0,78.4615384615,57.0,0.998104864182,109.0,14.7262997839,77.0
2016-09-10,5,1,23.0,28.0,1,74.0,79.0,57.0,1.04046242775,109.0,14.5337802801,127.0
2016-09-11,6,1,21.0,26.0,0,74.0,80.6923076923,57.0,1.30579891531,127.0,18.2646552975,93.0
2016-09-12,0,0,21.0,26.0,0,75.0,82.2307692308,57.0,1.22676579926,127.0,18.3937859329,80.0
2016-09-13,1,0,22.0,26.0,0,75.0,83.6153846154,57.0,1.24378109453,127.0,17.4732255027,58.0
2016-09-14,2,0,22.0,26.0,0,74.0,82.5384615385,57.0,0.969162995595,127.0,18.5539354507,96.0
2016-09-15,3,1,24.0,26.0,0,74.0,84.2307692308,57.0,0.960591133005,127.0,18.7006945414,109.0
2016-09-16,4,1,24.0,29.0,0,75.0,86.1538461538,57.0,1.0562248996,127.0,19.8294503351,118.0
2016-09-17,5,1,23.0,28.0,0,76.0,88.1538461538,57.0,1.26073380172,127.0,21.5543897148,129.0
2016-09-18,6,0,22.0,26.0,0,76.0,92.2307692308,57.0,1.37028483449,129.0,23.7686084061,104.0
2016-09-19,0,0,20.0,26.0,1,77.0,94.4615384615,57.0,1.32728304027,129.0,23.4048495455,81.0
2016-09-20,1,0,19.0,26.0,1,77.0,95.2307692308,57.0,1.1747100636,129.0,22.7770256928,66.0
2016-09-21,2,0,19.0,26.0,1,77.0,95.9230769231,57.0,0.942192192192,129.0,21.7165712638,87.0
2016-09-22,3,0,18.0,27.0,1,77.0,94.2307692308,57.0,0.871995528228,129.0,21.487577256,93.0
2016-09-23,4,0,21.0,28.0,1,77.0,95.4615384615,57.0,0.91212458287,129.0,20.9160055924,117.0
2016-09-24,5,1,20.0,29.0,1,77.0,94.6923076923,57.0,1.08612177729,129.0,19.9012354289,128.0
2016-09-25,6,1,21.0,30.0,1,80.0,97.3846153846,57.0,1.20177777778,129.0,21.7699102911,126.0
2016-09-26,0,0,24.0,30.0,1,81.0,100.923076923,57.0,1.28418137764,129.0,22.3863335317,69.0
2016-09-27,1,0,24.0,31.0,0,81.0,101.769230769,57.0,1.1191961192,129.0,20.9069507991,71.0
2016-09-28,2,0,23.0,29.0,0,81.0,99.8461538462,57.0,0.915032679739,129.0,22.4425631124,67.0
2016-09-29,3,0,23.0,27.0,0,80.0,96.6153846154,57.0,0.727848101266,129.0,23.8699632997,103.0
2016-09-30,4,0,25.0,31.0,0,81.0,95.4615384615,57.0,0.835934790149,129.0,23.1603619761,144.0
2016-10-01,5,1,24.0,32.0,1,81.0,96.6153846154,57.0,1.07959429259,144.0,25.0953212358,140.0
2016-10-02,6,1,23.0,32.0,1,84.0,99.3846153846,57.0,1.29909365559,144.0,27.6169915967,97.0
2016-10-03,0,1,22.0,27.0,0,84.0,100.615384615,57.0,1.26809785322,144.0,27.1223395336,109.0
2016-10-04,1,1,22.0,26.0,0,84.0,103.923076923,57.0,1.12301200909,144.0,25.2570219892,116.0
2016-10-05,2,1,22.0,26.0,1,86.0,106.153846154,57.0,1.03503696561,144.0,24.9425375115,98.0
2016-10-06,3,1,23.0,27.0,0,86.0,106.538461538,57.0,1.04378736468,144.0,24.7747246654,115.0
2016-10-07,4,1,21.0,26.0,0,86.0,106.384615385,58.0,1.06472491909,144.0,24.7154217242,83.0
2016-10-08,5,0,19.0,22.0,0,84.0,102.923076923,58.0,0.979808010593,144.0,24.5966274688,167.0
2016-10-09,6,0,18.0,20.0,1,86.0,106.076923077,58.0,1.1715615471,167.0,29.4943581005,119.0
2016-10-10,0,0,18.0,21.0,1,86.0,109.923076923,58.0,1.16312056738,167.0,27.6084199488,103.0
2016-10-11,1,0,19.0,23.0,1,86.0,112.384615385,58.0,1.20508054523,167.0,25.3636276874,115.0
2016-10-12,2,0,19.0,24.0,1,86.0,116.076923077,58.0,1.03058103976,167.0,21.7201131123,83.0
2016-10-13,3,0,19.0,24.0,1,86.0,114.538461538,66.0,0.924731182796,167.0,23.2465560216,118.0
2016-10-14,4,0,20.0,24.0,0,86.0,112.538461538,66.0,0.970366958391,167.0,21.6923076923,125.0
2016-10-15,5,1,20.0,24.0,1,87.0,111.384615385,66.0,1.0024600246,167.0,20.5708474136,132.0
2016-10-16,6,1,21.0,26.0,0,92.0,114.076923077,66.0,1.14995400184,167.0,20.8011151271,125.0
2016-10-17,0,0,20.0,24.0,1,93.0,115.307692308,66.0,1.14200298954,167.0,20.9372124196,87.0
2016-10-18,1,0,20.0,25.0,1,93.0,113.076923077,66.0,1.02107450282,167.0,22.2484624826,105.0
2016-10-19,2,0,20.0,24.0,0,93.0,113.615384615,66.0,0.925277291302,167.0,21.9598881234,96.0
2016-10-20,3,0,23.0,26.0,0,93.0,112.153846154,67.0,0.843214756258,167.0,22.4459904038,122.0
2016-10-21,4,0,23.0,27.0,0,96.0,115.153846154,67.0,0.954915003695,167.0,20.9021388447,108.0
2016-10-22,5,1,21.0,25.0,0,96.0,110.615384615,67.0,0.977657819763,167.0,14.610525508,124.0
2016-10-23,6,1,19.0,22.0,0,97.0,111.0,67.0,1.04888888889,167.0,14.8893353677,146.0
2016-10-24,0,0,20.0,24.0,1,98.0,114.307692308,67.0,1.10188019239,167.0,17.3222161284,83.0
2016-10-25,1,0,20.0,26.0,1,98.0,111.846153846,67.0,1.04406980183,167.0,19.2187654844,96.0
2016-10-26,2,0,22.0,28.0,0,98.0,112.846153846,67.0,0.962107756069,167.0,17.9907931747,87.0
2016-10-27,3,0,21.0,26.0,1,97.0,110.461538462,67.0,0.797362110312,167.0,19.1657361921,129.0
2016-10-28,4,0,17.0,22.0,0,98.0,110.769230769,83.0,0.916299559471,167.0,19.4269988424,142.0
2016-10-29,5,1,13.0,16.0,0,103.0,111.538461538,83.0,1.06310319228,167.0,20.4247790106,138.0
2016-10-30,6,1,14.0,19.0,1,103.0,112.538461538,83.0,1.20435806832,167.0,21.3563731602,123.0
2016-10-31,0,0,14.0,20.0,0,104.0,115.307692308,83.0,1.17629889083,167.0,20.166173564,122.0
