time_stamp,dayofweek,holiday,lt,ht,sunny,m2M,w2A,m1L,d3w3,m1Lar,w2Std,pay_sum
2016-08-01,0,0,28.0,34.0,1,73.0,84.0769230769,49.0,1.13645458183,106.0,14.8036458008,110.0
2016-08-02,1,0,28.0,34.0,0,73.0,88.7692307692,49.0,1.23398383599,110.0,12.4168238609,75.0
2016-08-03,2,0,26.0,32.0,0,73.0,88.5384615385,49.0,1.13869188337,110.0,12.6406875702,81.0
2016-08-04,3,0,27.0,32.0,0,74.0,88.0,49.0,1.03100775194,110.0,12.8002403824,89.0
2016-08-05,4,0,27.0,33.0,0,74.0,89.0,49.0,0.944123314066,110.0,12.3225871409,100.0
2016-08-06,5,1,27.0,33.0,1,74.0,88.5384615385,49.0,1.03746397695,110.0,11.7775234736,92.0
2016-08-07,6,1,27.0,34.0,1,75.0,88.2307692308,49.0,1.08599033816,110.0,11.629894147,94.0
2016-08-08,0,0,27.0,34.0,0,75.0,89.2307692308,49.0,1.09957708574,110.0,11.5235801472,93.0
2016-08-09,1,0,28.0,34.0,1,75.0,90.7692307692,49.0,1.0461192351,110.0,10.547721928,85.0
2016-08-10,2,0,28.0,34.0,1,76.0,91.6153846154,49.0,1.01587301587,110.0,9.56386196164,89.0
2016-08-11,3,0,28.0,35.0,1,78.0,91.6923076923,49.0,0.996640537514,110.0,9.53846153846,98.0
2016-08-12,4,0,28.0,34.0,1,78.0,93.0,49.0,1.00294985251,110.0,9.13993772071,82.0
2016-08-13,5,1,28.0,35.0,1,79.0,91.6923076923,49.0,1.00523168909,110.0,9.40036509426,116.0
2016-08-14,6,1,28.0,36.0,1,81.0,92.6153846154,49.0,1.09386548411,116.0,11.0142457512,117.0
2016-08-15,0,0,28.0,35.0,1,81.0,93.1538461538,49.0,1.14130434783,117.0,11.9797659785,102.0
2016-08-16,1,0,28.0,35.0,1,81.0,95.2307692308,49.0,1.1949349028,117.0,10.9485077744,93.0
2016-08-17,2,0,28.0,35.0,1,81.0,96.1538461538,49.0,1.10169491525,117.0,10.1893319313,106.0
2016-08-18,3,0,28.0,36.0,1,82.0,97.4615384615,73.0,1.05281566981,117.0,10.2777982124,108.0
2016-08-19,4,0,29.0,36.0,1,82.0,98.0769230769,73.0,1.05880324194,117.0,10.6443306576,109.0
2016-08-20,5,1,28.0,37.0,0,82.0,99.3846153846,73.0,1.10825184423,117.0,10.8595116871,141.0
2016-08-21,6,1,28.0,35.0,0,84.0,103.0,73.0,1.20538720539,141.0,15.3572834136,112.0
2016-08-22,0,0,28.0,35.0,1,85.0,104.461538462,73.0,1.21762529432,141.0,15.2397021201,102.0
2016-08-23,1,0,26.0,34.0,1,85.0,105.769230769,73.0,1.17803218849,141.0,14.2080900365,121.0
2016-08-24,2,0,26.0,34.0,1,85.0,108.230769231,73.0,1.08996258337,141.0,13.8572605027,88.0
2016-08-25,3,0,27.0,35.0,1,85.0,107.461538462,74.0,1.01236979167,141.0,14.6582367741,111.0
2016-08-26,4,0,26.0,34.0,0,88.0,109.692307692,75.0,1.03610166748,141.0,12.6878780149,103.0
2016-08-27,5,1,23.0,31.0,1,88.0,108.692307692,75.0,0.972624798712,141.0,12.6636039067,142.0
2016-08-28,6,1,22.0,30.0,1,88.0,110.615384615,75.0,1.12055398174,142.0,15.3849999952,132.0
2016-08-29,0,0,23.0,31.0,1,89.0,112.923076923,75.0,1.16519857827,142.0,16.1505491141,115.0
2016-08-30,1,0,23.0,31.0,1,89.0,114.615384615,75.0,1.18579484835,142.0,15.0922214378,74.0
2016-08-31,2,0,25.0,34.0,1,89.0,112.153846154,74.0,0.985267034991,142.0,18.5175432572,110.0
2016-09-01,3,0,26.0,33.0,1,89.0,112.307692308,74.0,0.912698412698,142.0,18.4906821249,106.0
2016-09-02,4,0,25.0,34.0,1,92.0,112.076923077,74.0,0.875603864734,142.0,18.5491510835,106.0
2016-09-03,5,1,25.0,35.0,1,93.0,109.384615385,74.0,0.976645435244,142.0,16.5925769387,137.0
2016-09-04,6,1,25.0,33.0,1,93.0,111.307692308,74.0,1.04899308687,142.0,18.1590605288,137.0
2016-09-05,0,0,25.0,30.0,0,94.0,114.0,74.0,1.12442669034,142.0,19.1472030494,119.0
2016-09-06,1,0,22.0,27.0,0,95.0,113.846153846,74.0,1.1496270294,142.0,19.0983130703,93.0
2016-09-07,2,0,20.0,24.0,0,95.0,114.230769231,74.0,1.02677258017,142.0,18.6182451712,86.0
2016-09-08,3,0,22.0,29.0,1,95.0,112.307692308,74.0,0.8853238265,142.0,20.0859101607,97.0
2016-09-09,4,0,23.0,31.0,1,96.0,111.846153846,74.0,0.824372759857,142.0,20.3615253843,84.0
2016-09-10,5,1,24.0,29.0,1,96.0,107.384615385,74.0,0.818390804598,142.0,19.6058800502,112.0
2016-09-11,6,1,23.0,26.0,0,97.0,105.846153846,74.0,0.898084291188,142.0,18.3590101704,104.0
2016-09-12,0,0,23.0,29.0,1,98.0,105.0,74.0,0.918695452458,142.0,18.1701361072,106.0
2016-09-13,1,0,23.0,30.0,1,99.0,107.461538462,74.0,0.992907801418,142.0,15.8192452636,82.0
2016-09-14,2,0,22.0,24.0,0,99.0,105.307692308,74.0,0.902906617192,142.0,17.175047264,77.0
2016-09-15,3,1,23.0,26.0,0,98.0,103.076923077,74.0,0.832547910776,142.0,18.7512524237,70.0
2016-09-16,4,1,23.0,27.0,0,98.0,100.307692308,70.0,0.730812190841,142.0,20.6747137098,90.0
2016-09-17,5,1,23.0,27.0,0,98.0,96.6923076923,70.0,0.775650466372,142.0,17.8600741466,109.0
2016-09-18,6,0,23.0,28.0,0,99.0,94.5384615385,70.0,0.890433631248,142.0,14.1780729113,80.0
2016-09-19,0,0,21.0,27.0,0,99.0,91.5384615385,70.0,0.939868620515,142.0,12.7376811355,98.0
2016-09-20,1,0,20.0,26.0,1,99.0,91.9230769231,70.0,0.955233815943,142.0,12.8509894169,93.0
2016-09-21,2,0,20.0,27.0,1,98.0,92.4615384615,70.0,0.909701242028,142.0,12.7376811355,100.0
2016-09-22,3,0,21.0,27.0,1,99.0,92.6923076923,70.0,0.979797979798,142.0,12.8445415847,62.0
2016-09-23,4,0,21.0,27.0,1,99.0,91.0,62.0,0.878099173554,142.0,15.1251191985,62.0
2016-09-24,5,1,22.0,28.0,1,99.0,87.1538461538,62.0,0.802435966326,142.0,15.6443460116,6.0
2016-09-25,6,1,23.0,29.0,1,99.0,79.6153846154,6.0,0.500963391137,142.0,25.9364266014,57.0
2016-09-26,0,0,24.0,31.0,1,99.0,75.8461538462,6.0,0.499600319744,137.0,25.3827505142,60.0
2016-09-27,1,0,25.0,30.0,0,99.0,74.1538461538,6.0,0.501529051988,137.0,25.6480503198,81.0
2016-09-28,2,0,22.0,28.0,0,98.0,74.4615384615,6.0,0.80981595092,137.0,25.7042809503,77.0
2016-09-29,3,0,22.0,25.0,0,98.0,75.0,6.0,0.902691511387,137.0,25.6784854574,71.0
2016-09-30,4,0,23.0,28.0,0,97.0,73.5384615385,6.0,0.95595908996,137.0,25.3213664251,78.0
2016-10-01,5,1,24.0,29.0,0,97.0,71.1538461538,6.0,0.963958200043,137.0,23.2440104902,97.0
2016-10-02,6,1,24.0,32.0,1,97.0,72.4615384615,6.0,1.05398457584,137.0,24.1648676471,67.0
2016-10-03,0,1,22.0,26.0,1,97.0,70.0769230769,6.0,1.06350252692,137.0,23.0299521976,54.0
2016-10-04,1,1,22.0,26.0,1,97.0,67.0769230769,6.0,0.976046563689,119.0,22.3794601518,72.0
2016-10-05,2,1,22.0,27.0,1,97.0,64.9230769231,6.0,0.867026055705,112.0,20.3638500911,80.0
2016-10-06,3,1,22.0,26.0,0,97.0,66.3076923077,6.0,0.919232485498,112.0,20.7267371561,83.0
2016-10-07,4,1,20.0,25.0,0,97.0,67.9230769231,6.0,1.05357543152,112.0,21.1422345754,97.0
2016-10-08,5,0,17.0,22.0,0,97.0,74.9230769231,6.0,1.17514124294,112.0,12.9642202202,106.0
2016-10-09,6,0,18.0,22.0,1,97.0,78.6923076923,6.0,1.27026426827,112.0,14.2633722164,92.0
2016-10-10,0,0,18.0,22.0,1,97.0,81.1538461538,6.0,1.3154960981,109.0,13.5694575247,80.0
2016-10-11,1,0,19.0,25.0,1,97.0,81.0769230769,6.0,1.25056230319,109.0,13.572945593,117.0
2016-10-12,2,0,19.0,23.0,1,97.0,84.1538461538,6.0,1.28530131199,117.0,16.5150102068,78.0
2016-10-13,3,0,19.0,23.0,1,97.0,84.6923076923,6.0,1.2101210121,117.0,16.1882417698,92.0
2016-10-14,4,0,19.0,23.0,0,93.0,85.7692307692,6.0,1.238403452,117.0,16.1728825562,75.0
2016-10-15,5,1,21.0,25.0,1,93.0,84.0769230769,6.0,1.01197852127,117.0,16.0597994932,115.0
2016-10-16,6,1,20.0,26.0,1,93.0,87.7692307692,6.0,1.12440191388,117.0,17.1874455351,142.0
2016-10-17,0,0,20.0,25.0,1,93.0,94.5384615385,6.0,1.26187761307,142.0,19.7001186432,87.0
2016-10-18,1,0,20.0,25.0,1,93.0,95.6923076923,6.0,1.30303030303,142.0,18.7632399014,83.0
2016-10-19,2,0,20.0,24.0,0,92.0,95.9230769231,6.0,1.17780294451,142.0,18.5864364874,69.0
2016-10-20,3,0,20.0,23.0,0,92.0,94.8461538462,6.0,0.903250188964,142.0,19.6775786262,100.0
2016-10-21,4,0,0.0,21.0,0,92.0,95.0769230769,6.0,0.940649496081,142.0,19.7190323466,66.0
2016-10-22,5,1,19.0,23.0,0,90.0,92.0,6.0,0.892687559354,142.0,20.8621851499,109.0
2016-10-23,6,1,18.0,23.0,1,92.0,93.3076923077,6.0,1.02021888332,142.0,21.3483366867,187.0
2016-10-24,0,0,20.0,24.0,1,92.0,101.538461538,54.0,1.25043177893,187.0,32.3980421645,99.0
2016-10-25,1,0,18.0,22.0,1,92.0,100.153846154,54.0,1.34559700221,187.0,32.0908473744,80.0
2016-10-26,2,0,19.0,21.0,0,90.0,100.307692308,54.0,1.24680633623,187.0,31.9889034015,69.0
2016-10-27,3,0,18.0,22.0,0,87.0,98.5384615385,54.0,0.85091782467,187.0,33.0189115616,62.0
2016-10-28,4,0,15.0,20.0,0,86.0,97.5384615385,54.0,0.737246680643,187.0,33.901702668,79.0
2016-10-29,5,1,13.0,17.0,1,86.0,94.7692307692,54.0,0.744284954811,187.0,33.8325147344,107.0
2016-10-30,6,1,14.0,18.0,1,86.0,92.0769230769,54.0,0.872011251758,187.0,31.2618261646,138.0
2016-10-31,0,0,13.0,17.0,0,86.0,96.0,54.0,1.1054247697,187.0,33.4985648372,90.0
