time_stamp,dayofweek,holiday,lt,ht,sunny,m2M,w2A,m1L,d3w3,m1Lar,w2Std,pay_sum
2016-08-01,0,0,26.0,34.0,1,100.0,98.3076923077,74.0,1.07275803723,163.0,7.93613561633,97.0
2016-08-02,1,0,24.0,33.0,1,99.0,98.7692307692,74.0,1.02692757986,121.0,7.66765279654,91.0
2016-08-03,2,0,23.0,33.0,1,99.0,98.5384615385,74.0,0.997983870968,121.0,7.85067742903,125.0
2016-08-04,3,0,23.0,31.0,1,100.0,101.538461538,74.0,1.03917662683,125.0,9.71608804324,94.0
2016-08-05,4,0,24.0,32.0,0,100.0,101.769230769,74.0,1.02666004305,125.0,9.49618422278,143.0
2016-08-06,5,1,23.0,30.0,1,101.0,103.846153846,74.0,1.18474881361,143.0,14.1793248936,159.0
2016-08-07,6,1,23.0,30.0,0,101.0,108.846153846,74.0,1.26679462572,159.0,20.0646882851,141.0
2016-08-08,0,0,22.0,30.0,1,101.0,112.384615385,74.0,1.38784461153,159.0,21.3272612167,137.0
2016-08-09,1,0,23.0,31.0,1,101.0,115.384615385,74.0,1.34007973014,159.0,21.8298964427,138.0
2016-08-10,2,0,25.0,33.0,1,101.0,118.384615385,74.0,1.25037571386,159.0,22.050775188,89.0
2016-08-11,3,0,25.0,34.0,1,101.0,117.769230769,86.0,1.09260093051,159.0,22.7398459035,121.0
2016-08-12,4,0,26.0,36.0,1,102.0,118.846153846,86.0,1.03065304309,159.0,22.5349170224,106.0
2016-08-13,5,1,27.0,37.0,1,105.0,119.230769231,86.0,0.940056522386,159.0,22.2681346881,152.0
2016-08-14,6,1,27.0,38.0,1,106.0,122.538461538,86.0,1.09902856314,159.0,23.6533145656,165.0
2016-08-15,0,0,28.0,38.0,1,107.0,127.769230769,86.0,1.19037568594,165.0,24.9126283891,134.0
2016-08-16,1,0,27.0,37.0,1,107.0,131.076923077,86.0,1.25017325017,165.0,22.5540770268,133.0
2016-08-17,2,0,26.0,37.0,1,107.0,131.692307692,86.0,1.18081180812,165.0,22.4889190334,120.0
2016-08-18,3,0,27.0,37.0,1,107.0,133.692307692,86.0,1.0479285134,165.0,20.0744177629,115.0
2016-08-19,4,0,27.0,37.0,1,107.0,131.538461538,86.0,0.993252361673,165.0,20.4586464122,117.0
2016-08-20,5,1,26.0,37.0,1,107.0,128.307692308,89.0,0.94395280236,165.0,19.14071221,150.0
2016-08-21,6,1,26.0,35.0,1,109.0,129.0,89.0,1.00778261443,165.0,19.7406258182,174.0
2016-08-22,0,0,25.0,35.0,1,109.0,131.846153846,89.0,1.12903225806,174.0,23.0746152692,127.0
2016-08-23,1,0,25.0,35.0,1,109.0,131.0,89.0,1.13888888889,174.0,23.0350902888,114.0
2016-08-24,2,0,26.0,35.0,1,109.0,132.923076923,89.0,1.05236465069,174.0,20.3336081722,111.0
2016-08-25,3,0,22.0,27.0,0,109.0,132.153846154,89.0,0.886873267826,174.0,20.9499262119,123.0
2016-08-26,4,0,20.0,24.0,0,109.0,133.461538462,89.0,0.883472962681,174.0,19.7741687936,179.0
2016-08-27,5,1,18.0,29.0,1,109.0,135.538461538,89.0,1.0405643739,179.0,22.7988373004,217.0
2016-08-28,6,1,19.0,31.0,1,111.0,139.538461538,89.0,1.2711241734,217.0,30.781151537,200.0
2016-08-29,0,0,20.0,30.0,1,111.0,144.615384615,89.0,1.42669060443,217.0,34.6488726902,112.0
2016-08-30,1,0,20.0,28.0,1,111.0,143.0,89.0,1.27824090854,217.0,35.6284242619,134.0
2016-08-31,2,0,19.0,31.0,1,111.0,144.076923077,89.0,1.06038991916,217.0,35.1249670976,137.0
2016-09-01,3,0,19.0,33.0,1,111.0,145.769230769,89.0,0.905437352246,217.0,34.201110747,113.0
2016-09-02,4,0,20.0,33.0,1,112.0,145.461538462,89.0,0.905553590378,217.0,34.4754436232,141.0
2016-09-03,5,1,20.0,30.0,1,112.0,144.769230769,89.0,0.925662878788,217.0,34.467719226,162.0
2016-09-04,6,1,19.0,31.0,1,113.0,143.846153846,89.0,0.985898803176,217.0,33.8272674579,178.0
2016-09-05,0,0,21.0,29.0,1,114.0,147.769230769,89.0,1.12238945281,217.0,34.5946946714,117.0
2016-09-06,1,0,16.0,26.0,0,115.0,148.0,89.0,1.07239235011,217.0,34.3779893805,118.0
2016-09-07,2,0,16.0,28.0,1,116.0,148.538461538,89.0,0.969825055771,217.0,33.8449300478,120.0
2016-09-08,3,0,19.0,31.0,1,116.0,148.307692308,89.0,0.832161275199,217.0,34.0280079559,110.0
2016-09-09,4,0,18.0,27.0,0,116.0,143.0,106.0,0.817765244977,217.0,34.2075115458,129.0
2016-09-10,5,1,17.0,29.0,1,117.0,136.230769231,106.0,0.84990530303,217.0,26.7988342059,179.0
2016-09-11,6,1,19.0,30.0,1,117.0,134.615384615,110.0,0.987829374926,217.0,23.3123884581,190.0
2016-09-12,0,0,18.0,25.0,1,118.0,140.615384615,110.0,1.15117891817,217.0,26.5345593564,114.0
2016-09-13,1,0,19.0,26.0,0,118.0,139.076923077,110.0,1.11650485437,217.0,27.4379342642,147.0
2016-09-14,2,0,18.0,27.0,1,118.0,139.846153846,110.0,1.0296803653,217.0,27.509008745,164.0
2016-09-15,3,1,19.0,27.0,0,120.0,143.769230769,110.0,0.956883935607,217.0,27.0331814518,155.0
2016-09-16,4,1,19.0,29.0,1,120.0,144.846153846,110.0,1.05776869822,217.0,27.1798742111,113.0
2016-09-17,5,1,20.0,29.0,1,120.0,141.076923077,110.0,1.01659018708,217.0,27.92699697,131.0
2016-09-18,6,0,18.0,24.0,0,121.0,137.461538462,110.0,0.962373371925,217.0,25.8802430871,87.0
2016-09-19,0,0,16.0,20.0,0,121.0,135.153846154,87.0,0.805646829743,217.0,28.7772510417,86.0
2016-09-20,1,0,16.0,21.0,0,121.0,132.692307692,86.0,0.753127709649,217.0,31.3893284546,98.0
2016-09-21,2,0,15.0,27.0,1,121.0,131.0,86.0,0.681246857717,217.0,32.5977818972,95.0
2016-09-22,3,0,16.0,28.0,1,121.0,129.846153846,86.0,0.706150341686,217.0,33.5716138194,99.0
2016-09-23,4,0,18.0,27.0,1,121.0,127.538461538,86.0,0.751028806584,217.0,34.5668035162,140.0
2016-09-24,5,1,17.0,24.0,0,123.0,124.538461538,86.0,0.866407263294,217.0,31.5292669524,143.0
2016-09-25,6,1,18.0,27.0,1,125.0,120.923076923,86.0,1.00460223537,217.0,26.0309328964,156.0
2016-09-26,0,0,18.0,24.0,0,127.0,124.153846154,86.0,1.13701113701,200.0,27.5341638245,96.0
2016-09-27,1,0,16.0,23.0,0,127.0,120.230769231,86.0,1.03187042842,190.0,27.6326279998,91.0
2016-09-28,2,0,15.0,24.0,1,127.0,114.615384615,86.0,0.906328444973,190.0,25.5027553912,101.0
2016-09-29,3,0,14.0,21.0,1,127.0,110.461538462,86.0,0.763723150358,190.0,22.8460243457,114.0
2016-09-30,4,0,16.0,25.0,1,127.0,110.538461538,86.0,0.816326530612,190.0,22.856123181,131.0
2016-10-01,5,1,15.0,27.0,1,129.0,110.538461538,86.0,0.9411124711,190.0,22.856123181,138.0
2016-10-02,6,1,17.0,29.0,1,131.0,114.461538462,86.0,1.06433236071,190.0,22.856123181,106.0
2016-10-03,0,1,17.0,30.0,1,131.0,116.0,86.0,1.04558762024,190.0,21.5227965012,104.0
2016-10-04,1,1,15.0,23.0,1,129.0,116.461538462,86.0,0.988074957411,190.0,21.1936688101,116.0
2016-10-05,2,1,14.0,20.0,1,127.0,118.076923077,86.0,0.944927536232,190.0,20.2767830041,100.0
2016-10-06,3,1,14.0,18.0,0,123.0,118.153846154,86.0,0.950259836674,190.0,20.206039287,112.0
2016-10-07,4,1,11.0,17.0,0,121.0,116.0,86.0,0.974450386215,190.0,19.2313846055,141.0
2016-10-08,5,0,13.0,20.0,1,121.0,115.846153846,86.0,1.04406980183,190.0,19.0216320332,117.0
2016-10-09,6,0,11.0,18.0,0,121.0,112.846153846,86.0,1.07997664915,190.0,15.1294219415,115.0
2016-10-10,0,0,12.0,18.0,1,120.0,114.307692308,86.0,1.07508286497,190.0,14.3279426586,113.0
2016-10-11,1,0,12.0,18.0,1,120.0,116.0,86.0,0.987972508591,164.0,12.6794806979,100.0
2016-10-12,2,0,12.0,18.0,0,120.0,115.923076923,86.0,0.937276753822,164.0,12.7729373675,96.0
2016-10-13,3,0,12.0,18.0,1,118.0,114.538461538,86.0,0.884120171674,164.0,13.837604198,84.0
2016-10-14,4,0,12.0,18.0,0,117.0,110.923076923,84.0,0.820873644093,156.0,15.1427135992,97.0
2016-10-15,5,1,11.0,18.0,1,117.0,107.769230769,84.0,0.828845002992,156.0,13.3367845632,163.0
2016-10-16,6,1,11.0,20.0,1,117.0,112.153846154,84.0,1.02609992543,163.0,19.8255707216,146.0
2016-10-17,0,0,12.0,23.0,1,117.0,115.384615385,84.0,1.18453683443,163.0,21.5782599339,108.0
2016-10-18,1,0,12.0,24.0,1,117.0,114.769230769,84.0,1.20764552563,163.0,21.6658321793,98.0
2016-10-19,2,0,15.0,24.0,1,117.0,114.615384615,84.0,1.02073365231,163.0,21.7769760617,100.0
2016-10-20,3,0,16.0,23.0,1,116.0,113.692307692,84.0,0.892778993435,163.0,22.1198992048,92.0
2016-10-21,4,0,14.0,20.0,0,115.0,109.923076923,84.0,0.860789551796,163.0,21.3053317215,112.0
2016-10-22,5,1,12.0,16.0,0,115.0,109.538461538,84.0,0.912912912913,163.0,21.2190603164,157.0
2016-10-23,6,1,10.0,15.0,1,116.0,112.769230769,84.0,1.05973873477,163.0,24.714224637,163.0
2016-10-24,0,0,10.0,13.0,0,116.0,116.615384615,84.0,1.23605150215,163.0,28.1084122682,125.0
2016-10-25,1,0,10.0,15.0,0,116.0,118.538461538,84.0,1.26834829699,163.0,27.7588943047,100.0
2016-10-26,2,0,9.0,12.0,0,115.0,118.846153846,84.0,1.10588570614,163.0,27.5285757933,96.0
2016-10-27,3,0,7.0,11.0,0,114.0,119.769230769,84.0,0.921222557038,163.0,26.5276455105,107.0
2016-10-28,4,0,7.0,10.0,1,114.0,120.538461538,84.0,0.88248143294,163.0,25.995903182,134.0
2016-10-29,5,1,6.0,14.0,1,114.0,118.307692308,84.0,0.974270020237,163.0,23.3679090121,156.0
2016-10-30,6,1,6.0,12.0,1,114.0,119.076923077,84.0,1.12768072717,163.0,24.4082632239,187.0
2016-10-31,0,0,6.0,14.0,1,115.0,125.153846154,84.0,1.31350681537,187.0,30.0713156292,108.0
