time_stamp,dayofweek,holiday,lt,ht,sunny,m2M,w2A,m1L,d3w3,m1Lar,w2Std,pay_sum
2016-08-01,0,0,26.0,32.0,0,71.0,91.1538461538,64.0,1.12962962963,131.0,20.8357907821,84.0
2016-08-02,1,0,25.0,28.0,0,72.0,91.1538461538,64.0,1.17603822124,131.0,20.8357907821,55.0
2016-08-03,2,0,26.0,31.0,0,72.0,87.6923076923,55.0,0.982930031889,131.0,22.7304763745,90.0
2016-08-04,3,0,27.0,31.0,0,73.0,89.0,55.0,0.850037119525,131.0,22.3331419816,96.0
2016-08-05,4,0,27.0,32.0,0,73.0,89.0769230769,55.0,0.89110741357,131.0,22.3553866799,107.0
2016-08-06,5,1,28.0,34.0,1,76.0,87.2307692308,55.0,1.0833795526,131.0,19.6435694945,105.0
2016-08-07,6,1,28.0,35.0,1,77.0,87.3076923077,55.0,1.14647310627,131.0,19.710928696,129.0
2016-08-08,0,0,28.0,34.0,1,77.0,91.8461538462,55.0,1.22816495588,131.0,21.8767391532,105.0
2016-08-09,1,0,27.0,33.0,1,80.0,93.6923076923,55.0,1.20726495726,131.0,21.8962048534,107.0
2016-08-10,2,0,25.0,28.0,0,81.0,96.9230769231,55.0,1.20986340252,131.0,20.476859504,61.0
2016-08-11,3,0,26.0,31.0,0,81.0,95.6923076923,55.0,0.974825923942,131.0,22.0572144674,74.0
2016-08-12,4,0,26.0,30.0,0,81.0,96.0769230769,55.0,0.873961719032,131.0,21.6278365448,95.0
2016-08-13,5,1,26.0,31.0,0,84.0,94.6923076923,55.0,0.847145488029,131.0,21.0690608581,130.0
2016-08-14,6,1,26.0,31.0,0,84.0,95.2307692308,55.0,1.08569353667,131.0,21.8602338159,132.0
2016-08-15,0,0,26.0,30.0,0,85.0,98.9230769231,55.0,1.25395152792,132.0,23.6332931344,71.0
2016-08-16,1,0,25.0,29.0,0,85.0,100.153846154,55.0,1.17584745763,132.0,21.646979373,78.0
2016-08-17,2,0,25.0,29.0,0,85.0,99.2307692308,55.0,0.985446256356,132.0,22.306100739,76.0
2016-08-18,3,0,26.0,30.0,0,85.0,97.6923076923,55.0,0.789473684211,132.0,23.1496290563,77.0
2016-08-19,4,0,26.0,31.0,0,85.0,95.3846153846,55.0,0.8071278826,132.0,23.597713258,90.0
2016-08-20,5,1,27.0,33.0,1,89.0,94.2307692308,55.0,0.859416445623,132.0,23.4656995049,93.0
2016-08-21,6,1,26.0,31.0,0,90.0,91.4615384615,55.0,0.934411500449,132.0,21.2154348189,108.0
2016-08-22,0,0,26.0,33.0,1,90.0,91.6923076923,55.0,1.03246407664,132.0,21.3771431328,95.0
2016-08-23,1,0,27.0,34.0,1,90.0,90.7692307692,55.0,1.02831335765,132.0,20.9510559534,81.0
2016-08-24,2,0,28.0,34.0,1,90.0,92.3076923077,55.0,0.99127399651,132.0,19.3843101319,76.0
2016-08-25,3,0,28.0,34.0,1,90.0,92.4615384615,55.0,0.888888888889,132.0,19.2458402483,91.0
2016-08-26,4,0,26.0,33.0,0,90.0,92.1538461538,55.0,0.88224831021,132.0,19.2347688149,79.0
2016-08-27,5,1,26.0,31.0,0,90.0,88.2307692308,55.0,0.887445887446,132.0,16.053534699,115.0
2016-08-28,6,1,26.0,31.0,1,90.0,86.9230769231,55.0,1.03598691385,132.0,12.7970040873,125.0
2016-08-29,0,0,25.0,31.0,1,91.0,91.0769230769,55.0,1.1470693995,132.0,15.4444988387,70.0
2016-08-30,1,0,25.0,30.0,1,91.0,90.4615384615,55.0,1.13740598055,132.0,16.0988073357,81.0
2016-08-31,2,0,26.0,30.0,1,90.0,90.8461538462,55.0,1.00163309744,132.0,15.8057737934,84.0
2016-09-01,3,0,25.0,30.0,0,90.0,91.3846153846,61.0,0.848222342537,132.0,15.439900665,70.0
2016-09-02,4,0,25.0,29.0,0,90.0,89.8461538462,61.0,0.859860958653,132.0,16.4636950421,62.0
2016-09-03,5,1,26.0,31.0,0,90.0,87.4615384615,61.0,0.820980615735,132.0,18.0069020298,107.0
2016-09-04,6,1,26.0,32.0,0,90.0,87.3846153846,61.0,0.921534605745,132.0,17.9209308718,87.0
2016-09-05,0,0,26.0,30.0,0,90.0,86.7692307692,61.0,0.978032473734,132.0,17.7857066474,60.0
2016-09-06,1,0,26.0,29.0,0,90.0,85.1538461538,60.0,0.980505693881,132.0,19.1385481076,69.0
2016-09-07,2,0,26.0,30.0,0,89.0,84.6153846154,60.0,0.837209302326,132.0,19.4838728639,89.0
2016-09-08,3,0,25.0,29.0,0,89.0,84.4615384615,60.0,0.839107005389,132.0,19.4407003064,77.0
2016-09-09,4,0,26.0,31.0,0,87.0,84.3076923077,60.0,0.911382586775,132.0,19.4911601872,99.0
2016-09-10,5,1,25.0,29.0,0,89.0,83.0769230769,60.0,1.02415458937,132.0,17.9591910836,119.0
2016-09-11,6,1,25.0,31.0,0,89.0,82.6153846154,60.0,1.13287250384,132.0,16.9230769231,136.0
2016-09-12,0,0,25.0,32.0,0,89.0,87.6923076923,60.0,1.32808103545,136.0,21.6240059456,84.0
2016-09-13,1,0,27.0,33.0,1,89.0,87.9230769231,60.0,1.26966292135,136.0,21.5672884015,84.0
2016-09-14,2,0,26.0,33.0,1,87.0,87.9230769231,60.0,1.13348247576,136.0,21.5672884015,86.0
2016-09-15,3,1,27.0,33.0,1,86.0,89.1538461538,60.0,0.949710226211,136.0,20.957268443,91.0
2016-09-16,4,1,27.0,33.0,1,87.0,91.3846153846,60.0,0.969359331476,136.0,19.4364386637,91.0
2016-09-17,5,1,26.0,32.0,1,89.0,90.1538461538,60.0,1.00884622624,136.0,18.9080615849,106.0
2016-09-18,6,0,25.0,32.0,1,89.0,91.6153846154,60.0,1.09589041096,136.0,19.3372437044,91.0
2016-09-19,0,0,25.0,32.0,1,90.0,94.0,60.0,1.08291032149,136.0,17.0699916633,94.0
2016-09-20,1,0,23.0,28.0,0,90.0,95.9230769231,60.0,1.08622620381,136.0,15.4793238695,82.0
2016-09-21,2,0,24.0,31.0,1,89.0,95.3846153846,60.0,0.997757847534,136.0,15.8285937056,73.0
2016-09-22,3,0,25.0,31.0,1,87.0,95.0769230769,60.0,0.928931169558,136.0,16.2170923053,59.0
2016-09-23,4,0,26.0,31.0,1,87.0,92.0,59.0,0.799701046338,136.0,18.7739590513,71.0
2016-09-24,5,1,26.0,31.0,1,87.0,88.3076923077,59.0,0.774218154081,136.0,17.7953520958,117.0
2016-09-25,6,1,26.0,32.0,1,89.0,86.8461538462,59.0,0.926134233221,136.0,14.2442763342,140.0
2016-09-26,0,0,27.0,33.0,1,90.0,91.1538461538,59.0,1.17689271618,140.0,20.0263140502,61.0
2016-09-27,1,0,27.0,33.0,1,90.0,89.3846153846,59.0,1.14594594595,140.0,21.539010982,59.0
2016-09-28,2,0,26.0,32.0,1,89.0,87.3076923077,59.0,0.952380952381,140.0,23.0163307086,81.0
2016-09-29,3,0,24.0,29.0,1,87.0,86.5384615385,59.0,0.734649122807,140.0,23.0471602943,88.0
2016-09-30,4,0,23.0,26.0,0,88.0,86.3076923077,59.0,0.838389409818,140.0,23.0163307086,151.0
2016-10-01,5,1,23.0,28.0,0,89.0,89.7692307692,59.0,1.15627822945,151.0,28.4582118638,123.0
2016-10-02,6,1,24.0,30.0,0,89.0,92.2307692308,59.0,1.3173216885,151.0,29.8100495346,91.0
2016-10-03,0,1,24.0,30.0,0,89.0,92.0,59.0,1.32318288925,151.0,29.8070719538,78.0
2016-10-04,1,1,25.0,32.0,1,88.0,91.6923076923,59.0,1.06201127478,151.0,29.9291075592,72.0
2016-10-05,2,1,25.0,30.0,1,87.0,91.6153846154,59.0,0.883269195529,151.0,29.9782958964,117.0
2016-10-06,3,1,26.0,32.0,1,87.0,96.0769230769,59.0,0.964769647696,151.0,29.0952323307,100.0
2016-10-07,4,1,25.0,31.0,0,87.0,98.3076923077,59.0,1.03919453434,151.0,28.1845146118,97.0
2016-10-08,5,0,24.0,30.0,1,87.0,96.7692307692,59.0,1.13459801265,151.0,27.6632325998,62.0
2016-10-09,6,0,22.0,28.0,1,87.0,90.7692307692,59.0,0.95080763583,151.0,26.0477485995,75.0
2016-10-10,0,0,23.0,28.0,1,87.0,91.8461538462,59.0,0.868113522538,151.0,25.0655944208,81.0
2016-10-11,1,0,21.0,26.0,1,86.0,93.5384615385,59.0,0.809205642168,151.0,23.4835961884,61.0
2016-10-12,2,0,22.0,26.0,0,84.0,92.0,59.0,0.81091180867,151.0,24.8688869566,88.0
2016-10-13,3,0,23.0,28.0,1,84.0,92.0,59.0,0.845743702887,151.0,24.8688869566,77.0
2016-10-14,4,0,24.0,30.0,1,84.0,86.3076923077,59.0,0.828293934396,151.0,18.319324036,77.0
2016-10-15,5,1,24.0,31.0,1,84.0,82.7692307692,59.0,0.906876522391,151.0,15.0391992737,134.0
2016-10-16,6,1,24.0,31.0,1,86.0,86.0769230769,59.0,1.08291032149,151.0,20.2957424048,117.0
2016-10-17,0,0,24.0,31.0,1,87.0,89.0769230769,59.0,1.19555312557,151.0,21.7130288376,62.0
2016-10-18,1,0,23.0,27.0,0,86.0,88.3076923077,59.0,1.13901018923,151.0,22.4683867326,71.0
2016-10-19,2,0,24.0,27.0,0,84.0,84.7692307692,59.0,0.914745700695,151.0,21.2608482577,51.0
2016-10-20,3,0,24.0,30.0,0,84.0,81.0,51.0,0.68720821662,151.0,22.532028486,92.0
2016-10-21,4,0,24.0,27.0,0,84.0,80.6153846154,51.0,0.826573966783,151.0,22.2970797037,51.0
2016-10-22,5,1,24.0,30.0,0,84.0,79.7692307692,51.0,0.781942765014,151.0,23.1787497046,121.0
2016-10-23,6,1,25.0,30.0,1,84.0,83.3076923077,51.0,1.04513064133,151.0,25.568564279,120.0
2016-10-24,0,0,25.0,31.0,0,84.0,86.3076923077,51.0,1.12784859019,151.0,27.3478577853,84.0
2016-10-25,1,0,25.0,30.0,1,84.0,88.0769230769,51.0,1.24664365171,151.0,26.3802418443,66.0
2016-10-26,2,0,25.0,31.0,1,84.0,86.3846153846,51.0,1.06698280972,151.0,27.0285844746,72.0
2016-10-27,3,0,26.0,31.0,1,84.0,86.0,51.0,0.892103676914,151.0,27.1944564487,86.0
2016-10-28,4,0,24.0,32.0,1,84.0,86.6923076923,51.0,0.906148867314,151.0,27.0708035043,78.0
2016-10-29,5,1,22.0,29.0,1,84.0,82.3846153846,51.0,0.945512820513,151.0,23.4078831611,120.0
2016-10-30,6,1,20.0,25.0,1,84.0,82.6153846154,51.0,1.10786034718,134.0,23.7601426489,124.0
2016-10-31,0,0,21.0,27.0,1,86.0,87.3846153846,51.0,1.22526636225,134.0,25.3150562118,96.0
