time_stamp,dayofweek,holiday,lt,ht,sunny,m2M,w2A,m1L,d3w3,m1Lar,w2Std,pay_sum
2016-08-01,0,0,27.0,33.0,0,13.0,1.0,1.0,0.571428571429,18.0,0.0,1.0
2016-08-02,1,0,26.0,32.0,0,10.0,1.0,1.0,0.740740740741,18.0,0.0,1.0
2016-08-03,2,0,26.0,34.0,0,9.0,1.0,1.0,0.833333333333,10.0,0.0,1.0
2016-08-04,3,0,26.0,33.0,0,9.0,1.0,1.0,0.869565217391,9.0,0.0,1.0
2016-08-05,4,0,26.0,35.0,1,7.0,1.0,1.0,0.909090909091,9.0,0.0,1.0
2016-08-06,5,1,26.0,34.0,0,5.0,1.0,1.0,1.0,9.0,0.0,1.0
2016-08-07,6,1,26.0,33.0,0,5.0,1.0,1.0,1.0,9.0,0.0,1.0
2016-08-08,0,0,26.0,32.0,0,4.0,1.0,1.0,1.0,9.0,0.0,1.0
2016-08-09,1,0,26.0,29.0,0,3.0,1.0,1.0,1.0,9.0,0.0,1.0
2016-08-10,2,0,27.0,33.0,0,3.0,1.0,1.0,1.0,9.0,0.0,1.0
2016-08-11,3,0,27.0,33.0,0,3.0,1.0,1.0,1.0,4.0,0.0,1.0
2016-08-12,4,0,27.0,33.0,0,2.0,1.0,1.0,1.0,3.0,0.0,1.0
2016-08-13,5,1,26.0,31.0,0,2.0,1.0,1.0,1.0,3.0,0.0,1.0
2016-08-14,6,1,27.0,34.0,0,1.0,1.0,1.0,1.0,3.0,0.0,1.0
2016-08-15,0,0,27.0,35.0,1,1.0,1.0,1.0,1.0,1.0,0.0,1.0
2016-08-16,1,0,26.0,34.0,1,1.0,1.0,1.0,1.0,1.0,0.0,1.0
2016-08-17,2,0,27.0,34.0,1,1.0,1.0,1.0,1.0,1.0,0.0,1.0
2016-08-18,3,0,27.0,34.0,1,1.0,1.0,1.0,1.0,1.0,0.0,1.0
2016-08-19,4,0,27.0,35.0,1,1.0,1.0,1.0,1.0,1.0,0.0,1.0
2016-08-20,5,1,27.0,35.0,1,1.0,1.0,1.0,1.0,1.0,0.0,1.0
2016-08-21,6,1,26.0,34.0,0,1.0,1.0,1.0,1.0,1.0,0.0,1.0
2016-08-22,0,0,27.0,35.0,1,1.0,1.0,1.0,1.0,1.0,0.0,1.0
2016-08-23,1,0,27.0,36.0,1,1.0,1.0,1.0,1.0,1.0,0.0,1.0
2016-08-24,2,0,27.0,35.0,1,1.0,1.0,1.0,1.0,1.0,0.0,1.0
2016-08-25,3,0,27.0,36.0,1,1.0,1.0,1.0,1.0,1.0,0.0,1.0
2016-08-26,4,0,27.0,36.0,1,1.0,1.0,1.0,1.0,1.0,0.0,1.0
2016-08-27,5,1,25.0,34.0,0,1.0,1.0,1.0,1.0,1.0,0.0,1.0
2016-08-28,6,1,22.0,32.0,1,1.0,1.0,1.0,1.0,1.0,0.0,1.0
2016-08-29,0,0,23.0,33.0,1,1.0,1.0,1.0,1.0,1.0,0.0,1.0
2016-08-30,1,0,23.0,33.0,1,1.0,1.0,1.0,1.0,1.0,0.0,1.0
2016-08-31,2,0,25.0,33.0,1,1.0,1.0,1.0,1.0,1.0,0.0,1.0
2016-09-01,3,0,25.0,29.0,0,1.0,1.0,1.0,1.0,1.0,0.0,1.0
2016-09-02,4,0,23.0,32.0,1,1.0,1.0,1.0,1.0,1.0,0.0,1.0
2016-09-03,5,1,23.0,34.0,1,1.0,1.0,1.0,1.0,1.0,0.0,1.0
2016-09-04,6,1,24.0,32.0,1,1.0,1.0,1.0,1.0,1.0,0.0,1.0
2016-09-05,0,0,25.0,31.0,0,1.0,1.0,1.0,1.0,1.0,0.0,1.0
2016-09-06,1,0,25.0,32.0,0,1.0,1.0,1.0,1.0,1.0,0.0,1.0
2016-09-07,2,0,24.0,31.0,0,1.0,1.0,1.0,1.0,1.0,0.0,1.0
2016-09-08,3,0,23.0,32.0,1,1.0,1.0,1.0,1.0,1.0,0.0,1.0
2016-09-09,4,0,24.0,31.0,1,1.0,1.0,1.0,1.0,1.0,0.0,3.0
2016-09-10,5,1,24.0,29.0,1,1.0,1.15384615385,1.0,1.51515151515,3.0,0.532938710021,2.0
2016-09-11,6,1,21.0,24.0,0,1.0,1.23076923077,1.0,1.73913043478,3.0,0.575639597965,6.0
2016-09-12,0,0,21.0,27.0,1,1.0,1.61538461538,1.0,2.61904761905,6.0,1.38888231425,12.0
2016-09-13,1,0,22.0,25.0,0,1.0,2.46153846154,1.0,3.4188034188,12.0,3.07884555326,13.0
2016-09-14,2,0,23.0,25.0,0,1.0,3.38461538462,1.0,4.0522875817,13.0,4.12382312421,15.0
2016-09-15,3,1,24.0,26.0,0,1.0,4.46153846154,1.0,4.10256410256,15.0,5.07808844434,19.0
2016-09-16,4,1,24.0,30.0,0,1.0,5.84615384615,1.0,3.77510040161,19.0,6.26155736153,15.0
2016-09-17,5,1,24.0,30.0,0,1.0,6.92307692308,1.0,3.3676975945,19.0,6.53348226695,9.0
2016-09-18,6,0,23.0,30.0,1,1.0,7.53846153846,1.0,2.73015873016,19.0,6.31987566352,13.0
2016-09-19,0,0,20.0,30.0,1,1.0,8.46153846154,1.0,2.10826210826,19.0,6.17208834644,8.0
2016-09-20,1,0,20.0,29.0,1,1.0,9.0,1.0,1.61290322581,19.0,5.79124006914,19.0
2016-09-21,2,0,20.0,28.0,1,1.0,10.3846153846,1.0,1.8779342723,19.0,5.86434417001,18.0
2016-09-22,3,0,21.0,29.0,1,1.0,11.6923076923,1.0,1.88679245283,19.0,5.51061375033,25.0
2016-09-23,4,0,20.0,29.0,1,1.0,13.3846153846,1.0,2.25865209472,25.0,5.94252551256,77.0
2016-09-24,5,1,21.0,30.0,1,1.0,19.1538461538,1.0,3.0888030888,77.0,17.4172600241,117.0
2016-09-25,6,1,22.0,32.0,1,1.0,27.6923076923,1.0,3.89333333333,117.0,30.8803761819,106.0
2016-09-26,0,0,25.0,32.0,1,1.0,34.9230769231,1.0,4.16666666667,117.0,36.7977038131,119.0
2016-09-27,1,0,25.0,29.0,0,1.0,43.0769230769,1.0,3.8127090301,119.0,42.3601073916,106.0
2016-09-28,2,0,25.0,27.0,0,1.0,50.0769230769,1.0,3.13892840209,119.0,44.6015893792,110.0
2016-09-29,3,0,26.0,29.0,0,1.0,57.0769230769,1.0,2.75041050903,119.0,46.2841749637,108.0
2016-09-30,4,0,25.0,30.0,0,1.0,64.2307692308,1.0,2.35550708833,119.0,46.414775244,100.0
2016-10-01,5,1,24.0,31.0,1,1.0,71.2307692308,1.0,2.08866995074,119.0,44.3745489185,46.0
2016-10-02,6,1,23.0,32.0,1,1.0,73.7692307692,1.0,1.60505529226,119.0,41.842477214,32.0
2016-10-03,0,1,23.0,30.0,1,1.0,75.6153846154,1.0,1.10387596899,119.0,39.355457957,40.0
2016-10-04,1,1,22.0,32.0,1,1.0,77.2307692308,1.0,0.713853599516,119.0,37.3798667449,59.0
2016-10-05,2,1,24.0,30.0,1,1.0,80.3846153846,1.0,0.762070971495,119.0,33.8083705191,50.0
2016-10-06,3,1,24.0,28.0,0,1.0,82.3076923077,1.0,0.843953554234,119.0,31.2148500542,41.0
2016-10-07,4,1,22.0,26.0,0,1.0,79.5384615385,1.0,0.831255195345,119.0,33.1026733399,83.0
2016-10-08,5,0,19.0,26.0,0,1.0,76.9230769231,2.0,0.908379013312,119.0,31.335557435,87.0
2016-10-09,6,0,18.0,24.0,1,2.0,75.4615384615,2.0,1.04120404639,119.0,30.3736104706,70.0
2016-10-10,0,0,19.0,21.0,0,3.0,71.6923076923,6.0,1.13234253362,119.0,27.6555311351,62.0
2016-10-11,1,0,18.0,22.0,0,6.0,68.3076923077,8.0,1.00274725275,119.0,25.885501185,97.0
2016-10-12,2,0,17.0,23.0,1,8.0,67.3076923077,8.0,0.99457111835,119.0,24.4678269614,102.0
2016-10-13,3,0,19.0,26.0,1,9.0,66.8461538462,8.0,1.0794044665,119.0,23.7417067426,84.0
2016-10-14,4,0,21.0,27.0,1,12.0,65.6153846154,8.0,1.16532839201,119.0,22.3659716174,106.0
2016-10-15,5,1,20.0,23.0,0,13.0,70.2307692308,8.0,1.21061359867,119.0,23.9748388818,89.0
2016-10-16,6,1,22.0,27.0,0,13.0,74.6153846154,8.0,1.1690760528,119.0,21.6849414662,114.0
2016-10-17,0,0,22.0,27.0,1,15.0,80.3076923077,8.0,1.29886506936,119.0,21.5634470463,126.0
2016-10-18,1,0,21.0,25.0,0,15.0,85.4615384615,8.0,1.36571191366,126.0,23.7506773494,96.0
2016-10-19,2,0,22.0,25.0,0,18.0,89.0,18.0,1.40703517588,126.0,21.5263702325,107.0
2016-10-20,3,0,22.0,25.0,0,19.0,94.0769230769,18.0,1.37858789022,126.0,16.8908784599,107.0
2016-10-21,4,0,24.0,27.0,0,19.0,95.9230769231,25.0,1.29328327076,126.0,16.8908784599,99.0
2016-10-22,5,1,23.0,28.0,0,25.0,96.8461538462,32.0,1.26388047648,126.0,16.7048871423,84.0
2016-10-23,6,1,20.0,27.0,1,32.0,97.9230769231,32.0,1.13525151693,126.0,15.3345338695,107.0
2016-10-24,0,0,20.0,26.0,1,40.0,101.384615385,32.0,1.0922787194,126.0,11.4121289158,139.0
2016-10-25,1,0,23.0,28.0,1,41.0,104.615384615,32.0,1.18918918919,139.0,15.0718201725,117.0
2016-10-26,2,0,23.0,29.0,1,46.0,105.769230769,32.0,1.26238914971,139.0,15.3980710388,129.0
2016-10-27,3,0,23.0,29.0,1,50.0,109.230769231,32.0,1.28013300083,139.0,15.1716022487,116.0
2016-10-28,4,0,19.0,30.0,0,59.0,110.0,32.0,1.18416748446,139.0,15.2416433598,109.0
2016-10-29,5,1,17.0,23.0,0,62.0,111.538461538,32.0,1.14563106796,139.0,14.0033808259,101.0
2016-10-30,6,1,15.0,23.0,1,70.0,110.538461538,32.0,1.03937509963,139.0,14.2538274731,102.0
2016-10-31,0,0,16.0,24.0,1,77.0,108.692307692,32.0,0.976067573909,139.0,13.6741452574,116.0
