time_stamp,dayofweek,holiday,lt,ht,sunny,m2M,w2A,m1L,d3w3,m1Lar,w2Std,pay_sum
2016-08-01,0,0,27.0,35.0,1,97.0,110.846153846,72.0,1.10704483074,168.0,28.2294068001,87.0
2016-08-02,1,0,26.0,36.0,0,97.0,110.153846154,72.0,1.07753357753,168.0,28.6915858849,74.0
2016-08-03,2,0,25.0,30.0,0,97.0,108.769230769,74.0,0.930875576037,168.0,29.941362813,91.0
2016-08-04,3,0,25.0,32.0,0,96.0,107.923076923,74.0,0.773124712379,168.0,30.2742885033,83.0
2016-08-05,4,0,26.0,32.0,0,96.0,103.769230769,74.0,0.765786629612,168.0,29.6988832894,121.0
2016-08-06,5,1,26.0,34.0,0,97.0,100.153846154,74.0,0.92375136997,168.0,23.967433526,168.0
2016-08-07,6,1,26.0,34.0,0,97.0,101.692307692,74.0,1.1529521153,168.0,27.3872081746,143.0
2016-08-08,0,0,26.0,34.0,1,97.0,105.769230769,74.0,1.30434782609,168.0,29.2263154502,132.0
2016-08-09,1,0,27.0,34.0,1,97.0,109.230769231,74.0,1.31610219846,168.0,29.4622414056,203.0
2016-08-10,2,0,27.0,34.0,1,97.0,118.923076923,74.0,1.35314932767,203.0,37.0207042664,87.0
2016-08-11,3,0,27.0,35.0,1,97.0,119.384615385,74.0,1.20227920228,203.0,36.5798146556,85.0
2016-08-12,4,0,28.0,35.0,1,97.0,118.461538462,74.0,1.09265734266,203.0,37.2777834118,120.0
2016-08-13,5,1,28.0,36.0,1,97.0,118.153846154,74.0,0.869047619048,203.0,37.2472944889,129.0
2016-08-14,6,1,27.0,36.0,1,98.0,117.153846154,74.0,1.00255140327,203.0,36.7650464307,133.0
2016-08-15,0,0,27.0,36.0,1,102.0,120.692307692,74.0,1.12485276796,203.0,35.8959706661,110.0
2016-08-16,1,0,27.0,36.0,1,102.0,123.461538462,74.0,1.08439003061,203.0,33.4953851807,98.0
2016-08-17,2,0,27.0,35.0,1,98.0,124.0,74.0,0.984979780474,203.0,33.0221370971,89.0
2016-08-18,3,0,27.0,36.0,1,98.0,124.461538462,74.0,0.854922279793,203.0,32.4834049575,80.0
2016-08-19,4,0,29.0,37.0,1,98.0,121.307692308,74.0,0.774249673771,203.0,34.5885365968,93.0
2016-08-20,5,1,27.0,36.0,0,98.0,115.538461538,74.0,0.77013521458,203.0,32.5118094156,117.0
2016-08-21,6,1,27.0,33.0,0,98.0,113.538461538,74.0,0.861940853024,203.0,31.5463404793,126.0
2016-08-22,0,0,27.0,34.0,1,98.0,113.076923077,74.0,0.981595092025,203.0,31.3159127367,85.0
2016-08-23,1,0,25.0,34.0,1,97.0,104.0,74.0,0.953626980666,203.0,18.3554644976,106.0
2016-08-24,2,0,24.0,34.0,1,97.0,105.461538462,74.0,0.915655690352,203.0,17.6879593319,80.0
2016-08-25,3,0,25.0,34.0,1,97.0,105.076923077,74.0,0.783803326103,203.0,18.1763224615,91.0
2016-08-26,4,0,23.0,29.0,1,97.0,102.846153846,74.0,0.811721611722,203.0,17.9865169752,95.0
2016-08-27,5,1,20.0,29.0,1,97.0,100.230769231,74.0,0.805328489252,203.0,16.3949046782,151.0
2016-08-28,6,1,19.0,30.0,1,97.0,101.615384615,74.0,1.01659125189,203.0,19.5587417463,130.0
2016-08-29,0,0,20.0,31.0,1,97.0,103.153846154,74.0,1.13526570048,203.0,20.8984583673,107.0
2016-08-30,1,0,21.0,31.0,1,98.0,103.846153846,74.0,1.22474747475,203.0,20.8653048563,89.0
2016-08-31,2,0,22.0,32.0,1,97.0,103.846153846,74.0,1.02806685588,203.0,20.8653048563,90.0
2016-09-01,3,0,22.0,33.0,1,97.0,104.615384615,80.0,0.899795501022,203.0,20.1438612964,76.0
2016-09-02,4,0,22.0,34.0,1,97.0,103.307692308,76.0,0.819277108434,203.0,21.3699451617,93.0
2016-09-03,5,1,23.0,34.0,1,97.0,101.461538462,76.0,0.846820336766,203.0,21.1427943158,156.0
2016-09-04,6,1,22.0,33.0,1,97.0,103.769230769,76.0,1.05075978015,203.0,24.9835448804,147.0
2016-09-05,0,0,24.0,33.0,1,97.0,108.538461538,76.0,1.2577417818,203.0,26.7972885672,62.0
2016-09-06,1,0,22.0,26.0,0,97.0,105.153846154,62.0,1.17951203749,203.0,29.542267383,69.0
2016-09-07,2,0,20.0,26.0,1,96.0,104.307692308,62.0,0.907162669277,203.0,30.3958109851,70.0
2016-09-08,3,0,21.0,30.0,1,95.0,102.692307692,62.0,0.659124446631,156.0,31.5945092975,72.0
2016-09-09,4,0,23.0,32.0,1,95.0,100.923076923,62.0,0.699138502319,156.0,32.6035900299,88.0
2016-09-10,5,1,21.0,30.0,1,95.0,96.0769230769,62.0,0.773239199866,156.0,29.3164735482,178.0
2016-09-11,6,1,20.0,28.0,1,96.0,99.7692307692,62.0,1.10728910729,178.0,35.6870022582,138.0
2016-09-12,0,0,20.0,30.0,1,97.0,102.153846154,62.0,1.28991060026,178.0,37.0983021669,51.0
2016-09-13,1,0,21.0,30.0,1,96.0,99.2307692308,51.0,1.20347597967,178.0,39.4425655394,64.0
2016-09-14,2,0,22.0,28.0,1,95.0,97.2307692308,51.0,0.836225417286,178.0,40.5048028418,94.0
2016-09-15,3,1,21.0,23.0,0,94.0,98.6153846154,51.0,0.689768976898,178.0,40.0606049755,163.0
2016-09-16,4,1,21.0,23.0,0,95.0,104.0,51.0,1.02490421456,178.0,43.5006631249,150.0
2016-09-17,5,1,21.0,27.0,1,95.0,103.538461538,51.0,1.30011180323,178.0,42.9751545119,173.0
2016-09-18,6,0,20.0,28.0,1,97.0,105.538461538,51.0,1.52112676056,178.0,45.4830744252,77.0
2016-09-19,0,0,17.0,26.0,1,95.0,106.692307692,51.0,1.26984126984,178.0,44.5445060333,70.0
2016-09-20,1,0,18.0,26.0,1,94.0,106.769230769,51.0,1.02514816595,178.0,44.4801664464,99.0
2016-09-21,2,0,17.0,24.0,1,94.0,109.0,51.0,0.784688995215,178.0,43.2914985436,81.0
2016-09-22,3,0,19.0,27.0,1,93.0,109.692307692,51.0,0.79554494829,178.0,42.7630045274,91.0
2016-09-23,4,0,19.0,28.0,1,93.0,109.923076923,51.0,0.863194776238,178.0,42.6532739089,137.0
2016-09-24,5,1,21.0,29.0,1,94.0,106.769230769,51.0,0.99324975892,178.0,38.8491240296,210.0
2016-09-25,6,1,21.0,28.0,1,95.0,112.307692308,51.0,1.36640149743,210.0,47.1517755851,175.0
2016-09-26,0,0,23.0,30.0,1,97.0,121.846153846,51.0,1.54666666667,210.0,46.3197019949,71.0
2016-09-27,1,0,23.0,30.0,0,95.0,122.384615385,51.0,1.34991119005,210.0,45.6803921267,61.0
2016-09-28,2,0,19.0,23.0,0,94.0,119.846153846,51.0,0.91246842027,210.0,48.043003419,65.0
2016-09-29,3,0,17.0,19.0,0,93.0,112.307692308,51.0,0.587358378056,210.0,48.3677970036,73.0
2016-09-30,4,0,18.0,21.0,0,93.0,106.384615385,51.0,0.597328530692,210.0,48.1033158325,122.0
2016-10-01,5,1,20.0,24.0,0,94.0,102.461538462,51.0,0.800615858353,210.0,44.4515559728,289.0
2016-10-02,6,1,20.0,24.0,0,95.0,118.769230769,51.0,1.39320667818,289.0,65.8543309085,271.0
2016-10-03,0,1,18.0,26.0,1,98.0,134.230769231,51.0,1.79284963197,289.0,75.4811783428,278.0
2016-10-04,1,1,20.0,25.0,1,98.0,148.0,51.0,2.03151515152,289.0,83.6797926163,269.0
2016-10-05,2,1,20.0,26.0,1,98.0,162.461538462,51.0,1.86438746439,289.0,87.0292748135,245.0
2016-10-06,3,1,19.0,25.0,1,98.0,174.307692308,51.0,1.75590289325,289.0,86.9769064092,258.0
2016-10-07,4,1,17.0,20.0,0,98.0,183.615384615,51.0,1.65222043874,289.0,88.9386464943,183.0
2016-10-08,5,0,14.0,22.0,1,98.0,181.538461538,51.0,1.46346666667,289.0,88.6129139613,51.0
2016-10-09,6,0,13.0,21.0,1,98.0,172.0,51.0,1.0584059374,289.0,95.2300857438,92.0
2016-10-10,0,0,16.0,21.0,1,98.0,173.615384615,51.0,0.696358004913,289.0,93.6684319711,80.0
2016-10-11,1,0,16.0,20.0,1,95.0,175.076923077,51.0,0.479260692027,289.0,92.0338244999,72.0
2016-10-12,2,0,16.0,19.0,1,94.0,175.615384615,51.0,0.525918741244,289.0,91.406563021,86.0
2016-10-13,3,0,17.0,20.0,1,93.0,176.615384615,51.0,0.513816925734,289.0,90.3433948559,89.0
2016-10-14,4,0,16.0,18.0,1,93.0,174.076923077,51.0,0.541666666667,289.0,92.2850613284,109.0
2016-10-15,5,1,18.0,21.0,0,93.0,160.230769231,51.0,0.644210048769,289.0,87.3764216093,205.0
2016-10-16,6,1,17.0,23.0,1,93.0,155.153846154,51.0,0.904906253508,289.0,82.5784905444,191.0
2016-10-17,0,0,18.0,22.0,1,94.0,148.461538462,51.0,1.08988885292,289.0,75.580436403,70.0
2016-10-18,1,0,18.0,23.0,1,94.0,133.153846154,51.0,1.00279750377,289.0,69.5268029709,85.0
2016-10-19,2,0,19.0,22.0,1,93.0,120.846153846,51.0,0.739790463973,289.0,62.4387036699,79.0
2016-10-20,3,0,19.0,21.0,0,92.0,107.076923077,51.0,0.499359795134,289.0,48.9559637892,37.0
2016-10-21,4,0,19.0,21.0,0,92.0,95.8461538462,37.0,0.440934517934,289.0,46.9563564204,124.0
2016-10-22,5,1,18.0,21.0,0,92.0,101.461538462,37.0,0.556715379262,289.0,45.602994815,210.0
2016-10-23,6,1,15.0,18.0,1,93.0,110.538461538,37.0,0.879251096101,289.0,53.8196638137,197.0
2016-10-24,0,0,16.0,20.0,1,94.0,119.538461538,37.0,1.29575402635,289.0,57.6095817146,74.0
2016-10-25,1,0,14.0,17.0,1,93.0,119.692307692,37.0,1.26396005781,289.0,57.4849607294,72.0
2016-10-26,2,0,16.0,18.0,0,92.0,118.615384615,37.0,0.967287084038,289.0,58.2323442527,59.0
2016-10-27,3,0,15.0,17.0,0,91.0,116.307692308,37.0,0.631254811393,289.0,59.929939372,85.0
2016-10-28,4,0,11.0,15.0,0,90.0,114.461538462,37.0,0.696661828737,289.0,60.49363016,108.0
2016-10-29,5,1,8.0,12.0,0,91.0,107.0,37.0,0.790960451977,289.0,54.5569568292,196.0
2016-10-30,6,1,10.0,17.0,1,92.0,107.384615385,37.0,1.16397366846,289.0,55.1620528172,207.0
2016-10-31,0,0,10.0,15.0,0,93.0,117.923076923,37.0,1.44656758669,278.0,59.8966565632,62.0
