time_stamp,dayofweek,holiday,lt,ht,sunny,m2M,w2A,m1L,d3w3,m1Lar,w2Std,pay_sum
2016-08-01,0,0,24.0,30.0,1,49.0,68.6923076923,26.0,1.03795507359,149.0,31.8297988475,100.0
2016-08-02,1,0,24.0,33.0,1,49.0,73.6923076923,26.0,1.02412604628,149.0,31.2444077837,94.0
2016-08-03,2,0,25.0,34.0,1,50.0,77.6153846154,26.0,1.17168818747,149.0,30.3328673263,59.0
2016-08-04,3,0,25.0,33.0,1,50.0,75.0,26.0,1.23024556285,149.0,30.3593858253,90.0
2016-08-05,4,0,25.0,32.0,1,50.0,77.0,26.0,1.16630669546,149.0,30.4251919911,89.0
2016-08-06,5,1,24.0,33.0,1,51.0,79.6923076923,26.0,1.10569105691,149.0,29.8132252929,42.0
2016-08-07,6,1,23.0,31.0,1,51.0,79.2307692308,26.0,1.02385916145,149.0,30.3420344284,37.0
2016-08-08,0,0,24.0,32.0,1,51.0,70.6153846154,27.0,0.797720797721,149.0,24.6811621143,90.0
2016-08-09,1,0,25.0,33.0,1,51.0,70.9230769231,27.0,0.772218414439,149.0,24.8950459652,82.0
2016-08-10,2,0,26.0,33.0,1,52.0,70.0769230769,27.0,0.93012906097,149.0,24.3103698623,66.0
2016-08-11,3,0,27.0,34.0,1,54.0,73.0769230769,27.0,1.07863131656,149.0,20.9888671533,90.0
2016-08-12,4,0,25.0,29.0,0,54.0,72.8461538462,27.0,1.05989757292,149.0,20.7840403041,91.0
2016-08-13,5,1,24.0,31.0,0,54.0,75.4615384615,27.0,1.07344632768,149.0,20.7646718643,38.0
2016-08-14,6,1,24.0,33.0,1,54.0,74.4615384615,27.0,0.958005249344,149.0,22.1832070395,37.0
2016-08-15,0,0,21.0,29.0,0,54.0,69.6153846154,27.0,0.783758262512,149.0,22.9432023167,83.0
2016-08-16,1,0,23.0,31.0,1,54.0,68.7692307692,27.0,0.747575112373,149.0,22.2197204377,115.0
2016-08-17,2,0,23.0,28.0,0,56.0,73.0769230769,27.0,1.09480549732,149.0,25.1440818498,61.0
2016-08-18,3,0,22.0,24.0,0,57.0,70.8461538462,27.0,1.17861205916,149.0,24.8281668639,98.0
2016-08-19,4,0,22.0,32.0,1,59.0,71.5384615385,27.0,1.24263038549,149.0,25.4425911374,134.0
2016-08-20,5,1,23.0,31.0,1,59.0,78.6153846154,27.0,1.26265890972,149.0,28.8138280412,78.0
2016-08-21,6,1,23.0,34.0,1,60.0,81.7692307692,27.0,1.31300296485,149.0,26.2126036806,44.0
2016-08-22,0,0,23.0,32.0,1,60.0,78.2307692308,27.0,1.12428634168,149.0,27.9123734519,101.0
2016-08-23,1,0,24.0,30.0,0,61.0,79.6923076923,27.0,0.974863387978,149.0,28.5613634004,114.0
2016-08-24,2,0,24.0,31.0,0,61.0,83.3846153846,27.0,1.09282700422,134.0,29.6350584003,94.0
2016-08-25,3,0,18.0,30.0,1,64.0,83.6923076923,27.0,1.30050505051,134.0,29.7227822887,157.0
2016-08-26,4,0,17.0,29.0,1,64.0,88.7692307692,27.0,1.47296206618,157.0,35.5941953914,134.0
2016-08-27,5,1,20.0,32.0,1,65.0,96.1538461538,37.0,1.47171253823,157.0,34.2273982783,87.0
2016-08-28,6,1,18.0,31.0,1,66.0,100.0,37.0,1.40468227425,157.0,29.8998327755,40.0
2016-08-29,0,0,19.0,31.0,1,65.0,96.6923076923,37.0,0.997706422018,157.0,33.7305718791,134.0
2016-08-30,1,0,19.0,31.0,1,66.0,98.1538461538,37.0,0.968819599109,157.0,34.8840853153,140.0
2016-08-31,2,0,19.0,33.0,1,72.0,104.230769231,37.0,1.11942959002,157.0,34.763273826,90.0
2016-09-01,3,0,19.0,27.0,1,72.0,103.615384615,37.0,1.29768270945,157.0,34.9384920232,140.0
2016-09-02,4,0,19.0,28.0,1,78.0,104.076923077,37.0,1.28539169706,157.0,35.3737441494,121.0
2016-09-03,5,1,20.0,30.0,1,82.0,107.384615385,37.0,1.16883116883,157.0,34.7862449862,81.0
2016-09-04,6,1,18.0,29.0,0,82.0,110.230769231,37.0,1.11436950147,157.0,30.7649997091,60.0
2016-09-05,0,0,20.0,31.0,1,81.0,107.076923077,37.0,0.863404185203,157.0,33.5271681762,89.0
2016-09-06,1,0,21.0,30.0,1,82.0,105.153846154,37.0,0.767818394258,157.0,33.7908639311,121.0
2016-09-07,2,0,19.0,31.0,1,82.0,107.230769231,37.0,0.875060768109,157.0,33.87114462,91.0
2016-09-08,3,0,18.0,31.0,1,83.0,102.153846154,37.0,0.978861788618,157.0,30.8416455558,137.0
2016-09-09,4,0,19.0,31.0,1,86.0,102.384615385,37.0,1.13330086053,157.0,31.0892968511,136.0
2016-09-10,5,1,18.0,30.0,1,87.0,106.153846154,37.0,1.14953418601,157.0,31.9539239286,101.0
2016-09-11,6,1,18.0,25.0,0,89.0,110.846153846,37.0,1.15006150062,157.0,25.7766923755,50.0
2016-09-12,0,0,18.0,27.0,1,89.0,104.384615385,37.0,0.903794678003,157.0,29.4318991299,108.0
2016-09-13,1,0,19.0,27.0,1,89.0,101.923076923,40.0,0.817937786199,157.0,27.6334845334,115.0
2016-09-14,2,0,20.0,30.0,1,90.0,103.846153846,40.0,0.853658536585,157.0,27.6067052999,90.0
2016-09-15,3,1,21.0,30.0,1,90.0,100.0,40.0,1.01049233253,157.0,25.7203899958,34.0
2016-09-16,4,1,20.0,30.0,0,90.0,93.3076923077,34.0,0.810856658185,157.0,30.2969524118,41.0
2016-09-17,5,1,17.0,24.0,1,90.0,90.2307692308,34.0,0.573215216258,157.0,33.2754329479,40.0
2016-09-18,6,0,15.0,22.0,0,90.0,88.6923076923,34.0,0.399513635574,157.0,35.0524543536,111.0
2016-09-19,0,0,13.0,25.0,1,90.0,90.3846153846,34.0,0.675105485232,157.0,35.553942682,90.0
2016-09-20,1,0,14.0,26.0,1,90.0,88.0,34.0,0.87035030697,157.0,34.4428177173,104.0
2016-09-21,2,0,16.0,23.0,0,90.0,89.0,34.0,1.09318996416,157.0,34.703136635,67.0
2016-09-22,3,0,17.0,26.0,0,90.0,83.6153846154,34.0,0.973698936766,157.0,32.1762895541,121.0
2016-09-23,4,0,19.0,27.0,1,90.0,82.4615384615,34.0,1.08934900205,157.0,30.5024977152,116.0
2016-09-24,5,1,20.0,29.0,1,90.0,83.6153846154,34.0,1.11233077205,140.0,31.4509103734,37.0
2016-09-25,6,1,19.0,27.0,1,90.0,82.6153846154,34.0,1.01537891421,140.0,32.6862437815,27.0
2016-09-26,0,0,19.0,24.0,0,90.0,76.3846153846,27.0,0.690846286701,140.0,34.8988394375,114.0
2016-09-27,1,0,12.0,23.0,1,90.0,76.3076923077,27.0,0.685934489403,140.0,34.8146401906,82.0
2016-09-28,2,0,10.0,20.0,1,90.0,75.6923076923,27.0,0.86383885338,140.0,34.6374288782,69.0
2016-09-29,3,0,12.0,22.0,1,90.0,78.3846153846,27.0,1.06876386368,140.0,32.5919727293,117.0
2016-09-30,4,0,14.0,24.0,1,90.0,84.2307692308,27.0,1.09343125255,140.0,32.1753700502,112.0
2016-10-01,5,1,15.0,26.0,1,90.0,89.7692307692,27.0,1.20770010132,137.0,30.2226452188,47.0
2016-10-02,6,1,16.0,26.0,1,90.0,84.8461538462,27.0,1.12058465286,137.0,31.5469031854,40.0
2016-10-03,0,1,16.0,28.0,1,90.0,81.0,27.0,0.842863193562,137.0,33.661207986,38.0
2016-10-04,1,1,11.0,19.0,0,90.0,75.9230769231,27.0,0.556668893342,137.0,34.7683798398,50.0
2016-10-05,2,1,13.0,21.0,1,90.0,74.6153846154,27.0,0.585678334477,137.0,35.3934771512,39.0
2016-10-06,3,1,14.0,17.0,0,90.0,68.3076923077,27.0,0.579115367077,137.0,33.8375863282,52.0
2016-10-07,4,1,12.0,16.0,0,90.0,63.3846153846,27.0,0.638153428377,137.0,31.0843479325,38.0
2016-10-08,5,0,5.0,19.0,1,90.0,63.4615384615,27.0,0.584636301835,136.0,31.0201308945,76.0
2016-10-09,6,0,8.0,18.0,1,90.0,67.2307692308,27.0,0.770659238626,121.0,29.2894148539,52.0
2016-10-10,0,0,10.0,20.0,1,90.0,62.4615384615,27.0,0.791607057701,121.0,26.1669650355,75.0
2016-10-11,1,0,10.0,20.0,1,89.0,61.9230769231,27.0,0.988556123691,121.0,25.8292068983,89.0
2016-10-12,2,0,10.0,19.0,1,89.0,63.4615384615,27.0,1.03522645579,121.0,26.782931949,74.0
2016-10-13,3,0,12.0,22.0,1,89.0,60.1538461538,27.0,1.18055555556,121.0,22.2359589364,117.0
2016-10-14,4,0,13.0,23.0,1,90.0,60.5384615385,27.0,1.38785625774,121.0,23.1537183743,116.0
2016-10-15,5,1,11.0,17.0,0,90.0,65.8461538462,27.0,1.4372659176,121.0,27.0266141021,50.0
2016-10-16,6,1,12.0,20.0,1,90.0,66.6153846154,27.0,1.30384703985,121.0,26.4154338963,34.0
2016-10-17,0,0,9.0,21.0,1,89.0,66.3076923077,27.0,0.975371860522,121.0,26.7679044764,108.0
2016-10-18,1,0,12.0,20.0,1,89.0,70.7692307692,27.0,0.91888011486,121.0,28.4582118638,134.0
2016-10-19,2,0,14.0,22.0,1,90.0,78.0769230769,27.0,1.26200274348,134.0,31.4066664615,99.0
2016-10-20,3,0,11.0,15.0,0,90.0,81.6923076923,27.0,1.5787037037,134.0,30.8978082752,158.0
2016-10-21,4,0,11.0,11.0,0,90.0,90.9230769231,27.0,1.75414984298,158.0,34.213046406,106.0
2016-10-22,5,1,7.0,15.0,1,90.0,93.2307692308,27.0,1.56634304207,158.0,34.1403299659,128.0
2016-10-23,6,1,0.0,5.0,1,90.0,99.0769230769,27.0,1.60032659726,158.0,33.0697666677,38.0
2016-10-24,0,0,6.0,13.0,1,90.0,96.2307692308,27.0,1.11043070014,158.0,36.439948168,134.0
2016-10-25,1,0,10.0,17.0,1,90.0,99.6923076923,34.0,1.16482236459,158.0,37.7040797943,139.0
2016-10-26,2,0,0.0,10.0,1,90.0,104.692307692,34.0,1.1410750321,158.0,38.2710668288,74.0
2016-10-27,3,0,7.0,11.0,0,90.0,101.384615385,34.0,1.25793003444,158.0,38.9171476177,122.0
2016-10-28,4,0,2.0,13.0,1,90.0,101.846153846,34.0,1.16137978852,158.0,39.1227774573,104.0
2016-10-29,5,1,2.0,12.0,1,90.0,106.0,34.0,1.02511532547,158.0,36.1513910787,113.0
2016-10-30,6,1,2.0,13.0,1,90.0,112.076923077,34.0,1.12326043738,158.0,29.5802988971,35.0
2016-10-31,0,0,-4.0,6.0,1,90.0,106.461538462,34.0,0.851926977688,158.0,36.0440230501,91.0
