time_stamp,dayofweek,holiday,lt,ht,sunny,m2M,w2A,m1L,d3w3,m1Lar,w2Std,pay_sum
2016-08-01,0,0,26.0,37.0,0,38.0,38.0,5.0,1.0,66.0,0.0,38.0
2016-08-02,1,0,26.0,31.0,0,38.0,38.0,5.0,1.0,66.0,0.0,38.0
2016-08-03,2,0,27.0,33.0,0,38.0,38.0,5.0,1.0,56.0,0.0,38.0
2016-08-04,3,0,26.0,35.0,0,38.0,38.0,5.0,1.0,56.0,0.0,38.0
2016-08-05,4,0,26.0,37.0,1,38.0,38.0,5.0,1.0,48.0,0.0,38.0
2016-08-06,5,1,26.0,35.0,0,38.0,38.0,5.0,1.0,38.0,0.0,38.0
2016-08-07,6,1,26.0,34.0,0,38.0,38.0,5.0,1.0,38.0,0.0,38.0
2016-08-08,0,0,26.0,34.0,0,38.0,38.0,38.0,1.0,38.0,0.0,38.0
2016-08-09,1,0,26.0,34.0,0,38.0,38.0,38.0,1.0,38.0,0.0,38.0
2016-08-10,2,0,26.0,32.0,0,38.0,38.0,38.0,1.0,38.0,0.0,38.0
2016-08-11,3,0,26.0,33.0,0,38.0,38.0,38.0,1.0,38.0,0.0,38.0
2016-08-12,4,0,26.0,33.0,0,38.0,38.0,38.0,1.0,38.0,0.0,38.0
2016-08-13,5,1,26.0,30.0,0,38.0,38.0,38.0,1.0,38.0,0.0,38.0
2016-08-14,6,1,26.0,30.0,0,38.0,38.0,38.0,1.0,38.0,0.0,38.0
2016-08-15,0,0,26.0,32.0,0,38.0,38.0,38.0,1.0,38.0,0.0,38.0
2016-08-16,1,0,26.0,32.0,0,38.0,38.0,38.0,1.0,38.0,0.0,38.0
2016-08-17,2,0,26.0,31.0,0,38.0,38.0,38.0,1.0,38.0,0.0,38.0
2016-08-18,3,0,26.0,31.0,0,38.0,38.0,38.0,1.0,38.0,0.0,38.0
2016-08-19,4,0,26.0,34.0,1,38.0,38.0,38.0,1.0,38.0,0.0,38.0
2016-08-20,5,1,26.0,34.0,0,38.0,38.0,38.0,1.0,38.0,0.0,38.0
2016-08-21,6,1,26.0,35.0,1,38.0,38.0,38.0,1.0,38.0,0.0,38.0
2016-08-22,0,0,26.0,36.0,1,38.0,38.0,38.0,1.0,38.0,0.0,38.0
2016-08-23,1,0,26.0,36.0,1,38.0,38.0,38.0,1.0,38.0,0.0,38.0
2016-08-24,2,0,27.0,36.0,1,38.0,38.0,38.0,1.0,38.0,0.0,38.0
2016-08-25,3,0,27.0,36.0,0,38.0,38.0,38.0,1.0,38.0,0.0,38.0
2016-08-26,4,0,26.0,36.0,0,38.0,38.0,38.0,1.0,38.0,0.0,1.0
2016-08-27,5,1,26.0,34.0,0,38.0,35.1538461538,1.0,0.71000461042,38.0,9.85936613539,1.0
2016-08-28,6,1,26.0,32.0,0,38.0,32.3076923077,1.0,0.388726919339,38.0,13.3496448549,1.0
2016-08-29,0,0,25.0,32.0,1,38.0,29.4615384615,1.0,0.0308166409861,38.0,15.5890266367,28.0
2016-08-30,1,0,25.0,32.0,1,38.0,28.6923076923,1.0,0.312989045383,38.0,15.3942277663,42.0
2016-08-31,2,0,25.0,35.0,1,38.0,29.0,1.0,0.736132711249,42.0,15.6155740799,31.0
2016-09-01,3,0,26.0,33.0,0,38.0,28.4615384615,1.0,1.05870020964,42.0,15.4153539075,37.0
2016-09-02,4,0,26.0,31.0,0,38.0,28.3846153846,1.0,1.15485564304,42.0,15.3699930511,28.0
2016-09-03,5,1,25.0,31.0,0,38.0,27.6153846154,1.0,1.024,42.0,15.1176843034,37.0
2016-09-04,6,1,25.0,31.0,1,38.0,27.5384615385,1.0,1.08974358974,42.0,15.0671082653,34.0
2016-09-05,0,0,26.0,34.0,1,38.0,27.2307692308,1.0,1.06451612903,42.0,14.890130165,46.0
2016-09-06,1,0,26.0,33.0,0,38.0,27.8461538462,1.0,1.24203821656,46.0,15.47626547,35.0
2016-09-07,2,0,26.0,31.0,0,38.0,27.6153846154,1.0,1.22666666667,46.0,15.3449488634,52.0
2016-09-08,3,0,26.0,32.0,0,38.0,28.6923076923,1.0,1.38758476787,52.0,16.48488639,32.0
2016-09-09,4,0,26.0,30.0,0,38.0,31.0769230769,1.0,1.2532912059,52.0,14.4193328474,54.0
2016-09-10,5,1,25.0,31.0,0,38.0,35.1538461538,1.0,1.41756548536,54.0,12.7330348902,36.0
2016-09-11,6,1,25.0,31.0,0,38.0,37.8461538462,1.0,1.25708397733,54.0,8.07509136739,38.0
2016-09-12,0,0,25.0,31.0,0,38.0,38.6153846154,1.0,1.3189077795,54.0,7.56040761557,44.0
2016-09-13,1,0,26.0,33.0,1,38.0,38.7692307692,1.0,1.20469627361,54.0,7.64756216716,37.0
2016-09-14,2,0,26.0,34.0,1,38.0,39.2307692308,1.0,1.21676891616,54.0,7.33960642577,28.0
2016-09-15,3,1,25.0,28.0,0,38.0,38.5384615385,1.0,1.13187954309,54.0,7.91896831485,36.0
2016-09-16,4,1,25.0,32.0,0,38.0,39.1538461538,1.0,0.994583948794,54.0,7.36776924643,29.0
2016-09-17,5,1,25.0,33.0,0,38.0,38.5384615385,1.0,0.879432624113,54.0,7.84087303435,49.0
2016-09-18,6,0,24.0,32.0,1,38.0,39.6923076923,1.0,1.00929614874,54.0,8.18426835586,51.0
2016-09-19,0,0,22.0,31.0,1,38.0,40.0769230769,1.0,1.10824742268,54.0,8.57959599606,38.0
2016-09-20,1,0,21.0,31.0,1,38.0,40.3076923077,1.0,1.19170984456,54.0,8.4797007874,52.0
2016-09-21,2,0,22.0,30.0,1,38.0,40.3076923077,1.0,1.18537200504,54.0,8.4797007874,49.0
2016-09-22,3,0,23.0,32.0,1,38.0,41.6153846154,1.0,1.15113871636,54.0,8.40822364427,49.0
2016-09-23,4,0,23.0,32.0,1,38.0,41.2307692308,1.0,1.21065375303,54.0,7.93389850969,49.0
2016-09-24,5,1,24.0,32.0,1,38.0,42.2307692308,1.0,1.16945107399,54.0,8.0302681836,49.0
2016-09-25,6,1,23.0,33.0,1,38.0,43.0769230769,1.0,1.1488862837,54.0,8.11893833967,49.0
2016-09-26,0,0,26.0,35.0,1,38.0,43.4615384615,1.0,1.14485981308,54.0,8.27057234198,49.0
2016-09-27,1,0,26.0,36.0,0,38.0,44.3846153846,28.0,1.12643678161,54.0,8.16689811692,34.0
2016-09-28,2,0,25.0,27.0,0,38.0,44.8461538462,28.0,1.03286384977,54.0,7.3573213546,42.0
2016-09-29,3,0,25.0,29.0,0,38.0,45.3076923077,28.0,0.966744006187,54.0,6.96568087549,53.0
2016-09-30,4,0,25.0,29.0,0,38.0,47.1538461538,28.0,0.998838559814,54.0,5.40435940623,45.0
2016-10-01,5,1,25.0,33.0,0,38.0,46.8461538462,28.0,1.07279693487,54.0,5.40435940623,25.0
2016-10-02,6,1,25.0,28.0,0,38.0,44.8461538462,25.0,0.95682613769,54.0,7.78406808657,45.0
2016-10-03,0,1,25.0,32.0,0,38.0,45.3846153846,25.0,0.893550893551,54.0,7.52982236524,43.0
2016-10-04,1,1,25.0,31.0,0,38.0,44.6923076923,25.0,0.871913580247,54.0,7.29999594715,63.0
2016-10-05,2,1,25.0,32.0,0,38.0,45.7692307692,25.0,1.1197626993,63.0,8.74558214761,45.0
2016-10-06,3,1,25.0,31.0,0,38.0,45.4615384615,25.0,1.10866372981,63.0,8.69673134544,37.0
2016-10-07,4,1,25.0,30.0,0,38.0,44.5384615385,25.0,1.05531295488,63.0,8.90648324464,29.0
2016-10-08,5,0,23.0,28.0,0,38.0,43.0,25.0,0.825892857143,63.0,9.69535971483,35.0
2016-10-09,6,0,20.0,23.0,0,38.0,41.9230769231,25.0,0.765151515152,63.0,9.74649079619,36.0
2016-10-10,0,0,19.0,23.0,0,38.0,40.9230769231,25.0,0.759301442673,63.0,9.63536385854,41.0
2016-10-11,1,0,21.0,26.0,0,38.0,41.4615384615,25.0,0.861207227989,63.0,9.42676536917,50.0
2016-10-12,2,0,21.0,27.0,1,38.0,42.0769230769,25.0,0.975422427035,63.0,9.69902087415,61.0
2016-10-13,3,0,21.0,27.0,1,38.0,42.6923076923,25.0,1.15151515152,63.0,10.5858004703,56.0
2016-10-14,4,0,22.0,31.0,1,38.0,43.5384615385,25.0,1.25516723036,63.0,11.1604754835,52.0
2016-10-15,5,1,24.0,31.0,1,38.0,45.6153846154,25.0,1.265917603,63.0,9.96562137889,37.0
2016-10-16,6,1,25.0,31.0,1,38.0,45.0,25.0,1.10098709188,63.0,10.2281662391,51.0
2016-10-17,0,0,25.0,31.0,1,38.0,45.6153846154,25.0,1.06060606061,63.0,10.329483281,57.0
2016-10-18,1,0,25.0,28.0,1,38.0,45.1538461538,25.0,1.07050572167,63.0,9.65438245522,48.0
2016-10-19,2,0,25.0,30.0,1,38.0,45.3846153846,25.0,1.14411441144,63.0,9.68375691191,64.0
2016-10-20,3,0,26.0,32.0,1,41.0,47.4615384615,25.0,1.22463768116,64.0,10.5218847728,49.0
2016-10-21,4,0,25.0,28.0,0,42.0,49.0,25.0,1.16161616162,64.0,9.07235869593,44.0
2016-10-22,5,1,25.0,30.0,1,42.0,49.6923076923,25.0,1.10993283846,64.0,8.28701129558,44.0
2016-10-23,6,1,24.0,32.0,1,43.0,50.3076923077,25.0,0.969568294409,64.0,7.50778688465,52.0
2016-10-24,0,0,23.0,27.0,1,44.0,51.1538461538,25.0,0.981423063442,64.0,7.01477730165,53.0
2016-10-25,1,0,24.0,31.0,1,44.0,51.3846153846,25.0,1.0556145944,64.0,7.02236494832,55.0
2016-10-26,2,0,25.0,32.0,1,44.0,50.9230769231,25.0,1.12162635822,64.0,6.55698732958,67.0
2016-10-27,3,0,24.0,32.0,1,45.0,51.7692307692,25.0,1.18926265715,67.0,7.75741676029,55.0
2016-10-28,4,0,24.0,33.0,1,45.0,52.0,25.0,1.17179741807,67.0,7.80532362706,72.0
2016-10-29,5,1,21.0,27.0,1,45.0,54.6923076923,25.0,1.23882503193,72.0,8.19366185991,72.0
2016-10-30,6,1,21.0,26.0,1,46.0,56.3076923077,25.0,1.22839506173,72.0,9.30165093191,58.0
2016-10-31,0,0,21.0,28.0,1,48.0,56.3846153846,29.0,1.22759039806,72.0,9.31118815469,77.0
