time_stamp,dayofweek,holiday,lt,ht,sunny,m2M,w2A,m1L,d3w3,m1Lar,w2Std,pay_sum
2016-08-01,0,0,24.0,30.0,1,130.0,121.769230769,83.0,1.03567625133,190.0,32.4538817073,127.0
2016-08-02,1,0,24.0,33.0,1,130.0,122.846153846,83.0,0.868985739038,190.0,32.3772145755,147.0
2016-08-03,2,0,25.0,34.0,1,130.0,127.769230769,83.0,0.986272157804,190.0,30.7699999904,136.0
2016-08-04,3,0,25.0,33.0,1,130.0,129.692307692,83.0,1.0881104034,190.0,30.4413297379,129.0
2016-08-05,4,0,25.0,32.0,1,130.0,125.307692308,83.0,1.10175157107,190.0,25.760388839,159.0
2016-08-06,5,1,24.0,33.0,1,132.0,126.538461538,83.0,1.13066666667,190.0,26.931866697,133.0
2016-08-07,6,1,23.0,31.0,1,132.0,130.076923077,83.0,1.11464124967,190.0,24.4082632239,106.0
2016-08-08,0,0,24.0,32.0,1,132.0,129.846153846,83.0,1.05291005291,190.0,24.6197111582,127.0
2016-08-09,1,0,25.0,33.0,1,132.0,129.384615385,83.0,0.962904498816,190.0,24.612499831,272.0
2016-08-10,2,0,26.0,33.0,1,132.0,140.846153846,83.0,1.23638144204,272.0,45.1200895966,239.0
2016-08-11,3,0,27.0,34.0,1,133.0,151.076923077,83.0,1.49187419619,272.0,50.7822827046,256.0
2016-08-12,4,0,25.0,29.0,0,133.0,156.153846154,83.0,1.75054205181,272.0,57.3006190782,251.0
2016-08-13,5,1,24.0,31.0,0,136.0,167.538461538,83.0,1.64190601959,272.0,60.236221386,158.0
2016-08-14,6,1,24.0,33.0,1,136.0,172.307692308,83.0,1.43010752688,272.0,56.7360753711,185.0
2016-08-15,0,0,21.0,29.0,0,136.0,176.769230769,83.0,1.24685138539,272.0,55.2590456865,161.0
2016-08-16,1,0,23.0,31.0,1,136.0,177.846153846,83.0,1.04868913858,272.0,54.802928268,180.0
2016-08-17,2,0,23.0,28.0,0,136.0,181.230769231,83.0,1.07533476439,272.0,53.4561701787,158.0
2016-08-18,3,0,22.0,24.0,0,136.0,183.461538462,83.0,1.0041251635,272.0,51.8097338413,151.0
2016-08-19,4,0,22.0,32.0,1,136.0,182.846153846,87.0,0.995723885156,272.0,52.1430667326,187.0
2016-08-20,5,1,23.0,31.0,1,136.0,187.0,87.0,0.984713122891,272.0,50.1183215386,160.0
2016-08-21,6,1,23.0,34.0,1,140.0,191.153846154,87.0,0.970192869667,272.0,45.2324698791,111.0
2016-08-22,0,0,23.0,32.0,1,136.0,189.923076923,87.0,0.896457232335,272.0,47.1388481607,138.0
2016-08-23,1,0,24.0,30.0,0,136.0,179.615384615,96.0,0.802669021686,272.0,42.4853612102,179.0
2016-08-24,2,0,24.0,31.0,0,138.0,175.0,96.0,0.829457364341,272.0,38.8903784818,113.0
2016-08-25,3,0,18.0,30.0,1,138.0,164.0,96.0,0.83722741433,272.0,34.3869384863,179.0
2016-08-26,4,0,17.0,29.0,1,140.0,158.461538462,96.0,0.911730545877,272.0,24.2252741022,207.0
2016-08-27,5,1,20.0,32.0,1,140.0,162.230769231,96.0,0.945613037711,272.0,27.4566899404,146.0
2016-08-28,6,1,18.0,31.0,1,140.0,159.230769231,96.0,0.996814689901,272.0,26.9305484138,121.0
2016-08-29,0,0,19.0,31.0,1,140.0,156.153846154,96.0,0.88963963964,272.0,28.7745778659,114.0
2016-08-30,1,0,19.0,31.0,1,140.0,151.076923077,106.0,0.748379493223,272.0,29.9190228616,131.0
2016-08-31,2,0,19.0,33.0,1,140.0,149.0,106.0,0.742544126598,272.0,30.3010535486,148.0
2016-09-01,3,0,19.0,27.0,1,143.0,148.769230769,106.0,0.824417872876,272.0,30.2963664898,151.0
2016-09-02,4,0,19.0,28.0,1,146.0,146.0,106.0,0.931340697423,272.0,28.2516166998,155.0
2016-09-03,5,1,20.0,30.0,1,146.0,145.615384615,106.0,0.984281842818,272.0,28.0919875287,146.0
2016-09-04,6,1,18.0,29.0,0,146.0,148.307692308,106.0,0.992534036012,272.0,26.2631201362,125.0
2016-09-05,0,0,20.0,31.0,1,143.0,147.307692308,106.0,0.946666666667,272.0,26.8768834485,116.0
2016-09-06,1,0,21.0,30.0,1,140.0,142.461538462,111.0,0.878746594005,272.0,26.4010937554,142.0
2016-09-07,2,0,19.0,31.0,1,142.0,144.692307692,111.0,0.874429223744,272.0,25.0057981442,158.0
2016-09-08,3,0,18.0,31.0,1,142.0,143.076923077,111.0,0.947500284706,256.0,23.3615777209,119.0
2016-09-09,4,0,19.0,31.0,1,142.0,136.307692308,111.0,0.977031596129,256.0,15.17277225,189.0
2016-09-10,5,1,18.0,30.0,1,143.0,139.615384615,111.0,1.0757156048,251.0,20.6305914063,130.0
2016-09-11,6,1,18.0,25.0,0,142.0,140.307692308,111.0,1.00447196422,207.0,20.1394546385,142.0
2016-09-12,0,0,18.0,27.0,1,142.0,142.461538462,111.0,1.05576548723,207.0,18.6531720735,118.0
2016-09-13,1,0,19.0,27.0,1,142.0,141.461538462,111.0,0.912280701754,207.0,19.5669084253,136.0
2016-09-14,2,0,20.0,30.0,1,138.0,140.538461538,111.0,0.91890010442,207.0,19.5196760086,208.0
2016-09-15,3,1,21.0,30.0,1,142.0,144.923076923,111.0,1.06133700896,208.0,26.5227378169,164.0
2016-09-16,4,1,20.0,30.0,0,142.0,145.615384615,111.0,1.18456336714,208.0,26.8916299862,146.0
2016-09-17,5,1,17.0,24.0,1,143.0,145.615384615,111.0,1.20788154366,208.0,26.8916299862,129.0
2016-09-18,6,0,15.0,22.0,0,143.0,145.923076923,111.0,1.02081153354,208.0,26.6760092116,137.0
2016-09-19,0,0,13.0,25.0,1,143.0,147.538461538,111.0,0.950403690888,208.0,25.4214185424,144.0
2016-09-20,1,0,14.0,26.0,1,143.0,147.692307692,113.0,0.941554713515,208.0,25.3934716486,122.0
2016-09-21,2,0,16.0,23.0,0,142.0,144.923076923,113.0,0.933843123624,208.0,26.0722709715,109.0
2016-09-22,3,0,17.0,26.0,0,142.0,144.153846154,109.0,0.881834215168,208.0,26.9582188234,137.0
2016-09-23,4,0,19.0,27.0,1,142.0,140.153846154,109.0,0.870902851734,208.0,23.6638190358,178.0
2016-09-24,5,1,20.0,29.0,1,144.0,143.846153846,109.0,0.992160992161,208.0,25.4674638701,151.0
2016-09-25,6,1,19.0,27.0,1,146.0,144.538461538,109.0,1.08057971014,208.0,25.5301191194,138.0
2016-09-26,0,0,19.0,24.0,0,146.0,146.076923077,109.0,1.0746749511,208.0,24.4649247777,90.0
2016-09-27,1,0,12.0,23.0,1,144.0,142.538461538,90.0,0.888107791447,208.0,28.6372951683,46.0
2016-09-28,2,0,10.0,20.0,1,144.0,130.076923077,46.0,0.668374191975,208.0,32.4356440651,148.0
2016-09-29,3,0,12.0,22.0,1,146.0,128.846153846,46.0,0.685493603669,208.0,31.4125064605,150.0
2016-09-30,4,0,14.0,24.0,1,146.0,129.153846154,46.0,0.842208348635,208.0,31.5980675014,205.0
2016-10-01,5,1,15.0,26.0,1,146.0,135.0,46.0,1.19847510126,208.0,37.506922438,164.0
2016-10-02,6,1,16.0,26.0,1,146.0,137.076923077,46.0,1.22695035461,208.0,38.2993503429,151.0
2016-10-03,0,1,16.0,28.0,1,148.0,137.615384615,46.0,1.2150952214,208.0,38.44184111,133.0
2016-10-04,1,1,11.0,19.0,0,146.0,138.461538462,46.0,1.04795321637,208.0,38.2091720455,119.0
2016-10-05,2,1,13.0,21.0,1,146.0,139.230769231,46.0,0.97307738742,208.0,37.7056491302,115.0
2016-10-06,3,1,14.0,17.0,0,146.0,137.538461538,46.0,0.902163225172,208.0,38.2574585682,123.0
2016-10-07,4,1,12.0,16.0,0,146.0,133.307692308,46.0,0.885087393083,208.0,36.5521431875,91.0
2016-10-08,5,0,5.0,19.0,1,146.0,128.692307692,46.0,0.827360744373,208.0,37.7937410679,106.0
2016-10-09,6,0,8.0,18.0,1,146.0,126.230769231,46.0,0.814249363868,208.0,38.1477972873,113.0
2016-10-10,0,0,10.0,20.0,1,144.0,128.0,46.0,0.798249002189,208.0,36.9407009221,97.0
2016-10-11,1,0,10.0,20.0,1,142.0,131.923076923,46.0,0.821632865315,208.0,30.0984577639,152.0
2016-10-12,2,0,10.0,19.0,1,142.0,132.230769231,46.0,0.925712824447,208.0,30.2811285384,126.0
2016-10-13,3,0,12.0,22.0,1,142.0,130.384615385,46.0,0.963020030817,208.0,29.8703312066,156.0
2016-10-14,4,0,13.0,23.0,1,142.0,126.615384615,46.0,1.12406112406,205.0,22.3659716174,170.0
2016-10-15,5,1,11.0,17.0,0,142.0,127.076923077,46.0,1.16210309808,205.0,23.1797708174,159.0
2016-10-16,6,1,12.0,20.0,1,142.0,127.692307692,46.0,1.23692935476,205.0,23.9016723438,138.0
2016-10-17,0,0,9.0,21.0,1,138.0,128.076923077,46.0,1.16954670674,205.0,24.0239032839,114.0
2016-10-18,1,0,12.0,20.0,1,138.0,127.692307692,46.0,1.00366300366,205.0,24.2054813099,86.0
2016-10-19,2,0,14.0,22.0,1,138.0,125.461538462,46.0,0.844577711144,205.0,26.4999720889,121.0
2016-10-20,3,0,11.0,15.0,0,138.0,125.307692308,46.0,0.810913224706,205.0,26.5196142662,81.0
2016-10-21,4,0,11.0,11.0,0,137.0,124.538461538,46.0,0.763419483101,205.0,27.625560585,143.0
2016-10-22,5,1,7.0,15.0,1,137.0,127.384615385,46.0,0.922213311949,205.0,27.4745713525,120.0
2016-10-23,6,1,0.0,5.0,1,137.0,127.923076923,46.0,0.931113817837,205.0,27.2550956096,73.0
2016-10-24,0,0,6.0,13.0,1,137.0,126.076923077,46.0,0.932168123179,205.0,29.9652658884,92.0
2016-10-25,1,0,10.0,17.0,1,136.0,121.461538462,46.0,0.799663299663,205.0,30.2365428035,86.0
2016-10-26,2,0,0.0,10.0,1,133.0,118.384615385,46.0,0.71296690811,205.0,31.6216538796,87.0
2016-10-27,3,0,7.0,11.0,0,133.0,113.076923077,73.0,0.7644598298,205.0,30.6379893357,95.0
2016-10-28,4,0,2.0,13.0,1,133.0,107.307692308,73.0,0.771778257739,205.0,26.1015313886,119.0
2016-10-29,5,1,2.0,12.0,1,133.0,104.230769231,73.0,0.86197021764,205.0,21.8355879108,114.0
2016-10-30,6,1,2.0,13.0,1,130.0,102.384615385,73.0,0.938886503507,170.0,19.8243768417,105.0
2016-10-31,0,0,-4.0,6.0,1,129.0,101.692307692,73.0,0.964199115675,170.0,19.5620693234,65.0
