time_stamp,dayofweek,holiday,lt,ht,sunny,m2M,w2A,m1L,d3w3,m1Lar,w2Std,pay_sum
2016-08-01,0,0,26.0,34.0,1,88.0,82.5384615385,37.0,1.02824858757,122.0,17.3054699428,68.0
2016-08-02,1,0,24.0,33.0,1,88.0,80.7692307692,37.0,1.0176049526,122.0,17.5242857691,83.0
2016-08-03,2,0,23.0,33.0,1,88.0,80.6923076923,37.0,0.945709281961,122.0,17.5121259764,72.0
2016-08-04,3,0,23.0,31.0,1,88.0,78.6153846154,37.0,0.864341085271,122.0,16.804479538,71.0
2016-08-05,4,0,24.0,32.0,0,88.0,77.3846153846,37.0,0.899502487562,122.0,16.7310786886,94.0
2016-08-06,5,1,23.0,30.0,1,89.0,76.8461538462,37.0,0.954682779456,122.0,16.0616416148,100.0
2016-08-07,6,1,23.0,30.0,0,90.0,78.6153846154,37.0,1.08185343948,122.0,17.2070578611,104.0
2016-08-08,0,0,22.0,30.0,1,90.0,83.7692307692,37.0,1.19319319319,122.0,13.6334083224,23.0
2016-08-09,1,0,23.0,31.0,1,90.0,80.7692307692,23.0,0.947610102275,122.0,20.6030387832,549.0
2016-08-10,2,0,25.0,33.0,1,91.0,117.384615385,23.0,2.18558034271,549.0,126.268662573,336.0
2016-08-11,3,0,25.0,34.0,1,92.0,136.384615385,23.0,2.63302885312,549.0,138.553815405,380.0
2016-08-12,4,0,26.0,36.0,1,93.0,159.615384615,23.0,3.25360082305,549.0,151.527371714,340.0
2016-08-13,5,1,27.0,37.0,1,94.0,177.846153846,23.0,2.48675379724,549.0,157.748507809,371.0
2016-08-14,6,1,27.0,38.0,1,94.0,199.307692308,23.0,2.32746666667,549.0,163.483889875,351.0
2016-08-15,0,0,28.0,38.0,1,94.0,221.076923077,23.0,2.05873800523,549.0,163.391677379,115.0
2016-08-16,1,0,27.0,37.0,1,95.0,223.538461538,23.0,1.59793814433,549.0,161.523332625,126.0
2016-08-17,2,0,26.0,37.0,1,96.0,227.692307692,23.0,1.11330512459,549.0,158.233704771,122.0
2016-08-18,3,0,27.0,37.0,1,99.0,231.615384615,23.0,0.676355505869,549.0,154.897255506,110.0
2016-08-19,4,0,27.0,37.0,1,99.0,232.846153846,23.0,0.661126500462,549.0,153.858999464,123.0
2016-08-20,5,1,26.0,37.0,1,99.0,234.615384615,23.0,0.651974288338,549.0,152.446983703,129.0
2016-08-21,6,1,26.0,35.0,1,99.0,236.538461538,23.0,0.65812198891,549.0,150.937386603,118.0
2016-08-22,0,0,25.0,35.0,1,100.0,243.846153846,23.0,0.66361761277,549.0,142.485003882,77.0
2016-08-23,1,0,25.0,35.0,1,99.0,207.538461538,23.0,0.582053354891,549.0,118.161307857,100.0
2016-08-24,2,0,26.0,35.0,1,99.0,189.384615385,23.0,0.525987340644,549.0,115.120364075,116.0
2016-08-25,3,0,22.0,27.0,0,99.0,169.076923077,23.0,0.516208597604,549.0,102.272232143,82.0
2016-08-26,4,0,20.0,24.0,0,99.0,149.230769231,23.0,0.526687875574,549.0,91.6608748394,113.0
2016-08-27,5,1,18.0,29.0,1,100.0,129.384615385,23.0,0.547776309996,549.0,65.7694556901,119.0
2016-08-28,6,1,19.0,31.0,1,100.0,111.538461538,23.0,0.550877192982,549.0,15.4103630697,94.0
2016-08-29,0,0,20.0,30.0,1,99.0,109.923076923,23.0,0.56143976578,549.0,16.0502170532,76.0
2016-08-30,1,0,20.0,28.0,1,99.0,106.076923077,23.0,0.567000196194,549.0,17.6481053176,88.0
2016-08-31,2,0,19.0,31.0,1,99.0,103.461538462,23.0,0.546031746032,549.0,17.6138729617,89.0
2016-09-01,3,0,19.0,33.0,1,96.0,101.846153846,23.0,0.58994986592,549.0,17.9007784697,112.0
2016-09-02,4,0,20.0,33.0,1,99.0,101.0,23.0,0.73229443811,549.0,17.1239822831,98.0
2016-09-03,5,1,20.0,30.0,1,99.0,98.6153846154,23.0,0.84534916596,549.0,15.0973174466,126.0
2016-09-04,6,1,19.0,31.0,1,99.0,99.2307692308,23.0,1.05016408814,549.0,16.0103516809,111.0
2016-09-05,0,0,21.0,29.0,1,100.0,101.846153846,23.0,1.04900579302,549.0,14.9040322569,85.0
2016-09-06,1,0,16.0,26.0,0,100.0,100.692307692,23.0,1.02809706258,549.0,15.5681361731,94.0
2016-09-07,2,0,16.0,28.0,1,99.0,99.0,76.0,0.938511326861,549.0,14.9974356782,84.0
2016-09-08,3,0,19.0,31.0,1,98.0,99.1538461538,76.0,0.862012454933,380.0,14.8315990831,80.0
2016-09-09,4,0,18.0,27.0,0,98.0,96.6153846154,76.0,0.863887493722,380.0,15.0667155399,97.0
2016-09-10,5,1,17.0,29.0,1,97.0,94.9230769231,76.0,0.888208269525,371.0,13.6238565559,121.0
2016-09-11,6,1,19.0,30.0,1,98.0,97.0,76.0,1.01257220523,371.0,15.2819652381,109.0
2016-09-12,0,0,18.0,25.0,1,99.0,99.5384615385,76.0,1.09327983952,351.0,14.2915541741,53.0
2016-09-13,1,0,19.0,26.0,0,98.0,96.8461538462,53.0,0.969012155453,129.0,18.7978974023,71.0
2016-09-14,2,0,18.0,27.0,1,97.0,95.4615384615,53.0,0.816684192079,129.0,19.9523100055,85.0
2016-09-15,3,1,19.0,27.0,0,94.0,93.3846153846,53.0,0.731408573928,129.0,19.5233133283,105.0
2016-09-16,4,1,19.0,29.0,1,97.0,93.9230769231,53.0,0.917237743806,129.0,19.7385274895,124.0
2016-09-17,5,1,20.0,29.0,1,98.0,93.7692307692,53.0,1.100595864,129.0,19.4941957679,95.0
2016-09-18,6,0,18.0,24.0,0,98.0,92.5384615385,53.0,1.13504992118,129.0,18.8623164603,59.0
2016-09-19,0,0,16.0,20.0,0,97.0,90.5384615385,53.0,0.982679392011,126.0,20.8312464438,55.0
2016-09-20,1,0,16.0,21.0,0,97.0,87.5384615385,53.0,0.751933801043,126.0,22.829183026,53.0
2016-09-21,2,0,15.0,27.0,1,95.0,85.1538461538,53.0,0.612731608879,126.0,24.6228354108,66.0
2016-09-22,3,0,16.0,28.0,1,95.0,84.0769230769,53.0,0.654997176736,126.0,25.1257193956,82.0
2016-09-23,4,0,18.0,27.0,1,95.0,82.9230769231,53.0,0.763532763533,126.0,24.8486543157,123.0
2016-09-24,5,1,17.0,24.0,0,97.0,83.0769230769,53.0,1.03120243531,126.0,25.0889541692,106.0
2016-09-25,6,1,18.0,27.0,1,98.0,82.8461538462,53.0,1.1867964129,126.0,24.8622239053,102.0
2016-09-26,0,0,18.0,24.0,0,100.0,86.6153846154,53.0,1.25094482237,126.0,23.7407097993,94.0
2016-09-27,1,0,16.0,23.0,0,100.0,88.3846153846,53.0,1.14134542706,126.0,23.3651234553,78.0
2016-09-28,2,0,15.0,24.0,1,98.0,87.8461538462,53.0,1.03905953735,126.0,23.5170843099,78.0
2016-09-29,3,0,14.0,21.0,1,98.0,85.7692307692,53.0,0.949126803341,126.0,23.0989638334,102.0
2016-09-30,4,0,16.0,25.0,1,100.0,84.0769230769,53.0,0.976717773992,126.0,20.9411686488,128.0
2016-10-01,5,1,15.0,27.0,1,100.0,86.6153846154,53.0,1.16138763198,128.0,23.9021674638,115.0
2016-10-02,6,1,17.0,29.0,1,102.0,90.9230769231,53.0,1.29650507328,128.0,23.5811578579,123.0
2016-10-03,0,1,17.0,30.0,1,102.0,96.1538461538,53.0,1.32321041215,128.0,22.5519780945,134.0
2016-10-04,1,1,15.0,23.0,1,104.0,102.384615385,53.0,1.30047194546,134.0,20.8973257823,139.0
2016-10-05,2,1,14.0,20.0,1,105.0,108.0,53.0,1.34625191229,139.0,20.1608913112,164.0
2016-10-06,3,1,14.0,18.0,0,106.0,114.307692308,53.0,1.44224422442,164.0,23.5776446119,132.0
2016-10-07,4,1,11.0,17.0,0,109.0,115.0,53.0,1.42998027613,164.0,23.9518748262,130.0
2016-10-08,5,0,13.0,20.0,1,109.0,116.846153846,53.0,1.37663596704,164.0,24.111427721,80.0
2016-10-09,6,0,11.0,18.0,0,106.0,115.153846154,53.0,1.09404990403,164.0,25.8065172265,59.0
2016-10-10,0,0,12.0,18.0,1,105.0,112.461538462,53.0,0.858876117497,164.0,29.4425526292,63.0
2016-10-11,1,0,12.0,18.0,1,102.0,111.307692308,53.0,0.641881156657,164.0,31.0220383583,75.0
2016-10-12,2,0,12.0,18.0,0,102.0,111.076923077,53.0,0.62331909508,164.0,31.2790456732,57.0
2016-10-13,3,0,12.0,18.0,1,100.0,107.615384615,53.0,0.624399615754,164.0,34.4239149017,82.0
2016-10-14,4,0,12.0,18.0,0,98.0,104.076923077,53.0,0.699003756329,164.0,34.5107821244,83.0
2016-10-15,5,1,11.0,18.0,1,97.0,101.615384615,53.0,0.733399405352,164.0,34.7840336086,165.0
2016-10-16,6,1,11.0,20.0,1,97.0,104.846153846,53.0,1.05718404613,165.0,38.3843841522,119.0
2016-10-17,0,0,12.0,23.0,1,97.0,103.692307692,53.0,1.16176005065,165.0,37.710199835,62.0
2016-10-18,1,0,12.0,24.0,1,95.0,97.7692307692,53.0,1.10366826156,165.0,37.7464289623,84.0
2016-10-19,2,0,15.0,24.0,1,94.0,91.6153846154,53.0,0.842875318066,165.0,32.6202826511,71.0
2016-10-20,3,0,16.0,23.0,1,94.0,86.9230769231,57.0,0.700564971751,165.0,30.8107412301,94.0
2016-10-21,4,0,14.0,20.0,0,94.0,84.1538461538,57.0,0.81733136386,165.0,28.3327648162,97.0
2016-10-22,5,1,12.0,16.0,0,94.0,85.4615384615,57.0,0.86769332671,165.0,28.5026729775,137.0
2016-10-23,6,1,10.0,15.0,1,94.0,91.4615384615,57.0,1.07876993915,165.0,30.4444396454,128.0
2016-10-24,0,0,10.0,13.0,0,94.0,96.4615384615,57.0,1.19412831931,165.0,30.6960668606,71.0
2016-10-25,1,0,10.0,15.0,0,94.0,96.1538461538,57.0,1.14695340502,165.0,30.9288169185,78.0
2016-10-26,2,0,9.0,12.0,0,94.0,97.7692307692,57.0,0.989109087663,165.0,29.3497578188,73.0
2016-10-27,3,0,7.0,11.0,0,94.0,97.0769230769,57.0,0.818584070796,165.0,29.816003804,87.0
2016-10-28,4,0,7.0,10.0,1,94.0,97.3846153846,57.0,0.89896128423,165.0,29.6895176051,101.0
2016-10-29,5,1,6.0,14.0,1,94.0,92.4615384615,57.0,0.974244120941,165.0,22.5068037051,210.0
2016-10-30,6,1,6.0,12.0,1,94.0,99.4615384615,57.0,1.36981586646,210.0,38.2896157536,123.0
2016-10-31,0,0,6.0,14.0,1,94.0,104.153846154,57.0,1.44883992656,210.0,37.1314632371,90.0
