time_stamp,dayofweek,holiday,lt,ht,sunny,m2M,w2A,m1L,d3w3,m1Lar,w2Std,pay_sum
2016-08-01,0,0,27.0,35.0,1,68.0,81.1538461538,42.0,1.09381755296,111.0,15.7130330708,117.0
2016-08-02,1,0,26.0,36.0,0,69.0,84.5384615385,42.0,1.14767932489,117.0,18.1430867725,101.0
2016-08-03,2,0,25.0,30.0,0,69.0,86.4615384615,42.0,1.23395445135,117.0,18.4583330551,102.0
2016-08-04,3,0,25.0,32.0,0,69.0,89.0,42.0,1.30319690491,117.0,18.1489563167,118.0
2016-08-05,4,0,26.0,32.0,0,71.0,92.0769230769,42.0,1.27305175491,118.0,19.3727069649,118.0
2016-08-06,5,1,26.0,34.0,0,72.0,96.7692307692,42.0,1.29650939778,118.0,17.616224367,84.0
2016-08-07,6,1,26.0,34.0,0,73.0,98.1538461538,42.0,1.20459250894,118.0,15.752148346,70.0
2016-08-08,0,0,26.0,34.0,1,73.0,97.6923076923,42.0,1.02738432483,118.0,16.4662106957,125.0
2016-08-09,1,0,27.0,34.0,1,74.0,100.769230769,51.0,1.0236653825,125.0,17.5111122792,102.0
2016-08-10,2,0,27.0,34.0,1,75.0,100.076923077,51.0,1.07433532284,125.0,17.269187939,92.0
2016-08-11,3,0,27.0,35.0,1,75.0,98.6153846154,51.0,1.13969274741,125.0,17.0859297108,89.0
2016-08-12,4,0,28.0,35.0,1,75.0,97.9230769231,51.0,1.00515006216,125.0,17.2780943503,125.0
2016-08-13,5,1,28.0,36.0,1,76.0,101.769230769,51.0,1.04884318766,125.0,17.3123070771,73.0
2016-08-14,6,1,27.0,36.0,1,76.0,101.230769231,51.0,0.980191256831,125.0,18.0731583641,61.0
2016-08-15,0,0,27.0,36.0,1,76.0,96.9230769231,51.0,0.891412837722,125.0,20.3336081722,143.0
2016-08-16,1,0,27.0,36.0,1,76.0,100.153846154,57.0,0.925647451963,143.0,23.7708488371,115.0
2016-08-17,2,0,27.0,35.0,1,76.0,101.153846154,57.0,1.06386526597,143.0,24.0986630777,98.0
2016-08-18,3,0,27.0,36.0,1,76.0,99.6153846154,57.0,1.1950318899,143.0,23.6074905373,124.0
2016-08-19,4,0,29.0,37.0,1,78.0,100.076923077,57.0,1.11663353214,143.0,24.0174985518,119.0
2016-08-20,5,1,27.0,36.0,0,79.0,102.769230769,57.0,1.10570687419,143.0,24.0261199088,66.0
2016-08-21,6,1,27.0,33.0,0,78.0,102.461538462,57.0,1.00881488737,143.0,24.4654084989,68.0
2016-08-22,0,0,27.0,34.0,1,76.0,98.0769230769,61.0,0.846295367118,143.0,25.1318417044,133.0
2016-08-23,1,0,25.0,34.0,1,76.0,100.461538462,61.0,0.879012345679,143.0,26.8058988474,122.0
2016-08-24,2,0,24.0,34.0,1,78.0,102.769230769,61.0,1.05297473513,143.0,27.2655145564,112.0
2016-08-25,3,0,25.0,34.0,1,79.0,104.538461538,61.0,1.19993460847,143.0,27.0600909221,116.0
2016-08-26,4,0,23.0,29.0,1,80.0,103.846153846,61.0,1.14547537228,143.0,26.6396065859,115.0
2016-08-27,5,1,20.0,29.0,1,81.0,107.076923077,61.0,1.1057382334,143.0,25.2112964255,73.0
2016-08-28,6,1,19.0,30.0,1,80.0,108.0,61.0,0.978593272171,143.0,23.6805665213,64.0
2016-08-29,0,0,20.0,31.0,1,79.0,101.923076923,61.0,0.835820895522,143.0,24.0527034734,94.0
2016-08-30,1,0,21.0,31.0,1,80.0,100.307692308,61.0,0.769230769231,143.0,23.8243076108,95.0
2016-08-31,2,0,22.0,32.0,1,81.0,100.076923077,61.0,0.841230257689,143.0,23.8600455814,114.0
2016-09-01,3,0,22.0,33.0,1,83.0,99.3076923077,61.0,0.995073891626,143.0,23.2292409074,106.0
2016-09-02,4,0,22.0,34.0,1,84.0,98.3076923077,61.0,1.04425658876,143.0,22.6321235802,116.0
2016-09-03,5,1,23.0,34.0,1,85.0,102.153846154,61.0,1.09055501461,143.0,21.0049303877,59.0
2016-09-04,6,1,22.0,33.0,1,85.0,101.461538462,59.0,0.912930474334,143.0,22.2317008056,76.0
2016-09-05,0,0,24.0,33.0,1,85.0,97.0769230769,59.0,0.842989084803,143.0,21.1749545035,120.0
2016-09-06,1,0,22.0,26.0,0,88.0,96.9230769231,59.0,0.854271356784,143.0,20.9998591148,123.0
2016-09-07,2,0,20.0,26.0,1,89.0,97.7692307692,59.0,1.05541770058,143.0,21.7968023278,119.0
2016-09-08,3,0,21.0,30.0,1,92.0,98.0,59.0,1.20066334992,143.0,22.0034962257,133.0
2016-09-09,4,0,23.0,32.0,1,94.0,99.3846153846,59.0,1.23517786561,143.0,23.5422319755,90.0
2016-09-10,5,1,21.0,30.0,1,94.0,100.692307692,59.0,1.11328125,143.0,22.4889190334,71.0
2016-09-11,6,1,20.0,28.0,1,94.0,101.230769231,59.0,0.955631399317,143.0,21.6729318813,74.0
2016-09-12,0,0,20.0,30.0,1,94.0,99.6923076923,59.0,0.786479250335,143.0,22.811551107,138.0
2016-09-13,1,0,21.0,30.0,1,95.0,103.0,59.0,0.939575033201,143.0,24.9121533516,132.0
2016-09-14,2,0,22.0,28.0,1,98.0,104.384615385,59.0,1.13083497699,138.0,25.9631053658,117.0
2016-09-15,3,1,21.0,23.0,0,98.0,105.230769231,59.0,1.27156234598,138.0,26.18030336,36.0
2016-09-16,4,1,21.0,23.0,0,98.0,99.0769230769,36.0,0.974358974359,138.0,31.7380178201,39.0
2016-09-17,5,1,21.0,27.0,1,98.0,97.5384615385,36.0,0.668058455115,138.0,34.0443497732,69.0
2016-09-18,6,0,20.0,28.0,1,98.0,97.0,36.0,0.499739718896,138.0,34.4338831341,104.0
2016-09-19,0,0,17.0,26.0,1,101.0,95.7692307692,36.0,0.731917831866,138.0,33.87114462,109.0
2016-09-20,1,0,18.0,26.0,1,102.0,94.6923076923,36.0,0.966580976864,138.0,33.204227292,97.0
2016-09-21,2,0,17.0,24.0,1,102.0,93.0,36.0,1.07192254495,138.0,32.474842334,140.0
2016-09-22,3,0,19.0,27.0,1,102.0,93.5384615385,36.0,1.17567108393,140.0,33.1839057019,140.0
2016-09-23,4,0,19.0,28.0,1,104.0,97.3846153846,36.0,1.26552534408,140.0,35.3760859285,147.0
2016-09-24,5,1,21.0,29.0,1,106.0,103.230769231,36.0,1.37254901961,147.0,36.7845156515,82.0
2016-09-25,6,1,21.0,28.0,1,104.0,103.846153846,36.0,1.18269230769,147.0,36.3547608857,83.0
2016-09-26,0,0,23.0,30.0,1,102.0,99.6153846154,36.0,1.01811062163,147.0,35.3195053139,135.0
2016-09-27,1,0,23.0,30.0,0,104.0,99.8461538462,36.0,0.973236009732,147.0,35.5394605254,153.0
2016-09-28,2,0,19.0,23.0,0,106.0,102.615384615,36.0,1.18397957555,153.0,38.0799532594,124.0
2016-09-29,3,0,17.0,19.0,0,109.0,109.384615385,36.0,1.32051282051,153.0,33.1373330284,114.0
2016-09-30,4,0,18.0,21.0,0,109.0,115.153846154,36.0,1.23891001267,153.0,26.1793992816,114.0
2016-10-01,5,1,20.0,24.0,0,112.0,118.615384615,36.0,1.09299798168,153.0,22.5747935046,50.0
2016-10-02,6,1,20.0,24.0,0,112.0,114.461538462,36.0,0.872978489559,153.0,28.9498648452,48.0
2016-10-03,0,1,18.0,26.0,1,109.0,109.769230769,36.0,0.69519593376,153.0,33.9641300518,47.0
2016-10-04,1,1,20.0,25.0,1,106.0,105.923076923,36.0,0.496235455168,153.0,37.8061076434,46.0
2016-10-05,2,1,20.0,26.0,1,106.0,98.6923076923,36.0,0.500799147576,153.0,39.5462428739,50.0
2016-10-06,3,1,19.0,25.0,1,106.0,91.7692307692,36.0,0.50414242905,153.0,39.5866213728,48.0
2016-10-07,4,1,17.0,20.0,0,104.0,84.1538461538,36.0,0.505263157895,153.0,37.7070614767,61.0
2016-10-08,5,0,14.0,22.0,1,104.0,82.5384615385,36.0,0.560253699789,153.0,38.2111852022,103.0
2016-10-09,6,0,13.0,21.0,1,104.0,84.0769230769,36.0,0.747399964745,153.0,38.5994450707,118.0
2016-10-10,0,0,16.0,21.0,1,106.0,82.7692307692,36.0,0.989473684211,153.0,37.1113788193,132.0
2016-10-11,1,0,16.0,20.0,1,106.0,81.1538461538,36.0,1.21619293712,153.0,34.3754074747,131.0
2016-10-12,2,0,16.0,19.0,1,109.0,81.6923076923,36.0,1.31879543094,153.0,35.0897412477,107.0
2016-10-13,3,0,17.0,20.0,1,109.0,81.1538461538,36.0,1.30304631097,153.0,34.6406745223,113.0
2016-10-14,4,0,16.0,18.0,1,109.0,81.0769230769,36.0,1.25874125874,153.0,34.5686864494,111.0
2016-10-15,5,1,18.0,21.0,0,109.0,85.7692307692,39.0,1.16878531073,153.0,34.1696082825,83.0
2016-10-16,6,1,17.0,23.0,1,109.0,88.4615384615,46.0,1.08403954802,153.0,32.4217765959,55.0
2016-10-17,0,0,18.0,22.0,1,107.0,89.0769230769,46.0,0.91814159292,153.0,31.6967883315,117.0
2016-10-18,1,0,18.0,23.0,1,107.0,94.5384615385,46.0,0.959367945824,153.0,29.8679539734,108.0
2016-10-19,2,0,19.0,22.0,1,108.0,99.0,46.0,1.06302201974,153.0,27.0839151811,122.0
2016-10-20,3,0,19.0,21.0,0,109.0,104.692307692,46.0,1.31141345427,153.0,23.2755554024,102.0
2016-10-21,4,0,19.0,21.0,0,108.0,107.846153846,46.0,1.26331811263,153.0,19.6345306259,118.0
2016-10-22,5,1,18.0,21.0,0,108.0,109.0,46.0,1.25274725275,153.0,19.756206425,67.0
2016-10-23,6,1,15.0,18.0,1,107.0,105.076923077,46.0,1.0404205184,153.0,22.4583770167,43.0
2016-10-24,0,0,16.0,20.0,1,106.0,98.2307692308,43.0,0.828337874659,153.0,26.4230489307,122.0
2016-10-25,1,0,14.0,17.0,1,106.0,97.5384615385,43.0,0.809349380778,153.0,25.6623501071,123.0
2016-10-26,2,0,16.0,18.0,0,107.0,98.7692307692,43.0,0.967741935484,153.0,26.4579604021,122.0
2016-10-27,3,0,15.0,17.0,0,108.0,99.4615384615,43.0,1.18885649498,132.0,26.934722756,129.0
2016-10-28,4,0,11.0,15.0,0,109.0,100.846153846,43.0,1.17278143619,132.0,27.936318115,106.0
2016-10-29,5,1,8.0,12.0,0,109.0,102.615384615,43.0,1.11789572569,132.0,27.4745713525,138.0
2016-10-30,6,1,10.0,17.0,1,109.0,109.0,43.0,1.15712734605,138.0,25.2190404258,64.0
2016-10-31,0,0,10.0,15.0,0,109.0,104.923076923,43.0,0.986705109723,138.0,27.7529251084,124.0
