time_stamp,dayofweek,holiday,lt,ht,sunny,m2M,w2A,m1L,d3w3,m1Lar,w2Std,pay_sum
2016-08-01,0,0,25.0,35.0,0,2.0,2.0,2.0,1.0,2.0,0.0,2.0
2016-08-02,1,0,25.0,29.0,0,2.0,2.0,2.0,1.0,2.0,0.0,2.0
2016-08-03,2,0,25.0,31.0,0,2.0,2.0,2.0,1.0,2.0,0.0,2.0
2016-08-04,3,0,26.0,32.0,1,2.0,2.0,2.0,1.0,2.0,0.0,2.0
2016-08-05,4,0,26.0,34.0,1,2.0,2.0,2.0,1.0,2.0,0.0,2.0
2016-08-06,5,1,27.0,35.0,1,2.0,2.0,2.0,1.0,2.0,0.0,31.0
2016-08-07,6,1,27.0,36.0,1,2.0,4.23076923077,2.0,3.38164251208,31.0,7.72761129531,45.0
2016-08-08,0,0,27.0,35.0,0,2.0,7.53846153846,2.0,4.64285714286,45.0,13.275862334,52.0
2016-08-09,1,0,25.0,34.0,0,2.0,11.3846153846,2.0,5.26748971193,52.0,17.6397211802,43.0
2016-08-10,2,0,26.0,31.0,0,2.0,14.5384615385,2.0,4.59770114943,52.0,19.2698065322,35.0
2016-08-11,3,0,26.0,32.0,0,2.0,17.0769230769,2.0,3.67231638418,52.0,19.6212660866,38.0
2016-08-12,4,0,26.0,30.0,0,2.0,19.8461538462,2.0,2.8431372549,52.0,19.8372072858,48.0
2016-08-13,5,1,25.0,32.0,0,2.0,23.3846153846,2.0,2.53668763103,52.0,20.4320203509,55.0
2016-08-14,6,1,26.0,32.0,0,2.0,27.4615384615,2.0,2.53369272237,55.0,21.0370200603,34.0
2016-08-15,0,0,25.0,31.0,0,2.0,29.9230769231,2.0,2.26633581472,55.0,19.7463201575,41.0
2016-08-16,1,0,25.0,31.0,0,2.0,32.9230769231,2.0,1.96078431373,55.0,18.1763224615,42.0
2016-08-17,2,0,25.0,31.0,0,2.0,36.0,2.0,1.61825726141,55.0,15.9277213591,40.0
2016-08-18,3,0,25.0,30.0,0,2.0,38.9230769231,2.0,1.57692307692,55.0,12.5481321838,55.0
2016-08-19,4,0,26.0,32.0,0,2.0,43.0,2.0,1.59394997091,55.0,7.47302842535,52.0
2016-08-20,5,1,26.0,34.0,1,2.0,44.6153846154,2.0,1.57303370787,55.0,6.95633039356,51.0
2016-08-21,6,1,27.0,35.0,0,2.0,45.0769230769,2.0,1.56746031746,55.0,7.16252575199,43.0
2016-08-22,0,0,27.0,35.0,1,2.0,44.3846153846,2.0,1.36512388967,55.0,6.88966295411,57.0
2016-08-23,1,0,27.0,35.0,1,2.0,45.4615384615,2.0,1.31076388889,57.0,7.6421441274,53.0
2016-08-24,2,0,28.0,36.0,1,2.0,46.8461538462,2.0,1.24542124542,57.0,7.24139971432,60.0
2016-08-25,3,0,27.0,36.0,1,2.0,48.5384615385,2.0,1.29228430255,60.0,7.54081595886,62.0
2016-08-26,4,0,25.0,35.0,0,2.0,49.6153846154,2.0,1.24510850231,62.0,8.34393802561,53.0
2016-08-27,5,1,24.0,32.0,0,2.0,49.4615384615,2.0,1.21654501217,62.0,8.26126628974,76.0
2016-08-28,6,1,26.0,33.0,1,2.0,52.6923076923,2.0,1.2861952862,76.0,9.67458697496,45.0
2016-08-29,0,0,26.0,33.0,1,2.0,53.0,2.0,1.18006103764,76.0,9.35619909677,44.0
2016-08-30,1,0,25.0,32.0,1,2.0,53.1538461538,2.0,1.11788617886,76.0,9.18900809786,50.0
2016-08-31,2,0,25.0,33.0,0,2.0,53.9230769231,2.0,0.927594260928,76.0,8.44403784619,45.0
2016-09-01,3,0,25.0,32.0,0,2.0,53.1538461538,2.0,0.9211398277,76.0,8.7604544477,52.0
2016-09-02,4,0,25.0,31.0,0,2.0,53.1538461538,2.0,0.970297029703,76.0,8.7604544477,44.0
2016-09-03,5,1,25.0,31.0,0,2.0,52.6153846154,2.0,0.940940940941,76.0,9.08539370078,59.0
2016-09-04,6,1,26.0,31.0,0,2.0,53.8461538462,31.0,1.00911458333,76.0,8.77799831612,47.0
2016-09-05,0,0,26.0,32.0,0,31.0,53.0769230769,34.0,0.970873786408,76.0,8.9051544146,54.0
2016-09-06,1,0,26.0,33.0,0,34.0,53.1538461538,34.0,1.02367242482,76.0,8.90847611803,28.0
2016-09-07,2,0,25.0,31.0,0,34.0,50.6923076923,28.0,0.834951456311,76.0,10.8796536666,62.0
2016-09-08,3,0,26.0,32.0,0,35.0,50.6923076923,28.0,0.92574734812,76.0,10.8796536666,47.0
2016-09-09,4,0,26.0,32.0,0,38.0,50.2307692308,28.0,0.885012919897,76.0,10.899215541,77.0
2016-09-10,5,1,25.0,30.0,0,40.0,50.3076923077,28.0,1.17202268431,77.0,11.0827975876,73.0
2016-09-11,6,1,25.0,30.0,0,41.0,52.4615384615,28.0,1.20710784314,77.0,12.4753010422,87.0
2016-09-12,0,0,24.0,33.0,1,42.0,55.7692307692,28.0,1.41323792487,87.0,15.1969321102,59.0
2016-09-13,1,0,26.0,35.0,1,43.0,56.4615384615,28.0,1.29893238434,87.0,15.1231630016,78.0
2016-09-14,2,0,26.0,35.0,1,43.0,59.0,28.0,1.30764740222,87.0,15.74313037,113.0
2016-09-15,3,1,25.0,34.0,1,44.0,63.6923076923,28.0,1.39703827885,113.0,21.1273960512,141.0
2016-09-16,4,1,25.0,34.0,1,44.0,71.1538461538,28.0,1.72781680978,141.0,28.6459720725,70.0
2016-09-17,5,1,25.0,34.0,1,45.0,72.0,28.0,1.69411764706,141.0,28.4361633245,62.0
2016-09-18,6,0,25.0,33.0,1,45.0,73.1538461538,28.0,1.40866873065,141.0,27.6929487105,55.0
2016-09-19,0,0,23.0,32.0,1,45.0,73.2307692308,28.0,0.956766436429,141.0,27.6409780695,49.0
2016-09-20,1,0,24.0,31.0,1,47.0,74.8461538462,28.0,0.849974398361,141.0,25.4795427862,54.0
2016-09-21,2,0,24.0,31.0,1,47.0,74.2307692308,28.0,0.803457920163,141.0,25.8758986352,41.0
2016-09-22,3,0,24.0,32.0,1,47.0,73.7692307692,28.0,0.738461538462,141.0,26.405575886,43.0
2016-09-23,4,0,25.0,32.0,1,47.0,71.1538461538,28.0,0.708237105466,141.0,27.6122775197,72.0
2016-09-24,5,1,25.0,32.0,1,48.0,71.0769230769,28.0,0.792682926829,141.0,27.6084199488,69.0
2016-09-25,6,1,26.0,33.0,1,49.0,69.6923076923,28.0,0.919540229885,141.0,27.2238148443,62.0
2016-09-26,0,0,26.0,34.0,1,50.0,69.9230769231,28.0,1.00844510681,141.0,27.1448012829,40.0
2016-09-27,1,0,27.0,35.0,1,50.0,67.0,28.0,0.841949778434,141.0,28.1452277687,42.0
2016-09-28,2,0,28.0,34.0,1,50.0,61.5384615385,28.0,0.71964017991,141.0,25.4486372149,73.0
2016-09-29,3,0,21.0,28.0,0,51.0,56.3076923077,28.0,0.759803921569,141.0,12.0280736701,82.0
2016-09-30,4,0,20.0,26.0,0,52.0,57.2307692308,28.0,0.962148962149,141.0,13.4230218205,129.0
2016-10-01,5,1,20.0,28.0,0,52.0,62.3846153846,28.0,1.33239502698,141.0,23.4111691343,153.0
2016-10-02,6,1,23.0,31.0,1,52.0,69.9230769231,28.0,1.63192109393,153.0,33.4467695082,120.0
2016-10-03,0,1,24.0,33.0,1,53.0,75.3846153846,28.0,1.73126614987,153.0,35.3282159221,74.0
2016-10-04,1,1,24.0,32.0,1,53.0,76.9230769231,28.0,1.49827288428,153.0,34.7949190333,69.0
2016-10-05,2,1,23.0,33.0,1,54.0,79.0769230769,28.0,1.16888888889,153.0,33.3408078405,75.0
2016-10-06,3,1,25.0,32.0,1,54.0,81.5384615385,40.0,1.01348210135,153.0,31.7286945709,84.0
2016-10-07,4,1,25.0,31.0,1,55.0,82.4615384615,40.0,1.04972375691,153.0,31.6121091322,83.0
2016-10-08,5,0,24.0,31.0,0,55.0,83.5384615385,40.0,1.09825277967,153.0,31.3727353081,58.0
2016-10-09,6,0,22.0,30.0,1,55.0,83.2307692308,40.0,1.01902173913,153.0,31.6012508179,52.0
2016-10-10,0,0,22.0,30.0,1,55.0,84.1538461538,40.0,0.872316384181,153.0,30.4803749065,42.0
2016-10-11,1,0,21.0,28.0,0,55.0,84.1538461538,40.0,0.692640692641,153.0,30.4803749065,62.0
2016-10-12,2,0,20.0,25.0,0,57.0,83.3076923077,40.0,0.700808625337,153.0,30.9276690046,50.0
2016-10-13,3,0,22.0,28.0,1,57.0,80.8461538462,40.0,0.688575899844,153.0,32.1818060254,63.0
2016-10-14,4,0,20.0,30.0,1,58.0,75.7692307692,40.0,0.787224471435,153.0,29.2578821626,64.0
2016-10-15,5,1,21.0,31.0,1,59.0,68.9230769231,40.0,0.798916723087,153.0,18.9998442846,69.0
2016-10-16,6,1,24.0,32.0,1,59.0,65.0,40.0,0.880503144654,153.0,12.0384000981,43.0
2016-10-17,0,0,23.0,32.0,1,59.0,62.6153846154,40.0,0.789060748711,153.0,13.0474781621,70.0
2016-10-18,1,0,23.0,26.0,0,60.0,62.6923076923,40.0,0.800880088009,153.0,13.0877782999,56.0
2016-10-19,2,0,23.0,27.0,0,60.0,61.2307692308,40.0,0.752113929684,153.0,12.6864788481,55.0
2016-10-20,3,0,24.0,31.0,1,60.0,59.0,40.0,0.820303648312,153.0,10.9122373085,68.0
2016-10-21,4,0,24.0,27.0,0,62.0,57.8461538462,40.0,0.8463356974,153.0,8.92572904884,52.0
2016-10-22,5,1,24.0,30.0,1,62.0,57.3846153846,40.0,0.891265597148,153.0,9.05995807036,81.0
2016-10-23,6,1,24.0,31.0,1,62.0,59.6153846154,40.0,1.05511811024,153.0,10.8524259006,59.0
2016-10-24,0,0,24.0,30.0,1,62.0,60.9230769231,40.0,1.01992031873,153.0,9.60337711802,50.0
2016-10-25,1,0,24.0,31.0,1,62.0,60.0,40.0,1.02481121899,153.0,10.0230503571,59.0
2016-10-26,2,0,25.0,32.0,1,59.0,60.6923076923,42.0,0.918032786885,153.0,9.61076812254,55.0
2016-10-27,3,0,24.0,33.0,1,59.0,60.0769230769,42.0,0.917996081724,153.0,9.69902087415,63.0
2016-10-28,4,0,22.0,33.0,1,62.0,60.0,42.0,1.00768573868,153.0,9.67152839723,84.0
2016-10-29,5,1,20.0,29.0,1,62.0,61.1538461538,42.0,1.12503480925,153.0,11.4142027172,60.0
2016-10-30,6,1,19.0,28.0,1,62.0,62.4615384615,42.0,1.14522821577,153.0,10.1649123846,64.0
2016-10-31,0,0,19.0,27.0,1,62.0,62.0,42.0,1.13012768269,120.0,9.94600808984,64.0
