time_stamp,dayofweek,holiday,lt,ht,sunny,m2M,w2A,m1L,d3w3,m1Lar,w2Std,pay_sum
2016-08-01,0,0,28.0,35.0,1,1.0,1.0,1.0,1.0,1.0,0.0,1.0
2016-08-02,1,0,29.0,36.0,0,1.0,1.0,1.0,1.0,1.0,0.0,1.0
2016-08-03,2,0,26.0,32.0,0,1.0,1.0,1.0,1.0,1.0,0.0,1.0
2016-08-04,3,0,27.0,34.0,0,1.0,1.0,1.0,1.0,1.0,0.0,1.0
2016-08-05,4,0,27.0,34.0,0,1.0,1.0,1.0,1.0,1.0,0.0,1.0
2016-08-06,5,1,27.0,34.0,0,1.0,1.0,1.0,1.0,1.0,0.0,1.0
2016-08-07,6,1,27.0,34.0,1,1.0,1.0,1.0,1.0,1.0,0.0,1.0
2016-08-08,0,0,27.0,32.0,0,1.0,1.0,1.0,1.0,1.0,0.0,1.0
2016-08-09,1,0,27.0,30.0,0,1.0,1.0,1.0,1.0,1.0,0.0,1.0
2016-08-10,2,0,27.0,35.0,1,1.0,1.0,1.0,1.0,1.0,0.0,1.0
2016-08-11,3,0,28.0,34.0,0,1.0,1.0,1.0,1.0,1.0,0.0,1.0
2016-08-12,4,0,28.0,35.0,1,1.0,1.0,1.0,1.0,1.0,0.0,1.0
2016-08-13,5,1,28.0,35.0,1,1.0,1.0,1.0,1.0,1.0,0.0,1.0
2016-08-14,6,1,28.0,35.0,1,1.0,1.0,1.0,1.0,1.0,0.0,1.0
2016-08-15,0,0,29.0,35.0,1,1.0,1.0,1.0,1.0,1.0,0.0,1.0
2016-08-16,1,0,29.0,36.0,1,1.0,1.0,1.0,1.0,1.0,0.0,1.0
2016-08-17,2,0,29.0,35.0,1,1.0,1.0,1.0,1.0,1.0,0.0,1.0
2016-08-18,3,0,29.0,36.0,1,1.0,1.0,1.0,1.0,1.0,0.0,1.0
2016-08-19,4,0,29.0,38.0,1,1.0,1.0,1.0,1.0,1.0,0.0,1.0
2016-08-20,5,1,29.0,37.0,0,1.0,1.0,1.0,1.0,1.0,0.0,1.0
2016-08-21,6,1,28.0,34.0,0,1.0,1.0,1.0,1.0,1.0,0.0,1.0
2016-08-22,0,0,29.0,35.0,1,1.0,1.0,1.0,1.0,1.0,0.0,1.0
2016-08-23,1,0,27.0,33.0,0,1.0,1.0,1.0,1.0,1.0,0.0,1.0
2016-08-24,2,0,27.0,35.0,1,1.0,1.0,1.0,1.0,1.0,0.0,1.0
2016-08-25,3,0,27.0,35.0,1,1.0,1.0,1.0,1.0,1.0,0.0,1.0
2016-08-26,4,0,25.0,34.0,0,1.0,1.0,1.0,1.0,1.0,0.0,1.0
2016-08-27,5,1,24.0,31.0,1,1.0,1.0,1.0,1.0,1.0,0.0,1.0
2016-08-28,6,1,21.0,31.0,1,1.0,1.0,1.0,1.0,1.0,0.0,1.0
2016-08-29,0,0,22.0,31.0,1,1.0,1.0,1.0,1.0,1.0,0.0,1.0
2016-08-30,1,0,22.0,33.0,1,1.0,1.0,1.0,1.0,1.0,0.0,1.0
2016-08-31,2,0,23.0,34.0,1,1.0,1.0,1.0,1.0,1.0,0.0,1.0
2016-09-01,3,0,23.0,31.0,1,1.0,1.0,1.0,1.0,1.0,0.0,1.0
2016-09-02,4,0,23.0,34.0,1,1.0,1.0,1.0,1.0,1.0,0.0,1.0
2016-09-03,5,1,23.0,33.0,1,1.0,1.0,1.0,1.0,1.0,0.0,1.0
2016-09-04,6,1,24.0,31.0,1,1.0,1.0,1.0,1.0,1.0,0.0,1.0
2016-09-05,0,0,24.0,28.0,0,1.0,1.0,1.0,1.0,1.0,0.0,1.0
2016-09-06,1,0,23.0,28.0,0,1.0,1.0,1.0,1.0,1.0,0.0,1.0
2016-09-07,2,0,21.0,26.0,0,1.0,1.0,1.0,1.0,1.0,0.0,11.0
2016-09-08,3,0,21.0,29.0,1,1.0,1.76923076923,1.0,2.88888888889,11.0,2.66469355011,24.0
2016-09-09,4,0,24.0,31.0,1,1.0,3.53846153846,1.0,4.52830188679,24.0,6.47617390149,99.0
2016-09-10,5,1,23.0,28.0,1,1.0,11.0769230769,1.0,5.91611479029,99.0,26.1841453451,136.0
2016-09-11,6,1,20.0,23.0,0,1.0,21.4615384615,1.0,6.0372960373,136.0,42.0761496202,148.0
2016-09-12,0,0,21.0,27.0,1,1.0,32.7692307692,1.0,5.89684372594,148.0,53.3106337295,128.0
2016-09-13,1,0,22.0,27.0,1,1.0,42.5384615385,1.0,4.90476190476,148.0,58.0220321345,117.0
2016-09-14,2,0,21.0,23.0,0,1.0,51.4615384615,1.0,3.87573964497,148.0,59.8390345775,134.0
2016-09-15,3,1,24.0,26.0,0,1.0,61.6923076923,1.0,3.123197363,148.0,61.6783026497,75.0
2016-09-16,4,1,22.0,28.0,0,1.0,67.3846153846,1.0,2.46130615327,148.0,59.1783984257,77.0
2016-09-17,5,1,23.0,29.0,1,1.0,73.2307692308,1.0,1.98818213417,148.0,56.0002113267,103.0
2016-09-18,6,0,22.0,25.0,0,1.0,81.0769230769,1.0,1.60226201697,148.0,52.3574424046,157.0
2016-09-19,0,0,20.0,27.0,1,1.0,93.0769230769,1.0,1.84606956998,157.0,50.4723253011,194.0
2016-09-20,1,0,20.0,26.0,1,1.0,107.923076923,1.0,2.14657210402,194.0,49.5820400773,220.0
2016-09-21,2,0,20.0,26.0,1,1.0,124.0,1.0,2.33681195007,220.0,49.4321601949,233.0
2016-09-22,3,0,19.0,28.0,1,1.0,140.076923077,1.0,2.31775031345,233.0,48.2676217936,204.0
2016-09-23,4,0,21.0,29.0,1,1.0,148.153846154,1.0,2.12209302326,233.0,49.4879101846,215.0
2016-09-24,5,1,21.0,29.0,1,1.0,154.230769231,1.0,1.90810652619,233.0,52.3878345334,149.0
2016-09-25,6,1,22.0,30.0,1,1.0,154.307692308,1.0,1.56086837043,233.0,52.3793626645,185.0
2016-09-26,0,0,24.0,30.0,1,1.0,158.692307692,1.0,1.40229885057,233.0,52.3793626645,260.0
2016-09-27,1,0,25.0,28.0,0,1.0,169.692307692,1.0,1.38027187173,260.0,57.2570245813,244.0
2016-09-28,2,0,23.0,28.0,0,1.0,178.153846154,1.0,1.48076509779,260.0,59.4433746762,247.0
2016-09-29,3,0,23.0,25.0,0,1.0,191.384615385,1.0,1.50576441103,260.0,53.8938250517,191.0
2016-09-30,4,0,22.0,29.0,0,1.0,200.153846154,1.0,1.3306018925,260.0,42.6756031075,140.0
2016-10-01,5,1,23.0,27.0,0,1.0,203.0,1.0,1.12637630323,260.0,36.9511111522,23.0
2016-10-02,6,1,23.0,31.0,1,1.0,192.692307692,1.0,0.716019417476,260.0,59.905546957,31.0
2016-10-03,0,1,20.0,25.0,0,1.0,180.153846154,1.0,0.404293008232,260.0,73.772880314,33.0
2016-10-04,1,1,20.0,26.0,1,1.0,165.769230769,1.0,0.186195826645,260.0,82.3352937185,36.0
2016-10-05,2,1,22.0,27.0,1,1.0,150.615384615,1.0,0.220970058557,260.0,86.5861407115,37.0
2016-10-06,3,1,22.0,27.0,0,1.0,137.769230769,11.0,0.237216068032,260.0,90.0326042192,49.0
2016-10-07,4,1,20.0,27.0,0,11.0,125.0,23.0,0.275612786626,260.0,89.9452825119,188.0
2016-10-08,5,0,17.0,21.0,0,23.0,128.0,23.0,0.601668862538,260.0,91.3353920786,178.0
2016-10-09,6,0,16.0,22.0,1,24.0,127.461538462,23.0,0.905026714644,260.0,91.0178472648,220.0
2016-10-10,0,0,17.0,22.0,1,31.0,124.384615385,23.0,1.26716401773,260.0,87.0760396802,200.0
2016-10-11,1,0,18.0,23.0,1,33.0,121.0,23.0,1.30155620851,260.0,83.1264097625,231.0
2016-10-12,2,0,19.0,24.0,1,36.0,119.769230769,23.0,1.41783730807,260.0,81.3512364297,234.0
2016-10-13,3,0,18.0,23.0,1,37.0,123.076923077,23.0,1.43427154103,260.0,84.9737167857,183.0
2016-10-14,4,0,20.0,21.0,0,49.0,126.384615385,23.0,1.41222621772,260.0,86.3931429451,206.0
2016-10-15,5,1,20.0,24.0,0,75.0,140.461538462,23.0,1.33290543432,260.0,83.2527341982,175.0
2016-10-16,6,1,20.0,26.0,1,77.0,151.538461538,23.0,1.21056020605,260.0,77.3201291183,247.0
2016-10-17,0,0,19.0,22.0,0,99.0,168.0,23.0,1.3535941373,260.0,72.9899887761,261.0
2016-10-18,1,0,20.0,24.0,0,103.0,185.307692308,23.0,1.4640943194,261.0,65.9771342855,234.0
2016-10-19,2,0,19.0,22.0,0,117.0,200.461538462,23.0,1.59724464536,261.0,51.1252088724,270.0
2016-10-20,3,0,21.0,25.0,0,128.0,217.461538462,23.0,1.60579345088,270.0,30.5302255897,258.0
2016-10-21,4,0,22.0,27.0,0,134.0,222.846153846,23.0,1.54219793564,270.0,31.0281414547,239.0
2016-10-22,5,1,19.0,23.0,0,136.0,227.538461538,23.0,1.45679012346,270.0,28.3918064687,177.0
2016-10-23,6,1,18.0,21.0,0,140.0,224.230769231,23.0,1.22902990518,270.0,31.4206053072,257.0
2016-10-24,0,0,19.0,23.0,1,148.0,228.615384615,23.0,1.15635738832,270.0,31.7091068247,349.0
2016-10-25,1,0,21.0,24.0,1,149.0,237.692307692,23.0,1.24493202957,349.0,45.1380525387,270.0
2016-10-26,2,0,20.0,26.0,0,157.0,240.461538462,23.0,1.31947582467,349.0,45.9240432832,166.0
2016-10-27,3,0,20.0,25.0,1,166.0,239.153846154,23.0,1.15195538924,349.0,47.74748669,160.0
2016-10-28,4,0,14.0,21.0,0,166.0,235.615384615,23.0,0.880029531192,349.0,51.620715075,208.0
2016-10-29,5,1,12.0,15.0,0,175.0,238.153846154,23.0,0.783278327833,349.0,49.3384639371,139.0
2016-10-30,6,1,14.0,17.0,1,175.0,229.846153846,23.0,0.757168458781,349.0,55.8167966915,256.0
2016-10-31,0,0,14.0,16.0,0,177.0,229.461538462,31.0,0.889380530973,349.0,55.6176720457,197.0
