time_stamp,dayofweek,holiday,lt,ht,sunny,m2M,w2A,m1L,d3w3,m1Lar,w2Std,pay_sum
2016-08-01,0,0,25.0,35.0,0,32.0,34.7692307692,27.0,0.875232774674,58.0,5.47938579031,35.0
2016-08-02,1,0,25.0,29.0,0,34.0,35.0769230769,27.0,0.952380952381,58.0,5.37031066945,17.0
2016-08-03,2,0,25.0,31.0,0,34.0,33.4615384615,17.0,0.877712031558,58.0,7.12109957602,32.0
2016-08-04,3,0,26.0,32.0,1,34.0,33.6153846154,17.0,0.845921450151,58.0,7.06604515149,32.0
2016-08-05,4,0,26.0,34.0,1,34.0,32.7692307692,17.0,0.813253012048,58.0,6.52985859376,41.0
2016-08-06,5,1,27.0,35.0,1,34.0,32.6923076923,17.0,1.04011887073,58.0,6.42572492629,35.0
2016-08-07,6,1,27.0,36.0,1,35.0,32.0769230769,17.0,1.06194690265,58.0,5.75742381574,36.0
2016-08-08,0,0,27.0,35.0,0,35.0,32.0769230769,17.0,1.09803921569,53.0,5.75742381574,32.0
2016-08-09,1,0,25.0,34.0,0,35.0,32.0769230769,17.0,1.00832109643,53.0,5.75742381574,21.0
2016-08-10,2,0,26.0,31.0,0,35.0,31.6153846154,17.0,0.893574297189,51.0,6.35535463561,21.0
2016-08-11,3,0,26.0,32.0,0,35.0,30.4615384615,17.0,0.753180661578,46.0,6.80062649394,31.0
2016-08-12,4,0,26.0,30.0,0,35.0,30.6153846154,17.0,0.756868843961,46.0,6.78843429936,26.0
2016-08-13,5,1,25.0,32.0,0,35.0,30.4615384615,17.0,0.829346092504,43.0,6.86815824171,24.0
2016-08-14,6,1,26.0,32.0,0,35.0,29.4615384615,17.0,0.888157894737,43.0,6.7893058965,24.0
2016-08-15,0,0,25.0,31.0,0,35.0,28.6153846154,17.0,0.82774049217,43.0,6.73153841759,32.0
2016-08-16,1,0,25.0,31.0,0,35.0,29.7692307692,17.0,0.89485458613,43.0,5.872410672,35.0
2016-08-17,2,0,25.0,31.0,0,35.0,30.0,17.0,1.00441501104,43.0,6.01280684488,33.0
2016-08-18,3,0,25.0,30.0,0,35.0,30.0769230769,17.0,1.10926234054,43.0,6.04421577863,31.0
2016-08-19,4,0,26.0,32.0,0,35.0,29.3076923077,17.0,1.09452736318,43.0,5.1796141137,24.0
2016-08-20,5,1,26.0,34.0,1,35.0,28.4615384615,17.0,0.979410127991,43.0,5.07808844434,29.0
2016-08-21,6,1,27.0,35.0,0,35.0,27.9230769231,17.0,0.947546531303,43.0,4.59868774696,30.0
2016-08-22,0,0,27.0,35.0,1,35.0,27.7692307692,17.0,0.94425483504,43.0,4.49193886789,35.0
2016-08-23,1,0,27.0,35.0,1,35.0,28.8461538462,17.0,1.03752759382,41.0,4.41755508165,27.0
2016-08-24,2,0,28.0,36.0,1,35.0,29.3076923077,17.0,1.02392877017,41.0,3.85076646486,32.0
2016-08-25,3,0,27.0,36.0,1,34.0,29.3846153846,17.0,1.04618809126,41.0,3.89355407226,52.0
2016-08-26,4,0,25.0,35.0,0,34.0,31.3846153846,17.0,1.2131147541,52.0,7.04423890673,31.0
2016-08-27,5,1,24.0,32.0,0,34.0,31.9230769231,17.0,1.26512651265,52.0,6.71922086213,33.0
2016-08-28,6,1,26.0,33.0,1,33.0,32.6153846154,17.0,1.28247650636,52.0,6.31893931628,41.0
2016-08-29,0,0,26.0,33.0,1,33.0,33.3076923077,17.0,1.14379084967,52.0,6.69540158369,36.0
2016-08-30,1,0,25.0,32.0,1,33.0,33.3846153846,17.0,1.16959064327,52.0,6.72010143626,38.0
2016-08-31,2,0,25.0,33.0,0,33.0,33.7692307692,17.0,1.19047619048,52.0,6.82927911675,26.0
2016-09-01,3,0,25.0,32.0,0,33.0,33.3846153846,21.0,1.04329681794,52.0,7.10945699039,30.0
2016-09-02,4,0,25.0,31.0,0,32.0,33.8461538462,21.0,0.974598237429,52.0,6.66617355178,50.0
2016-09-03,5,1,25.0,31.0,0,32.0,35.4615384615,21.0,1.05630293971,52.0,7.7520754999,52.0
2016-09-04,6,1,26.0,31.0,0,33.0,37.1538461538,21.0,1.26255380201,52.0,8.71644029182,58.0
2016-09-05,0,0,26.0,32.0,0,33.0,38.9230769231,21.0,1.47533425542,58.0,10.2916062771,52.0
2016-09-06,1,0,26.0,33.0,0,33.0,40.8461538462,21.0,1.45945945946,58.0,10.219484812,52.0
2016-09-07,2,0,25.0,31.0,0,33.0,42.3846153846,21.0,1.42292490119,58.0,10.2772224738,61.0
2016-09-08,3,0,26.0,32.0,0,33.0,43.0769230769,21.0,1.39416983523,61.0,11.1663060379,74.0
2016-09-09,4,0,26.0,32.0,0,33.0,46.3846153846,24.0,1.48589590783,74.0,13.269620953,61.0
2016-09-10,5,1,25.0,30.0,0,33.0,48.5384615385,24.0,1.50019135094,74.0,13.1944941,69.0
2016-09-11,6,1,25.0,30.0,0,33.0,50.6923076923,24.0,1.49450549451,74.0,14.0459937644,67.0
2016-09-12,0,0,24.0,33.0,1,33.0,53.0769230769,24.0,1.39419674452,74.0,13.980544385,71.0
2016-09-13,1,0,26.0,35.0,1,33.0,55.6153846154,24.0,1.39959432049,74.0,14.008450535,71.0
2016-09-14,2,0,26.0,35.0,1,34.0,59.0769230769,24.0,1.3593495935,74.0,11.6186954018,81.0
2016-09-15,3,1,25.0,34.0,1,35.0,63.0,24.0,1.41049968374,81.0,9.56757344045,51.0
2016-09-16,4,1,25.0,34.0,1,35.0,63.0769230769,24.0,1.26008690255,81.0,9.46622773102,59.0
2016-09-17,5,1,25.0,34.0,1,35.0,63.6153846154,24.0,1.15757575758,81.0,9.00887136736,57.0
2016-09-18,6,0,25.0,33.0,1,35.0,63.5384615385,26.0,0.99761051374,81.0,9.06061115799,57.0
2016-09-19,0,0,23.0,32.0,1,35.0,63.9230769231,26.0,1.01436528877,81.0,8.65991240373,72.0
2016-09-20,1,0,24.0,31.0,1,35.0,65.4615384615,26.0,1.05892399658,81.0,8.16762261442,80.0
2016-09-21,2,0,24.0,31.0,1,35.0,66.9230769231,26.0,1.13741496599,81.0,8.9051544146,107.0
2016-09-22,3,0,24.0,32.0,1,35.0,69.4615384615,26.0,1.32616487455,107.0,13.8764625542,121.0
2016-09-23,4,0,25.0,32.0,1,35.0,74.0769230769,26.0,1.4955086186,121.0,19.2372296841,93.0
2016-09-24,5,1,25.0,32.0,1,36.0,75.9230769231,26.0,1.51343705799,121.0,19.8046674315,82.0
2016-09-25,6,1,26.0,33.0,1,36.0,77.0769230769,26.0,1.37227630969,121.0,19.6877999648,73.0
2016-09-26,0,0,26.0,34.0,1,36.0,77.2307692308,26.0,1.13319625314,121.0,19.6474850462,98.0
2016-09-27,1,0,27.0,35.0,1,37.0,79.3076923077,26.0,1.12070874862,121.0,20.2954508559,96.0
2016-09-28,2,0,28.0,34.0,1,38.0,80.4615384615,26.0,1.15584415584,121.0,20.7794846483,116.0
2016-09-29,3,0,21.0,28.0,0,41.0,85.4615384615,26.0,1.30636325327,121.0,20.9086488715,83.0
2016-09-30,4,0,20.0,26.0,0,41.0,87.3076923077,30.0,1.22610141313,121.0,19.5029962802,191.0
2016-10-01,5,1,20.0,28.0,0,50.0,97.6153846154,50.0,1.50637311703,191.0,32.1020930579,70.0
2016-10-02,6,1,23.0,31.0,1,51.0,98.6153846154,51.0,1.32639290534,191.0,31.0050578046,47.0
2016-10-03,0,1,24.0,33.0,1,51.0,96.6923076923,47.0,1.20430107527,191.0,33.2875227615,40.0
2016-10-04,1,1,24.0,32.0,1,51.0,93.6153846154,40.0,0.625248904819,191.0,36.3921768041,34.0
2016-10-05,2,1,23.0,33.0,1,51.0,88.0,34.0,0.495800040975,191.0,39.4012885381,54.0
2016-10-06,3,1,25.0,32.0,1,52.0,82.8461538462,34.0,0.523517382413,191.0,39.1286756029,66.0
2016-10-07,4,1,25.0,31.0,1,52.0,80.7692307692,34.0,0.627163510487,191.0,39.2509751886,79.0
2016-10-08,5,0,24.0,31.0,0,52.0,80.5384615385,34.0,0.799678521198,191.0,39.2518796897,80.0
2016-10-09,6,0,22.0,30.0,1,52.0,81.0769230769,34.0,0.89179548157,191.0,39.1927417504,74.0
2016-10-10,0,0,22.0,30.0,1,54.0,79.2307692308,34.0,0.922406967538,191.0,38.916387385,81.0
2016-10-11,1,0,21.0,28.0,0,57.0,78.0769230769,34.0,0.929772502473,191.0,38.6233519209,91.0
2016-10-12,2,0,20.0,25.0,0,57.0,76.1538461538,34.0,0.982624325944,191.0,37.2865126241,97.0
2016-10-13,3,0,22.0,28.0,1,58.0,77.2307692308,34.0,1.09017223911,191.0,37.6689095351,98.0
2016-10-14,4,0,20.0,30.0,1,59.0,70.0769230769,34.0,1.15555555556,191.0,20.1321080652,67.0
2016-10-15,5,1,21.0,31.0,1,61.0,69.8461538462,34.0,1.06829765545,191.0,20.1488543436,93.0
2016-10-16,6,1,24.0,32.0,1,61.0,73.3846153846,34.0,1.03927492447,191.0,19.8631412092,83.0
2016-10-17,0,0,23.0,32.0,1,66.0,76.6923076923,34.0,0.987804878049,191.0,17.4637409658,88.0
2016-10-18,1,0,23.0,26.0,0,67.0,80.8461538462,34.0,1.07843137255,191.0,12.5443591604,127.0
2016-10-19,2,0,23.0,27.0,0,67.0,86.4615384615,34.0,1.20917021708,191.0,15.3051795386,107.0
2016-10-20,3,0,24.0,31.0,1,69.0,89.6153846154,34.0,1.28774245151,191.0,14.9848049269,91.0
2016-10-21,4,0,24.0,27.0,0,70.0,90.5384615385,34.0,1.38268453521,191.0,14.6687285623,83.0
2016-10-22,5,1,24.0,30.0,1,71.0,90.7692307692,34.0,1.18565400844,191.0,14.5240058373,122.0
2016-10-23,6,1,24.0,31.0,1,71.0,94.4615384615,34.0,1.19234642497,191.0,15.8338264223,99.0
2016-10-24,0,0,24.0,30.0,1,72.0,95.8461538462,34.0,1.1824192921,191.0,15.3765363402,105.0
2016-10-25,1,0,24.0,31.0,1,73.0,96.9230769231,34.0,1.21755368814,191.0,15.4892594969,105.0
2016-10-26,2,0,25.0,32.0,1,74.0,97.5384615385,34.0,1.1220043573,191.0,15.6382931619,108.0
2016-10-27,3,0,24.0,33.0,1,74.0,98.3076923077,34.0,1.12886048988,191.0,15.8860587908,100.0
2016-10-28,4,0,22.0,33.0,1,79.0,100.846153846,34.0,1.09882394243,191.0,13.0669645339,100.0
2016-10-29,5,1,20.0,29.0,1,80.0,101.384615385,34.0,1.07000173702,191.0,12.8753698172,102.0
2016-10-30,6,1,19.0,28.0,1,80.0,102.846153846,34.0,1.03406950865,127.0,11.7332279895,118.0
2016-10-31,0,0,19.0,27.0,1,81.0,105.153846154,34.0,1.0752688172,127.0,11.5348712363,118.0
