time_stamp,dayofweek,holiday,lt,ht,sunny,m2M,w2A,m1L,d3w3,m1Lar,w2Std,pay_sum
2016-08-01,0,0,26.0,34.0,1,30.0,41.0,19.0,0.993939393939,47.0,0.0,41.0
2016-08-02,1,0,24.0,33.0,1,32.0,41.0,19.0,1.0,47.0,0.0,41.0
2016-08-03,2,0,23.0,33.0,1,33.0,41.0,19.0,1.0,47.0,0.0,41.0
2016-08-04,3,0,23.0,31.0,1,35.0,41.0,30.0,1.0,47.0,0.0,41.0
2016-08-05,4,0,24.0,32.0,0,37.0,41.0,30.0,1.0,47.0,0.0,41.0
2016-08-06,5,1,23.0,30.0,1,39.0,41.0,35.0,1.0,47.0,0.0,41.0
2016-08-07,6,1,23.0,30.0,0,41.0,41.0,41.0,1.0,47.0,0.0,41.0
2016-08-08,0,0,22.0,30.0,1,41.0,41.0,41.0,1.0,47.0,0.0,41.0
2016-08-09,1,0,23.0,31.0,1,41.0,41.0,41.0,1.0,47.0,0.0,41.0
2016-08-10,2,0,25.0,33.0,1,41.0,41.0,41.0,1.0,46.0,0.0,41.0
2016-08-11,3,0,25.0,34.0,1,41.0,41.0,41.0,1.0,41.0,0.0,41.0
2016-08-12,4,0,26.0,36.0,1,41.0,41.0,41.0,1.0,41.0,0.0,41.0
2016-08-13,5,1,27.0,37.0,1,41.0,41.0,41.0,1.0,41.0,0.0,41.0
2016-08-14,6,1,27.0,38.0,1,41.0,41.0,41.0,1.0,41.0,0.0,41.0
2016-08-15,0,0,28.0,38.0,1,41.0,41.0,41.0,1.0,41.0,0.0,41.0
2016-08-16,1,0,27.0,37.0,1,41.0,41.0,41.0,1.0,41.0,0.0,41.0
2016-08-17,2,0,26.0,37.0,1,41.0,41.0,41.0,1.0,41.0,0.0,41.0
2016-08-18,3,0,27.0,37.0,1,41.0,41.0,41.0,1.0,41.0,0.0,41.0
2016-08-19,4,0,27.0,37.0,1,41.0,41.0,41.0,1.0,41.0,0.0,41.0
2016-08-20,5,1,26.0,37.0,1,41.0,41.0,41.0,1.0,41.0,0.0,41.0
2016-08-21,6,1,26.0,35.0,1,41.0,41.0,41.0,1.0,41.0,0.0,41.0
2016-08-22,0,0,25.0,35.0,1,41.0,41.0,41.0,1.0,41.0,0.0,41.0
2016-08-23,1,0,25.0,35.0,1,41.0,41.0,41.0,1.0,41.0,0.0,41.0
2016-08-24,2,0,26.0,35.0,1,41.0,41.0,41.0,1.0,41.0,0.0,41.0
2016-08-25,3,0,22.0,27.0,0,41.0,41.0,41.0,1.0,41.0,0.0,41.0
2016-08-26,4,0,20.0,24.0,0,41.0,41.0,41.0,1.0,41.0,0.0,41.0
2016-08-27,5,1,18.0,29.0,1,41.0,41.0,41.0,1.0,41.0,0.0,41.0
2016-08-28,6,1,19.0,31.0,1,41.0,41.0,41.0,1.0,41.0,0.0,41.0
2016-08-29,0,0,20.0,30.0,1,41.0,41.0,41.0,1.0,41.0,0.0,25.0
2016-08-30,1,0,20.0,28.0,1,41.0,39.7692307692,25.0,0.887230514096,41.0,4.26350968017,17.0
2016-08-31,2,0,19.0,31.0,1,41.0,37.9230769231,17.0,0.709401709402,41.0,7.38461538462,22.0
2016-09-01,3,0,19.0,33.0,1,41.0,36.4615384615,17.0,0.560665790626,41.0,8.43632607437,26.0
2016-09-02,4,0,20.0,33.0,1,41.0,35.3076923077,17.0,0.580875781948,41.0,8.75640087096,26.0
2016-09-03,5,1,20.0,30.0,1,41.0,34.1538461538,17.0,0.674874601003,41.0,8.91710675608,14.0
2016-09-04,6,1,19.0,31.0,1,41.0,32.0769230769,14.0,0.625,41.0,10.141017537,22.0
2016-09-05,0,0,21.0,29.0,1,41.0,30.6153846154,14.0,0.603406326034,41.0,10.1188207092,26.0
2016-09-06,1,0,16.0,26.0,0,41.0,29.4615384615,14.0,0.616915422886,41.0,9.71608804324,21.0
2016-09-07,2,0,16.0,28.0,1,41.0,27.9230769231,14.0,0.707692307692,41.0,9.34354189523,109.0
2016-09-08,3,0,19.0,31.0,1,41.0,33.1538461538,14.0,1.44846796657,109.0,23.5039968904,89.0
2016-09-09,4,0,18.0,27.0,0,41.0,36.8461538462,14.0,1.90600522193,109.0,27.8204301074,131.0
2016-09-10,5,1,17.0,29.0,1,41.0,43.7692307692,14.0,2.56230529595,131.0,37.505187018,132.0
2016-09-11,6,1,19.0,30.0,1,41.0,50.7692307692,14.0,2.47800070398,132.0,44.2252170428,124.0
2016-09-12,0,0,18.0,25.0,1,41.0,58.3846153846,14.0,2.50485436893,132.0,47.5322375811,169.0
2016-09-13,1,0,19.0,26.0,0,41.0,70.0769230769,14.0,2.4467472654,169.0,54.1486011446,137.0
2016-09-14,2,0,18.0,27.0,1,41.0,78.9230769231,14.0,2.28601807549,169.0,54.9593717611,153.0
2016-09-15,3,1,19.0,27.0,0,41.0,88.6923076923,14.0,2.24011713031,169.0,55.9620539231,95.0
2016-09-16,4,1,19.0,29.0,1,41.0,94.0,14.0,1.80751173709,169.0,52.9557144443,122.0
2016-09-17,5,1,20.0,29.0,1,41.0,102.307692308,14.0,1.64334887853,169.0,47.9926029803,136.0
2016-09-18,6,0,18.0,24.0,0,41.0,111.076923077,14.0,1.47451963241,169.0,42.6334313357,144.0
2016-09-19,0,0,16.0,20.0,0,41.0,120.153846154,14.0,1.56268221574,169.0,35.5221407746,177.0
2016-09-20,1,0,16.0,21.0,0,41.0,132.153846154,14.0,1.62488888889,177.0,24.7008132966,162.0
2016-09-21,2,0,15.0,27.0,1,41.0,136.230769231,14.0,1.59801488834,177.0,24.915715912,191.0
2016-09-22,3,0,16.0,28.0,1,41.0,144.076923077,14.0,1.62079510703,191.0,24.8672213612,177.0
2016-09-23,4,0,18.0,27.0,1,41.0,147.615384615,14.0,1.5158015158,191.0,26.0015930327,184.0
2016-09-24,5,1,17.0,24.0,0,41.0,151.615384615,14.0,1.47141143543,191.0,27.2609567571,120.0
2016-09-25,6,1,18.0,27.0,1,41.0,151.307692308,14.0,1.23380787482,191.0,27.5914831212,158.0
2016-09-26,0,0,18.0,24.0,0,41.0,150.461538462,14.0,1.12779201758,191.0,27.2018534001,175.0
2016-09-27,1,0,16.0,23.0,0,41.0,153.384615385,14.0,1.04679376083,191.0,27.6364821916,168.0
2016-09-28,2,0,15.0,24.0,1,41.0,154.538461538,14.0,1.13451086957,191.0,27.9081333185,182.0
2016-09-29,3,0,14.0,21.0,1,41.0,161.230769231,14.0,1.1524530787,191.0,22.7905305779,197.0
2016-09-30,4,0,16.0,25.0,1,41.0,167.0,14.0,1.17520678913,197.0,21.5905962436,153.0
2016-10-01,5,1,15.0,27.0,1,41.0,168.307692308,14.0,1.13529662825,197.0,20.1394546385,84.0
2016-10-02,6,1,17.0,29.0,1,41.0,163.692307692,14.0,0.938175529615,197.0,29.7589924752,106.0
2016-10-03,0,1,17.0,30.0,1,41.0,158.230769231,21.0,0.756923755931,197.0,33.1387615157,101.0
2016-10-04,1,1,15.0,23.0,1,41.0,153.538461538,21.0,0.649916247906,197.0,36.4282548509,107.0
2016-10-05,2,1,14.0,20.0,1,41.0,147.076923077,21.0,0.712260406034,197.0,36.6594757159,121.0
2016-10-06,3,1,14.0,18.0,0,41.0,142.769230769,84.0,0.739741427768,197.0,36.1772428387,131.0
2016-10-07,4,1,11.0,17.0,0,84.0,138.692307692,84.0,0.804752297691,197.0,34.2353497368,106.0
2016-10-08,5,0,13.0,20.0,1,89.0,137.615384615,84.0,0.810688405797,197.0,35.0176624918,150.0
2016-10-09,6,0,11.0,18.0,0,95.0,137.0,84.0,0.874576271186,197.0,34.7230803313,150.0
2016-10-10,0,0,12.0,18.0,1,101.0,135.076923077,84.0,0.92598928042,197.0,33.2252488292,155.0
2016-10-11,1,0,12.0,18.0,1,106.0,134.076923077,84.0,1.04023776863,197.0,32.4047991186,150.0
2016-10-12,2,0,12.0,18.0,0,106.0,131.615384615,84.0,1.05507246377,197.0,29.7800616354,150.0
2016-10-13,3,0,12.0,18.0,1,107.0,128.0,84.0,1.06507490637,197.0,23.8939966712,130.0
2016-10-14,4,0,12.0,18.0,0,109.0,126.230769231,84.0,1.02600811262,197.0,22.8040274653,160.0
2016-10-15,5,1,11.0,18.0,1,120.0,132.076923077,84.0,1.03505057633,197.0,20.8896792274,143.0
2016-10-16,6,1,11.0,20.0,1,121.0,134.923076923,84.0,1.02400378385,197.0,19.6251860881,145.0
2016-10-17,0,0,12.0,23.0,1,122.0,138.307692308,84.0,1.07087367037,197.0,17.1167242345,187.0
2016-10-18,1,0,12.0,24.0,1,124.0,144.461538462,84.0,1.1277302944,197.0,19.0287854199,149.0
2016-10-19,2,0,15.0,24.0,1,130.0,146.615384615,84.0,1.15555555556,197.0,17.7960171064,175.0
2016-10-20,3,0,16.0,23.0,1,131.0,150.0,84.0,1.23743794648,197.0,18.6671245365,168.0
2016-10-21,4,0,14.0,20.0,0,131.0,154.769230769,84.0,1.18497109827,197.0,14.202674971,171.0
2016-10-22,5,1,12.0,16.0,0,132.0,156.384615385,84.0,1.20023350846,197.0,14.7519931458,123.0
2016-10-23,6,1,10.0,15.0,1,132.0,154.307692308,84.0,1.07242339833,197.0,17.2018988906,149.0
2016-10-24,0,0,10.0,13.0,0,136.0,153.846153846,84.0,1.01141552511,197.0,17.2575341578,193.0
2016-10-25,1,0,10.0,15.0,0,137.0,157.153846154,84.0,1.03127079175,197.0,20.0915066397,185.0
2016-10-26,2,0,9.0,12.0,0,143.0,159.846153846,84.0,1.1444082519,197.0,21.2633529227,244.0
2016-10-27,3,0,7.0,11.0,0,144.0,168.615384615,84.0,1.3027542151,244.0,29.1799152778,205.0
2016-10-28,4,0,7.0,10.0,1,145.0,172.076923077,84.0,1.28783262238,244.0,30.5877339379,150.0
2016-10-29,5,1,6.0,14.0,1,149.0,172.615384615,84.0,1.21673776153,244.0,30.1293071266,143.0
2016-10-30,6,1,6.0,12.0,1,149.0,172.461538462,84.0,1.01374045802,244.0,30.274679404,161.0
2016-10-31,0,0,6.0,14.0,1,149.0,170.461538462,101.0,0.92248298283,244.0,30.1065170165,214.0
