time_stamp,dayofweek,holiday,lt,ht,sunny,m2M,w2A,m1L,d3w3,m1Lar,w2Std,pay_sum
2016-08-01,0,0,25.0,35.0,0,81.0,84.3076923077,1.0,1.01830663616,198.0,16.2640926602,78.0
2016-08-02,1,0,25.0,29.0,0,80.0,83.8461538462,1.0,1.05202973128,198.0,16.3511756992,70.0
2016-08-03,2,0,25.0,31.0,0,78.0,83.9230769231,1.0,0.980277289592,198.0,16.2833635651,46.0
2016-08-04,3,0,26.0,32.0,1,78.0,82.0769230769,46.0,0.781470292044,198.0,18.9064968014,68.0
2016-08-05,4,0,26.0,34.0,1,77.0,78.6923076923,46.0,0.753018211582,198.0,17.0987386642,86.0
2016-08-06,5,1,27.0,35.0,1,77.0,78.7692307692,46.0,0.82304526749,151.0,17.1291647205,110.0
2016-08-07,6,1,27.0,36.0,1,77.0,78.3846153846,46.0,1.08241082411,131.0,16.349728116,103.0
2016-08-08,0,0,27.0,35.0,0,77.0,80.1538461538,46.0,1.20297726816,119.0,17.6236124553,95.0
2016-08-09,1,0,25.0,34.0,0,78.0,82.1538461538,46.0,1.23101518785,115.0,17.7193772848,100.0
2016-08-10,2,0,26.0,31.0,0,78.0,84.6923076923,46.0,1.1693152835,115.0,17.7303937888,100.0
2016-08-11,3,0,26.0,32.0,0,78.0,86.3846153846,46.0,1.1374590322,115.0,18.0577639877,89.0
2016-08-12,4,0,26.0,30.0,0,78.0,87.9230769231,46.0,1.12934740133,115.0,17.3491810424,70.0
2016-08-13,5,1,25.0,32.0,0,78.0,86.0,46.0,1.02109205598,115.0,17.8368676105,118.0
2016-08-14,6,1,26.0,32.0,0,78.0,87.1538461538,46.0,1.09012199921,118.0,19.3225502133,82.0
2016-08-15,0,0,25.0,31.0,0,78.0,87.4615384615,46.0,1.06132075472,118.0,19.2058299827,73.0
2016-08-16,1,0,25.0,31.0,0,77.0,87.6923076923,46.0,1.07058823529,118.0,19.0116750178,61.0
2016-08-17,2,0,25.0,31.0,0,77.0,88.8461538462,46.0,0.850059031877,118.0,16.7692307692,63.0
2016-08-18,3,0,25.0,30.0,0,74.0,88.4615384615,46.0,0.782211633909,118.0,17.2921297554,48.0
2016-08-19,4,0,26.0,32.0,0,74.0,85.5384615385,46.0,0.691596300764,118.0,20.3946274397,120.0
2016-08-20,5,1,26.0,34.0,1,77.0,86.3076923077,46.0,0.915032679739,120.0,21.4633305014,111.0
2016-08-21,6,1,27.0,35.0,0,77.0,86.9230769231,46.0,1.09994086339,120.0,22.040038875,131.0
2016-08-22,0,0,27.0,35.0,1,78.0,89.6923076923,46.0,1.38379204893,131.0,24.9503649284,92.0
2016-08-23,1,0,27.0,35.0,1,78.0,89.0769230769,46.0,1.26085315213,131.0,24.7866637171,90.0
2016-08-24,2,0,28.0,36.0,1,80.0,88.3076923077,46.0,1.15285451197,131.0,24.5901312769,92.0
2016-08-25,3,0,27.0,36.0,1,82.0,88.5384615385,46.0,0.996001454017,131.0,24.6096147084,112.0
2016-08-26,4,0,25.0,35.0,0,84.0,91.7692307692,46.0,1.05376344086,131.0,24.7204488575,97.0
2016-08-27,5,1,24.0,32.0,0,85.0,90.1538461538,46.0,1.0864464898,131.0,23.6150087667,178.0
2016-08-28,6,1,26.0,33.0,1,86.0,97.5384615385,46.0,1.34235171696,178.0,33.039871914,148.0
2016-08-29,0,0,26.0,33.0,1,89.0,103.307692308,46.0,1.42784810127,178.0,34.7549323901,131.0
2016-08-30,1,0,25.0,32.0,1,90.0,108.692307692,46.0,1.51877700233,178.0,33.1694591115,134.0
2016-08-31,2,0,25.0,33.0,0,92.0,114.153846154,46.0,1.34967320261,178.0,30.9685849602,114.0
2016-09-01,3,0,25.0,32.0,0,92.0,119.230769231,46.0,1.22356739306,178.0,24.4261960455,133.0
2016-09-02,4,0,25.0,31.0,0,94.0,120.230769231,48.0,1.19360902256,178.0,24.701771491,109.0
2016-09-03,5,1,25.0,31.0,0,95.0,120.076923077,48.0,1.1200251691,178.0,24.7649303481,172.0
2016-09-04,6,1,26.0,31.0,0,95.0,123.230769231,48.0,1.24943413309,178.0,28.311872601,193.0
2016-09-05,0,0,26.0,32.0,0,95.0,131.0,48.0,1.35680549592,193.0,32.2585707156,123.0
2016-09-06,1,0,26.0,33.0,0,95.0,133.538461538,48.0,1.36065802314,193.0,30.1626753165,135.0
2016-09-07,2,0,25.0,31.0,0,95.0,136.846153846,48.0,1.2207335228,193.0,27.6818356268,160.0
2016-09-08,3,0,26.0,32.0,0,95.0,140.538461538,48.0,1.08220064725,193.0,27.3203654233,132.0
2016-09-09,4,0,26.0,32.0,0,95.0,143.230769231,48.0,1.10037366319,193.0,24.4733885182,159.0
2016-09-10,5,1,25.0,30.0,0,97.0,141.769230769,48.0,1.14104996837,193.0,22.8680288954,142.0
2016-09-11,6,1,25.0,30.0,0,97.0,141.307692308,48.0,1.09095490048,193.0,22.7980586737,135.0
2016-09-12,0,0,24.0,33.0,1,97.0,141.615384615,48.0,1.0809470683,193.0,22.6835706779,158.0
2016-09-13,1,0,26.0,35.0,1,100.0,143.461538462,48.0,1.05186797243,193.0,22.9635677495,140.0
2016-09-14,2,0,26.0,35.0,1,100.0,145.461538462,48.0,1.02911467617,193.0,21.3887655076,197.0
2016-09-15,3,1,25.0,34.0,1,100.0,150.384615385,48.0,1.14186851211,197.0,25.0124229489,153.0
2016-09-16,4,1,25.0,34.0,1,103.0,153.769230769,48.0,1.10884815569,197.0,21.976049362,119.0
2016-09-17,5,1,25.0,34.0,1,103.0,149.692307692,90.0,1.08301581803,197.0,23.1030621193,164.0
2016-09-18,6,0,25.0,33.0,1,109.0,147.461538462,90.0,1.0012630612,197.0,20.006212053,140.0
2016-09-19,0,0,23.0,32.0,1,110.0,148.769230769,90.0,0.968406593407,197.0,18.8889623698,153.0
2016-09-20,1,0,24.0,31.0,1,110.0,150.153846154,90.0,1.03946320937,197.0,18.4842808638,150.0
2016-09-21,2,0,24.0,31.0,1,111.0,149.384615385,90.0,0.99539377598,197.0,18.2653032215,161.0
2016-09-22,3,0,24.0,32.0,1,111.0,151.615384615,92.0,1.03283249861,197.0,17.7700632506,181.0
2016-09-23,4,0,25.0,32.0,1,112.0,153.307692308,97.0,1.06944897294,197.0,19.3684303617,191.0
2016-09-24,5,1,25.0,32.0,1,114.0,157.076923077,97.0,1.15143659538,197.0,21.4564372211,237.0
2016-09-25,6,1,26.0,33.0,1,118.0,164.923076923,109.0,1.29712460064,237.0,29.2007943476,250.0
2016-09-26,0,0,26.0,34.0,1,119.0,172.0,109.0,1.3877801658,250.0,36.819727154,194.0
2016-09-27,1,0,27.0,35.0,1,120.0,176.153846154,109.0,1.36911942099,250.0,36.0124896152,196.0
2016-09-28,2,0,28.0,34.0,1,123.0,176.076923077,109.0,1.27287191726,250.0,35.9689214963,232.0
2016-09-29,3,0,21.0,28.0,0,131.0,182.153846154,109.0,1.20123599846,250.0,38.1633052791,183.0
2016-09-30,4,0,20.0,26.0,0,131.0,187.076923077,109.0,1.1718450326,250.0,33.5478109763,148.0
2016-10-01,5,1,20.0,28.0,0,132.0,185.846153846,109.0,1.07792456443,250.0,34.6473356814,166.0
2016-10-02,6,1,23.0,31.0,1,133.0,187.846153846,119.0,0.943163487997,250.0,32.6351536604,161.0
2016-10-03,0,1,24.0,33.0,1,134.0,188.461538462,119.0,0.900644671976,250.0,32.0423166948,119.0
2016-10-04,1,1,24.0,32.0,1,134.0,186.076923077,119.0,0.850739151168,250.0,35.7544220793,149.0
2016-10-05,2,1,23.0,33.0,1,135.0,185.153846154,119.0,0.829706991587,250.0,36.5362752382,148.0
2016-10-06,3,1,25.0,32.0,1,135.0,182.615384615,119.0,0.80573310091,250.0,37.8591284827,188.0
2016-10-07,4,1,25.0,31.0,1,140.0,182.384615385,119.0,0.920915218836,250.0,37.8164361123,203.0
2016-10-08,5,0,24.0,31.0,0,140.0,179.769230769,119.0,1.01220657277,250.0,35.0212108172,172.0
2016-10-09,6,0,22.0,30.0,1,142.0,173.769230769,119.0,1.04783175135,250.0,28.5607418729,173.0
2016-10-10,0,0,22.0,30.0,1,148.0,172.153846154,119.0,1.01425134185,250.0,27.9583375588,155.0
2016-10-11,1,0,21.0,28.0,0,148.0,169.0,119.0,0.92412900841,250.0,27.397360906,161.0
2016-10-12,2,0,20.0,25.0,0,148.0,163.538461538,119.0,0.903798170225,250.0,20.5037159282,158.0
2016-10-13,3,0,22.0,28.0,1,149.0,161.615384615,119.0,0.881696428571,250.0,19.7466198141,198.0
2016-10-14,4,0,20.0,30.0,1,150.0,165.461538462,119.0,0.959806924719,250.0,21.5106963897,215.0
2016-10-15,5,1,21.0,31.0,1,153.0,169.230769231,119.0,1.06659194919,250.0,25.2438990227,237.0
2016-10-16,6,1,24.0,32.0,1,153.0,175.076923077,119.0,1.21859767529,250.0,30.8406862601,246.0
2016-10-17,0,0,23.0,32.0,1,155.0,184.846153846,119.0,1.28972653363,250.0,31.6345627776,170.0
2016-10-18,1,0,23.0,26.0,0,158.0,186.461538462,119.0,1.21533593895,250.0,30.2695973001,111.0
2016-10-19,2,0,23.0,27.0,0,158.0,183.615384615,111.0,1.01512087065,250.0,35.105420273,132.0
2016-10-20,3,0,24.0,31.0,1,158.0,179.307692308,111.0,0.80742913001,250.0,37.6469114381,234.0
2016-10-21,4,0,24.0,27.0,0,158.0,181.692307692,111.0,0.909610983982,250.0,39.9815045997,172.0
2016-10-22,5,1,24.0,30.0,1,159.0,181.692307692,111.0,1.02417666096,250.0,39.9815045997,269.0
2016-10-23,6,1,24.0,31.0,1,160.0,189.076923077,111.0,1.24653739612,269.0,46.0926517395,252.0
2016-10-24,0,0,24.0,30.0,1,161.0,196.538461538,111.0,1.2343040342,269.0,47.7922030728,201.0
2016-10-25,1,0,24.0,31.0,1,161.0,199.615384615,111.0,1.26833552921,269.0,46.6798234482,185.0
2016-10-26,2,0,25.0,32.0,1,161.0,201.692307692,111.0,1.1099512874,269.0,45.3641414053,193.0
2016-10-27,3,0,24.0,33.0,1,161.0,201.307692308,111.0,1.00599426635,269.0,45.4149833211,232.0
2016-10-28,4,0,22.0,33.0,1,164.0,202.615384615,111.0,1.05190550095,269.0,46.0309903327,266.0
2016-10-29,5,1,20.0,29.0,1,166.0,204.846153846,111.0,1.1632996633,269.0,48.2905408063,279.0
2016-10-30,6,1,19.0,28.0,1,170.0,207.384615385,111.0,1.27397934088,279.0,51.1687080782,250.0
2016-10-31,0,0,19.0,27.0,1,172.0,213.538461538,111.0,1.2737322759,279.0,51.1131706414,209.0
