time_stamp,dayofweek,holiday,lt,ht,sunny,m2M,w2A,m1L,d3w3,m1Lar,w2Std,pay_sum
2016-08-01,0,0,28.0,37.0,1,57.0,58.2307692308,47.0,1.03136629452,93.0,8.63938963437,47.0
2016-08-02,1,0,27.0,35.0,0,57.0,57.0,47.0,0.931726907631,93.0,9.00427249015,51.0
2016-08-03,2,0,25.0,30.0,0,57.0,57.2307692308,47.0,0.843471208435,93.0,8.80693648084,65.0
2016-08-04,3,0,24.0,30.0,0,57.0,57.6153846154,47.0,0.901798063624,93.0,9.02593239623,59.0
2016-08-05,4,0,26.0,30.0,0,58.0,58.0769230769,47.0,0.973845297718,93.0,8.93103093766,60.0
2016-08-06,5,1,25.0,32.0,0,59.0,58.5384615385,47.0,1.04042974272,93.0,8.86319428974,77.0
2016-08-07,6,1,25.0,32.0,0,59.0,58.5384615385,47.0,1.11872146119,93.0,8.86319428974,70.0
2016-08-08,0,0,26.0,32.0,0,59.0,59.3846153846,47.0,1.16357504216,93.0,9.3770461278,37.0
2016-08-09,1,0,26.0,33.0,0,59.0,58.6153846154,37.0,1.05747126437,93.0,10.6809568971,293.0
2016-08-10,2,0,26.0,33.0,0,59.0,77.0,37.0,1.89798339265,293.0,63.2479856779,210.0
2016-08-11,3,0,27.0,35.0,0,59.0,89.4615384615,37.0,2.31511254019,293.0,71.7008908695,232.0
2016-08-12,4,0,28.0,38.0,1,60.0,102.153846154,37.0,2.82583621684,293.0,80.647233873,243.0
2016-08-13,5,1,28.0,36.0,1,60.0,115.538461538,37.0,2.37476165713,293.0,88.1263213842,224.0
2016-08-14,6,1,29.0,37.0,1,60.0,128.307692308,37.0,2.25120772947,293.0,90.8484660684,239.0
2016-08-15,0,0,28.0,37.0,1,60.0,143.076923077,37.0,2.09185185185,293.0,92.0288094846,90.0
2016-08-16,1,0,28.0,37.0,1,63.0,146.076923077,37.0,1.60779183021,293.0,89.5814726195,67.0
2016-08-17,2,0,28.0,36.0,1,63.0,146.230769231,37.0,1.144839549,293.0,89.4437114323,75.0
2016-08-18,3,0,28.0,37.0,1,63.0,147.461538462,37.0,0.662951850264,293.0,88.3381748515,69.0
2016-08-19,4,0,27.0,37.0,1,63.0,148.153846154,37.0,0.602426837973,293.0,87.6828604898,66.0
2016-08-20,5,1,26.0,36.0,1,64.0,147.307692308,37.0,0.600343053173,293.0,88.4154394935,64.0
2016-08-21,6,1,26.0,33.0,1,64.0,146.846153846,37.0,0.567436555461,293.0,88.8324664782,68.0
2016-08-22,0,0,27.0,33.0,1,65.0,149.230769231,37.0,0.559559135227,293.0,86.2297056134,68.0
2016-08-23,1,0,27.0,34.0,1,65.0,131.923076923,37.0,0.561167227834,293.0,77.8049450064,55.0
2016-08-24,2,0,27.0,35.0,1,65.0,120.0,37.0,0.538179768949,293.0,76.7964342121,51.0
2016-08-25,3,0,23.0,36.0,0,65.0,106.076923077,37.0,0.491942324003,293.0,71.4503179069,63.0
2016-08-26,4,0,20.0,23.0,0,65.0,92.2307692308,37.0,0.477198927008,293.0,60.1167503167,47.0
2016-08-27,5,1,18.0,28.0,1,65.0,78.6153846154,37.0,0.46046046046,293.0,47.4382812984,71.0
2016-08-28,6,1,19.0,30.0,1,65.0,65.6923076923,37.0,0.517438536306,293.0,10.4468222285,57.0
2016-08-29,0,0,20.0,31.0,1,65.0,63.1538461538,37.0,0.496031746032,293.0,7.94060793881,53.0
2016-08-30,1,0,21.0,31.0,1,65.0,62.0769230769,37.0,0.571338383838,293.0,8.28772529302,44.0
2016-08-31,2,0,21.0,31.0,1,65.0,59.6923076923,37.0,0.52757793765,293.0,8.67697763213,46.0
2016-09-01,3,0,21.0,31.0,1,64.0,57.9230769231,37.0,0.541666666667,293.0,8.93963980054,44.0
2016-09-02,4,0,22.0,33.0,1,64.0,56.2307692308,37.0,0.572282724749,293.0,9.32452387858,39.0
2016-09-03,5,1,23.0,34.0,1,64.0,54.3076923077,37.0,0.625,293.0,10.0719306482,58.0
2016-09-04,6,1,22.0,31.0,1,64.0,53.5384615385,37.0,0.786610878661,293.0,9.3530364022,67.0
2016-09-05,0,0,23.0,32.0,1,64.0,53.4615384615,37.0,0.932878270762,293.0,9.23717726294,34.0
2016-09-06,1,0,20.0,31.0,1,63.0,51.8461538462,34.0,0.930640913082,293.0,10.5673383145,34.0
2016-09-07,2,0,23.0,33.0,1,63.0,50.5384615385,34.0,0.819672131148,293.0,11.5932034772,36.0
2016-09-08,3,0,22.0,32.0,1,63.0,48.4615384615,34.0,0.651017214397,243.0,11.5932034772,28.0
2016-09-09,4,0,22.0,31.0,0,60.0,47.0,28.0,0.636157091853,243.0,12.8182562117,44.0
2016-09-10,5,1,22.0,32.0,1,60.0,44.9230769231,28.0,0.714995034757,243.0,10.7878959128,73.0
2016-09-11,6,1,20.0,33.0,1,60.0,46.1538461538,28.0,0.955204216074,239.0,12.817332939,62.0
2016-09-12,0,0,23.0,33.0,1,60.0,46.8461538462,28.0,1.18621603711,239.0,13.3983130617,39.0
2016-09-13,1,0,21.0,32.0,1,60.0,46.4615384615,28.0,1.17171717172,90.0,13.5454527403,46.0
2016-09-14,2,0,21.0,31.0,1,59.0,46.4615384615,28.0,0.994923857868,75.0,13.5454527403,49.0
2016-09-15,3,1,23.0,30.0,0,59.0,46.8461538462,28.0,0.920013731548,75.0,13.5410836622,65.0
2016-09-16,4,1,21.0,30.0,1,59.0,48.8461538462,28.0,1.07853050219,73.0,14.1412987862,71.0
2016-09-17,5,1,21.0,32.0,1,59.0,49.8461538462,28.0,1.24705089316,73.0,15.1751119821,52.0
2016-09-18,6,0,20.0,32.0,1,59.0,48.6923076923,28.0,1.27371273713,73.0,14.3761801677,25.0
2016-09-19,0,0,19.0,30.0,1,59.0,48.0,25.0,1.03207810321,73.0,15.2567765524,22.0
2016-09-20,1,0,19.0,27.0,1,59.0,47.0769230769,22.0,0.706638115632,73.0,16.3963482729,26.0
2016-09-21,2,0,16.0,28.0,1,59.0,46.3076923077,22.0,0.53245805981,73.0,17.1167242345,21.0
2016-09-22,3,0,18.0,30.0,1,58.0,45.7692307692,21.0,0.516273849607,73.0,17.7813811273,24.0
2016-09-23,4,0,18.0,31.0,1,58.0,44.2307692308,21.0,0.540334855403,73.0,18.7089194942,42.0
2016-09-24,5,1,21.0,32.0,1,58.0,41.8461538462,21.0,0.674418604651,73.0,16.7646429857,47.0
2016-09-25,6,1,22.0,30.0,0,58.0,40.6923076923,21.0,0.896825396825,73.0,15.8278460335,54.0
2016-09-26,0,0,22.0,32.0,1,58.0,41.8461538462,21.0,1.10852713178,73.0,16.2046819153,31.0
2016-09-27,1,0,22.0,29.0,1,57.0,40.6923076923,21.0,1.0268378063,73.0,16.4006782945,39.0
2016-09-28,2,0,16.0,23.0,1,55.0,39.9230769231,21.0,0.961240310078,73.0,16.2265761992,34.0
2016-09-29,3,0,15.0,19.0,0,54.0,37.5384615385,21.0,0.800615858353,73.0,14.5581876758,27.0
2016-09-30,4,0,17.0,20.0,1,54.0,34.1538461538,21.0,0.785237534354,73.0,11.086000554,38.0
2016-10-01,5,1,16.0,20.0,0,54.0,33.0769230769,21.0,0.810810810811,73.0,9.9186036429,84.0
2016-10-02,6,1,16.0,24.0,0,54.0,37.6153846154,21.0,1.18819776715,84.0,16.4995965524,84.0
2016-10-03,0,1,17.0,29.0,1,54.0,42.3846153846,21.0,1.55883465759,84.0,19.9056948231,76.0
2016-10-04,1,1,18.0,30.0,1,54.0,46.2307692308,21.0,1.78558360776,84.0,21.1592999963,49.0
2016-10-05,2,1,19.0,31.0,1,53.0,48.3846153846,21.0,1.52945481156,84.0,19.867013486,47.0
2016-10-06,3,1,20.0,29.0,1,52.0,50.1538461538,21.0,1.28406121687,84.0,18.6004390099,49.0
2016-10-07,4,1,19.0,27.0,1,52.0,50.6923076923,21.0,1.10983543819,84.0,18.4573713246,47.0
2016-10-08,5,0,16.0,26.0,1,51.0,50.6923076923,21.0,1.10084680523,84.0,18.4573713246,39.0
2016-10-09,6,0,16.0,24.0,1,49.0,49.5384615385,21.0,1.02272727273,84.0,18.6820167937,25.0
2016-10-10,0,0,16.0,23.0,1,49.0,49.0769230769,21.0,0.83805209513,84.0,19.2012080488,32.0
2016-10-11,1,0,16.0,20.0,1,49.0,48.5384615385,21.0,0.719910011249,84.0,19.5708393146,40.0
2016-10-12,2,0,15.0,19.0,1,47.0,49.0,21.0,0.712187958884,84.0,19.2912893855,32.0
2016-10-13,3,0,15.0,17.0,0,47.0,49.3846153846,21.0,0.75691411936,84.0,18.8946002117,33.0
2016-10-14,4,0,15.0,19.0,1,47.0,49.0,21.0,0.77177508269,84.0,19.1712926413,31.0
2016-10-15,5,1,16.0,22.0,0,47.0,44.9230769231,21.0,0.718294051627,84.0,16.7812236579,57.0
2016-10-16,6,1,15.0,24.0,1,47.0,42.8461538462,21.0,0.902311707681,84.0,13.0787329064,43.0
2016-10-17,0,0,17.0,24.0,1,46.0,40.3076923077,21.0,0.963944076527,84.0,8.94757909144,38.0
2016-10-18,1,0,18.0,25.0,1,46.0,39.4615384615,21.0,1.01657458564,84.0,8.59888529999,37.0
2016-10-19,2,0,18.0,25.0,0,44.0,38.6923076923,21.0,0.86637298091,84.0,8.33329388551,34.0
2016-10-20,3,0,19.0,22.0,0,44.0,37.5384615385,21.0,0.794171220401,84.0,7.85067742903,32.0
2016-10-21,4,0,19.0,23.0,0,44.0,36.3846153846,24.0,0.755408874221,84.0,7.46827610155,39.0
2016-10-22,5,1,16.0,20.0,0,43.0,36.3846153846,25.0,0.810185185185,84.0,7.46827610155,45.0
2016-10-23,6,1,14.0,17.0,0,43.0,37.9230769231,25.0,0.937373737374,84.0,7.01055839389,55.0
2016-10-24,0,0,11.0,15.0,0,43.0,39.6923076923,25.0,1.15257048093,84.0,8.10872858653,41.0
2016-10-25,1,0,12.0,16.0,0,42.0,39.7692307692,25.0,1.18090452261,84.0,8.11602257791,27.0
2016-10-26,2,0,13.0,15.0,0,41.0,39.3846153846,25.0,1.05670103093,84.0,8.58028564648,30.0
2016-10-27,3,0,12.0,16.0,0,40.0,39.1538461538,25.0,0.863055922501,84.0,8.78675711464,38.0
2016-10-28,4,0,8.0,13.0,0,39.0,39.6923076923,25.0,0.846702317291,84.0,8.4797007874,25.0
2016-10-29,5,1,6.0,11.0,0,39.0,37.2307692308,25.0,0.844686648501,84.0,7.70767695377,65.0
2016-10-30,6,1,9.0,15.0,0,39.0,38.9230769231,25.0,1.10249784668,84.0,10.6443306576,32.0
2016-10-31,0,0,9.0,14.0,1,39.0,38.4615384615,25.0,1.05081826012,84.0,10.8032429933,29.0
