time_stamp,dayofweek,holiday,lt,ht,sunny,m2M,w2A,m1L,d3w3,m1Lar,w2Std,pay_sum
2016-08-01,0,0,28.0,34.0,1,58.0,69.6923076923,41.0,1.07438016529,121.0,14.3922234097,57.0
2016-08-02,1,0,28.0,34.0,0,58.0,69.2307692308,41.0,1.06333795654,121.0,14.6925090602,55.0
2016-08-03,2,0,26.0,32.0,0,58.0,68.0,46.0,0.913494809689,121.0,15.1556031781,47.0
2016-08-04,3,0,27.0,32.0,0,58.0,65.4615384615,46.0,0.741258741259,121.0,15.6874049656,50.0
2016-08-05,4,0,27.0,33.0,0,58.0,63.1538461538,46.0,0.735365263667,121.0,15.5852304533,77.0
2016-08-06,5,1,27.0,33.0,1,58.0,62.3076923077,46.0,0.869565217391,121.0,14.4721728494,84.0
2016-08-07,6,1,27.0,34.0,1,59.0,62.4615384615,46.0,1.05053522529,121.0,14.689689658,55.0
2016-08-08,0,0,27.0,34.0,0,59.0,62.9230769231,46.0,1.0818933133,121.0,14.3498139278,43.0
2016-08-09,1,0,28.0,34.0,1,59.0,61.7692307692,43.0,0.9255021612,121.0,15.2726696379,59.0
2016-08-10,2,0,28.0,34.0,1,59.0,62.3076923077,43.0,0.805748011291,121.0,15.0403795747,63.0
2016-08-11,3,0,28.0,35.0,1,61.0,63.3846153846,43.0,0.858034321373,121.0,14.5419206304,66.0
2016-08-12,4,0,28.0,34.0,1,62.0,63.7692307692,43.0,0.988433228181,121.0,14.5398859701,64.0
2016-08-13,5,1,28.0,35.0,1,63.0,62.0,43.0,1.03429796356,121.0,12.913916167,129.0
2016-08-14,6,1,28.0,36.0,1,63.0,65.3076923077,43.0,1.33746449781,129.0,21.3735444503,70.0
2016-08-15,0,0,28.0,35.0,1,63.0,66.3076923077,43.0,1.33638211382,129.0,21.2653007915,43.0
2016-08-16,1,0,28.0,35.0,1,63.0,65.3846153846,43.0,1.24389617065,129.0,21.9843946805,62.0
2016-08-17,2,0,28.0,35.0,1,63.0,66.5384615385,43.0,0.892629431268,129.0,21.3743749692,61.0
2016-08-18,3,0,28.0,36.0,1,63.0,67.3846153846,43.0,0.839019459186,129.0,20.9157226894,66.0
2016-08-19,4,0,29.0,36.0,1,63.0,66.5384615385,43.0,0.95166163142,129.0,20.731304403,79.0
2016-08-20,5,1,28.0,37.0,0,64.0,66.1538461538,43.0,1.04356636272,129.0,20.4482316476,107.0
2016-08-21,6,1,28.0,35.0,0,66.0,70.1538461538,43.0,1.25654450262,129.0,22.8232208131,116.0
2016-08-22,0,0,28.0,35.0,1,66.0,75.7692307692,43.0,1.44221585482,129.0,24.3789122183,58.0
2016-08-23,1,0,26.0,34.0,1,66.0,75.6923076923,43.0,1.3390517036,129.0,24.4332201832,64.0
2016-08-24,2,0,26.0,34.0,1,64.0,75.7692307692,43.0,1.12052730697,129.0,24.3946836773,66.0
2016-08-25,3,0,27.0,35.0,1,64.0,75.7692307692,43.0,0.875232774674,129.0,24.3946836773,68.0
2016-08-26,4,0,26.0,34.0,0,66.0,76.0769230769,43.0,0.927617709065,129.0,24.2692002926,81.0
2016-08-27,5,1,23.0,31.0,1,66.0,72.3846153846,43.0,1.00938967136,129.0,19.0203876913,66.0
2016-08-28,6,1,22.0,30.0,1,66.0,72.0769230769,43.0,1.00163056138,129.0,19.0887060385,78.0
2016-08-29,0,0,23.0,31.0,1,66.0,74.7692307692,43.0,1.02319236016,129.0,17.1695340475,49.0
2016-08-30,1,0,23.0,31.0,1,66.0,73.7692307692,43.0,0.8836996337,129.0,18.2299577878,58.0
2016-08-31,2,0,25.0,34.0,1,66.0,73.5384615385,43.0,0.849988513669,129.0,18.4082564445,81.0
2016-09-01,3,0,26.0,33.0,1,66.0,74.6923076923,43.0,0.854934060937,129.0,18.3696430826,69.0
2016-09-02,4,0,25.0,34.0,1,66.0,73.9230769231,43.0,0.942669385905,129.0,18.3825232154,64.0
2016-09-03,5,1,25.0,35.0,1,66.0,70.6153846154,43.0,1.01469890944,129.0,15.823733205,99.0
2016-09-04,6,1,25.0,33.0,1,66.0,69.3076923077,43.0,1.07781649245,129.0,12.3374639919,83.0
2016-09-05,0,0,25.0,30.0,0,66.0,71.2307692308,43.0,1.11186440678,129.0,12.3733823879,59.0
2016-09-06,1,0,22.0,27.0,0,66.0,70.8461538462,43.0,1.09148550725,129.0,12.6664071395,58.0
2016-09-07,2,0,20.0,24.0,0,66.0,70.2307692308,43.0,0.907646925346,129.0,13.0746604377,48.0
2016-09-08,3,0,22.0,29.0,1,64.0,68.6923076923,43.0,0.758097863542,129.0,14.360119002,57.0
2016-09-09,4,0,23.0,31.0,1,64.0,66.8461538462,43.0,0.760438535106,129.0,14.2010083816,76.0
2016-09-10,5,1,24.0,29.0,1,64.0,67.6153846154,43.0,0.863137815928,129.0,14.4037306147,110.0
2016-09-11,6,1,23.0,26.0,0,66.0,70.0769230769,43.0,1.16379310345,129.0,18.2016970403,66.0
2016-09-12,0,0,23.0,29.0,1,66.0,71.3846153846,43.0,1.2,116.0,17.2249303294,62.0
2016-09-13,1,0,23.0,30.0,1,66.0,71.6923076923,43.0,1.13495469719,116.0,17.0175683673,62.0
2016-09-14,2,0,22.0,24.0,0,64.0,70.2307692308,48.0,0.908656145385,116.0,16.9712600781,53.0
2016-09-15,3,1,23.0,26.0,0,64.0,69.0,48.0,0.855692530819,116.0,17.5849586076,43.0
2016-09-16,4,1,23.0,27.0,0,64.0,67.3846153846,43.0,0.785483470047,116.0,18.8864561221,57.0
2016-09-17,5,1,23.0,27.0,0,64.0,64.1538461538,43.0,0.765765765766,116.0,16.6633921833,70.0
2016-09-18,6,0,23.0,28.0,0,64.0,63.1538461538,43.0,0.855991943605,116.0,15.8737623568,56.0
2016-09-19,0,0,21.0,27.0,0,64.0,62.9230769231,43.0,0.9166040571,116.0,15.9540761055,48.0
2016-09-20,1,0,20.0,26.0,1,63.0,62.1538461538,43.0,0.878122634368,110.0,16.4075318251,61.0
2016-09-21,2,0,20.0,27.0,1,62.0,63.1538461538,43.0,0.845503458878,110.0,15.9028113327,43.0
2016-09-22,3,0,21.0,27.0,1,62.0,62.0769230769,43.0,0.79477124183,110.0,16.7353221038,58.0
2016-09-23,4,0,21.0,27.0,1,62.0,60.6923076923,43.0,0.851063829787,110.0,16.2640926602,79.0
2016-09-24,5,1,22.0,28.0,1,62.0,58.3076923077,43.0,0.960768614892,110.0,9.87915143806,121.0
2016-09-25,6,1,23.0,29.0,1,63.0,62.5384615385,43.0,1.33644133644,121.0,19.4288262626,108.0
2016-09-26,0,0,24.0,31.0,1,64.0,66.0769230769,43.0,1.5369261477,121.0,22.8892367667,52.0
2016-09-27,1,0,25.0,30.0,0,64.0,65.3076923077,43.0,1.40852130326,121.0,23.1795155434,59.0
2016-09-28,2,0,22.0,28.0,0,63.0,65.7692307692,43.0,1.08873974646,121.0,22.988806126,48.0
2016-09-29,3,0,22.0,25.0,0,62.0,66.1538461538,43.0,0.795795795796,121.0,22.643885756,41.0
2016-09-30,4,0,23.0,28.0,0,62.0,64.9230769231,41.0,0.760729889489,121.0,23.5256375323,121.0
2016-10-01,5,1,24.0,29.0,0,63.0,68.8461538462,41.0,1.07033639144,121.0,27.8922270778,153.0
2016-10-02,6,1,24.0,32.0,1,64.0,76.3076923077,41.0,1.50537634409,153.0,35.4170419982,76.0
2016-10-03,0,1,22.0,26.0,1,64.0,78.4615384615,41.0,1.65602081855,153.0,34.4687492456,90.0
2016-10-04,1,1,22.0,26.0,1,64.0,80.6923076923,41.0,1.47993504987,153.0,34.203878807,77.0
2016-10-05,2,1,22.0,27.0,1,64.0,83.3076923077,41.0,1.10882956879,153.0,32.4781219033,84.0
2016-10-06,3,1,22.0,26.0,0,64.0,85.3076923077,41.0,1.11407012872,153.0,31.6480273182,85.0
2016-10-07,4,1,20.0,25.0,0,66.0,85.7692307692,41.0,1.07189542484,153.0,31.5963820864,67.0
2016-10-08,5,0,17.0,22.0,0,66.0,81.6153846154,41.0,1.03034271993,153.0,30.2108957969,21.0
2016-10-09,6,0,18.0,22.0,1,66.0,74.9230769231,21.0,0.773011617516,153.0,33.1209009968,36.0
2016-10-10,0,0,18.0,22.0,1,66.0,73.6923076923,21.0,0.558558558559,153.0,34.228608402,35.0
2016-10-11,1,0,19.0,25.0,1,66.0,71.8461538462,21.0,0.421824850986,153.0,35.5913692084,53.0
2016-10-12,2,0,19.0,23.0,1,64.0,72.2307692308,21.0,0.564663023679,153.0,35.3578494085,52.0
2016-10-13,3,0,19.0,23.0,1,64.0,73.0769230769,21.0,0.640146319159,153.0,34.7263179701,58.0
2016-10-14,4,0,19.0,23.0,0,64.0,68.2307692308,21.0,0.756205056831,153.0,31.9883484705,80.0
2016-10-15,5,1,21.0,25.0,1,64.0,62.6153846154,21.0,0.90735434575,153.0,21.2042755541,94.0
2016-10-16,6,1,20.0,26.0,1,66.0,64.0,21.0,1.1191509889,153.0,22.5763661313,102.0
2016-10-17,0,0,20.0,25.0,1,66.0,64.9230769231,21.0,1.28491620112,153.0,23.8310125627,50.0
2016-10-18,1,0,20.0,25.0,1,64.0,62.8461538462,21.0,1.15249472944,153.0,23.8645090647,48.0
2016-10-19,2,0,20.0,24.0,0,64.0,60.0769230769,21.0,0.936987584914,153.0,23.3319244432,40.0
2016-10-20,3,0,20.0,23.0,0,62.0,56.6153846154,21.0,0.646976090014,153.0,22.7072962234,38.0
2016-10-21,4,0,0.0,21.0,0,62.0,54.3846153846,21.0,0.627333831217,153.0,23.0001286335,34.0
2016-10-22,5,1,19.0,23.0,0,62.0,55.3846153846,21.0,0.612021857923,153.0,21.7769760617,59.0
2016-10-23,6,1,18.0,23.0,1,61.0,57.1538461538,21.0,0.725962870601,153.0,21.052484428,88.0
2016-10-24,0,0,20.0,24.0,1,61.0,61.2307692308,21.0,1.00471829031,153.0,21.4947358355,52.0
2016-10-25,1,0,18.0,22.0,1,59.0,61.1538461538,21.0,1.12811791383,153.0,21.5258204663,52.0
2016-10-26,2,0,19.0,21.0,0,59.0,61.1538461538,21.0,1.11888111888,153.0,21.5258204663,32.0
2016-10-27,3,0,18.0,22.0,0,59.0,59.1538461538,21.0,0.831041857623,153.0,22.890529294,42.0
2016-10-28,4,0,15.0,20.0,0,59.0,56.2307692308,21.0,0.78799249531,153.0,22.464172659,45.0
2016-10-29,5,1,13.0,17.0,1,59.0,52.4615384615,21.0,0.727828746177,153.0,19.758602351,60.0
2016-10-30,6,1,14.0,18.0,1,59.0,49.2307692308,21.0,0.879712746858,153.0,13.9843530482,59.0
2016-10-31,0,0,13.0,17.0,0,59.0,49.9230769231,21.0,0.960749853544,102.0,14.2259867224,34.0
