time_stamp,dayofweek,holiday,lt,ht,sunny,m2M,w2A,m1L,d3w3,m1Lar,w2Std,pay_sum
2016-08-01,0,0,28.0,36.0,1,92.0,123.692307692,87.0,1.17917745183,150.0,19.1607957735,133.0
2016-08-02,1,0,27.0,36.0,0,93.0,127.230769231,87.0,1.20441051739,150.0,16.053534699,81.0
2016-08-03,2,0,26.0,31.0,0,93.0,126.230769231,81.0,1.02214650767,150.0,18.3351442534,134.0
2016-08-04,3,0,26.0,31.0,0,93.0,126.615384615,81.0,0.973562736047,150.0,18.4413350991,124.0
2016-08-05,4,0,26.0,32.0,0,94.0,127.384615385,81.0,0.934270359653,150.0,18.1045615227,122.0
2016-08-06,5,1,27.0,34.0,0,97.0,125.538461538,81.0,1.05161201052,150.0,17.3187998546,155.0
2016-08-07,6,1,27.0,34.0,0,99.0,125.923076923,81.0,1.0924942106,155.0,17.9034227001,162.0
2016-08-08,0,0,27.0,34.0,1,101.0,129.307692308,81.0,1.16183670769,162.0,20.1088752521,166.0
2016-08-09,1,0,27.0,34.0,1,103.0,132.538461538,81.0,1.23941493457,166.0,22.2559080648,159.0
2016-08-10,2,0,28.0,34.0,1,105.0,135.307692308,81.0,1.21917636751,166.0,23.1197039354,130.0
2016-08-11,3,0,28.0,36.0,1,113.0,136.615384615,81.0,1.13863863864,166.0,22.2867275492,143.0
2016-08-12,4,0,28.0,36.0,1,114.0,138.615384615,81.0,1.06943928704,166.0,21.5925145916,172.0
2016-08-13,5,1,28.0,36.0,1,115.0,140.538461538,81.0,1.09108740959,172.0,23.2994400217,182.0
2016-08-14,6,1,29.0,37.0,1,116.0,143.307692308,81.0,1.20441051739,182.0,25.790232544,170.0
2016-08-15,0,0,28.0,36.0,1,117.0,146.153846154,81.0,1.24628374361,182.0,26.5267532701,135.0
2016-08-16,1,0,28.0,36.0,1,117.0,150.307692308,81.0,1.15375503435,182.0,19.220920555,151.0
2016-08-17,2,0,28.0,35.0,1,118.0,151.615384615,81.0,1.06966924701,182.0,18.6363518283,140.0
2016-08-18,3,0,29.0,37.0,1,122.0,152.846153846,81.0,0.989891948414,182.0,17.2486171301,163.0
2016-08-19,4,0,29.0,37.0,1,123.0,156.0,81.0,1.03830760435,182.0,14.9099863282,133.0
2016-08-20,5,1,28.0,36.0,0,124.0,154.307692308,81.0,1.00195334942,182.0,16.1263502256,180.0
2016-08-21,6,1,27.0,34.0,0,124.0,155.692307692,81.0,1.08120386144,182.0,17.4461131461,148.0
2016-08-22,0,0,27.0,34.0,1,127.0,154.307692308,81.0,1.0418079096,182.0,17.28665388,124.0
2016-08-23,1,0,27.0,34.0,1,124.0,151.615384615,81.0,1.00679362958,182.0,18.9880061802,151.0
2016-08-24,2,0,26.0,34.0,1,124.0,153.230769231,81.0,0.936877076412,182.0,17.9450179337,149.0
2016-08-25,3,0,25.0,34.0,1,127.0,153.692307692,81.0,0.931356397584,182.0,17.7520729684,140.0
2016-08-26,4,0,24.0,29.0,0,129.0,151.230769231,81.0,0.960803581177,182.0,17.2544480158,128.0
2016-08-27,5,1,20.0,30.0,1,129.0,147.076923077,81.0,0.918704560476,182.0,15.7844204516,147.0
2016-08-28,6,1,20.0,31.0,1,129.0,145.307692308,81.0,0.91885309421,182.0,14.3386761291,139.0
2016-08-29,0,0,21.0,31.0,1,130.0,145.615384615,81.0,0.924932975871,182.0,14.1559363005,136.0
2016-08-30,1,0,21.0,31.0,1,132.0,144.461538462,81.0,0.950129460768,182.0,14.2807852866,136.0
2016-08-31,2,0,22.0,31.0,1,132.0,144.153846154,81.0,0.923491742501,182.0,14.4160495701,138.0
2016-09-01,3,0,23.0,32.0,1,132.0,142.230769231,122.0,0.922799909971,182.0,13.405818749,145.0
2016-09-02,4,0,22.0,34.0,1,133.0,143.153846154,122.0,0.951731970471,182.0,13.1491219587,151.0
2016-09-03,5,1,22.0,35.0,1,133.0,140.923076923,122.0,0.996326905418,182.0,8.2598336588,185.0
2016-09-04,6,1,22.0,32.0,1,134.0,143.769230769,124.0,1.09854973164,185.0,14.3428022482,170.0
2016-09-05,0,0,23.0,32.0,1,135.0,147.307692308,124.0,1.1419544121,185.0,14.6989513775,138.0
2016-09-06,1,0,21.0,25.0,0,136.0,146.307692308,124.0,1.11753371869,185.0,14.8551188556,124.0
2016-09-07,2,0,21.0,27.0,1,136.0,144.384615385,124.0,0.984615384615,185.0,15.9592676791,132.0
2016-09-08,3,0,22.0,30.0,1,136.0,143.769230769,124.0,0.907624971205,185.0,16.2677304273,116.0
2016-09-09,4,0,23.0,31.0,1,136.0,142.846153846,116.0,0.862009037192,185.0,17.4349170162,124.0
2016-09-10,5,1,21.0,27.0,1,136.0,141.076923077,116.0,0.879120879121,185.0,18.0787233146,160.0
2016-09-11,6,1,21.0,28.0,1,136.0,142.692307692,116.0,0.94128721026,185.0,18.7468340522,144.0
2016-09-12,0,0,21.0,29.0,1,138.0,143.307692308,116.0,1.00011683608,185.0,18.6480958623,116.0
2016-09-13,1,0,21.0,30.0,1,138.0,141.769230769,116.0,0.993612491128,185.0,19.9659473418,138.0
2016-09-14,2,0,22.0,28.0,1,138.0,141.769230769,116.0,0.945255907849,185.0,19.9659473418,150.0
2016-09-15,3,1,22.0,23.0,0,138.0,142.153846154,116.0,0.956099869838,185.0,20.0723543284,151.0
2016-09-16,4,1,21.0,24.0,0,139.0,142.153846154,116.0,1.03051643192,185.0,20.0723543284,119.0
2016-09-17,5,1,21.0,28.0,1,139.0,137.076923077,116.0,0.99573257468,185.0,16.6477604798,133.0
2016-09-18,6,0,19.0,28.0,1,139.0,134.230769231,116.0,0.95747208363,185.0,13.6728470174,120.0
2016-09-19,0,0,18.0,26.0,1,139.0,132.846153846,116.0,0.888888888889,185.0,14.1249705451,107.0
2016-09-20,1,0,17.0,26.0,1,139.0,131.538461538,107.0,0.869250271641,185.0,15.5939602934,114.0
2016-09-21,2,0,18.0,25.0,1,138.0,130.153846154,107.0,0.830593106808,185.0,16.2757306528,99.0
2016-09-22,3,0,19.0,27.0,1,138.0,128.846153846,99.0,0.792766010157,185.0,17.9565550656,82.0
2016-09-23,4,0,20.0,29.0,1,138.0,125.615384615,82.0,0.750063564709,185.0,21.8862038088,112.0
2016-09-24,5,1,21.0,29.0,1,138.0,121.923076923,82.0,0.766313587028,185.0,19.7151310047,146.0
2016-09-25,6,1,22.0,30.0,1,138.0,122.076923077,82.0,0.897689768977,185.0,19.8938008839,162.0
2016-09-26,0,0,23.0,30.0,1,139.0,125.615384615,82.0,1.09846998823,185.0,22.4277934082,115.0
2016-09-27,1,0,23.0,30.0,1,139.0,123.846153846,82.0,1.11023622047,185.0,22.2877895299,105.0
2016-09-28,2,0,18.0,25.0,0,138.0,120.384615385,82.0,1.01339700225,185.0,21.4351919894,112.0
2016-09-29,3,0,18.0,20.0,0,138.0,117.384615385,82.0,0.882157566095,185.0,19.5901798851,94.0
2016-09-30,4,0,19.0,21.0,0,138.0,115.461538462,82.0,0.836358746807,185.0,20.5411983195,145.0
2016-10-01,5,1,20.0,24.0,0,138.0,116.384615385,82.0,0.949675324675,185.0,21.5532915978,155.0
2016-10-02,6,1,20.0,25.0,0,139.0,119.076923077,82.0,1.06127946128,185.0,23.8954824777,132.0
2016-10-03,0,1,21.0,27.0,1,139.0,121.0,82.0,1.15616218386,170.0,23.8521084377,164.0
2016-10-04,1,1,20.0,27.0,1,140.0,124.846153846,82.0,1.19454376904,164.0,26.3171373059,142.0
2016-10-05,2,1,21.0,28.0,1,140.0,128.153846154,82.0,1.16381028298,164.0,25.5518963735,141.0
2016-10-06,3,1,19.0,25.0,1,140.0,132.692307692,82.0,1.1924769908,164.0,21.9348146715,150.0
2016-10-07,4,1,18.0,23.0,0,140.0,135.615384615,82.0,1.14097496706,164.0,21.5104213081,135.0
2016-10-08,5,0,14.0,22.0,1,139.0,134.769230769,82.0,1.12164296998,164.0,21.3006097643,125.0
2016-10-09,6,0,14.0,21.0,1,139.0,131.923076923,82.0,1.07738799107,164.0,19.897667194,136.0
2016-10-10,0,0,16.0,21.0,1,138.0,133.538461538,82.0,1.02883865939,164.0,19.3017152869,141.0
2016-10-11,1,0,16.0,21.0,1,138.0,136.307692308,82.0,1.03355187042,164.0,17.5077328646,118.0
2016-10-12,2,0,16.0,20.0,0,138.0,136.769230769,82.0,1.00816743236,164.0,16.9304179882,121.0
2016-10-13,3,0,16.0,19.0,1,138.0,138.846153846,82.0,0.955614233623,164.0,12.6785473194,134.0
2016-10-14,4,0,17.0,19.0,0,138.0,138.0,82.0,0.93029055992,164.0,12.6064696455,154.0
2016-10-15,5,1,18.0,24.0,1,138.0,137.923076923,82.0,1.01703344523,164.0,12.5051468694,173.0
2016-10-16,6,1,18.0,23.0,1,138.0,141.076923077,82.0,1.1416542843,173.0,15.439517422,161.0
2016-10-17,0,0,18.0,23.0,1,138.0,140.846153846,82.0,1.18821524227,173.0,15.1141612345,132.0
2016-10-18,1,0,20.0,23.0,1,138.0,140.076923077,82.0,1.12356841471,173.0,15.2893202468,140.0
2016-10-19,2,0,19.0,24.0,0,138.0,140.0,82.0,1.03353622151,173.0,15.2869979948,125.0
2016-10-20,3,0,20.0,23.0,0,136.0,138.076923077,82.0,0.937204910293,173.0,15.4793238695,109.0
2016-10-21,4,0,20.0,23.0,0,136.0,136.076923077,82.0,0.894308943089,173.0,17.3181165189,135.0
2016-10-22,5,1,18.0,20.0,0,136.0,136.846153846,94.0,0.888728323699,173.0,17.0286914166,147.0
2016-10-23,6,1,17.0,20.0,0,136.0,137.692307692,94.0,0.936639118457,173.0,17.2376359944,191.0
2016-10-24,0,0,17.0,21.0,1,136.0,141.538461538,94.0,1.1221826809,191.0,22.3627966622,145.0
2016-10-25,1,0,17.0,18.0,0,136.0,143.615384615,94.0,1.14468538926,191.0,21.3092196065,134.0
2016-10-26,2,0,15.0,17.0,0,136.0,144.615384615,94.0,1.11665478736,191.0,20.514679403,113.0
2016-10-27,3,0,15.0,19.0,0,136.0,143.0,94.0,0.943782352233,191.0,22.0558731059,160.0
2016-10-28,4,0,11.0,16.0,0,136.0,143.461538462,94.0,0.971128608924,191.0,22.3421484561,154.0
2016-10-29,5,1,9.0,11.0,0,136.0,142.0,109.0,1.00838351635,191.0,20.9394732136,131.0
2016-10-30,6,1,11.0,17.0,1,135.0,139.692307692,109.0,1.05275609179,191.0,20.3635595173,155.0
2016-10-31,0,0,10.0,14.0,0,135.0,141.461538462,109.0,1.03578154426,191.0,20.6159586602,117.0
