time_stamp,dayofweek,holiday,lt,ht,sunny,m2M,w2A,m1L,d3w3,m1Lar,w2Std,pay_sum
2016-08-01,0,0,28.0,34.0,1,44.0,41.1538461538,1.0,0.954431288123,90.0,7.50226790168,37.0
2016-08-02,1,0,28.0,34.0,0,44.0,41.1538461538,4.0,0.930570701563,90.0,7.50226790168,32.0
2016-08-03,2,0,26.0,32.0,0,43.0,40.5384615385,31.0,0.865419875321,90.0,7.88977317228,35.0
2016-08-04,3,0,27.0,32.0,0,42.0,40.7692307692,31.0,0.779902512186,90.0,7.67767839663,47.0
2016-08-05,4,0,27.0,33.0,0,43.0,40.3846153846,31.0,0.858757062147,90.0,7.21684420205,38.0
2016-08-06,5,1,27.0,33.0,1,43.0,39.0,31.0,0.954653937947,90.0,5.64323965876,56.0
2016-08-07,6,1,27.0,34.0,1,43.0,39.6923076923,31.0,1.14216281896,90.0,6.97671528823,57.0
2016-08-08,0,0,27.0,34.0,0,43.0,41.3846153846,31.0,1.20270808443,85.0,8.19510605872,47.0
2016-08-09,1,0,28.0,34.0,1,44.0,42.2307692308,31.0,1.25934671389,85.0,8.16327466489,46.0
2016-08-10,2,0,28.0,34.0,1,44.0,43.3846153846,31.0,1.17233294256,85.0,7.52982236524,42.0
2016-08-11,3,0,28.0,35.0,1,44.0,43.8461538462,31.0,1.04287369641,85.0,7.24139971432,49.0
2016-08-12,4,0,28.0,34.0,1,44.0,44.3846153846,31.0,1.06201550388,85.0,7.34363629838,42.0
2016-08-13,5,1,28.0,35.0,1,44.0,44.3846153846,31.0,1.04806934594,85.0,7.34363629838,65.0
2016-08-14,6,1,28.0,36.0,1,46.0,45.6153846154,31.0,1.2037037037,85.0,9.13605251853,65.0
2016-08-15,0,0,28.0,35.0,1,47.0,47.7692307692,31.0,1.28262490679,71.0,10.1006766426,34.0
2016-08-16,1,0,28.0,35.0,1,47.0,47.9230769231,31.0,1.22571001495,65.0,9.87196137056,50.0
2016-08-17,2,0,28.0,35.0,1,47.0,49.0769230769,31.0,1.09037687523,65.0,9.14382127207,43.0
2016-08-18,3,0,28.0,36.0,1,47.0,48.7692307692,31.0,0.922294843863,65.0,9.2748945352,37.0
2016-08-19,4,0,29.0,36.0,1,47.0,48.6923076923,31.0,0.949251551661,65.0,9.36757595592,56.0
2016-08-20,5,1,28.0,37.0,0,47.0,48.6923076923,31.0,0.978065444085,65.0,9.36757595592,62.0
2016-08-21,6,1,28.0,35.0,0,47.0,49.0769230769,31.0,1.09929078014,65.0,9.79373063563,61.0
2016-08-22,0,0,28.0,35.0,1,47.0,50.1538461538,31.0,1.23789764869,65.0,10.2645480536,51.0
2016-08-23,1,0,26.0,34.0,1,47.0,50.5384615385,31.0,1.18006103764,65.0,10.1951374882,46.0
2016-08-24,2,0,26.0,34.0,1,47.0,50.8461538462,31.0,1.05969148223,65.0,9.99112031792,51.0
2016-08-25,3,0,27.0,35.0,1,47.0,51.0,31.0,0.988643954576,65.0,9.97689638808,50.0
2016-08-26,4,0,26.0,34.0,0,47.0,51.6153846154,32.0,0.970297029703,65.0,9.64395754656,44.0
2016-08-27,5,1,23.0,31.0,1,47.0,50.0,32.0,0.968603874415,65.0,9.00427249015,64.0
2016-08-28,6,1,22.0,30.0,1,49.0,49.9230769231,32.0,1.04809286899,65.0,8.87920248031,65.0
2016-08-29,0,0,23.0,31.0,1,49.0,52.3076923077,32.0,1.12740306289,65.0,8.43422164011,47.0
2016-08-30,1,0,23.0,31.0,1,47.0,52.0769230769,32.0,1.14583333333,65.0,8.53464918356,51.0
2016-08-31,2,0,25.0,34.0,1,47.0,52.6923076923,32.0,1.05195224266,65.0,8.13713817945,50.0
2016-09-01,3,0,26.0,33.0,1,49.0,53.6923076923,34.0,0.954223081883,65.0,6.8431281127,36.0
2016-09-02,4,0,25.0,34.0,1,49.0,52.1538461538,34.0,0.888456549935,65.0,8.25410064845,39.0
2016-09-03,5,1,25.0,35.0,1,49.0,50.3846153846,34.0,0.831669993347,65.0,8.41736722532,48.0
2016-09-04,6,1,25.0,33.0,1,48.0,49.3846153846,34.0,0.832487309645,65.0,7.84992367957,47.0
2016-09-05,0,0,25.0,30.0,0,47.0,49.0769230769,34.0,0.895123580494,65.0,7.85896390178,49.0
2016-09-06,1,0,22.0,27.0,0,47.0,49.3076923077,34.0,0.962888665998,65.0,7.80911317121,43.0
2016-09-07,2,0,20.0,24.0,0,47.0,48.6923076923,34.0,0.929455031762,65.0,7.96516082589,41.0
2016-09-08,3,0,22.0,29.0,1,47.0,48.0,34.0,0.885780885781,65.0,8.20881327505,33.0
2016-09-09,4,0,23.0,31.0,1,47.0,47.1538461538,33.0,0.79754601227,65.0,9.09645876867,39.0
2016-09-10,5,1,24.0,29.0,1,47.0,45.2307692308,33.0,0.788830715532,65.0,7.89502127589,58.0
2016-09-11,6,1,23.0,26.0,0,47.0,44.6923076923,33.0,0.910364145658,65.0,6.67238413606,34.0
2016-09-12,0,0,23.0,29.0,1,47.0,43.6923076923,33.0,0.934046345811,65.0,7.2045350609,50.0
2016-09-13,1,0,23.0,30.0,1,47.0,43.6153846154,33.0,1.00816471424,65.0,7.13106380605,52.0
2016-09-14,2,0,22.0,24.0,0,47.0,43.7692307692,33.0,0.964539007092,65.0,7.28701528172,32.0
2016-09-15,3,1,23.0,26.0,0,46.0,43.4615384615,32.0,0.968908170644,65.0,7.68230118384,32.0
2016-09-16,4,1,23.0,27.0,0,46.0,42.9230769231,32.0,0.849816849817,65.0,8.20376591255,44.0
2016-09-17,5,1,23.0,27.0,0,46.0,42.6153846154,32.0,0.808988764045,65.0,8.08168357878,79.0
2016-09-18,6,0,23.0,28.0,0,47.0,45.0769230769,32.0,1.14306784661,79.0,12.633664055,28.0
2016-09-19,0,0,21.0,27.0,0,47.0,43.4615384615,28.0,1.13747645951,79.0,13.3509745229,22.0
2016-09-20,1,0,20.0,26.0,1,46.0,41.8461538462,22.0,1.0046728972,79.0,14.527672024,50.0
2016-09-21,2,0,20.0,27.0,1,46.0,42.5384615385,22.0,0.778816199377,79.0,14.6844521891,41.0
2016-09-22,3,0,21.0,27.0,1,46.0,43.1538461538,22.0,0.874951606659,79.0,14.4373775258,36.0
2016-09-23,4,0,21.0,27.0,1,46.0,42.9230769231,22.0,0.986790986791,79.0,14.5256353679,62.0
2016-09-24,5,1,22.0,28.0,1,46.0,43.2307692308,22.0,1.0626911315,79.0,14.8797944886,74.0
2016-09-25,6,1,23.0,29.0,1,47.0,46.3076923077,22.0,1.27549128661,79.0,16.6797187552,95.0
2016-09-26,0,0,24.0,31.0,1,47.0,49.7692307692,22.0,1.62962962963,95.0,21.1556642575,34.0
2016-09-27,1,0,25.0,30.0,0,47.0,48.3846153846,22.0,1.44586894587,95.0,21.549722331,44.0
2016-09-28,2,0,22.0,28.0,0,47.0,49.3076923077,22.0,1.228257011,95.0,21.0800110034,40.0
2016-09-29,3,0,22.0,25.0,0,47.0,49.9230769231,22.0,0.831571529246,95.0,20.67872016,39.0
2016-09-30,4,0,23.0,28.0,0,47.0,49.5384615385,22.0,0.866807610994,95.0,20.8312464438,74.0
2016-10-01,5,1,24.0,29.0,0,47.0,49.1538461538,22.0,1.06029106029,95.0,20.3237116305,89.0
2016-10-02,6,1,24.0,32.0,1,47.0,53.8461538462,22.0,1.32415601442,95.0,21.8802550746,78.0
2016-10-03,0,1,22.0,26.0,1,47.0,58.1538461538,22.0,1.5374800638,95.0,20.665266861,71.0
2016-10-04,1,1,22.0,26.0,1,48.0,59.7692307692,22.0,1.49122807018,95.0,20.785179062,67.0
2016-10-05,2,1,22.0,27.0,1,48.0,61.7692307692,22.0,1.31028207461,95.0,20.1232886369,88.0
2016-10-06,3,1,22.0,26.0,0,48.0,65.7692307692,22.0,1.30447330447,95.0,19.7684824761,79.0
2016-10-07,4,1,20.0,25.0,0,49.0,67.0769230769,22.0,1.31092436975,95.0,20.0363574859,68.0
2016-10-08,5,0,17.0,22.0,0,49.0,66.6153846154,22.0,1.32880972576,95.0,19.9404438711,40.0
2016-10-09,6,0,18.0,22.0,1,49.0,62.3846153846,22.0,1.04673943465,95.0,19.2934363552,46.0
2016-10-10,0,0,18.0,22.0,1,49.0,63.3076923077,22.0,0.844993141289,95.0,18.1675306962,42.0
2016-10-11,1,0,19.0,25.0,1,49.0,63.1538461538,22.0,0.70698702016,95.0,18.338048524,36.0
2016-10-12,2,0,19.0,23.0,1,48.0,62.8461538462,22.0,0.687742651137,95.0,18.7528301612,18.0
2016-10-13,3,0,19.0,23.0,1,47.0,61.2307692308,18.0,0.540540540541,95.0,21.4481623604,37.0
2016-10-14,4,0,19.0,23.0,0,47.0,58.3846153846,18.0,0.523439746908,95.0,22.0123687662,65.0
2016-10-15,5,1,21.0,25.0,1,47.0,56.5384615385,18.0,0.695652173913,95.0,20.3076923077,95.0
2016-10-16,6,1,20.0,26.0,1,48.0,57.8461538462,18.0,1.14202898551,95.0,22.1145484792,61.0
2016-10-17,0,0,20.0,25.0,1,49.0,57.0769230769,18.0,1.25177003682,95.0,21.8155256587,30.0
2016-10-18,1,0,20.0,25.0,1,48.0,54.2307692308,18.0,1.06620808255,95.0,22.7296954061,51.0
2016-10-19,2,0,20.0,24.0,0,48.0,51.3846153846,18.0,0.806360022714,95.0,20.5334191448,46.0
2016-10-20,3,0,20.0,23.0,0,47.0,48.8461538462,18.0,0.716906576348,95.0,18.9405797728,31.0
2016-10-21,4,0,0.0,21.0,0,47.0,46.0,18.0,0.74985354423,95.0,18.6258711722,23.0
2016-10-22,5,1,19.0,23.0,0,47.0,44.6923076923,18.0,0.621890547264,95.0,19.5738625385,57.0
2016-10-23,6,1,18.0,23.0,1,47.0,45.5384615385,18.0,0.704091341579,95.0,19.8479426743,62.0
2016-10-24,0,0,20.0,24.0,1,47.0,47.0769230769,18.0,0.908509277031,95.0,20.2843688909,30.0
2016-10-25,1,0,18.0,22.0,1,47.0,46.6153846154,18.0,0.988391376451,95.0,20.5970067338,37.0
2016-10-26,2,0,19.0,21.0,0,46.0,48.0769230769,18.0,0.901467505241,95.0,19.1370021704,30.0
2016-10-27,3,0,18.0,22.0,0,46.0,47.5384615385,18.0,0.714548802947,95.0,19.5354328361,35.0
2016-10-28,4,0,15.0,20.0,0,44.0,45.2307692308,18.0,0.779816513761,95.0,19.1035793914,42.0
2016-10-29,5,1,13.0,17.0,1,44.0,41.1538461538,18.0,0.816170861937,95.0,12.593320292,73.0
2016-10-30,6,1,14.0,18.0,1,44.0,42.0769230769,18.0,1.10987791343,95.0,14.3337232184,70.0
2016-10-31,0,0,13.0,17.0,0,44.0,45.1538461538,18.0,1.32759239325,95.0,15.6443460116,49.0
