time_stamp,dayofweek,holiday,lt,ht,sunny,m2M,w2A,m1L,d3w3,m1Lar,w2Std,pay_sum
2016-08-01,0,0,27.0,37.0,1,49.0,31.6153846154,8.0,0.909990108803,69.0,4.17940852529,30.0
2016-08-02,1,0,26.0,36.0,0,48.0,31.6153846154,8.0,0.919540229885,64.0,4.17940852529,26.0
2016-08-03,2,0,25.0,31.0,0,48.0,31.3076923077,8.0,0.849673202614,64.0,4.42692140613,42.0
2016-08-04,3,0,25.0,29.0,0,47.0,32.2307692308,8.0,0.934668574154,64.0,5.23529216221,36.0
2016-08-05,4,0,25.0,31.0,0,47.0,32.1538461538,8.0,1.02868447082,64.0,5.17161117353,34.0
2016-08-06,5,1,24.0,32.0,0,46.0,32.4615384615,8.0,1.12449799197,64.0,5.15327206906,33.0
2016-08-07,6,1,25.0,32.0,0,45.0,32.0769230769,8.0,1.05641025641,61.0,4.90622114434,44.0
2016-08-08,0,0,26.0,32.0,0,44.0,33.1538461538,8.0,1.12804878049,61.0,5.78919622222,26.0
2016-08-09,1,0,26.0,32.0,0,44.0,33.2307692308,8.0,1.05316973415,61.0,5.68606726541,36.0
2016-08-10,2,0,26.0,34.0,0,43.0,33.0,8.0,1.07396149949,61.0,5.50524225695,23.0
2016-08-11,3,0,27.0,35.0,0,42.0,32.4615384615,8.0,0.870455709165,61.0,6.08422151793,28.0
2016-08-12,4,0,28.0,38.0,1,40.0,32.6153846154,23.0,0.903426791277,61.0,5.94252551256,37.0
2016-08-13,5,1,28.0,37.0,1,40.0,33.0769230769,23.0,0.90395480226,61.0,6.03147562582,24.0
2016-08-14,6,1,28.0,37.0,1,39.0,32.2307692308,23.0,0.9343832021,47.0,6.45879062452,31.0
2016-08-15,0,0,28.0,37.0,1,39.0,32.3076923077,23.0,0.964360587002,47.0,6.43768490859,43.0
2016-08-16,1,0,27.0,37.0,1,39.0,33.6153846154,23.0,0.998980632008,44.0,6.74295600025,34.0
2016-08-17,2,0,27.0,36.0,1,39.0,33.0,23.0,1.1093990755,44.0,6.30018314752,36.0
2016-08-18,3,0,28.0,37.0,1,38.0,33.0,23.0,1.15012722646,44.0,6.30018314752,38.0
2016-08-19,4,0,27.0,37.0,1,38.0,33.3076923077,23.0,1.07946026987,44.0,6.43768490859,27.0
2016-08-20,5,1,26.0,36.0,1,38.0,32.8461538462,23.0,1.01558572147,44.0,6.65462423196,16.0
2016-08-21,6,1,26.0,34.0,1,37.0,30.6923076923,16.0,0.83850931677,44.0,7.2045350609,32.0
2016-08-22,0,0,27.0,33.0,1,37.0,31.1538461538,16.0,0.77399380805,44.0,7.08026676862,37.0
2016-08-23,1,0,27.0,34.0,1,37.0,31.2307692308,16.0,0.862506341958,44.0,7.13769889825,25.0
2016-08-24,2,0,27.0,34.0,1,36.0,31.3846153846,16.0,0.979166666667,44.0,6.97841134156,21.0
2016-08-25,3,0,24.0,35.0,0,36.0,30.8461538462,16.0,0.885333333333,44.0,7.47144465328,40.0
2016-08-26,4,0,21.0,27.0,0,36.0,31.0769230769,16.0,0.908610670893,44.0,7.70076458204,71.0
2016-08-27,5,1,18.0,27.0,1,36.0,34.6923076923,16.0,1.3153961136,71.0,12.8445415847,115.0
2016-08-28,6,1,18.0,30.0,1,36.0,41.1538461538,16.0,2.03603603604,115.0,24.8653176869,146.0
2016-08-29,0,0,19.0,31.0,1,36.0,49.0769230769,16.0,2.57364341085,146.0,37.4278003186,99.0
2016-08-30,1,0,20.0,31.0,1,36.0,54.0769230769,16.0,2.60021668472,146.0,39.3709411358,131.0
2016-08-31,2,0,21.0,32.0,1,36.0,61.3846153846,16.0,2.43129647591,146.0,43.8941707389,127.0
2016-09-01,3,0,21.0,31.0,1,36.0,68.2307692308,16.0,2.10619469027,146.0,46.5719523486,97.0
2016-09-02,4,0,22.0,33.0,1,36.0,73.6153846154,16.0,1.98879551821,146.0,45.5285852076,89.0
2016-09-03,5,1,22.0,33.0,1,36.0,79.2307692308,16.0,1.66268260292,146.0,42.4756108231,110.0
2016-09-04,6,1,22.0,31.0,1,36.0,85.2307692308,16.0,1.47926036982,146.0,40.8583930671,137.0
2016-09-05,0,0,23.0,32.0,1,36.0,92.9230769231,16.0,1.56862745098,146.0,40.4654867919,52.0
2016-09-06,1,0,21.0,31.0,1,36.0,95.0,16.0,1.37851544491,146.0,37.5110240206,72.0
2016-09-07,2,0,23.0,32.0,1,36.0,98.9230769231,16.0,1.17408906883,146.0,31.7985523097,61.0
2016-09-08,3,0,22.0,32.0,1,36.0,100.538461538,16.0,0.819490586932,146.0,29.190660742,74.0
2016-09-09,4,0,21.0,31.0,0,36.0,100.769230769,16.0,0.889175257732,146.0,28.9672330697,81.0
2016-09-10,5,1,22.0,32.0,1,37.0,98.1538461538,16.0,0.890538033395,146.0,29.098892799,113.0
2016-09-11,6,1,20.0,31.0,1,37.0,95.6153846154,16.0,1.05221829603,146.0,26.0990375936,110.0
2016-09-12,0,0,22.0,33.0,1,37.0,96.4615384615,16.0,1.14436288349,146.0,26.3719413381,53.0
2016-09-13,1,0,21.0,32.0,1,37.0,90.4615384615,16.0,1.02279043913,146.0,26.7023922426,81.0
2016-09-14,2,0,21.0,31.0,1,37.0,86.9230769231,16.0,0.875022413484,146.0,24.5903719072,67.0
2016-09-15,3,1,23.0,31.0,0,37.0,84.6153846154,16.0,0.710498409332,146.0,24.9415885668,76.0
2016-09-16,4,1,22.0,30.0,0,37.0,83.6153846154,16.0,0.789705623127,146.0,25.0062714027,75.0
2016-09-17,5,1,21.0,32.0,1,37.0,80.9230769231,16.0,0.78516117414,146.0,23.8793813168,60.0
2016-09-18,6,0,20.0,31.0,1,38.0,75.0,16.0,0.796978281398,146.0,18.081014267,60.0
2016-09-19,0,0,18.0,29.0,1,38.0,75.6153846154,21.0,0.753186558517,146.0,17.411483662,66.0
2016-09-20,1,0,18.0,27.0,1,39.0,75.1538461538,21.0,0.746538229982,146.0,17.5799105355,57.0
2016-09-21,2,0,17.0,28.0,1,40.0,74.8461538462,21.0,0.766813324953,146.0,17.85775485,61.0
2016-09-22,3,0,17.0,30.0,1,42.0,73.8461538462,21.0,0.788853161844,146.0,18.2370972464,116.0
2016-09-23,4,0,18.0,31.0,1,43.0,76.5384615385,40.0,0.986093552465,146.0,21.4031463705,134.0
2016-09-24,5,1,22.0,32.0,1,44.0,78.1538461538,52.0,1.29099211291,146.0,24.6415726079,119.0
2016-09-25,6,1,23.0,30.0,1,52.0,78.8461538462,52.0,1.54911838791,146.0,25.6330500417,104.0
2016-09-26,0,0,23.0,33.0,1,53.0,82.7692307692,52.0,1.4512195122,146.0,25.2773959411,53.0
2016-09-27,1,0,22.0,32.0,1,53.0,80.6153846154,52.0,1.13510178902,137.0,26.4997487986,65.0
2016-09-28,2,0,16.0,25.0,0,57.0,80.4615384615,52.0,0.910769230769,137.0,26.584018868,55.0
2016-09-29,3,0,15.0,18.0,0,57.0,78.8461538462,52.0,0.718140307181,137.0,27.4306009745,40.0
2016-09-30,4,0,17.0,20.0,0,57.0,76.1538461538,40.0,0.681576144835,137.0,29.3279760215,78.0
2016-10-01,5,1,17.0,20.0,0,60.0,77.5384615385,40.0,0.753812636166,137.0,28.9551785846,65.0
2016-10-02,6,1,16.0,23.0,0,60.0,77.9230769231,40.0,0.821548821549,137.0,28.7521545372,57.0
2016-10-03,0,1,18.0,29.0,1,60.0,77.2307692308,40.0,0.895455563018,137.0,29.1366907105,40.0
2016-10-04,1,1,17.0,30.0,1,60.0,75.9230769231,40.0,0.745856353591,134.0,30.3706881421,45.0
2016-10-05,2,1,18.0,30.0,1,60.0,74.6923076923,40.0,0.663861617578,134.0,31.2616368866,45.0
2016-10-06,3,1,19.0,29.0,1,60.0,69.2307692308,40.0,0.621266427718,134.0,29.7325355232,54.0
2016-10-07,4,1,19.0,27.0,1,60.0,63.0769230769,40.0,0.698689956332,134.0,23.2658929583,62.0
2016-10-08,5,0,16.0,26.0,1,61.0,58.6923076923,40.0,0.78003875969,134.0,16.7808710482,53.0
2016-10-09,6,0,16.0,24.0,1,61.0,54.7692307692,40.0,0.822985147309,134.0,10.525820605,57.0
2016-10-10,0,0,16.0,23.0,1,61.0,55.0769230769,40.0,0.843137254902,134.0,10.5280689913,58.0
2016-10-11,1,0,16.0,21.0,1,61.0,54.5384615385,40.0,0.822924320353,134.0,10.1800361539,62.0
2016-10-12,2,0,16.0,19.0,1,61.0,55.0769230769,40.0,0.86637298091,134.0,10.3734983229,49.0
2016-10-13,3,0,15.0,18.0,0,61.0,55.7692307692,40.0,0.870012870013,134.0,9.61692295387,56.0
2016-10-14,4,0,15.0,19.0,1,61.0,54.0769230769,40.0,0.914817858121,134.0,7.18397295761,56.0
2016-10-15,5,1,16.0,23.0,1,61.0,53.3846153846,40.0,0.930098209128,134.0,6.4989757955,93.0
2016-10-16,6,1,16.0,24.0,1,62.0,56.1538461538,40.0,1.19568387285,134.0,12.4211120142,56.0
2016-10-17,0,0,16.0,23.0,1,62.0,57.3846153846,40.0,1.19255381035,134.0,11.5194715526,69.0
2016-10-18,1,0,18.0,25.0,1,62.0,59.2307692308,40.0,1.26376811594,134.0,11.3079539478,60.0
2016-10-19,2,0,18.0,24.0,0,62.0,60.3846153846,40.0,1.06782106782,134.0,10.5359345651,33.0
2016-10-20,3,0,19.0,23.0,0,62.0,58.7692307692,33.0,0.940766550523,134.0,12.7650595597,70.0
2016-10-21,4,0,18.0,24.0,0,65.0,59.3846153846,33.0,0.953216374269,134.0,13.0945582446,69.0
2016-10-22,5,1,16.0,21.0,0,65.0,60.6153846154,33.0,1.00233100233,134.0,13.1882142113,60.0
2016-10-23,6,1,15.0,18.0,1,65.0,60.8461538462,33.0,1.15664051148,119.0,13.1491219587,68.0
2016-10-24,0,0,12.0,16.0,0,66.0,61.6153846154,33.0,1.11773049645,104.0,13.2522187491,57.0
2016-10-25,1,0,12.0,16.0,0,65.0,61.2307692308,33.0,1.03903397922,93.0,13.3079146269,60.0
2016-10-26,2,0,13.0,16.0,0,65.0,62.0769230769,33.0,1.026067665,93.0,12.8450022515,72.0
2016-10-27,3,0,12.0,16.0,0,65.0,63.3076923077,33.0,1.03278688525,93.0,12.9696961318,116.0
2016-10-28,4,0,9.0,14.0,0,65.0,67.9230769231,33.0,1.29774986918,116.0,18.8779950796,56.0
2016-10-29,5,1,7.0,11.0,0,62.0,65.0769230769,33.0,1.27381884625,116.0,17.6306618335,80.0
2016-10-30,6,1,9.0,15.0,0,62.0,66.9230769231,33.0,1.29230769231,116.0,17.8388579251,71.0
2016-10-31,0,0,9.0,14.0,0,62.0,67.0769230769,33.0,1.05102817974,116.0,17.8647118363,69.0
