time_stamp,dayofweek,holiday,lt,ht,sunny,m2M,w2A,m1L,d3w3,m1Lar,w2Std,pay_sum
2016-08-01,0,0,23.0,33.0,0,4.0,64.8461538462,4.0,1.0970464135,96.0,14.2604679708,74.0
2016-08-02,1,0,22.0,32.0,1,4.0,66.3076923077,4.0,1.00907029478,96.0,14.1496649342,72.0
2016-08-03,2,0,22.0,30.0,0,4.0,67.1538461538,4.0,1.04097452935,96.0,14.1358581348,74.0
2016-08-04,3,0,21.0,32.0,1,4.0,66.9230769231,4.0,1.1885467315,96.0,13.9970411074,75.0
2016-08-05,4,0,22.0,31.0,0,4.0,68.3846153846,4.0,1.15828092243,96.0,13.770305072,75.0
2016-08-06,5,1,23.0,32.0,0,4.0,69.6923076923,4.0,1.14607316449,96.0,13.527093129,46.0
2016-08-07,6,1,22.0,31.0,0,4.0,69.7692307692,4.0,0.997455470738,96.0,13.3885935733,52.0
2016-08-08,0,0,22.0,30.0,0,4.0,67.9230769231,4.0,0.879735570811,96.0,14.0409376109,77.0
2016-08-09,1,0,22.0,32.0,0,4.0,68.2307692308,4.0,0.875218804701,96.0,14.1918386414,98.0
2016-08-10,2,0,22.0,31.0,1,4.0,68.3846153846,4.0,1.10462287105,98.0,14.4995409028,86.0
2016-08-11,3,0,23.0,34.0,1,4.0,70.0769230769,37.0,1.26178390138,98.0,15.1579455603,88.0
2016-08-12,4,0,24.0,34.0,0,37.0,70.8461538462,37.0,1.28514056225,98.0,15.7814211793,86.0
2016-08-13,5,1,23.0,34.0,0,39.0,72.6923076923,37.0,1.20454018995,98.0,16.0402599988,55.0
2016-08-14,6,1,25.0,34.0,0,42.0,73.6923076923,39.0,1.05360018403,98.0,14.4189224786,49.0
2016-08-15,0,0,24.0,33.0,0,44.0,71.7692307692,39.0,0.890764181903,98.0,15.8461538462,87.0
2016-08-16,1,0,24.0,33.0,1,44.0,72.9230769231,42.0,0.886722376973,98.0,16.3587734093,81.0
2016-08-17,2,0,25.0,34.0,1,44.0,73.4615384615,42.0,1.01806239737,98.0,16.499955173,83.0
2016-08-18,3,0,23.0,34.0,1,45.0,74.0769230769,42.0,1.16203703704,98.0,16.6939027951,95.0
2016-08-19,4,0,23.0,34.0,1,46.0,75.6153846154,42.0,1.18508350492,98.0,17.6048003136,115.0
2016-08-20,5,1,24.0,34.0,1,49.0,80.9230769231,42.0,1.293598234,115.0,18.2649792624,56.0
2016-08-21,6,1,25.0,34.0,1,51.0,81.2307692308,42.0,1.16360454943,115.0,17.8029982183,62.0
2016-08-22,0,0,25.0,34.0,0,52.0,80.0769230769,42.0,1.02733686067,115.0,18.5117905815,112.0
2016-08-23,1,0,25.0,34.0,0,55.0,81.1538461538,42.0,0.987972508591,115.0,19.8798164124,116.0
2016-08-24,2,0,25.0,36.0,0,55.0,83.4615384615,42.0,1.21288163948,116.0,21.9426363489,109.0
2016-08-25,3,0,22.0,34.0,1,56.0,85.0769230769,42.0,1.38001638002,116.0,22.9664020104,101.0
2016-08-26,4,0,22.0,30.0,1,56.0,86.2307692308,42.0,1.31398629585,116.0,23.3572714626,112.0
2016-08-27,5,1,21.0,29.0,1,58.0,90.6153846154,42.0,1.2480620155,116.0,22.4140699683,79.0
2016-08-28,6,1,22.0,30.0,1,61.0,92.9230769231,42.0,1.11429116581,116.0,19.3448921442,58.0
2016-08-29,0,0,20.0,24.0,0,61.0,90.6923076923,42.0,0.960648148148,116.0,21.4561614439,104.0
2016-08-30,1,0,18.0,26.0,0,62.0,92.4615384615,46.0,0.926566705113,116.0,21.53214193,94.0
2016-08-31,2,0,19.0,26.0,0,62.0,93.3076923077,46.0,0.979716800612,116.0,21.3591436568,124.0
2016-09-01,3,0,17.0,29.0,1,64.0,95.5384615385,46.0,1.20734908136,124.0,22.8796697953,109.0
2016-09-02,4,0,20.0,30.0,1,72.0,95.0769230769,46.0,1.2104386452,124.0,22.5404304732,84.0
2016-09-03,5,1,20.0,27.0,0,73.0,97.2307692308,46.0,1.15482695811,124.0,19.8848757608,69.0
2016-09-04,6,1,20.0,24.0,1,73.0,97.7692307692,46.0,0.944144144144,124.0,18.9985985157,59.0
2016-09-05,0,0,19.0,22.0,0,73.0,93.6923076923,49.0,0.77570435419,124.0,21.0800110034,93.0
2016-09-06,1,0,19.0,27.0,1,74.0,91.9230769231,49.0,0.803344238459,124.0,20.074712522,88.0
2016-09-07,2,0,20.0,25.0,1,74.0,90.3076923077,49.0,0.870038064165,124.0,19.4714173771,88.0
2016-09-08,3,0,19.0,25.0,1,75.0,89.3076923077,49.0,0.978893740902,124.0,19.2289229883,88.0
2016-09-09,4,0,20.0,29.0,1,75.0,87.4615384615,49.0,0.975069252078,124.0,18.0793779021,100.0
2016-09-10,5,1,18.0,29.0,1,76.0,89.0769230769,49.0,0.995132504056,124.0,18.1890141758,65.0
2016-09-11,6,1,19.0,32.0,1,76.0,89.6153846154,49.0,0.910727141829,124.0,17.3450878062,51.0
2016-09-12,0,0,19.0,28.0,1,76.0,85.5384615385,49.0,0.804020100503,124.0,19.5708393146,122.0
2016-09-13,1,0,19.0,25.0,0,77.0,87.6923076923,51.0,0.882953069931,124.0,21.7976167201,98.0
2016-09-14,2,0,18.0,21.0,0,77.0,85.6923076923,51.0,1.0115714819,124.0,19.4397871759,100.0
2016-09-15,3,1,18.0,28.0,1,78.0,85.0,51.0,1.19514472456,124.0,18.7452558101,40.0
2016-09-16,4,1,19.0,26.0,1,78.0,81.6153846154,40.0,0.926250243238,124.0,22.2625538017,65.0
2016-09-17,5,1,20.0,25.0,0,78.0,81.3076923077,40.0,0.804394742005,124.0,22.4615384615,58.0
2016-09-18,6,0,18.0,23.0,0,78.0,81.2307692308,40.0,0.639591916814,124.0,22.5393803961,112.0
2016-09-19,0,0,17.0,23.0,0,79.0,82.6923076923,40.0,0.917789494239,124.0,23.8339919358,115.0
2016-09-20,1,0,17.0,24.0,0,81.0,84.7692307692,40.0,1.09953703704,124.0,25.3351499401,139.0
2016-09-21,2,0,18.0,27.0,1,83.0,88.6923076923,40.0,1.39988525531,139.0,29.1874172452,132.0
2016-09-22,3,0,19.0,26.0,0,84.0,92.0769230769,40.0,1.45715364288,139.0,31.379713041,150.0
2016-09-23,4,0,18.0,22.0,0,86.0,95.9230769231,40.0,1.53202328967,150.0,34.9735318347,130.0
2016-09-24,5,1,18.0,24.0,1,86.0,100.923076923,40.0,1.450959676,150.0,34.8413139787,79.0
2016-09-25,6,1,18.0,24.0,1,86.0,103.076923077,40.0,1.2510890399,150.0,32.4735668564,81.0
2016-09-26,0,0,19.0,25.0,1,86.0,99.9230769231,40.0,1.01700859197,150.0,32.4735668564,146.0
2016-09-27,1,0,19.0,26.0,1,86.0,103.615384615,40.0,1.04134762634,150.0,34.6976799525,140.0
2016-09-28,2,0,19.0,28.0,1,87.0,106.692307692,40.0,1.21664180341,150.0,35.9901367159,150.0
2016-09-29,3,0,18.0,26.0,1,88.0,115.153846154,40.0,1.40215468725,150.0,32.0284636723,161.0
2016-09-30,4,0,19.0,28.0,1,88.0,122.538461538,40.0,1.4089347079,161.0,30.6509264124,135.0
2016-10-01,5,1,19.0,30.0,1,88.0,128.461538462,40.0,1.34906231095,161.0,24.4118993198,84.0
2016-10-02,6,1,19.0,32.0,1,88.0,126.307692308,40.0,1.13246908061,161.0,26.8797453496,83.0
2016-10-03,0,1,20.0,29.0,1,88.0,123.846153846,40.0,0.915984228086,161.0,29.1701801209,101.0
2016-10-04,1,1,18.0,27.0,0,88.0,120.923076923,40.0,0.811752233833,161.0,29.4081661565,109.0
2016-10-05,2,1,18.0,23.0,1,93.0,119.153846154,40.0,0.883861236802,161.0,29.3803863248,90.0
2016-10-06,3,1,19.0,24.0,0,93.0,114.538461538,40.0,0.884955752212,161.0,28.8806972658,101.0
2016-10-07,4,1,18.0,22.0,0,94.0,112.307692308,40.0,0.871080139373,161.0,28.719825946,111.0
2016-10-08,5,0,14.0,20.0,0,94.0,114.769230769,40.0,0.857102313041,161.0,27.0843521277,88.0
2016-10-09,6,0,15.0,19.0,0,94.0,115.307692308,40.0,0.860215053763,161.0,26.4702579552,131.0
2016-10-10,0,0,14.0,18.0,0,95.0,114.153846154,40.0,0.939769329346,161.0,25.4130377013,134.0
2016-10-11,1,0,15.0,18.0,0,98.0,113.692307692,40.0,1.00742009132,161.0,24.9904123627,156.0
2016-10-12,2,0,14.0,17.0,0,100.0,114.153846154,40.0,1.18926553672,161.0,25.7019788339,141.0
2016-10-13,3,0,15.0,20.0,1,100.0,112.615384615,40.0,1.22217496101,161.0,23.3420665539,133.0
2016-10-14,4,0,15.0,19.0,0,101.0,112.461538462,40.0,1.21778532993,161.0,23.2001836353,181.0
2016-10-15,5,1,15.0,21.0,1,101.0,119.923076923,58.0,1.23507057546,181.0,27.9572793286,127.0
2016-10-16,6,1,15.0,24.0,0,101.0,123.307692308,58.0,1.17505995204,181.0,25.867665041,87.0
2016-10-17,0,0,15.0,24.0,1,101.0,122.230769231,79.0,1.0779096739,181.0,27.0388718647,130.0
2016-10-18,1,0,16.0,22.0,1,101.0,123.846153846,79.0,0.94259487601,181.0,26.8266404727,166.0
2016-10-19,2,0,16.0,21.0,1,104.0,129.692307692,79.0,1.04260242276,181.0,27.093526378,173.0
2016-10-20,3,0,17.0,24.0,1,109.0,135.230769231,79.0,1.2704862522,181.0,28.0059165347,182.0
2016-10-21,4,0,18.0,22.0,0,109.0,140.692307692,79.0,1.38490164806,182.0,29.62427439,195.0
2016-10-22,5,1,17.0,22.0,0,109.0,148.923076923,79.0,1.40002545501,195.0,28.6905547,114.0
2016-10-23,6,1,16.0,21.0,0,109.0,147.615384615,79.0,1.23522012579,195.0,29.8419901933,94.0
2016-10-24,0,0,17.0,22.0,1,109.0,144.538461538,81.0,1.01652162946,195.0,32.9839480415,190.0
2016-10-25,1,0,15.0,21.0,1,109.0,147.153846154,83.0,0.974057758199,195.0,35.0710183964,162.0
2016-10-26,2,0,15.0,21.0,0,109.0,148.769230769,83.0,1.06342393896,195.0,35.2336243385,157.0
2016-10-27,3,0,13.0,21.0,1,111.0,150.615384615,83.0,1.18980832165,195.0,34.9868952643,169.0
2016-10-28,4,0,8.0,16.0,0,112.0,149.692307692,83.0,1.11798396334,195.0,34.3251076874,161.0
2016-10-29,5,1,11.0,15.0,1,114.0,152.307692308,83.0,1.08838976422,195.0,33.7875366539,118.0
2016-10-30,6,1,11.0,17.0,1,114.0,154.692307692,83.0,1.00561167228,195.0,29.972768706,78.0
2016-10-31,0,0,11.0,19.0,1,114.0,150.692307692,78.0,0.816746739876,195.0,35.8873978639,149.0
