time_stamp,dayofweek,holiday,lt,ht,sunny,m2M,w2A,m1L,d3w3,m1Lar,w2Std,pay_sum
2016-08-01,0,0,26.0,32.0,0,73.0,50.2307692308,1.0,0.490758444869,97.0,30.8324350847,83.0
2016-08-02,1,0,25.0,28.0,0,73.0,51.0,1.0,0.621794871795,97.0,31.5082406803,28.0
2016-08-03,2,0,26.0,31.0,0,73.0,46.3846153846,1.0,0.770519262982,97.0,30.1139846418,93.0
2016-08-04,3,0,27.0,31.0,0,75.0,47.2307692308,1.0,1.33202742409,97.0,31.2364526848,66.0
2016-08-05,4,0,27.0,32.0,0,73.0,45.7692307692,1.0,1.22824302135,93.0,29.8487310545,82.0
2016-08-06,5,1,28.0,34.0,1,73.0,51.6923076923,1.0,1.46593673966,93.0,28.7920518289,5.0
2016-08-07,6,1,28.0,35.0,1,73.0,51.5384615385,1.0,0.9375,93.0,29.034767977,9.0
2016-08-08,0,0,28.0,34.0,1,72.0,48.0769230769,1.0,0.62806673209,93.0,31.141023002,141.0
2016-08-09,1,0,27.0,33.0,1,72.0,54.0769230769,1.0,0.950628641521,141.0,39.7597816479,95.0
2016-08-10,2,0,25.0,28.0,0,73.0,57.0,1.0,1.492992078,141.0,41.2366528523,92.0
2016-08-11,3,0,26.0,31.0,0,73.0,59.3076923077,1.0,1.9806763285,141.0,42.2781715189,95.0
2016-08-12,4,0,26.0,30.0,0,73.0,61.7692307692,1.0,1.68761220826,141.0,43.3397203607,102.0
2016-08-13,5,1,26.0,31.0,0,73.0,68.8461538462,1.0,1.59097164878,141.0,41.792244687,7.0
2016-08-14,6,1,26.0,31.0,0,72.0,69.0769230769,1.0,1.1230388109,141.0,41.4403399497,4.0
2016-08-15,0,0,26.0,30.0,0,67.0,63.0,4.0,0.648865920184,141.0,44.623208863,95.0
2016-08-16,1,0,25.0,29.0,0,67.0,68.1538461538,4.0,0.592344230232,141.0,44.1498256009,79.0
2016-08-17,2,0,25.0,29.0,0,72.0,67.0769230769,4.0,0.976680384088,141.0,43.6990785653,82.0
2016-08-18,3,0,26.0,30.0,0,73.0,68.3076923077,4.0,1.38191632928,141.0,43.8763728523,115.0
2016-08-19,4,0,26.0,31.0,0,73.0,70.8461538462,4.0,1.42968142968,141.0,45.5189667211,111.0
2016-08-20,5,1,27.0,33.0,1,73.0,79.0,4.0,1.47934678194,141.0,42.3792402008,4.0
2016-08-21,6,1,26.0,31.0,0,73.0,78.6153846154,4.0,1.10470701249,141.0,43.030469458,7.0
2016-08-22,0,0,26.0,33.0,1,72.0,68.3076923077,4.0,0.619918699187,141.0,42.9012903076,85.0
2016-08-23,1,0,27.0,34.0,1,72.0,67.5384615385,4.0,0.467494521549,141.0,42.5036023534,82.0
2016-08-24,2,0,28.0,34.0,1,73.0,66.7692307692,4.0,0.854197349043,141.0,42.1428958265,99.0
2016-08-25,3,0,28.0,34.0,1,73.0,67.0769230769,4.0,1.27486220944,141.0,42.3619232847,85.0
2016-08-26,4,0,26.0,33.0,0,73.0,65.7692307692,4.0,1.27211860354,141.0,41.5176586085,88.0
2016-08-27,5,1,26.0,31.0,0,73.0,72.0,4.0,1.22771383435,141.0,38.173692109,7.0
2016-08-28,6,1,26.0,31.0,1,73.0,72.2307692308,4.0,0.813559322034,141.0,37.7688391018,4.0
2016-08-29,0,0,25.0,31.0,1,72.0,65.2307692308,4.0,0.493273542601,141.0,41.1790720674,88.0
2016-08-30,1,0,25.0,30.0,1,72.0,65.9230769231,4.0,0.495867768595,141.0,41.4793026024,97.0
2016-08-31,2,0,26.0,30.0,1,73.0,67.0769230769,4.0,0.943113772455,141.0,42.1142430474,89.0
2016-09-01,3,0,25.0,30.0,0,73.0,65.0769230769,4.0,1.37343358396,141.0,40.3722325338,123.0
2016-09-02,4,0,25.0,29.0,0,73.0,66.0,4.0,1.52479644708,141.0,41.5321932592,113.0
2016-09-03,5,1,26.0,31.0,0,75.0,74.3846153846,4.0,1.48707389613,141.0,39.1005379887,4.0
2016-09-04,6,1,26.0,32.0,0,73.0,74.1538461538,4.0,1.09814687714,141.0,39.5043252819,11.0
2016-09-05,0,0,26.0,30.0,0,73.0,68.4615384615,4.0,0.621510075261,141.0,42.7310288713,114.0
2016-09-06,1,0,26.0,29.0,0,73.0,70.9230769231,4.0,0.610795454545,141.0,44.3317242519,121.0
2016-09-07,2,0,26.0,30.0,0,78.0,72.6153846154,4.0,1.13337940567,123.0,45.767873283,104.0
2016-09-08,3,0,25.0,29.0,0,79.0,74.0769230769,4.0,1.57381615599,123.0,46.4384812885,101.0
2016-09-09,4,0,26.0,31.0,0,82.0,75.0769230769,4.0,1.52407667134,123.0,46.8655384929,100.0
2016-09-10,5,1,25.0,29.0,0,82.0,82.2307692308,4.0,1.33596145423,123.0,42.8542320792,14.0
2016-09-11,6,1,25.0,31.0,0,82.0,83.0,4.0,0.937431872684,123.0,41.511814815,11.0
2016-09-12,0,0,25.0,32.0,0,82.0,77.0769230769,4.0,0.57273768614,123.0,45.661735434,93.0
2016-09-13,1,0,27.0,33.0,1,82.0,76.7692307692,4.0,0.536607548886,123.0,45.5397608962,89.0
2016-09-14,2,0,26.0,33.0,1,82.0,76.7692307692,4.0,0.8836996337,123.0,45.5397608962,81.0
2016-09-15,3,1,27.0,33.0,1,82.0,73.5384615385,4.0,1.20752984389,123.0,43.5936046555,81.0
2016-09-16,4,1,27.0,33.0,1,82.0,71.0769230769,4.0,1.15801614764,123.0,42.1762994665,6.0
2016-09-17,5,1,26.0,32.0,1,82.0,71.2307692308,4.0,0.775623268698,123.0,41.934296311,1.0
2016-09-18,6,0,25.0,32.0,1,82.0,70.4615384615,1.0,0.407124681934,123.0,43.1074067964,69.0
2016-09-19,0,0,25.0,32.0,1,82.0,67.0,1.0,0.356305672761,123.0,41.2385182156,98.0
2016-09-20,1,0,23.0,28.0,0,82.0,65.2307692308,1.0,0.787069571328,123.0,39.333199612,91.0
2016-09-21,2,0,24.0,31.0,1,82.0,64.2307692308,1.0,1.20701754386,123.0,38.491065589,77.0
2016-09-22,3,0,25.0,31.0,1,82.0,62.3846153846,1.0,1.28595600677,123.0,37.2383971843,83.0
2016-09-23,4,0,26.0,31.0,1,82.0,61.0769230769,1.0,1.24042500618,123.0,36.1778970739,88.0
2016-09-24,5,1,26.0,31.0,1,83.0,66.7692307692,1.0,1.1537566876,123.0,34.0839548223,6.0
2016-09-25,6,1,26.0,32.0,1,83.0,66.3846153846,1.0,0.826330532213,123.0,34.7331330655,5.0
2016-09-26,0,0,27.0,33.0,1,83.0,59.6153846154,1.0,0.500379075057,123.0,37.3621331576,75.0
2016-09-27,1,0,27.0,33.0,1,83.0,58.5384615385,1.0,0.450379680545,123.0,36.6954522117,69.0
2016-09-28,2,0,26.0,32.0,1,83.0,57.6153846154,1.0,0.802369413032,123.0,36.2672525768,79.0
2016-09-29,3,0,24.0,29.0,1,83.0,57.4615384615,1.0,1.2225877193,123.0,36.1718449469,82.0
2016-09-30,4,0,23.0,26.0,0,82.0,63.3076923077,1.0,1.27991096272,123.0,33.418982665,84.0
2016-10-01,5,1,23.0,28.0,0,83.0,69.6923076923,1.0,1.28811777077,121.0,28.4669433537,84.0
2016-10-02,6,1,24.0,30.0,0,83.0,70.8461538462,1.0,1.24285359185,121.0,28.7183836963,84.0
2016-10-03,0,1,24.0,30.0,0,84.0,69.7692307692,1.0,1.26126126126,121.0,27.9316579313,84.0
2016-10-04,1,1,25.0,32.0,1,84.0,69.2307692308,1.0,1.26601356443,121.0,27.5824744976,84.0
2016-10-05,2,1,25.0,30.0,1,84.0,69.7692307692,1.0,1.26315789474,121.0,27.7963856149,4.0
2016-10-06,3,1,26.0,32.0,1,84.0,63.6923076923,1.0,0.915137004522,104.0,32.4804902753,1.0
2016-10-07,4,1,25.0,31.0,0,84.0,57.0,1.0,0.475427350427,101.0,35.5960239785,1.0
2016-10-08,5,0,24.0,30.0,1,84.0,56.6153846154,1.0,0.0320512820513,100.0,36.1674278908,55.0
2016-10-09,6,0,22.0,28.0,1,83.0,60.4615384615,1.0,0.30794165316,98.0,32.9932752696,57.0
2016-10-10,0,0,23.0,28.0,1,82.0,59.0769230769,1.0,0.63146130204,98.0,32.7307466329,61.0
2016-10-11,1,0,21.0,26.0,1,82.0,58.4615384615,1.0,0.991688162797,98.0,32.6133889085,90.0
2016-10-12,2,0,22.0,26.0,0,82.0,59.3076923077,1.0,1.179138322,98.0,33.271342752,69.0
2016-10-13,3,0,23.0,28.0,1,82.0,58.3076923077,1.0,1.26219162364,98.0,32.7657997482,87.0
2016-10-14,4,0,24.0,30.0,1,82.0,58.5384615385,1.0,1.41257536606,98.0,32.9559505182,69.0
2016-10-15,5,1,24.0,31.0,1,82.0,57.3846153846,1.0,1.22549019608,98.0,32.3003654696,5.0
2016-10-16,6,1,24.0,31.0,1,82.0,51.3076923077,1.0,0.876906318083,98.0,34.1025255446,4.0
2016-10-17,0,0,24.0,31.0,1,82.0,45.1538461538,1.0,0.450997398092,98.0,34.8576140095,86.0
2016-10-18,1,0,23.0,27.0,0,82.0,45.3076923077,1.0,0.541310541311,98.0,35.0326981665,98.0
2016-10-19,2,0,24.0,27.0,0,82.0,52.5384615385,1.0,1.0541070928,98.0,35.4587851426,119.0
2016-10-20,3,0,24.0,30.0,0,83.0,61.6153846154,1.0,1.64763458401,119.0,36.1993167414,58.0
2016-10-21,4,0,24.0,27.0,0,82.0,66.0,1.0,1.52777777778,119.0,31.773234987,34.0
2016-10-22,5,1,24.0,30.0,0,82.0,64.3846153846,1.0,1.2231884058,119.0,32.808391191,7.0
2016-10-23,6,1,25.0,30.0,1,81.0,60.5384615385,1.0,0.615097856477,119.0,36.2037299069,2.0
2016-10-24,0,0,25.0,31.0,0,81.0,56.0,1.0,0.289270097545,119.0,39.4169038319,81.0
2016-10-25,1,0,25.0,30.0,1,81.0,55.3076923077,1.0,0.607287449393,119.0,38.8891612651,67.0
2016-10-26,2,0,25.0,31.0,1,81.0,55.1538461538,1.0,0.951474785918,119.0,38.8386131295,70.0
2016-10-27,3,0,26.0,31.0,1,81.0,53.8461538462,1.0,1.29761904762,119.0,38.0219494378,58.0
2016-10-28,4,0,24.0,32.0,1,79.0,53.0,1.0,1.10450297366,119.0,37.7970287803,63.0
2016-10-29,5,1,22.0,29.0,1,77.0,57.4615384615,1.0,1.07454289733,119.0,35.2018692349,3.0
2016-10-30,6,1,20.0,25.0,1,75.0,57.3846153846,1.0,0.730916592986,119.0,35.3195053139,4.0
2016-10-31,0,0,21.0,27.0,1,70.0,51.0769230769,1.0,0.434512725016,119.0,36.9312490956,69.0
