time_stamp,dayofweek,holiday,lt,ht,sunny,m2M,w2A,m1L,d3w3,m1Lar,w2Std,pay_sum
2016-08-01,0,0,27.0,32.0,0,71.0,85.0,58.0,0.961240310078,125.0,11.1424344806,89.0
2016-08-02,1,0,26.0,34.0,0,72.0,85.8461538462,63.0,0.99589923843,125.0,10.9954266986,123.0
2016-08-03,2,0,26.0,36.0,1,74.0,87.0,63.0,1.13727742677,125.0,13.7113092008,98.0
2016-08-04,3,0,26.0,37.0,1,74.0,87.6153846154,63.0,1.16694899304,125.0,14.008450535,78.0
2016-08-05,4,0,26.0,35.0,0,76.0,87.2307692308,63.0,1.13839710642,125.0,14.1972578401,87.0
2016-08-06,5,1,26.0,35.0,0,77.0,86.3076923077,63.0,1.00305110603,125.0,13.7861949644,89.0
2016-08-07,6,1,26.0,34.0,0,77.0,86.5384615385,63.0,0.970391595033,125.0,13.8042099744,75.0
2016-08-08,0,0,26.0,35.0,0,76.0,86.6153846154,63.0,0.959480122324,125.0,13.7367472442,90.0
2016-08-09,1,0,26.0,33.0,0,77.0,86.0769230769,63.0,0.964312832194,123.0,13.4534041358,80.0
2016-08-10,2,0,26.0,34.0,1,77.0,86.1538461538,63.0,0.945216049383,123.0,13.4155257579,93.0
2016-08-11,3,0,26.0,30.0,0,78.0,88.4615384615,63.0,1.01290198344,123.0,11.7054581918,74.0
2016-08-12,4,0,26.0,32.0,0,78.0,87.8461538462,63.0,0.956252419667,123.0,12.2276241723,87.0
2016-08-13,5,1,26.0,30.0,0,78.0,88.3076923077,63.0,0.990253411306,123.0,12.0727577334,87.0
2016-08-14,6,1,27.0,33.0,0,79.0,88.4615384615,63.0,0.966296512761,123.0,12.0423316463,87.0
2016-08-15,0,0,27.0,34.0,0,80.0,88.3076923077,63.0,1.00928074246,123.0,12.0472442772,87.0
2016-08-16,1,0,26.0,34.0,1,80.0,85.5384615385,63.0,1.01516919487,123.0,6.70952691919,59.0
2016-08-17,2,0,26.0,34.0,0,80.0,82.5384615385,59.0,0.916961826053,123.0,8.84581939167,67.0
2016-08-18,3,0,26.0,33.0,0,80.0,81.6923076923,59.0,0.836277974087,123.0,9.72217619976,73.0
2016-08-19,4,0,27.0,35.0,0,80.0,80.6153846154,59.0,0.785474639826,123.0,9.84915819549,60.0
2016-08-20,5,1,27.0,36.0,0,80.0,78.3846153846,59.0,0.799360511591,123.0,10.9230769231,51.0
2016-08-21,6,1,26.0,35.0,1,80.0,76.5384615385,51.0,0.750713994288,123.0,13.1419199195,57.0
2016-08-22,0,0,26.0,35.0,1,80.0,74.0,51.0,0.699126092385,123.0,13.4793289036,84.0
2016-08-23,1,0,26.0,35.0,1,80.0,74.3076923077,51.0,0.818937939859,123.0,13.6572585118,71.0
2016-08-24,2,0,27.0,36.0,1,80.0,72.6153846154,51.0,0.920138888889,123.0,12.5547322463,81.0
2016-08-25,3,0,27.0,36.0,0,81.0,73.1538461538,51.0,1.02230885857,123.0,12.7511456731,78.0
2016-08-26,4,0,26.0,35.0,0,81.0,72.4615384615,51.0,1.00217864924,123.0,12.2135825061,97.0
2016-08-27,5,1,26.0,34.0,0,81.0,73.2307692308,51.0,1.1096662332,123.0,13.3655921401,66.0
2016-08-28,6,1,24.0,29.0,0,81.0,71.6153846154,51.0,1.05079572705,123.0,12.8634153949,52.0
2016-08-29,0,0,22.0,33.0,1,81.0,68.9230769231,51.0,0.961323496535,123.0,13.02341996,69.0
2016-08-30,1,0,23.0,33.0,1,81.0,69.6923076923,51.0,0.842342342342,123.0,12.706053163,80.0
2016-08-31,2,0,25.0,34.0,1,81.0,70.6923076923,51.0,0.91342876619,123.0,12.9637637898,80.0
2016-09-01,3,0,25.0,33.0,0,81.0,71.2307692308,51.0,1.03643358226,98.0,13.1918030852,75.0
2016-09-02,4,0,26.0,31.0,0,81.0,72.3846153846,51.0,1.07232489163,97.0,12.8094824344,64.0
2016-09-03,5,1,25.0,32.0,1,81.0,73.3846153846,51.0,1.01529902643,97.0,11.5461512838,83.0
2016-09-04,6,1,24.0,33.0,1,82.0,75.3846153846,51.0,1.03207810321,97.0,10.7598860556,95.0
2016-09-05,0,0,26.0,32.0,1,83.0,76.2307692308,51.0,1.11881645862,97.0,11.787567415,107.0
2016-09-06,1,0,25.0,32.0,0,83.0,79.0,51.0,1.27516778523,107.0,14.2126704036,97.0
2016-09-07,2,0,26.0,32.0,0,83.0,80.2307692308,51.0,1.31140350877,107.0,15.0033526825,81.0
2016-09-08,3,0,25.0,30.0,0,83.0,80.4615384615,51.0,1.24345549738,107.0,14.9903321902,102.0
2016-09-09,4,0,25.0,32.0,1,83.0,80.8461538462,51.0,1.1889596603,107.0,15.4663214952,92.0
2016-09-10,5,1,24.0,30.0,1,83.0,82.8461538462,51.0,1.1380095179,107.0,15.0937896238,62.0
2016-09-11,6,1,24.0,28.0,0,82.0,83.6153846154,51.0,1.05610561056,107.0,13.6918755334,81.0
2016-09-12,0,0,22.0,28.0,1,82.0,84.5384615385,51.0,0.97127505683,107.0,13.0656059627,101.0
2016-09-13,1,0,25.0,31.0,1,82.0,86.1538461538,51.0,0.990058835464,107.0,13.6879854889,93.0
2016-09-14,2,0,25.0,28.0,0,82.0,87.1538461538,51.0,1.10775427996,107.0,13.6767413677,92.0
2016-09-15,3,1,24.0,27.0,0,82.0,88.4615384615,51.0,1.14240063911,107.0,13.2584683221,50.0
2016-09-16,4,1,25.0,31.0,0,82.0,87.3846153846,50.0,0.965885737772,107.0,15.5688963175,70.0
2016-09-17,5,1,24.0,31.0,0,82.0,86.3846153846,50.0,0.869208692087,107.0,16.2221997064,83.0
2016-09-18,6,0,22.0,33.0,1,82.0,85.4615384615,50.0,0.816737075035,107.0,16.0461612213,109.0
2016-09-19,0,0,21.0,31.0,1,82.0,85.6153846154,50.0,1.02926733451,109.0,16.2600901764,107.0
2016-09-20,1,0,21.0,29.0,1,82.0,86.3846153846,50.0,1.1562258314,109.0,17.0001740332,95.0
2016-09-21,2,0,22.0,28.0,1,82.0,87.4615384615,50.0,1.19225608587,109.0,17.0682583701,124.0
2016-09-22,3,0,22.0,29.0,1,82.0,89.1538461538,50.0,1.21551081283,124.0,19.3623192899,105.0
2016-09-23,4,0,22.0,29.0,1,83.0,90.1538461538,50.0,1.1809732094,124.0,19.8139273234,94.0
2016-09-24,5,1,21.0,30.0,1,83.0,92.6153846154,50.0,1.17028985507,124.0,18.0747952921,96.0
2016-09-25,6,1,22.0,30.0,1,83.0,93.7692307692,50.0,1.06826000362,124.0,17.7727269288,100.0
2016-09-26,0,0,25.0,33.0,1,84.0,93.6923076923,50.0,1.05416212286,124.0,17.7434044751,119.0
2016-09-27,1,0,25.0,31.0,0,85.0,95.6923076923,50.0,1.13146551724,124.0,18.9752252055,81.0
2016-09-28,2,0,25.0,27.0,0,85.0,94.8461538462,50.0,1.0775862069,124.0,19.3623192899,80.0
2016-09-29,3,0,25.0,30.0,0,84.0,97.1538461538,50.0,1.01781170483,124.0,15.2257178881,97.0
2016-09-30,4,0,25.0,32.0,0,84.0,99.2307692308,50.0,0.935290918978,124.0,13.0687757425,72.0
2016-10-01,5,1,25.0,31.0,0,83.0,98.3846153846,50.0,0.897782585181,124.0,14.3823527632,55.0
2016-10-02,6,1,24.0,31.0,1,83.0,94.2307692308,50.0,0.819162552569,124.0,18.0476030633,44.0
2016-10-03,0,1,25.0,32.0,0,83.0,89.3846153846,44.0,0.645526613817,124.0,21.994889132,52.0
2016-10-04,1,1,25.0,32.0,0,81.0,86.0769230769,44.0,0.583574879227,124.0,24.0399076488,43.0
2016-10-05,2,1,25.0,31.0,1,81.0,79.8461538462,43.0,0.552903739061,124.0,23.8999393428,54.0
2016-10-06,3,1,24.0,28.0,0,81.0,75.9230769231,43.0,0.59126984127,124.0,23.6332931344,56.0
2016-10-07,4,1,25.0,29.0,0,81.0,73.0,43.0,0.612244897959,124.0,23.5665995719,52.0
2016-10-08,5,0,22.0,31.0,0,81.0,69.6153846154,43.0,0.660550458716,124.0,23.1767073441,70.0
2016-10-09,6,0,21.0,24.0,0,81.0,67.3076923077,43.0,0.743525480368,124.0,21.4669141324,90.0
2016-10-10,0,0,18.0,21.0,0,81.0,65.0769230769,43.0,0.895081275069,124.0,17.0269539191,100.0
2016-10-11,1,0,19.0,24.0,0,81.0,66.5384615385,43.0,1.09427609428,124.0,19.0287854199,102.0
2016-10-12,2,0,20.0,23.0,1,81.0,68.2307692308,43.0,1.24626547162,124.0,21.0243589353,98.0
2016-10-13,3,0,20.0,27.0,1,81.0,68.3076923077,43.0,1.28617363344,124.0,21.1310366537,109.0
2016-10-14,4,0,21.0,28.0,1,81.0,71.1538461538,43.0,1.31210191083,124.0,23.7643759045,99.0
2016-10-15,5,1,23.0,28.0,1,81.0,74.5384615385,43.0,1.29688493325,124.0,24.3487967942,114.0
2016-10-16,6,1,24.0,28.0,1,81.0,79.9230769231,43.0,1.35265700483,124.0,24.736959388,103.0
2016-10-17,0,0,23.0,27.0,0,83.0,83.8461538462,43.0,1.34097178018,124.0,24.0315374643,124.0
2016-10-18,1,0,23.0,26.0,0,83.0,90.0769230769,43.0,1.40850888063,124.0,23.1166325018,108.0
2016-10-19,2,0,23.0,26.0,0,84.0,94.2307692308,43.0,1.36012992286,124.0,21.017040142,109.0
2016-10-20,3,0,25.0,28.0,0,90.0,98.3076923077,43.0,1.37444578799,124.0,18.1505864088,88.0
2016-10-21,4,0,25.0,32.0,0,90.0,101.076923077,43.0,1.21756487026,124.0,12.8450022515,114.0
2016-10-22,5,1,24.0,30.0,0,92.0,104.461538462,43.0,1.19915172547,124.0,9.59659703,109.0
2016-10-23,6,1,22.0,30.0,0,92.0,105.923076923,43.0,1.15570419918,124.0,8.686519516,116.0
2016-10-24,0,0,21.0,26.0,0,93.0,107.153846154,43.0,1.21636167922,124.0,8.8911897088,120.0
2016-10-25,1,0,23.0,30.0,1,93.0,108.538461538,43.0,1.18863049096,124.0,9.36947075605,129.0
2016-10-26,2,0,24.0,31.0,1,94.0,110.923076923,43.0,1.21061359867,129.0,10.2841292101,138.0
2016-10-27,3,0,24.0,31.0,1,95.0,113.153846154,43.0,1.23326959847,138.0,12.5259493965,128.0
2016-10-28,4,0,22.0,33.0,1,95.0,115.384615385,43.0,1.21463714637,138.0,12.3881982395,129.0
2016-10-29,5,1,19.0,23.0,1,96.0,116.538461538,43.0,1.18245771591,138.0,12.8937395937,129.0
2016-10-30,6,1,18.0,22.0,1,97.0,118.538461538,43.0,1.13562812592,138.0,12.6528524277,114.0
2016-10-31,0,0,19.0,27.0,1,97.0,117.769230769,43.0,1.08771929825,138.0,12.6013054644,154.0
