time_stamp,dayofweek,holiday,lt,ht,sunny,m2M,w2A,m1L,d3w3,m1Lar,w2Std,pay_sum
2016-08-01,0,0,27.0,37.0,1,54.0,71.6153846154,22.0,0.660822656777,116.0,30.9752716795,99.0
2016-08-02,1,0,26.0,36.0,0,54.0,70.9230769231,22.0,0.698080279232,116.0,30.2463260031,84.0
2016-08-03,2,0,25.0,31.0,0,55.0,69.5384615385,22.0,0.94045264777,116.0,29.1853898766,88.0
2016-08-04,3,0,25.0,29.0,0,55.0,69.0769230769,22.0,1.199645861,116.0,28.8403070998,94.0
2016-08-05,4,0,25.0,31.0,0,55.0,72.3076923077,22.0,1.19496855346,116.0,29.0976726941,100.0
2016-08-06,5,1,24.0,32.0,0,55.0,77.2307692308,22.0,1.22077922078,116.0,27.9289038209,46.0
2016-08-07,6,1,25.0,32.0,0,55.0,79.0769230769,22.0,1.04166666667,116.0,24.8393655885,35.0
2016-08-08,0,0,26.0,32.0,0,55.0,74.0,22.0,0.816971338298,116.0,26.5271993941,98.0
2016-08-09,1,0,26.0,32.0,0,56.0,73.9230769231,22.0,0.813451488298,116.0,26.455947531,86.0
2016-08-10,2,0,26.0,34.0,0,58.0,73.6153846154,22.0,1.00620261888,116.0,26.289917522,89.0
2016-08-11,3,0,27.0,35.0,0,58.0,74.3076923077,22.0,1.25864453665,116.0,26.5659834994,84.0
2016-08-12,4,0,28.0,38.0,1,59.0,74.1538461538,22.0,1.16824537664,116.0,26.5035444766,84.0
2016-08-13,5,1,28.0,37.0,1,60.0,78.3076923077,22.0,1.12276103102,116.0,23.295376284,43.0
2016-08-14,6,1,28.0,37.0,1,60.0,79.2307692308,22.0,0.90928679164,108.0,21.5768887974,49.0
2016-08-15,0,0,28.0,37.0,1,60.0,75.3846153846,22.0,0.784838350056,108.0,22.1586533246,100.0
2016-08-16,1,0,27.0,37.0,1,60.0,76.6153846154,22.0,0.855614973262,108.0,23.0302091294,123.0
2016-08-17,2,0,27.0,36.0,1,60.0,79.3076923077,22.0,1.18596032265,123.0,26.051383,109.0
2016-08-18,3,0,28.0,37.0,1,61.0,80.4615384615,22.0,1.42062473256,123.0,26.9917804714,91.0
2016-08-19,4,0,27.0,37.0,1,63.0,79.7692307692,22.0,1.37769247174,123.0,26.5942557307,118.0
2016-08-20,5,1,26.0,36.0,1,65.0,85.3076923077,22.0,1.28407026045,123.0,26.4818794807,54.0
2016-08-21,6,1,26.0,34.0,1,65.0,86.7692307692,22.0,1.0473914775,123.0,24.0804863424,36.0
2016-08-22,0,0,27.0,33.0,1,65.0,82.0,22.0,0.860749017174,123.0,27.3073672787,129.0
2016-08-23,1,0,27.0,34.0,1,66.0,85.3076923077,30.0,0.881642512077,129.0,30.0573416486,112.0
2016-08-24,2,0,27.0,34.0,1,70.0,87.0769230769,30.0,1.09920634921,129.0,30.8880398523,98.0
2016-08-25,3,0,24.0,35.0,0,80.0,88.1538461538,30.0,1.34204275534,129.0,31.0058211752,90.0
2016-08-26,4,0,21.0,27.0,0,84.0,88.6153846154,30.0,1.19474313023,129.0,30.9852035694,90.0
2016-08-27,5,1,18.0,27.0,1,84.0,92.2307692308,30.0,1.07877376795,129.0,28.0553130746,44.0
2016-08-28,6,1,18.0,30.0,1,84.0,91.8461538462,30.0,0.864697934762,129.0,28.6728125149,36.0
2016-08-29,0,0,19.0,31.0,1,84.0,86.9230769231,31.0,0.680680680681,129.0,32.1354382346,102.0
2016-08-30,1,0,20.0,31.0,1,84.0,85.3076923077,35.0,0.721792583779,129.0,30.7805748319,110.0
2016-08-31,2,0,21.0,32.0,1,86.0,85.3846153846,35.0,0.971406188797,129.0,30.8408781216,97.0
2016-09-01,3,0,21.0,31.0,1,86.0,85.8461538462,35.0,1.20116618076,129.0,30.9661009538,94.0
2016-09-02,4,0,22.0,33.0,1,88.0,84.0,35.0,1.16328502415,129.0,29.6829399332,90.0
2016-09-03,5,1,22.0,33.0,1,89.0,86.7692307692,35.0,1.05718585403,129.0,28.4068080847,52.0
2016-09-04,6,1,22.0,31.0,1,89.0,88.0,35.0,0.886384976526,129.0,26.4604203699,43.0
2016-09-05,0,0,23.0,32.0,1,89.0,81.3846153846,35.0,0.717889018238,129.0,26.1314383647,122.0
2016-09-06,1,0,21.0,31.0,1,90.0,82.1538461538,36.0,0.84255484372,129.0,27.1487247295,105.0
2016-09-07,2,0,23.0,32.0,1,90.0,82.6923076923,36.0,1.05078809107,129.0,27.5244915146,86.0
2016-09-08,3,0,22.0,32.0,1,90.0,82.3846153846,36.0,1.22170179547,129.0,27.4633699023,101.0
2016-09-09,4,0,21.0,31.0,0,90.0,83.2307692308,36.0,1.15119258821,129.0,27.8516781601,112.0
2016-09-10,5,1,22.0,32.0,1,90.0,88.4615384615,36.0,1.13969887555,129.0,26.3369158425,42.0
2016-09-11,6,1,20.0,31.0,1,90.0,88.9230769231,36.0,0.968660968661,129.0,25.4511947384,45.0
2016-09-12,0,0,22.0,33.0,1,90.0,84.5384615385,36.0,0.793935767006,129.0,27.6366962976,116.0
2016-09-13,1,0,21.0,32.0,1,90.0,85.0,36.0,0.807960199005,129.0,28.1042017116,87.0
2016-09-14,2,0,21.0,31.0,1,90.0,84.2307692308,36.0,0.99358974359,129.0,27.9013477649,88.0
2016-09-15,3,1,23.0,31.0,0,90.0,83.7692307692,36.0,1.16726835138,129.0,27.7853139021,25.0
2016-09-16,4,1,22.0,30.0,0,90.0,78.7692307692,25.0,0.834898768524,129.0,31.7760283285,22.0
2016-09-17,5,1,21.0,32.0,1,89.0,76.4615384615,22.0,0.571428571429,129.0,34.6001675954,44.0
2016-09-18,6,0,20.0,31.0,1,88.0,76.5384615385,22.0,0.383238576542,129.0,34.5267240635,120.0
2016-09-19,0,0,18.0,29.0,1,88.0,76.3846153846,22.0,0.774515927545,129.0,34.3276933764,93.0
2016-09-20,1,0,18.0,27.0,1,89.0,75.4615384615,22.0,1.08164983165,129.0,33.701438875,108.0
2016-09-21,2,0,17.0,28.0,1,90.0,77.1538461538,22.0,1.34169278997,122.0,34.7249547906,109.0
2016-09-22,3,0,17.0,30.0,1,90.0,77.7692307692,22.0,1.28364389234,122.0,35.2096006273,115.0
2016-09-23,4,0,18.0,31.0,1,90.0,78.0,22.0,1.35372069317,122.0,35.4422607371,99.0
2016-09-24,5,1,22.0,32.0,1,90.0,82.3846153846,22.0,1.28022195799,122.0,34.2222115491,56.0
2016-09-25,6,1,23.0,30.0,1,90.0,83.2307692308,22.0,1.06194690265,122.0,33.4138475351,44.0
2016-09-26,0,0,23.0,33.0,1,90.0,77.6923076923,22.0,0.820449391878,122.0,33.4902617657,118.0
2016-09-27,1,0,22.0,32.0,1,90.0,80.0769230769,22.0,0.891615541922,122.0,35.131536432,117.0
2016-09-28,2,0,16.0,25.0,0,90.0,82.3076923077,22.0,1.11980734497,122.0,36.4594286959,93.0
2016-09-29,3,0,15.0,18.0,0,91.0,87.5384615385,22.0,1.32284734826,122.0,32.5283672286,115.0
2016-09-30,4,0,17.0,20.0,0,91.0,94.6923076923,22.0,1.30837359098,122.0,27.102042544,105.0
2016-10-01,5,1,17.0,20.0,0,93.0,99.3846153846,22.0,1.21388404111,122.0,22.8693226214,11.0
2016-10-02,6,1,16.0,23.0,0,93.0,91.0,11.0,0.913946587537,122.0,31.9518869071,11.0
2016-10-03,0,1,18.0,29.0,1,91.0,84.6923076923,11.0,0.535864978903,122.0,38.381455088,11.0
2016-10-04,1,1,17.0,30.0,1,90.0,77.2307692308,11.0,0.146276595745,122.0,42.3486515018,11.0
2016-10-05,2,1,18.0,30.0,1,90.0,69.6923076923,11.0,0.154169586545,120.0,44.6807213897,11.0
2016-10-06,3,1,19.0,29.0,1,90.0,61.6923076923,11.0,0.155697098372,120.0,45.1602013612,44.0
2016-10-07,4,1,19.0,27.0,1,90.0,57.4615384615,11.0,0.306620209059,120.0,44.0290382931,49.0
2016-10-08,5,0,16.0,26.0,1,90.0,56.9230769231,11.0,0.481481481481,120.0,44.0863864187,114.0
2016-10-09,6,0,16.0,24.0,1,90.0,62.3076923077,11.0,0.962343096234,120.0,46.393608007,112.0
2016-10-10,0,0,16.0,23.0,1,91.0,61.8461538462,11.0,1.26175728378,120.0,45.864090451,115.0
2016-10-11,1,0,16.0,21.0,1,93.0,61.6923076923,11.0,1.55707762557,120.0,45.6818169775,104.0
2016-10-12,2,0,16.0,19.0,1,93.0,62.5384615385,11.0,1.5166093929,120.0,46.3508615547,102.0
2016-10-13,3,0,15.0,18.0,0,94.0,61.5384615385,11.0,1.48404993065,120.0,45.3373939474,95.0
2016-10-14,4,0,15.0,19.0,1,94.0,60.7692307692,11.0,1.39545665276,120.0,44.6734370329,111.0
2016-10-15,5,1,16.0,23.0,1,94.0,68.4615384615,11.0,1.37530698817,120.0,44.0465058155,55.0
2016-10-16,6,1,16.0,24.0,1,93.0,71.8461538462,11.0,1.15691489362,120.0,41.0924776082,33.0
2016-10-17,0,0,16.0,23.0,1,93.0,73.5384615385,11.0,0.934930702373,120.0,38.9489120705,106.0
2016-10-18,1,0,18.0,25.0,1,93.0,80.8461538462,11.0,0.918560606061,118.0,35.2678676022,113.0
2016-10-19,2,0,18.0,24.0,0,94.0,88.6923076923,11.0,1.17647058824,118.0,29.7744976458,124.0
2016-10-20,3,0,19.0,23.0,0,95.0,94.8461538462,11.0,1.59127812572,124.0,28.1229338492,109.0
2016-10-21,4,0,18.0,24.0,0,95.0,99.4615384615,11.0,1.60074022669,124.0,24.9664864125,89.0
2016-10-22,5,1,16.0,21.0,0,94.0,97.5384615385,11.0,1.41321044547,124.0,24.7343280129,89.0
2016-10-23,6,1,15.0,18.0,1,93.0,95.7692307692,11.0,1.19807973283,124.0,24.4576678118,89.0
2016-10-24,0,0,12.0,16.0,0,93.0,93.7692307692,11.0,1.06268656716,124.0,23.8590535829,89.0
2016-10-25,1,0,12.0,16.0,0,93.0,92.6153846154,11.0,1.01540216771,124.0,23.698550626,89.0
2016-10-26,2,0,13.0,16.0,0,93.0,91.6153846154,11.0,0.972146368105,124.0,23.5552981515,89.0
2016-10-27,3,0,12.0,16.0,0,93.0,91.1538461538,11.0,0.948827292111,124.0,23.5432373235,51.0
2016-10-28,4,0,9.0,14.0,0,93.0,86.5384615385,11.0,0.812921547746,124.0,25.034177821,57.0
2016-10-29,5,1,7.0,11.0,0,90.0,86.6923076923,11.0,0.721215449387,124.0,24.8453203004,24.0
2016-10-30,6,1,9.0,15.0,0,89.0,86.0,11.0,0.507789959608,124.0,26.4080407335,22.0
2016-10-31,0,0,9.0,14.0,0,89.0,79.5384615385,11.0,0.418699186992,124.0,30.658454436,107.0
