time_stamp,dayofweek,holiday,lt,ht,sunny,m2M,w2A,m1L,d3w3,m1Lar,w2Std,pay_sum
2016-08-01,0,0,27.0,37.0,1,190.0,194.461538462,148.0,1.17842468747,272.0,36.0610921474,192.0
2016-08-02,1,0,27.0,35.0,0,192.0,195.846153846,148.0,1.18231755166,272.0,35.5913692084,170.0
2016-08-03,2,0,26.0,32.0,0,190.0,196.230769231,148.0,1.10501089325,272.0,35.2816226867,191.0
2016-08-04,3,0,27.0,33.0,0,190.0,199.076923077,148.0,0.955094991364,272.0,33.1905026695,142.0
2016-08-05,4,0,26.0,33.0,0,190.0,195.384615385,142.0,0.882223976147,272.0,36.4998176213,197.0
2016-08-06,5,1,26.0,34.0,0,191.0,190.615384615,142.0,0.934002995859,272.0,31.5973184391,249.0
2016-08-07,6,1,27.0,35.0,1,192.0,192.615384615,142.0,1.02671555788,272.0,34.291821096,278.0
2016-08-08,0,0,26.0,34.0,0,192.0,199.538461538,142.0,1.22286969006,278.0,41.0751944321,193.0
2016-08-09,1,0,26.0,30.0,0,192.0,202.384615385,142.0,1.21028744327,278.0,39.1987803216,203.0
2016-08-10,2,0,27.0,35.0,0,192.0,205.153846154,142.0,1.12221112221,278.0,37.8495933396,165.0
2016-08-11,3,0,27.0,36.0,1,192.0,204.153846154,142.0,0.931506849315,278.0,38.7156222769,165.0
2016-08-12,4,0,27.0,36.0,1,192.0,202.384615385,142.0,0.890559732665,278.0,39.920186645,165.0
2016-08-13,5,1,27.0,35.0,1,192.0,198.615384615,142.0,0.847022587269,278.0,40.945627101,165.0
2016-08-14,6,1,28.0,35.0,1,192.0,190.384615385,142.0,0.859822824388,278.0,35.7975900812,165.0
2016-08-15,0,0,27.0,36.0,1,192.0,188.307692308,142.0,0.86500655308,278.0,36.4214320155,165.0
2016-08-16,1,0,26.0,36.0,1,192.0,187.923076923,142.0,0.862970711297,278.0,36.6384865712,165.0
2016-08-17,2,0,28.0,37.0,1,191.0,185.923076923,142.0,0.863422291994,278.0,37.122378775,165.0
2016-08-18,3,0,28.0,37.0,1,191.0,187.692307692,142.0,0.866369125755,278.0,35.4994791194,165.0
2016-08-19,4,0,28.0,38.0,1,190.0,185.230769231,142.0,0.871632329635,278.0,35.8761841856,165.0
2016-08-20,5,1,27.0,37.0,0,188.0,178.769230769,142.0,0.883061279101,278.0,31.0487305479,165.0
2016-08-21,6,1,27.0,35.0,0,188.0,170.076923077,142.0,0.909090909091,278.0,12.0668748007,165.0
2016-08-22,0,0,27.0,36.0,1,187.0,167.923076923,142.0,0.915903413822,278.0,10.1258354904,165.0
2016-08-23,1,0,27.0,35.0,0,182.0,165.0,142.0,0.917176209005,278.0,0.0,165.0
2016-08-24,2,0,27.0,35.0,1,178.0,165.0,142.0,0.923852183651,278.0,0.0,165.0
2016-08-25,3,0,26.0,35.0,1,177.0,165.0,142.0,0.917941585535,278.0,0.0,165.0
2016-08-26,4,0,25.0,34.0,0,175.0,165.0,142.0,0.926185798484,278.0,0.0,165.0
2016-08-27,5,1,23.0,31.0,1,174.0,165.0,142.0,0.948548433458,278.0,0.0,165.0
2016-08-28,6,1,21.0,31.0,1,170.0,165.0,142.0,0.980392156863,278.0,0.0,165.0
2016-08-29,0,0,21.0,32.0,1,168.0,165.0,142.0,0.988615937687,278.0,0.0,165.0
2016-08-30,1,0,21.0,32.0,1,167.0,165.0,142.0,1.0,278.0,0.0,165.0
2016-08-31,2,0,21.0,33.0,1,165.0,165.0,142.0,1.0,278.0,0.0,165.0
2016-09-01,3,0,23.0,33.0,0,165.0,165.0,142.0,1.0,278.0,0.0,165.0
2016-09-02,4,0,22.0,34.0,1,165.0,165.0,142.0,1.0,278.0,0.0,165.0
2016-09-03,5,1,23.0,35.0,1,165.0,165.0,165.0,1.0,278.0,0.0,165.0
2016-09-04,6,1,24.0,32.0,1,165.0,165.0,165.0,1.0,278.0,0.0,165.0
2016-09-05,0,0,24.0,30.0,0,165.0,165.0,165.0,1.0,278.0,0.0,165.0
2016-09-06,1,0,23.0,28.0,0,165.0,165.0,165.0,1.0,203.0,0.0,165.0
2016-09-07,2,0,21.0,27.0,0,165.0,165.0,165.0,1.0,203.0,0.0,79.0
2016-09-08,3,0,22.0,30.0,1,165.0,158.384615385,79.0,0.848371707115,165.0,22.9163645309,177.0
2016-09-09,4,0,22.0,29.0,1,165.0,159.307692308,79.0,0.870014465799,177.0,23.400804113,215.0
2016-09-10,5,1,22.0,28.0,0,165.0,163.153846154,79.0,0.958485958486,215.0,27.7290354734,245.0
2016-09-11,6,1,21.0,25.0,0,165.0,169.307692308,79.0,1.26539531188,245.0,35.2995633344,170.0
2016-09-12,0,0,21.0,27.0,1,165.0,169.692307692,79.0,1.24962808688,245.0,35.2777650944,168.0
2016-09-13,1,0,21.0,28.0,0,165.0,169.923076923,79.0,1.15537059057,245.0,35.2561212109,115.0
2016-09-14,2,0,21.0,25.0,0,165.0,166.076923077,79.0,0.911285455643,245.0,38.1887247525,142.0
2016-09-15,3,1,22.0,25.0,0,165.0,164.307692308,79.0,0.860933860022,245.0,38.7266249406,157.0
2016-09-16,4,1,23.0,27.0,0,165.0,163.692307692,79.0,0.84069448675,245.0,38.7742670721,353.0
2016-09-17,5,1,22.0,27.0,1,165.0,178.153846154,79.0,1.25228080284,353.0,63.6466763334,377.0
2016-09-18,6,0,22.0,26.0,0,165.0,194.461538462,79.0,1.60557516517,377.0,82.541938417,217.0
2016-09-19,0,0,20.0,27.0,1,165.0,198.461538462,79.0,1.69031682285,377.0,82.2768454059,166.0
2016-09-20,1,0,19.0,26.0,1,165.0,198.538461538,79.0,1.35617416131,377.0,82.2459869347,181.0
2016-09-21,2,0,19.0,26.0,1,165.0,206.384615385,79.0,1.00213219616,377.0,75.0154224774,187.0
2016-09-22,3,0,20.0,27.0,1,165.0,207.153846154,79.0,0.943296237414,377.0,74.7609998635,176.0
2016-09-23,4,0,20.0,29.0,1,165.0,204.153846154,79.0,0.958168207838,377.0,75.1673478148,266.0
2016-09-24,5,1,21.0,30.0,1,165.0,205.769230769,79.0,1.07908732201,377.0,76.2457099385,396.0
2016-09-25,6,1,21.0,30.0,1,165.0,223.153846154,79.0,1.35697514371,396.0,90.5341806713,389.0
2016-09-26,0,0,24.0,31.0,1,165.0,240.153846154,79.0,1.61406741918,396.0,98.940421975,222.0
2016-09-27,1,0,23.0,28.0,0,165.0,248.384615385,79.0,1.52645141731,396.0,92.4225567385,192.0
2016-09-28,2,0,22.0,28.0,0,165.0,252.230769231,79.0,1.18672873716,396.0,88.8881352697,120.0
2016-09-29,3,0,22.0,25.0,0,165.0,249.384615385,79.0,0.799281544679,396.0,92.4142333872,129.0
2016-09-30,4,0,22.0,29.0,0,165.0,232.153846154,79.0,0.673076923077,396.0,92.3711961048,310.0
2016-10-01,5,1,23.0,30.0,0,165.0,227.0,79.0,0.840664711632,396.0,85.7796820124,371.0
2016-10-02,6,1,22.0,30.0,1,165.0,238.846153846,79.0,1.16529995684,396.0,93.8360650315,358.0
2016-10-03,0,1,21.0,27.0,0,165.0,253.615384615,79.0,1.43587617468,396.0,96.2860629435,366.0
2016-10-04,1,1,20.0,27.0,1,165.0,267.846153846,79.0,1.43842364532,396.0,98.1551724048,357.0
2016-10-05,2,1,21.0,27.0,1,165.0,280.923076923,79.0,1.36231884058,396.0,97.8369613485,371.0
2016-10-06,3,1,22.0,27.0,0,165.0,295.923076923,79.0,1.32509689922,396.0,95.5216137752,335.0
2016-10-07,4,1,20.0,23.0,0,165.0,301.230769231,115.0,1.29177299793,396.0,95.6284105243,234.0
2016-10-08,5,0,17.0,22.0,0,165.0,288.769230769,115.0,1.17287416557,396.0,92.9856513713,220.0
2016-10-09,6,0,16.0,22.0,1,165.0,275.769230769,115.0,0.983913206135,396.0,89.8238908139,191.0
2016-10-10,0,0,15.0,21.0,1,165.0,273.384615385,115.0,0.800595792217,396.0,91.6133501034,194.0
2016-10-11,1,0,17.0,23.0,1,165.0,273.538461538,115.0,0.749133234274,396.0,91.4781313796,192.0
2016-10-12,2,0,18.0,25.0,1,165.0,279.076923077,115.0,0.71379971547,396.0,83.8785399697,185.0
2016-10-13,3,0,18.0,23.0,1,166.0,283.384615385,120.0,0.705199456589,396.0,77.2354427026,175.0
2016-10-14,4,0,19.0,22.0,0,168.0,273.0,120.0,0.693423779913,396.0,81.8939276419,214.0
2016-10-15,5,1,20.0,23.0,0,170.0,260.923076923,120.0,0.746666666667,396.0,78.0369355729,333.0
2016-10-16,6,1,20.0,26.0,0,175.0,259.0,120.0,0.949562701388,396.0,75.8997314275,297.0
2016-10-17,0,0,20.0,24.0,0,176.0,253.692307692,120.0,1.09383100052,396.0,70.4484368068,179.0
2016-10-18,1,0,20.0,24.0,0,177.0,240.0,120.0,1.05112713571,396.0,66.2094578417,135.0
2016-10-19,2,0,20.0,24.0,0,177.0,221.846153846,120.0,0.791553310014,396.0,59.8508995548,139.0
2016-10-20,3,0,21.0,25.0,0,177.0,206.769230769,120.0,0.585725368503,396.0,53.8318662363,144.0
2016-10-21,4,0,21.0,25.0,0,177.0,199.846153846,120.0,0.558450233801,396.0,55.6414982847,195.0
2016-10-22,5,1,20.0,23.0,0,179.0,197.923076923,120.0,0.661958177538,396.0,55.3429330329,221.0
2016-10-23,6,1,17.0,23.0,0,181.0,200.230769231,120.0,0.798232485211,396.0,55.6308628318,316.0
2016-10-24,0,0,19.0,24.0,1,185.0,209.615384615,120.0,1.0546790577,389.0,63.5192744358,201.0
2016-10-25,1,0,19.0,23.0,1,187.0,210.307692308,120.0,1.10042496086,371.0,63.3723849291,173.0
2016-10-26,2,0,19.0,24.0,0,187.0,209.384615385,120.0,1.07652703019,371.0,63.8201059006,160.0
2016-10-27,3,0,18.0,24.0,0,187.0,208.230769231,120.0,0.868716447047,371.0,64.5626158156,189.0
2016-10-28,4,0,15.0,19.0,0,189.0,206.307692308,129.0,0.858623242043,371.0,64.7342313622,204.0
2016-10-29,5,1,12.0,15.0,0,191.0,196.384615385,135.0,0.913219387334,371.0,53.458162594,348.0
2016-10-30,6,1,14.0,18.0,1,192.0,200.307692308,135.0,1.17787315212,371.0,61.9023854584,324.0
2016-10-31,0,0,12.0,17.0,0,192.0,211.461538462,135.0,1.3506012951,371.0,69.6382028052,175.0
