time_stamp,dayofweek,holiday,lt,ht,sunny,m2M,w2A,m1L,d3w3,m1Lar,w2Std,pay_sum
2016-08-01,0,0,27.0,37.0,1,58.0,16.4615384615,13.0,0.728155339806,74.0,3.20133108411,15.0
2016-08-02,1,0,27.0,35.0,0,54.0,15.6153846154,13.0,0.804289544236,74.0,1.64262742339,15.0
2016-08-03,2,0,26.0,32.0,0,49.0,15.1538461538,13.0,0.8356545961,74.0,0.532938710021,15.0
2016-08-04,3,0,27.0,33.0,0,46.0,15.0,13.0,0.869565217391,54.0,0.0,15.0
2016-08-05,4,0,26.0,33.0,0,46.0,15.0,13.0,0.892857142857,54.0,0.0,15.0
2016-08-06,5,1,26.0,34.0,0,46.0,15.0,13.0,0.909090909091,54.0,0.0,15.0
2016-08-07,6,1,27.0,35.0,1,43.0,15.0,13.0,0.946372239748,54.0,0.0,15.0
2016-08-08,0,0,26.0,34.0,0,39.0,15.0,13.0,0.940438871473,54.0,0.0,15.0
2016-08-09,1,0,26.0,30.0,0,38.0,15.0,13.0,0.974025974026,54.0,0.0,15.0
2016-08-10,2,0,27.0,35.0,0,33.0,15.0,13.0,0.993377483444,54.0,0.0,15.0
2016-08-11,3,0,27.0,36.0,1,32.0,15.0,13.0,1.0,29.0,0.0,15.0
2016-08-12,4,0,27.0,36.0,1,29.0,15.0,13.0,1.0,29.0,0.0,15.0
2016-08-13,5,1,27.0,35.0,1,29.0,15.0,13.0,1.0,28.0,0.0,15.0
2016-08-14,6,1,28.0,35.0,1,28.0,15.0,13.0,1.0,28.0,0.0,15.0
2016-08-15,0,0,27.0,36.0,1,26.0,15.0,13.0,1.0,28.0,0.0,15.0
2016-08-16,1,0,26.0,36.0,1,24.0,15.0,13.0,1.0,26.0,0.0,15.0
2016-08-17,2,0,28.0,37.0,1,21.0,15.0,15.0,1.0,26.0,0.0,15.0
2016-08-18,3,0,28.0,37.0,1,21.0,15.0,15.0,1.0,21.0,0.0,15.0
2016-08-19,4,0,28.0,38.0,1,17.0,15.0,15.0,1.0,17.0,0.0,15.0
2016-08-20,5,1,27.0,37.0,0,15.0,15.0,15.0,1.0,15.0,0.0,15.0
2016-08-21,6,1,27.0,35.0,0,15.0,15.0,15.0,1.0,15.0,0.0,15.0
2016-08-22,0,0,27.0,36.0,1,15.0,15.0,15.0,1.0,15.0,0.0,15.0
2016-08-23,1,0,27.0,35.0,0,15.0,15.0,15.0,1.0,15.0,0.0,15.0
2016-08-24,2,0,27.0,35.0,1,15.0,15.0,15.0,1.0,15.0,0.0,15.0
2016-08-25,3,0,26.0,35.0,1,15.0,15.0,15.0,1.0,15.0,0.0,15.0
2016-08-26,4,0,25.0,34.0,0,15.0,15.0,15.0,1.0,15.0,0.0,15.0
2016-08-27,5,1,23.0,31.0,1,15.0,15.0,15.0,1.0,15.0,0.0,15.0
2016-08-28,6,1,21.0,31.0,1,15.0,15.0,15.0,1.0,15.0,0.0,15.0
2016-08-29,0,0,21.0,32.0,1,15.0,15.0,15.0,1.0,15.0,0.0,15.0
2016-08-30,1,0,21.0,32.0,1,15.0,15.0,15.0,1.0,15.0,0.0,15.0
2016-08-31,2,0,21.0,33.0,1,15.0,15.0,15.0,1.0,15.0,0.0,15.0
2016-09-01,3,0,23.0,33.0,0,15.0,15.0,15.0,1.0,15.0,0.0,15.0
2016-09-02,4,0,22.0,34.0,1,15.0,15.0,15.0,1.0,15.0,0.0,15.0
2016-09-03,5,1,23.0,35.0,1,15.0,15.0,15.0,1.0,15.0,0.0,15.0
2016-09-04,6,1,24.0,32.0,1,15.0,15.0,15.0,1.0,15.0,0.0,15.0
2016-09-05,0,0,24.0,30.0,0,15.0,15.0,15.0,1.0,15.0,0.0,15.0
2016-09-06,1,0,23.0,28.0,0,15.0,15.0,15.0,1.0,15.0,0.0,15.0
2016-09-07,2,0,21.0,27.0,0,15.0,15.0,15.0,1.0,15.0,0.0,15.0
2016-09-08,3,0,22.0,30.0,1,15.0,15.0,15.0,1.0,15.0,0.0,4.0
2016-09-09,4,0,22.0,29.0,1,15.0,14.1538461538,4.0,0.78431372549,15.0,2.93116290512,96.0
2016-09-10,5,1,22.0,28.0,0,15.0,20.3846153846,4.0,2.07207207207,96.0,22.0228498873,93.0
2016-09-11,6,1,21.0,25.0,0,15.0,26.3846153846,4.0,2.87202380952,96.0,29.1957279845,100.0
2016-09-12,0,0,21.0,27.0,1,15.0,32.9230769231,4.0,3.61475922452,100.0,34.8788265912,98.0
2016-09-13,1,0,21.0,28.0,0,15.0,39.3076923077,4.0,3.14935064935,100.0,38.4295251385,78.0
2016-09-14,2,0,21.0,25.0,0,15.0,44.1538461538,4.0,2.70986745214,100.0,39.026314897,57.0
2016-09-15,3,1,22.0,25.0,0,15.0,47.3846153846,4.0,2.15441516412,100.0,38.2090171829,82.0
2016-09-16,4,1,23.0,27.0,0,15.0,52.5384615385,4.0,1.8358714044,100.0,38.0113654757,90.0
2016-09-17,5,1,22.0,27.0,1,15.0,58.3076923077,4.0,1.76902278872,100.0,37.5650914371,98.0
2016-09-18,6,0,22.0,26.0,0,15.0,64.6923076923,4.0,1.90274841438,100.0,36.7054483807,137.0
2016-09-19,0,0,20.0,27.0,1,15.0,74.0769230769,4.0,2.02871410737,137.0,38.3595571051,120.0
2016-09-20,1,0,19.0,26.0,1,15.0,82.1538461538,4.0,2.01761864166,137.0,36.0551845282,134.0
2016-09-21,2,0,19.0,26.0,1,15.0,91.3076923077,4.0,2.01754385965,137.0,32.8033408603,106.0
2016-09-22,3,0,20.0,27.0,1,15.0,99.1538461538,4.0,1.73535791757,137.0,21.0889914915,122.0
2016-09-23,4,0,20.0,29.0,1,15.0,101.153846154,4.0,1.61968680089,137.0,21.9118729805,107.0
2016-09-24,5,1,21.0,30.0,1,15.0,102.230769231,4.0,1.41171512853,137.0,21.8285411125,134.0
2016-09-25,6,1,21.0,30.0,1,15.0,104.846153846,4.0,1.4226925338,137.0,23.3858805326,147.0
2016-09-26,0,0,24.0,31.0,1,15.0,108.615384615,4.0,1.41116566648,147.0,25.802619013,109.0
2016-09-27,1,0,23.0,28.0,0,15.0,111.0,4.0,1.34924753503,147.0,24.248711306,119.0
2016-09-28,2,0,22.0,28.0,0,15.0,115.769230769,4.0,1.23092072871,147.0,18.5975757153,80.0
2016-09-29,3,0,22.0,25.0,0,15.0,115.615384615,4.0,0.974529346622,147.0,18.8823827601,94.0
2016-09-30,4,0,22.0,29.0,0,15.0,115.923076923,4.0,0.927949326999,147.0,18.4910021298,107.0
2016-10-01,5,1,23.0,30.0,0,15.0,116.615384615,4.0,0.884064810445,147.0,17.9680847896,62.0
2016-10-02,6,1,22.0,30.0,1,15.0,110.846153846,4.0,0.842543648887,147.0,22.0692830522,77.0
2016-10-03,0,1,21.0,27.0,0,15.0,107.538461538,4.0,0.796116504854,147.0,23.6175143114,69.0
2016-10-04,1,1,20.0,27.0,1,15.0,102.538461538,4.0,0.676092962782,147.0,24.355114404,66.0
2016-10-05,2,1,21.0,27.0,1,15.0,99.4615384615,4.0,0.686084142395,147.0,26.1816594192,56.0
2016-10-06,3,1,22.0,27.0,0,15.0,94.3846153846,4.0,0.626024254343,147.0,27.6754222024,87.0
2016-10-07,4,1,20.0,23.0,0,15.0,92.8461538462,4.0,0.686033152798,147.0,27.4866293477,86.0
2016-10-08,5,0,17.0,22.0,0,15.0,89.1538461538,56.0,0.756149909196,147.0,24.8033687347,109.0
2016-10-09,6,0,16.0,22.0,1,56.0,86.2307692308,56.0,0.944249121045,147.0,19.4823543284,123.0
2016-10-10,0,0,15.0,21.0,1,57.0,87.3076923077,56.0,1.06318956871,147.0,21.0361762224,121.0
2016-10-11,1,0,17.0,23.0,1,62.0,87.4615384615,56.0,1.18795221269,147.0,21.2733686335,121.0
2016-10-12,2,0,18.0,25.0,1,66.0,90.6153846154,56.0,1.21910487642,147.0,22.9096501721,123.0
2016-10-13,3,0,18.0,23.0,1,69.0,92.8461538462,56.0,1.21849440828,147.0,24.4881326167,131.0
2016-10-14,4,0,19.0,22.0,0,77.0,94.6923076923,56.0,1.2370113805,147.0,26.3216337329,121.0
2016-10-15,5,1,20.0,23.0,0,78.0,99.2307692308,56.0,1.24501992032,147.0,25.362461195,140.0
2016-10-16,6,1,20.0,26.0,0,80.0,104.076923077,56.0,1.30601365984,147.0,26.6384959683,145.0
2016-10-17,0,0,20.0,24.0,0,82.0,109.923076923,56.0,1.32875143184,147.0,26.6384959683,92.0
2016-10-18,1,0,20.0,24.0,0,86.0,111.923076923,56.0,1.2504145937,147.0,24.1229591834,92.0
2016-10-19,2,0,20.0,24.0,0,87.0,114.692307692,56.0,1.08473458622,147.0,19.0843657938,72.0
2016-10-20,3,0,21.0,25.0,0,87.0,113.538461538,56.0,0.853333333333,147.0,21.0735539138,74.0
2016-10-21,4,0,21.0,25.0,0,87.0,112.615384615,56.0,0.806642941874,147.0,22.4757594602,114.0
2016-10-22,5,1,20.0,23.0,0,90.0,113.0,56.0,0.858510813934,147.0,22.4533704854,88.0
2016-10-23,6,1,17.0,23.0,0,90.0,110.307692308,56.0,0.906403940887,147.0,23.1795155434,100.0
2016-10-24,0,0,19.0,24.0,1,92.0,108.692307692,56.0,0.976872068575,147.0,23.1097202838,89.0
2016-10-25,1,0,19.0,23.0,1,92.0,106.230769231,56.0,0.886116442738,145.0,23.3704410483,118.0
2016-10-26,2,0,19.0,24.0,0,92.0,105.846153846,56.0,0.953712333023,145.0,23.1312181789,97.0
2016-10-27,3,0,18.0,24.0,0,93.0,103.230769231,56.0,0.940012368584,145.0,22.0354743579,88.0
2016-10-28,4,0,15.0,19.0,0,93.0,100.692307692,56.0,0.936051899907,145.0,21.7410799229,125.0
2016-10-29,5,1,12.0,15.0,0,94.0,99.5384615385,56.0,0.950628641521,145.0,19.948454286,167.0
2016-10-30,6,1,14.0,18.0,1,96.0,101.230769231,56.0,1.14217012323,167.0,24.2111031304,129.0
2016-10-31,0,0,12.0,17.0,0,97.0,104.076923077,56.0,1.26085654388,167.0,25.1165331343,78.0
