time_stamp,dayofweek,holiday,lt,ht,sunny,m2M,w2A,m1L,d3w3,m1Lar,w2Std,pay_sum
2016-08-01,0,0,27.0,37.0,1,18.0,18.0,18.0,1.0,18.0,0.0,18.0
2016-08-02,1,0,27.0,35.0,0,18.0,18.0,18.0,1.0,18.0,0.0,18.0
2016-08-03,2,0,26.0,32.0,0,18.0,18.0,18.0,1.0,18.0,0.0,18.0
2016-08-04,3,0,27.0,33.0,0,18.0,18.0,18.0,1.0,18.0,0.0,18.0
2016-08-05,4,0,26.0,33.0,0,18.0,18.0,18.0,1.0,18.0,0.0,18.0
2016-08-06,5,1,26.0,34.0,0,18.0,18.0,18.0,1.0,18.0,0.0,18.0
2016-08-07,6,1,27.0,35.0,1,18.0,18.0,18.0,1.0,18.0,0.0,18.0
2016-08-08,0,0,26.0,34.0,0,18.0,18.0,18.0,1.0,18.0,0.0,18.0
2016-08-09,1,0,26.0,30.0,0,18.0,18.0,18.0,1.0,18.0,0.0,18.0
2016-08-10,2,0,27.0,35.0,0,18.0,18.0,18.0,1.0,18.0,0.0,18.0
2016-08-11,3,0,27.0,36.0,1,18.0,18.0,18.0,1.0,18.0,0.0,18.0
2016-08-12,4,0,27.0,36.0,1,18.0,18.0,18.0,1.0,18.0,0.0,18.0
2016-08-13,5,1,27.0,35.0,1,18.0,18.0,18.0,1.0,18.0,0.0,18.0
2016-08-14,6,1,28.0,35.0,1,18.0,18.0,18.0,1.0,18.0,0.0,18.0
2016-08-15,0,0,27.0,36.0,1,18.0,18.0,18.0,1.0,18.0,0.0,18.0
2016-08-16,1,0,26.0,36.0,1,18.0,18.0,18.0,1.0,18.0,0.0,18.0
2016-08-17,2,0,28.0,37.0,1,18.0,18.0,18.0,1.0,18.0,0.0,18.0
2016-08-18,3,0,28.0,37.0,1,18.0,18.0,18.0,1.0,18.0,0.0,18.0
2016-08-19,4,0,28.0,38.0,1,18.0,18.0,18.0,1.0,18.0,0.0,18.0
2016-08-20,5,1,27.0,37.0,0,18.0,18.0,18.0,1.0,18.0,0.0,18.0
2016-08-21,6,1,27.0,35.0,0,18.0,18.0,18.0,1.0,18.0,0.0,18.0
2016-08-22,0,0,27.0,36.0,1,18.0,18.0,18.0,1.0,18.0,0.0,18.0
2016-08-23,1,0,27.0,35.0,0,18.0,18.0,18.0,1.0,18.0,0.0,18.0
2016-08-24,2,0,27.0,35.0,1,18.0,18.0,18.0,1.0,18.0,0.0,18.0
2016-08-25,3,0,26.0,35.0,1,18.0,18.0,18.0,1.0,18.0,0.0,18.0
2016-08-26,4,0,25.0,34.0,0,18.0,18.0,18.0,1.0,18.0,0.0,18.0
2016-08-27,5,1,23.0,31.0,1,18.0,18.0,18.0,1.0,18.0,0.0,18.0
2016-08-28,6,1,21.0,31.0,1,18.0,18.0,18.0,1.0,18.0,0.0,18.0
2016-08-29,0,0,21.0,32.0,1,18.0,18.0,18.0,1.0,18.0,0.0,18.0
2016-08-30,1,0,21.0,32.0,1,18.0,18.0,18.0,1.0,18.0,0.0,18.0
2016-08-31,2,0,21.0,33.0,1,18.0,18.0,18.0,1.0,18.0,0.0,18.0
2016-09-01,3,0,23.0,33.0,0,18.0,18.0,18.0,1.0,18.0,0.0,18.0
2016-09-02,4,0,22.0,34.0,1,18.0,18.0,18.0,1.0,18.0,0.0,18.0
2016-09-03,5,1,23.0,35.0,1,18.0,18.0,18.0,1.0,18.0,0.0,18.0
2016-09-04,6,1,24.0,32.0,1,18.0,18.0,18.0,1.0,18.0,0.0,18.0
2016-09-05,0,0,24.0,30.0,0,18.0,18.0,18.0,1.0,18.0,0.0,18.0
2016-09-06,1,0,23.0,28.0,0,18.0,18.0,18.0,1.0,18.0,0.0,18.0
2016-09-07,2,0,21.0,27.0,0,18.0,18.0,18.0,1.0,18.0,0.0,18.0
2016-09-08,3,0,22.0,30.0,1,18.0,18.0,18.0,1.0,18.0,0.0,18.0
2016-09-09,4,0,22.0,29.0,1,18.0,18.0,18.0,1.0,18.0,0.0,18.0
2016-09-10,5,1,22.0,28.0,0,18.0,18.0,18.0,1.0,18.0,0.0,18.0
2016-09-11,6,1,21.0,25.0,0,18.0,18.0,18.0,1.0,18.0,0.0,18.0
2016-09-12,0,0,21.0,27.0,1,18.0,18.0,18.0,1.0,18.0,0.0,18.0
2016-09-13,1,0,21.0,28.0,0,18.0,18.0,18.0,1.0,18.0,0.0,18.0
2016-09-14,2,0,21.0,25.0,0,18.0,18.0,18.0,1.0,18.0,0.0,18.0
2016-09-15,3,1,22.0,25.0,0,18.0,18.0,18.0,1.0,18.0,0.0,18.0
2016-09-16,4,1,23.0,27.0,0,18.0,18.0,18.0,1.0,18.0,0.0,18.0
2016-09-17,5,1,22.0,27.0,1,18.0,18.0,18.0,1.0,18.0,0.0,18.0
2016-09-18,6,0,22.0,26.0,0,18.0,18.0,18.0,1.0,18.0,0.0,18.0
2016-09-19,0,0,20.0,27.0,1,18.0,18.0,18.0,1.0,18.0,0.0,20.0
2016-09-20,1,0,19.0,26.0,1,18.0,18.1538461538,18.0,1.03130755064,20.0,0.532938710021,1.0
2016-09-21,2,0,19.0,26.0,1,18.0,16.8461538462,1.0,0.753623188406,20.0,4.60511678372,1.0
2016-09-22,3,0,20.0,27.0,1,18.0,15.5384615385,1.0,0.447154471545,20.0,6.22174084735,1.0
2016-09-23,4,0,20.0,29.0,1,18.0,14.2307692308,1.0,0.064308681672,20.0,7.26587224002,1.0
2016-09-24,5,1,21.0,30.0,1,18.0,12.9230769231,1.0,0.0680272108844,20.0,7.96590367138,1.0
2016-09-25,6,1,21.0,30.0,1,18.0,11.6153846154,1.0,0.072202166065,20.0,8.40822364427,1.0
2016-09-26,0,0,24.0,31.0,1,18.0,10.3076923077,1.0,0.0769230769231,20.0,8.63253786897,1.0
2016-09-27,1,0,23.0,28.0,0,18.0,9.0,1.0,0.082304526749,20.0,8.65581174259,1.0
2016-09-28,2,0,22.0,28.0,0,18.0,7.69230769231,1.0,0.0884955752212,20.0,8.4797007874,1.0
2016-09-29,3,0,22.0,25.0,0,18.0,6.38461538462,1.0,0.0956937799043,20.0,8.09119617988,1.0
2016-09-30,4,0,22.0,29.0,0,18.0,5.07692307692,1.0,0.104166666667,20.0,7.45717556824,63.0
2016-10-01,5,1,23.0,30.0,0,18.0,8.53846153846,1.0,1.82841068917,63.0,16.9959967441,25.0
2016-10-02,6,1,22.0,30.0,1,18.0,9.07692307692,1.0,2.43169398907,63.0,17.3934626909,1.0
2016-10-03,0,1,21.0,27.0,0,18.0,7.61538461538,1.0,2.61380323054,63.0,17.2115277181,1.0
2016-10-04,1,1,20.0,27.0,1,18.0,7.61538461538,1.0,0.857142857143,63.0,17.2115277181,1.0
2016-10-05,2,1,21.0,27.0,1,18.0,7.61538461538,1.0,0.103626943005,63.0,17.2115277181,1.0
2016-10-06,3,1,22.0,27.0,0,18.0,7.61538461538,1.0,0.113636363636,63.0,17.2115277181,1.0
2016-10-07,4,1,20.0,23.0,0,18.0,7.61538461538,1.0,0.125786163522,63.0,17.2115277181,64.0
2016-10-08,5,0,17.0,22.0,0,18.0,12.4615384615,1.0,2.14634146341,64.0,22.6702630863,98.0
2016-10-09,6,0,16.0,22.0,1,18.0,19.9230769231,1.0,3.81286549708,98.0,31.7961331429,93.0
2016-10-10,0,0,15.0,21.0,1,18.0,27.0,1.0,4.74860335196,98.0,36.6627037485,117.0
2016-10-11,1,0,17.0,23.0,1,18.0,35.9230769231,1.0,4.33192686357,117.0,42.8440132044,135.0
2016-10-12,2,0,18.0,25.0,1,18.0,46.2307692308,1.0,3.78289473684,135.0,48.8941617502,130.0
2016-10-13,3,0,18.0,23.0,1,18.0,56.1538461538,1.0,3.45545002261,135.0,51.7164549827,115.0
2016-10-14,4,0,19.0,22.0,0,18.0,60.1538461538,1.0,2.97688993341,135.0,54.0496156022,115.0
2016-10-15,5,1,20.0,23.0,0,18.0,67.0769230769,1.0,2.48704663212,135.0,54.8613098058,98.0
2016-10-16,6,1,20.0,26.0,0,18.0,74.5384615385,1.0,2.0590081607,135.0,51.882434236,95.0
2016-10-17,0,0,20.0,24.0,0,18.0,81.7692307692,1.0,1.77623990773,135.0,47.4943783656,155.0
2016-10-18,1,0,20.0,24.0,0,18.0,93.6153846154,1.0,1.77099236641,155.0,45.0120299502,140.0
2016-10-19,2,0,20.0,24.0,0,18.0,104.307692308,1.0,1.79434092478,155.0,37.6489546599,128.0
2016-10-20,3,0,21.0,25.0,0,18.0,114.076923077,1.0,1.78934010152,155.0,23.3286273079,151.0
2016-10-21,4,0,21.0,25.0,0,18.0,120.769230769,1.0,1.67868589744,155.0,20.283202016,125.0
2016-10-22,5,1,20.0,23.0,0,18.0,122.846153846,1.0,1.5268329554,155.0,19.1987425624,94.0
2016-10-23,6,1,17.0,23.0,0,18.0,122.923076923,1.0,1.32830730569,155.0,19.0806447983,96.0
2016-10-24,0,0,19.0,24.0,1,18.0,121.307692308,1.0,1.07581967213,155.0,20.35978168,128.0
2016-10-25,1,0,19.0,23.0,1,18.0,120.769230769,1.0,1.01972101972,155.0,20.0811961265,160.0
2016-10-26,2,0,19.0,24.0,0,18.0,123.076923077,1.0,1.14387846291,160.0,22.5779386484,146.0
2016-10-27,3,0,18.0,24.0,0,18.0,125.461538462,1.0,1.21415582599,160.0,23.2266934784,146.0
2016-10-28,4,0,15.0,19.0,0,18.0,127.846153846,1.0,1.22244759973,160.0,23.6182659229,133.0
2016-10-29,5,1,12.0,15.0,0,18.0,130.538461538,1.0,1.13333333333,160.0,22.0021515892,80.0
2016-10-30,6,1,14.0,18.0,1,18.0,129.384615385,1.0,0.962337488272,160.0,24.1263930217,104.0
2016-10-31,0,0,12.0,17.0,0,18.0,125.461538462,1.0,0.854217192132,160.0,23.7862771835,141.0
