time_stamp,dayofweek,holiday,lt,ht,sunny,m2M,w2A,m1L,d3w3,m1Lar,w2Std,pay_sum
2016-08-01,0,0,27.0,35.0,1,143.0,150.846153846,108.0,0.977122086808,206.0,28.822657097,76.0
2016-08-02,1,0,26.0,36.0,0,143.0,145.692307692,76.0,0.849522555153,206.0,35.0765856934,129.0
2016-08-03,2,0,25.0,30.0,0,141.0,140.0,76.0,0.771276595745,206.0,31.0929128704,133.0
2016-08-04,3,0,25.0,32.0,0,134.0,140.076923077,76.0,0.753623188406,206.0,31.0742573114,112.0
2016-08-05,4,0,26.0,32.0,0,134.0,136.384615385,76.0,0.845197740113,206.0,31.3382009732,155.0
2016-08-06,5,1,26.0,34.0,0,141.0,133.153846154,76.0,0.9198574221,206.0,26.751983834,143.0
2016-08-07,6,1,26.0,34.0,0,141.0,129.923076923,76.0,0.959064327485,206.0,22.4926023342,166.0
2016-08-08,0,0,26.0,34.0,1,143.0,132.384615385,76.0,1.07594202899,206.0,24.4683106252,137.0
2016-08-09,1,0,27.0,34.0,1,141.0,133.692307692,76.0,1.03636574881,206.0,24.2245413242,166.0
2016-08-10,2,0,27.0,34.0,1,141.0,137.076923077,76.0,1.10404896422,206.0,25.3997623807,139.0
2016-08-11,3,0,27.0,35.0,1,141.0,139.461538462,76.0,1.0379241517,206.0,23.9731111701,119.0
2016-08-12,4,0,28.0,35.0,1,141.0,137.384615385,76.0,1.01024541339,206.0,24.4808825304,152.0
2016-08-13,5,1,28.0,36.0,1,143.0,136.153846154,76.0,0.992856278,206.0,23.2836890873,158.0
2016-08-14,6,1,27.0,36.0,1,143.0,137.307692308,76.0,1.04915627293,206.0,23.9563212001,170.0
2016-08-15,0,0,27.0,36.0,1,143.0,144.538461538,76.0,1.1585807386,203.0,17.7400693114,150.0
2016-08-16,1,0,27.0,36.0,1,146.0,146.153846154,76.0,1.14135625597,203.0,17.1994908415,151.0
2016-08-17,2,0,27.0,35.0,1,148.0,147.538461538,76.0,1.11308046792,203.0,16.8048316524,128.0
2016-08-18,3,0,27.0,36.0,1,146.0,148.769230769,76.0,1.00668778599,203.0,14.5979653279,116.0
2016-08-19,4,0,29.0,37.0,1,146.0,145.769230769,76.0,0.936795920787,197.0,16.8438705864,158.0
2016-08-20,5,1,27.0,36.0,0,148.0,146.923076923,76.0,0.956801142449,197.0,17.1260554462,157.0
2016-08-21,6,1,27.0,33.0,0,150.0,146.230769231,76.0,1.0207223209,197.0,16.5117852837,191.0
2016-08-22,0,0,27.0,34.0,1,151.0,150.384615385,76.0,1.15130830489,191.0,20.0750072767,130.0
2016-08-23,1,0,25.0,34.0,1,151.0,147.615384615,76.0,1.0872284772,191.0,20.2124807656,145.0
2016-08-24,2,0,24.0,34.0,1,150.0,148.076923077,76.0,1.05561218711,191.0,20.0785439959,144.0
2016-08-25,3,0,25.0,34.0,1,148.0,150.0,76.0,0.93893557423,191.0,18.3219078617,125.0
2016-08-26,4,0,23.0,29.0,1,148.0,147.923076923,76.0,0.937181663837,191.0,19.4717212643,173.0
2016-08-27,5,1,20.0,29.0,1,150.0,149.076923077,76.0,0.990476190476,191.0,20.4543075714,203.0
2016-08-28,6,1,19.0,30.0,1,151.0,151.615384615,76.0,1.10889774236,203.0,24.5342412575,195.0
2016-08-29,0,0,20.0,31.0,1,151.0,155.076923077,76.0,1.23995656895,203.0,27.1022608721,146.0
2016-08-30,1,0,21.0,31.0,1,151.0,154.692307692,76.0,1.18907103825,203.0,27.1927156971,131.0
2016-08-31,2,0,22.0,32.0,1,151.0,154.923076923,112.0,1.03440718825,203.0,26.9770886793,144.0
2016-09-01,3,0,22.0,33.0,1,150.0,157.076923077,112.0,0.915117921965,203.0,24.8145786507,141.0
2016-09-02,4,0,22.0,34.0,1,148.0,155.769230769,112.0,0.907504363002,203.0,25.1767714865,171.0
2016-09-03,5,1,23.0,34.0,1,150.0,156.846153846,116.0,0.99055066797,203.0,25.503683456,230.0
2016-09-04,6,1,22.0,33.0,1,150.0,159.846153846,116.0,1.15478853734,230.0,31.0380564267,215.0
2016-09-05,0,0,24.0,33.0,1,151.0,166.384615385,116.0,1.28574410353,230.0,32.9557709701,127.0
2016-09-06,1,0,22.0,26.0,0,150.0,165.0,116.0,1.20294426919,230.0,34.1805162674,130.0
2016-09-07,2,0,20.0,26.0,1,148.0,163.923076923,116.0,0.99201345103,230.0,35.0350627415,123.0
2016-09-08,3,0,21.0,30.0,1,146.0,163.769230769,116.0,0.796896298626,230.0,35.2096006273,120.0
2016-09-09,4,0,23.0,32.0,1,146.0,159.692307692,116.0,0.791679932081,230.0,36.9310888743,161.0
2016-09-10,5,1,21.0,30.0,1,146.0,156.461538462,116.0,0.856385797562,230.0,34.7753568463,217.0
2016-09-11,6,1,20.0,28.0,1,146.0,158.153846154,116.0,1.04698833176,230.0,37.069261896,198.0
2016-09-12,0,0,20.0,30.0,1,146.0,162.153846154,116.0,1.18555109602,230.0,38.3262235067,106.0
2016-09-13,1,0,21.0,30.0,1,145.0,160.230769231,106.0,1.08541666667,230.0,40.4116393099,93.0
2016-09-14,2,0,22.0,28.0,1,144.0,156.307692308,93.0,0.84047845877,230.0,44.1036970636,146.0
2016-09-15,3,1,21.0,23.0,0,144.0,156.692307692,93.0,0.725552050473,230.0,43.9901817986,134.0
2016-09-16,4,1,21.0,23.0,0,144.0,153.846153846,93.0,0.794208453103,230.0,44.1689869511,187.0
2016-09-17,5,1,21.0,27.0,1,145.0,150.538461538,93.0,0.999464954521,230.0,39.7291123342,241.0
2016-09-18,6,0,20.0,28.0,1,145.0,152.538461538,93.0,1.18527892017,241.0,43.4079315415,127.0
2016-09-19,0,0,17.0,26.0,1,145.0,152.538461538,93.0,1.17759388924,241.0,43.4079315415,129.0
2016-09-20,1,0,18.0,26.0,1,144.0,152.461538462,93.0,1.05520169851,241.0,43.4486706615,148.0
2016-09-21,2,0,17.0,24.0,1,144.0,154.384615385,93.0,0.856658184902,241.0,42.648001958,135.0
2016-09-22,3,0,19.0,27.0,1,144.0,155.538461538,93.0,0.875292118122,241.0,41.8984401851,138.0
2016-09-23,4,0,19.0,28.0,1,144.0,153.769230769,93.0,0.903918411165,241.0,42.1155075516,193.0
2016-09-24,5,1,21.0,29.0,1,144.0,151.923076923,93.0,1.01260321599,241.0,39.7636508509,224.0
2016-09-25,6,1,21.0,28.0,1,145.0,153.923076923,93.0,1.20246993825,241.0,42.5846876389,215.0
2016-09-26,0,0,23.0,30.0,1,146.0,162.307692308,93.0,1.33122696156,241.0,43.0516409325,109.0
2016-09-27,1,0,23.0,30.0,0,145.0,163.538461538,93.0,1.16200169635,241.0,41.2433964591,112.0
2016-09-28,2,0,19.0,23.0,0,144.0,160.923076923,93.0,0.927758272157,241.0,43.2994253621,127.0
2016-09-29,3,0,17.0,19.0,0,144.0,160.384615385,93.0,0.738853503185,241.0,43.6728017131,125.0
2016-09-30,4,0,18.0,21.0,0,144.0,155.615384615,93.0,0.781786941581,241.0,43.8906656653,246.0
2016-10-01,5,1,20.0,24.0,0,145.0,156.0,93.0,1.05968720077,246.0,44.6525044521,183.0
2016-10-02,6,1,20.0,24.0,0,146.0,160.307692308,93.0,1.18451999145,246.0,44.3472046043,211.0
2016-10-03,0,1,18.0,26.0,1,146.0,166.615384615,93.0,1.32381838866,246.0,45.2676458778,150.0
2016-10-04,1,1,20.0,25.0,1,146.0,166.769230769,93.0,1.10569105691,246.0,45.2074769959,129.0
2016-10-05,2,1,20.0,26.0,1,146.0,166.307692308,93.0,1.00112371029,246.0,45.5587272993,156.0
2016-10-06,3,1,19.0,25.0,1,146.0,167.692307692,93.0,0.882800608828,246.0,44.9467798374,176.0
2016-10-07,4,1,17.0,20.0,0,148.0,166.384615385,93.0,0.938709020566,246.0,44.4358456508,214.0
2016-10-08,5,0,14.0,22.0,1,148.0,165.615384615,93.0,1.12103480136,246.0,43.5086878354,150.0
2016-10-09,6,0,13.0,21.0,1,150.0,160.615384615,93.0,1.10091743119,246.0,41.2208656303,144.0
2016-10-10,0,0,16.0,21.0,1,150.0,163.307692308,93.0,1.03094875698,246.0,38.8357183241,130.0
2016-10-11,1,0,16.0,20.0,1,148.0,164.692307692,93.0,0.865217834915,246.0,37.2711160911,173.0
2016-10-12,2,0,16.0,19.0,1,148.0,168.230769231,93.0,0.901664145234,246.0,35.674066957,147.0
2016-10-13,3,0,17.0,20.0,1,147.0,169.923076923,109.0,0.905250452625,246.0,34.0688478017,144.0
2016-10-14,4,0,16.0,18.0,1,146.0,162.076923077,109.0,0.94742215416,246.0,26.5633105515,205.0
2016-10-15,5,1,18.0,21.0,0,146.0,163.769230769,109.0,1.01868966934,246.0,28.4744253569,250.0
2016-10-16,6,1,17.0,23.0,1,147.0,166.769230769,109.0,1.2171086051,250.0,34.672431625,256.0
2016-10-17,0,0,18.0,22.0,1,148.0,174.923076923,109.0,1.38273045508,256.0,41.5515648848,154.0
2016-10-18,1,0,18.0,23.0,1,148.0,176.846153846,109.0,1.26801152738,256.0,39.9284863684,167.0
2016-10-19,2,0,19.0,22.0,1,148.0,177.692307692,109.0,1.09591642925,256.0,39.5928987716,143.0
2016-10-20,3,0,19.0,21.0,0,147.0,175.153846154,109.0,0.876795162509,256.0,40.6634331175,102.0
2016-10-21,4,0,19.0,21.0,0,147.0,166.538461538,102.0,0.811662726556,256.0,43.2996986748,202.0
2016-10-22,5,1,18.0,21.0,0,148.0,170.538461538,102.0,0.875697913606,256.0,43.9835902698,267.0
2016-10-23,6,1,15.0,18.0,1,150.0,180.0,102.0,1.10051074492,267.0,50.0661101406,263.0
2016-10-24,0,0,16.0,20.0,1,150.0,190.230769231,102.0,1.36618141097,267.0,52.3408266096,136.0
2016-10-25,1,0,14.0,17.0,1,150.0,187.384615385,102.0,1.24056999162,267.0,54.1742749929,157.0
2016-10-26,2,0,16.0,18.0,0,150.0,188.153846154,102.0,1.03538175047,267.0,53.6639775381,136.0
2016-10-27,3,0,15.0,17.0,0,148.0,187.538461538,102.0,0.80790960452,267.0,54.2098704958,158.0
2016-10-28,4,0,11.0,15.0,0,150.0,183.923076923,102.0,0.862992728664,267.0,54.491299995,168.0
2016-10-29,5,1,8.0,12.0,0,150.0,177.615384615,102.0,0.87949743004,267.0,51.1190743589,254.0
2016-10-30,6,1,10.0,17.0,1,154.0,177.461538462,102.0,1.07050572167,267.0,50.8854148434,274.0
2016-10-31,0,0,10.0,15.0,0,156.0,186.692307692,102.0,1.23535676251,274.0,56.3797353329,121.0
