time_stamp,dayofweek,holiday,lt,ht,sunny,m2M,w2A,m1L,d3w3,m1Lar,w2Std,pay_sum
2016-08-01,0,0,28.0,34.0,1,145.0,154.461538462,66.0,1.18411841184,252.0,48.8948878634,104.0
2016-08-02,1,0,28.0,34.0,0,145.0,152.0,66.0,1.12757201646,252.0,50.5401592034,107.0
2016-08-03,2,0,26.0,32.0,0,144.0,155.153846154,66.0,0.934520025429,252.0,46.1649986526,116.0
2016-08-04,3,0,27.0,32.0,0,144.0,154.615384615,66.0,0.700964630225,252.0,46.5758908607,87.0
2016-08-05,4,0,27.0,33.0,0,144.0,149.923076923,66.0,0.684326710817,252.0,49.9560753808,148.0
2016-08-06,5,1,27.0,33.0,1,145.0,144.538461538,66.0,0.795377294358,252.0,45.9391158694,203.0
2016-08-07,6,1,27.0,34.0,1,145.0,142.846153846,66.0,1.00933287245,252.0,43.2716751446,209.0
2016-08-08,0,0,27.0,34.0,0,146.0,149.153846154,66.0,1.25195618153,252.0,46.3678372513,104.0
2016-08-09,1,0,28.0,34.0,1,146.0,147.076923077,66.0,1.16610169492,252.0,47.7194711726,142.0
2016-08-10,2,0,28.0,34.0,1,146.0,148.384615385,66.0,1.00242344129,252.0,47.3278881219,121.0
2016-08-11,3,0,28.0,35.0,1,146.0,148.692307692,66.0,0.809082892416,252.0,47.1354588319,122.0
2016-08-12,4,0,28.0,34.0,1,146.0,146.692307692,66.0,0.856126306427,252.0,47.6709629655,139.0
2016-08-13,5,1,28.0,35.0,1,146.0,140.923076923,66.0,0.872444901222,252.0,43.5350637435,239.0
2016-08-14,6,1,28.0,36.0,1,148.0,141.615384615,66.0,1.13649278327,252.0,44.9932276298,234.0
2016-08-15,0,0,28.0,35.0,1,148.0,151.615384615,66.0,1.34210526316,252.0,49.7200446524,121.0
2016-08-16,1,0,28.0,35.0,1,148.0,152.692307692,66.0,1.30693069307,239.0,48.8866579492,115.0
2016-08-17,2,0,28.0,35.0,1,148.0,152.615384615,66.0,1.03752759382,239.0,48.9450845517,140.0
2016-08-18,3,0,28.0,36.0,1,146.0,156.692307692,66.0,0.823748493811,239.0,45.38787472,160.0
2016-08-19,4,0,29.0,36.0,1,148.0,157.615384615,87.0,0.905619203492,239.0,45.3236879169,156.0
2016-08-20,5,1,28.0,37.0,0,148.0,154.0,87.0,1.01434768101,239.0,43.3926615561,228.0
2016-08-21,6,1,28.0,35.0,0,148.0,155.461538462,87.0,1.21090706733,239.0,45.489838907,203.0
2016-08-22,0,0,28.0,35.0,1,148.0,163.076923077,87.0,1.26481361775,239.0,44.5135442456,124.0
2016-08-23,1,0,26.0,34.0,1,148.0,161.692307692,87.0,1.18932819029,239.0,45.4183707586,117.0
2016-08-24,2,0,26.0,34.0,1,146.0,161.384615385,87.0,0.951156812339,239.0,45.7056442593,114.0
2016-08-25,3,0,27.0,35.0,1,145.0,160.769230769,87.0,0.753955612191,239.0,46.2820015626,153.0
2016-08-26,4,0,26.0,34.0,0,146.0,161.846153846,87.0,0.814249363868,239.0,45.9244298216,127.0
2016-08-27,5,1,23.0,31.0,1,145.0,153.230769231,87.0,0.856149500217,239.0,40.8696875563,198.0
2016-08-28,6,1,22.0,30.0,1,145.0,150.461538462,87.0,1.04241631229,239.0,36.2631734888,243.0
2016-08-29,0,0,23.0,31.0,1,145.0,159.846153846,87.0,1.18481435127,243.0,42.6485569309,137.0
2016-08-30,1,0,23.0,31.0,1,142.0,161.538461538,87.0,1.20756293743,243.0,41.2489913809,136.0
2016-08-31,2,0,25.0,34.0,1,140.0,161.230769231,87.0,1.07298814722,243.0,41.4230590672,109.0
2016-09-01,3,0,26.0,33.0,1,139.0,157.307692308,87.0,0.797578035286,243.0,43.7059837751,109.0
2016-09-02,4,0,25.0,34.0,1,139.0,153.692307692,87.0,0.746127094531,243.0,45.5688568,122.0
2016-09-03,5,1,25.0,35.0,1,139.0,145.538461538,104.0,0.744145327205,243.0,40.7744553982,191.0
2016-09-04,6,1,25.0,33.0,1,140.0,144.615384615,104.0,0.936840936841,243.0,39.5815389399,205.0
2016-09-05,0,0,25.0,30.0,0,140.0,150.846153846,104.0,1.1186696901,243.0,42.1386834044,88.0
2016-09-06,1,0,22.0,27.0,0,140.0,148.615384615,88.0,1.05446623094,243.0,44.5689413442,98.0
2016-09-07,2,0,20.0,24.0,0,139.0,147.384615385,88.0,0.863706648995,243.0,45.7140585371,86.0
2016-09-08,3,0,22.0,29.0,1,137.0,142.230769231,86.0,0.615942028986,243.0,48.4833894572,125.0
2016-09-09,4,0,23.0,31.0,1,137.0,142.076923077,86.0,0.707174733951,243.0,48.534621328,137.0
2016-09-10,5,1,24.0,29.0,1,137.0,137.384615385,86.0,0.822111977321,243.0,45.7712346038,188.0
2016-09-11,6,1,23.0,26.0,0,137.0,133.153846154,86.0,1.06875667973,243.0,37.6315051189,194.0
2016-09-12,0,0,23.0,29.0,1,137.0,137.538461538,86.0,1.2026416406,243.0,40.9945876064,97.0
2016-09-13,1,0,23.0,30.0,1,136.0,134.538461538,86.0,1.11772255279,243.0,42.4003181857,116.0
2016-09-14,2,0,22.0,24.0,0,136.0,135.076923077,86.0,0.949049784307,243.0,42.1160695413,124.0
2016-09-15,3,1,23.0,26.0,0,131.0,136.230769231,86.0,0.793875147232,243.0,41.5880046429,152.0
2016-09-16,4,1,23.0,27.0,0,136.0,138.538461538,86.0,0.915353181553,243.0,41.5666570973,202.0
2016-09-17,5,1,23.0,27.0,0,136.0,139.384615385,86.0,1.11460883759,243.0,42.7218885738,195.0
2016-09-18,6,0,23.0,28.0,0,137.0,138.615384615,86.0,1.30202774813,243.0,41.6090568202,136.0
2016-09-19,0,0,21.0,27.0,0,137.0,142.307692308,86.0,1.26453143535,243.0,39.0017447645,92.0
2016-09-20,1,0,20.0,26.0,1,136.0,141.846153846,86.0,1.01952277657,243.0,39.5549202499,112.0
2016-09-21,2,0,20.0,27.0,1,136.0,143.846153846,86.0,0.81858673408,243.0,37.2720686385,102.0
2016-09-22,3,0,21.0,27.0,1,131.0,142.076923077,86.0,0.738595220854,243.0,38.6452535417,130.0
2016-09-23,4,0,21.0,27.0,1,131.0,141.538461538,86.0,0.827918170878,243.0,38.7608354769,131.0
2016-09-24,5,1,22.0,28.0,1,131.0,137.153846154,86.0,0.892988929889,243.0,36.4097327517,183.0
2016-09-25,6,1,23.0,29.0,1,136.0,136.307692308,86.0,1.10119047619,243.0,35.1860650201,196.0
2016-09-26,0,0,24.0,31.0,1,136.0,143.923076923,86.0,1.21602288984,243.0,36.5417812257,124.0
2016-09-27,1,0,25.0,30.0,0,136.0,144.538461538,86.0,1.18828254193,205.0,36.1314169379,115.0
2016-09-28,2,0,22.0,28.0,0,131.0,143.846153846,86.0,1.01718695195,205.0,36.60148411,112.0
2016-09-29,3,0,22.0,25.0,0,130.0,140.769230769,86.0,0.824524312896,205.0,37.457984352,92.0
2016-09-30,4,0,23.0,28.0,0,130.0,132.307692308,86.0,0.761427377969,205.0,35.0151277536,158.0
2016-10-01,5,1,24.0,29.0,0,131.0,129.461538462,86.0,0.873446736639,205.0,31.0870128328,211.0
2016-10-02,6,1,24.0,32.0,1,136.0,135.230769231,86.0,1.10551558753,211.0,37.9638569941,208.0
2016-10-03,0,1,22.0,26.0,1,136.0,144.153846154,86.0,1.33056612475,211.0,40.3138574263,196.0
2016-10-04,1,1,22.0,26.0,1,136.0,150.615384615,86.0,1.38000673174,211.0,41.3605878204,175.0
2016-10-05,2,1,22.0,27.0,1,136.0,156.230769231,86.0,1.27729980146,211.0,39.2823190725,185.0
2016-10-06,3,1,22.0,26.0,0,136.0,160.461538462,86.0,1.21331151118,211.0,39.1910809803,211.0
2016-10-07,4,1,20.0,25.0,0,137.0,166.615384615,92.0,1.24238468233,211.0,40.3456955316,202.0
2016-10-08,5,0,17.0,22.0,0,137.0,168.076923077,92.0,1.29816563552,211.0,41.2468395777,77.0
2016-10-09,6,0,18.0,22.0,1,137.0,158.923076923,77.0,1.08455068614,211.0,46.8573309895,64.0
2016-10-10,0,0,18.0,22.0,1,137.0,154.307692308,64.0,0.766309204647,211.0,52.664956405,84.0
2016-10-11,1,0,19.0,25.0,1,136.0,151.923076923,64.0,0.507442489851,211.0,55.0390931534,84.0
2016-10-12,2,0,19.0,23.0,1,136.0,149.769230769,64.0,0.526435216701,211.0,57.0696657215,98.0
2016-10-13,3,0,19.0,23.0,1,131.0,150.230769231,64.0,0.610231704519,211.0,56.6231182009,86.0
2016-10-14,4,0,19.0,23.0,0,131.0,144.692307692,64.0,0.624490271467,211.0,59.0610956362,128.0
2016-10-15,5,1,21.0,25.0,1,131.0,138.307692308,64.0,0.741268709907,211.0,55.9524311913,162.0
2016-10-16,6,1,20.0,26.0,1,131.0,134.769230769,64.0,0.904280904281,211.0,52.7988255204,172.0
2016-10-17,0,0,20.0,25.0,1,131.0,132.923076923,64.0,1.09219858156,211.0,51.0150227323,92.0
2016-10-18,1,0,20.0,25.0,1,130.0,126.538461538,64.0,1.01537361459,211.0,50.5410958218,75.0
2016-10-19,2,0,20.0,24.0,0,128.0,118.076923077,64.0,0.81884057971,211.0,49.2364179452,78.0
2016-10-20,3,0,20.0,23.0,0,127.0,107.846153846,64.0,0.594804564215,211.0,42.1770009399,97.0
2016-10-21,4,0,0.0,21.0,0,127.0,99.7692307692,64.0,0.620732464308,211.0,32.2613220344,85.0
2016-10-22,5,1,19.0,23.0,0,127.0,100.384615385,64.0,0.677347922366,211.0,31.895354042,150.0
2016-10-23,6,1,18.0,23.0,1,128.0,107.0,64.0,0.884979341597,211.0,32.5741757083,211.0
2016-10-24,0,0,20.0,24.0,1,128.0,116.769230769,64.0,1.1817700053,211.0,41.9159485824,107.0
2016-10-25,1,0,18.0,22.0,1,128.0,118.538461538,64.0,1.27450980392,211.0,40.9701868804,89.0
2016-10-26,2,0,19.0,21.0,0,125.0,117.846153846,64.0,1.15362811791,211.0,41.3853302769,83.0
2016-10-27,3,0,18.0,22.0,0,124.0,117.615384615,64.0,0.836330935252,211.0,41.5702157829,114.0
2016-10-28,4,0,15.0,20.0,0,124.0,116.538461538,64.0,0.892634207241,211.0,41.4684595337,131.0
2016-10-29,5,1,13.0,17.0,1,124.0,114.153846154,64.0,0.998477929985,211.0,39.636514156,212.0
2016-10-30,6,1,14.0,18.0,1,124.0,117.230769231,64.0,1.30310806958,212.0,45.173433047,213.0
2016-10-31,0,0,13.0,17.0,0,125.0,126.538461538,64.0,1.50249966221,213.0,51.0936024666,86.0
