time_stamp,dayofweek,holiday,lt,ht,sunny,m2M,w2A,m1L,d3w3,m1Lar,w2Std,pay_sum
2016-08-01,0,0,24.0,30.0,1,48.0,50.8461538462,11.0,0.578231292517,82.0,21.540109827,61.0
2016-08-02,1,0,24.0,33.0,1,50.0,49.6923076923,11.0,0.624370594159,82.0,20.5403341123,48.0
2016-08-03,2,0,25.0,34.0,1,50.0,47.0769230769,11.0,0.85626911315,82.0,18.3028435725,56.0
2016-08-04,3,0,25.0,33.0,1,50.0,47.0769230769,11.0,1.13753877973,82.0,18.3028435725,57.0
2016-08-05,4,0,25.0,32.0,1,51.0,46.0,11.0,1.09523809524,82.0,17.2448431534,60.0
2016-08-06,5,1,24.0,33.0,1,52.0,48.6153846154,11.0,1.13182859012,82.0,16.5786631248,30.0
2016-08-07,6,1,23.0,31.0,1,52.0,48.5384615385,11.0,0.945945945946,82.0,16.6623268512,24.0
2016-08-08,0,0,24.0,32.0,1,52.0,46.3076923077,13.0,0.762286860582,82.0,17.8169522361,65.0
2016-08-09,1,0,25.0,33.0,1,52.0,46.3076923077,13.0,0.804597701149,82.0,17.8169522361,63.0
2016-08-10,2,0,26.0,33.0,1,53.0,45.8461538462,13.0,1.04791451224,82.0,17.2931562891,81.0
2016-08-11,3,0,27.0,34.0,1,53.0,48.4615384615,13.0,1.40456989247,82.0,19.6766764885,72.0
2016-08-12,4,0,25.0,29.0,0,53.0,49.9230769231,13.0,1.4501510574,82.0,20.6414874928,72.0
2016-08-13,5,1,24.0,31.0,0,53.0,54.3076923077,13.0,1.44369586141,82.0,18.7221983234,12.0
2016-08-14,6,1,24.0,33.0,1,53.0,53.9230769231,12.0,1.01960784314,82.0,19.5190697227,22.0
2016-08-15,0,0,21.0,29.0,0,53.0,50.9230769231,12.0,0.714526457701,82.0,21.131316674,22.0
2016-08-16,1,0,23.0,31.0,1,53.0,48.9230769231,12.0,0.394644115574,82.0,22.4994411502,22.0
2016-08-17,2,0,23.0,28.0,0,53.0,46.3076923077,12.0,0.489432703003,82.0,23.4795643236,22.0
2016-08-18,3,0,22.0,24.0,0,53.0,43.6153846154,12.0,0.503432494279,82.0,24.0976809019,22.0
2016-08-19,4,0,22.0,32.0,1,53.0,40.6923076923,12.0,0.521945432977,81.0,24.2372396733,22.0
2016-08-20,5,1,23.0,31.0,1,52.0,40.0769230769,12.0,0.517647058824,81.0,24.5997546531,22.0
2016-08-21,6,1,23.0,34.0,1,52.0,39.9230769231,12.0,0.514619883041,81.0,24.7058434024,22.0
2016-08-22,0,0,23.0,32.0,1,52.0,36.6153846154,12.0,0.539215686275,81.0,23.9953151246,22.0
2016-08-23,1,0,24.0,30.0,0,48.0,33.4615384615,12.0,0.556962025316,81.0,22.9936960746,22.0
2016-08-24,2,0,24.0,31.0,0,48.0,28.9230769231,12.0,0.582010582011,81.0,18.5574432028,22.0
2016-08-25,3,0,18.0,30.0,1,48.0,25.0769230769,12.0,0.610263522885,81.0,13.8033526499,22.0
2016-08-26,4,0,17.0,29.0,1,48.0,21.2307692308,12.0,0.644216691069,81.0,2.66469355011,22.0
2016-08-27,5,1,20.0,32.0,1,47.0,22.0,12.0,0.651851851852,81.0,0.0,22.0
2016-08-28,6,1,18.0,31.0,1,47.0,22.0,12.0,0.653789004458,81.0,0.0,22.0
2016-08-29,0,0,19.0,31.0,1,44.0,22.0,12.0,0.698412698413,81.0,0.0,22.0
2016-08-30,1,0,19.0,31.0,1,43.0,22.0,12.0,0.747028862479,81.0,0.0,22.0
2016-08-31,2,0,19.0,33.0,1,43.0,22.0,12.0,0.830188679245,81.0,0.0,22.0
2016-09-01,3,0,19.0,27.0,1,43.0,22.0,12.0,0.916666666667,81.0,0.0,22.0
2016-09-02,4,0,19.0,28.0,1,31.0,22.0,12.0,1.02325581395,81.0,0.0,22.0
2016-09-03,5,1,20.0,30.0,1,30.0,22.0,12.0,1.0,81.0,0.0,22.0
2016-09-04,6,1,18.0,29.0,0,26.0,22.0,12.0,1.0,81.0,0.0,22.0
2016-09-05,0,0,20.0,31.0,1,24.0,22.0,12.0,1.0,81.0,0.0,22.0
2016-09-06,1,0,21.0,30.0,1,22.0,22.0,12.0,1.0,81.0,0.0,22.0
2016-09-07,2,0,19.0,31.0,1,22.0,22.0,12.0,1.0,81.0,0.0,22.0
2016-09-08,3,0,18.0,31.0,1,22.0,22.0,12.0,1.0,81.0,0.0,22.0
2016-09-09,4,0,19.0,31.0,1,22.0,22.0,12.0,1.0,72.0,0.0,22.0
2016-09-10,5,1,18.0,30.0,1,22.0,22.0,12.0,1.0,72.0,0.0,22.0
2016-09-11,6,1,18.0,25.0,0,22.0,22.0,12.0,1.0,22.0,0.0,22.0
2016-09-12,0,0,18.0,27.0,1,22.0,22.0,22.0,1.0,22.0,0.0,22.0
2016-09-13,1,0,19.0,27.0,1,22.0,22.0,22.0,1.0,22.0,0.0,22.0
2016-09-14,2,0,20.0,30.0,1,22.0,22.0,22.0,1.0,22.0,0.0,22.0
2016-09-15,3,1,21.0,30.0,1,22.0,22.0,22.0,1.0,22.0,0.0,22.0
2016-09-16,4,1,20.0,30.0,0,22.0,22.0,22.0,1.0,22.0,0.0,22.0
2016-09-17,5,1,17.0,24.0,1,22.0,22.0,22.0,1.0,22.0,0.0,22.0
2016-09-18,6,0,15.0,22.0,0,22.0,22.0,22.0,1.0,22.0,0.0,22.0
2016-09-19,0,0,13.0,25.0,1,22.0,22.0,22.0,1.0,22.0,0.0,22.0
2016-09-20,1,0,14.0,26.0,1,22.0,22.0,22.0,1.0,22.0,0.0,22.0
2016-09-21,2,0,16.0,23.0,0,22.0,22.0,22.0,1.0,22.0,0.0,22.0
2016-09-22,3,0,17.0,26.0,0,22.0,22.0,22.0,1.0,22.0,0.0,22.0
2016-09-23,4,0,19.0,27.0,1,22.0,22.0,22.0,1.0,22.0,0.0,22.0
2016-09-24,5,1,20.0,29.0,1,22.0,22.0,22.0,1.0,22.0,0.0,22.0
2016-09-25,6,1,19.0,27.0,1,22.0,22.0,22.0,1.0,22.0,0.0,22.0
2016-09-26,0,0,19.0,24.0,0,22.0,22.0,22.0,1.0,22.0,0.0,22.0
2016-09-27,1,0,12.0,23.0,1,22.0,22.0,22.0,1.0,22.0,0.0,22.0
2016-09-28,2,0,10.0,20.0,1,22.0,22.0,22.0,1.0,22.0,0.0,22.0
2016-09-29,3,0,12.0,22.0,1,22.0,22.0,22.0,1.0,22.0,0.0,22.0
2016-09-30,4,0,14.0,24.0,1,22.0,22.0,22.0,1.0,22.0,0.0,22.0
2016-10-01,5,1,15.0,26.0,1,22.0,22.0,22.0,1.0,22.0,0.0,14.0
2016-10-02,6,1,16.0,26.0,1,22.0,21.3846153846,14.0,0.895061728395,22.0,2.13175484008,16.0
2016-10-03,0,1,16.0,28.0,1,22.0,20.9230769231,14.0,0.813771517997,22.0,2.55588426551,19.0
2016-10-04,1,1,11.0,19.0,0,22.0,20.6923076923,14.0,0.772261623325,22.0,2.58351624981,19.0
2016-10-05,2,1,13.0,21.0,1,22.0,20.4615384615,14.0,0.857142857143,22.0,2.59037819084,19.0
2016-10-06,3,1,14.0,17.0,0,22.0,20.2307692308,14.0,0.911270983213,22.0,2.57663603453,15.0
2016-10-07,4,1,12.0,16.0,0,22.0,19.6923076923,14.0,0.861788617886,22.0,2.86583630926,13.0
2016-10-08,5,0,5.0,19.0,1,22.0,19.0,13.0,0.781379883624,22.0,3.28165061657,58.0
2016-10-09,6,0,8.0,18.0,1,22.0,21.7692307692,13.0,1.31197559115,58.0,10.9274097582,57.0
2016-10-10,0,0,10.0,20.0,1,22.0,24.4615384615,13.0,1.80790960452,58.0,14.4094807712,62.0
2016-10-11,1,0,10.0,20.0,1,22.0,27.5384615385,13.0,2.3046875,62.0,17.4955615673,80.0
2016-10-12,2,0,10.0,19.0,1,22.0,32.0,13.0,2.32748538012,80.0,22.2606931954,61.0
2016-10-13,3,0,12.0,22.0,1,22.0,35.0,13.0,2.22222222222,80.0,23.3139113308,58.0
2016-10-14,4,0,13.0,23.0,1,22.0,37.7692307692,13.0,2.05684754522,80.0,23.7394635613,48.0
2016-10-15,5,1,11.0,17.0,0,22.0,40.3846153846,13.0,1.65921510184,80.0,22.8322931277,15.0
2016-10-16,6,1,12.0,20.0,1,22.0,40.3076923077,13.0,1.21485943775,80.0,22.9158481116,12.0
2016-10-17,0,0,9.0,21.0,1,22.0,39.7692307692,12.0,0.764525993884,80.0,23.4853599116,66.0
2016-10-18,1,0,12.0,20.0,1,22.0,43.3846153846,12.0,0.888252148997,80.0,23.6270329578,64.0
2016-10-19,2,0,14.0,22.0,1,22.0,46.8461538462,12.0,1.27927927928,80.0,23.0912775868,45.0
2016-10-20,3,0,11.0,15.0,0,22.0,49.1538461538,12.0,1.52905198777,80.0,21.2162715272,56.0
2016-10-21,4,0,11.0,11.0,0,22.0,52.4615384615,12.0,1.38017565872,80.0,18.4999600191,54.0
2016-10-22,5,1,7.0,15.0,1,22.0,52.1538461538,12.0,1.23456790123,80.0,18.4384470973,14.0
2016-10-23,6,1,0.0,5.0,1,22.0,48.8461538462,12.0,0.99001996008,80.0,20.957268443,14.0
2016-10-24,0,0,6.0,13.0,1,22.0,45.1538461538,12.0,0.658634538153,80.0,22.4870771567,48.0
2016-10-25,1,0,10.0,17.0,1,22.0,42.6923076923,12.0,0.589833139309,80.0,20.169987664,61.0
2016-10-26,2,0,0.0,10.0,1,22.0,42.6923076923,12.0,0.910099889012,80.0,20.169987664,73.0
2016-10-27,3,0,7.0,11.0,0,22.0,43.8461538462,12.0,1.26520681265,80.0,21.4039757408,56.0
2016-10-28,4,0,2.0,13.0,1,22.0,44.4615384615,12.0,1.26413838989,80.0,21.6283837179,63.0
2016-10-29,5,1,2.0,12.0,1,22.0,48.1538461538,12.0,1.27110228401,80.0,20.3426272936,18.0
2016-10-30,6,1,2.0,13.0,1,22.0,48.6153846154,12.0,0.943526170799,80.0,19.5705369666,26.0
2016-10-31,0,0,-4.0,6.0,1,22.0,45.5384615385,12.0,0.765379113019,80.0,19.7391270348,71.0
