time_stamp,dayofweek,holiday,lt,ht,sunny,m2M,w2A,m1L,d3w3,m1Lar,w2Std,pay_sum
2016-08-01,0,0,26.0,32.0,0,34.0,66.0,21.0,1.26033646992,101.0,16.0480049084,59.0
2016-08-02,1,0,25.0,28.0,0,35.0,67.7692307692,21.0,1.19586476669,101.0,13.7457901032,83.0
2016-08-03,2,0,26.0,31.0,0,35.0,70.1538461538,21.0,1.22920021471,101.0,13.4898603166,78.0
2016-08-04,3,0,27.0,31.0,0,35.0,71.5384615385,21.0,1.14048729912,101.0,13.299018961,58.0
2016-08-05,4,0,27.0,32.0,0,36.0,70.6153846154,21.0,1.12480739599,101.0,13.7814728561,79.0
2016-08-06,5,1,28.0,34.0,1,36.0,68.9230769231,21.0,1.09331299263,101.0,11.0206906,95.0
2016-08-07,6,1,28.0,35.0,1,37.0,70.0,21.0,1.15250869349,101.0,12.703724469,76.0
2016-08-08,0,0,28.0,34.0,1,38.0,71.6923076923,21.0,1.2025012025,101.0,11.8994803725,49.0
2016-08-09,1,0,27.0,33.0,1,41.0,70.8461538462,21.0,1.04836788182,101.0,13.0374971279,86.0
2016-08-10,2,0,25.0,28.0,0,41.0,73.2307692308,32.0,0.981623633403,101.0,12.7530017351,79.0
2016-08-11,3,0,26.0,31.0,0,44.0,74.0769230769,32.0,0.982552800735,101.0,12.7427900487,59.0
2016-08-12,4,0,26.0,30.0,0,45.0,73.5384615385,32.0,1.0363173722,101.0,13.2119723364,56.0
2016-08-13,5,1,26.0,31.0,0,45.0,72.6153846154,32.0,0.926456542502,101.0,13.9644519105,88.0
2016-08-14,6,1,26.0,31.0,0,46.0,72.6923076923,32.0,0.964599667379,101.0,14.0459937644,102.0
2016-08-15,0,0,26.0,30.0,0,49.0,76.0,32.0,1.13025499655,102.0,15.4272486205,72.0
2016-08-16,1,0,25.0,29.0,0,51.0,75.1538461538,32.0,1.19389382547,102.0,15.321408621,58.0
2016-08-17,2,0,25.0,29.0,0,52.0,73.6153846154,36.0,1.05502501137,102.0,15.9496248402,60.0
2016-08-18,3,0,26.0,30.0,0,54.0,73.7692307692,49.0,0.868770004572,102.0,15.8072711903,66.0
2016-08-19,4,0,26.0,31.0,0,55.0,72.7692307692,49.0,0.841335162323,102.0,15.8558596116,85.0
2016-08-20,5,1,27.0,33.0,1,56.0,72.0,49.0,0.953672316384,102.0,14.9769052981,86.0
2016-08-21,6,1,26.0,31.0,0,58.0,72.7692307692,49.0,1.07191316147,102.0,15.4130506447,85.0
2016-08-22,0,0,26.0,33.0,1,58.0,75.5384615385,49.0,1.13777777778,102.0,14.0691445512,65.0
2016-08-23,1,0,27.0,34.0,1,59.0,73.9230769231,49.0,1.06162843005,102.0,13.980544385,48.0
2016-08-24,2,0,28.0,34.0,1,58.0,71.5384615385,48.0,0.909090909091,102.0,15.4751184144,69.0
2016-08-25,3,0,28.0,34.0,1,59.0,72.3076923077,48.0,0.829346092504,102.0,15.0761381271,56.0
2016-08-26,4,0,26.0,33.0,0,59.0,72.3076923077,48.0,0.800925925926,102.0,15.0761381271,79.0
2016-08-27,5,1,26.0,31.0,0,59.0,71.6153846154,48.0,0.955056179775,102.0,14.5366299213,77.0
2016-08-28,6,1,26.0,31.0,1,60.0,69.6923076923,48.0,0.991812865497,102.0,11.7825465145,70.0
2016-08-29,0,0,25.0,31.0,1,60.0,69.5384615385,48.0,1.04195481789,102.0,11.7644535302,35.0
2016-08-30,1,0,25.0,30.0,1,60.0,67.7692307692,35.0,0.869772998805,102.0,14.7238887325,42.0
2016-08-31,2,0,26.0,30.0,1,60.0,66.3846153846,35.0,0.721649484536,102.0,16.1651974769,42.0
2016-09-01,3,0,25.0,30.0,0,60.0,64.5384615385,35.0,0.591598309719,102.0,17.4250720542,39.0
2016-09-02,4,0,25.0,29.0,0,60.0,61.0,35.0,0.619335347432,102.0,17.5805836956,68.0
2016-09-03,5,1,26.0,31.0,0,60.0,59.6153846154,35.0,0.761758691207,102.0,16.2127132524,47.0
2016-09-04,6,1,26.0,32.0,0,60.0,56.6923076923,35.0,0.821990926074,102.0,14.7303173259,49.0
2016-09-05,0,0,26.0,30.0,0,60.0,55.4615384615,35.0,0.891789015769,102.0,14.6529880629,27.0
2016-09-06,1,0,26.0,29.0,0,60.0,53.8461538462,27.0,0.686192468619,102.0,16.4356374234,42.0
2016-09-07,2,0,26.0,30.0,0,60.0,51.7692307692,27.0,0.668365902011,102.0,16.0918223195,55.0
2016-09-08,3,0,25.0,29.0,0,60.0,51.6923076923,27.0,0.708976558033,102.0,16.073794322,39.0
2016-09-09,4,0,26.0,31.0,0,60.0,48.6153846154,27.0,0.809523809524,102.0,14.2803709365,44.0
2016-09-10,5,1,25.0,29.0,0,60.0,46.0769230769,27.0,0.853432282004,102.0,11.7110174193,46.0
2016-09-11,6,1,25.0,31.0,0,60.0,44.2307692308,27.0,0.827718960539,102.0,9.47185178998,60.0
2016-09-12,0,0,25.0,32.0,0,60.0,46.1538461538,27.0,0.967117988395,102.0,9.92933612969,27.0
2016-09-13,1,0,27.0,33.0,1,60.0,45.0,27.0,0.875287923659,86.0,11.1424344806,33.0
2016-09-14,2,0,26.0,33.0,1,60.0,44.3076923077,27.0,0.818833162743,86.0,11.5783924444,40.0
2016-09-15,3,1,27.0,33.0,1,60.0,44.3846153846,27.0,0.693721817551,86.0,11.5461512838,40.0
2016-09-16,4,1,27.0,33.0,1,60.0,42.2307692308,27.0,0.817064352856,86.0,9.34100839684,35.0
2016-09-17,5,1,26.0,32.0,1,60.0,41.3076923077,27.0,0.871212121212,86.0,9.41671684894,51.0
2016-09-18,6,0,25.0,32.0,1,60.0,41.4615384615,27.0,0.975609756098,86.0,9.55643467968,32.0
2016-09-19,0,0,25.0,32.0,1,60.0,41.8461538462,27.0,0.916860916861,85.0,9.05407816185,29.0
2016-09-20,1,0,23.0,28.0,0,59.0,40.8461538462,27.0,0.883629191321,79.0,9.67825599234,32.0
2016-09-21,2,0,24.0,31.0,1,59.0,39.0769230769,27.0,0.74251497006,79.0,9.00821452864,54.0
2016-09-22,3,0,25.0,31.0,1,58.0,40.2307692308,27.0,0.901960784314,79.0,9.84615384615,71.0
2016-09-23,4,0,26.0,31.0,1,59.0,42.3076923077,27.0,1.22704181321,79.0,12.8205641025,68.0
2016-09-24,5,1,26.0,31.0,1,59.0,44.0,27.0,1.47215865751,79.0,14.5337802801,80.0
2016-09-25,6,1,26.0,32.0,1,59.0,45.5384615385,27.0,1.61325966851,80.0,16.9959967441,71.0
2016-09-26,0,0,27.0,33.0,1,59.0,48.9230769231,27.0,1.53846153846,80.0,17.3447466596,42.0
2016-09-27,1,0,27.0,33.0,1,59.0,49.6153846154,27.0,1.35581313664,80.0,16.8684432802,59.0
2016-09-28,2,0,26.0,32.0,1,59.0,51.0769230769,27.0,1.20321790836,80.0,16.7949696611,71.0
2016-09-29,3,0,24.0,29.0,1,59.0,53.4615384615,27.0,1.1641285956,80.0,17.2475879456,78.0
2016-09-30,4,0,23.0,26.0,0,59.0,56.7692307692,27.0,1.36081125286,80.0,17.5111122792,129.0
2016-10-01,5,1,23.0,28.0,0,59.0,62.7692307692,27.0,1.68179068361,129.0,25.8729256951,90.0
2016-10-02,6,1,24.0,30.0,0,59.0,67.2307692308,27.0,1.74911660777,129.0,25.1737159818,45.0
2016-10-03,0,1,24.0,30.0,0,59.0,68.4615384615,27.0,1.53043478261,129.0,23.6175143114,50.0
2016-10-04,1,1,25.0,32.0,1,58.0,69.8461538462,27.0,1.0568409026,129.0,21.9048507232,47.0
2016-10-05,2,1,25.0,30.0,1,56.0,69.3076923077,27.0,0.806360022714,129.0,22.3688815971,60.0
2016-10-06,3,1,26.0,32.0,1,56.0,68.4615384615,27.0,0.876605248465,129.0,22.4965480587,70.0
2016-10-07,4,1,25.0,31.0,0,58.0,68.6153846154,27.0,0.960130187144,129.0,22.4997041401,66.0
2016-10-08,5,0,24.0,30.0,1,58.0,67.5384615385,27.0,1.05037513398,129.0,22.26281959,46.0
2016-10-09,6,0,22.0,28.0,1,56.0,65.6153846154,27.0,0.96449390567,129.0,22.9499068593,67.0
2016-10-10,0,0,23.0,28.0,1,56.0,67.5384615385,27.0,0.920781893004,129.0,21.9145732496,51.0
2016-10-11,1,0,21.0,26.0,1,56.0,66.9230769231,27.0,0.831432192649,129.0,22.2553763201,49.0
2016-10-12,2,0,22.0,26.0,0,55.0,65.2307692308,29.0,0.849872773537,129.0,22.7127678297,45.0
2016-10-13,3,0,23.0,28.0,1,54.0,62.6923076923,29.0,0.752855659398,129.0,22.9862320511,56.0
2016-10-14,4,0,24.0,30.0,1,54.0,57.0769230769,29.0,0.786163522013,129.0,12.7307111316,57.0
2016-10-15,5,1,24.0,31.0,1,54.0,54.5384615385,29.0,0.843341339738,129.0,8.4999129825,80.0
2016-10-16,6,1,24.0,31.0,1,54.0,57.2307692308,29.0,1.02278749338,129.0,10.3860397884,65.0
2016-10-17,0,0,24.0,31.0,1,54.0,58.3846153846,29.0,1.05126203487,129.0,10.3518000036,45.0
2016-10-18,1,0,23.0,27.0,0,51.0,58.2307692308,29.0,0.999736911339,129.0,10.5331261059,47.0
2016-10-19,2,0,24.0,27.0,0,51.0,57.2307692308,32.0,0.842048806651,129.0,10.9274097582,11.0
2016-10-20,3,0,24.0,30.0,0,50.0,52.6923076923,11.0,0.583900226757,129.0,15.8327052715,10.0
2016-10-21,4,0,24.0,27.0,0,49.0,48.3846153846,10.0,0.428886786503,129.0,18.9393301057,4.0
2016-10-22,5,1,24.0,30.0,0,49.0,45.1538461538,4.0,0.171644352901,129.0,22.346385541,69.0
2016-10-23,6,1,25.0,30.0,1,49.0,45.3076923077,4.0,0.556113902848,129.0,22.5025968258,70.0
2016-10-24,0,0,25.0,31.0,0,49.0,46.7692307692,4.0,0.939244663383,129.0,23.4230453454,54.0
2016-10-25,1,0,25.0,30.0,1,49.0,47.1538461538,4.0,1.25896934116,129.0,23.4974504471,51.0
2016-10-26,2,0,25.0,31.0,1,49.0,47.6153846154,4.0,1.15169463639,129.0,23.5095347647,48.0
2016-10-27,3,0,26.0,31.0,1,49.0,47.0,4.0,1.02926337033,129.0,23.3863865726,55.0
2016-10-28,4,0,24.0,32.0,1,49.0,46.8461538462,4.0,1.04761904762,129.0,23.3265980699,53.0
2016-10-29,5,1,22.0,29.0,1,50.0,44.7692307692,4.0,1.05369807497,129.0,21.405081518,67.0
2016-10-30,6,1,20.0,25.0,1,51.0,44.9230769231,4.0,1.18203309693,90.0,21.556585781,101.0
2016-10-31,0,0,21.0,27.0,1,51.0,49.2307692308,4.0,1.42076502732,101.0,26.2302052725,54.0
