time_stamp,dayofweek,holiday,lt,ht,sunny,m2M,w2A,m1L,d3w3,m1Lar,w2Std,pay_sum
2016-08-01,0,0,27.0,37.0,1,82.0,99.6153846154,43.0,1.13876319759,116.0,10.6953509781,85.0
2016-08-02,1,0,27.0,35.0,0,83.0,97.6153846154,43.0,1.07514880952,111.0,10.8098136434,64.0
2016-08-03,2,0,26.0,32.0,0,83.0,94.5384615385,43.0,0.907079646018,111.0,13.8264817518,65.0
2016-08-04,3,0,27.0,33.0,0,83.0,91.5384615385,43.0,0.792592592593,111.0,15.5692763757,51.0
2016-08-05,4,0,26.0,33.0,0,83.0,87.6153846154,43.0,0.68065796937,111.0,18.5743349049,105.0
2016-08-06,5,1,26.0,34.0,0,83.0,87.3076923077,43.0,0.823091247672,111.0,18.2478011969,86.0
2016-08-07,6,1,27.0,35.0,1,85.0,86.3846153846,43.0,0.899293942772,111.0,17.985201017,79.0
2016-08-08,0,0,26.0,34.0,0,85.0,85.0,43.0,0.983606557377,111.0,17.8066538989,38.0
2016-08-09,1,0,26.0,30.0,0,85.0,79.9230769231,38.0,0.770252324037,111.0,20.8195970495,71.0
2016-08-10,2,0,27.0,35.0,0,85.0,80.3076923077,38.0,0.726991492653,111.0,20.6039003603,92.0
2016-08-11,3,0,27.0,36.0,1,85.0,79.8461538462,38.0,0.782710280374,111.0,20.2668587139,74.0
2016-08-12,4,0,27.0,36.0,1,85.0,78.0,38.0,0.938242280285,111.0,19.6116135138,86.0
2016-08-13,5,1,27.0,35.0,1,86.0,76.3846153846,38.0,1.01143889223,111.0,17.9509522419,100.0
2016-08-14,6,1,28.0,35.0,1,86.0,76.6153846154,38.0,1.0422930447,111.0,18.2315806376,87.0
2016-08-15,0,0,27.0,36.0,1,87.0,76.7692307692,38.0,1.10102843315,111.0,18.3099546114,81.0
2016-08-16,1,0,26.0,36.0,1,87.0,78.0769230769,38.0,1.09611451943,111.0,17.9549073577,98.0
2016-08-17,2,0,28.0,37.0,1,87.0,80.6153846154,38.0,1.06698756518,111.0,18.2568784152,86.0
2016-08-18,3,0,28.0,37.0,1,86.0,83.3076923077,38.0,1.07070707071,109.0,16.1501827348,88.0
2016-08-19,4,0,28.0,38.0,1,87.0,82.0,38.0,1.10569105691,109.0,14.9871740036,85.0
2016-08-20,5,1,27.0,37.0,0,87.0,81.9230769231,38.0,1.06716110424,109.0,14.9690015003,87.0
2016-08-21,6,1,27.0,35.0,0,87.0,82.5384615385,38.0,1.07794361526,109.0,15.0005917043,87.0
2016-08-22,0,0,27.0,36.0,1,87.0,86.3076923077,38.0,1.07246376812,107.0,7.72990810359,82.0
2016-08-23,1,0,27.0,35.0,0,86.0,87.1538461538,38.0,1.04832104832,107.0,6.5144354953,22.0
2016-08-24,2,0,27.0,35.0,1,86.0,81.7692307692,22.0,0.803364879075,107.0,18.3896034431,22.0
2016-08-25,3,0,26.0,35.0,1,86.0,77.7692307692,22.0,0.539845758355,107.0,24.3378585941,22.0
2016-08-26,4,0,25.0,34.0,0,85.0,72.8461538462,22.0,0.298710115411,107.0,28.3219027877,22.0
2016-08-27,5,1,23.0,31.0,1,85.0,66.8461538462,22.0,0.312278211498,107.0,30.1377508064,22.0
2016-08-28,6,1,21.0,31.0,1,85.0,61.8461538462,22.0,0.325443786982,107.0,31.7292540431,22.0
2016-08-29,0,0,21.0,32.0,1,85.0,57.3076923077,22.0,0.329341317365,105.0,32.8642537052,22.0
2016-08-30,1,0,21.0,32.0,1,83.0,51.4615384615,22.0,0.34188034188,105.0,31.8496839366,22.0
2016-08-31,2,0,21.0,33.0,1,83.0,46.5384615385,22.0,0.361544782251,105.0,31.0672109729,22.0
2016-09-01,3,0,23.0,33.0,0,82.0,41.4615384615,22.0,0.377682403433,105.0,29.2143678682,22.0
2016-09-02,4,0,22.0,34.0,1,82.0,36.6153846154,22.0,0.399636693915,105.0,26.7079315835,22.0
2016-09-03,5,1,23.0,35.0,1,82.0,31.6153846154,22.0,0.430107526882,105.0,22.571385771,22.0
2016-09-04,6,1,24.0,32.0,1,82.0,26.6153846154,22.0,0.459290187891,100.0,15.9881613006,22.0
2016-09-05,0,0,24.0,30.0,0,82.0,22.0,22.0,0.489432703003,100.0,0.0,22.0
2016-09-06,1,0,23.0,28.0,0,81.0,22.0,22.0,0.534629404617,100.0,0.0,22.0
2016-09-07,2,0,21.0,27.0,0,81.0,22.0,22.0,0.579710144928,100.0,0.0,22.0
2016-09-08,3,0,22.0,30.0,1,79.0,22.0,22.0,0.634920634921,100.0,0.0,81.0
2016-09-09,4,0,22.0,29.0,1,81.0,26.5384615385,22.0,1.20948234156,100.0,15.7216919456,73.0
2016-09-10,5,1,22.0,28.0,0,81.0,30.4615384615,22.0,1.73827160494,100.0,19.9059920805,74.0
2016-09-11,6,1,21.0,25.0,0,81.0,34.4615384615,22.0,2.29607250755,100.0,22.8157010196,59.0
2016-09-12,0,0,21.0,27.0,1,81.0,37.3076923077,22.0,2.14919144497,98.0,23.3843623468,64.0
2016-09-13,1,0,21.0,28.0,0,79.0,40.5384615385,22.0,1.92853646598,98.0,23.9410024358,49.0
2016-09-14,2,0,21.0,25.0,0,79.0,42.6153846154,22.0,1.61958568738,98.0,23.4078831611,47.0
2016-09-15,3,1,22.0,25.0,0,74.0,44.5384615385,22.0,1.45520691223,88.0,22.6498951759,48.0
2016-09-16,4,1,23.0,27.0,0,74.0,46.5384615385,22.0,1.26482213439,88.0,21.6993987319,65.0
2016-09-17,5,1,22.0,27.0,1,74.0,49.8461538462,22.0,1.33000831255,87.0,20.9719451937,58.0
2016-09-18,6,0,22.0,26.0,0,73.0,52.6153846154,22.0,1.36038186158,87.0,19.4324805873,68.0
2016-09-19,0,0,20.0,27.0,1,71.0,56.1538461538,22.0,1.44042232278,87.0,17.6410629099,65.0
2016-09-20,1,0,19.0,26.0,1,68.0,59.4615384615,22.0,1.37360661633,82.0,14.7158490417,62.0
2016-09-21,2,0,19.0,26.0,1,66.0,62.5384615385,22.0,1.34436401241,81.0,9.98163995016,61.0
2016-09-22,3,0,20.0,27.0,1,65.0,61.0,22.0,1.24585818423,81.0,8.43983229873,55.0
2016-09-23,4,0,20.0,29.0,1,65.0,59.6153846154,22.0,1.14212383702,81.0,7.81062847406,59.0
2016-09-24,5,1,21.0,30.0,1,65.0,58.4615384615,22.0,1.08426270136,81.0,6.61717328234,83.0
2016-09-25,6,1,21.0,30.0,1,65.0,60.3076923077,22.0,1.1550864849,83.0,9.30991708948,90.0
2016-09-26,0,0,24.0,31.0,1,65.0,62.3076923077,22.0,1.28354080221,90.0,12.2247203233,90.0
2016-09-27,1,0,23.0,28.0,0,65.0,65.4615384615,22.0,1.37732390678,90.0,13.5964666486,63.0
2016-09-28,2,0,22.0,28.0,0,64.0,66.6923076923,22.0,1.23287671233,90.0,12.5537895926,37.0
2016-09-29,3,0,22.0,25.0,0,64.0,65.8461538462,22.0,0.997375328084,90.0,14.0649381516,40.0
2016-09-30,4,0,22.0,29.0,0,63.0,63.9230769231,22.0,0.754513608192,90.0,15.6670233708,97.0
2016-10-01,5,1,23.0,30.0,0,63.0,66.9230769231,22.0,0.920634920635,97.0,17.8302316239,59.0
2016-10-02,6,1,22.0,30.0,1,62.0,66.2307692308,22.0,1.03703703704,97.0,17.9493040197,59.0
2016-10-03,0,1,21.0,27.0,0,62.0,65.7692307692,22.0,1.14209827357,97.0,18.0518647925,54.0
2016-10-04,1,1,20.0,27.0,1,61.0,65.1538461538,22.0,0.910052910053,97.0,18.3044599603,54.0
2016-10-05,2,1,21.0,27.0,1,59.0,64.6153846154,22.0,0.878716127335,97.0,18.5204189251,66.0
2016-10-06,3,1,22.0,27.0,0,59.0,65.4615384615,22.0,0.902723735409,97.0,18.3118935063,68.0
2016-10-07,4,1,20.0,23.0,0,61.0,66.1538461538,37.0,0.973084886128,97.0,18.2244390178,58.0
2016-10-08,5,0,17.0,22.0,0,59.0,64.2307692308,37.0,0.993788819876,97.0,17.6554800652,52.0
2016-10-09,6,0,16.0,22.0,1,59.0,61.3076923077,37.0,0.932914046122,97.0,16.2356901035,89.0
2016-10-10,0,0,15.0,21.0,1,59.0,61.2307692308,37.0,1.02366255144,97.0,16.1013799989,72.0
2016-10-11,1,0,17.0,23.0,1,59.0,61.9230769231,37.0,1.08728943338,97.0,16.3540704811,48.0
2016-10-12,2,0,18.0,25.0,1,59.0,62.7692307692,37.0,1.0775973189,97.0,15.2928029637,40.0
2016-10-13,3,0,18.0,23.0,1,59.0,62.7692307692,37.0,0.834637454356,97.0,15.2928029637,57.0
2016-10-14,4,0,19.0,22.0,0,58.0,59.6923076923,37.0,0.757575757576,97.0,11.6973673263,54.0
2016-10-15,5,1,20.0,23.0,0,58.0,59.3076923077,37.0,0.807270783213,97.0,11.7955964103,70.0
2016-10-16,6,1,20.0,26.0,0,58.0,60.1538461538,37.0,0.983428416191,97.0,12.1328933314,94.0
2016-10-17,0,0,20.0,24.0,0,58.0,63.2307692308,37.0,1.18061196859,97.0,14.9314013261,59.0
2016-10-18,1,0,20.0,24.0,0,58.0,63.6153846154,37.0,1.2116272752,97.0,14.7519931458,59.0
2016-10-19,2,0,20.0,24.0,0,58.0,63.0769230769,37.0,1.13157192421,97.0,14.7828462881,53.0
2016-10-20,3,0,21.0,25.0,0,57.0,61.9230769231,37.0,0.903328050713,97.0,14.938136731,53.0
2016-10-21,4,0,21.0,25.0,0,55.0,61.5384615385,37.0,0.903119868637,97.0,15.097709376,48.0
2016-10-22,5,1,20.0,23.0,0,55.0,61.2307692308,37.0,0.85059375863,97.0,15.3279726501,52.0
2016-10-23,6,1,17.0,23.0,0,55.0,58.3846153846,37.0,0.85,97.0,13.1940456357,82.0
2016-10-24,0,0,19.0,24.0,1,57.0,59.1538461538,37.0,0.988056460369,97.0,14.217249295,50.0
2016-10-25,1,0,19.0,23.0,1,57.0,59.3076923077,37.0,1.00217864924,97.0,14.1061067811,44.0
2016-10-26,2,0,19.0,24.0,0,57.0,59.6153846154,37.0,0.976150859678,97.0,13.7199375505,40.0
2016-10-27,3,0,18.0,24.0,0,57.0,58.3076923077,37.0,0.76093128904,97.0,14.6832432772,44.0
2016-10-28,4,0,15.0,19.0,0,57.0,57.5384615385,40.0,0.735632183908,97.0,15.1434950981,46.0
2016-10-29,5,1,12.0,15.0,0,57.0,55.6923076923,40.0,0.751010976314,97.0,14.9737442796,55.0
2016-10-30,6,1,14.0,18.0,1,57.0,52.6923076923,40.0,0.863095238095,94.0,10.1176511061,44.0
2016-10-31,0,0,12.0,17.0,0,57.0,51.5384615385,40.0,0.885225885226,94.0,10.1875896192,32.0
