time_stamp,dayofweek,holiday,lt,ht,sunny,m2M,w2A,m1L,d3w3,m1Lar,w2Std,pay_sum
2016-08-01,0,0,26.0,32.0,0,83.0,57.7692307692,33.0,0.77487391105,142.0,10.4965477559,63.0
2016-08-02,1,0,25.0,28.0,0,83.0,56.6153846154,33.0,0.799070847851,142.0,8.91445206512,63.0
2016-08-03,2,0,26.0,31.0,0,82.0,56.2307692308,33.0,0.829836829837,142.0,8.51382446968,45.0
2016-08-04,3,0,27.0,31.0,0,81.0,55.0,33.0,0.836390315481,142.0,8.88386610227,43.0
2016-08-05,4,0,27.0,32.0,0,80.0,52.9230769231,33.0,0.79641350211,142.0,8.26914132331,54.0
2016-08-06,5,1,28.0,34.0,1,79.0,53.0769230769,33.0,0.795518207283,142.0,8.26914132331,50.0
2016-08-07,6,1,28.0,35.0,1,78.0,52.7692307692,33.0,0.848484848485,142.0,8.3034177037,44.0
2016-08-08,0,0,28.0,34.0,1,76.0,52.2307692308,33.0,0.886492961965,142.0,8.62156371819,40.0
2016-08-09,1,0,27.0,33.0,1,76.0,51.0769230769,33.0,0.831007751938,142.0,9.16063096972,65.0
2016-08-10,2,0,25.0,28.0,0,74.0,51.4615384615,33.0,0.926616915423,142.0,9.62061396262,43.0
2016-08-11,3,0,26.0,31.0,0,72.0,52.2307692308,33.0,0.936116382037,142.0,8.44123438069,78.0
2016-08-12,4,0,26.0,30.0,0,74.0,53.6153846154,33.0,1.16760828625,142.0,10.7598860556,80.0
2016-08-13,5,1,26.0,31.0,0,76.0,55.3846153846,33.0,1.22935779817,142.0,12.8574340157,74.0
2016-08-14,6,1,26.0,31.0,0,74.0,57.0769230769,33.0,1.39339339339,128.0,13.7195062619,55.0
2016-08-15,0,0,26.0,30.0,0,74.0,56.4615384615,33.0,1.25074805506,86.0,13.6190781605,47.0
2016-08-16,1,0,25.0,29.0,0,72.0,55.2307692308,33.0,1.06088004822,86.0,13.695332423,54.0
2016-08-17,2,0,25.0,29.0,0,71.0,55.9230769231,33.0,0.945454545455,80.0,13.3846153846,51.0
2016-08-18,3,0,26.0,30.0,0,71.0,56.5384615385,33.0,0.906380441264,80.0,12.9532614522,66.0
2016-08-19,4,0,26.0,31.0,0,71.0,57.4615384615,33.0,1.01423487544,80.0,13.1653121416,81.0
2016-08-20,5,1,27.0,33.0,1,71.0,59.8461538462,33.0,1.14982578397,81.0,14.3518755346,59.0
2016-08-21,6,1,26.0,31.0,0,70.0,61.0,33.0,1.18903318903,81.0,13.6156019105,43.0
2016-08-22,0,0,26.0,33.0,1,68.0,61.2307692308,33.0,1.07488986784,81.0,13.2789819243,37.0
2016-08-23,1,0,27.0,34.0,1,68.0,59.0769230769,33.0,0.835587616471,81.0,14.6888840151,40.0
2016-08-24,2,0,28.0,34.0,1,66.0,58.8461538462,33.0,0.724637681159,81.0,14.9606980187,40.0
2016-08-25,3,0,28.0,34.0,1,65.0,55.9230769231,33.0,0.708446866485,81.0,14.6416767559,54.0
2016-08-26,4,0,26.0,33.0,0,64.0,53.9230769231,33.0,0.811383590675,81.0,12.8868539961,62.0
2016-08-27,5,1,26.0,31.0,0,63.0,53.0,37.0,0.934411500449,81.0,11.7996088592,46.0
2016-08-28,6,1,26.0,31.0,1,63.0,52.3076923077,37.0,0.968609865471,81.0,11.9253099646,40.0
2016-08-29,0,0,25.0,31.0,1,62.0,51.7692307692,37.0,0.88490284006,81.0,12.3048073542,55.0
2016-08-30,1,0,25.0,30.0,1,61.0,51.8461538462,37.0,0.850678733032,81.0,12.3216267273,47.0
2016-08-31,2,0,26.0,30.0,1,60.0,51.5384615385,37.0,0.853621881575,81.0,12.3886758752,54.0
2016-09-01,3,0,25.0,30.0,0,60.0,50.6153846154,37.0,0.958525345622,81.0,11.7049526765,71.0
2016-09-02,4,0,25.0,29.0,0,60.0,49.8461538462,37.0,1.06567534077,81.0,9.8671650815,70.0
2016-09-03,5,1,26.0,31.0,0,60.0,50.6923076923,37.0,1.21268656716,81.0,11.0201536733,41.0
2016-09-04,6,1,26.0,32.0,0,59.0,50.5384615385,37.0,1.1468178954,81.0,11.1397789276,55.0
2016-09-05,0,0,26.0,30.0,0,57.0,51.9230769231,37.0,1.03814884303,81.0,10.469454019,39.0
2016-09-06,1,0,26.0,29.0,0,55.0,51.8461538462,37.0,0.856327307326,81.0,10.5600564818,55.0
2016-09-07,2,0,26.0,30.0,0,55.0,53.0,37.0,0.941548183254,81.0,10.0076893514,54.0
2016-09-08,3,0,25.0,29.0,0,55.0,53.0,37.0,0.945989133909,81.0,10.0076893514,67.0
2016-09-09,4,0,26.0,31.0,0,55.0,53.3846153846,37.0,1.14026563006,81.0,10.4332195897,100.0
2016-09-10,5,1,25.0,29.0,0,55.0,57.5384615385,37.0,1.3769470405,100.0,15.9548178623,90.0
2016-09-11,6,1,25.0,31.0,0,55.0,61.3846153846,37.0,1.53387048642,100.0,17.2383225203,58.0
2016-09-12,0,0,25.0,32.0,0,55.0,61.6153846154,37.0,1.45284124194,100.0,17.1712571178,46.0
2016-09-13,1,0,27.0,33.0,1,55.0,61.5384615385,37.0,1.13053613054,100.0,17.238665773,87.0
2016-09-14,2,0,26.0,33.0,1,55.0,64.0769230769,37.0,1.06912958298,100.0,18.3364350971,176.0
2016-09-15,3,1,27.0,33.0,1,55.0,72.1538461538,37.0,1.56892612338,176.0,35.0841760383,111.0
2016-09-16,4,1,27.0,33.0,1,55.0,75.3076923077,37.0,1.8306412139,176.0,36.560560119,51.0
2016-09-17,5,1,26.0,32.0,1,55.0,76.0769230769,37.0,1.64837844428,176.0,35.9304061046,64.0
2016-09-18,6,0,25.0,32.0,1,55.0,76.7692307692,37.0,1.08315360652,176.0,35.6028387938,52.0
2016-09-19,0,0,25.0,32.0,1,54.0,77.7692307692,37.0,0.802113352546,176.0,34.6990442035,66.0
2016-09-20,1,0,23.0,28.0,0,54.0,78.6153846154,37.0,0.862354892206,176.0,34.2648922403,25.0
2016-09-21,2,0,24.0,31.0,1,54.0,76.3846153846,25.0,0.691823899371,176.0,36.6554402753,39.0
2016-09-22,3,0,25.0,31.0,1,54.0,74.2307692308,25.0,0.643883110451,176.0,37.943589397,53.0
2016-09-23,4,0,26.0,31.0,1,54.0,70.6153846154,25.0,0.58690744921,176.0,37.553118198,80.0
2016-09-24,5,1,26.0,31.0,1,54.0,69.8461538462,25.0,0.83820662768,176.0,37.2493596307,74.0
2016-09-25,6,1,26.0,32.0,1,54.0,71.0769230769,25.0,0.994953136265,176.0,37.1016515047,55.0
2016-09-26,0,0,27.0,33.0,1,55.0,71.7692307692,25.0,0.993110002376,176.0,36.7091559448,63.0
2016-09-27,1,0,27.0,33.0,1,55.0,69.9230769231,25.0,0.90715804394,176.0,36.4996555062,91.0
2016-09-28,2,0,26.0,32.0,1,55.0,63.3846153846,25.0,0.962246777164,176.0,21.4028699065,123.0
2016-09-29,3,0,24.0,29.0,1,55.0,64.3076923077,25.0,1.22783687943,176.0,23.584168795,137.0
2016-09-30,4,0,23.0,26.0,0,55.0,70.9230769231,25.0,1.5184944841,176.0,30.0882331676,199.0
2016-10-01,5,1,23.0,28.0,0,55.0,81.3076923077,25.0,1.85454545455,199.0,45.3386990675,179.0
2016-10-02,6,1,24.0,30.0,0,55.0,91.0769230769,25.0,1.93864106908,199.0,51.2662155037,139.0
2016-10-03,0,1,24.0,30.0,0,55.0,96.6923076923,25.0,1.84907010014,199.0,52.2013625159,71.0
2016-10-04,1,1,25.0,32.0,1,55.0,100.230769231,25.0,1.40331890332,199.0,48.6607626583,69.0
2016-10-05,2,1,25.0,30.0,1,58.0,102.538461538,25.0,1.06835152211,199.0,46.3591587244,78.0
2016-10-06,3,1,26.0,32.0,1,59.0,104.461538462,25.0,0.850897736144,199.0,44.7550863196,82.0
2016-10-07,4,1,25.0,31.0,0,62.0,104.615384615,25.0,0.877899175772,199.0,44.6740992962,68.0
2016-10-08,5,0,24.0,30.0,1,62.0,104.153846154,25.0,0.87205966724,199.0,45.017682259,59.0
2016-10-09,6,0,22.0,28.0,1,62.0,104.461538462,25.0,0.79619047619,199.0,44.6931682692,41.0
2016-10-10,0,0,23.0,28.0,1,59.0,102.769230769,25.0,0.649275362319,199.0,46.6066252242,41.0
2016-10-11,1,0,21.0,26.0,1,59.0,98.9230769231,25.0,0.539919586445,199.0,49.398632087,40.0
2016-10-12,2,0,22.0,26.0,0,58.0,92.5384615385,25.0,0.466896287792,199.0,51.2048906688,31.0
2016-10-13,3,0,23.0,28.0,1,58.0,84.3846153846,25.0,0.434108527132,199.0,51.9104828031,59.0
2016-10-14,4,0,24.0,30.0,1,59.0,73.6153846154,25.0,0.510103982735,199.0,40.221575652,81.0
2016-10-15,5,1,24.0,31.0,1,59.0,66.0769230769,25.0,0.668229777257,199.0,26.6615872875,55.0
2016-10-16,6,1,24.0,31.0,1,59.0,59.6153846154,25.0,0.762016412661,199.0,16.4154639173,47.0
2016-10-17,0,0,24.0,31.0,1,59.0,57.7692307692,25.0,0.721893491124,199.0,16.380822963,47.0
2016-10-18,1,0,23.0,27.0,0,58.0,56.0769230769,25.0,0.603483191576,199.0,16.2691853064,61.0
2016-10-19,2,0,24.0,27.0,0,58.0,54.7692307692,25.0,0.652356902357,199.0,15.0953576468,71.0
2016-10-20,3,0,24.0,30.0,0,59.0,53.9230769231,31.0,0.78612209047,199.0,13.7977787424,81.0
2016-10-21,4,0,24.0,27.0,0,59.0,54.9230769231,31.0,1.01428571429,199.0,15.1832982049,1.0
2016-10-22,5,1,24.0,30.0,0,59.0,50.4615384615,1.0,0.834697217676,199.0,20.8090785831,79.0
2016-10-23,6,1,25.0,30.0,1,61.0,53.3846153846,1.0,0.923694779116,199.0,21.9143032376,52.0
2016-10-24,0,0,25.0,31.0,0,61.0,54.2307692308,1.0,0.76990376203,199.0,21.6302987147,45.0
2016-10-25,1,0,25.0,30.0,1,59.0,54.6153846154,1.0,1.04855525767,199.0,21.4172412988,46.0
2016-10-26,2,0,25.0,31.0,1,59.0,55.7692307692,1.0,0.877031585403,199.0,20.4982319919,44.0
2016-10-27,3,0,26.0,31.0,1,59.0,54.6153846154,1.0,0.857959961868,199.0,20.7050289749,57.0
2016-10-28,4,0,24.0,32.0,1,59.0,52.7692307692,1.0,0.944123314066,199.0,19.2919028298,86.0
2016-10-29,5,1,22.0,29.0,1,61.0,55.1538461538,1.0,1.17057902973,199.0,21.2380143714,71.0
2016-10-30,6,1,20.0,25.0,1,63.0,57.0,1.0,1.30289193303,179.0,21.4906061768,53.0
2016-10-31,0,0,21.0,27.0,1,61.0,57.4615384615,1.0,1.26467931346,139.0,21.3347509391,40.0
