time_stamp,dayofweek,holiday,lt,ht,sunny,m2M,w2A,m1L,d3w3,m1Lar,w2Std,pay_sum
2016-08-01,0,0,28.0,35.0,1,259.0,261.692307692,204.0,1.23346880846,348.0,41.5847320639,230.0
2016-08-02,1,0,29.0,36.0,0,259.0,263.692307692,204.0,1.15481495834,348.0,39.3258275191,250.0
2016-08-03,2,0,26.0,32.0,0,258.0,266.230769231,204.0,1.07246939965,348.0,37.2396683579,249.0
2016-08-04,3,0,27.0,34.0,0,258.0,269.461538462,204.0,0.938767626038,348.0,33.6054377116,236.0
2016-08-05,4,0,27.0,34.0,0,258.0,267.692307692,204.0,0.949428405348,348.0,34.6973388813,247.0
2016-08-06,5,1,27.0,34.0,0,258.0,263.461538462,204.0,0.950711085135,348.0,33.5917008629,310.0
2016-08-07,6,1,27.0,34.0,1,258.0,266.769230769,204.0,1.02613871636,348.0,35.820393517,344.0
2016-08-08,0,0,27.0,32.0,0,258.0,274.230769231,204.0,1.14021766641,348.0,40.6961609343,263.0
2016-08-09,1,0,27.0,30.0,0,258.0,275.0,204.0,1.14761279019,348.0,40.380878948,515.0
2016-08-10,2,0,27.0,35.0,1,258.0,296.769230769,204.0,1.32977777778,515.0,73.7919672991,462.0
2016-08-11,3,0,28.0,34.0,0,258.0,312.461538462,204.0,1.40589569161,515.0,84.7554086176,432.0
2016-08-12,4,0,28.0,35.0,1,259.0,323.230769231,204.0,1.5518475687,515.0,90.1913810023,453.0
2016-08-13,5,1,28.0,35.0,1,259.0,333.769230769,204.0,1.44745325596,515.0,96.5131747453,486.0
2016-08-14,6,1,28.0,35.0,1,261.0,344.384615385,204.0,1.42301105402,515.0,104.733756561,469.0
2016-08-15,0,0,29.0,35.0,1,263.0,362.769230769,204.0,1.41259092049,515.0,104.015645159,303.0
2016-08-16,1,0,29.0,36.0,1,263.0,366.846153846,204.0,1.25267612646,515.0,100.494811312,273.0
2016-08-17,2,0,29.0,35.0,1,263.0,368.692307692,204.0,1.03424386382,515.0,98.5138683055,258.0
2016-08-18,3,0,29.0,36.0,1,261.0,370.384615385,207.0,0.82541567696,515.0,96.3858738944,278.0
2016-08-19,4,0,29.0,38.0,1,263.0,372.769230769,207.0,0.802340573242,515.0,93.6484045173,288.0
2016-08-20,5,1,29.0,37.0,0,264.0,371.076923077,230.0,0.820635394881,515.0,94.9570441657,297.0
2016-08-21,6,1,28.0,34.0,0,267.0,367.461538462,230.0,0.866074564705,515.0,96.7960706328,311.0
2016-08-22,0,0,29.0,35.0,1,270.0,371.153846154,230.0,0.888360103113,515.0,93.6037853885,249.0
2016-08-23,1,0,27.0,33.0,0,267.0,350.692307692,230.0,0.849819029203,515.0,88.8770841931,272.0
2016-08-24,2,0,27.0,35.0,1,267.0,336.076923077,230.0,0.822215633956,515.0,84.9048893568,276.0
2016-08-25,3,0,27.0,35.0,1,270.0,324.076923077,230.0,0.782984576088,515.0,81.4535842706,267.0
2016-08-26,4,0,25.0,34.0,0,270.0,309.769230769,230.0,0.798315212068,515.0,73.4984603148,273.0
2016-08-27,5,1,24.0,31.0,1,270.0,293.384615385,230.0,0.803663761265,515.0,53.3717563764,289.0
2016-08-28,6,1,21.0,31.0,1,272.0,279.538461538,230.0,0.823155595274,515.0,16.9097849898,256.0
2016-08-29,0,0,22.0,31.0,1,272.0,275.923076923,230.0,0.813080860792,515.0,16.5271875706,249.0
2016-08-30,1,0,22.0,33.0,1,272.0,274.076923077,230.0,0.821818558195,515.0,18.0233247956,252.0
2016-08-31,2,0,23.0,34.0,1,272.0,273.615384615,236.0,0.809928850372,515.0,18.4996401692,260.0
2016-09-01,3,0,23.0,31.0,1,270.0,272.230769231,236.0,0.837321890301,515.0,18.7909710158,275.0
2016-09-02,4,0,23.0,34.0,1,270.0,271.230769231,236.0,0.892138525194,515.0,18.2636833683,236.0
2016-09-03,5,1,23.0,33.0,1,270.0,266.538461538,236.0,0.91280412005,515.0,18.8663941547,269.0
2016-09-04,6,1,24.0,31.0,1,269.0,263.307692308,236.0,0.957466396612,515.0,13.9249892439,301.0
2016-09-05,0,0,24.0,28.0,0,269.0,267.307692308,236.0,0.989746423528,515.0,16.475551189,291.0
2016-09-06,1,0,23.0,28.0,0,269.0,268.769230769,236.0,1.05379107766,515.0,17.6293193121,254.0
2016-09-07,2,0,21.0,26.0,0,267.0,267.076923077,236.0,1.03619327577,515.0,17.9077187417,262.0
2016-09-08,3,0,21.0,29.0,1,267.0,266.692307692,236.0,0.991339598305,486.0,17.9588616025,270.0
2016-09-09,4,0,24.0,31.0,1,267.0,266.461538462,236.0,0.968755777408,486.0,17.8954888369,254.0
2016-09-10,5,1,23.0,28.0,1,267.0,263.769230769,236.0,0.976518822214,486.0,16.9076853083,249.0
2016-09-11,6,1,20.0,23.0,0,267.0,263.230769231,236.0,0.971593765711,486.0,17.2544480158,213.0
2016-09-12,0,0,21.0,27.0,1,267.0,260.461538462,213.0,0.906099721589,469.0,21.6461593133,210.0
2016-09-13,1,0,22.0,27.0,1,267.0,257.230769231,210.0,0.860545524395,311.0,25.4653727069,208.0
2016-09-14,2,0,21.0,23.0,0,267.0,253.230769231,208.0,0.818736213832,311.0,28.6064915875,219.0
2016-09-15,3,1,24.0,26.0,0,263.0,248.923076923,208.0,0.834315651604,311.0,29.2139627798,209.0
2016-09-16,4,1,22.0,28.0,0,263.0,246.846153846,208.0,0.843613211301,311.0,30.9661009538,276.0
2016-09-17,5,1,23.0,29.0,1,267.0,247.384615385,208.0,0.936232462265,311.0,31.4044055252,268.0
2016-09-18,6,0,22.0,25.0,0,267.0,244.846153846,208.0,0.999004975124,311.0,28.1311383834,184.0
2016-09-19,0,0,20.0,27.0,1,267.0,236.615384615,184.0,0.978494623656,311.0,29.0610457262,209.0
2016-09-20,1,0,20.0,26.0,1,267.0,233.153846154,184.0,0.896210426412,301.0,29.4614380396,200.0
2016-09-21,2,0,20.0,26.0,1,267.0,228.384615385,184.0,0.813945508201,301.0,29.4240572989,195.0
2016-09-22,3,0,19.0,28.0,1,263.0,222.615384615,184.0,0.842927918498,301.0,28.0179570483,218.0
2016-09-23,4,0,21.0,29.0,1,263.0,219.846153846,184.0,0.858723821531,301.0,26.5180523529,273.0
2016-09-24,5,1,21.0,29.0,1,267.0,221.692307692,184.0,0.960179158793,301.0,29.1847816386,322.0
2016-09-25,6,1,22.0,30.0,1,268.0,230.076923077,184.0,1.13294314381,322.0,39.3650792893,301.0
2016-09-26,0,0,24.0,30.0,1,269.0,237.076923077,184.0,1.24600194688,322.0,43.0874987018,200.0
2016-09-27,1,0,25.0,28.0,0,268.0,236.461538462,184.0,1.15752461322,322.0,43.5530011058,181.0
2016-09-28,2,0,23.0,28.0,0,267.0,233.538461538,181.0,0.975888960435,322.0,45.8418944846,188.0
2016-09-29,3,0,23.0,25.0,0,263.0,231.923076923,181.0,0.828781589105,322.0,47.0326589288,184.0
2016-09-30,4,0,22.0,29.0,0,263.0,224.846153846,181.0,0.817986835293,322.0,46.7889634486,270.0
2016-10-01,5,1,23.0,27.0,0,267.0,225.0,181.0,0.945229681979,322.0,46.9336684137,309.0
2016-10-02,6,1,23.0,31.0,1,268.0,234.615384615,181.0,1.10005767013,322.0,50.2371888936,263.0
2016-10-03,0,1,20.0,25.0,0,268.0,238.769230769,181.0,1.20019955812,322.0,50.1799129995,252.0
2016-10-04,1,1,20.0,26.0,1,268.0,242.769230769,181.0,1.16359528349,322.0,48.988466219,261.0
2016-10-05,2,1,22.0,27.0,1,267.0,247.846153846,181.0,1.08615018546,322.0,47.1606846591,286.0
2016-10-06,3,1,22.0,27.0,0,267.0,253.076923077,181.0,1.10055096419,322.0,47.3310136387,289.0
2016-10-07,4,1,20.0,27.0,0,268.0,254.307692308,181.0,1.14843052407,322.0,48.0358593863,274.0
2016-10-08,5,0,17.0,21.0,0,268.0,250.615384615,181.0,1.16484873431,322.0,44.3977450251,196.0
2016-10-09,6,0,16.0,22.0,1,267.0,242.538461538,181.0,1.03880106754,322.0,44.0465058155,232.0
2016-10-10,0,0,17.0,22.0,1,263.0,245.0,181.0,0.956272987331,322.0,42.4662762128,270.0
2016-10-11,1,0,18.0,23.0,1,263.0,251.846153846,181.0,0.937416062315,322.0,38.5942326378,231.0
2016-10-12,2,0,19.0,24.0,1,262.0,255.153846154,181.0,0.977333333333,322.0,34.6184614017,216.0
2016-10-13,3,0,18.0,23.0,1,261.0,257.615384615,181.0,0.956382553021,322.0,30.3455445001,218.0
2016-10-14,4,0,20.0,21.0,0,260.0,253.615384615,181.0,0.89689122665,322.0,31.8398358653,265.0
2016-10-15,5,1,20.0,24.0,0,260.0,250.230769231,181.0,0.953745395006,322.0,27.862723502,340.0
2016-10-16,6,1,20.0,26.0,1,261.0,256.153846154,181.0,1.11404399323,340.0,36.723176823,277.0
2016-10-17,0,0,19.0,22.0,0,261.0,258.076923077,181.0,1.17552978808,340.0,37.1078709015,196.0
2016-10-18,1,0,20.0,24.0,0,260.0,253.076923077,181.0,1.08032688858,340.0,40.5926509803,186.0
2016-10-19,2,0,19.0,22.0,0,256.0,245.384615385,181.0,0.876038551014,340.0,43.0268940253,191.0
2016-10-20,3,0,21.0,25.0,0,254.0,237.846153846,181.0,0.760653126245,340.0,43.3089902798,216.0
2016-10-21,4,0,22.0,27.0,0,254.0,233.384615385,181.0,0.795759527644,340.0,42.3311822902,259.0
2016-10-22,5,1,19.0,23.0,0,254.0,238.230769231,181.0,0.902806018707,340.0,41.3691706954,257.0
2016-10-23,6,1,18.0,21.0,0,254.0,240.153846154,181.0,0.99348534202,340.0,41.6151713346,271.0
2016-10-24,0,0,19.0,23.0,1,254.0,240.230769231,181.0,1.06401676469,340.0,41.6711555767,213.0
2016-10-25,1,0,21.0,24.0,1,254.0,238.846153846,181.0,1.01167315175,340.0,42.2498905849,271.0
2016-10-26,2,0,20.0,26.0,0,254.0,243.076923077,181.0,1.03396329773,340.0,42.5033239215,219.0
2016-10-27,3,0,20.0,25.0,1,252.0,243.153846154,184.0,0.976795887175,340.0,42.4587513021,214.0
2016-10-28,4,0,14.0,21.0,0,252.0,239.230769231,184.0,0.990572674828,340.0,42.6148292105,309.0
2016-10-29,5,1,12.0,15.0,0,254.0,236.846153846,186.0,1.01972101972,340.0,37.4655660447,322.0
2016-10-30,6,1,14.0,17.0,1,254.0,240.307692308,186.0,1.14012008365,340.0,42.7252125446,285.0
2016-10-31,0,0,14.0,16.0,0,254.0,247.153846154,186.0,1.23217648641,340.0,42.2043493089,208.0
