time_stamp,dayofweek,holiday,lt,ht,sunny,m2M,w2A,m1L,d3w3,m1Lar,w2Std,pay_sum
2016-08-01,0,0,25.0,32.0,0,46.0,42.6923076923,22.0,1.51186168074,93.0,16.3584116936,29.0
2016-08-02,1,0,26.0,33.0,1,46.0,42.0769230769,22.0,1.36419001218,93.0,16.7077206403,44.0
2016-08-03,2,0,26.0,33.0,1,46.0,42.2307692308,22.0,0.954673084637,93.0,16.7155102831,32.0
2016-08-04,3,0,26.0,33.0,1,46.0,41.7692307692,22.0,0.854700854701,93.0,16.9076853083,50.0
2016-08-05,4,0,27.0,32.0,1,46.0,42.0769230769,22.0,1.01449275362,93.0,17.0179160726,49.0
2016-08-06,5,1,25.0,32.0,1,46.0,42.6153846154,22.0,1.02866117,93.0,17.1174156098,36.0
2016-08-07,6,1,24.0,29.0,0,44.0,43.0,22.0,1.07270560191,93.0,16.9069853565,37.0
2016-08-08,0,0,24.0,30.0,0,44.0,43.3076923077,22.0,0.977564102564,93.0,16.7579355043,39.0
2016-08-09,1,0,25.0,31.0,0,44.0,44.0,22.0,0.895283772982,93.0,16.3754036944,73.0
2016-08-10,2,0,26.0,33.0,1,44.0,46.0769230769,22.0,1.14836223507,93.0,18.1169769021,41.0
2016-08-11,3,0,27.0,35.0,1,44.0,47.5384615385,22.0,1.17511520737,93.0,16.8368432297,40.0
2016-08-12,4,0,26.0,35.0,0,44.0,46.8461538462,22.0,1.19102861562,93.0,16.9471856245,38.0
2016-08-13,5,1,26.0,33.0,1,44.0,42.6153846154,22.0,0.924630924631,93.0,10.5578149075,33.0
2016-08-14,6,1,24.0,32.0,1,44.0,41.6153846154,22.0,0.860465116279,93.0,10.8026952587,31.0
2016-08-15,0,0,23.0,27.0,0,42.0,41.7692307692,22.0,0.792540792541,93.0,10.6348761966,23.0
2016-08-16,1,0,24.0,31.0,1,42.0,40.1538461538,22.0,0.681551116334,93.0,11.7135434686,32.0
2016-08-17,2,0,23.0,30.0,0,41.0,40.1538461538,22.0,0.68498606133,93.0,11.7135434686,39.0
2016-08-18,3,0,22.0,27.0,0,41.0,39.3076923077,22.0,0.733801717408,93.0,11.3638063462,38.0
2016-08-19,4,0,23.0,27.0,1,41.0,38.4615384615,22.0,0.862000790826,93.0,11.0147829659,41.0
2016-08-20,5,1,23.0,31.0,1,41.0,38.8461538462,22.0,0.994521702486,93.0,11.0094096387,41.0
2016-08-21,6,1,24.0,33.0,1,41.0,39.1538461538,22.0,1.01781170483,93.0,11.0094096387,41.0
2016-08-22,0,0,25.0,33.0,1,41.0,39.3076923077,22.0,1.02756892231,93.0,11.0201536733,30.0
2016-08-23,1,0,23.0,31.0,1,40.0,36.0,22.0,0.952380952381,93.0,5.46316335525,38.0
2016-08-24,2,0,23.0,30.0,0,39.0,35.7692307692,22.0,0.919831223629,93.0,5.30824969203,44.0
2016-08-25,3,0,20.0,27.0,1,39.0,36.0769230769,22.0,0.952380952381,93.0,5.64952739292,45.0
2016-08-26,4,0,20.0,28.0,1,39.0,36.6153846154,22.0,1.08547008547,93.0,6.12106654279,53.0
2016-08-27,5,1,21.0,31.0,1,39.0,38.1538461538,23.0,1.1877875366,93.0,7.39902440395,43.0
2016-08-28,6,1,21.0,31.0,1,39.0,39.0769230769,23.0,1.17061021171,93.0,7.19467258529,39.0
2016-08-29,0,0,21.0,31.0,1,39.0,40.3076923077,23.0,1.12079701121,73.0,5.51061375033,34.0
2016-08-30,1,0,21.0,31.0,1,39.0,40.4615384615,23.0,1.01221640489,73.0,5.30044097752,39.0
2016-08-31,2,0,19.0,31.0,1,39.0,40.4615384615,23.0,0.979877515311,73.0,5.30044097752,47.0
2016-09-01,3,0,20.0,27.0,1,39.0,41.1538461538,23.0,1.04031209363,73.0,5.51705263909,48.0
2016-09-02,4,0,20.0,28.0,1,39.0,41.6923076923,23.0,1.14676936243,73.0,5.80960233492,43.0
2016-09-03,5,1,22.0,30.0,1,39.0,41.8461538462,23.0,1.16603295311,73.0,5.8157102066,41.0
2016-09-04,6,1,22.0,30.0,0,39.0,41.8461538462,23.0,1.1013767209,73.0,5.8157102066,34.0
2016-09-05,0,0,21.0,31.0,1,39.0,42.1538461538,23.0,0.971193415638,73.0,5.26009876839,39.0
2016-09-06,1,0,22.0,32.0,1,39.0,42.2307692308,23.0,0.93023255814,73.0,5.20582286637,33.0
2016-09-07,2,0,21.0,30.0,1,39.0,41.3846153846,23.0,0.871352240033,73.0,5.71823616617,48.0
2016-09-08,3,0,20.0,32.0,1,39.0,41.6153846154,23.0,0.974421437272,53.0,5.91657985324,63.0
2016-09-09,4,0,21.0,31.0,1,40.0,42.3846153846,23.0,1.13879003559,63.0,7.72148313313,54.0
2016-09-10,5,1,20.0,30.0,0,41.0,43.2307692308,23.0,1.28504672897,63.0,8.32192513003,36.0
2016-09-11,6,1,17.0,25.0,0,41.0,43.0,23.0,1.19858989424,63.0,8.47621105484,46.0
2016-09-12,0,0,19.0,27.0,1,41.0,43.9230769231,23.0,1.04575163399,63.0,8.09046483842,37.0
2016-09-13,1,0,20.0,28.0,1,40.0,43.7692307692,23.0,0.916089299461,63.0,8.20088031066,40.0
2016-09-14,2,0,22.0,31.0,1,40.0,43.2307692308,30.0,0.951276102088,63.0,8.20088031066,48.0
2016-09-15,3,1,22.0,32.0,1,40.0,43.2307692308,30.0,0.963391136802,63.0,8.20088031066,25.0
2016-09-16,4,1,19.0,30.0,1,40.0,41.8461538462,25.0,0.900039824771,63.0,9.53411811779,38.0
2016-09-17,5,1,17.0,26.0,1,40.0,41.6153846154,25.0,0.889423076923,63.0,9.58796089285,34.0
2016-09-18,6,0,17.0,24.0,1,39.0,41.6153846154,25.0,0.781942765014,63.0,9.58796089285,32.0
2016-09-19,0,0,15.0,24.0,1,39.0,41.0769230769,25.0,0.840404040404,63.0,9.9108451744,49.0
2016-09-20,1,0,17.0,26.0,1,39.0,42.3076923077,25.0,0.918163672655,63.0,9.8244954099,35.0
2016-09-21,2,0,18.0,28.0,1,39.0,41.3076923077,25.0,0.939651680842,63.0,9.85576454034,42.0
2016-09-22,3,0,19.0,28.0,1,39.0,39.6923076923,25.0,1.02815177479,63.0,7.63982093411,43.0
2016-09-23,4,0,20.0,29.0,1,40.0,38.8461538462,25.0,0.979192166463,63.0,6.53800903412,41.0
2016-09-24,5,1,19.0,29.0,1,40.0,39.2307692308,25.0,1.02815177479,63.0,6.50625552424,31.0
2016-09-25,6,1,20.0,27.0,1,40.0,38.0769230769,25.0,0.941850941851,63.0,6.53348226695,31.0
2016-09-26,0,0,19.0,27.0,0,40.0,37.6153846154,25.0,0.85194375517,63.0,6.79975634788,32.0
2016-09-27,1,0,14.0,22.0,1,39.0,37.0,25.0,0.778467908903,63.0,6.91709142965,44.0
2016-09-28,2,0,12.0,22.0,1,39.0,36.6923076923,25.0,0.890553474823,63.0,6.49715458885,53.0
2016-09-29,3,0,14.0,24.0,1,39.0,38.8461538462,25.0,1.08723135272,63.0,6.89309748222,41.0
2016-09-30,4,0,16.0,26.0,1,40.0,39.0769230769,25.0,1.18251928021,63.0,6.91110075237,57.0
2016-10-01,5,1,18.0,27.0,1,40.0,40.8461538462,25.0,1.25990821861,63.0,8.20737148821,19.0
2016-10-02,6,1,19.0,28.0,1,40.0,39.8461538462,19.0,1.0103626943,63.0,9.85156101528,21.0
2016-10-03,0,1,18.0,27.0,1,39.0,37.6923076923,19.0,0.855379188713,63.0,10.6437747453,21.0
2016-10-04,1,1,14.0,23.0,0,39.0,36.6153846154,19.0,0.551786521936,63.0,11.5328191332,19.0
2016-10-05,2,1,13.0,23.0,1,39.0,34.8461538462,19.0,0.574387947269,63.0,12.3091345309,32.0
2016-10-06,3,1,14.0,22.0,1,39.0,34.0,19.0,0.671328671329,63.0,12.0957716706,30.0
2016-10-07,4,1,12.0,18.0,0,39.0,33.1538461538,19.0,0.763790664781,63.0,11.9604872157,41.0
2016-10-08,5,0,8.0,18.0,1,39.0,33.9230769231,19.0,0.961718020542,57.0,12.1177653339,41.0
2016-10-09,6,0,11.0,20.0,1,39.0,34.6923076923,19.0,1.03273397879,57.0,12.2247203233,35.0
2016-10-10,0,0,10.0,22.0,1,39.0,34.9230769231,19.0,1.10014104372,57.0,12.2000097003,40.0
2016-10-11,1,0,11.0,19.0,1,39.0,34.6153846154,19.0,1.08309990663,57.0,12.0162611716,35.0
2016-10-12,2,0,14.0,21.0,1,39.0,33.2307692308,19.0,1.0372465818,57.0,10.7928312829,48.0
2016-10-13,3,0,14.0,24.0,1,39.0,33.7692307692,19.0,1.15168539326,57.0,11.3283432569,43.0
2016-10-14,4,0,15.0,25.0,1,40.0,32.6923076923,19.0,1.17647058824,57.0,9.6027609442,38.0
2016-10-15,5,1,13.0,24.0,0,40.0,34.1538461538,19.0,1.19278779473,57.0,8.82170534574,45.0
2016-10-16,6,1,12.0,22.0,1,40.0,36.0,19.0,1.14285714286,57.0,8.37578928543,46.0
2016-10-17,0,0,12.0,21.0,1,41.0,37.9230769231,19.0,1.1481975968,57.0,7.53924642696,41.0
2016-10-18,1,0,14.0,23.0,1,41.0,39.6153846154,19.0,1.17962466488,57.0,5.21150298029,31.0
2016-10-19,2,0,15.0,24.0,1,40.0,39.5384615385,19.0,1.08655616943,57.0,5.32938710021,54.0
2016-10-20,3,0,11.0,16.0,1,40.0,41.3846153846,19.0,1.13975576662,57.0,5.83805106493,44.0
2016-10-21,4,0,11.0,16.0,0,41.0,41.6153846154,19.0,1.18784530387,57.0,5.87744661381,48.0
2016-10-22,5,1,8.0,12.0,1,41.0,42.1538461538,19.0,1.29260734838,57.0,6.11236016164,33.0
2016-10-23,6,1,8.0,16.0,1,41.0,42.0,19.0,1.08932461874,57.0,6.31238099659,48.0
2016-10-24,0,0,7.0,15.0,0,41.0,42.6153846154,19.0,1.08585858586,57.0,6.47526015561,42.0
2016-10-25,1,0,10.0,19.0,1,41.0,43.1538461538,19.0,1.00613496933,57.0,6.09976233895,41.0
2016-10-26,2,0,8.0,15.0,1,41.0,42.6153846154,19.0,1.05987055016,57.0,5.95545595411,49.0
2016-10-27,3,0,8.0,13.0,0,41.0,43.0769230769,19.0,1.04389086595,57.0,6.19505433591,45.0
2016-10-28,4,0,4.0,14.0,1,41.0,43.6153846154,19.0,1.06257378985,57.0,6.03245659283,49.0
2016-10-29,5,1,5.0,14.0,1,41.0,43.9230769231,19.0,1.11500974659,57.0,6.19505433591,48.0
2016-10-30,6,1,6.0,15.0,1,41.0,44.0769230769,19.0,1.09062980031,54.0,6.26911278794,51.0
2016-10-31,0,0,0.0,8.0,1,41.0,44.8461538462,19.0,1.12248767539,54.0,6.45512502228,37.0
