time_stamp,dayofweek,holiday,lt,ht,sunny,m2M,w2A,m1L,d3w3,m1Lar,w2Std,pay_sum
2016-08-01,0,0,25.0,35.0,0,66.0,63.8461538462,25.0,0.93201754386,86.0,16.4683666644,80.0
2016-08-02,1,0,25.0,29.0,0,66.0,64.0769230769,25.0,0.914502164502,86.0,16.6708476018,36.0
2016-08-03,2,0,25.0,31.0,0,66.0,62.5384615385,25.0,0.855555555556,86.0,18.1981207171,56.0
2016-08-04,3,0,26.0,32.0,1,66.0,60.9230769231,25.0,0.953965612867,86.0,17.7697302627,81.0
2016-08-05,4,0,26.0,34.0,1,66.0,61.0,25.0,0.949245541838,86.0,17.8541096325,70.0
2016-08-06,5,1,27.0,35.0,1,66.0,63.4615384615,25.0,1.10665597434,86.0,16.6807829765,46.0
2016-08-07,6,1,27.0,36.0,1,66.0,63.6923076923,25.0,1.037388099,86.0,16.4147429764,22.0
2016-08-08,0,0,27.0,35.0,0,66.0,58.7692307692,22.0,0.753480753481,86.0,18.456409544,64.0
2016-08-09,1,0,25.0,34.0,0,66.0,58.3076923077,22.0,0.728476821192,86.0,18.2435852388,89.0
2016-08-10,2,0,26.0,31.0,0,66.0,60.5384615385,22.0,0.940102068225,89.0,20.0023667239,64.0
2016-08-11,3,0,26.0,32.0,0,66.0,59.8461538462,22.0,1.17806731813,89.0,19.7127297951,79.0
2016-08-12,4,0,26.0,30.0,0,66.0,59.6923076923,22.0,1.2605270307,89.0,19.5542032286,73.0
2016-08-13,5,1,25.0,32.0,0,66.0,61.3846153846,22.0,1.1410459588,89.0,19.6802847913,36.0
2016-08-14,6,1,26.0,32.0,0,66.0,61.2307692308,22.0,0.998671978752,89.0,19.8693960504,40.0
2016-08-15,0,0,25.0,31.0,0,66.0,58.1538461538,22.0,0.821615660325,89.0,19.8216903488,68.0
2016-08-16,1,0,25.0,31.0,0,66.0,60.6153846154,22.0,0.79536039768,89.0,18.8823827601,97.0
2016-08-17,2,0,25.0,31.0,0,66.0,63.7692307692,22.0,1.09860664523,97.0,21.1374761835,77.0
2016-08-18,3,0,25.0,30.0,0,67.0,63.4615384615,22.0,1.29273504274,97.0,20.9123275555,86.0
2016-08-19,4,0,26.0,32.0,0,67.0,64.6923076923,22.0,1.38334663474,97.0,21.71629879,93.0
2016-08-20,5,1,26.0,34.0,1,67.0,68.3076923077,22.0,1.31788931789,97.0,22.2101314906,66.0
2016-08-21,6,1,27.0,35.0,0,66.0,71.6923076923,22.0,1.23456790123,97.0,17.8126343034,36.0
2016-08-22,0,0,27.0,35.0,1,66.0,69.5384615385,22.0,1.0164190774,97.0,20.1517908523,96.0
2016-08-23,1,0,27.0,35.0,1,66.0,70.0769230769,22.0,0.985810306199,97.0,20.7492781652,110.0
2016-08-24,2,0,28.0,36.0,1,66.0,73.6153846154,22.0,1.15817181144,110.0,23.1899794724,84.0
2016-08-25,3,0,27.0,36.0,1,67.0,74.0,22.0,1.38490926457,110.0,23.317210547,91.0
2016-08-26,4,0,25.0,35.0,0,67.0,75.3846153846,22.0,1.34086097389,110.0,23.7471891828,102.0
2016-08-27,5,1,24.0,32.0,0,67.0,80.4615384615,22.0,1.25367730256,110.0,21.756043845,62.0
2016-08-28,6,1,26.0,33.0,1,67.0,82.1538461538,22.0,1.12359550562,110.0,19.2547542734,32.0
2016-08-29,0,0,26.0,33.0,1,67.0,79.3846153846,22.0,0.882286743192,110.0,23.2628408264,77.0
2016-08-30,1,0,25.0,32.0,1,67.0,77.8461538462,22.0,0.776038121171,110.0,22.7015626499,110.0
2016-08-31,2,0,25.0,33.0,0,68.0,80.3846153846,22.0,0.963696369637,110.0,24.2567626147,74.0
2016-09-01,3,0,25.0,32.0,0,68.0,79.4615384615,22.0,1.15231788079,110.0,24.2538351753,76.0
2016-09-02,4,0,25.0,31.0,0,68.0,78.1538461538,22.0,1.14562679004,110.0,23.9449566035,70.0
2016-09-03,5,1,25.0,31.0,0,68.0,78.4615384615,22.0,0.948071536307,110.0,23.8121345427,46.0
2016-09-04,6,1,26.0,31.0,0,68.0,79.2307692308,22.0,0.824211204121,110.0,22.5564380922,38.0
2016-09-05,0,0,26.0,32.0,0,68.0,74.7692307692,22.0,0.674108119939,110.0,24.4545224578,61.0
2016-09-06,1,0,26.0,33.0,0,68.0,71.0,32.0,0.650078457745,110.0,22.4259465112,82.0
2016-09-07,2,0,25.0,31.0,0,68.0,70.8461538462,32.0,0.808757819482,110.0,22.3429429707,72.0
2016-09-08,3,0,26.0,32.0,0,68.0,69.3846153846,32.0,0.969778980604,110.0,21.5853884395,79.0
2016-09-09,4,0,26.0,32.0,0,70.0,67.6153846154,32.0,1.06102003643,110.0,19.6998182793,76.0
2016-09-10,5,1,25.0,30.0,0,70.0,68.6923076923,32.0,1.02668475803,110.0,19.7460204964,48.0
2016-09-11,6,1,25.0,30.0,0,70.0,69.9230769231,32.0,0.910722296994,110.0,17.825916908,36.0
2016-09-12,0,0,24.0,33.0,1,70.0,66.7692307692,32.0,0.748013090229,110.0,19.8112394135,81.0
2016-09-13,1,0,26.0,35.0,1,70.0,64.5384615385,32.0,0.787401574803,110.0,16.1035848117,85.0
2016-09-14,2,0,26.0,35.0,1,72.0,65.3846153846,32.0,0.963280877444,110.0,16.8501927017,46.0
2016-09-15,3,1,25.0,34.0,1,72.0,63.0769230769,32.0,1.0445922641,110.0,17.286996173,46.0
2016-09-16,4,1,25.0,34.0,1,72.0,61.2307692308,32.0,0.909791827294,110.0,17.7250533086,38.0
2016-09-17,5,1,25.0,34.0,1,70.0,60.6153846154,32.0,0.680806493847,110.0,18.3702873037,30.0
2016-09-18,6,0,25.0,33.0,1,70.0,60.0,30.0,0.59795436664,110.0,19.2313846055,66.0
2016-09-19,0,0,23.0,32.0,1,70.0,60.3846153846,30.0,0.708994708995,110.0,19.2974229509,71.0
2016-09-20,1,0,24.0,31.0,1,70.0,59.5384615385,30.0,0.911820911821,110.0,18.5580809047,75.0
2016-09-21,2,0,24.0,31.0,1,70.0,59.7692307692,30.0,1.15657392253,110.0,18.7294660738,93.0
2016-09-22,3,0,24.0,32.0,1,71.0,60.8461538462,30.0,1.28598331988,110.0,20.1526717215,84.0
2016-09-23,4,0,25.0,32.0,1,71.0,61.4615384615,30.0,1.34078212291,110.0,20.7201699749,83.0
2016-09-24,5,1,25.0,32.0,1,72.0,64.1538461538,30.0,1.34366925065,110.0,21.067094845,65.0
2016-09-25,6,1,26.0,33.0,1,72.0,66.3846153846,30.0,1.17438623133,110.0,19.4403959343,56.0
2016-09-26,0,0,26.0,34.0,1,71.0,64.4615384615,30.0,1.03658536585,110.0,19.1336006689,80.0
2016-09-27,1,0,27.0,35.0,1,71.0,64.0769230769,30.0,1.02290076336,110.0,18.7635552579,119.0
2016-09-28,2,0,28.0,34.0,1,72.0,69.6923076923,30.0,1.25276344878,119.0,22.9661443647,87.0
2016-09-29,3,0,21.0,28.0,0,73.0,72.8461538462,30.0,1.39682539683,119.0,22.3015906775,72.0
2016-09-30,4,0,20.0,26.0,0,72.0,75.4615384615,30.0,1.36174381582,119.0,19.9291644991,72.0
2016-10-01,5,1,20.0,28.0,0,72.0,78.6923076923,30.0,1.1119133574,119.0,15.1219891619,72.0
2016-10-02,6,1,23.0,31.0,1,72.0,79.1538461538,30.0,1.01337086559,119.0,14.8160316178,72.0
2016-10-03,0,1,24.0,33.0,1,72.0,79.2307692308,30.0,1.01983002833,119.0,14.776040097,72.0
2016-10-04,1,1,24.0,32.0,1,72.0,79.0,30.0,1.02930664761,119.0,14.8634813191,45.0
2016-10-05,2,1,23.0,33.0,1,72.0,75.3076923077,30.0,0.901287553648,119.0,16.7671134867,38.0
2016-10-06,3,1,25.0,32.0,1,72.0,71.7692307692,30.0,0.743405275779,119.0,19.2319999606,46.0
2016-10-07,4,1,25.0,31.0,1,72.0,68.9230769231,30.0,0.615164520744,119.0,20.0785439959,33.0
2016-10-08,5,0,24.0,31.0,0,72.0,66.4615384615,30.0,0.556745182013,119.0,22.2524514972,53.0
2016-10-09,6,0,22.0,30.0,1,72.0,66.2307692308,30.0,0.634005763689,119.0,22.3749648772,69.0
2016-10-10,0,0,22.0,30.0,1,72.0,65.3846153846,30.0,0.745550745551,119.0,22.0437971793,65.0
2016-10-11,1,0,21.0,28.0,0,72.0,61.2307692308,30.0,0.906007751938,119.0,15.7341072253,84.0
2016-10-12,2,0,20.0,25.0,0,72.0,61.0,30.0,1.06315532797,119.0,15.3723027653,62.0
2016-10-13,3,0,22.0,28.0,1,72.0,60.2307692308,30.0,1.0458488228,119.0,15.0494254741,65.0
2016-10-14,4,0,20.0,30.0,1,72.0,59.6923076923,30.0,1.06003516704,119.0,14.7407578105,79.0
2016-10-15,5,1,21.0,31.0,1,72.0,60.2307692308,30.0,1.02411135968,119.0,15.2978321549,52.0
2016-10-16,6,1,24.0,32.0,1,72.0,58.6923076923,30.0,0.977312390925,119.0,15.0403795747,49.0
2016-10-17,0,0,23.0,32.0,1,72.0,56.9230769231,33.0,0.918836140888,119.0,14.720271415,81.0
2016-10-18,1,0,23.0,26.0,0,72.0,59.6923076923,33.0,0.956887486856,119.0,15.5780151564,72.0
2016-10-19,2,0,23.0,27.0,0,72.0,62.3076923077,33.0,1.07475392392,119.0,14.5358157951,65.0
2016-10-20,3,0,24.0,31.0,1,72.0,63.7692307692,33.0,1.16639914393,119.0,13.7569777884,88.0
2016-10-21,4,0,24.0,27.0,0,72.0,68.0,33.0,1.18858954041,119.0,11.9871726313,74.0
2016-10-22,5,1,24.0,30.0,1,72.0,69.6153846154,33.0,1.19725738397,119.0,11.24919458,55.0
2016-10-23,6,1,24.0,31.0,1,72.0,68.5384615385,33.0,1.16011761561,119.0,11.907433907,27.0
2016-10-24,0,0,24.0,30.0,1,71.0,65.6153846154,27.0,0.865224625624,119.0,16.2790023392,72.0
2016-10-25,1,0,24.0,31.0,1,71.0,64.6923076923,27.0,0.835367507459,119.0,15.5335102546,89.0
2016-10-26,2,0,25.0,32.0,1,72.0,66.7692307692,27.0,0.979166666667,119.0,16.7889791972,72.0
2016-10-27,3,0,24.0,33.0,1,72.0,67.3076923077,27.0,1.18938233793,89.0,16.8357888732,68.0
2016-10-28,4,0,22.0,33.0,1,72.0,66.4615384615,27.0,1.13845389013,89.0,16.499955173,71.0
2016-10-29,5,1,20.0,29.0,1,71.0,67.9230769231,27.0,1.03507480991,89.0,15.9877912,51.0
2016-10-30,6,1,19.0,28.0,1,71.0,68.0769230769,27.0,0.944568729804,89.0,15.8136335457,45.0
2016-10-31,0,0,19.0,27.0,1,70.0,65.3076923077,27.0,0.842795861721,89.0,16.4475137957,53.0
