time_stamp,dayofweek,holiday,lt,ht,sunny,m2M,w2A,m1L,d3w3,m1Lar,w2Std,pay_sum
2016-08-01,0,0,25.0,35.0,0,270.0,318.846153846,198.0,1.29888888889,451.0,71.0902418424,382.0
2016-08-02,1,0,25.0,29.0,0,279.0,330.384615385,198.0,1.33247089263,451.0,68.1712080681,353.0
2016-08-03,2,0,25.0,31.0,0,279.0,335.692307692,198.0,1.25582380347,451.0,67.0297116846,311.0
2016-08-04,3,0,26.0,32.0,1,279.0,342.153846154,198.0,1.09798981788,451.0,59.9112756228,306.0
2016-08-05,4,0,26.0,34.0,1,280.0,342.769230769,198.0,1.00664176007,451.0,59.4942193005,341.0
2016-08-06,5,1,27.0,35.0,1,283.0,338.307692308,198.0,0.992951907131,451.0,57.2422445071,420.0
2016-08-07,6,1,27.0,36.0,1,284.0,338.307692308,198.0,1.0940223521,451.0,57.2422445071,473.0
2016-08-08,0,0,27.0,35.0,0,284.0,352.153846154,198.0,1.22220571485,473.0,65.7464197959,256.0
2016-08-09,1,0,25.0,34.0,0,284.0,351.153846154,198.0,1.13397483346,473.0,67.0887427836,280.0
2016-08-10,2,0,26.0,31.0,0,280.0,352.153846154,198.0,0.996395595714,473.0,65.9135169444,296.0
2016-08-11,3,0,26.0,32.0,0,284.0,352.846153846,227.0,0.813294232649,473.0,65.2696727241,287.0
2016-08-12,4,0,26.0,30.0,0,287.0,350.692307692,227.0,0.844960101826,473.0,66.9240495066,369.0
2016-08-13,5,1,25.0,32.0,0,287.0,348.076923077,227.0,0.936224615233,473.0,65.477490599,449.0
2016-08-14,6,1,26.0,32.0,0,293.0,347.923076923,227.0,1.08206032119,473.0,65.2373908105,436.0
2016-08-15,0,0,25.0,31.0,0,294.0,352.076923077,227.0,1.20270464681,473.0,68.8917339448,334.0
2016-08-16,1,0,25.0,31.0,0,296.0,350.615384615,227.0,1.15830482706,473.0,69.0579895245,275.0
2016-08-17,2,0,25.0,31.0,0,294.0,347.846153846,227.0,0.991837509491,473.0,71.2771903895,324.0
2016-08-18,3,0,25.0,30.0,0,294.0,349.230769231,227.0,0.880895057357,473.0,70.6226743346,326.0
2016-08-19,4,0,26.0,32.0,0,296.0,348.076923077,227.0,0.871983408748,473.0,70.8698281667,351.0
2016-08-20,5,1,26.0,34.0,1,298.0,342.769230769,256.0,0.950617283951,473.0,67.8019217406,457.0
2016-08-21,6,1,27.0,35.0,0,298.0,341.538461538,256.0,1.07600341588,473.0,65.5340374094,506.0
2016-08-22,0,0,27.0,35.0,1,303.0,360.769230769,256.0,1.22517482517,506.0,73.7742438338,286.0
2016-08-23,1,0,27.0,35.0,1,298.0,361.230769231,256.0,1.1755847334,506.0,73.2846440481,318.0
2016-08-24,2,0,28.0,36.0,1,298.0,362.923076923,256.0,1.0437235543,506.0,72.0015614558,285.0
2016-08-25,3,0,27.0,36.0,1,296.0,362.769230769,256.0,0.838402414297,506.0,72.1655722799,304.0
2016-08-26,4,0,25.0,35.0,0,296.0,357.769230769,256.0,0.859878649981,506.0,73.7940521328,293.0
2016-08-27,5,1,24.0,32.0,0,296.0,345.769230769,256.0,0.851556842867,506.0,70.5976180097,456.0
2016-08-28,6,1,26.0,33.0,1,298.0,347.307692308,256.0,1.01916376307,506.0,72.7327929589,442.0
2016-08-29,0,0,26.0,33.0,1,304.0,355.615384615,256.0,1.12242013005,506.0,76.792966887,292.0
2016-08-30,1,0,25.0,32.0,1,304.0,356.923076923,256.0,1.11957851162,506.0,75.5436313443,297.0
2016-08-31,2,0,25.0,33.0,0,298.0,354.846153846,256.0,0.96985090071,506.0,76.7812538758,322.0
2016-09-01,3,0,25.0,32.0,0,298.0,354.538461538,256.0,0.852756716278,506.0,76.904151518,256.0
2016-09-02,4,0,25.0,31.0,0,298.0,347.230769231,256.0,0.832263280544,506.0,81.2821807004,366.0
2016-09-03,5,1,25.0,31.0,0,304.0,340.230769231,256.0,0.908653383386,506.0,75.2198356063,549.0
2016-09-04,6,1,26.0,31.0,0,306.0,343.538461538,256.0,1.10905905195,549.0,82.9815692091,537.0
2016-09-05,0,0,26.0,32.0,0,311.0,362.846153846,256.0,1.33664733499,549.0,95.5903488481,294.0
2016-09-06,1,0,26.0,33.0,0,311.0,361.0,256.0,1.26704310701,549.0,96.6643677888,246.0
2016-09-07,2,0,25.0,31.0,0,311.0,358.0,246.0,0.999582347209,549.0,99.538937105,265.0
2016-09-08,3,0,26.0,32.0,0,306.0,355.0,246.0,0.753533651596,549.0,101.685790551,247.0
2016-09-09,4,0,26.0,32.0,0,306.0,351.461538462,246.0,0.720053196542,549.0,104.541942547,308.0
2016-09-10,5,1,25.0,30.0,0,308.0,340.076923077,246.0,0.795846071723,549.0,100.519008182,448.0
2016-09-11,6,1,25.0,30.0,0,311.0,340.538461538,246.0,0.981745216072,549.0,100.998564639,453.0
2016-09-12,0,0,24.0,33.0,1,315.0,352.923076923,246.0,1.15505875609,549.0,104.110489783,279.0
2016-09-13,1,0,26.0,35.0,1,315.0,351.538461538,246.0,1.13368881203,549.0,104.961249542,259.0
2016-09-14,2,0,26.0,35.0,1,311.0,346.692307692,246.0,0.955687352331,549.0,107.633555402,290.0
2016-09-15,3,1,25.0,34.0,1,308.0,349.307692308,246.0,0.800115958835,549.0,105.795437313,436.0
2016-09-16,4,1,25.0,34.0,1,311.0,354.692307692,246.0,0.932500236675,549.0,108.26064319,368.0
2016-09-17,5,1,25.0,34.0,1,315.0,340.769230769,246.0,1.04879685553,549.0,92.9293808356,430.0
2016-09-18,6,0,25.0,33.0,1,318.0,332.538461538,246.0,1.18505714011,549.0,78.8578227763,238.0
2016-09-19,0,0,23.0,32.0,1,318.0,328.230769231,238.0,1.0027100271,549.0,82.2997839479,233.0
2016-09-20,1,0,24.0,31.0,1,318.0,327.230769231,233.0,0.880226651036,549.0,83.3649565245,232.0
2016-09-21,2,0,24.0,31.0,1,315.0,324.692307692,232.0,0.695970695971,549.0,85.6912028654,249.0
2016-09-22,3,0,24.0,32.0,1,311.0,324.846153846,232.0,0.707596253902,549.0,85.5532637995,245.0
2016-09-23,4,0,25.0,32.0,1,311.0,320.0,232.0,0.732667272177,549.0,88.1161820466,275.0
2016-09-24,5,1,25.0,32.0,1,311.0,306.692307692,232.0,0.809644135607,549.0,80.5160133288,396.0
2016-09-25,6,1,26.0,33.0,1,315.0,302.307692308,232.0,0.986378075701,549.0,73.6920668055,444.0
2016-09-26,0,0,26.0,34.0,1,318.0,315.0,232.0,1.17226515271,549.0,82.2921624458,225.0
2016-09-27,1,0,27.0,35.0,1,318.0,312.384615385,225.0,1.12341772152,549.0,84.5399663896,253.0
2016-09-28,2,0,28.0,34.0,1,311.0,309.538461538,225.0,0.974424011837,549.0,85.8582153093,283.0
2016-09-29,3,0,21.0,28.0,0,308.0,297.769230769,225.0,0.799705758722,549.0,77.827376878,253.0
2016-09-30,4,0,20.0,26.0,0,306.0,288.923076923,225.0,0.836380982668,549.0,75.8525508302,312.0
2016-10-01,5,1,20.0,28.0,0,306.0,279.846153846,225.0,0.918793000704,549.0,64.6622540636,453.0
2016-10-02,6,1,23.0,31.0,1,306.0,296.384615385,225.0,1.10298499377,549.0,77.9699532478,412.0
2016-10-03,0,1,24.0,33.0,1,308.0,310.153846154,225.0,1.24827659349,537.0,81.2951376669,385.0
2016-10-04,1,1,24.0,32.0,1,308.0,321.923076923,225.0,1.29964649615,453.0,80.1963566585,364.0
2016-10-05,2,1,23.0,33.0,1,308.0,330.769230769,225.0,1.19333950046,453.0,77.9764795368,359.0
2016-10-06,3,1,25.0,32.0,1,308.0,339.538461538,225.0,1.152545899,453.0,74.1543249266,352.0
2016-10-07,4,1,25.0,31.0,1,312.0,345.461538462,225.0,1.12101777986,453.0,71.80059501,423.0
2016-10-08,5,0,24.0,31.0,0,318.0,347.538461538,225.0,1.18383964923,453.0,73.6003923324,303.0
2016-10-09,6,0,22.0,30.0,1,318.0,336.692307692,225.0,1.11403916705,453.0,68.8201497946,309.0
2016-10-10,0,0,22.0,30.0,1,318.0,343.153846154,225.0,1.05714723456,453.0,61.5940133877,259.0
2016-10-11,1,0,21.0,28.0,0,312.0,343.615384615,225.0,0.885972942732,453.0,60.9357018776,285.0
2016-10-12,2,0,20.0,25.0,0,309.0,343.769230769,225.0,0.862923621649,453.0,60.7848081301,265.0
2016-10-13,3,0,22.0,28.0,1,308.0,344.692307692,225.0,0.815935451336,453.0,59.4764137031,252.0
2016-10-14,4,0,20.0,30.0,1,304.0,340.076923077,225.0,0.811699812763,453.0,63.9909387077,268.0
2016-10-15,5,1,21.0,31.0,1,304.0,325.846153846,225.0,0.810238943077,453.0,57.5417522712,391.0
2016-10-16,6,1,24.0,32.0,1,304.0,324.230769231,225.0,0.94806951816,453.0,55.3536238077,428.0
2016-10-17,0,0,23.0,32.0,1,304.0,327.538461538,225.0,1.09648459172,453.0,59.9777078904,233.0
2016-10-18,1,0,23.0,26.0,0,303.0,317.461538462,225.0,1.06440026306,453.0,63.8828439527,231.0
2016-10-19,2,0,23.0,27.0,0,297.0,307.615384615,225.0,0.90969353934,453.0,66.5311245399,239.0
2016-10-20,3,0,24.0,31.0,1,294.0,298.923076923,225.0,0.718483315448,453.0,67.5385491501,272.0
2016-10-21,4,0,24.0,27.0,0,294.0,287.307692308,225.0,0.763021235025,453.0,57.4287312379,304.0
2016-10-22,5,1,24.0,30.0,1,294.0,287.384615385,225.0,0.857804441638,453.0,57.4503644784,441.0
2016-10-23,6,1,24.0,31.0,1,297.0,297.538461538,225.0,1.06553512494,453.0,70.5458011449,428.0
2016-10-24,0,0,24.0,30.0,1,297.0,310.538461538,225.0,1.2207305651,453.0,77.477158306,238.0
2016-10-25,1,0,24.0,31.0,1,297.0,306.923076923,225.0,1.17515923567,453.0,79.6506425088,255.0
2016-10-26,2,0,25.0,32.0,1,294.0,306.153846154,231.0,0.994170984456,453.0,80.0988294871,257.0
2016-10-27,3,0,24.0,33.0,1,292.0,306.538461538,231.0,0.822233185331,453.0,79.849488592,269.0
2016-10-28,4,0,22.0,33.0,1,290.0,306.615384615,231.0,0.878465778078,453.0,79.8127987245,272.0
2016-10-29,5,1,20.0,29.0,1,285.0,297.461538462,231.0,0.902306648575,453.0,76.3590862908,407.0
2016-10-30,6,1,19.0,28.0,1,285.0,295.846153846,231.0,1.05438772105,453.0,73.7582810515,430.0
2016-10-31,0,0,19.0,27.0,1,290.0,311.0,231.0,1.19924303866,441.0,79.3172791341,265.0
