time_stamp,dayofweek,holiday,lt,ht,sunny,m2M,w2A,m1L,d3w3,m1Lar,w2Std,pay_sum
2016-08-01,0,0,28.0,34.0,1,100.0,125.0,81.0,1.08912078685,299.0,38.3285392766,112.0
2016-08-02,1,0,28.0,34.0,0,101.0,127.307692308,81.0,1.04734576758,299.0,36.5310923743,110.0
2016-08-03,2,0,26.0,32.0,0,101.0,128.384615385,81.0,0.989956958393,299.0,35.7911429988,86.0
2016-08-04,3,0,27.0,32.0,0,101.0,128.769230769,81.0,0.752964185307,299.0,35.3034185448,133.0
2016-08-05,4,0,27.0,33.0,0,102.0,131.0,81.0,0.814457234806,299.0,34.5765594231,127.0
2016-08-06,5,1,27.0,33.0,1,103.0,127.230769231,81.0,0.887520841349,299.0,32.043609338,191.0
2016-08-07,6,1,27.0,34.0,1,103.0,126.615384615,81.0,1.20701190954,299.0,30.70840141,184.0
2016-08-08,0,0,27.0,34.0,0,104.0,133.230769231,81.0,1.30321910696,299.0,33.0085160251,120.0
2016-08-09,1,0,28.0,34.0,1,105.0,133.538461538,81.0,1.2663085188,299.0,32.8647938462,176.0
2016-08-10,2,0,28.0,34.0,1,105.0,138.153846154,81.0,1.191362621,299.0,34.2610928782,129.0
2016-08-11,3,0,28.0,35.0,1,107.0,140.153846154,81.0,1.0363326018,299.0,32.8817137721,111.0
2016-08-12,4,0,28.0,34.0,1,109.0,138.846153846,81.0,1.01179618144,299.0,33.6677114295,127.0
2016-08-13,5,1,28.0,35.0,1,110.0,138.307692308,81.0,0.908865775136,299.0,33.7966421076,145.0
2016-08-14,6,1,28.0,36.0,1,110.0,134.692307692,81.0,0.967904978519,299.0,30.1799337701,172.0
2016-08-15,0,0,28.0,35.0,1,111.0,139.307692308,81.0,1.09144542773,299.0,30.9351296833,112.0
2016-08-16,1,0,28.0,35.0,1,112.0,139.461538462,81.0,1.05612998523,199.0,30.7936441609,121.0
2016-08-17,2,0,28.0,35.0,1,112.0,142.153846154,81.0,0.995208256543,199.0,27.3379031154,105.0
2016-08-18,3,0,28.0,36.0,1,112.0,140.0,81.0,0.829957028852,199.0,29.0251880005,109.0
2016-08-19,4,0,29.0,36.0,1,112.0,138.615384615,81.0,0.828387734916,199.0,30.0244476322,115.0
2016-08-20,5,1,28.0,37.0,0,112.0,132.769230769,86.0,0.819325115179,199.0,26.4405104284,171.0
2016-08-21,6,1,28.0,35.0,0,115.0,131.769230769,86.0,0.991465863454,199.0,24.6706111245,190.0
2016-08-22,0,0,28.0,35.0,1,116.0,137.153846154,86.0,1.16069251402,199.0,28.8066396028,128.0
2016-08-23,1,0,26.0,34.0,1,116.0,133.461538462,86.0,1.18459302326,192.0,26.581125127,127.0
2016-08-24,2,0,26.0,34.0,1,116.0,133.307692308,86.0,1.06217925767,192.0,26.6122719389,103.0
2016-08-25,3,0,27.0,35.0,1,116.0,132.692307692,86.0,0.863795391483,192.0,27.2068560799,105.0
2016-08-26,4,0,26.0,34.0,0,116.0,131.0,86.0,0.814787790344,192.0,28.1752755771,130.0
2016-08-27,5,1,23.0,31.0,1,116.0,129.846153846,86.0,0.8407960199,192.0,27.8839522468,151.0
2016-08-28,6,1,22.0,30.0,1,120.0,128.230769231,86.0,0.97216975192,192.0,25.9352858718,172.0
2016-08-29,0,0,23.0,31.0,1,121.0,132.846153846,86.0,1.11893293813,192.0,27.9004994547,104.0
2016-08-30,1,0,23.0,31.0,1,121.0,131.538461538,86.0,1.0836188301,191.0,28.8086936254,111.0
2016-08-31,2,0,25.0,34.0,1,120.0,132.0,86.0,0.988884630126,191.0,28.4253408071,105.0
2016-09-01,3,0,26.0,33.0,1,116.0,131.692307692,86.0,0.81956716609,191.0,28.6930294815,99.0
2016-09-02,4,0,25.0,34.0,1,116.0,130.461538462,99.0,0.815533980583,191.0,29.7078476672,101.0
2016-09-03,5,1,25.0,35.0,1,116.0,125.076923077,99.0,0.803371526406,191.0,28.1765356239,150.0
2016-09-04,6,1,25.0,33.0,1,120.0,122.0,99.0,0.929985385944,191.0,22.5388553392,172.0
2016-09-05,0,0,25.0,30.0,0,121.0,125.384615385,99.0,1.09770338653,190.0,26.1931830871,94.0
2016-09-06,1,0,22.0,27.0,0,121.0,122.846153846,94.0,1.09100445843,190.0,27.4810316508,102.0
2016-09-07,2,0,20.0,24.0,0,120.0,122.769230769,94.0,0.96625968229,190.0,27.5378169241,124.0
2016-09-08,3,0,22.0,29.0,1,120.0,124.230769231,94.0,0.835291046724,190.0,27.0559359224,87.0
2016-09-09,4,0,23.0,31.0,1,120.0,120.923076923,87.0,0.826075481657,190.0,28.7253882305,101.0
2016-09-10,5,1,24.0,29.0,1,120.0,117.076923077,87.0,0.846905537459,190.0,27.7723203054,132.0
2016-09-11,6,1,23.0,26.0,0,121.0,114.0,87.0,0.889630247428,190.0,23.3863865726,164.0
2016-09-12,0,0,23.0,29.0,1,121.0,118.615384615,87.0,1.08737332238,190.0,26.6502661598,87.0
2016-09-13,1,0,23.0,30.0,1,120.0,116.769230769,87.0,1.06655527708,190.0,27.9151291931,99.0
2016-09-14,2,0,22.0,24.0,0,116.0,116.307692308,87.0,0.976290097629,190.0,28.1544766638,110.0
2016-09-15,3,1,23.0,26.0,0,116.0,117.153846154,87.0,0.823938761308,190.0,27.7844620492,149.0
2016-09-16,4,1,23.0,27.0,0,116.0,120.846153846,87.0,0.988677161005,190.0,28.5706846902,215.0
2016-09-17,5,1,23.0,27.0,0,120.0,125.846153846,87.0,1.27522195319,215.0,37.5209606115,189.0
2016-09-18,6,0,23.0,28.0,0,121.0,127.153846154,87.0,1.47762191049,215.0,39.3580138528,118.0
2016-09-19,0,0,21.0,27.0,0,121.0,129.0,87.0,1.38700677561,215.0,38.30846462,92.0
2016-09-20,1,0,20.0,26.0,1,121.0,128.230769231,87.0,1.06827309237,215.0,38.9381241817,104.0
2016-09-21,2,0,20.0,27.0,1,120.0,126.692307692,87.0,0.841033882416,215.0,39.466411455,115.0
2016-09-22,3,0,21.0,27.0,1,118.0,128.846153846,87.0,0.827677977379,215.0,37.9774146522,110.0
2016-09-23,4,0,21.0,27.0,1,118.0,129.538461538,87.0,0.872447626624,215.0,37.5430325086,110.0
2016-09-24,5,1,22.0,28.0,1,118.0,127.846153846,87.0,0.902721638372,215.0,37.8881880393,158.0
2016-09-25,6,1,23.0,29.0,1,120.0,127.384615385,87.0,1.0243902439,215.0,37.4793039537,177.0
2016-09-26,0,0,24.0,31.0,1,121.0,134.307692308,87.0,1.16660112728,215.0,37.6918367318,88.0
2016-09-27,1,0,25.0,30.0,0,120.0,133.461538462,87.0,1.11506524318,215.0,38.587792778,99.0
2016-09-28,2,0,22.0,28.0,0,118.0,132.615384615,87.0,0.969116080937,215.0,39.2085910161,90.0
2016-09-29,3,0,22.0,25.0,0,115.0,128.076923077,87.0,0.736604174977,215.0,40.4445708793,113.0
2016-09-30,4,0,23.0,28.0,0,115.0,120.230769231,87.0,0.799258965198,215.0,31.7881299717,125.0
2016-10-01,5,1,24.0,29.0,0,118.0,115.307692308,87.0,0.870488322718,215.0,24.9842553972,176.0
2016-10-02,6,1,24.0,32.0,1,120.0,119.769230769,87.0,1.09350237718,215.0,29.7842339454,180.0
2016-10-03,0,1,22.0,26.0,1,120.0,126.538461538,87.0,1.22532161508,215.0,32.5732674363,187.0
2016-10-04,1,1,22.0,26.0,1,120.0,132.923076923,87.0,1.33826247689,215.0,35.5299690153,162.0
2016-10-05,2,1,22.0,27.0,1,120.0,136.538461538,87.0,1.27916817797,215.0,35.9114624611,156.0
2016-10-06,3,1,22.0,26.0,0,120.0,140.076923077,87.0,1.21804148577,215.0,35.3846153846,135.0
2016-10-07,4,1,20.0,25.0,0,121.0,142.0,87.0,1.12518628912,215.0,34.3623228372,188.0
2016-10-08,5,0,17.0,22.0,0,121.0,144.307692308,87.0,1.19020996397,215.0,36.3114404845,128.0
2016-10-09,6,0,18.0,22.0,1,121.0,140.538461538,87.0,1.11647481124,215.0,35.2499108228,116.0
2016-10-10,0,0,18.0,22.0,1,121.0,142.692307692,87.0,1.05999263894,215.0,32.7399652633,93.0
2016-10-11,1,0,19.0,25.0,1,118.0,142.230769231,87.0,0.830253757083,215.0,33.3885144834,114.0
2016-10-12,2,0,19.0,23.0,1,116.0,144.076923077,88.0,0.796056685151,215.0,31.0296670412,130.0
2016-10-13,3,0,19.0,23.0,1,116.0,145.384615385,88.0,0.824464831804,215.0,30.0346939428,110.0
2016-10-14,4,0,19.0,23.0,0,116.0,144.230769231,88.0,0.866055045872,215.0,31.0660681728,123.0
2016-10-15,5,1,21.0,25.0,1,116.0,140.153846154,88.0,0.899628252788,215.0,30.0917728441,155.0
2016-10-16,6,1,20.0,26.0,1,118.0,138.230769231,88.0,0.969515242379,189.0,28.2247950082,168.0
2016-10-17,0,0,20.0,25.0,1,123.0,136.769230769,88.0,1.0819990296,188.0,26.0713631468,112.0
2016-10-18,1,0,20.0,25.0,1,123.0,132.923076923,88.0,1.05034407823,188.0,25.751658762,105.0
2016-10-19,2,0,20.0,24.0,0,118.0,129.0,88.0,0.924591738713,188.0,25.8218750436,128.0
2016-10-20,3,0,20.0,23.0,0,118.0,128.461538462,88.0,0.824077391616,188.0,25.7640637759,114.0
2016-10-21,4,0,0.0,21.0,0,116.0,122.769230769,88.0,0.832134292566,188.0,19.3595686783,154.0
2016-10-22,5,1,19.0,23.0,0,116.0,124.769230769,88.0,0.957215373459,188.0,21.0645668441,182.0
2016-10-23,6,1,18.0,23.0,1,118.0,129.846153846,88.0,1.08695652174,188.0,25.7677381887,235.0
2016-10-24,0,0,20.0,24.0,1,123.0,140.769230769,88.0,1.35565052232,235.0,35.927606369,87.0
2016-10-25,1,0,18.0,22.0,1,118.0,138.692307692,87.0,1.22941822173,235.0,38.1280930455,91.0
2016-10-26,2,0,19.0,21.0,0,116.0,135.692307692,87.0,1.031984008,235.0,40.1734405478,117.0
2016-10-27,3,0,18.0,22.0,0,116.0,136.230769231,87.0,0.74213836478,235.0,39.8712424729,126.0
2016-10-28,4,0,15.0,20.0,0,117.0,136.461538462,87.0,0.86038124678,235.0,39.8026195207,112.0
2016-10-29,5,1,13.0,17.0,1,117.0,133.153846154,87.0,0.920165889062,235.0,39.911143911,188.0
2016-10-30,6,1,14.0,18.0,1,118.0,134.692307692,87.0,1.0741301059,235.0,41.5754820785,184.0
2016-10-31,0,0,13.0,17.0,0,123.0,140.230769231,87.0,1.17976843388,235.0,42.956424873,127.0
