time_stamp,dayofweek,holiday,lt,ht,sunny,m2M,w2A,m1L,d3w3,m1Lar,w2Std,pay_sum
2016-08-01,0,0,23.0,27.0,0,50.0,50.6153846154,24.0,1.13531353135,95.0,18.0535036512,29.0
2016-08-02,1,0,23.0,28.0,1,50.0,49.3846153846,24.0,1.01992570078,95.0,18.9190114457,43.0
2016-08-03,2,0,23.0,29.0,1,49.0,50.8461538462,24.0,0.933062880325,95.0,17.5886596063,42.0
2016-08-04,3,0,23.0,30.0,1,47.0,50.1538461538,24.0,0.781893004115,95.0,17.7454052725,37.0
2016-08-05,4,0,24.0,31.0,1,47.0,49.2307692308,24.0,0.840220385675,95.0,18.0901751752,55.0
2016-08-06,5,1,23.0,30.0,1,49.0,46.1538461538,24.0,0.922865013774,95.0,12.6177296132,80.0
2016-08-07,6,1,23.0,27.0,0,49.0,46.8461538462,24.0,1.1736608666,95.0,14.1195236019,60.0
2016-08-08,0,0,24.0,29.0,1,49.0,47.8461538462,24.0,1.29482071713,95.0,14.5488363471,41.0
2016-08-09,1,0,24.0,31.0,1,47.0,48.0769230769,24.0,1.20666666667,95.0,14.413997142,60.0
2016-08-10,2,0,25.0,31.0,1,47.0,50.5384615385,24.0,1.03603603604,95.0,13.4771338234,46.0
2016-08-11,3,0,26.0,32.0,1,47.0,51.1538461538,24.0,0.950533462658,95.0,13.0669645339,50.0
2016-08-12,4,0,26.0,31.0,1,49.0,51.1538461538,24.0,1.00775193798,95.0,13.0669645339,54.0
2016-08-13,5,1,25.0,29.0,0,50.0,51.0,24.0,1.00908173562,95.0,13.020693589,59.0
2016-08-14,6,1,24.0,32.0,1,50.0,50.4615384615,24.0,1.10997616616,95.0,12.52453214,75.0
2016-08-15,0,0,25.0,31.0,0,50.0,54.0,24.0,1.24462098643,95.0,12.4591640663,57.0
2016-08-16,1,0,24.0,32.0,1,51.0,55.0769230769,24.0,1.24106562703,95.0,12.0604983853,53.0
2016-08-17,2,0,24.0,31.0,1,51.0,55.9230769231,24.0,1.1734855693,95.0,11.4855195687,40.0
2016-08-18,3,0,24.0,28.0,0,50.0,56.1538461538,24.0,0.949667616334,95.0,11.1275552215,59.0
2016-08-19,4,0,24.0,27.0,0,51.0,56.4615384615,28.0,0.954174513497,95.0,11.1466820494,45.0
2016-08-20,5,1,24.0,27.0,1,51.0,53.7692307692,28.0,0.913415794481,95.0,9.19158349255,92.0
2016-08-21,6,1,23.0,31.0,1,52.0,56.2307692308,28.0,1.21324667286,95.0,13.7065612932,91.0
2016-08-22,0,0,24.0,31.0,1,53.0,60.0769230769,28.0,1.33450395083,92.0,15.755153191,53.0
2016-08-23,1,0,24.0,31.0,1,53.0,59.5384615385,28.0,1.36930664346,92.0,15.8677970194,53.0
2016-08-24,2,0,23.0,29.0,1,53.0,60.0769230769,28.0,1.13218390805,92.0,15.5140707273,57.0
2016-08-25,3,0,20.0,25.0,0,53.0,60.6153846154,28.0,0.920903954802,92.0,15.2746066878,51.0
2016-08-26,4,0,19.0,27.0,1,53.0,60.3846153846,29.0,0.912698412698,92.0,15.3949964976,74.0
2016-08-27,5,1,20.0,28.0,1,53.0,61.5384615385,29.0,1.03703703704,92.0,15.8046506525,84.0
2016-08-28,6,1,20.0,28.0,1,53.0,62.2307692308,29.0,1.16694584031,92.0,16.5583065195,69.0
2016-08-29,0,0,20.0,27.0,1,54.0,63.1538461538,29.0,1.23840698309,92.0,16.575450586,46.0
2016-08-30,1,0,19.0,25.0,1,53.0,62.6153846154,29.0,1.09823399558,92.0,17.0046982718,52.0
2016-08-31,2,0,18.0,23.0,0,53.0,63.5384615385,37.0,0.917078528281,92.0,16.0509543671,42.0
2016-09-01,3,0,18.0,20.0,0,53.0,62.2307692308,37.0,0.773908236595,92.0,17.0300812869,40.0
2016-09-02,4,0,20.0,25.0,1,53.0,61.8461538462,37.0,0.749440715884,92.0,17.4657738001,64.0
2016-09-03,5,1,20.0,26.0,0,53.0,59.6923076923,40.0,0.813143971039,92.0,15.1930379571,76.0
2016-09-04,6,1,21.0,27.0,1,53.0,58.5384615385,40.0,1.00166944908,92.0,13.2119723364,77.0
2016-09-05,0,0,21.0,26.0,0,53.0,60.3846153846,40.0,1.1877394636,92.0,13.9644519105,72.0
2016-09-06,1,0,22.0,28.0,1,53.0,61.8461538462,40.0,1.21261115602,92.0,14.1086234069,61.0
2016-09-07,2,0,20.0,26.0,0,53.0,62.1538461538,40.0,1.11287758347,92.0,14.0430445628,39.0
2016-09-08,3,0,20.0,27.0,1,53.0,61.2307692308,39.0,0.926225094238,92.0,15.1004525972,36.0
2016-09-09,4,0,20.0,28.0,1,53.0,58.3076923077,36.0,0.737727149444,92.0,15.9970411465,36.0
2016-09-10,5,1,19.0,26.0,0,53.0,54.6153846154,36.0,0.630861040068,92.0,15.1583359222,36.0
2016-09-11,6,1,19.0,26.0,1,53.0,52.0769230769,36.0,0.644007155635,92.0,15.2993792657,36.0
2016-09-12,0,0,19.0,24.0,0,52.0,51.3076923077,36.0,0.653950953678,92.0,15.8278460335,36.0
2016-09-13,1,0,18.0,24.0,1,52.0,50.0769230769,36.0,0.664206642066,92.0,16.3399535752,36.0
2016-09-14,2,0,19.0,26.0,1,51.0,49.6153846154,36.0,0.677328316087,92.0,16.64349474,36.0
2016-09-15,3,1,20.0,27.0,1,51.0,49.3076923077,36.0,0.687022900763,92.0,16.8540550491,36.0
2016-09-16,4,1,19.0,27.0,1,51.0,47.1538461538,36.0,0.712871287129,92.0,16.6264208362,36.0
2016-09-17,5,1,16.0,25.0,1,51.0,44.0769230769,36.0,0.748440748441,92.0,14.5784959574,36.0
2016-09-18,6,0,15.0,23.0,1,51.0,40.9230769231,36.0,0.775026910657,92.0,11.1456203089,36.0
2016-09-19,0,0,16.0,23.0,1,50.0,38.1538461538,36.0,0.783460282916,91.0,6.64305483304,36.0
2016-09-20,1,0,17.0,24.0,1,50.0,36.2307692308,36.0,0.797342192691,84.0,0.799408065032,36.0
2016-09-21,2,0,17.0,24.0,1,50.0,36.0,36.0,0.802675585284,84.0,0.0,36.0
2016-09-22,3,0,18.0,24.0,1,47.0,36.0,36.0,0.806270996641,84.0,0.0,36.0
2016-09-23,4,0,20.0,24.0,0,46.0,36.0,36.0,0.832369942197,84.0,0.0,36.0
2016-09-24,5,1,20.0,25.0,1,46.0,36.0,36.0,0.872727272727,84.0,0.0,36.0
2016-09-25,6,1,19.0,25.0,1,46.0,36.0,36.0,0.918367346939,84.0,0.0,36.0
2016-09-26,0,0,19.0,24.0,1,46.0,36.0,36.0,0.96256684492,77.0,0.0,36.0
2016-09-27,1,0,12.0,24.0,0,46.0,36.0,36.0,0.995850622407,77.0,0.0,36.0
2016-09-28,2,0,10.0,16.0,1,45.0,36.0,36.0,1.0,77.0,0.0,36.0
2016-09-29,3,0,14.0,20.0,1,43.0,36.0,36.0,1.0,77.0,0.0,36.0
2016-09-30,4,0,17.0,23.0,1,43.0,36.0,36.0,1.0,77.0,0.0,36.0
2016-10-01,5,1,18.0,24.0,1,42.0,36.0,36.0,1.0,77.0,0.0,36.0
2016-10-02,6,1,18.0,23.0,1,42.0,36.0,36.0,1.0,77.0,0.0,36.0
2016-10-03,0,1,15.0,24.0,1,42.0,36.0,36.0,1.0,77.0,0.0,36.0
2016-10-04,1,1,13.0,20.0,1,41.0,36.0,36.0,1.0,72.0,0.0,36.0
2016-10-05,2,1,10.0,17.0,1,40.0,36.0,36.0,1.0,61.0,0.0,36.0
2016-10-06,3,1,12.0,19.0,1,40.0,36.0,36.0,1.0,39.0,0.0,36.0
2016-10-07,4,1,12.0,18.0,0,39.0,36.0,36.0,1.0,36.0,0.0,36.0
2016-10-08,5,0,9.0,16.0,1,36.0,36.0,36.0,1.0,36.0,0.0,36.0
2016-10-09,6,0,11.0,16.0,1,36.0,36.0,36.0,1.0,36.0,0.0,36.0
2016-10-10,0,0,12.0,19.0,1,36.0,36.0,36.0,1.0,36.0,0.0,36.0
2016-10-11,1,0,11.0,18.0,1,36.0,36.0,36.0,1.0,36.0,0.0,36.0
2016-10-12,2,0,14.0,18.0,1,36.0,36.0,36.0,1.0,36.0,0.0,36.0
2016-10-13,3,0,16.0,21.0,1,36.0,36.0,36.0,1.0,36.0,0.0,36.0
2016-10-14,4,0,16.0,22.0,1,36.0,36.0,36.0,1.0,36.0,0.0,36.0
2016-10-15,5,1,16.0,22.0,1,36.0,36.0,36.0,1.0,36.0,0.0,36.0
2016-10-16,6,1,14.0,20.0,0,36.0,36.0,36.0,1.0,36.0,0.0,36.0
2016-10-17,0,0,12.0,18.0,1,36.0,36.0,36.0,1.0,36.0,0.0,36.0
2016-10-18,1,0,14.0,20.0,1,36.0,36.0,36.0,1.0,36.0,0.0,36.0
2016-10-19,2,0,14.0,23.0,1,36.0,36.0,36.0,1.0,36.0,0.0,66.0
2016-10-20,3,0,11.0,17.0,1,36.0,38.3076923077,36.0,1.22666666667,66.0,7.99408065032,66.0
2016-10-21,4,0,9.0,20.0,1,36.0,40.6153846154,36.0,1.4358974359,66.0,10.8240363688,79.0
2016-10-22,5,1,7.0,11.0,1,36.0,43.9230769231,36.0,1.70919400567,79.0,14.7620174693,161.0
2016-10-23,6,1,7.0,13.0,1,36.0,53.5384615385,36.0,2.15189873418,161.0,34.278531933,144.0
2016-10-24,0,0,12.0,16.0,0,36.0,61.8461538462,36.0,2.42424242424,161.0,41.3741765502,56.0
2016-10-25,1,0,10.0,17.0,1,36.0,63.3846153846,36.0,2.23667905824,161.0,40.7516653016,57.0
2016-10-26,2,0,7.0,14.0,1,36.0,65.0,36.0,1.56183530842,161.0,40.0442063417,68.0
2016-10-27,3,0,8.0,13.0,0,36.0,67.4615384615,36.0,1.06879244169,161.0,39.1596640683,83.0
2016-10-28,4,0,4.0,10.0,1,36.0,71.0769230769,36.0,1.179138322,161.0,38.2470944869,95.0
2016-10-29,5,1,5.0,9.0,1,36.0,75.6153846154,36.0,1.32793522267,161.0,37.3044407782,185.0
2016-10-30,6,1,2.0,14.0,0,36.0,87.0769230769,36.0,1.74855491329,185.0,45.3863102682,177.0
2016-10-31,0,0,-2.0,4.0,1,36.0,97.9230769231,36.0,1.99781420765,185.0,48.6169668681,78.0
