time_stamp,dayofweek,holiday,lt,ht,sunny,m2M,w2A,m1L,d3w3,m1Lar,w2Std,pay_sum
2016-08-01,0,0,27.0,37.0,1,927.0,929.923076923,694.0,1.14962512224,1269.0,152.747383983,790.0
2016-08-02,1,0,27.0,35.0,0,919.0,937.307692308,694.0,0.983020554066,1269.0,143.184326933,842.0
2016-08-03,2,0,26.0,32.0,0,919.0,937.230769231,694.0,0.926403600241,1269.0,143.235230865,825.0
2016-08-04,3,0,27.0,33.0,0,919.0,932.0,694.0,0.901386748844,1269.0,145.970492276,885.0
2016-08-05,4,0,26.0,33.0,0,919.0,905.692307692,694.0,0.953448404693,1269.0,118.705443214,1271.0
2016-08-06,5,1,26.0,34.0,0,919.0,929.846153846,694.0,1.08218979162,1271.0,153.526668269,910.0
2016-08-07,6,1,27.0,35.0,1,918.0,933.153846154,694.0,1.1083997614,1271.0,152.597432257,800.0
2016-08-08,0,0,26.0,34.0,0,916.0,928.846153846,694.0,1.07936852777,1271.0,155.477847125,617.0
2016-08-09,1,0,26.0,30.0,0,910.0,913.923076923,617.0,0.846104899555,1271.0,174.249803681,778.0
2016-08-10,2,0,27.0,35.0,0,910.0,906.846153846,617.0,0.800948731983,1271.0,177.723573673,907.0
2016-08-11,3,0,27.0,36.0,1,910.0,907.615384615,617.0,0.839349522351,1271.0,177.700932192,901.0
2016-08-12,4,0,27.0,36.0,1,910.0,879.307692308,617.0,0.960017819356,1271.0,143.991658207,1378.0
2016-08-13,5,1,27.0,35.0,1,910.0,908.0,617.0,1.15566679362,1378.0,194.487492182,1070.0
2016-08-14,6,1,28.0,35.0,1,918.0,921.076923077,617.0,1.20152118538,1378.0,199.168835042,1020.0
2016-08-15,0,0,27.0,36.0,1,919.0,938.769230769,617.0,1.23332977702,1378.0,196.942456979,953.0
2016-08-16,1,0,26.0,36.0,1,919.0,947.307692308,617.0,1.07405054355,1378.0,194.958135394,977.0
2016-08-17,2,0,28.0,37.0,1,919.0,959.0,617.0,1.0353601825,1378.0,191.804788582,994.0
2016-08-18,3,0,28.0,37.0,1,919.0,967.384615385,617.0,1.02102102102,1378.0,190.766284096,1022.0
2016-08-19,4,0,28.0,38.0,1,927.0,948.230769231,617.0,1.05881312461,1378.0,170.772972932,1479.0
2016-08-20,5,1,27.0,37.0,0,927.0,992.0,617.0,1.20606656659,1479.0,220.920103901,1139.0
2016-08-21,6,1,27.0,35.0,0,953.0,1018.07692308,617.0,1.24075399666,1479.0,216.68462071,942.0
2016-08-22,0,0,27.0,36.0,1,942.0,1043.07692308,617.0,1.20412650093,1479.0,185.467999122,992.0
2016-08-23,1,0,27.0,35.0,0,942.0,1059.53846154,617.0,1.03155421282,1479.0,170.067685794,958.0
2016-08-24,2,0,27.0,35.0,1,942.0,1063.46153846,617.0,0.964337518131,1479.0,167.06544797,988.0
2016-08-25,3,0,26.0,35.0,1,953.0,1070.15384615,617.0,0.974654989384,1479.0,162.092018573,1070.0
2016-08-26,4,0,25.0,34.0,0,957.0,1046.46153846,617.0,1.01063918908,1479.0,135.729717501,1434.0
2016-08-27,5,1,23.0,31.0,1,957.0,1074.46153846,617.0,1.14011459915,1479.0,170.729933108,1286.0
2016-08-28,6,1,21.0,31.0,1,957.0,1094.92307692,617.0,1.20864227059,1479.0,178.729043543,1183.0
2016-08-29,0,0,21.0,32.0,1,957.0,1112.61538462,617.0,1.21186716967,1479.0,175.152477951,1248.0
2016-08-30,1,0,21.0,32.0,1,957.0,1133.46153846,617.0,1.1293924616,1479.0,173.893696699,1368.0
2016-08-31,2,0,21.0,33.0,1,957.0,1162.23076923,617.0,1.1305538196,1479.0,179.294838334,2047.0
2016-09-01,3,0,23.0,33.0,0,957.0,1241.07692308,617.0,1.3201404224,2047.0,290.919090401,2060.0
2016-09-02,4,0,22.0,34.0,1,957.0,1285.76923077,617.0,1.50639702848,2060.0,360.373983917,1793.0
2016-09-03,5,1,23.0,35.0,1,957.0,1336.07692308,617.0,1.57629677126,2060.0,381.408616243,1342.0
2016-09-04,6,1,24.0,32.0,1,957.0,1366.84615385,617.0,1.37026046818,2060.0,364.118925237,856.0
2016-09-05,0,0,24.0,30.0,0,953.0,1356.38461538,617.0,1.05674265894,2060.0,376.482206845,674.0
2016-09-06,1,0,23.0,28.0,0,942.0,1334.53846154,617.0,0.769715242881,2060.0,406.044638581,651.0
2016-09-07,2,0,21.0,27.0,0,919.0,1308.61538462,651.0,0.592695255177,2060.0,436.924485372,724.0
2016-09-08,3,0,22.0,30.0,1,919.0,1282.0,651.0,0.563670875629,2060.0,460.548836465,817.0
2016-09-09,4,0,22.0,29.0,1,919.0,1234.53846154,651.0,0.619944567,2060.0,474.033853933,887.0
2016-09-10,5,1,22.0,28.0,0,910.0,1203.84615385,651.0,0.694110920526,2060.0,482.548817164,804.0
2016-09-11,6,1,21.0,25.0,0,910.0,1174.69230769,651.0,0.721249245104,2060.0,494.234977534,863.0
2016-09-12,0,0,21.0,27.0,1,910.0,1145.07692308,651.0,0.73858789167,2060.0,500.45079087,876.0
2016-09-13,1,0,21.0,28.0,0,907.0,1107.23076923,651.0,0.738032011377,2060.0,500.764823329,875.0
2016-09-14,2,0,21.0,25.0,0,907.0,1017.07692308,651.0,0.762388077114,2060.0,422.907056808,964.0
2016-09-15,3,1,22.0,25.0,0,910.0,932.769230769,651.0,0.795534458509,2060.0,297.137925458,1133.0
2016-09-16,4,1,23.0,27.0,0,942.0,882.0,651.0,0.882514513088,2060.0,178.534633572,813.0
2016-09-17,5,1,22.0,27.0,1,942.0,841.307692308,651.0,0.882700882701,2060.0,119.616299774,977.0
2016-09-18,6,0,22.0,26.0,0,953.0,850.615384615,651.0,0.895033376202,2060.0,124.984638109,737.0
2016-09-19,0,0,20.0,27.0,1,953.0,855.461538462,651.0,0.792374143581,2060.0,119.126703965,810.0
2016-09-20,1,0,19.0,26.0,1,942.0,867.692307692,651.0,0.812764655686,2060.0,104.808532107,760.0
2016-09-21,2,0,19.0,26.0,1,910.0,870.461538462,651.0,0.792130201895,2060.0,101.395353698,811.0
2016-09-22,3,0,20.0,27.0,1,910.0,870.0,651.0,0.873745435864,2060.0,101.650986601,858.0
2016-09-23,4,0,20.0,29.0,1,910.0,867.769230769,651.0,0.939724543485,2060.0,101.571614634,1149.0
2016-09-24,5,1,21.0,30.0,1,942.0,894.307692308,651.0,1.10256861709,2060.0,124.030631834,867.0
2016-09-25,6,1,21.0,30.0,1,942.0,894.615384615,651.0,1.12375366569,2060.0,123.957522788,947.0
2016-09-26,0,0,24.0,31.0,1,947.0,900.076923077,651.0,1.14029517597,2060.0,124.579577002,627.0
2016-09-27,1,0,23.0,28.0,0,942.0,881.0,627.0,0.940709482244,2060.0,144.374512986,906.0
2016-09-28,2,0,22.0,28.0,0,910.0,876.538461538,627.0,0.945788761131,2060.0,142.626254668,501.0
2016-09-29,3,0,22.0,25.0,0,910.0,827.923076923,501.0,0.789979609671,2060.0,154.167971102,501.0
2016-09-30,4,0,22.0,29.0,0,910.0,803.923076923,501.0,0.758090470231,2060.0,177.189364822,2634.0
2016-10-01,5,1,23.0,30.0,0,942.0,931.384615385,501.0,1.3025955183,2634.0,520.071820256,2391.0
2016-10-02,6,1,22.0,30.0,1,947.0,1058.61538462,501.0,1.82946814322,2634.0,644.409274925,1670.0
2016-10-03,0,1,21.0,27.0,0,953.0,1124.76923077,501.0,2.13240329336,2634.0,659.458537082,1193.0
2016-10-04,1,1,20.0,27.0,1,953.0,1158.07692308,501.0,1.64839129685,2634.0,651.07537807,1067.0
2016-10-05,2,1,21.0,27.0,1,958.0,1177.76923077,501.0,1.22705133009,2634.0,644.114198409,981.0
2016-10-06,3,1,22.0,27.0,0,964.0,1187.23076923,501.0,1.01918238994,2634.0,640.239276647,1009.0
2016-10-07,4,1,20.0,23.0,0,977.0,1176.46153846,501.0,0.952514488689,2634.0,641.966883328,1160.0
2016-10-08,5,0,17.0,22.0,0,977.0,1199.0,501.0,0.973168358126,2634.0,635.820487487,706.0
2016-10-09,6,0,16.0,22.0,1,977.0,1180.46153846,501.0,0.889487036693,2634.0,646.324354792,677.0
2016-10-10,0,0,15.0,21.0,1,977.0,1184.30769231,501.0,0.791656938283,2634.0,643.16039208,617.0
2016-10-11,1,0,17.0,23.0,1,977.0,1162.07692308,501.0,0.626802055911,2634.0,657.236459209,777.0
2016-10-12,2,0,18.0,25.0,1,964.0,1183.30769231,501.0,0.650092601312,2634.0,639.764305713,729.0
2016-10-13,3,0,18.0,23.0,1,958.0,1200.84615385,501.0,0.670488101442,2634.0,623.743764717,799.0
2016-10-14,4,0,19.0,22.0,0,958.0,1059.69230769,501.0,0.740241180532,2634.0,472.820080371,1292.0
2016-10-15,5,1,20.0,23.0,0,958.0,975.153846154,501.0,0.88746223565,2634.0,290.217914454,943.0
2016-10-16,6,1,20.0,26.0,0,947.0,919.230769231,501.0,0.954988983318,2634.0,209.855317869,970.0
2016-10-17,0,0,20.0,24.0,0,947.0,902.076923077,501.0,0.992736452477,2634.0,195.39170187,878.0
2016-10-18,1,0,20.0,24.0,0,943.0,887.538461538,501.0,0.865627665349,2634.0,189.52272662,788.0
2016-10-19,2,0,20.0,24.0,0,942.0,872.692307692,501.0,0.806782358522,2634.0,189.178948502,910.0
2016-10-20,3,0,21.0,25.0,0,910.0,865.076923077,501.0,0.773887311673,2634.0,185.495370682,888.0
2016-10-21,4,0,21.0,25.0,0,906.0,844.153846154,501.0,0.84323795549,2634.0,165.288952655,1423.0
2016-10-22,5,1,20.0,23.0,0,906.0,899.307692308,501.0,1.10249696223,2634.0,220.418617326,946.0
2016-10-23,6,1,17.0,23.0,0,906.0,920.0,501.0,1.15785918697,2634.0,211.003098774,1008.0
2016-10-24,0,0,19.0,24.0,1,906.0,950.076923077,501.0,1.21248025276,2634.0,192.74633052,806.0
2016-10-25,1,0,19.0,23.0,1,888.0,952.307692308,501.0,1.00508002403,2634.0,190.889168253,859.0
2016-10-26,2,0,19.0,24.0,0,887.0,962.307692308,501.0,0.97992851251,2634.0,182.133249875,1027.0
2016-10-27,3,0,18.0,24.0,0,887.0,979.846153846,501.0,0.985918072113,2634.0,176.45214917,1073.0
2016-10-28,4,0,15.0,19.0,0,887.0,963.0,501.0,1.08890851549,2634.0,154.99578158,1602.0
2016-10-29,5,1,12.0,15.0,0,887.0,1013.69230769,617.0,1.29812749842,2634.0,229.853259081,1043.0
2016-10-30,6,1,14.0,18.0,1,887.0,1019.30769231,617.0,1.27911377163,2391.0,229.608826089,976.0
2016-10-31,0,0,12.0,17.0,0,887.0,1026.84615385,617.0,1.22308354866,1670.0,226.432481413,822.0
