time_stamp,dayofweek,holiday,lt,ht,sunny,m2M,w2A,m1L,d3w3,m1Lar,w2Std,pay_sum
2016-08-01,0,0,29.0,37.0,0,108.0,99.2307692308,80.0,0.952380952381,139.0,15.5373190745,89.0
2016-08-02,1,0,29.0,36.0,0,107.0,99.6153846154,80.0,0.951423785595,139.0,15.2140545425,93.0
2016-08-03,2,0,29.0,35.0,0,106.0,96.1538461538,80.0,0.894514767932,139.0,10.4649315764,80.0
2016-08-04,3,0,27.0,34.0,0,106.0,93.7692307692,80.0,0.88618298664,139.0,10.341505962,101.0
2016-08-05,4,0,27.0,34.0,0,105.0,94.9230769231,80.0,0.925832066227,139.0,10.2466620341,97.0
2016-08-06,5,1,26.0,31.0,0,105.0,95.6153846154,80.0,0.947511929107,138.0,10.0578210023,91.0
2016-08-07,6,1,27.0,31.0,0,105.0,93.7692307692,80.0,0.992615490297,138.0,8.39554686132,95.0
2016-08-08,0,0,27.0,32.0,0,104.0,94.1538461538,80.0,0.974517906336,138.0,8.32832196457,90.0
2016-08-09,1,0,27.0,32.0,0,104.0,93.0,80.0,0.947476828012,138.0,7.76580274715,89.0
2016-08-10,2,0,27.0,33.0,0,104.0,92.3846153846,80.0,0.964958619475,138.0,7.74138192333,82.0
2016-08-11,3,0,27.0,34.0,1,104.0,91.5384615385,80.0,0.93347639485,138.0,8.21457789182,91.0
2016-08-12,4,0,29.0,35.0,0,104.0,91.7692307692,80.0,0.934546103085,138.0,8.15384615385,148.0
2016-08-13,5,1,28.0,36.0,0,104.0,94.5384615385,80.0,1.10938310005,148.0,16.4485930407,161.0
2016-08-14,6,1,28.0,36.0,0,104.0,100.538461538,80.0,1.35021097046,161.0,23.7506773494,164.0
2016-08-15,0,0,28.0,35.0,0,104.0,106.307692308,80.0,1.53896209533,164.0,28.8160868944,151.0
2016-08-16,1,0,28.0,36.0,1,105.0,110.769230769,80.0,1.51471758154,164.0,30.8299401086,105.0
2016-08-17,2,0,28.0,36.0,1,105.0,112.692307692,80.0,1.33143128864,164.0,29.6060924483,88.0
2016-08-18,3,0,29.0,37.0,1,104.0,111.692307692,80.0,1.09310454401,164.0,30.1977702065,83.0
2016-08-19,4,0,29.0,36.0,1,104.0,110.615384615,80.0,0.879120879121,164.0,30.9429710212,81.0
2016-08-20,5,1,28.0,35.0,0,101.0,109.846153846,80.0,0.814742967992,164.0,31.5395872219,85.0
2016-08-21,6,1,28.0,36.0,0,100.0,109.076923077,80.0,0.804263565891,164.0,32.0107230554,95.0
2016-08-22,0,0,28.0,33.0,0,99.0,109.461538462,80.0,0.840579710145,164.0,31.8085991871,83.0
2016-08-23,1,0,28.0,34.0,0,99.0,109.0,80.0,0.851132686084,164.0,32.1439071868,84.0
2016-08-24,2,0,29.0,35.0,1,97.0,109.153846154,80.0,0.846253229974,164.0,32.0188553917,93.0
2016-08-25,3,0,27.0,36.0,1,97.0,109.307692308,80.0,0.843060959792,164.0,31.9359566233,71.0
2016-08-26,4,0,21.0,26.0,0,95.0,103.384615385,71.0,0.814449917898,164.0,31.3455639397,109.0
2016-08-27,5,1,20.0,23.0,0,95.0,99.3846153846,71.0,0.888671875,164.0,26.7136912795,105.0
2016-08-28,6,1,19.0,29.0,1,97.0,94.8461538462,71.0,0.923226433431,164.0,19.3464214693,121.0
2016-08-29,0,0,20.0,30.0,1,97.0,92.5384615385,71.0,1.06909206957,164.0,13.3797515477,138.0
2016-08-30,1,0,23.0,31.0,1,97.0,95.0769230769,71.0,1.13501714998,164.0,17.8776247711,122.0
2016-08-31,2,0,23.0,26.0,0,97.0,97.6923076923,71.0,1.16620752984,164.0,19.096454022,103.0
2016-09-01,3,0,21.0,29.0,1,97.0,99.2307692308,71.0,1.10502283105,164.0,18.6512686562,128.0
2016-09-02,4,0,22.0,33.0,1,97.0,102.846153846,71.0,1.08448540707,164.0,19.3106035194,165.0
2016-09-03,5,1,24.0,34.0,1,99.0,109.0,71.0,1.21435142594,165.0,24.6514159369,158.0
2016-09-04,6,1,25.0,30.0,1,99.0,113.846153846,71.0,1.38683886839,165.0,27.4558278915,138.0
2016-09-05,0,0,25.0,30.0,1,99.0,118.076923077,71.0,1.42614075793,165.0,26.6009298231,162.0
2016-09-06,1,0,24.0,30.0,1,99.0,124.076923077,71.0,1.3803496082,165.0,27.0312114144,147.0
2016-09-07,2,0,24.0,31.0,1,99.0,128.230769231,71.0,1.31219726993,165.0,26.0684124982,156.0
2016-09-08,3,0,24.0,32.0,1,99.0,134.769230769,71.0,1.32252559727,165.0,21.0755193244,156.0
2016-09-09,4,0,22.0,27.0,0,99.0,138.384615385,71.0,1.26498553121,165.0,20.3641406608,150.0
2016-09-10,5,1,20.0,24.0,0,100.0,141.846153846,71.0,1.23993558776,165.0,18.0931187678,114.0
2016-09-11,6,1,21.0,30.0,1,100.0,141.307692308,71.0,1.11865761087,165.0,18.7960086409,209.0
2016-09-12,0,0,23.0,31.0,1,101.0,146.769230769,71.0,1.19944211994,209.0,25.9826979299,158.0
2016-09-13,1,0,24.0,32.0,1,103.0,149.538461538,71.0,1.18633616969,209.0,25.0986220419,182.0
2016-09-14,2,0,24.0,31.0,1,103.0,155.615384615,71.0,1.31088825215,209.0,22.5270383233,180.0
2016-09-15,3,1,24.0,29.0,1,103.0,159.615384615,71.0,1.19499023325,209.0,21.8756572175,240.0
2016-09-16,4,1,23.0,28.0,1,105.0,165.384615385,71.0,1.3236587511,240.0,30.660770379,148.0
2016-09-17,5,1,22.0,30.0,1,105.0,164.615384615,71.0,1.23143631436,240.0,30.9603678708,137.0
2016-09-18,6,0,21.0,30.0,1,105.0,164.538461538,71.0,1.13231963766,240.0,31.0275693404,157.0
2016-09-19,0,0,22.0,30.0,1,105.0,164.153846154,71.0,0.947481243301,240.0,31.0875838531,173.0
2016-09-20,1,0,21.0,25.0,1,105.0,166.153846154,71.0,0.984920383845,240.0,30.7542271112,164.0
2016-09-21,2,0,20.0,27.0,1,109.0,166.769230769,71.0,1.02213945789,240.0,30.6246603652,142.0
2016-09-22,3,0,20.0,29.0,1,109.0,165.692307692,71.0,0.98681499794,240.0,31.2247057395,188.0
2016-09-23,4,0,22.0,31.0,1,112.0,168.615384615,71.0,1.01053492891,240.0,31.3970563577,169.0
2016-09-24,5,1,24.0,32.0,1,114.0,172.846153846,103.0,1.01732925586,240.0,27.1742133248,171.0
2016-09-25,6,1,25.0,33.0,1,121.0,169.923076923,103.0,1.06569785044,240.0,25.0920199955,189.0
2016-09-26,0,0,26.0,35.0,1,122.0,172.307692308,103.0,1.05905905906,240.0,25.3176272293,176.0
2016-09-27,1,0,22.0,27.0,1,128.0,171.846153846,103.0,1.06380867322,240.0,25.1911039055,178.0
2016-09-28,2,0,16.0,25.0,0,137.0,171.692307692,103.0,1.07068914522,240.0,25.1469056527,153.0
2016-09-29,3,0,15.0,17.0,0,138.0,165.0,103.0,1.00059206631,240.0,15.9855704164,149.0
2016-09-30,4,0,16.0,18.0,0,138.0,165.076923077,114.0,0.947586615339,240.0,15.9057877152,162.0
2016-10-01,5,1,17.0,19.0,0,142.0,167.0,114.0,0.903163017032,240.0,13.7617083018,143.0
2016-10-02,6,1,18.0,24.0,1,143.0,165.923076923,114.0,0.901061823956,240.0,14.9946736105,122.0
2016-10-03,0,1,19.0,29.0,1,143.0,162.0,114.0,0.856655632461,240.0,18.8148877222,142.0
2016-10-04,1,1,20.0,30.0,1,143.0,160.307692308,114.0,0.82647984567,240.0,19.5345241339,107.0
2016-10-05,2,1,21.0,29.0,1,143.0,157.615384615,107.0,0.770508826584,240.0,23.8151162776,125.0
2016-10-06,3,1,21.0,27.0,1,143.0,152.769230769,107.0,0.805600430802,240.0,23.5475095732,134.0
2016-10-07,4,1,21.0,28.0,1,143.0,150.076923077,107.0,0.791950665368,240.0,23.5387129197,171.0
2016-10-08,5,0,18.0,25.0,1,147.0,150.076923077,107.0,0.920278223649,240.0,23.5387129197,165.0
2016-10-09,6,0,16.0,24.0,1,148.0,148.230769231,107.0,1.00330878429,240.0,21.2427502426,217.0
2016-10-10,0,0,17.0,24.0,1,148.0,151.384615385,107.0,1.16408799074,240.0,27.3088840477,176.0
2016-10-11,1,0,17.0,23.0,1,149.0,151.230769231,107.0,1.17017930167,240.0,27.1637593585,193.0
2016-10-12,2,0,17.0,21.0,1,149.0,154.307692308,107.0,1.20949432405,240.0,29.3660835643,205.0
2016-10-13,3,0,17.0,20.0,1,149.0,158.615384615,107.0,1.17852376553,240.0,32.2383872033,193.0
2016-10-14,4,0,17.0,20.0,1,149.0,161.0,107.0,1.20452461021,240.0,33.5215200683,169.0
2016-10-15,5,1,18.0,23.0,1,150.0,163.0,107.0,1.15631691649,217.0,33.1616089431,192.0
2016-10-16,6,1,18.0,24.0,1,153.0,168.384615385,107.0,1.12876935615,217.0,31.7188089347,156.0
2016-10-17,0,0,19.0,26.0,1,156.0,169.461538462,107.0,1.05986059861,217.0,31.0350060034,147.0
2016-10-18,1,0,20.0,25.0,1,156.0,172.538461538,107.0,1.02452654455,217.0,26.3135396111,147.0
2016-10-19,2,0,20.0,23.0,0,156.0,174.230769231,107.0,0.933125972006,217.0,23.7880184649,46.0
2016-10-20,3,0,19.0,23.0,0,156.0,167.461538462,46.0,0.728363324764,217.0,40.7480351289,182.0
2016-10-21,4,0,19.0,25.0,0,156.0,168.307692308,46.0,0.798212005109,217.0,40.92654699,155.0
2016-10-22,5,1,18.0,20.0,0,156.0,167.538461538,46.0,0.812128922816,217.0,41.0751944321,154.0
2016-10-23,6,1,15.0,19.0,0,156.0,162.692307692,46.0,1.03064651553,217.0,38.5953058433,186.0
2016-10-24,0,0,14.0,17.0,0,156.0,163.461538462,46.0,1.0248447205,217.0,38.9508869942,157.0
2016-10-25,1,0,14.0,16.0,0,157.0,160.692307692,46.0,1.01325178389,217.0,38.0210156773,179.0
2016-10-26,2,0,14.0,17.0,0,157.0,158.692307692,46.0,1.04693140794,217.0,36.2817704075,165.0
2016-10-27,3,0,14.0,18.0,1,158.0,156.538461538,46.0,0.995529061103,217.0,34.9892629346,158.0
2016-10-28,4,0,11.0,16.0,0,158.0,155.692307692,46.0,1.00139636944,217.0,34.8102209026,169.0
2016-10-29,5,1,10.0,12.0,0,158.0,153.923076923,46.0,0.98027495517,217.0,33.4789521444,208.0
2016-10-30,6,1,11.0,15.0,1,162.0,157.923076923,46.0,1.06882429328,217.0,36.4617007461,174.0
2016-10-31,0,0,11.0,14.0,0,162.0,160.0,46.0,1.10144927536,217.0,36.5492291827,166.0
