time_stamp,dayofweek,holiday,lt,ht,sunny,m2M,w2A,m1L,d3w3,m1Lar,w2Std,pay_sum
2016-08-01,0,0,27.0,35.0,1,72.0,74.2307692308,45.0,0.836485918453,150.0,22.5802972187,43.0
2016-08-02,1,0,26.0,36.0,0,72.0,72.1538461538,43.0,0.757769263516,150.0,24.0667218497,47.0
2016-08-03,2,0,25.0,30.0,0,72.0,70.6923076923,43.0,0.642934196332,150.0,24.956530255,54.0
2016-08-04,3,0,25.0,32.0,0,72.0,68.3846153846,43.0,0.621359223301,150.0,25.0062714027,44.0
2016-08-05,4,0,26.0,32.0,0,72.0,64.2307692308,43.0,0.641451006415,150.0,24.2142801038,68.0
2016-08-06,5,1,26.0,34.0,0,72.0,60.0,43.0,0.776608187135,150.0,17.4311833748,113.0
2016-08-07,6,1,26.0,34.0,0,72.0,60.2307692308,43.0,1.06685633001,150.0,18.0986775809,95.0
2016-08-08,0,0,26.0,34.0,1,72.0,62.5384615385,43.0,1.28761371589,150.0,20.3341901717,43.0
2016-08-09,1,0,27.0,34.0,1,70.0,61.8461538462,43.0,1.19353304803,150.0,20.8284057289,107.0
2016-08-10,2,0,27.0,34.0,1,70.0,66.0,43.0,1.1319011319,150.0,23.8198365944,56.0
2016-08-11,3,0,27.0,35.0,1,70.0,66.8461538462,43.0,0.970553592462,150.0,23.2473196266,56.0
2016-08-12,4,0,28.0,35.0,1,70.0,66.2307692308,43.0,1.06336489439,150.0,23.4197610385,72.0
2016-08-13,5,1,28.0,36.0,1,72.0,65.9230769231,43.0,0.927887039839,150.0,23.3154341039,71.0
2016-08-14,6,1,27.0,36.0,1,72.0,66.8461538462,43.0,1.03403481424,150.0,23.2605514646,85.0
2016-08-15,0,0,27.0,36.0,1,72.0,70.0769230769,43.0,1.16653875672,132.0,22.6323850283,61.0
2016-08-16,1,0,27.0,36.0,1,72.0,71.1538461538,43.0,1.10264227642,123.0,21.8274567878,61.0
2016-08-17,2,0,27.0,35.0,1,72.0,71.6923076923,43.0,1.04545454545,123.0,21.4812426778,37.0
2016-08-18,3,0,27.0,36.0,1,71.0,71.1538461538,37.0,0.807926829268,123.0,22.2428766604,54.0
2016-08-19,4,0,29.0,37.0,1,71.0,70.0769230769,37.0,0.778289810548,123.0,22.7036477532,75.0
2016-08-20,5,1,27.0,36.0,0,71.0,67.1538461538,37.0,0.850627722265,123.0,19.1586339398,79.0
2016-08-21,6,1,27.0,33.0,0,71.0,65.9230769231,37.0,1.0497098158,123.0,17.7956846042,90.0
2016-08-22,0,0,27.0,34.0,1,72.0,69.5384615385,37.0,1.18908382066,113.0,17.5438588186,79.0
2016-08-23,1,0,25.0,34.0,1,72.0,67.3846153846,37.0,1.18095238095,113.0,14.2155844142,76.0
2016-08-24,2,0,24.0,34.0,1,72.0,68.9230769231,37.0,1.1486169714,113.0,13.980544385,62.0
2016-08-25,3,0,25.0,34.0,1,71.0,69.3846153846,37.0,1.00462962963,113.0,13.6412184293,66.0
2016-08-26,4,0,23.0,29.0,1,70.0,68.9230769231,37.0,0.945757997218,113.0,13.646422684,122.0
2016-08-27,5,1,20.0,29.0,1,71.0,72.8461538462,37.0,1.15180833909,122.0,19.6775786262,155.0
2016-08-28,6,1,19.0,30.0,1,72.0,78.2307692308,37.0,1.51736341517,155.0,29.4282800829,116.0
2016-08-29,0,0,20.0,31.0,1,72.0,82.4615384615,37.0,1.6582278481,155.0,30.5780599692,66.0
2016-08-30,1,0,21.0,31.0,1,72.0,82.8461538462,37.0,1.45982239549,155.0,30.3361834064,80.0
2016-08-31,2,0,22.0,32.0,1,72.0,86.1538461538,37.0,1.11750906377,155.0,27.3547806365,73.0
2016-09-01,3,0,22.0,33.0,1,72.0,87.6153846154,37.0,0.924050632911,155.0,26.075448109,64.0
2016-09-02,4,0,22.0,34.0,1,72.0,86.7692307692,37.0,0.920271416455,155.0,26.6433823394,100.0
2016-09-03,5,1,23.0,34.0,1,72.0,88.3846153846,37.0,0.986883198001,155.0,26.7597242182,167.0
2016-09-04,6,1,22.0,33.0,1,72.0,94.3076923077,37.0,1.31115072292,167.0,34.0031324697,152.0
2016-09-05,0,0,24.0,33.0,1,72.0,99.9230769231,37.0,1.57459601654,167.0,36.9145823562,68.0
2016-09-06,1,0,22.0,26.0,0,72.0,99.3076923077,37.0,1.44862436833,167.0,37.3721093359,72.0
2016-09-07,2,0,20.0,26.0,1,72.0,100.076923077,37.0,1.07195301028,167.0,36.6930333745,76.0
2016-09-08,3,0,21.0,30.0,1,72.0,100.846153846,37.0,0.783460282916,167.0,36.0701158085,78.0
2016-09-09,4,0,23.0,32.0,1,72.0,97.4615384615,37.0,0.818395799384,167.0,35.9906299443,81.0
2016-09-10,5,1,21.0,30.0,1,72.0,91.7692307692,37.0,0.850063302586,167.0,32.0795977487,175.0
2016-09-11,6,1,20.0,28.0,1,72.0,96.3076923077,37.0,1.15491009682,175.0,38.680912835,150.0
2016-09-12,0,0,20.0,30.0,1,73.0,102.769230769,37.0,1.3540103385,175.0,40.0694663076,65.0
2016-09-13,1,0,21.0,30.0,1,72.0,101.615384615,37.0,1.30784708249,175.0,40.9155574352,61.0
2016-09-14,2,0,22.0,28.0,1,72.0,100.692307692,37.0,0.926019124308,175.0,41.6789646545,89.0
2016-09-15,3,1,21.0,23.0,0,72.0,102.615384615,37.0,0.713101160862,175.0,40.5017349325,203.0
2016-09-16,4,1,21.0,23.0,0,72.0,110.538461538,54.0,1.12545831341,203.0,48.4999847496,149.0
2016-09-17,5,1,21.0,27.0,1,73.0,109.153846154,61.0,1.41007194245,203.0,47.1051951305,162.0
2016-09-18,6,0,20.0,28.0,1,75.0,109.923076923,61.0,1.60800875958,203.0,47.8739716314,87.0
2016-09-19,0,0,17.0,26.0,1,75.0,111.384615385,61.0,1.23296158612,203.0,46.8508902494,66.0
2016-09-20,1,0,18.0,26.0,1,73.0,110.923076923,61.0,0.982226379794,203.0,47.2643328501,69.0
2016-09-21,2,0,17.0,24.0,1,72.0,110.384615385,61.0,0.693533270853,203.0,47.6970220995,81.0
2016-09-22,3,0,19.0,27.0,1,72.0,110.615384615,61.0,0.669456066946,203.0,47.546800364,66.0
2016-09-23,4,0,19.0,28.0,1,72.0,109.461538462,61.0,0.680207841285,203.0,48.4253833385,156.0
2016-09-24,5,1,21.0,29.0,1,73.0,108.0,61.0,0.959164292498,203.0,46.6805840053,202.0
2016-09-25,6,1,21.0,28.0,1,75.0,112.0,61.0,1.3110698825,203.0,52.0295773871,182.0
2016-09-26,0,0,23.0,30.0,1,76.0,121.0,61.0,1.5859030837,203.0,53.2266561328,83.0
2016-09-27,1,0,23.0,30.0,0,76.0,122.692307692,61.0,1.36489843636,203.0,51.6175054018,88.0
2016-09-28,2,0,19.0,23.0,0,76.0,122.615384615,61.0,1.02631196395,203.0,51.6683781609,70.0
2016-09-29,3,0,17.0,19.0,0,76.0,112.384615385,61.0,0.703136396791,203.0,47.7582670436,94.0
2016-09-30,4,0,18.0,21.0,0,78.0,108.153846154,61.0,0.731070496084,203.0,46.7527805078,131.0
2016-10-01,5,1,20.0,24.0,0,79.0,105.769230769,61.0,0.872522922212,203.0,44.6906526901,204.0
2016-10-02,6,1,20.0,24.0,0,79.0,114.769230769,61.0,1.23916811092,204.0,51.2972541568,194.0
2016-10-03,0,1,18.0,26.0,1,80.0,124.615384615,61.0,1.44713445493,204.0,53.2389944735,180.0
2016-10-04,1,1,20.0,25.0,1,81.0,133.153846154,61.0,1.50756390193,204.0,52.5310840636,169.0
2016-10-05,2,1,20.0,26.0,1,81.0,139.923076923,61.0,1.37329286798,204.0,51.0225614326,136.0
2016-10-06,3,1,19.0,25.0,1,81.0,145.307692308,61.0,1.25859608148,204.0,46.4234433737,159.0
2016-10-07,4,1,17.0,20.0,0,81.0,145.538461538,61.0,1.19943130412,204.0,46.4834385472,125.0
2016-10-08,5,0,14.0,22.0,1,81.0,139.615384615,61.0,1.10149488592,204.0,43.7361643381,83.0
2016-10-09,6,0,13.0,21.0,1,83.0,132.0,61.0,0.964013659049,204.0,44.3083600377,80.0
2016-10-10,0,0,16.0,21.0,1,83.0,131.769230769,61.0,0.752351097179,204.0,44.5700034451,65.0
2016-10-11,1,0,16.0,20.0,1,83.0,130.0,61.0,0.596546310832,204.0,46.678936116,65.0
2016-10-12,2,0,16.0,19.0,1,83.0,129.615384615,61.0,0.552922590837,204.0,47.18953349,82.0
2016-10-13,3,0,17.0,20.0,1,82.0,128.692307692,65.0,0.554683411826,204.0,47.9877943061,74.0
2016-10-14,4,0,16.0,18.0,1,82.0,124.307692308,65.0,0.597458772641,204.0,50.1327232537,132.0
2016-10-15,5,1,18.0,21.0,0,83.0,118.769230769,65.0,0.801335559265,204.0,44.7061411134,226.0
2016-10-16,6,1,17.0,23.0,1,83.0,121.230769231,65.0,1.18032786885,226.0,49.4137225508,178.0
2016-10-17,0,0,18.0,22.0,1,87.0,121.076923077,65.0,1.40959894806,226.0,49.2332932045,77.0
2016-10-18,1,0,18.0,23.0,1,87.0,114.0,65.0,1.2704701532,226.0,48.4418763532,62.0
2016-10-19,2,0,19.0,22.0,1,87.0,108.307692308,62.0,0.839957604663,226.0,49.8495962724,78.0
2016-10-20,3,0,19.0,21.0,0,83.0,102.076923077,62.0,0.578666666667,226.0,48.1575324222,56.0
2016-10-21,4,0,19.0,21.0,0,83.0,96.7692307692,56.0,0.53883161512,226.0,49.1311492079,132.0
2016-10-22,5,1,18.0,21.0,0,87.0,100.538461538,56.0,0.753647825471,226.0,49.805182592,167.0
2016-10-23,6,1,15.0,18.0,1,88.0,107.230769231,56.0,1.01748351963,226.0,52.3746178193,195.0
2016-10-24,0,0,16.0,20.0,1,89.0,117.230769231,56.0,1.40680620817,226.0,55.6640387243,68.0
2016-10-25,1,0,14.0,17.0,1,88.0,117.461538462,56.0,1.27976190476,226.0,55.4528425915,89.0
2016-10-26,2,0,16.0,18.0,0,88.0,118.0,56.0,1.07007143943,226.0,55.138985231,61.0
2016-10-27,3,0,15.0,17.0,0,87.0,117.0,56.0,0.693715194909,226.0,56.0384483396,63.0
2016-10-28,4,0,11.0,15.0,0,87.0,111.692307692,56.0,0.698475159862,226.0,57.6119440279,145.0
2016-10-29,5,1,8.0,12.0,0,88.0,105.461538462,56.0,0.85600636436,226.0,48.5855556006,243.0
2016-10-30,6,1,10.0,17.0,1,89.0,110.461538462,56.0,1.33156185415,243.0,58.1888376616,215.0
2016-10-31,0,0,10.0,15.0,0,89.0,121.076923077,56.0,1.66943521595,243.0,63.4646619278,94.0
