time_stamp,dayofweek,holiday,lt,ht,sunny,m2M,w2A,m1L,d3w3,m1Lar,w2Std,pay_sum
2016-08-01,0,0,25.0,34.0,0,126.0,131.384615385,110.0,0.865454545455,167.0,13.5222805401,135.0
2016-08-02,1,0,24.0,27.0,0,127.0,130.076923077,110.0,0.873880416364,167.0,12.225204346,126.0
2016-08-03,2,0,26.0,30.0,0,126.0,128.230769231,110.0,0.910652920962,167.0,10.807076358,124.0
2016-08-04,3,0,26.0,33.0,0,126.0,126.692307692,110.0,0.951674700284,167.0,9.83232201532,110.0
2016-08-05,4,0,27.0,34.0,0,126.0,124.153846154,110.0,0.909090909091,167.0,9.55024086564,119.0
2016-08-06,5,1,27.0,35.0,1,126.0,123.923076923,110.0,0.902351738241,167.0,9.63536385854,123.0
2016-08-07,6,1,27.0,36.0,1,126.0,122.538461538,110.0,0.912744716712,167.0,8.2798679348,105.0
2016-08-08,0,0,28.0,36.0,0,126.0,121.461538462,105.0,0.907189542484,167.0,9.49182145619,108.0
2016-08-09,1,0,27.0,35.0,1,126.0,119.384615385,105.0,0.893854748603,167.0,9.25317792843,247.0
2016-08-10,2,0,28.0,32.0,0,126.0,129.538461538,105.0,1.17812780125,247.0,35.1253040165,220.0
2016-08-11,3,0,26.0,33.0,0,127.0,136.461538462,105.0,1.43088216996,247.0,42.6066361473,182.0
2016-08-12,4,0,26.0,28.0,0,127.0,140.384615385,105.0,1.59185675742,247.0,44.2397984095,213.0
2016-08-13,5,1,25.0,31.0,0,129.0,147.846153846,105.0,1.45959416162,247.0,47.5537690067,192.0
2016-08-14,6,1,26.0,32.0,0,130.0,154.153846154,105.0,1.3682983683,247.0,47.5537690067,171.0
2016-08-15,0,0,26.0,31.0,0,131.0,156.923076923,105.0,1.31868131868,247.0,47.4057145832,130.0
2016-08-16,1,0,25.0,32.0,0,131.0,157.230769231,105.0,1.1306042885,247.0,47.2166102555,137.0
2016-08-17,2,0,26.0,31.0,0,131.0,158.230769231,105.0,0.996927278935,247.0,46.6363243144,114.0
2016-08-18,3,0,25.0,29.0,0,131.0,158.538461538,105.0,0.871953312736,247.0,46.3292819593,136.0
2016-08-19,4,0,26.0,31.0,0,132.0,159.846153846,105.0,0.884167237834,247.0,45.4259264396,130.0
2016-08-20,5,1,27.0,34.0,1,131.0,160.384615385,105.0,0.864029104138,247.0,45.0256994334,154.0
2016-08-21,6,1,26.0,35.0,0,132.0,164.153846154,105.0,0.940860215054,247.0,42.1934120885,138.0
2016-08-22,0,0,27.0,35.0,1,132.0,166.461538462,105.0,0.944388497259,247.0,39.8122814152,123.0
2016-08-23,1,0,27.0,35.0,1,131.0,156.923076923,105.0,0.929659498208,247.0,33.7694936033,103.0
2016-08-24,2,0,28.0,36.0,1,131.0,147.923076923,103.0,0.821206993796,247.0,31.2569045627,125.0
2016-08-25,3,0,27.0,35.0,0,131.0,143.538461538,103.0,0.787878787879,247.0,30.1473697912,119.0
2016-08-26,4,0,26.0,35.0,0,131.0,136.307692308,103.0,0.778900112233,247.0,23.0597371904,137.0
2016-08-27,5,1,25.0,32.0,0,131.0,132.076923077,103.0,0.851206434316,247.0,16.59222032,128.0
2016-08-28,6,1,26.0,33.0,1,131.0,128.769230769,103.0,0.851346857333,247.0,12.2106753178,151.0
2016-08-29,0,0,25.0,32.0,1,132.0,130.384615385,103.0,0.909289617486,247.0,13.5790475566,99.0
2016-08-30,1,0,26.0,34.0,1,131.0,127.461538462,99.0,0.868366643694,247.0,15.7559043127,124.0
2016-08-31,2,0,26.0,33.0,0,131.0,128.230769231,99.0,0.888572107389,247.0,15.3179324079,136.0
2016-09-01,3,0,25.0,33.0,0,134.0,128.230769231,99.0,0.867149758454,247.0,15.3179324079,109.0
2016-09-02,4,0,28.0,33.0,0,134.0,126.615384615,99.0,0.926204819277,247.0,16.1318531605,114.0
2016-09-03,5,1,25.0,29.0,0,131.0,123.538461538,99.0,0.928368244117,247.0,14.3291815463,141.0
2016-09-04,6,1,26.0,32.0,0,134.0,123.769230769,99.0,0.952380952381,247.0,14.5821484444,121.0
2016-09-05,0,0,26.0,31.0,0,131.0,123.615384615,99.0,0.987265327557,247.0,14.5999918943,101.0
2016-09-06,1,0,26.0,32.0,0,131.0,123.461538462,99.0,0.966839792249,247.0,14.8252144082,121.0
2016-09-07,2,0,26.0,32.0,0,130.0,123.153846154,99.0,0.911022576361,247.0,14.8315990831,103.0
2016-09-08,3,0,26.0,32.0,0,130.0,121.923076923,99.0,0.874714035796,220.0,15.7600348421,104.0
2016-09-09,4,0,26.0,32.0,0,130.0,119.384615385,99.0,0.892152862777,213.0,15.7847953206,125.0
2016-09-10,5,1,25.0,30.0,0,130.0,119.153846154,99.0,0.913845306909,213.0,15.6787271552,127.0
2016-09-11,6,1,26.0,30.0,0,128.0,117.307692308,99.0,0.984377160238,192.0,13.0052333572,126.0
2016-09-12,0,0,25.0,32.0,1,127.0,119.384615385,99.0,1.04391052196,171.0,12.0354505942,91.0
2016-09-13,1,0,26.0,34.0,1,126.0,116.846153846,91.0,0.954759922287,154.0,14.097714784,113.0
2016-09-14,2,0,26.0,34.0,1,126.0,115.076923077,91.0,0.92050209205,154.0,12.9820084879,133.0
2016-09-15,3,1,26.0,33.0,1,126.0,116.923076923,91.0,0.934553521908,154.0,13.6745779767,112.0
2016-09-16,4,1,26.0,34.0,1,126.0,116.769230769,91.0,1.00322264257,154.0,13.7177809719,111.0
2016-09-17,5,1,26.0,33.0,1,125.0,114.461538462,91.0,1.00479819362,154.0,11.8426568265,133.0
2016-09-18,6,0,25.0,32.0,1,125.0,115.384615385,91.0,1.01251422071,154.0,12.7492893409,113.0
2016-09-19,0,0,24.0,31.0,1,125.0,116.307692308,91.0,1.00932994063,151.0,12.091857498,108.0
2016-09-20,1,0,23.0,30.0,1,124.0,115.307692308,91.0,1.00768573868,151.0,12.1995246779,133.0
2016-09-21,2,0,25.0,31.0,1,125.0,117.615384615,91.0,1.00897819581,151.0,12.4871531617,132.0
2016-09-22,3,0,25.0,32.0,1,125.0,119.769230769,91.0,1.05278012983,151.0,12.3671640064,120.0
2016-09-23,4,0,25.0,32.0,1,125.0,119.384615385,91.0,1.0838963964,151.0,12.2759205297,108.0
2016-09-24,5,1,25.0,32.0,1,124.0,117.923076923,91.0,1.0278372591,151.0,12.4125342262,174.0
2016-09-25,6,1,26.0,33.0,1,125.0,121.615384615,91.0,1.12227805695,174.0,19.4245620148,127.0
2016-09-26,0,0,27.0,35.0,1,125.0,124.384615385,91.0,1.12952223143,174.0,17.3140159388,118.0
2016-09-27,1,0,28.0,35.0,1,124.0,124.769230769,91.0,1.15857873635,174.0,17.1111922264,110.0
2016-09-28,2,0,27.0,35.0,1,124.0,123.0,91.0,0.978770333609,174.0,17.3560009573,99.0
2016-09-29,3,0,22.0,25.0,0,124.0,122.0,91.0,0.903439701616,174.0,18.3093082674,117.0
2016-09-30,4,0,20.0,24.0,0,124.0,122.461538462,91.0,0.903672903673,174.0,18.1006391074,139.0
2016-10-01,5,1,20.0,25.0,0,124.0,122.923076923,91.0,0.979175286167,174.0,18.4368424564,137.0
2016-10-02,6,1,23.0,30.0,1,124.0,124.769230769,91.0,1.07907742998,174.0,18.5520218519,134.0
2016-10-03,0,1,26.0,32.0,1,125.0,126.769230769,91.0,1.10616484554,174.0,18.0305460737,128.0
2016-10-04,1,1,25.0,31.0,1,125.0,126.384615385,91.0,1.06999195495,174.0,17.9466665494,100.0
2016-10-05,2,1,25.0,32.0,1,125.0,123.923076923,91.0,0.983829324636,174.0,19.161104587,96.0
2016-10-06,3,1,26.0,33.0,1,125.0,122.076923077,91.0,0.886335658597,174.0,20.5555964248,98.0
2016-10-07,4,1,26.0,33.0,1,125.0,121.307692308,91.0,0.808580858086,174.0,21.243585875,143.0
2016-10-08,5,0,24.0,31.0,1,125.0,118.923076923,91.0,0.92303478499,174.0,16.377571617,122.0
2016-10-09,6,0,23.0,28.0,1,125.0,118.538461538,91.0,0.990585345886,174.0,16.2415203183,126.0
2016-10-10,0,0,24.0,28.0,1,125.0,119.153846154,91.0,1.05919003115,174.0,16.3605818678,97.0
2016-10-11,1,0,24.0,29.0,1,124.0,118.153846154,91.0,0.948453608247,174.0,17.2619909443,109.0
2016-10-12,2,0,21.0,25.0,0,123.0,118.923076923,96.0,0.921454343603,174.0,16.6014899167,116.0
2016-10-13,3,0,23.0,28.0,1,122.0,118.846153846,96.0,0.895190436475,174.0,16.6125353682,105.0
2016-10-14,4,0,23.0,30.0,1,121.0,116.230769231,96.0,0.918580375783,174.0,15.8946234071,110.0
2016-10-15,5,1,22.0,30.0,1,121.0,114.153846154,96.0,0.946660946661,174.0,14.7692307692,148.0
2016-10-16,6,1,24.0,32.0,1,121.0,115.230769231,96.0,1.02891156463,174.0,16.5768784579,130.0
2016-10-17,0,0,24.0,32.0,1,121.0,115.384615385,96.0,1.09419063734,174.0,16.7034702131,100.0
2016-10-18,1,0,22.0,24.0,0,121.0,115.384615385,96.0,1.07051826678,174.0,16.7034702131,93.0
2016-10-19,2,0,23.0,26.0,0,120.0,115.153846154,93.0,0.917092561045,174.0,16.9879874022,117.0
2016-10-20,3,0,24.0,30.0,1,119.0,116.615384615,93.0,0.880181714935,174.0,16.2506258414,102.0
2016-10-21,4,0,23.0,28.0,0,118.0,113.461538462,93.0,0.900043271311,174.0,14.7315223748,124.0
2016-10-22,5,1,24.0,30.0,1,119.0,113.615384615,93.0,0.995068175225,174.0,14.830003172,149.0
2016-10-23,6,1,25.0,31.0,1,119.0,115.384615385,93.0,1.08084738435,174.0,17.3583872945,130.0
2016-10-24,0,0,25.0,29.0,0,120.0,117.923076923,93.0,1.16054715623,149.0,16.8908784599,97.0
2016-10-25,1,0,25.0,30.0,0,118.0,117.0,93.0,1.08419838524,149.0,17.6635217327,121.0
2016-10-26,2,0,25.0,32.0,1,118.0,117.384615385,93.0,0.992725716731,149.0,17.691973241,134.0
2016-10-27,3,0,24.0,32.0,1,118.0,119.615384615,93.0,0.988902935806,149.0,17.8176164405,113.0
2016-10-28,4,0,23.0,32.0,1,118.0,119.846153846,93.0,1.04709062456,149.0,17.7106927886,152.0
2016-10-29,5,1,20.0,27.0,1,118.0,120.153846154,93.0,1.1209439528,152.0,18.2244390178,145.0
2016-10-30,6,1,19.0,27.0,1,118.0,121.307692308,93.0,1.14269788183,152.0,19.2569053165,159.0
2016-10-31,0,0,19.0,26.0,1,120.0,125.846153846,93.0,1.23879380603,159.0,20.6056234066,98.0
