time_stamp,dayofweek,holiday,lt,ht,sunny,m2M,w2A,m1L,d3w3,m1Lar,w2Std,pay_sum
2016-08-01,0,0,27.0,37.0,1,85.0,18.0,18.0,1.0,133.0,0.0,18.0
2016-08-02,1,0,26.0,36.0,0,76.0,18.0,18.0,1.0,133.0,0.0,18.0
2016-08-03,2,0,25.0,31.0,0,69.0,18.0,18.0,1.0,133.0,0.0,18.0
2016-08-04,3,0,25.0,29.0,0,69.0,18.0,18.0,1.0,133.0,0.0,18.0
2016-08-05,4,0,25.0,31.0,0,65.0,18.0,18.0,1.0,64.0,0.0,18.0
2016-08-06,5,1,24.0,32.0,0,64.0,18.0,18.0,1.0,63.0,0.0,18.0
2016-08-07,6,1,25.0,32.0,0,63.0,18.0,18.0,1.0,47.0,0.0,18.0
2016-08-08,0,0,26.0,32.0,0,47.0,18.0,18.0,1.0,18.0,0.0,18.0
2016-08-09,1,0,26.0,32.0,0,18.0,18.0,18.0,1.0,18.0,0.0,18.0
2016-08-10,2,0,26.0,34.0,0,18.0,18.0,18.0,1.0,18.0,0.0,18.0
2016-08-11,3,0,27.0,35.0,0,18.0,18.0,18.0,1.0,18.0,0.0,18.0
2016-08-12,4,0,28.0,38.0,1,18.0,18.0,18.0,1.0,18.0,0.0,18.0
2016-08-13,5,1,28.0,37.0,1,18.0,18.0,18.0,1.0,18.0,0.0,18.0
2016-08-14,6,1,28.0,37.0,1,18.0,18.0,18.0,1.0,18.0,0.0,18.0
2016-08-15,0,0,28.0,37.0,1,18.0,18.0,18.0,1.0,18.0,0.0,18.0
2016-08-16,1,0,27.0,37.0,1,18.0,18.0,18.0,1.0,18.0,0.0,18.0
2016-08-17,2,0,27.0,36.0,1,18.0,18.0,18.0,1.0,18.0,0.0,18.0
2016-08-18,3,0,28.0,37.0,1,18.0,18.0,18.0,1.0,18.0,0.0,18.0
2016-08-19,4,0,27.0,37.0,1,18.0,18.0,18.0,1.0,18.0,0.0,18.0
2016-08-20,5,1,26.0,36.0,1,18.0,18.0,18.0,1.0,18.0,0.0,18.0
2016-08-21,6,1,26.0,34.0,1,18.0,18.0,18.0,1.0,18.0,0.0,18.0
2016-08-22,0,0,27.0,33.0,1,18.0,18.0,18.0,1.0,18.0,0.0,18.0
2016-08-23,1,0,27.0,34.0,1,18.0,18.0,18.0,1.0,18.0,0.0,18.0
2016-08-24,2,0,27.0,34.0,1,18.0,18.0,18.0,1.0,18.0,0.0,18.0
2016-08-25,3,0,24.0,35.0,0,18.0,18.0,18.0,1.0,18.0,0.0,18.0
2016-08-26,4,0,21.0,27.0,0,18.0,18.0,18.0,1.0,18.0,0.0,18.0
2016-08-27,5,1,18.0,27.0,1,18.0,18.0,18.0,1.0,18.0,0.0,21.0
2016-08-28,6,1,18.0,30.0,1,18.0,18.2307692308,18.0,1.04683195592,21.0,0.799408065032,46.0
2016-08-29,0,0,19.0,31.0,1,18.0,20.3846153846,18.0,1.44927536232,46.0,7.43731197863,55.0
2016-08-30,1,0,20.0,31.0,1,18.0,23.2307692308,18.0,1.90031152648,55.0,11.787567415,57.0
2016-08-31,2,0,21.0,32.0,1,18.0,26.2307692308,18.0,2.25553176303,57.0,14.6820342656,39.0
2016-09-01,3,0,21.0,31.0,1,18.0,27.8461538462,18.0,2.06284153005,57.0,14.8419683219,71.0
2016-09-02,4,0,22.0,33.0,1,18.0,31.9230769231,18.0,2.05791743685,71.0,18.4243214611,70.0
2016-09-03,5,1,22.0,33.0,1,18.0,35.9230769231,18.0,2.02360876897,71.0,20.4956338257,63.0
2016-09-04,6,1,22.0,31.0,1,18.0,39.3846153846,18.0,2.13166144201,71.0,20.9708165775,52.0
2016-09-05,0,0,23.0,32.0,1,18.0,42.0,18.0,1.83531746032,71.0,20.2484567313,64.0
2016-09-06,1,0,21.0,31.0,1,18.0,45.5384615385,18.0,1.66202414113,71.0,19.758602351,76.0
2016-09-07,2,0,23.0,32.0,1,18.0,50.0,18.0,1.64948453608,76.0,19.5841380086,66.0
2016-09-08,3,0,22.0,32.0,1,18.0,53.6923076923,18.0,1.66666666667,76.0,17.6303262127,77.0
2016-09-09,4,0,21.0,31.0,0,18.0,58.2307692308,18.0,1.65345413364,77.0,15.2978321549,77.0
2016-09-10,5,1,22.0,32.0,1,18.0,62.5384615385,18.0,1.55697098372,77.0,11.6593665524,78.0
2016-09-11,6,1,20.0,31.0,1,18.0,65.0,18.0,1.54357950765,78.0,11.2796617516,74.0
2016-09-12,0,0,22.0,33.0,1,18.0,66.4615384615,18.0,1.44297416509,78.0,11.119043848,82.0
2016-09-13,1,0,21.0,32.0,1,18.0,68.3846153846,18.0,1.39037433155,82.0,11.4726327308,78.0
2016-09-14,2,0,21.0,31.0,1,18.0,71.3846153846,18.0,1.31979695431,82.0,7.9569849483,90.0
2016-09-15,3,1,23.0,31.0,0,18.0,72.8461538462,18.0,1.32908027645,90.0,9.37136517307,95.0
2016-09-16,4,1,22.0,30.0,0,18.0,74.7692307692,18.0,1.31730528425,95.0,11.0115592842,40.0
2016-09-17,5,1,21.0,32.0,1,18.0,73.0,18.0,1.11111111111,95.0,14.1584440692,34.0
2016-09-18,6,0,20.0,31.0,1,18.0,71.6153846154,18.0,0.842052815147,95.0,16.7815762601,36.0
2016-09-19,0,0,18.0,29.0,1,18.0,69.4615384615,18.0,0.555976750063,95.0,19.2378448522,46.0
2016-09-20,1,0,18.0,27.0,1,18.0,67.1538461538,18.0,0.59123343527,95.0,20.0953349115,44.0
2016-09-21,2,0,17.0,28.0,1,18.0,65.4615384615,18.0,0.639756283321,95.0,21.0260475258,39.0
2016-09-22,3,0,17.0,30.0,1,18.0,62.5384615385,18.0,0.671350507416,95.0,21.8442577725,50.0
2016-09-23,4,0,18.0,31.0,1,18.0,60.4615384615,18.0,0.703145651599,95.0,21.6532654656,47.0
2016-09-24,5,1,22.0,32.0,1,18.0,58.0769230769,18.0,0.728246318608,95.0,21.2944974419,61.0
2016-09-25,6,1,23.0,30.0,1,18.0,57.0769230769,21.0,0.839978734716,95.0,20.8232914655,58.0
2016-09-26,0,0,23.0,33.0,1,21.0,55.2307692308,34.0,0.886752136752,95.0,19.5572290241,65.0
2016-09-27,1,0,22.0,32.0,1,34.0,54.2307692308,34.0,0.991646456481,95.0,18.6801163155,12.0
2016-09-28,2,0,16.0,25.0,0,34.0,48.2307692308,12.0,0.760777683855,95.0,18.7540922556,12.0
2016-09-29,3,0,15.0,18.0,0,34.0,41.8461538462,12.0,0.530709600477,95.0,15.6098891429,12.0
2016-09-30,4,0,17.0,20.0,0,34.0,39.6923076923,12.0,0.22792022792,95.0,17.5296874139,12.0
2016-10-01,5,1,17.0,20.0,0,34.0,38.0,12.0,0.243161094225,95.0,18.9979756007,12.0
2016-10-02,6,1,16.0,23.0,0,34.0,36.1538461538,12.0,0.259459459459,95.0,20.2288680007,12.0
2016-10-03,0,1,18.0,29.0,1,34.0,33.5384615385,12.0,0.280701754386,95.0,20.9710987373,12.0
2016-10-04,1,1,17.0,30.0,1,34.0,31.0769230769,12.0,0.304182509506,95.0,21.4707727583,12.0
2016-10-05,2,1,18.0,30.0,1,34.0,29.0,12.0,0.337552742616,95.0,21.9053909768,12.0
2016-10-06,3,1,19.0,29.0,1,34.0,26.0769230769,12.0,0.382165605096,95.0,21.4385043195,12.0
2016-10-07,4,1,19.0,27.0,1,34.0,23.3846153846,12.0,0.4,95.0,20.8309623897,12.0
2016-10-08,5,0,16.0,26.0,1,34.0,19.6153846154,12.0,0.415224913495,95.0,17.9123440958,12.0
2016-10-09,6,0,16.0,24.0,1,34.0,16.0769230769,12.0,0.43321299639,95.0,14.1228758156,12.0
2016-10-10,0,0,16.0,23.0,1,34.0,12.0,12.0,0.461538461538,95.0,0.0,12.0
2016-10-11,1,0,16.0,21.0,1,34.0,12.0,12.0,0.491803278689,95.0,0.0,96.0
2016-10-12,2,0,16.0,19.0,1,36.0,18.4615384615,12.0,1.46788990826,96.0,22.3834258209,127.0
2016-10-13,3,0,15.0,18.0,0,39.0,27.3076923077,12.0,2.51875669882,127.0,36.4108703451,109.0
2016-10-14,4,0,15.0,19.0,1,39.0,34.7692307692,12.0,3.23586744639,127.0,42.0167619412,102.0
2016-10-15,5,1,16.0,23.0,1,40.0,41.6923076923,12.0,3.10804597701,127.0,45.0032214495,144.0
2016-10-16,6,1,16.0,24.0,1,44.0,51.8461538462,12.0,2.9182079737,144.0,51.5704837373,112.0
2016-10-17,0,0,16.0,23.0,1,46.0,59.5384615385,12.0,2.78166278166,144.0,52.5029162335,162.0
2016-10-18,1,0,18.0,25.0,1,46.0,71.0769230769,12.0,2.76455026455,162.0,57.0714283069,174.0
2016-10-19,2,0,18.0,24.0,0,47.0,83.5384615385,12.0,2.55270655271,174.0,60.4007327829,192.0
2016-10-20,3,0,19.0,23.0,0,50.0,97.3846153846,12.0,2.60740740741,192.0,62.9902782017,161.0
2016-10-21,4,0,18.0,24.0,0,52.0,108.846153846,12.0,2.34378474539,192.0,59.8907289009,172.0
2016-10-22,5,1,16.0,21.0,0,55.0,121.153846154,12.0,2.10970464135,192.0,54.9613096835,178.0
2016-10-23,6,1,15.0,18.0,1,57.0,133.923076923,12.0,1.86666666667,192.0,46.7949069196,168.0
2016-10-24,0,0,12.0,16.0,0,58.0,145.923076923,12.0,1.74322732627,192.0,31.4898311754,136.0
2016-10-25,1,0,12.0,16.0,0,61.0,149.0,12.0,1.52652414885,192.0,28.2488937837,176.0
2016-10-26,2,0,13.0,16.0,0,63.0,152.769230769,12.0,1.41031291318,192.0,28.3308851477,140.0
2016-10-27,3,0,12.0,16.0,0,64.0,155.153846154,12.0,1.25712696426,192.0,25.7318902826,178.0
2016-10-28,4,0,9.0,14.0,0,65.0,161.0,12.0,1.28495252959,192.0,21.2313266371,128.0
2016-10-29,5,1,7.0,11.0,0,66.0,159.769230769,12.0,1.10986686575,192.0,22.6007278513,130.0
2016-10-30,6,1,9.0,15.0,0,70.0,161.153846154,12.0,1.03920867596,192.0,20.0378340371,124.0
2016-10-31,0,0,9.0,14.0,0,70.0,158.230769231,12.0,0.875444024292,192.0,22.3405593421,170.0
