time_stamp,dayofweek,holiday,lt,ht,sunny,m2M,w2A,m1L,d3w3,m1Lar,w2Std,pay_sum
2016-08-01,0,0,28.0,34.0,1,392.0,459.538461538,375.0,1.04686235562,585.0,32.1669093817,458.0
2016-08-02,1,0,28.0,34.0,0,397.0,463.461538462,375.0,1.01720925134,585.0,28.4107655235,406.0
2016-08-03,2,0,26.0,32.0,0,399.0,463.846153846,375.0,0.956753014901,585.0,27.5844051646,461.0
2016-08-04,3,0,27.0,32.0,0,401.0,463.615384615,380.0,0.958998299135,585.0,27.5946997741,457.0
2016-08-05,4,0,27.0,33.0,0,406.0,460.538461538,380.0,0.958794988775,585.0,25.8772706462,509.0
2016-08-06,5,1,27.0,33.0,1,407.0,463.230769231,380.0,1.03405797101,585.0,28.7941068921,460.0
2016-08-07,6,1,27.0,34.0,1,416.0,461.615384615,380.0,1.03694008144,585.0,28.3373590364,515.0
2016-08-08,0,0,27.0,34.0,0,421.0,462.538461538,380.0,1.07070707071,515.0,29.8267184936,473.0
2016-08-09,1,0,28.0,34.0,1,422.0,464.538461538,380.0,1.03732359052,515.0,29.588499285,496.0
2016-08-10,2,0,28.0,34.0,1,429.0,467.615384615,380.0,1.05237031521,515.0,30.6030125755,478.0
2016-08-11,3,0,28.0,35.0,1,443.0,472.0,380.0,1.02460612498,515.0,27.5401804363,470.0
2016-08-12,4,0,28.0,34.0,1,447.0,470.538461538,399.0,1.02542252521,515.0,27.0998591669,530.0
2016-08-13,5,1,28.0,35.0,1,449.0,474.0,401.0,1.04334321615,530.0,31.2779106129,515.0
2016-08-14,6,1,28.0,36.0,1,449.0,479.076923077,401.0,1.06562565942,530.0,32.1521898727,566.0
2016-08-15,0,0,28.0,35.0,1,456.0,487.384615385,401.0,1.12566816896,566.0,38.8815527973,475.0
2016-08-16,1,0,28.0,35.0,1,456.0,492.692307692,401.0,1.08405615355,566.0,31.399129374,494.0
2016-08-17,2,0,28.0,35.0,1,457.0,495.230769231,401.0,1.06519551716,566.0,30.0388308852,484.0
2016-08-18,3,0,28.0,36.0,1,458.0,497.307692308,401.0,1.00172354361,566.0,28.2008854618,416.0
2016-08-19,4,0,29.0,36.0,1,458.0,490.153846154,406.0,0.968358167483,566.0,35.2438672327,512.0
2016-08-20,5,1,28.0,37.0,0,460.0,494.153846154,406.0,0.978110279856,566.0,34.5383758779,659.0
2016-08-21,6,1,28.0,35.0,0,461.0,505.230769231,406.0,1.07585926378,659.0,55.9204845447,573.0
2016-08-22,0,0,28.0,35.0,1,462.0,512.923076923,406.0,1.16862666265,659.0,57.8039944567,455.0
2016-08-23,1,0,26.0,34.0,1,462.0,509.769230769,406.0,1.124891645,659.0,59.7277848578,469.0
2016-08-24,2,0,26.0,34.0,1,464.0,509.076923077,406.0,0.997401559065,659.0,60.1427296437,510.0
2016-08-25,3,0,27.0,35.0,1,469.0,512.153846154,406.0,0.950392683169,659.0,59.0786257767,449.0
2016-08-26,4,0,26.0,34.0,0,469.0,505.923076923,406.0,0.952095209521,659.0,61.1045277668,500.0
2016-08-27,5,1,23.0,31.0,1,470.0,504.769230769,406.0,0.968888003453,659.0,61.0638428156,571.0
2016-08-28,6,1,22.0,30.0,1,473.0,505.153846154,406.0,1.00379725937,659.0,61.4627418771,689.0
2016-08-29,0,0,23.0,31.0,1,473.0,521.615384615,406.0,1.1379432968,689.0,77.6961918298,566.0
2016-08-30,1,0,23.0,31.0,1,474.0,527.153846154,406.0,1.17265517131,689.0,78.0954506248,510.0
2016-08-31,2,0,25.0,34.0,1,475.0,529.153846154,406.0,1.12999775921,689.0,77.2934927641,500.0
2016-09-01,3,0,26.0,33.0,1,478.0,535.615384615,416.0,1.00609658783,689.0,70.8025841136,509.0
2016-09-02,4,0,25.0,34.0,1,481.0,535.384615385,416.0,0.971662508795,689.0,70.8840206161,599.0
2016-09-03,5,1,25.0,35.0,1,484.0,530.769230769,416.0,1.02036931277,689.0,64.335842201,683.0
2016-09-04,6,1,25.0,33.0,1,485.0,539.230769231,416.0,1.12397627789,689.0,75.5840376373,721.0
2016-09-05,0,0,25.0,30.0,0,485.0,559.692307692,416.0,1.22857055234,721.0,85.3818433368,527.0
2016-09-06,1,0,22.0,27.0,0,485.0,564.153846154,416.0,1.18082309056,721.0,81.9735850079,453.0
2016-09-07,2,0,20.0,24.0,0,484.0,559.769230769,416.0,1.04314230522,721.0,86.1699160837,480.0
2016-09-08,3,0,22.0,29.0,1,481.0,562.153846154,416.0,0.890108215211,721.0,83.4578162942,486.0
2016-09-09,4,0,23.0,31.0,1,484.0,561.076923077,416.0,0.867173893116,721.0,84.3385681811,517.0
2016-09-10,5,1,24.0,29.0,1,485.0,556.923076923,416.0,0.918237825454,721.0,85.0741410033,609.0
2016-09-11,6,1,23.0,26.0,0,486.0,550.769230769,416.0,0.994785399118,721.0,77.8876447654,580.0
2016-09-12,0,0,23.0,29.0,1,489.0,551.846153846,416.0,1.04075158614,721.0,78.1870008415,537.0
2016-09-13,1,0,23.0,30.0,1,492.0,553.923076923,416.0,1.04644113011,721.0,77.4025059607,484.0
2016-09-14,2,0,22.0,24.0,0,489.0,552.692307692,416.0,0.972956548162,721.0,78.3712904806,482.0
2016-09-15,3,1,23.0,26.0,0,486.0,550.615384615,416.0,0.910660728892,721.0,79.8455609879,503.0
2016-09-16,4,1,23.0,27.0,0,489.0,543.230769231,416.0,0.889817675207,721.0,79.467607185,444.0
2016-09-17,5,1,23.0,27.0,0,489.0,524.846153846,444.0,0.875693231608,721.0,72.3313381959,646.0
2016-09-18,6,0,23.0,28.0,0,494.0,519.076923077,444.0,0.980066445183,721.0,58.033758794,546.0
2016-09-19,0,0,21.0,27.0,0,496.0,520.538461538,444.0,1.008382643,721.0,58.4526309003,481.0
2016-09-20,1,0,20.0,26.0,1,494.0,522.692307692,444.0,1.03396063162,721.0,56.4042887286,472.0
2016-09-21,2,0,20.0,27.0,1,494.0,522.076923077,444.0,0.928834773988,721.0,56.9081061394,445.0
2016-09-22,3,0,21.0,27.0,1,494.0,518.923076923,444.0,0.871435250117,721.0,59.8786741779,456.0
2016-09-23,4,0,21.0,27.0,1,489.0,514.230769231,444.0,0.867450088451,721.0,62.1909637836,555.0
2016-09-24,5,1,22.0,28.0,1,494.0,510.076923077,444.0,0.93118444615,721.0,57.336337704,635.0
2016-09-25,6,1,23.0,29.0,1,496.0,514.307692308,444.0,1.06145611659,721.0,63.9836332623,614.0
2016-09-26,0,0,24.0,31.0,1,500.0,520.230769231,444.0,1.15363709033,721.0,69.1644126436,494.0
2016-09-27,1,0,25.0,30.0,0,500.0,521.0,444.0,1.11026180011,721.0,68.811895215,450.0
2016-09-28,2,0,22.0,28.0,0,500.0,518.538461538,444.0,0.995272773732,721.0,70.7091718396,440.0
2016-09-29,3,0,22.0,25.0,0,500.0,513.692307692,440.0,0.888033365415,721.0,73.7035482033,352.0
2016-09-30,4,0,23.0,28.0,0,500.0,506.615384615,352.0,0.8097799511,721.0,83.7831803035,528.0
2016-10-01,5,1,24.0,29.0,0,500.0,497.538461538,352.0,0.867507886435,721.0,74.0131125437,551.0
2016-10-02,6,1,24.0,32.0,1,503.0,497.923076923,352.0,0.943153732081,721.0,74.2764705869,452.0
2016-10-03,0,1,22.0,26.0,1,503.0,495.692307692,352.0,1.01761382519,721.0,75.1812012258,436.0
2016-10-04,1,1,22.0,26.0,1,500.0,492.923076923,352.0,0.961063247178,646.0,76.6515206718,364.0
2016-10-05,2,1,22.0,27.0,1,500.0,486.692307692,352.0,0.846174641795,646.0,83.2977833442,469.0
2016-10-06,3,1,22.0,26.0,0,500.0,487.692307692,352.0,0.860630722279,646.0,83.0008198434,461.0
2016-10-07,4,1,20.0,25.0,0,500.0,480.461538462,352.0,0.876070546021,646.0,80.88987327,549.0
2016-10-08,5,0,17.0,22.0,0,500.0,473.846153846,352.0,1.01128205128,646.0,70.8778430756,504.0
2016-10-09,6,0,18.0,22.0,1,503.0,465.384615385,352.0,1.03969234995,646.0,59.2537417988,532.0
2016-10-10,0,0,18.0,22.0,1,504.0,468.307692308,352.0,1.08276121187,646.0,61.4884412094,560.0
2016-10-11,1,0,19.0,25.0,1,504.0,476.769230769,352.0,1.08053214177,646.0,65.8040843322,522.0
2016-10-12,2,0,19.0,23.0,1,504.0,483.076923077,352.0,1.08424022572,646.0,65.907232635,478.0
2016-10-13,3,0,19.0,23.0,1,503.0,492.769230769,352.0,1.04564649105,646.0,54.13111411,513.0
2016-10-14,4,0,19.0,23.0,0,504.0,491.615384615,352.0,1.01844372644,646.0,53.5243128962,527.0
2016-10-15,5,1,21.0,25.0,1,509.0,489.769230769,352.0,1.03307472438,646.0,51.8313149274,640.0
2016-10-16,6,1,20.0,26.0,1,510.0,504.230769231,352.0,1.14029729179,646.0,64.0602527027,646.0
2016-10-17,0,0,20.0,25.0,1,510.0,520.384615385,352.0,1.21181739189,646.0,70.9274151852,526.0
2016-10-18,1,0,20.0,25.0,1,510.0,532.846153846,352.0,1.20199004975,646.0,54.7411336746,497.0
2016-10-19,2,0,20.0,24.0,0,510.0,535.0,352.0,1.10088717391,646.0,52.6994380352,458.0
2016-10-20,3,0,20.0,23.0,0,509.0,534.769230769,352.0,0.966741734391,646.0,53.0285175037,422.0
2016-10-21,4,0,0.0,21.0,0,509.0,525.0,352.0,0.908281389136,646.0,60.6566630242,476.0
2016-10-22,5,1,19.0,23.0,0,509.0,522.846153846,352.0,0.901116427432,646.0,61.8495023969,512.0
2016-10-23,6,1,18.0,23.0,1,509.0,521.307692308,352.0,0.931430836306,646.0,61.8514157731,723.0
2016-10-24,0,0,20.0,24.0,1,510.0,533.846153846,352.0,1.09901403475,723.0,81.7461795427,569.0
2016-10-25,1,0,18.0,22.0,1,512.0,537.461538462,352.0,1.1363063744,723.0,82.1804912135,530.0
2016-10-26,2,0,19.0,21.0,0,512.0,541.461538462,352.0,1.14106779396,723.0,80.4359423915,356.0
2016-10-27,3,0,18.0,22.0,0,510.0,529.384615385,352.0,0.920303605313,723.0,94.3801954955,465.0
2016-10-28,4,0,15.0,20.0,0,509.0,524.615384615,352.0,0.861387401173,723.0,95.9339022946,534.0
2016-10-29,5,1,13.0,17.0,1,509.0,516.461538462,356.0,0.86146608176,723.0,90.1081532934,631.0
2016-10-30,6,1,14.0,18.0,1,512.0,515.307692308,356.0,1.02660998268,723.0,88.5241250172,614.0
2016-10-31,0,0,13.0,17.0,0,513.0,522.076923077,356.0,1.11476642542,723.0,92.3642134649,472.0
