time_stamp,dayofweek,holiday,lt,ht,sunny,m2M,w2A,m1L,d3w3,m1Lar,w2Std,pay_sum
2016-08-01,0,0,26.0,32.0,0,79.0,113.384615385,32.0,1.24106562703,188.0,36.5966338543,46.0
2016-08-02,1,0,25.0,28.0,0,79.0,110.846153846,32.0,1.11165764879,188.0,39.889937335,37.0
2016-08-03,2,0,26.0,31.0,0,78.0,106.076923077,32.0,0.860322205614,188.0,44.4651316089,51.0
2016-08-04,3,0,27.0,31.0,0,77.0,103.461538462,32.0,0.44622044622,188.0,46.5776694344,49.0
2016-08-05,4,0,27.0,32.0,0,77.0,98.6923076923,32.0,0.461979430113,188.0,48.6879934898,113.0
2016-08-06,5,1,28.0,34.0,1,78.0,94.4615384615,32.0,0.733850129199,188.0,44.7086558211,118.0
2016-08-07,6,1,28.0,35.0,1,78.0,89.0769230769,32.0,0.962199312715,188.0,36.5985740337,146.0
2016-08-08,0,0,28.0,34.0,1,78.0,93.1538461538,32.0,1.2356604392,188.0,39.634573396,87.0
2016-08-09,1,0,27.0,33.0,1,78.0,93.1538461538,32.0,1.14593535749,188.0,39.634573396,119.0
2016-08-10,2,0,25.0,28.0,0,78.0,95.5384615385,37.0,1.13805366958,188.0,40.1815406999,50.0
2016-08-11,3,0,26.0,31.0,0,78.0,92.1538461538,37.0,0.841966781779,188.0,41.9813990932,71.0
2016-08-12,4,0,26.0,30.0,0,78.0,90.7692307692,37.0,0.805234021137,188.0,42.3577326446,69.0
2016-08-13,5,1,26.0,31.0,0,78.0,87.0769230769,37.0,0.670903954802,188.0,42.0008453,215.0
2016-08-14,6,1,26.0,31.0,0,79.0,90.0769230769,37.0,1.23585726719,215.0,49.0470128291,168.0
2016-08-15,0,0,26.0,30.0,0,80.0,99.4615384615,37.0,1.51423785595,215.0,51.3339224844,40.0
2016-08-16,1,0,25.0,29.0,0,80.0,99.6923076923,37.0,1.4513638703,215.0,51.0586158109,30.0
2016-08-17,2,0,25.0,29.0,0,79.0,98.0769230769,30.0,0.841732979664,215.0,52.8735233123,53.0
2016-08-18,3,0,26.0,30.0,0,78.0,98.3846153846,30.0,0.444685466377,215.0,52.5979503279,72.0
2016-08-19,4,0,26.0,31.0,0,78.0,95.2307692308,30.0,0.565590220763,215.0,52.8556144258,81.0
2016-08-20,5,1,27.0,33.0,1,79.0,92.3846153846,30.0,0.766796947701,215.0,52.5482027235,173.0
2016-08-21,6,1,26.0,31.0,0,80.0,94.4615384615,30.0,1.21551081283,215.0,55.0979762083,156.0
2016-08-22,0,0,26.0,33.0,1,81.0,99.7692307692,30.0,1.44011239902,215.0,57.3989464473,77.0
2016-08-23,1,0,27.0,34.0,1,81.0,96.5384615385,30.0,1.39662882697,215.0,57.4076052113,90.0
2016-08-24,2,0,28.0,34.0,1,81.0,99.6153846154,30.0,1.08919237903,215.0,55.8824844742,80.0
2016-08-25,3,0,28.0,34.0,1,80.0,100.307692308,30.0,0.82005312085,215.0,55.5786132296,64.0
2016-08-26,4,0,26.0,33.0,0,80.0,99.9230769231,30.0,0.796324655436,215.0,55.8107537728,81.0
2016-08-27,5,1,26.0,31.0,0,81.0,89.6153846154,30.0,0.780437044745,215.0,44.9162270858,134.0
2016-08-28,6,1,26.0,31.0,1,81.0,87.0,30.0,0.973821989529,215.0,41.1039956882,167.0
2016-08-29,0,0,25.0,31.0,1,85.0,96.7692307692,30.0,1.2797319933,215.0,43.7776793252,63.0
2016-08-30,1,0,25.0,30.0,1,85.0,99.3076923077,30.0,1.25473974492,215.0,40.6795821312,67.0
2016-08-31,2,0,26.0,30.0,1,81.0,100.384615385,30.0,1.01486417222,215.0,39.6106793322,62.0
2016-09-01,3,0,25.0,30.0,0,81.0,99.6153846154,30.0,0.659114315139,215.0,40.2464302508,44.0
2016-09-02,4,0,25.0,29.0,0,81.0,96.7692307692,30.0,0.601634498348,215.0,42.695980438,52.0
2016-09-03,5,1,26.0,31.0,0,81.0,87.4615384615,30.0,0.600532117066,215.0,37.9931479341,128.0
2016-09-04,6,1,26.0,32.0,0,81.0,85.3076923077,30.0,0.871256320498,215.0,34.6973388813,139.0
2016-09-05,0,0,26.0,30.0,0,85.0,90.0769230769,30.0,1.17300974444,215.0,37.3846153846,23.0
2016-09-06,1,0,26.0,29.0,0,85.0,84.9230769231,23.0,1.07050572167,215.0,41.4384836715,54.0
2016-09-07,2,0,26.0,30.0,0,81.0,82.9230769231,23.0,0.796900940786,215.0,42.247369583,44.0
2016-09-08,3,0,25.0,29.0,0,81.0,81.3846153846,23.0,0.453438261195,215.0,43.2604606497,43.0
2016-09-09,4,0,26.0,31.0,0,81.0,78.4615384615,23.0,0.539919586445,215.0,44.4550168227,55.0
2016-09-10,5,1,25.0,29.0,0,81.0,72.3846153846,23.0,0.583281988088,215.0,41.7659015531,108.0
2016-09-11,6,1,25.0,31.0,0,81.0,67.8461538462,23.0,0.871957671958,215.0,33.6562856259,147.0
2016-09-12,0,0,25.0,32.0,0,85.0,74.3076923077,23.0,1.25633232016,173.0,39.6375591412,58.0
2016-09-13,1,0,27.0,33.0,1,85.0,73.6153846154,23.0,1.29365571399,173.0,39.8372428408,54.0
2016-09-14,2,0,26.0,33.0,1,81.0,73.0,23.0,1.08800672128,173.0,40.0730102918,78.0
2016-09-15,3,1,27.0,33.0,1,81.0,75.6153846154,23.0,0.791172184052,173.0,39.1948553562,218.0
2016-09-16,4,1,27.0,33.0,1,81.0,88.3846153846,23.0,1.34253931722,218.0,53.7566288743,214.0
2016-09-17,5,1,26.0,32.0,1,85.0,95.0,23.0,1.8701870187,218.0,62.7620659561,167.0
2016-09-18,6,0,25.0,32.0,1,85.0,97.1538461538,23.0,2.19655298863,218.0,64.686041954,58.0
2016-09-19,0,0,25.0,32.0,1,81.0,99.8461538462,23.0,1.61426732855,218.0,62.2252065594,40.0
2016-09-20,1,0,23.0,28.0,0,81.0,98.7692307692,23.0,0.989175065323,218.0,63.1239974436,59.0
2016-09-21,2,0,24.0,31.0,1,80.0,99.9230769231,23.0,0.587025612264,218.0,62.2432715406,47.0
2016-09-22,3,0,25.0,31.0,1,78.0,100.230769231,23.0,0.544979469951,218.0,61.9704071388,49.0
2016-09-23,4,0,26.0,31.0,1,77.0,99.7692307692,23.0,0.579547578987,218.0,62.3268726414,70.0
2016-09-24,5,1,26.0,31.0,1,72.0,96.8461538462,23.0,0.64154589372,218.0,62.7618773973,137.0
2016-09-25,6,1,26.0,32.0,1,72.0,96.0769230769,23.0,0.990520410137,218.0,62.2012385957,139.0
2016-09-26,0,0,27.0,33.0,1,72.0,102.307692308,23.0,1.25430487584,218.0,62.1318506396,39.0
2016-09-27,1,0,27.0,33.0,1,71.0,101.153846154,23.0,1.15131578947,218.0,63.1492081123,46.0
2016-09-28,2,0,26.0,32.0,1,70.0,98.6923076923,23.0,0.817816721431,218.0,64.6105309532,46.0
2016-09-29,3,0,24.0,29.0,1,69.0,85.4615384615,23.0,0.47749225442,218.0,55.8399021718,55.0
2016-09-30,4,0,23.0,26.0,0,69.0,73.2307692308,23.0,0.535811919081,218.0,42.0588486001,117.0
2016-10-01,5,1,23.0,28.0,0,70.0,69.3846153846,23.0,0.790714544795,218.0,35.0022822586,221.0
2016-10-02,6,1,24.0,30.0,0,71.0,81.9230769231,23.0,1.37029288703,221.0,53.162250254,271.0
2016-10-03,0,1,24.0,30.0,0,72.0,99.6923076923,23.0,1.91058823529,271.0,71.5911303223,263.0
2016-10-04,1,1,25.0,32.0,1,72.0,115.384615385,23.0,2.15652670666,271.0,82.4812691665,172.0
2016-10-05,2,1,25.0,30.0,1,72.0,125.0,39.0,1.93849533224,271.0,81.2252329116,169.0
2016-10-06,3,1,26.0,32.0,1,72.0,134.230769231,39.0,1.6925879221,271.0,78.8476172472,192.0
2016-10-07,4,1,25.0,31.0,0,72.0,143.615384615,39.0,1.50756611512,271.0,77.8988875812,129.0
2016-10-08,5,0,24.0,30.0,1,72.0,143.0,39.0,1.4086531551,271.0,77.9802736397,55.0
2016-10-09,6,0,22.0,28.0,1,72.0,136.538461538,39.0,1.08232584917,271.0,81.4471186482,71.0
2016-10-10,0,0,23.0,28.0,1,72.0,139.0,39.0,0.72432893055,271.0,78.9059810544,59.0
2016-10-11,1,0,21.0,26.0,1,72.0,140.0,39.0,0.52549353785,271.0,77.7955901459,53.0
2016-10-12,2,0,22.0,26.0,0,71.0,140.538461538,39.0,0.518487037824,271.0,77.1647741321,50.0
2016-10-13,3,0,23.0,28.0,1,70.0,140.153846154,39.0,0.458793542906,271.0,77.6013938751,50.0
2016-10-14,4,0,24.0,30.0,1,70.0,135.0,39.0,0.437017994859,271.0,81.1134058919,51.0
2016-10-15,5,1,24.0,31.0,1,70.0,121.923076923,39.0,0.447805456702,271.0,79.8888280805,155.0
2016-10-16,6,1,24.0,31.0,1,71.0,113.0,39.0,0.75382803298,271.0,68.3902827106,159.0
2016-10-17,0,0,24.0,31.0,1,71.0,105.0,39.0,1.0206935123,271.0,55.1836096068,41.0
2016-10-18,1,0,23.0,27.0,0,70.0,94.9230769231,39.0,0.994815748914,271.0,53.9764357966,31.0
2016-10-19,2,0,24.0,27.0,0,67.0,84.3076923077,31.0,0.651438240271,271.0,51.8939519455,36.0
2016-10-20,3,0,24.0,30.0,0,64.0,72.3076923077,31.0,0.307036247335,271.0,42.8528512926,44.0
2016-10-21,4,0,24.0,27.0,0,63.0,65.7692307692,31.0,0.325704225352,271.0,40.1001704315,24.0
2016-10-22,5,1,24.0,30.0,0,62.0,63.3846153846,24.0,0.334136546185,271.0,41.5646641004,119.0
2016-10-23,6,1,25.0,30.0,1,62.0,67.0769230769,24.0,0.648292598371,271.0,44.1299855121,133.0
2016-10-24,0,0,25.0,31.0,0,62.0,72.7692307692,24.0,1.02621305075,271.0,47.3743745177,58.0
2016-10-25,1,0,25.0,30.0,1,59.0,73.1538461538,24.0,1.23089140361,271.0,47.2323978672,60.0
2016-10-26,2,0,25.0,31.0,1,59.0,73.9230769231,24.0,1.06581740977,271.0,46.929507756,68.0
2016-10-27,3,0,26.0,31.0,1,59.0,75.3076923077,24.0,0.857538035961,271.0,46.4665050835,39.0
2016-10-28,4,0,24.0,32.0,1,59.0,74.3846153846,24.0,0.821042281219,271.0,47.0556764524,151.0
2016-10-29,5,1,22.0,29.0,1,59.0,74.0769230769,24.0,1.18457300275,271.0,46.5377622325,212.0
2016-10-30,6,1,20.0,25.0,1,59.0,78.1538461538,24.0,1.68236032643,271.0,55.2961900953,257.0
2016-10-31,0,0,21.0,27.0,1,59.0,94.7692307692,24.0,2.30783547366,271.0,71.6649832379,67.0
