time_stamp,dayofweek,holiday,lt,ht,sunny,m2M,w2A,m1L,d3w3,m1Lar,w2Std,pay_sum
2016-08-01,0,0,27.0,37.0,1,44.0,55.6923076923,22.0,0.906326034063,77.0,9.80882346418,67.0
2016-08-02,1,0,27.0,35.0,0,45.0,56.0,22.0,0.999390615478,77.0,10.0918855446,55.0
2016-08-03,2,0,26.0,32.0,0,45.0,56.0,22.0,1.0162228344,77.0,10.0918855446,64.0
2016-08-04,3,0,27.0,33.0,0,45.0,55.9230769231,22.0,1.15241635688,77.0,10.0265918626,65.0
2016-08-05,4,0,26.0,33.0,0,49.0,56.1538461538,22.0,1.12641567187,77.0,10.1968785106,74.0
2016-08-06,5,1,26.0,34.0,0,51.0,59.1538461538,22.0,1.20833333333,77.0,9.22243213246,62.0
2016-08-07,6,1,27.0,35.0,1,51.0,60.4615384615,22.0,1.15517241379,77.0,8.2798679348,36.0
2016-08-08,0,0,26.0,34.0,0,51.0,57.9230769231,22.0,0.999709386806,77.0,10.1258354904,81.0
2016-08-09,1,0,26.0,30.0,0,52.0,58.9230769231,22.0,1.0243204578,81.0,11.6054465891,79.0
2016-08-10,2,0,27.0,35.0,0,52.0,61.0,22.0,1.09896271377,81.0,12.5575597825,74.0
2016-08-11,3,0,27.0,36.0,1,52.0,62.0,22.0,1.30217028381,81.0,13.0266000051,95.0
2016-08-12,4,0,27.0,36.0,1,52.0,65.3076923077,22.0,1.34308150555,95.0,15.324111797,80.0
2016-08-13,5,1,27.0,35.0,1,53.0,67.3846153846,22.0,1.30094043887,95.0,15.3449488634,59.0
2016-08-14,6,1,28.0,35.0,1,55.0,68.5384615385,22.0,1.20930232558,95.0,14.0527324724,32.0
2016-08-15,0,0,27.0,36.0,1,55.0,65.8461538462,22.0,0.909816440543,95.0,17.1098089449,85.0
2016-08-16,1,0,26.0,36.0,1,55.0,68.1538461538,32.0,0.923884514436,95.0,17.5097605916,67.0
2016-08-17,2,0,28.0,37.0,1,57.0,68.3846153846,32.0,0.954604409857,95.0,17.4732255027,81.0
2016-08-18,3,0,28.0,37.0,1,58.0,69.6153846154,32.0,1.19029374202,95.0,17.7527396002,79.0
2016-08-19,4,0,28.0,38.0,1,59.0,70.0,32.0,1.13613613614,95.0,17.8971420151,73.0
2016-08-20,5,1,27.0,37.0,0,59.0,70.8461538462,32.0,1.14891518738,95.0,17.7584049606,53.0
2016-08-21,6,1,27.0,35.0,0,59.0,72.1538461538,32.0,1.00416360519,95.0,15.6443460116,48.0
2016-08-22,0,0,27.0,36.0,1,59.0,69.6153846154,32.0,0.864381520119,95.0,16.6481159088,86.0
2016-08-23,1,0,27.0,35.0,0,60.0,70.1538461538,32.0,0.907987375577,95.0,17.0512627723,74.0
2016-08-24,2,0,27.0,35.0,1,60.0,70.1538461538,32.0,1.00265124126,95.0,17.0512627723,71.0
2016-08-25,3,0,26.0,35.0,1,61.0,68.3076923077,32.0,1.1087113031,95.0,15.4888774753,70.0
2016-08-26,4,0,25.0,34.0,0,61.0,67.5384615385,32.0,1.0348977136,95.0,15.1333324644,78.0
2016-08-27,5,1,23.0,31.0,1,62.0,69.0,32.0,1.04211277659,95.0,15.1556031781,53.0
2016-08-28,6,1,21.0,31.0,1,62.0,70.6153846154,32.0,0.944992947814,95.0,11.8940092324,34.0
2016-08-29,0,0,21.0,32.0,1,62.0,66.6923076923,32.0,0.802334062728,95.0,14.6044493504,44.0
2016-08-30,1,0,21.0,32.0,1,62.0,64.9230769231,32.0,0.65369261477,95.0,15.8039018476,27.0
2016-08-31,2,0,21.0,33.0,1,62.0,60.7692307692,27.0,0.543056633049,95.0,17.979278013,24.0
2016-09-01,3,0,23.0,33.0,0,62.0,56.5384615385,24.0,0.519978106185,95.0,19.59048193,16.0
2016-09-02,4,0,22.0,34.0,1,62.0,52.1538461538,16.0,0.387059503177,95.0,21.6824855013,17.0
2016-09-03,5,1,23.0,35.0,1,62.0,49.3846153846,16.0,0.341726618705,95.0,23.6107487306,17.0
2016-09-04,6,1,24.0,32.0,1,61.0,47.0,16.0,0.30385900942,95.0,25.1457291067,17.0
2016-09-05,0,0,24.0,30.0,0,60.0,41.6923076923,16.0,0.330417881438,95.0,23.5874302099,17.0
2016-09-06,1,0,23.0,28.0,0,59.0,37.3076923077,16.0,0.347293156282,95.0,22.444408642,17.0
2016-09-07,2,0,21.0,27.0,0,59.0,33.1538461538,16.0,0.371584699454,95.0,20.7581166844,17.0
2016-09-08,3,0,22.0,30.0,1,59.0,29.0769230769,16.0,0.398593200469,95.0,18.163621879,62.0
2016-09-09,4,0,22.0,29.0,1,60.0,27.8461538462,16.0,0.760095011876,95.0,15.0886924236,55.0
2016-09-10,5,1,22.0,28.0,0,59.0,28.0,16.0,1.05845181675,86.0,15.3522736978,56.0
2016-09-11,6,1,21.0,25.0,0,56.0,29.6923076923,16.0,1.35367762128,86.0,17.0401544566,44.0
2016-09-12,0,0,21.0,27.0,1,55.0,29.6923076923,16.0,1.27572016461,86.0,17.0401544566,72.0
2016-09-13,1,0,21.0,28.0,0,56.0,33.1538461538,16.0,1.41914191419,86.0,20.3841799663,66.0
2016-09-14,2,0,21.0,25.0,0,59.0,36.3846153846,16.0,1.51100041511,86.0,21.9458720896,54.0
2016-09-15,3,1,22.0,25.0,0,59.0,39.3076923077,16.0,1.62642947903,86.0,21.5634470463,18.0
2016-09-16,4,1,23.0,27.0,0,59.0,39.3846153846,16.0,1.26547455296,86.0,21.4853741363,50.0
2016-09-17,5,1,22.0,27.0,1,56.0,41.9230769231,16.0,1.12338858195,86.0,20.6228459517,49.0
2016-09-18,6,0,22.0,26.0,0,56.0,44.3846153846,16.0,1.05548037889,86.0,19.3730124004,69.0
2016-09-19,0,0,20.0,27.0,1,56.0,48.3846153846,16.0,1.46596858639,86.0,18.661100889,78.0
2016-09-20,1,0,19.0,26.0,1,56.0,53.0769230769,16.0,1.60327198364,86.0,17.8302316239,84.0
2016-09-21,2,0,19.0,26.0,1,59.0,58.2307692308,16.0,1.76,84.0,16.2724583087,95.0
2016-09-22,3,0,20.0,27.0,1,61.0,60.7692307692,16.0,1.79594689029,95.0,19.006694554,82.0
2016-09-23,4,0,20.0,29.0,1,61.0,62.8461538462,16.0,1.70755642787,95.0,19.7244329307,100.0
2016-09-24,5,1,21.0,30.0,1,61.0,66.2307692308,16.0,1.67574107683,100.0,21.9129531281,69.0
2016-09-25,6,1,21.0,30.0,1,62.0,68.1538461538,16.0,1.45002888504,100.0,20.953597649,57.0
2016-09-26,0,0,24.0,31.0,1,62.0,67.0,16.0,1.26186487996,100.0,21.1223541811,85.0
2016-09-27,1,0,23.0,28.0,0,62.0,68.4615384615,16.0,1.1146328579,100.0,21.6532654656,92.0
2016-09-28,2,0,22.0,28.0,0,64.0,71.3846153846,16.0,1.16679132386,100.0,22.0647245849,83.0
2016-09-29,3,0,22.0,25.0,0,65.0,76.3846153846,16.0,1.2763868434,100.0,15.9061597238,92.0
2016-09-30,4,0,22.0,29.0,0,65.0,79.6153846154,16.0,1.27598566308,100.0,14.414407651,83.0
2016-10-01,5,1,23.0,30.0,0,66.0,82.2307692308,17.0,1.20956399437,100.0,11.3892921787,39.0
2016-10-02,6,1,22.0,30.0,1,66.0,79.9230769231,17.0,1.00682192425,100.0,15.9588969084,47.0
2016-10-03,0,1,21.0,27.0,0,66.0,77.5384615385,17.0,0.80938697318,100.0,18.2234649438,48.0
2016-10-04,1,1,20.0,27.0,1,62.0,74.7692307692,17.0,0.650169820475,100.0,19.7061249602,65.0
2016-10-05,2,1,21.0,27.0,1,65.0,72.4615384615,17.0,0.770156438026,100.0,18.94370358,49.0
2016-10-06,3,1,22.0,27.0,0,65.0,69.9230769231,17.0,0.762711864407,100.0,19.6917067216,54.0
2016-10-07,4,1,20.0,23.0,0,62.0,66.3846153846,18.0,0.788732394366,100.0,18.03218687,53.0
2016-10-08,5,0,17.0,22.0,0,59.0,65.1538461538,18.0,0.730337078652,100.0,18.3548197562,73.0
2016-10-09,6,0,16.0,22.0,1,59.0,66.3846153846,18.0,0.840336134454,100.0,18.3031668615,91.0
2016-10-10,0,0,15.0,21.0,1,59.0,66.8461538462,18.0,1.00393245431,100.0,18.8346903911,100.0
2016-10-11,1,0,17.0,23.0,1,59.0,67.4615384615,18.0,1.20796156486,100.0,19.7547088237,95.0
2016-10-12,2,0,18.0,25.0,1,62.0,68.3846153846,18.0,1.3086250286,100.0,20.7161715409,94.0
2016-10-13,3,0,18.0,23.0,1,65.0,68.5384615385,18.0,1.31154980713,100.0,20.8976089343,98.0
2016-10-14,4,0,19.0,22.0,0,65.0,69.6923076923,18.0,1.30424903431,100.0,22.0467496833,110.0
2016-10-15,5,1,20.0,23.0,0,65.0,75.1538461538,39.0,1.33510167993,110.0,22.5553887603,98.0
2016-10-16,6,1,20.0,26.0,0,65.0,79.0769230769,39.0,1.31697869593,110.0,21.7378136982,64.0
2016-10-17,0,0,20.0,24.0,0,64.0,80.3076923077,39.0,1.18673647469,110.0,20.3522239019,105.0
2016-10-18,1,0,20.0,24.0,0,64.0,83.3846153846,39.0,1.15509409474,110.0,20.8235756242,117.0
2016-10-19,2,0,20.0,24.0,0,65.0,88.6153846154,39.0,1.21058201058,117.0,20.0558392093,107.0
2016-10-20,3,0,21.0,25.0,0,66.0,92.6923076923,39.0,1.37945492662,117.0,17.872990432,101.0
2016-10-21,4,0,21.0,25.0,0,66.0,96.3846153846,39.0,1.34742951907,117.0,13.7814728561,97.0
2016-10-22,5,1,20.0,23.0,0,66.0,98.2307692308,39.0,1.22048819528,117.0,12.0201999609,68.0
2016-10-23,6,1,17.0,23.0,0,66.0,96.4615384615,39.0,1.05117565698,117.0,14.4094807712,62.0
2016-10-24,0,0,19.0,24.0,1,65.0,93.5384615385,39.0,0.889672741525,117.0,17.0140909231,107.0
2016-10-25,1,0,19.0,23.0,1,65.0,94.4615384615,39.0,0.906483075158,117.0,17.3897201491,112.0
2016-10-26,2,0,19.0,24.0,0,66.0,95.8461538462,39.0,1.03728313031,117.0,18.0036156789,96.0
2016-10-27,3,0,18.0,24.0,0,68.0,95.6923076923,39.0,1.13636363636,117.0,17.9930953226,103.0
2016-10-28,4,0,15.0,19.0,0,69.0,95.1538461538,39.0,1.09237794169,117.0,17.6584961196,110.0
2016-10-29,5,1,12.0,15.0,0,69.0,96.0769230769,39.0,1.0645994832,117.0,18.0914834977,84.0
2016-10-30,6,1,14.0,18.0,1,72.0,97.6153846154,39.0,1.02697095436,117.0,16.031404092,64.0
2016-10-31,0,0,12.0,17.0,0,72.0,94.4615384615,47.0,0.909090909091,117.0,18.1600380575,108.0
