time_stamp,dayofweek,holiday,lt,ht,sunny,m2M,w2A,m1L,d3w3,m1Lar,w2Std,pay_sum
2016-08-01,0,0,28.0,34.0,1,167.0,174.615384615,125.0,1.10294117647,255.0,32.2455446214,160.0
2016-08-02,1,0,28.0,34.0,0,167.0,175.846153846,125.0,1.06051982546,255.0,31.346319018,133.0
2016-08-03,2,0,26.0,32.0,0,167.0,174.692307692,125.0,0.921316165951,255.0,32.6010490992,146.0
2016-08-04,3,0,27.0,32.0,0,164.0,172.769230769,125.0,0.834997622444,255.0,33.4874347185,127.0
2016-08-05,4,0,27.0,33.0,0,164.0,169.076923077,125.0,0.785451731476,255.0,35.6164645126,229.0
2016-08-06,5,1,27.0,33.0,1,167.0,167.076923077,125.0,0.972585488715,255.0,31.1903869275,258.0
2016-08-07,6,1,27.0,34.0,1,167.0,172.615384615,125.0,1.16852221905,258.0,39.3769523795,228.0
2016-08-08,0,0,27.0,34.0,0,168.0,179.384615385,125.0,1.34234487938,258.0,40.7290077341,164.0
2016-08-09,1,0,28.0,34.0,1,168.0,179.153846154,125.0,1.21347895081,258.0,40.8069491704,197.0
2016-08-10,2,0,28.0,34.0,1,170.0,184.692307692,125.0,1.0847145488,258.0,37.8608476791,180.0
2016-08-11,3,0,28.0,35.0,1,171.0,185.153846154,125.0,0.993845871223,258.0,37.7641387763,161.0
2016-08-12,4,0,28.0,34.0,1,171.0,183.230769231,125.0,0.992162286768,258.0,38.3047573791,209.0
2016-08-13,5,1,28.0,35.0,1,174.0,183.230769231,125.0,1.02736527505,258.0,38.3047573791,213.0
2016-08-14,6,1,28.0,36.0,1,174.0,185.0,125.0,1.08083055247,258.0,39.0994786509,173.0
2016-08-15,0,0,28.0,35.0,1,174.0,186.0,125.0,1.09304675301,258.0,38.6104808409,177.0
2016-08-16,1,0,28.0,35.0,1,174.0,189.384615385,125.0,1.03141888797,258.0,35.6295868012,156.0
2016-08-17,2,0,28.0,35.0,1,174.0,190.153846154,125.0,0.919164396004,258.0,34.7825025725,184.0
2016-08-18,3,0,28.0,36.0,1,174.0,194.538461538,125.0,0.936594202899,258.0,29.7776771957,166.0
2016-08-19,4,0,29.0,36.0,1,174.0,189.692307692,125.0,0.921675774135,258.0,28.888072107,206.0
2016-08-20,5,1,28.0,37.0,0,175.0,185.692307692,125.0,1.01358125968,258.0,21.9102526594,221.0
2016-08-21,6,1,28.0,35.0,0,177.0,185.153846154,125.0,1.071945047,258.0,20.9278840632,182.0
2016-08-22,0,0,28.0,35.0,1,178.0,186.538461538,125.0,1.09433962264,258.0,20.0599692638,171.0
2016-08-23,1,0,26.0,34.0,1,177.0,184.538461538,125.0,1.0209889719,258.0,20.2127735113,134.0
2016-08-24,2,0,26.0,34.0,1,175.0,181.0,125.0,0.869022127052,258.0,24.3089094145,161.0
2016-08-25,3,0,27.0,35.0,1,175.0,181.0,125.0,0.824049513705,258.0,24.3089094145,176.0
2016-08-26,4,0,26.0,34.0,0,176.0,178.461538462,127.0,0.844767285445,258.0,22.9367537929,176.0
2016-08-27,5,1,23.0,31.0,1,176.0,175.615384615,127.0,0.940852819807,258.0,20.6566750677,123.0
2016-08-28,6,1,22.0,30.0,1,176.0,171.769230769,123.0,0.897072710104,258.0,24.9866236404,214.0
2016-08-29,0,0,23.0,31.0,1,177.0,174.615384615,123.0,0.95530726257,258.0,27.4101005009,161.0
2016-08-30,1,0,23.0,31.0,1,176.0,175.0,123.0,0.936794582393,258.0,27.180309615,171.0
2016-08-31,2,0,25.0,34.0,1,176.0,174.0,123.0,1.0297029703,258.0,27.0697105779,193.0
2016-09-01,3,0,26.0,33.0,1,176.0,176.076923077,123.0,0.981216708719,258.0,27.4098846249,156.0
2016-09-02,4,0,25.0,34.0,1,176.0,172.230769231,123.0,0.986530070195,258.0,26.4317811215,224.0
2016-09-03,5,1,25.0,35.0,1,176.0,172.461538462,123.0,1.08368794326,258.0,26.8660935428,252.0
2016-09-04,6,1,25.0,33.0,1,176.0,177.846153846,123.0,1.16907140215,258.0,34.2408800971,242.0
2016-09-05,0,0,25.0,30.0,0,177.0,183.307692308,123.0,1.30462432997,252.0,38.1522952538,221.0
2016-09-06,1,0,22.0,27.0,0,177.0,190.0,123.0,1.27655775754,252.0,36.5113259562,160.0
2016-09-07,2,0,20.0,24.0,0,176.0,189.923076923,123.0,1.11949685535,252.0,36.5733436734,178.0
2016-09-08,3,0,22.0,29.0,1,176.0,190.076923077,123.0,1.0012538062,252.0,36.5186180935,164.0
2016-09-09,4,0,23.0,31.0,1,176.0,189.153846154,123.0,0.909420289855,252.0,37.0111129961,191.0
2016-09-10,5,1,24.0,29.0,1,176.0,194.384615385,123.0,0.973515981735,252.0,31.7188089347,262.0
2016-09-11,6,1,23.0,26.0,0,177.0,198.076923077,123.0,1.10277033065,262.0,36.2564827911,264.0
2016-09-12,0,0,23.0,29.0,1,178.0,206.0,123.0,1.25032696835,264.0,38.4747669559,167.0
2016-09-13,1,0,23.0,30.0,1,177.0,205.692307692,123.0,1.19813278008,264.0,38.7683150075,158.0
2016-09-14,2,0,22.0,24.0,0,176.0,203.0,123.0,1.01911930098,264.0,40.7223242498,151.0
2016-09-15,3,1,23.0,26.0,0,176.0,202.615384615,123.0,0.828979449669,264.0,41.1853940905,245.0
2016-09-16,4,1,23.0,27.0,0,176.0,204.230769231,123.0,0.947737575913,264.0,42.3867792272,268.0
2016-09-17,5,1,23.0,27.0,0,176.0,205.461538462,123.0,1.09516740887,268.0,43.9590987949,215.0
2016-09-18,6,0,23.0,28.0,0,177.0,203.384615385,123.0,1.20042872454,268.0,42.8064309718,179.0
2016-09-19,0,0,21.0,27.0,0,178.0,200.153846154,123.0,1.08676023968,268.0,42.9397541354,166.0
2016-09-20,1,0,20.0,26.0,1,178.0,200.615384615,123.0,0.920447074293,268.0,42.5360271942,179.0
2016-09-21,2,0,20.0,27.0,1,178.0,200.692307692,123.0,0.864258617846,268.0,42.4959448118,161.0
2016-09-22,3,0,21.0,27.0,1,177.0,200.461538462,123.0,0.833539247179,268.0,42.7022164523,173.0
2016-09-23,4,0,21.0,27.0,1,177.0,199.076923077,123.0,0.855855855856,268.0,43.274546682,189.0
2016-09-24,5,1,22.0,28.0,1,178.0,193.461538462,123.0,0.886515806424,268.0,39.2988850588,260.0
2016-09-25,6,1,23.0,29.0,1,179.0,193.153846154,123.0,1.04952332743,268.0,38.757324179,244.0
2016-09-26,0,0,24.0,31.0,1,179.0,199.076923077,151.0,1.16255661802,268.0,40.1659280379,202.0
2016-09-27,1,0,25.0,30.0,0,179.0,202.461538462,151.0,1.17197875166,268.0,38.3759046691,193.0
2016-09-28,2,0,22.0,28.0,0,179.0,205.692307692,151.0,1.05680972463,268.0,35.5730767152,157.0
2016-09-29,3,0,22.0,25.0,0,179.0,198.923076923,151.0,0.914512922465,268.0,35.8210542697,162.0
2016-09-30,4,0,23.0,28.0,0,179.0,190.769230769,151.0,0.854401335002,268.0,30.8947440045,239.0
2016-10-01,5,1,24.0,29.0,0,179.0,192.615384615,151.0,0.936555891239,268.0,32.9370926313,286.0
2016-10-02,6,1,24.0,32.0,1,180.0,200.846153846,151.0,1.14672008012,286.0,40.9104954633,318.0
2016-10-03,0,1,22.0,26.0,1,182.0,212.538461538,151.0,1.3558504222,318.0,49.9932539828,237.0
2016-10-04,1,1,22.0,26.0,1,182.0,217.0,151.0,1.32733585859,318.0,49.3854541026,213.0
2016-10-05,2,1,22.0,27.0,1,182.0,221.0,151.0,1.19458702753,318.0,46.7217623482,261.0
2016-10-06,3,1,22.0,26.0,0,182.0,227.769230769,151.0,1.10181311018,318.0,45.6393114054,185.0
2016-10-07,4,1,20.0,25.0,0,184.0,227.461538462,151.0,1.04132100814,318.0,45.9123167397,178.0
2016-10-08,5,0,17.0,22.0,0,182.0,221.153846154,151.0,0.994739359158,318.0,46.6358167966,162.0
2016-10-09,6,0,18.0,22.0,1,182.0,214.846153846,151.0,0.840336134454,318.0,48.622321803,185.0
2016-10-10,0,0,18.0,22.0,1,184.0,213.538461538,151.0,0.836520076482,318.0,49.175690343,187.0
2016-10-11,1,0,19.0,25.0,1,184.0,213.076923077,151.0,0.849236641221,318.0,49.3939602949,172.0
2016-10-12,2,0,19.0,23.0,1,182.0,214.230769231,151.0,0.862875723689,318.0,48.2320573991,197.0
2016-10-13,3,0,19.0,23.0,1,184.0,216.923076923,151.0,0.876902452488,318.0,46.174354418,202.0
2016-10-14,4,0,19.0,23.0,0,185.0,214.076923077,157.0,0.897798742138,318.0,45.8651225601,228.0
2016-10-15,5,1,21.0,25.0,1,185.0,209.615384615,157.0,0.993346007605,318.0,41.239522607,296.0
2016-10-16,6,1,20.0,26.0,1,187.0,207.923076923,157.0,1.13615023474,318.0,36.9895235448,220.0
2016-10-17,0,0,20.0,25.0,1,189.0,206.615384615,157.0,1.15942028986,318.0,36.2311775251,165.0
2016-10-18,1,0,20.0,25.0,1,187.0,202.923076923,157.0,1.06823529412,318.0,37.8040729154,171.0
2016-10-19,2,0,20.0,24.0,0,185.0,196.0,157.0,0.869293308318,318.0,34.6432366582,159.0
2016-10-20,3,0,20.0,23.0,0,185.0,194.0,157.0,0.774466087773,318.0,35.9465415048,144.0
2016-10-21,4,0,0.0,21.0,0,185.0,191.384615385,144.0,0.758521363418,318.0,38.1828363808,128.0
2016-10-22,5,1,19.0,23.0,0,185.0,188.769230769,128.0,0.716899534265,318.0,41.1547807227,220.0
2016-10-23,6,1,18.0,23.0,1,187.0,191.461538462,128.0,0.838874680307,318.0,41.9571491747,252.0
2016-10-24,0,0,20.0,24.0,1,189.0,196.461538462,128.0,1.01910828025,318.0,44.8975164374,180.0
2016-10-25,1,0,18.0,22.0,1,189.0,197.076923077,128.0,1.11682082905,318.0,44.6119362063,172.0
2016-10-26,2,0,19.0,21.0,0,189.0,195.153846154,128.0,1.05881321764,318.0,45.1098593246,136.0
2016-10-27,3,0,18.0,22.0,0,187.0,190.076923077,128.0,0.866631148997,318.0,47.693672437,153.0
2016-10-28,4,0,15.0,20.0,0,187.0,184.307692308,128.0,0.824170912666,318.0,47.2918672719,200.0
2016-10-29,5,1,13.0,17.0,1,189.0,176.923076923,128.0,0.865410140696,318.0,35.2321128397,259.0
2016-10-30,6,1,14.0,18.0,1,189.0,179.923076923,128.0,1.06222337933,318.0,40.0969239919,250.0
2016-10-31,0,0,13.0,17.0,0,191.0,186.461538462,128.0,1.21072404372,318.0,43.8820365992,179.0
