time_stamp,dayofweek,holiday,lt,ht,sunny,m2M,w2A,m1L,d3w3,m1Lar,w2Std,pay_sum
2016-08-01,0,0,28.0,34.0,1,175.0,191.153846154,89.0,0.898128149748,255.0,46.4109505544,214.0
2016-08-02,1,0,28.0,34.0,0,176.0,192.076923077,89.0,0.88387904813,255.0,46.7356914154,214.0
2016-08-03,2,0,26.0,32.0,0,178.0,192.846153846,89.0,0.988835725678,255.0,47.0071126432,224.0
2016-08-04,3,0,27.0,32.0,0,183.0,192.307692308,89.0,1.13966089844,255.0,46.6053556107,175.0
2016-08-05,4,0,27.0,33.0,0,183.0,186.153846154,89.0,1.08141483638,255.0,43.068543141,267.0
2016-08-06,5,1,27.0,33.0,1,183.0,199.0,89.0,1.13584036838,267.0,40.2702409689,159.0
2016-08-07,6,1,27.0,34.0,1,178.0,201.461538462,89.0,1.0140892601,267.0,36.6052022041,156.0
2016-08-08,0,0,27.0,34.0,0,178.0,198.615384615,89.0,0.996404725218,267.0,38.5397665985,243.0
2016-08-09,1,0,28.0,34.0,1,183.0,199.769230769,100.0,0.945362134689,267.0,39.6118743777,236.0
2016-08-10,2,0,28.0,34.0,1,187.0,200.461538462,100.0,1.06713721536,267.0,40.1566459383,247.0
2016-08-11,3,0,28.0,35.0,1,187.0,202.615384615,100.0,1.21516444891,267.0,41.8100806055,237.0
2016-08-12,4,0,28.0,34.0,1,192.0,204.0,100.0,1.210592686,267.0,42.6199664296,277.0
2016-08-13,5,1,28.0,35.0,1,193.0,213.769230769,100.0,1.22485111862,277.0,43.665078189,190.0
2016-08-14,6,1,28.0,36.0,1,193.0,218.384615385,100.0,1.11613158938,277.0,37.2693696909,143.0
2016-08-15,0,0,28.0,35.0,1,193.0,212.923076923,100.0,0.978740473325,277.0,42.3655548375,227.0
2016-08-16,1,0,28.0,35.0,1,193.0,213.923076923,100.0,0.898732145723,277.0,42.5322710755,265.0
2016-08-17,2,0,28.0,35.0,1,193.0,217.076923077,100.0,1.00986005089,277.0,44.6308991593,234.0
2016-08-18,3,0,28.0,36.0,1,195.0,221.615384615,100.0,1.15046351319,277.0,43.0947765201,244.0
2016-08-19,4,0,29.0,36.0,1,197.0,219.846153846,100.0,1.170447385,277.0,41.6428886788,250.0
2016-08-20,5,1,28.0,37.0,0,202.0,226.846153846,100.0,1.12034472145,277.0,38.3442828029,183.0
2016-08-21,6,1,28.0,35.0,0,202.0,228.923076923,100.0,1.02926643862,277.0,35.0394536717,168.0
2016-08-22,0,0,28.0,35.0,1,195.0,223.153846154,127.0,0.923407851271,277.0,38.2719944885,227.0
2016-08-23,1,0,26.0,34.0,1,195.0,222.461538462,130.0,0.885416666667,277.0,38.114433738,270.0
2016-08-24,2,0,26.0,34.0,1,202.0,224.230769231,130.0,1.00803395483,277.0,39.7127258157,263.0
2016-08-25,3,0,27.0,35.0,1,203.0,226.230769231,130.0,1.12943973845,277.0,40.9411469648,240.0
2016-08-26,4,0,26.0,34.0,0,204.0,223.384615385,130.0,1.15571503327,277.0,38.5277890949,255.0
2016-08-27,5,1,23.0,31.0,1,209.0,228.384615385,130.0,1.1094035858,277.0,38.086012901,170.0
2016-08-28,6,1,22.0,30.0,1,204.0,230.461538462,130.0,0.970307142336,277.0,33.8767344367,150.0
2016-08-29,0,0,23.0,31.0,1,203.0,224.538461538,130.0,0.856419422103,277.0,40.1202335,236.0
2016-08-30,1,0,23.0,31.0,1,203.0,222.307692308,143.0,0.828120345547,277.0,38.5853392154,263.0
2016-08-31,2,0,25.0,34.0,1,204.0,224.538461538,143.0,0.963193826061,277.0,40.0088747551,240.0
2016-09-01,3,0,26.0,33.0,1,210.0,224.230769231,143.0,1.09603262885,277.0,39.8731717134,226.0
2016-09-02,4,0,25.0,34.0,1,213.0,222.384615385,143.0,1.09360936094,277.0,39.187004246,245.0
2016-09-03,5,1,25.0,35.0,1,214.0,227.153846154,143.0,1.05356745944,277.0,37.8536577927,189.0
2016-09-04,6,1,25.0,33.0,1,214.0,228.769230769,143.0,0.968096809681,277.0,35.6805351938,164.0
2016-09-05,0,0,25.0,30.0,0,214.0,223.923076923,143.0,0.889483861371,277.0,39.6493506368,229.0
2016-09-06,1,0,22.0,27.0,0,214.0,220.769230769,143.0,0.872694556905,277.0,37.427167932,216.0
2016-09-07,2,0,20.0,24.0,0,216.0,217.153846154,143.0,0.916892502258,277.0,35.38762529,162.0
2016-09-08,3,0,22.0,29.0,1,216.0,211.153846154,143.0,0.931124405584,277.0,37.5517000616,261.0
2016-09-09,4,0,23.0,31.0,1,219.0,211.615384615,143.0,0.977736974983,277.0,38.1203326758,276.0
2016-09-10,5,1,24.0,29.0,1,219.0,219.769230769,143.0,1.04719101124,277.0,39.6526337202,157.0
2016-09-11,6,1,23.0,26.0,0,219.0,220.307692308,143.0,1.04227678907,276.0,38.7385409665,97.0
2016-09-12,0,0,23.0,29.0,1,219.0,209.615384615,97.0,0.819989169954,276.0,50.3686997763,214.0
2016-09-13,1,0,23.0,30.0,1,219.0,205.846153846,97.0,0.733599811897,276.0,48.0109701468,245.0
2016-09-14,2,0,22.0,24.0,0,224.0,206.230769231,97.0,0.875245966155,276.0,48.3021799893,184.0
2016-09-15,3,1,23.0,26.0,0,224.0,203.0,97.0,1.02576373933,276.0,48.2764475144,89.0
2016-09-16,4,1,23.0,27.0,0,224.0,191.0,89.0,0.860536589418,276.0,55.2323762355,146.0
2016-09-17,5,1,23.0,27.0,0,224.0,187.692307692,89.0,0.700259045709,276.0,56.5255348907,180.0
2016-09-18,6,0,23.0,28.0,0,224.0,188.923076923,89.0,0.688396781952,276.0,56.1693340074,216.0
2016-09-19,0,0,21.0,27.0,0,219.0,187.923076923,89.0,0.903559223139,276.0,55.5593397791,227.0
2016-09-20,1,0,20.0,26.0,1,219.0,188.769230769,89.0,1.04802758853,276.0,56.0619902034,230.0
2016-09-21,2,0,20.0,27.0,1,224.0,194.0,89.0,1.13500295134,276.0,56.4909795386,240.0
2016-09-22,3,0,21.0,27.0,1,226.0,192.384615385,89.0,1.17133014032,276.0,54.8277561116,259.0
2016-09-23,4,0,21.0,27.0,1,227.0,191.076923077,89.0,1.22079879427,276.0,52.9897835414,279.0
2016-09-24,5,1,22.0,28.0,1,227.0,200.461538462,89.0,1.27405223942,279.0,56.7905942708,177.0
2016-09-25,6,1,23.0,29.0,1,226.0,206.615384615,89.0,1.16715638263,279.0,49.0534064708,174.0
2016-09-26,0,0,24.0,31.0,1,226.0,203.538461538,89.0,1.04244229337,279.0,49.7433650537,237.0
2016-09-27,1,0,25.0,30.0,0,227.0,202.923076923,89.0,0.967901234568,279.0,49.2738993765,271.0
2016-09-28,2,0,22.0,28.0,0,227.0,209.615384615,89.0,1.09321150918,279.0,52.0776616241,197.0
2016-09-29,3,0,22.0,25.0,0,227.0,217.923076923,89.0,1.14774114774,279.0,39.1947043881,142.0
2016-09-30,4,0,23.0,28.0,0,227.0,217.615384615,89.0,1.02667676513,279.0,39.7696027359,272.0
2016-10-01,5,1,24.0,29.0,0,227.0,224.692307692,89.0,0.999345763821,279.0,40.6228140058,162.0
2016-10-02,6,1,24.0,32.0,1,227.0,220.538461538,89.0,0.927312243419,279.0,43.9258385229,145.0
2016-10-03,0,1,22.0,26.0,1,227.0,214.230769231,89.0,0.947937131631,279.0,48.2224873272,128.0
2016-10-04,1,1,22.0,26.0,1,227.0,206.384615385,89.0,0.733249051833,279.0,53.0725750727,103.0
2016-10-05,2,1,22.0,27.0,1,227.0,195.846153846,89.0,0.64704870074,279.0,58.6591800853,170.0
2016-10-06,3,1,22.0,26.0,0,227.0,189.0,89.0,0.67593763169,279.0,56.0233467816,146.0
2016-10-07,4,1,20.0,25.0,0,227.0,178.769230769,89.0,0.706278971766,279.0,50.5282157979,145.0
2016-10-08,5,0,17.0,22.0,0,226.0,176.307692308,89.0,0.784013605442,279.0,51.3275823516,165.0
2016-10-09,6,0,18.0,22.0,1,216.0,175.615384615,89.0,0.78573274748,279.0,51.414661874,234.0
2016-10-10,0,0,18.0,22.0,1,216.0,175.384615385,89.0,0.93567251462,279.0,51.14464926,228.0
2016-10-11,1,0,19.0,25.0,1,216.0,172.076923077,89.0,1.07898812597,279.0,45.984046629,242.0
2016-10-12,2,0,19.0,23.0,1,226.0,175.538461538,89.0,1.21087031304,279.0,49.3037919974,230.0
2016-10-13,3,0,19.0,23.0,1,227.0,182.307692308,89.0,1.21306645871,279.0,50.266037801,244.0
2016-10-14,4,0,19.0,23.0,0,227.0,180.153846154,89.0,1.25218607905,279.0,46.8612455165,263.0
2016-10-15,5,1,21.0,25.0,1,227.0,187.923076923,103.0,1.2604754575,279.0,51.363653025,209.0
2016-10-16,6,1,20.0,26.0,1,226.0,192.846153846,103.0,1.21366217476,279.0,50.0643373053,160.0
2016-10-17,0,0,20.0,25.0,1,216.0,195.307692308,103.0,1.09266943292,279.0,47.5384615385,228.0
2016-10-18,1,0,20.0,25.0,1,216.0,204.923076923,103.0,1.04379753475,279.0,39.9277453918,264.0
2016-10-19,2,0,20.0,24.0,0,226.0,212.153846154,103.0,1.12027491409,279.0,41.431771818,240.0
2016-10-20,3,0,20.0,23.0,0,227.0,219.384615385,103.0,1.2267471091,279.0,37.2466590377,208.0
2016-10-21,4,0,0.0,21.0,0,226.0,224.230769231,103.0,1.21274058934,279.0,30.792491208,185.0
2016-10-22,5,1,19.0,23.0,0,216.0,225.769230769,103.0,1.07188214376,279.0,28.1838847739,110.0
2016-10-23,6,1,18.0,23.0,1,216.0,216.230769231,103.0,0.859388347856,272.0,41.5824553353,179.0
2016-10-24,0,0,20.0,24.0,1,214.0,212.461538462,103.0,0.799392866178,272.0,42.5542466192,260.0
2016-10-25,1,0,18.0,22.0,1,214.0,213.846153846,103.0,0.890510948905,272.0,43.7683520258,236.0
2016-10-26,2,0,19.0,21.0,0,216.0,214.307692308,103.0,1.0775862069,272.0,43.9674435767,166.0
2016-10-27,3,0,18.0,22.0,0,216.0,208.307692308,103.0,1.05179536066,272.0,44.8199554034,243.0
2016-10-28,4,0,15.0,20.0,0,216.0,206.769230769,103.0,1.00139729856,272.0,43.2313167225,249.0
2016-10-29,5,1,13.0,17.0,1,216.0,209.846153846,103.0,1.00197959494,272.0,44.6797943557,199.0
2016-10-30,6,1,14.0,18.0,1,214.0,212.846153846,103.0,1.06071072224,264.0,42.4877288236,167.0
2016-10-31,0,0,13.0,17.0,0,209.0,208.153846154,103.0,0.957496496964,264.0,43.8999669771,229.0
