time_stamp,dayofweek,holiday,lt,ht,sunny,m2M,w2A,m1L,d3w3,m1Lar,w2Std,pay_sum
2016-08-01,0,0,28.0,34.0,1,104.0,100.230769231,68.0,0.934456001321,147.0,22.1434270371,133.0
2016-08-02,1,0,28.0,34.0,0,105.0,99.1538461538,68.0,0.97311561933,147.0,20.0876776383,128.0
2016-08-03,2,0,26.0,32.0,0,106.0,99.8461538462,68.0,1.14583333333,147.0,20.8984583673,102.0
2016-08-04,3,0,27.0,32.0,0,106.0,101.615384615,68.0,1.1645813282,147.0,20.0136048402,112.0
2016-08-05,4,0,27.0,33.0,0,106.0,103.076923077,68.0,1.1067961165,147.0,20.0248366495,132.0
2016-08-06,5,1,27.0,33.0,1,106.0,107.615384615,68.0,1.10208631948,147.0,19.3690413628,79.0
2016-08-07,6,1,27.0,34.0,1,105.0,108.153846154,68.0,1.02588534223,147.0,18.4467889799,74.0
2016-08-08,0,0,27.0,34.0,0,105.0,105.923076923,68.0,0.920988851188,147.0,20.5668199496,141.0
2016-08-09,1,0,28.0,34.0,1,106.0,108.076923077,71.0,0.952843947496,147.0,22.5643065259,143.0
2016-08-10,2,0,28.0,34.0,1,107.0,110.923076923,71.0,1.14688451065,147.0,24.3830380465,149.0
2016-08-11,3,0,28.0,35.0,1,110.0,113.538461538,71.0,1.34201146753,149.0,26.4185697645,149.0
2016-08-12,4,0,28.0,34.0,1,110.0,115.692307692,71.0,1.33212505664,149.0,28.0312589673,177.0
2016-08-13,5,1,28.0,35.0,1,110.0,123.846153846,71.0,1.37025818549,177.0,29.2360319149,104.0
2016-08-14,6,1,28.0,36.0,1,107.0,124.846153846,71.0,1.22350263195,177.0,28.3028842071,99.0
2016-08-15,0,0,28.0,35.0,1,106.0,122.230769231,71.0,1.08308393901,177.0,28.9911229017,125.0
2016-08-16,1,0,28.0,35.0,1,106.0,122.0,71.0,0.930100666383,177.0,28.9562003457,156.0
2016-08-17,2,0,28.0,35.0,1,107.0,126.153846154,71.0,1.05511592392,177.0,29.6540207518,162.0
2016-08-18,3,0,28.0,36.0,1,110.0,130.0,71.0,1.20642701525,177.0,30.7896086367,171.0
2016-08-19,4,0,29.0,36.0,1,112.0,133.0,71.0,1.30504403523,177.0,32.6802692767,138.0
2016-08-20,5,1,28.0,37.0,0,112.0,137.538461538,71.0,1.22417153996,177.0,28.7231222446,106.0
2016-08-21,6,1,28.0,35.0,0,112.0,140.0,71.0,1.07235142119,177.0,24.1851830037,89.0
2016-08-22,0,0,28.0,35.0,1,110.0,136.0,71.0,0.875394321767,177.0,27.7294622545,141.0
2016-08-23,1,0,26.0,34.0,1,110.0,135.846153846,71.0,0.878775990585,177.0,27.6957262847,153.0
2016-08-24,2,0,26.0,34.0,1,112.0,136.153846154,71.0,0.982051282051,177.0,27.8618740157,160.0
2016-08-25,3,0,27.0,35.0,1,113.0,137.0,71.0,1.14300100705,177.0,28.4009750645,127.0
2016-08-26,4,0,26.0,34.0,0,113.0,133.153846154,71.0,1.10984991802,177.0,26.0084192104,143.0
2016-08-27,5,1,23.0,31.0,1,114.0,136.153846154,71.0,1.05898288388,177.0,24.6883533857,94.0
2016-08-28,6,1,22.0,30.0,1,113.0,135.769230769,71.0,0.889866764454,177.0,25.2956482915,113.0
2016-08-29,0,0,23.0,31.0,1,113.0,134.846153846,74.0,0.864517722613,177.0,25.8839010074,156.0
2016-08-30,1,0,23.0,31.0,1,113.0,134.846153846,74.0,0.892330383481,177.0,25.8839010074,167.0
2016-08-31,2,0,25.0,34.0,1,113.0,135.230769231,74.0,1.06471306471,177.0,26.3180366527,168.0
2016-09-01,3,0,26.0,33.0,1,114.0,135.0,74.0,1.19073602522,177.0,26.0147886935,160.0
2016-09-02,4,0,25.0,34.0,1,115.0,136.692307692,74.0,1.20790629575,177.0,26.8568416019,184.0
2016-09-03,5,1,25.0,35.0,1,119.0,142.692307692,74.0,1.21384542437,184.0,28.0175346617,128.0
2016-09-04,6,1,25.0,33.0,1,119.0,145.692307692,74.0,1.10759122375,184.0,23.8920154522,110.0
2016-09-05,0,0,25.0,30.0,0,119.0,143.307692308,74.0,0.995517810804,184.0,25.7185494727,159.0
2016-09-06,1,0,22.0,27.0,0,119.0,143.769230769,89.0,0.93554848592,184.0,25.941217118,184.0
2016-09-07,2,0,20.0,24.0,0,121.0,145.615384615,89.0,1.05927744651,184.0,27.8168141226,109.0
2016-09-08,3,0,22.0,29.0,1,121.0,144.230769231,89.0,1.08043504243,184.0,29.1261284922,170.0
2016-09-09,4,0,23.0,31.0,1,125.0,146.307692308,89.0,1.09417464256,184.0,29.9162539186,189.0
2016-09-10,5,1,24.0,29.0,1,125.0,153.615384615,89.0,1.07438016529,189.0,27.7725333642,110.0
2016-09-11,6,1,23.0,26.0,0,125.0,153.384615385,89.0,1.06894586895,189.0,28.1193567646,85.0
2016-09-12,0,0,23.0,29.0,1,125.0,147.923076923,85.0,0.892296967585,189.0,33.4674618983,150.0
2016-09-13,1,0,23.0,30.0,1,125.0,146.615384615,85.0,0.802512212142,189.0,33.0257206561,172.0
2016-09-14,2,0,22.0,24.0,0,127.0,146.923076923,85.0,0.942784340978,189.0,33.2414512746,87.0
2016-09-15,3,1,23.0,26.0,0,127.0,141.307692308,85.0,0.960770495654,189.0,36.5584560678,46.0
2016-09-16,4,1,23.0,27.0,0,127.0,130.692307692,46.0,0.741821719567,189.0,42.2180869285,88.0
2016-09-17,5,1,23.0,27.0,0,125.0,127.615384615,46.0,0.538695917124,189.0,43.7326466007,100.0
2016-09-18,6,0,23.0,28.0,0,125.0,126.846153846,46.0,0.573108008817,189.0,44.1219396914,150.0
2016-09-19,0,0,21.0,27.0,0,127.0,126.153846154,46.0,0.829651448208,189.0,43.6803884067,153.0
2016-09-20,1,0,20.0,26.0,1,128.0,123.769230769,46.0,0.994325191216,189.0,41.2350744021,163.0
2016-09-21,2,0,20.0,27.0,1,128.0,127.923076923,46.0,1.15189716969,189.0,42.2455487659,149.0
2016-09-22,3,0,21.0,27.0,1,132.0,126.307692308,46.0,1.15413253909,189.0,40.9885248771,157.0
2016-09-23,4,0,21.0,27.0,1,133.0,123.846153846,46.0,1.17588065689,189.0,38.0017128234,210.0
2016-09-24,5,1,22.0,28.0,1,138.0,131.538461538,46.0,1.25501641737,210.0,44.0587289607,135.0
2016-09-25,6,1,23.0,29.0,1,138.0,135.384615385,46.0,1.20993010364,210.0,41.9606747426,104.0
2016-09-26,0,0,24.0,31.0,1,138.0,131.846153846,46.0,1.10414361244,210.0,42.5148773125,157.0
2016-09-27,1,0,25.0,30.0,0,141.0,130.692307692,46.0,0.983606557377,210.0,41.6032258649,167.0
2016-09-28,2,0,22.0,28.0,0,141.0,136.846153846,46.0,1.0406029662,210.0,40.5895897109,108.0
2016-09-29,3,0,22.0,25.0,0,141.0,141.615384615,46.0,1.07462686567,210.0,32.464272579,84.0
2016-09-30,4,0,23.0,28.0,0,141.0,141.307692308,46.0,0.929449838188,210.0,32.985741944,159.0
2016-10-01,5,1,24.0,29.0,0,143.0,145.846153846,46.0,0.891768292683,210.0,30.9884498429,50.0
2016-10-02,6,1,24.0,32.0,1,143.0,138.153846154,46.0,0.754474056907,210.0,40.0803925857,74.0
2016-10-03,0,1,22.0,26.0,1,143.0,132.076923077,46.0,0.750762700623,210.0,43.2336434851,62.0
2016-10-04,1,1,22.0,26.0,1,143.0,124.307692308,46.0,0.516021639617,210.0,45.9671866501,71.0
2016-10-05,2,1,22.0,27.0,1,143.0,118.307692308,46.0,0.578131545873,210.0,47.4201914401,71.0
2016-10-06,3,1,22.0,26.0,0,143.0,111.692307692,46.0,0.563847429519,210.0,47.5594924851,75.0
2016-10-07,4,1,20.0,25.0,0,143.0,101.307692308,46.0,0.603029039878,210.0,38.9128901233,93.0
2016-10-08,5,0,17.0,22.0,0,141.0,98.0769230769,46.0,0.666109253066,210.0,37.7062768463,130.0
2016-10-09,6,0,18.0,22.0,1,138.0,100.076923077,46.0,0.837549184935,210.0,38.6452535417,162.0
2016-10-10,0,0,18.0,22.0,1,138.0,100.461538462,46.0,1.07797844043,210.0,39.2303167395,184.0
2016-10-11,1,0,19.0,25.0,1,138.0,101.769230769,46.0,1.32112128782,210.0,41.6360676599,163.0
2016-10-12,2,0,19.0,23.0,1,141.0,106.0,46.0,1.40452538631,210.0,44.7333982956,163.0
2016-10-13,3,0,19.0,23.0,1,143.0,112.076923077,46.0,1.40379851363,210.0,46.6566205022,190.0
2016-10-14,4,0,19.0,23.0,0,149.0,114.461538462,46.0,1.43213988343,210.0,49.6876635124,185.0
2016-10-15,5,1,21.0,25.0,1,149.0,124.846153846,50.0,1.46275149538,210.0,49.2354565076,128.0
2016-10-16,6,1,20.0,26.0,1,143.0,129.0,50.0,1.35433494884,210.0,46.9975449441,137.0
2016-10-17,0,0,20.0,25.0,1,141.0,134.769230769,50.0,1.22149837134,210.0,42.8380740897,162.0
2016-10-18,1,0,20.0,25.0,1,143.0,141.769230769,50.0,1.16143070855,210.0,39.119449906,175.0
2016-10-19,2,0,20.0,24.0,0,149.0,149.769230769,50.0,1.25496425735,210.0,34.1470887286,146.0
2016-10-20,3,0,20.0,23.0,0,149.0,155.230769231,50.0,1.2480620155,210.0,26.5942557307,107.0
2016-10-21,4,0,0.0,21.0,0,149.0,156.307692308,50.0,1.12869198312,210.0,24.2308913306,103.0
2016-10-22,5,1,19.0,23.0,0,146.0,154.230769231,50.0,0.919540229885,210.0,27.3528337617,74.0
2016-10-23,6,1,18.0,23.0,1,143.0,147.461538462,50.0,0.733565801369,190.0,34.5378619102,151.0
2016-10-24,0,0,20.0,24.0,1,146.0,144.923076923,50.0,0.81897627965,190.0,32.9345774306,193.0
2016-10-25,1,0,18.0,22.0,1,149.0,147.230769231,50.0,0.998089780325,193.0,35.1001947094,181.0
2016-10-26,2,0,19.0,21.0,0,150.0,148.615384615,50.0,1.20606478291,193.0,36.0374558599,108.0
2016-10-27,3,0,18.0,22.0,0,150.0,142.307692308,50.0,1.09483248154,193.0,35.4126978865,148.0
2016-10-28,4,0,15.0,20.0,0,149.0,139.461538462,50.0,0.974358974359,193.0,33.2903667855,173.0
2016-10-29,5,1,13.0,17.0,1,149.0,142.923076923,50.0,0.942960764919,193.0,34.2445089107,108.0
2016-10-30,6,1,14.0,18.0,1,148.0,140.692307692,50.0,0.960053709298,193.0,35.4799718485,112.0
2016-10-31,0,0,13.0,17.0,0,146.0,136.846153846,62.0,0.901272789818,193.0,35.6712471021,157.0
