time_stamp,dayofweek,holiday,lt,ht,sunny,m2M,w2A,m1L,d3w3,m1Lar,w2Std,pay_sum
2016-08-01,0,0,24.0,30.0,0,54.0,61.2307692308,47.0,0.947546531303,74.0,9.00558669471,49.0
2016-08-02,1,0,25.0,31.0,1,54.0,59.3076923077,47.0,0.959638724245,74.0,8.73881364404,58.0
2016-08-03,2,0,23.0,30.0,0,54.0,59.4615384615,47.0,0.983698707139,74.0,8.69673134544,53.0
2016-08-04,3,0,24.0,30.0,0,54.0,58.0769230769,47.0,0.89485458613,74.0,8.16617355513,53.0
2016-08-05,4,0,24.0,29.0,0,54.0,56.9230769231,47.0,0.931289040318,74.0,7.73067355471,99.0
2016-08-06,5,1,25.0,32.0,1,54.0,58.8461538462,47.0,1.12205801861,99.0,13.0315956508,100.0
2016-08-07,6,1,24.0,32.0,1,54.0,61.8461538462,47.0,1.32911392405,100.0,17.0512627723,86.0
2016-08-08,0,0,24.0,33.0,1,54.0,64.6153846154,47.0,1.46831530139,100.0,17.8089798504,86.0
2016-08-09,1,0,24.0,30.0,1,54.0,66.8461538462,47.0,1.38846350179,100.0,18.5175432572,75.0
2016-08-10,2,0,24.0,33.0,1,55.0,68.6153846154,47.0,1.2427672956,100.0,18.1088098472,63.0
2016-08-11,3,0,25.0,32.0,0,55.0,68.4615384615,47.0,1.13389015439,100.0,18.1473260782,66.0
2016-08-12,4,0,25.0,32.0,1,55.0,69.9230769231,47.0,1.03422053232,100.0,17.0945854606,66.0
2016-08-13,5,1,25.0,34.0,1,56.0,70.9230769231,47.0,0.994644223412,100.0,16.4431961074,84.0
2016-08-14,6,1,27.0,35.0,1,56.0,72.1538461538,47.0,1.08270676692,100.0,16.773817298,92.0
2016-08-15,0,0,25.0,36.0,1,56.0,75.4615384615,47.0,1.175898931,100.0,16.1083608707,42.0
2016-08-16,1,0,26.0,35.0,1,56.0,74.2307692308,42.0,1.07098992876,100.0,17.9063969925,67.0
2016-08-17,2,0,27.0,36.0,1,57.0,75.3076923077,42.0,0.97667638484,100.0,16.9949522614,53.0
2016-08-18,3,0,28.0,37.0,1,57.0,75.3076923077,42.0,0.794117647059,100.0,16.9949522614,62.0
2016-08-19,4,0,27.0,37.0,1,57.0,72.4615384615,42.0,0.882424242424,100.0,15.8483941658,63.0
2016-08-20,5,1,28.0,38.0,1,58.0,69.6153846154,42.0,0.856799037304,100.0,13.8427346206,74.0
2016-08-21,6,1,28.0,38.0,1,59.0,68.6923076923,42.0,0.953750299545,100.0,13.0995279738,67.0
2016-08-22,0,0,29.0,38.0,1,61.0,67.2307692308,42.0,0.965223562811,100.0,12.1094613115,65.0
2016-08-23,1,0,27.0,38.0,1,61.0,66.4615384615,42.0,0.969868173258,100.0,11.907433907,70.0
2016-08-24,2,0,28.0,37.0,1,61.0,67.0,42.0,0.93975343103,100.0,11.8969938026,59.0
2016-08-25,3,0,27.0,37.0,1,59.0,66.4615384615,42.0,0.898772295576,100.0,12.0869629997,85.0
2016-08-26,4,0,25.0,32.0,1,61.0,67.9230769231,42.0,1.00116959064,100.0,13.0529191457,75.0
2016-08-27,5,1,24.0,30.0,1,62.0,67.2307692308,42.0,1.04285714286,100.0,12.4044275356,137.0
2016-08-28,6,1,24.0,31.0,1,62.0,70.6923076923,42.0,1.36457615438,137.0,21.6595497339,80.0
2016-08-29,0,0,21.0,27.0,1,63.0,73.6153846154,42.0,1.34717416378,137.0,20.0979848264,46.0
2016-08-30,1,0,19.0,22.0,0,63.0,72.0,42.0,1.23822975518,137.0,21.3685606585,71.0
2016-08-31,2,0,20.0,23.0,0,63.0,73.3846153846,42.0,0.922284644195,137.0,20.664121495,64.0
2016-09-01,3,0,22.0,27.0,1,64.0,73.5384615385,42.0,0.848570089076,137.0,20.5860871039,64.0
2016-09-02,4,0,22.0,30.0,1,64.0,73.6153846154,42.0,0.934272300469,137.0,20.5483986332,71.0
2016-09-03,5,1,21.0,28.0,1,65.0,73.3846153846,42.0,0.942904524994,137.0,20.5596260874,80.0
2016-09-04,6,1,20.0,24.0,0,65.0,74.3846153846,42.0,1.027479092,137.0,20.5409102545,73.0
2016-09-05,0,0,19.0,22.0,0,65.0,75.0,42.0,1.04721832632,137.0,20.3696606973,55.0
2016-09-06,1,0,19.0,22.0,0,65.0,73.8461538462,42.0,0.980669495521,137.0,21.0342071356,51.0
2016-09-07,2,0,20.0,25.0,0,65.0,73.2307692308,42.0,0.845136921624,137.0,21.5697574829,67.0
2016-09-08,3,0,21.0,25.0,1,65.0,71.8461538462,42.0,0.813926135027,137.0,21.346396395,59.0
2016-09-09,4,0,20.0,26.0,0,65.0,70.6153846154,42.0,0.835102618542,137.0,21.5889518096,85.0
2016-09-10,5,1,21.0,30.0,1,65.0,66.6153846154,42.0,0.987827715356,137.0,11.269690198,88.0
2016-09-11,6,1,22.0,33.0,1,66.0,67.2307692308,42.0,1.07035755479,137.0,12.1664977968,92.0
2016-09-12,0,0,21.0,33.0,1,66.0,70.7692307692,42.0,1.20018115942,137.0,12.1664977968,55.0
2016-09-13,1,0,21.0,26.0,1,66.0,69.5384615385,42.0,1.0752688172,137.0,12.8698537713,56.0
2016-09-14,2,0,19.0,22.0,0,66.0,68.9230769231,46.0,0.930765703806,137.0,13.3039123133,49.0
2016-09-15,3,1,19.0,25.0,1,66.0,67.7692307692,46.0,0.75223319229,137.0,14.2944521038,87.0
2016-09-16,4,1,19.0,28.0,1,66.0,69.0,46.0,0.895104895105,137.0,15.1809597345,88.0
2016-09-17,5,1,20.0,25.0,1,66.0,69.6153846154,46.0,1.08134202269,137.0,15.7652903144,51.0
2016-09-18,6,0,19.0,22.0,0,66.0,67.9230769231,46.0,1.11439842209,137.0,16.475910333,50.0
2016-09-19,0,0,19.0,22.0,0,66.0,67.5384615385,46.0,0.929203539823,137.0,16.8277032786,34.0
2016-09-20,1,0,19.0,23.0,0,65.0,66.2307692308,34.0,0.68233510235,137.0,18.6265065313,56.0
2016-09-21,2,0,19.0,25.0,1,65.0,65.3846153846,34.0,0.711924739385,137.0,18.8211765411,53.0
2016-09-22,3,0,19.0,26.0,1,65.0,64.9230769231,34.0,0.733333333333,137.0,19.0443269908,37.0
2016-09-23,4,0,19.0,22.0,0,65.0,61.2307692308,34.0,0.768825697736,137.0,19.4428307774,45.0
2016-09-24,5,1,19.0,24.0,0,65.0,57.9230769231,34.0,0.731112916328,137.0,18.2270362942,78.0
2016-09-25,6,1,20.0,24.0,1,65.0,56.8461538462,34.0,0.862998921251,137.0,16.5150102068,60.0
2016-09-26,0,0,20.0,24.0,1,65.0,57.2307692308,34.0,0.983078162772,92.0,16.5257554053,38.0
2016-09-27,1,0,20.0,26.0,1,65.0,55.8461538462,34.0,0.955483170467,92.0,17.3064956851,44.0
2016-09-28,2,0,20.0,28.0,1,65.0,55.4615384615,34.0,0.78561549101,92.0,17.5087467575,53.0
2016-09-29,3,0,21.0,29.0,1,64.0,52.8461538462,34.0,0.750625521268,92.0,14.9555554579,44.0
2016-09-30,4,0,21.0,29.0,1,64.0,49.4615384615,34.0,0.811744386874,92.0,11.0982700288,61.0
2016-10-01,5,1,21.0,30.0,1,64.0,50.2307692308,34.0,0.931329207191,92.0,11.5169029367,77.0
2016-10-02,6,1,21.0,32.0,1,65.0,52.3076923077,34.0,1.08721624851,92.0,13.5441421649,61.0
2016-10-03,0,1,21.0,32.0,1,65.0,54.3846153846,34.0,1.18241235888,92.0,12.6158536498,84.0
2016-10-04,1,1,22.0,32.0,1,65.0,56.5384615385,34.0,1.28695652174,92.0,14.8925143024,83.0
2016-10-05,2,1,20.0,27.0,1,65.0,58.8461538462,34.0,1.28378378378,92.0,16.4122194339,71.0
2016-10-06,3,1,20.0,26.0,1,65.0,61.4615384615,34.0,1.35844748858,92.0,15.4003765419,64.0
2016-10-07,4,1,20.0,23.0,0,64.0,62.9230769231,34.0,1.2703962704,92.0,14.652180402,56.0
2016-10-08,5,0,17.0,20.0,0,64.0,61.2307692308,34.0,1.10821003771,92.0,14.0720882828,58.0
2016-10-09,6,0,17.0,19.0,0,64.0,61.0769230769,34.0,1.02564102564,92.0,14.095616004,55.0
2016-10-10,0,0,15.0,19.0,0,64.0,62.3846153846,34.0,0.956423316355,92.0,12.6036530818,39.0
2016-10-11,1,0,15.0,18.0,0,63.0,62.0,34.0,0.872810795291,88.0,13.2200314209,50.0
2016-10-12,2,0,16.0,18.0,0,62.0,61.7692307692,34.0,0.829015544041,88.0,13.400079484,43.0
2016-10-13,3,0,16.0,18.0,1,61.0,61.6923076923,34.0,0.756013745704,88.0,13.5043275992,43.0
2016-10-14,4,0,16.0,19.0,1,61.0,60.3076923077,34.0,0.780263912794,88.0,14.3975671844,38.0
2016-10-15,5,1,16.0,21.0,1,61.0,57.3076923077,34.0,0.736779560309,88.0,14.6675183543,68.0
2016-10-16,6,1,16.0,20.0,1,61.0,57.8461538462,34.0,0.879056047198,84.0,14.9195078999,67.0
2016-10-17,0,0,17.0,24.0,1,61.0,56.5384615385,34.0,0.995110727639,84.0,13.2177932792,42.0
2016-10-18,1,0,17.0,25.0,1,61.0,53.3846153846,34.0,1.01987899741,84.0,11.2765137926,33.0
2016-10-19,2,0,18.0,24.0,1,60.0,50.4615384615,33.0,0.832600410437,84.0,11.256556275,50.0
2016-10-20,3,0,19.0,25.0,1,59.0,49.3846153846,33.0,0.729075532225,84.0,10.5578149075,45.0
2016-10-21,4,0,19.0,24.0,1,59.0,48.5384615385,33.0,0.757172434191,84.0,10.4337867203,46.0
2016-10-22,5,1,19.0,25.0,1,58.0,47.6153846154,33.0,0.857664233577,84.0,10.0807391483,69.0
2016-10-23,6,1,18.0,22.0,1,58.0,48.6923076923,33.0,0.966183574879,84.0,11.4648936751,60.0
2016-10-24,0,0,17.0,23.0,1,58.0,50.3076923077,33.0,1.08024691358,84.0,11.4648936751,46.0
2016-10-25,1,0,17.0,23.0,1,56.0,50.0,33.0,1.11856823266,84.0,11.5225531359,52.0
2016-10-26,2,0,18.0,23.0,1,56.0,50.6923076923,33.0,1.02864583333,84.0,11.3502600132,45.0
2016-10-27,3,0,13.0,20.0,0,56.0,50.8461538462,33.0,0.948590381426,84.0,11.2581331548,50.0
2016-10-28,4,0,11.0,14.0,1,56.0,51.7692307692,33.0,0.980980980981,84.0,10.6421068342,50.0
2016-10-29,5,1,11.0,15.0,1,55.0,50.3846153846,33.0,0.975445677767,84.0,9.55581547894,66.0
2016-10-30,6,1,11.0,15.0,1,55.0,50.3076923077,33.0,1.10445775116,84.0,9.42488208769,60.0
2016-10-31,0,0,11.0,18.0,1,55.0,51.6923076923,33.0,1.14695340502,84.0,9.42488208769,46.0
