time_stamp,dayofweek,holiday,lt,ht,sunny,m2M,w2A,m1L,d3w3,m1Lar,w2Std,pay_sum
2016-08-01,0,0,24.0,30.0,0,19.0,11.9230769231,7.0,0.766283524904,64.0,3.33885144834,10.0
2016-08-02,1,0,23.0,31.0,1,19.0,12.1538461538,7.0,0.787401574803,64.0,3.08460579319,10.0
2016-08-03,2,0,23.0,31.0,1,19.0,11.6153846154,7.0,0.816326530612,64.0,2.78839522468,10.0
2016-08-04,3,0,24.0,31.0,0,19.0,11.0769230769,7.0,0.847457627119,64.0,2.33572714626,10.0
2016-08-05,4,0,24.0,33.0,0,19.0,10.5384615385,7.0,0.881057268722,64.0,1.59881613006,10.0
2016-08-06,5,1,24.0,30.0,0,19.0,10.4615384615,7.0,0.881057268722,64.0,1.59881613006,10.0
2016-08-07,6,1,23.0,28.0,0,19.0,10.0,7.0,0.900900900901,52.0,0.0,10.0
2016-08-08,0,0,24.0,29.0,0,19.0,10.0,7.0,0.888888888889,49.0,0.0,10.0
2016-08-09,1,0,24.0,32.0,1,19.0,10.0,7.0,0.877192982456,49.0,0.0,10.0
2016-08-10,2,0,26.0,34.0,1,19.0,10.0,7.0,0.904977375566,19.0,0.0,10.0
2016-08-11,3,0,27.0,35.0,1,19.0,10.0,7.0,0.934579439252,19.0,0.0,10.0
2016-08-12,4,0,26.0,35.0,1,19.0,10.0,7.0,0.966183574879,19.0,0.0,10.0
2016-08-13,5,1,26.0,34.0,1,19.0,10.0,7.0,0.970873786408,19.0,0.0,10.0
2016-08-14,6,1,24.0,33.0,0,17.0,10.0,7.0,1.0,17.0,0.0,10.0
2016-08-15,0,0,24.0,29.0,0,17.0,10.0,7.0,1.0,17.0,0.0,10.0
2016-08-16,1,0,23.0,27.0,0,17.0,10.0,7.0,1.0,17.0,0.0,10.0
2016-08-17,2,0,23.0,27.0,0,17.0,10.0,7.0,1.0,17.0,0.0,10.0
2016-08-18,3,0,26.0,32.0,1,16.0,10.0,10.0,1.0,17.0,0.0,10.0
2016-08-19,4,0,24.0,29.0,0,15.0,10.0,10.0,1.0,17.0,0.0,10.0
2016-08-20,5,1,22.0,28.0,0,11.0,10.0,10.0,1.0,17.0,0.0,10.0
2016-08-21,6,1,22.0,30.0,1,10.0,10.0,10.0,1.0,16.0,0.0,10.0
2016-08-22,0,0,22.0,32.0,1,10.0,10.0,10.0,1.0,16.0,0.0,10.0
2016-08-23,1,0,24.0,32.0,1,10.0,10.0,10.0,1.0,10.0,0.0,10.0
2016-08-24,2,0,26.0,33.0,1,10.0,10.0,10.0,1.0,10.0,0.0,5.0
2016-08-25,3,0,19.0,26.0,0,10.0,9.61538461538,5.0,0.854700854701,10.0,1.33234677505,17.0
2016-08-26,4,0,17.0,26.0,1,10.0,10.1538461538,5.0,1.05610561056,17.0,2.38089039085,18.0
2016-08-27,5,1,17.0,28.0,1,10.0,10.7692307692,5.0,1.26984126984,18.0,3.16601778881,16.0
2016-08-28,6,1,17.0,28.0,1,10.0,11.2307692308,5.0,1.57407407407,18.0,3.44526087332,21.0
2016-08-29,0,0,18.0,29.0,1,10.0,12.0769230769,5.0,1.61527165932,21.0,4.28703839787,19.0
2016-08-30,1,0,20.0,30.0,1,10.0,12.7692307692,5.0,1.58192090395,21.0,4.61025355808,34.0
2016-08-31,2,0,20.0,32.0,1,10.0,14.6153846154,5.0,1.89743589744,34.0,7.20617749454,28.0
2016-09-01,3,0,19.0,30.0,1,10.0,16.0,5.0,1.94244604317,34.0,7.88377106173,54.0
2016-09-02,4,0,19.0,30.0,1,10.0,19.3846153846,5.0,2.4016563147,54.0,12.6097548414,40.0
2016-09-03,5,1,22.0,32.0,1,10.0,21.6923076923,5.0,2.31060606061,54.0,13.4014041479,36.0
2016-09-04,6,1,22.0,30.0,1,10.0,23.6923076923,5.0,2.29276895944,54.0,13.447245159,47.0
2016-09-05,0,0,22.0,31.0,1,10.0,26.5384615385,5.0,1.97590361446,54.0,14.1454824787,56.0
2016-09-06,1,0,19.0,31.0,1,10.0,30.0769230769,5.0,2.01012292119,56.0,15.2742192975,46.0
2016-09-07,2,0,19.0,26.0,1,10.0,33.2307692308,5.0,1.99865861838,56.0,13.9457953198,55.0
2016-09-08,3,0,20.0,32.0,1,10.0,36.1538461538,5.0,1.93111931119,56.0,14.217249295,52.0
2016-09-09,4,0,22.0,32.0,1,10.0,38.7692307692,5.0,1.74657534247,56.0,13.7569777884,47.0
2016-09-10,5,1,19.0,29.0,1,10.0,41.1538461538,5.0,1.65324745035,56.0,12.2024345228,59.0
2016-09-11,6,1,19.0,30.0,1,10.0,44.0769230769,5.0,1.57213930348,59.0,11.5589561577,53.0
2016-09-12,0,0,19.0,28.0,1,10.0,46.6923076923,5.0,1.48667601683,59.0,9.19351456513,61.0
2016-09-13,1,0,19.0,28.0,0,10.0,48.7692307692,5.0,1.50959860384,61.0,9.14123242115,57.0
2016-09-14,2,0,20.0,30.0,1,10.0,51.0,5.0,1.39705882353,61.0,7.11444900294,63.0
2016-09-15,3,1,20.0,31.0,1,10.0,51.6923076923,5.0,1.39984532096,63.0,7.77950577217,51.0
2016-09-16,4,1,19.0,31.0,1,10.0,52.5384615385,5.0,1.27374301676,63.0,7.02320751416,49.0
2016-09-17,5,1,18.0,29.0,1,10.0,53.5384615385,5.0,1.17097701149,63.0,5.31493374465,35.0
2016-09-18,6,0,17.0,26.0,1,10.0,52.6153846154,5.0,0.955414012739,63.0,7.10945699039,52.0
2016-09-19,0,0,15.0,25.0,1,10.0,52.3076923077,5.0,0.929914529915,63.0,7.04255870661,50.0
2016-09-20,1,0,14.0,26.0,1,10.0,52.6153846154,5.0,0.9216279852,63.0,6.84485726702,74.0
2016-09-21,2,0,17.0,27.0,1,10.0,54.0769230769,5.0,1.13146898104,74.0,8.91378826884,54.0
2016-09-22,3,0,21.0,29.0,1,10.0,54.2307692308,5.0,1.14432658309,74.0,8.89385134326,59.0
2016-09-23,4,0,22.0,30.0,1,10.0,55.1538461538,16.0,1.18055555556,74.0,8.71644029182,68.0
2016-09-24,5,1,21.0,30.0,1,16.0,55.8461538462,16.0,1.10906862745,74.0,9.33023335388,86.0
2016-09-25,6,1,21.0,29.0,1,17.0,58.3846153846,16.0,1.25998225377,86.0,12.2445495664,71.0
2016-09-26,0,0,20.0,29.0,1,18.0,59.1538461538,19.0,1.31348511384,86.0,12.6906758858,60.0
2016-09-27,1,0,16.0,26.0,0,19.0,59.3846153846,19.0,1.25144175317,86.0,12.6766803562,75.0
2016-09-28,2,0,11.0,22.0,1,21.0,60.3076923077,28.0,1.16780045351,86.0,13.3265761971,105.0
2016-09-29,3,0,13.0,24.0,1,28.0,64.4615384615,28.0,1.3018714402,105.0,17.530700037,91.0
2016-09-30,4,0,15.0,26.0,1,34.0,67.6923076923,35.0,1.41921969102,105.0,18.2393683063,117.0
2016-10-01,5,1,19.0,28.0,1,35.0,74.0,35.0,1.56774355121,117.0,19.9422242414,51.0
2016-10-02,6,1,19.0,28.0,1,36.0,73.9230769231,35.0,1.29922247304,117.0,20.0286776646,51.0
2016-10-03,0,1,21.0,31.0,1,40.0,74.0,35.0,1.10689916603,117.0,19.9383665715,51.0
2016-10-04,1,1,19.0,30.0,1,46.0,72.2307692308,35.0,0.776846915461,117.0,20.859064977,51.0
2016-10-05,2,1,15.0,26.0,1,47.0,72.0,35.0,0.784012298232,117.0,21.0749577972,51.0
2016-10-06,3,1,17.0,24.0,1,47.0,71.3846153846,35.0,0.784012298232,117.0,21.5568602735,51.0
2016-10-07,4,1,12.0,20.0,0,49.0,70.0769230769,35.0,0.782808902533,117.0,22.2277080671,45.0
2016-10-08,5,0,9.0,21.0,1,49.0,66.9230769231,35.0,0.746382330541,117.0,22.6493726809,58.0
2016-10-09,6,0,12.0,19.0,1,50.0,65.9230769231,35.0,0.778367450088,117.0,22.7341205391,84.0
2016-10-10,0,0,13.0,21.0,1,51.0,67.7692307692,35.0,0.921409214092,117.0,23.1488622287,87.0
2016-10-11,1,0,13.0,23.0,1,51.0,68.6923076923,35.0,1.11761835041,117.0,23.6525640678,85.0
2016-10-12,2,0,16.0,23.0,1,51.0,67.1538461538,35.0,1.22166547363,117.0,21.8204073636,109.0
2016-10-13,3,0,14.0,25.0,1,51.0,68.5384615385,35.0,1.29463257314,117.0,23.7733379573,84.0
2016-10-14,4,0,15.0,24.0,1,51.0,66.0,35.0,1.26680337207,117.0,19.9113419553,86.0
2016-10-15,5,1,14.0,19.0,0,51.0,68.6923076923,35.0,1.27136021873,117.0,20.0667525079,87.0
2016-10-16,6,1,13.0,21.0,1,51.0,71.4615384615,35.0,1.15844038765,117.0,19.9175816597,123.0
2016-10-17,0,0,14.0,23.0,1,52.0,77.0,45.0,1.27972330307,123.0,23.1981431618,78.0
2016-10-18,1,0,15.0,25.0,1,52.0,79.0769230769,45.0,1.2427184466,123.0,21.9526116843,112.0
2016-10-19,2,0,15.0,25.0,1,53.0,83.7692307692,45.0,1.34450171821,123.0,21.9690476183,97.0
2016-10-20,3,0,15.0,22.0,1,54.0,87.3076923077,45.0,1.22807017544,123.0,20.0245411563,110.0
2016-10-21,4,0,15.0,20.0,0,54.0,92.3076923077,45.0,1.37115839243,123.0,16.6704926575,107.0
2016-10-22,5,1,10.0,14.0,0,55.0,96.0769230769,45.0,1.30263430823,123.0,13.7754605589,87.0
2016-10-23,6,1,8.0,13.0,0,56.0,96.3076923077,45.0,1.23351592615,123.0,13.5951609908,102.0
2016-10-24,0,0,8.0,15.0,0,57.0,97.4615384615,45.0,1.16489571035,123.0,13.3912450425,89.0
2016-10-25,1,0,10.0,19.0,1,58.0,97.7692307692,45.0,1.07005388761,123.0,13.1450712972,118.0
2016-10-26,2,0,11.0,16.0,1,59.0,98.4615384615,45.0,1.14508060033,123.0,13.9317864811,122.0
2016-10-27,3,0,10.0,14.0,0,59.0,101.384615385,45.0,1.17290552585,123.0,14.5630642461,135.0
2016-10-28,4,0,7.0,14.0,1,60.0,105.153846154,45.0,1.27551020408,135.0,16.3276365704,147.0
2016-10-29,5,1,7.0,14.0,1,61.0,109.769230769,45.0,1.31446233935,147.0,18.8318627133,131.0
2016-10-30,6,1,6.0,17.0,1,63.0,110.384615385,45.0,1.31361323155,147.0,19.3769826243,104.0
2016-10-31,0,0,0.0,8.0,1,68.0,112.384615385,45.0,1.20523741915,147.0,17.1443574999,107.0
