time_stamp,dayofweek,holiday,lt,ht,sunny,m2M,w2A,m1L,d3w3,m1Lar,w2Std,pay_sum
2016-08-01,0,0,27.0,37.0,1,38.0,53.0,37.0,1.08949416342,68.0,4.40279631423,65.0
2016-08-02,1,0,27.0,35.0,0,39.0,53.6923076923,37.0,1.1385199241,68.0,5.41201818441,48.0
2016-08-03,2,0,26.0,32.0,0,39.0,52.9230769231,38.0,1.07870805895,68.0,5.45557637738,49.0
2016-08-04,3,0,27.0,33.0,0,39.0,53.2307692308,38.0,1.00746268657,68.0,5.10133988664,47.0
2016-08-05,4,0,26.0,33.0,0,40.0,53.2307692308,38.0,0.893854748603,68.0,5.10133988664,41.0
2016-08-06,5,1,26.0,34.0,0,41.0,52.2307692308,38.0,0.872333651703,68.0,6.04029859366,65.0
2016-08-07,6,1,27.0,35.0,1,41.0,53.6923076923,38.0,0.964995269631,68.0,6.62610937457,59.0
2016-08-08,0,0,26.0,34.0,0,41.0,53.9230769231,38.0,1.03480714958,68.0,6.75347817466,46.0
2016-08-09,1,0,26.0,30.0,0,42.0,53.5384615385,38.0,1.07628996518,68.0,7.04507885653,49.0
2016-08-10,2,0,27.0,35.0,0,44.0,53.0,39.0,0.983397190294,68.0,7.10362854192,66.0
2016-08-11,3,0,27.0,36.0,1,44.0,54.0769230769,39.0,1.00782472613,68.0,7.8882730728,61.0
2016-08-12,4,0,27.0,36.0,1,45.0,54.6923076923,40.0,1.0874266296,68.0,8.08973343085,60.0
2016-08-13,5,1,27.0,35.0,1,45.0,55.0,41.0,1.1490015361,68.0,8.20881327505,57.0
2016-08-14,6,1,28.0,35.0,1,46.0,54.8461538462,41.0,1.08272506083,68.0,8.15094287935,53.0
2016-08-15,0,0,27.0,36.0,1,46.0,53.9230769231,41.0,1.03690149436,66.0,7.61033243448,57.0
2016-08-16,1,0,26.0,36.0,1,46.0,54.6153846154,41.0,1.01304215954,66.0,7.4476476569,51.0
2016-08-17,2,0,28.0,37.0,1,46.0,54.7692307692,41.0,0.981109079829,66.0,7.35007949883,58.0
2016-08-18,3,0,28.0,37.0,1,47.0,55.6153846154,41.0,1.00606060606,66.0,7.03331043118,77.0
2016-08-19,4,0,28.0,38.0,1,47.0,58.3846153846,41.0,1.10320284698,77.0,7.78102684086,100.0
2016-08-20,5,1,27.0,37.0,0,48.0,61.0769230769,41.0,1.34132420091,100.0,13.5332157669,104.0
2016-08-21,6,1,27.0,35.0,0,49.0,64.5384615385,41.0,1.54438032426,104.0,17.6792594024,126.0
2016-08-22,0,0,27.0,36.0,1,49.0,70.6923076923,41.0,1.72684458399,126.0,23.2126776217,118.0
2016-08-23,1,0,27.0,35.0,0,51.0,76.0,41.0,1.72619047619,126.0,25.4286331645,111.0
2016-08-24,2,0,27.0,35.0,1,51.0,79.4615384615,41.0,1.68326220958,126.0,26.854638289,98.0
2016-08-25,3,0,26.0,35.0,1,52.0,82.3076923077,41.0,1.49622512011,126.0,26.7074884785,96.0
2016-08-26,4,0,25.0,34.0,0,52.0,85.0769230769,41.0,1.34479717813,126.0,26.110597726,106.0
2016-08-27,5,1,23.0,31.0,1,53.0,88.8461538462,41.0,1.28783000644,126.0,25.3099133933,111.0
2016-08-28,6,1,21.0,31.0,1,53.0,93.3076923077,41.0,1.30010384216,126.0,23.6558160531,108.0
2016-08-29,0,0,21.0,32.0,1,53.0,97.2307692308,41.0,1.29974005199,126.0,21.4338117008,107.0
2016-08-30,1,0,21.0,32.0,1,54.0,101.538461538,41.0,1.25990338164,126.0,16.8459782218,102.0
2016-08-31,2,0,21.0,33.0,1,55.0,104.923076923,41.0,1.20007571456,126.0,11.2486685603,101.0
2016-09-01,3,0,23.0,33.0,0,56.0,106.769230769,41.0,1.14751064224,126.0,8.02068332168,80.0
2016-09-02,4,0,22.0,34.0,1,56.0,105.230769231,41.0,1.03606077247,126.0,10.6565533911,80.0
2016-09-03,5,1,23.0,35.0,1,56.0,103.384615385,41.0,0.943600867679,126.0,12.6097548414,80.0
2016-09-04,6,1,24.0,32.0,1,56.0,99.8461538462,46.0,0.855157669695,126.0,12.2150358408,80.0
2016-09-05,0,0,24.0,30.0,0,57.0,96.9230769231,46.0,0.844772967265,126.0,12.0668748007,80.0
2016-09-06,1,0,23.0,28.0,0,57.0,94.5384615385,46.0,0.832033281331,126.0,12.112392793,80.0
2016-09-07,2,0,21.0,27.0,0,58.0,93.1538461538,49.0,0.822622107969,126.0,12.6542553125,83.0
2016-09-08,3,0,22.0,30.0,1,58.0,92.1538461538,51.0,0.830343413634,126.0,12.9010801805,68.0
2016-09-09,4,0,22.0,29.0,1,59.0,89.2307692308,51.0,0.802501302762,126.0,13.7121722801,71.0
2016-09-10,5,1,22.0,28.0,0,59.0,86.1538461538,51.0,0.784729586426,126.0,12.9486925615,56.0
2016-09-11,6,1,21.0,25.0,0,59.0,82.1538461538,51.0,0.715859030837,126.0,13.5977721809,51.0
2016-09-12,0,0,21.0,27.0,1,59.0,77.8461538462,51.0,0.678482942634,126.0,13.9109594529,41.0
2016-09-13,1,0,21.0,28.0,0,59.0,73.1538461538,41.0,0.58765137979,126.0,15.200435995,54.0
2016-09-14,2,0,21.0,25.0,0,59.0,69.5384615385,41.0,0.595310907238,126.0,13.6585582335,38.0
2016-09-15,3,1,22.0,25.0,0,59.0,66.3076923077,38.0,0.562248995984,126.0,15.6273163963,47.0
2016-09-16,4,1,23.0,27.0,0,59.0,63.7692307692,38.0,0.610452349583,126.0,15.8752533409,39.0
2016-09-17,5,1,22.0,27.0,1,59.0,60.6153846154,38.0,0.571692023974,126.0,16.4013998537,54.0
2016-09-18,6,0,22.0,26.0,0,59.0,58.6153846154,38.0,0.670498084291,126.0,15.4747360437,35.0
2016-09-19,0,0,20.0,27.0,1,59.0,55.1538461538,35.0,0.646464646465,126.0,15.3364631057,49.0
2016-09-20,1,0,19.0,26.0,1,59.0,52.7692307692,35.0,0.726124704025,118.0,13.5995126958,64.0
2016-09-21,2,0,19.0,26.0,1,59.0,51.3076923077,35.0,0.80216802168,111.0,11.0549996722,53.0
2016-09-22,3,0,20.0,27.0,1,59.0,50.1538461538,35.0,0.919922416182,111.0,9.98341820487,56.0
2016-09-23,4,0,20.0,29.0,1,59.0,49.0,35.0,0.978230138535,111.0,8.21817872393,59.0
2016-09-24,5,1,21.0,30.0,1,59.0,49.2307692308,35.0,0.967184801382,111.0,8.45034224299,58.0
2016-09-25,6,1,21.0,30.0,1,59.0,49.7692307692,35.0,1.01525821596,111.0,8.76315579048,69.0
2016-09-26,0,0,24.0,31.0,1,60.0,51.9230769231,35.0,1.10222222222,108.0,9.73069321953,67.0
2016-09-27,1,0,23.0,28.0,0,61.0,52.9230769231,35.0,1.16306954436,107.0,10.5280689913,68.0
2016-09-28,2,0,22.0,28.0,0,64.0,55.2307692308,35.0,1.23974475843,102.0,10.2893062198,70.0
2016-09-29,3,0,22.0,25.0,0,65.0,57.0,35.0,1.24355474674,101.0,10.6914775549,64.0
2016-09-30,4,0,22.0,29.0,0,64.0,58.9230769231,35.0,1.23321123321,83.0,9.4580981863,61.0
2016-10-01,5,1,23.0,30.0,0,64.0,59.4615384615,35.0,1.18505013674,83.0,9.36125718559,46.0
2016-10-02,6,1,22.0,30.0,1,64.0,60.3076923077,35.0,1.04395604396,83.0,7.40462033914,49.0
2016-10-03,0,1,21.0,27.0,0,64.0,60.3076923077,35.0,0.945454545455,83.0,7.40462033914,32.0
2016-10-04,1,1,20.0,27.0,1,64.0,57.8461538462,32.0,0.785405071119,83.0,10.457578436,40.0
2016-10-05,2,1,21.0,27.0,1,64.0,56.8461538462,32.0,0.746913580247,83.0,11.4478493368,38.0
2016-10-06,3,1,22.0,27.0,0,64.0,55.4615384615,32.0,0.684718331777,83.0,12.5060931895,44.0
2016-10-07,4,1,20.0,23.0,0,64.0,54.3076923077,32.0,0.755885997522,71.0,12.8145627218,58.0
2016-10-08,5,0,17.0,22.0,0,64.0,54.3076923077,32.0,0.864197530864,71.0,12.8145627218,40.0
2016-10-09,6,0,16.0,22.0,1,61.0,52.0769230769,32.0,0.872503840246,70.0,12.584859881,45.0
2016-10-10,0,0,15.0,21.0,1,61.0,50.3846153846,32.0,0.881899475794,70.0,11.9263022933,62.0
2016-10-11,1,0,17.0,23.0,1,62.0,49.9230769231,32.0,0.908248378128,70.0,11.3372194289,69.0
2016-10-12,2,0,18.0,25.0,1,64.0,49.8461538462,32.0,1.07153729072,70.0,11.2033384712,61.0
2016-10-13,3,0,18.0,23.0,1,64.0,49.6153846154,32.0,1.16363636364,70.0,10.9371523613,62.0
2016-10-14,4,0,19.0,22.0,0,64.0,49.6923076923,32.0,1.16047144152,70.0,11.0201536733,52.0
2016-10-15,5,1,20.0,23.0,0,64.0,50.1538461538,32.0,1.06350653297,70.0,10.9814259537,54.0
2016-10-16,6,1,20.0,26.0,0,64.0,50.5384615385,32.0,1.03512014787,70.0,11.0217643751,61.0
2016-10-17,0,0,20.0,24.0,0,62.0,52.7692307692,32.0,1.03469640644,70.0,9.92397133715,53.0
2016-10-18,1,0,20.0,24.0,0,62.0,53.7692307692,32.0,1.05560791706,70.0,9.21665587738,58.0
2016-10-19,2,0,20.0,24.0,0,61.0,55.3076923077,32.0,1.09310454401,70.0,8.05160868193,61.0
2016-10-20,3,0,21.0,25.0,0,61.0,56.6153846154,32.0,1.09623964308,70.0,7.46827610155,53.0
2016-10-21,4,0,21.0,25.0,0,61.0,56.2307692308,32.0,1.10468850353,70.0,7.51566411574,53.0
2016-10-22,5,1,20.0,23.0,0,61.0,57.2307692308,32.0,1.0653907496,70.0,6.0019720625,50.0
2016-10-23,6,1,17.0,23.0,0,59.0,57.6153846154,32.0,0.994263862333,70.0,5.32827669555,44.0
2016-10-24,0,0,19.0,24.0,1,58.0,56.2307692308,32.0,0.926275992439,70.0,6.26533621363,72.0
2016-10-25,1,0,19.0,23.0,1,58.0,56.4615384615,32.0,1.01529051988,72.0,6.76660788346,72.0
2016-10-26,2,0,19.0,24.0,0,58.0,57.3076923077,32.0,1.11506524318,72.0,7.87776437815,65.0
2016-10-27,3,0,18.0,24.0,0,58.0,57.5384615385,32.0,1.21688500728,72.0,8.05381309228,69.0
2016-10-28,4,0,15.0,19.0,0,58.0,58.8461538462,32.0,1.18800461361,72.0,8.4201786373,67.0
2016-10-29,5,1,12.0,15.0,0,58.0,59.8461538462,32.0,1.13271344041,72.0,8.55611480707,69.0
2016-10-30,6,1,14.0,18.0,1,58.0,60.4615384615,32.0,1.13228389948,72.0,8.89784230211,53.0
2016-10-31,0,0,12.0,17.0,0,58.0,60.4615384615,32.0,1.05175292154,72.0,8.89784230211,76.0
