time_stamp,dayofweek,holiday,lt,ht,sunny,m2M,w2A,m1L,d3w3,m1Lar,w2Std,pay_sum
2016-08-01,0,0,28.0,34.0,1,86.0,116.384615385,59.0,1.17647058824,167.0,21.2694741953,100.0
2016-08-02,1,0,27.0,35.0,0,87.0,117.230769231,59.0,1.12034472145,167.0,20.3626877709,77.0
2016-08-03,2,0,26.0,32.0,0,87.0,115.692307692,59.0,0.934065934066,167.0,22.4786552273,120.0
2016-08-04,3,0,27.0,32.0,0,88.0,117.538461538,59.0,0.893098782138,167.0,21.7595792685,90.0
2016-08-05,4,0,27.0,33.0,0,88.0,116.384615385,59.0,0.862250262881,167.0,22.7681912445,115.0
2016-08-06,5,1,27.0,33.0,0,89.0,114.692307692,59.0,0.968559082104,167.0,21.976857112,150.0
2016-08-07,6,1,27.0,35.0,1,90.0,113.384615385,59.0,1.05138456982,167.0,19.1493661736,153.0
2016-08-08,0,0,27.0,34.0,0,91.0,116.384615385,59.0,1.20218579235,167.0,21.872140557,103.0
2016-08-09,1,0,27.0,33.0,0,91.0,115.692307692,59.0,1.16066323613,167.0,22.1407546789,110.0
2016-08-10,2,0,28.0,34.0,1,92.0,114.461538462,59.0,1.04051172708,167.0,21.9776648323,122.0
2016-08-11,3,0,28.0,36.0,1,94.0,116.769230769,59.0,0.941937297905,167.0,21.0536086662,96.0
2016-08-12,4,0,28.0,35.0,1,96.0,115.384615385,77.0,0.925769122213,167.0,21.7699102911,110.0
2016-08-13,5,1,28.0,35.0,1,96.0,113.461538462,77.0,0.936473947181,167.0,21.0443319049,133.0
2016-08-14,6,1,28.0,36.0,1,97.0,113.769230769,77.0,0.982181660148,167.0,21.2969981494,129.0
2016-08-15,0,0,27.0,35.0,1,97.0,116.0,77.0,1.07081174439,167.0,21.2566731604,145.0
2016-08-16,1,0,28.0,36.0,1,97.0,121.230769231,77.0,1.15510146161,167.0,19.2919028298,117.0
2016-08-17,2,0,28.0,35.0,1,97.0,121.0,77.0,1.11396011396,167.0,19.3231626652,127.0
2016-08-18,3,0,28.0,35.0,1,97.0,123.846153846,77.0,1.09192982456,167.0,17.1502238328,116.0
2016-08-19,4,0,29.0,37.0,1,98.0,123.923076923,77.0,1.00967606226,167.0,17.1125753961,146.0
2016-08-20,5,1,28.0,37.0,0,100.0,123.615384615,77.0,1.08598548297,167.0,16.6712025386,150.0
2016-08-21,6,1,27.0,34.0,0,103.0,123.384615385,77.0,1.1401688114,167.0,16.2790023392,160.0
2016-08-22,0,0,28.0,35.0,1,105.0,127.769230769,77.0,1.23126771972,167.0,17.8029982183,108.0
2016-08-23,1,0,26.0,34.0,1,108.0,127.615384615,77.0,1.11466666667,160.0,17.9638031845,116.0
2016-08-24,2,0,25.0,34.0,1,109.0,127.153846154,77.0,1.02564102564,160.0,18.1779500996,144.0
2016-08-25,3,0,26.0,35.0,1,110.0,130.846153846,77.0,0.962091503268,160.0,16.2473484409,130.0
2016-08-26,4,0,25.0,32.0,0,110.0,132.384615385,77.0,1.01364522417,160.0,15.1075043071,129.0
2016-08-27,5,1,24.0,30.0,1,112.0,132.076923077,77.0,1.05607966457,160.0,15.1325504407,156.0
2016-08-28,6,1,22.0,30.0,1,112.0,134.153846154,77.0,1.08624525586,160.0,16.3699826317,159.0
2016-08-29,0,0,22.0,32.0,1,114.0,135.230769231,77.0,1.13714944295,160.0,17.471532213,122.0
2016-08-30,1,0,23.0,31.0,1,114.0,135.615384615,77.0,1.11408540472,160.0,17.1174156098,141.0
2016-08-31,2,0,23.0,33.0,1,115.0,136.692307692,77.0,1.06808402936,160.0,16.98136814,146.0
2016-09-01,3,0,24.0,34.0,1,115.0,139.0,90.0,1.01589667163,160.0,16.0240204309,109.0
2016-09-02,4,0,24.0,34.0,1,115.0,136.153846154,90.0,0.983973164368,160.0,17.7237179371,121.0
2016-09-03,5,1,23.0,34.0,1,116.0,133.923076923,96.0,0.93847497816,160.0,17.6655315775,158.0
2016-09-04,6,1,24.0,33.0,1,116.0,133.769230769,96.0,0.958024691358,160.0,17.445095613,185.0
2016-09-05,0,0,25.0,31.0,1,117.0,139.692307692,96.0,1.12895377129,185.0,20.4953451202,129.0
2016-09-06,1,0,22.0,26.0,0,118.0,140.692307692,96.0,1.14341085271,185.0,19.6131220415,121.0
2016-09-07,2,0,21.0,24.0,0,120.0,138.923076923,96.0,1.0560815732,185.0,20.26160271,130.0
2016-09-08,3,0,23.0,30.0,1,121.0,138.923076923,96.0,0.917874396135,185.0,20.26160271,124.0
2016-09-09,4,0,23.0,32.0,1,121.0,138.538461538,96.0,0.9130752374,185.0,20.4924578419,135.0
2016-09-10,5,1,23.0,29.0,1,122.0,136.923076923,108.0,0.952380952381,185.0,19.8705872255,129.0
2016-09-11,6,1,21.0,26.0,0,122.0,134.615384615,108.0,0.960871718673,185.0,18.8905286058,160.0
2016-09-12,0,0,22.0,29.0,1,124.0,137.538461538,108.0,1.03012633625,185.0,19.6375440444,108.0
2016-09-13,1,0,22.0,29.0,1,124.0,135.0,108.0,0.967348927875,185.0,21.1041373997,113.0
2016-09-14,2,0,22.0,24.0,0,124.0,132.461538462,108.0,0.939001848429,185.0,21.6070337003,129.0
2016-09-15,3,1,20.0,24.0,0,124.0,134.0,108.0,0.86291913215,185.0,20.5688337802,185.0
2016-09-16,4,1,22.0,26.0,0,126.0,138.923076923,108.0,1.03140096618,185.0,24.205725764,131.0
2016-09-17,5,1,22.0,27.0,1,127.0,136.846153846,108.0,1.08470444851,185.0,23.6312900584,164.0
2016-09-18,6,0,22.0,27.0,1,129.0,135.230769231,108.0,1.16788321168,185.0,20.8369267118,168.0
2016-09-19,0,0,20.0,27.0,1,129.0,138.230769231,108.0,1.10792055516,185.0,22.467596654,122.0
2016-09-20,1,0,19.0,26.0,1,129.0,138.307692308,108.0,1.09384411517,185.0,22.410109722,131.0
2016-09-21,2,0,19.0,26.0,1,129.0,138.384615385,108.0,1.01986434109,185.0,22.3831614648,137.0
2016-09-22,3,0,20.0,27.0,1,129.0,139.384615385,108.0,0.935251798561,185.0,22.0053785787,119.0
2016-09-23,4,0,20.0,28.0,1,129.0,138.153846154,108.0,0.928725701944,185.0,22.6540747017,142.0
2016-09-24,5,1,21.0,28.0,1,129.0,139.153846154,108.0,0.960656529085,185.0,22.5144266701,155.0
2016-09-25,6,1,22.0,29.0,1,129.0,138.769230769,108.0,1.01512933138,185.0,22.195473711,171.0
2016-09-26,0,0,24.0,30.0,1,129.0,143.615384615,108.0,1.1247296323,185.0,21.8228478066,125.0
2016-09-27,1,0,24.0,31.0,0,129.0,144.538461538,108.0,1.08231341493,185.0,20.7350145503,113.0
2016-09-28,2,0,22.0,27.0,0,129.0,143.307692308,108.0,0.987564891947,185.0,22.0537267577,155.0
2016-09-29,3,0,22.0,24.0,0,129.0,141.0,108.0,0.938395415473,185.0,18.9168219806,170.0
2016-09-30,4,0,22.0,26.0,0,129.0,144.0,108.0,1.03289706403,185.0,20.1456236897,204.0
2016-10-01,5,1,23.0,26.0,1,130.0,147.076923077,108.0,1.21525384792,204.0,25.3482256653,196.0
2016-10-02,6,1,23.0,30.0,0,130.0,149.230769231,108.0,1.29339686862,204.0,28.0772391974,174.0
2016-10-03,0,1,20.0,25.0,1,131.0,153.230769231,108.0,1.27385707945,204.0,27.6131346844,180.0
2016-10-04,1,1,22.0,27.0,1,131.0,157.0,108.0,1.19396504939,204.0,27.6655853975,153.0
2016-10-05,2,1,22.0,27.0,1,131.0,158.230769231,108.0,1.09208400646,204.0,27.0985490561,158.0
2016-10-06,3,1,21.0,26.0,1,131.0,161.230769231,108.0,1.06692742286,204.0,24.6362892003,141.0
2016-10-07,4,1,20.0,23.0,0,133.0,161.153846154,108.0,0.978990686593,204.0,24.6976989082,174.0
2016-10-08,5,0,17.0,22.0,1,135.0,162.615384615,108.0,1.02115716753,204.0,24.8519878838,176.0
2016-10-09,6,0,16.0,21.0,1,137.0,163.0,108.0,1.05727820844,204.0,25.016917353,184.0
2016-10-10,0,0,15.0,22.0,1,141.0,167.538461538,108.0,1.12729575681,204.0,22.9803105844,161.0
2016-10-11,1,0,17.0,23.0,1,141.0,171.230769231,108.0,1.08950230029,204.0,16.9984336208,165.0
2016-10-12,2,0,18.0,21.0,1,142.0,172.0,113.0,1.05721393035,204.0,16.4644138395,156.0
2016-10-13,3,0,18.0,22.0,1,144.0,170.923076923,113.0,0.987806127677,204.0,17.0088734238,152.0
2016-10-14,4,0,18.0,21.0,0,144.0,166.923076923,113.0,0.966390846869,204.0,14.720271415,146.0
2016-10-15,5,1,20.0,24.0,1,146.0,163.076923077,113.0,0.930137266953,204.0,13.0588109864,165.0
2016-10-16,6,1,19.0,25.0,1,146.0,162.384615385,113.0,0.950328407225,204.0,12.6948715359,205.0
2016-10-17,0,0,19.0,24.0,1,146.0,164.307692308,113.0,1.03365384615,205.0,16.5314833221,164.0
2016-10-18,1,0,19.0,25.0,1,150.0,165.153846154,113.0,1.05356614383,205.0,16.2094281864,161.0
2016-10-19,2,0,19.0,23.0,0,152.0,165.384615385,113.0,1.04382077794,205.0,16.1270840587,135.0
2016-10-20,3,0,20.0,22.0,0,146.0,164.923076923,113.0,0.915422885572,205.0,16.8863237264,137.0
2016-10-21,4,0,19.0,22.0,0,146.0,162.076923077,113.0,0.879277083968,205.0,18.1847845886,164.0
2016-10-22,5,1,20.0,23.0,0,152.0,161.153846154,113.0,0.894083871629,205.0,17.7540727888,149.0
2016-10-23,6,1,17.0,22.0,1,152.0,158.461538462,113.0,0.929944203348,205.0,16.7084289397,253.0
2016-10-24,0,0,19.0,23.0,1,153.0,165.538461538,113.0,1.14378094372,253.0,30.2670559281,194.0
2016-10-25,1,0,17.0,20.0,1,155.0,167.769230769,113.0,1.18962075848,253.0,31.199491727,156.0
2016-10-26,2,0,18.0,21.0,0,155.0,167.769230769,113.0,1.20431396046,253.0,31.199491727,110.0
2016-10-27,3,0,18.0,21.0,0,153.0,164.538461538,110.0,0.927325874408,253.0,34.6490434647,189.0
2016-10-28,4,0,15.0,18.0,0,155.0,167.846153846,110.0,0.913104555489,253.0,34.7736552665,175.0
2016-10-29,5,1,10.0,15.0,0,155.0,168.615384615,110.0,0.951520626317,253.0,34.8127705603,174.0
2016-10-30,6,1,14.0,18.0,1,156.0,166.230769231,110.0,1.08325782744,253.0,33.2661848317,240.0
2016-10-31,0,0,11.0,15.0,0,156.0,172.076923077,110.0,1.15830875123,253.0,38.6094080573,166.0
