time_stamp,dayofweek,holiday,lt,ht,sunny,m2M,w2A,m1L,d3w3,m1Lar,w2Std,pay_sum
2016-08-01,0,0,28.0,34.0,1,122.0,142.384615385,108.0,0.956879844961,168.0,17.4423819013,133.0
2016-08-02,1,0,28.0,34.0,0,124.0,139.846153846,108.0,0.899067005937,168.0,16.176175044,155.0
2016-08-03,2,0,26.0,32.0,0,125.0,141.076923077,108.0,0.999275887038,168.0,16.666232736,151.0
2016-08-04,3,0,27.0,32.0,0,125.0,141.384615385,112.0,1.04973696796,168.0,16.8090564488,119.0
2016-08-05,4,0,27.0,33.0,0,125.0,137.615384615,112.0,1.0162601626,168.0,15.8868037234,140.0
2016-08-06,5,1,27.0,33.0,1,125.0,138.846153846,112.0,0.975145677251,168.0,15.3965338449,126.0
2016-08-07,6,1,27.0,34.0,1,125.0,139.538461538,112.0,0.911458333333,168.0,14.5793077002,140.0
2016-08-08,0,0,27.0,34.0,0,126.0,138.692307692,112.0,0.961515689757,168.0,14.2039247847,147.0
2016-08-09,1,0,28.0,34.0,1,126.0,138.307692308,112.0,0.984740104912,168.0,13.902875272,141.0
2016-08-10,2,0,28.0,34.0,1,132.0,137.307692308,112.0,1.0197760305,168.0,13.1873168402,144.0
2016-08-11,3,0,28.0,35.0,1,133.0,137.769230769,112.0,1.03041144902,168.0,13.3079146269,145.0
2016-08-12,4,0,28.0,34.0,1,133.0,136.846153846,112.0,1.03415103415,168.0,12.3216267273,153.0
2016-08-13,5,1,28.0,35.0,1,133.0,140.0,112.0,1.05200523623,168.0,10.6986699389,136.0
2016-08-14,6,1,28.0,36.0,1,134.0,140.769230769,112.0,1.02600472813,168.0,10.0011833619,136.0
2016-08-15,0,0,28.0,35.0,1,136.0,141.0,112.0,1.0101010101,168.0,9.85276220544,156.0
2016-08-16,1,0,28.0,35.0,1,136.0,141.076923077,112.0,1.01578260354,168.0,9.96502760397,143.0
2016-08-17,2,0,28.0,35.0,1,136.0,140.461538462,112.0,1.03645461044,168.0,9.57251984039,142.0
2016-08-18,3,0,28.0,36.0,1,136.0,142.230769231,112.0,1.04925053533,168.0,7.29756383116,133.0
2016-08-19,4,0,29.0,36.0,1,136.0,141.692307692,112.0,1.00311975042,168.0,7.68999965374,160.0
2016-08-20,5,1,28.0,37.0,0,138.0,144.307692308,112.0,1.02618542109,168.0,7.68999965374,151.0
2016-08-21,6,1,28.0,35.0,0,138.0,145.153846154,112.0,1.03823219923,160.0,7.77417968808,124.0
2016-08-22,0,0,28.0,35.0,1,138.0,143.384615385,112.0,1.02040816327,160.0,9.56386196164,153.0
2016-08-23,1,0,26.0,34.0,1,139.0,144.307692308,112.0,1.00469483568,160.0,9.86356633416,150.0
2016-08-24,2,0,26.0,34.0,1,139.0,144.769230769,112.0,1.00270048139,160.0,9.97808249001,136.0
2016-08-25,3,0,27.0,35.0,1,139.0,144.076923077,112.0,1.02474323063,160.0,10.2466620341,133.0
2016-08-26,4,0,26.0,34.0,0,139.0,142.538461538,112.0,0.980460980461,160.0,10.292756113,147.0
2016-08-27,5,1,23.0,31.0,1,140.0,143.384615385,112.0,0.966318234611,160.0,10.17189538,126.0
2016-08-28,6,1,22.0,30.0,1,140.0,142.615384615,112.0,0.947712418301,160.0,11.0421462625,125.0
2016-08-29,0,0,23.0,31.0,1,140.0,140.230769231,119.0,0.936250294048,160.0,11.2397224586,160.0
2016-08-30,1,0,23.0,31.0,1,140.0,141.538461538,119.0,0.960392569225,160.0,12.4134876065,167.0
2016-08-31,2,0,25.0,34.0,1,140.0,143.461538462,119.0,1.04775150672,167.0,14.1509194298,144.0
2016-09-01,3,0,26.0,33.0,1,140.0,144.307692308,119.0,1.09217391304,167.0,13.8251978168,145.0
2016-09-02,4,0,25.0,34.0,1,140.0,143.153846154,119.0,1.06034182072,167.0,13.0728500444,161.0
2016-09-03,5,1,25.0,35.0,1,141.0,143.923076923,124.0,1.03734439834,167.0,13.7866241668,132.0
2016-09-04,6,1,25.0,33.0,1,140.0,144.538461538,124.0,1.01108033241,167.0,13.0420349086,132.0
2016-09-05,0,0,25.0,30.0,0,140.0,142.923076923,124.0,0.989292364991,167.0,13.1935971561,147.0
2016-09-06,1,0,22.0,27.0,0,141.0,142.692307692,124.0,0.955369595537,167.0,13.0936544548,127.0
2016-09-07,2,0,20.0,24.0,0,141.0,142.0,124.0,0.948708961327,167.0,13.6550920342,127.0
2016-09-08,3,0,22.0,29.0,1,141.0,141.538461538,124.0,0.939000117082,167.0,14.0472575184,154.0
2016-09-09,4,0,23.0,31.0,1,141.0,142.076923077,124.0,0.9574093629,167.0,14.3765917565,167.0
2016-09-10,5,1,24.0,29.0,1,142.0,145.230769231,124.0,1.04538560261,167.0,14.9879636127,130.0
2016-09-11,6,1,23.0,26.0,0,141.0,145.615384615,124.0,1.05018046338,167.0,14.5207462276,103.0
2016-09-12,0,0,23.0,29.0,1,141.0,141.230769231,103.0,0.947979618438,167.0,17.759737724,131.0
2016-09-13,1,0,23.0,30.0,1,141.0,138.461538462,103.0,0.868527797662,167.0,16.2699126971,139.0
2016-09-14,2,0,22.0,24.0,0,141.0,138.076923077,103.0,0.889047789298,167.0,16.1933582703,108.0
2016-09-15,3,1,23.0,26.0,0,141.0,135.230769231,103.0,0.909090909091,167.0,17.8892053663,98.0
2016-09-16,4,1,23.0,27.0,0,141.0,130.384615385,98.0,0.844656628718,167.0,18.7638706091,80.0
2016-09-17,5,1,23.0,27.0,0,140.0,126.384615385,80.0,0.71224006973,167.0,23.0469035515,110.0
2016-09-18,6,0,23.0,28.0,0,140.0,124.692307692,80.0,0.721262208866,167.0,23.3777824025,138.0
2016-09-19,0,0,21.0,27.0,0,140.0,124.0,80.0,0.828282828283,167.0,22.8338480197,136.0
2016-09-20,1,0,20.0,26.0,1,139.0,124.692307692,80.0,0.9812188578,167.0,23.0497275652,144.0
2016-09-21,2,0,20.0,27.0,1,140.0,126.0,80.0,1.06809761083,167.0,23.618766984,122.0
2016-09-22,3,0,21.0,27.0,1,140.0,123.538461538,80.0,1.03634957463,167.0,22.1970732118,139.0
2016-09-23,4,0,21.0,27.0,1,139.0,121.384615385,80.0,1.05304212168,167.0,19.0042038327,138.0
2016-09-24,5,1,22.0,28.0,1,139.0,122.0,80.0,1.03501945525,167.0,19.3986518168,133.0
2016-09-25,6,1,23.0,29.0,1,138.0,124.307692308,80.0,1.06314015299,167.0,18.7755348808,149.0
2016-09-26,0,0,24.0,31.0,1,139.0,125.692307692,80.0,1.08822386319,167.0,19.8509236963,158.0
2016-09-27,1,0,25.0,30.0,0,139.0,127.153846154,80.0,1.12647209421,167.0,21.4147546326,173.0
2016-09-28,2,0,22.0,28.0,0,139.0,132.153846154,80.0,1.20754716981,173.0,23.8128800114,164.0
2016-09-29,3,0,22.0,25.0,0,140.0,137.230769231,80.0,1.24060150376,173.0,23.0122169766,117.0
2016-09-30,4,0,23.0,28.0,0,140.0,140.076923077,80.0,1.15964240102,173.0,17.3491810424,171.0
2016-10-01,5,1,24.0,29.0,0,140.0,144.769230769,80.0,1.13667798315,173.0,16.8210209429,145.0
2016-10-02,6,1,24.0,32.0,1,140.0,145.307692308,80.0,1.07191484095,173.0,16.7073664793,119.0
2016-10-03,0,1,22.0,26.0,1,140.0,144.0,80.0,1.08168593808,173.0,18.0,88.0
2016-10-04,1,1,22.0,26.0,1,139.0,139.692307692,80.0,0.89226869455,173.0,23.3810726061,103.0
2016-10-05,2,1,22.0,27.0,1,139.0,138.230769231,80.0,0.787301587302,173.0,24.980465741,112.0
2016-10-06,3,1,22.0,26.0,0,139.0,136.153846154,80.0,0.765441455097,173.0,25.934373252,87.0
2016-10-07,4,1,20.0,25.0,0,138.0,132.230769231,80.0,0.760896951373,173.0,29.0308956012,143.0
2016-10-08,5,0,17.0,22.0,0,138.0,133.0,80.0,0.851063829787,173.0,29.1732227064,122.0
2016-10-09,6,0,18.0,22.0,1,138.0,130.923076923,80.0,0.881211666041,173.0,28.9202126241,130.0
2016-10-10,0,0,18.0,22.0,1,136.0,128.769230769,80.0,0.991092711078,173.0,27.8461538462,136.0
2016-10-11,1,0,19.0,25.0,1,136.0,125.923076923,80.0,0.976469107839,173.0,24.9166658421,130.0
2016-10-12,2,0,19.0,23.0,1,136.0,123.307692308,80.0,0.993601806549,173.0,22.444408642,150.0
2016-10-13,3,0,19.0,23.0,1,136.0,125.846153846,80.0,1.03948025987,173.0,23.4318854222,148.0
2016-10-14,4,0,19.0,23.0,0,136.0,124.076923077,80.0,1.06547174508,173.0,20.6601122138,126.0
2016-10-15,5,1,21.0,25.0,1,136.0,122.615384615,80.0,1.05828029452,173.0,19.7816483001,128.0
2016-10-16,6,1,20.0,26.0,1,136.0,123.307692308,87.0,1.01132075472,173.0,19.8004841253,132.0
2016-10-17,0,0,20.0,25.0,1,136.0,126.692307692,87.0,0.980691056911,173.0,17.044668083,143.0
2016-10-18,1,0,20.0,25.0,1,136.0,129.769230769,87.0,1.03572346441,173.0,16.0726899101,144.0
2016-10-19,2,0,20.0,24.0,0,136.0,132.230769231,87.0,1.08521108521,173.0,15.6064771867,138.0
2016-10-20,3,0,20.0,23.0,0,136.0,136.153846154,87.0,1.09184328838,173.0,8.56510050995,133.0
2016-10-21,4,0,0.0,21.0,0,136.0,135.384615385,87.0,1.08199713206,173.0,8.36235577352,108.0
2016-10-22,5,1,19.0,23.0,0,133.0,134.307692308,87.0,1.00264550265,173.0,10.6148271871,86.0
2016-10-23,6,1,18.0,23.0,1,133.0,130.923076923,86.0,0.876558102131,173.0,16.7123240499,136.0
2016-10-24,0,0,20.0,24.0,1,133.0,130.923076923,86.0,0.867850098619,173.0,16.7123240499,136.0
2016-10-25,1,0,18.0,22.0,1,133.0,131.384615385,86.0,0.929387331256,173.0,16.7632311074,150.0
2016-10-26,2,0,19.0,21.0,0,136.0,131.384615385,86.0,1.07955998977,173.0,16.7632311074,129.0
2016-10-27,3,0,18.0,22.0,0,136.0,129.923076923,86.0,1.04481369587,171.0,16.0645885698,119.0
2016-10-28,4,0,15.0,20.0,0,133.0,129.384615385,86.0,1.01117886179,171.0,16.3026116904,119.0
2016-10-29,5,1,13.0,17.0,1,133.0,128.692307692,86.0,0.93348594684,171.0,16.5361357935,116.0
2016-10-30,6,1,14.0,18.0,1,132.0,127.461538462,86.0,0.90525508247,150.0,16.8368432297,104.0
2016-10-31,0,0,13.0,17.0,0,132.0,124.461538462,86.0,0.877669902913,150.0,17.2698732106,128.0
