time_stamp,dayofweek,holiday,lt,ht,sunny,m2M,w2A,m1L,d3w3,m1Lar,w2Std,pay_sum
2016-08-01,0,0,28.0,34.0,1,18.0,18.0,18.0,1.0,18.0,0.0,18.0
2016-08-02,1,0,27.0,35.0,0,18.0,18.0,18.0,1.0,18.0,0.0,18.0
2016-08-03,2,0,26.0,32.0,0,18.0,18.0,18.0,1.0,18.0,0.0,18.0
2016-08-04,3,0,27.0,32.0,0,18.0,18.0,18.0,1.0,18.0,0.0,18.0
2016-08-05,4,0,27.0,33.0,0,18.0,18.0,18.0,1.0,18.0,0.0,18.0
2016-08-06,5,1,27.0,33.0,0,18.0,18.0,18.0,1.0,18.0,0.0,18.0
2016-08-07,6,1,27.0,35.0,1,18.0,18.0,18.0,1.0,18.0,0.0,18.0
2016-08-08,0,0,27.0,34.0,0,18.0,18.0,18.0,1.0,18.0,0.0,18.0
2016-08-09,1,0,27.0,33.0,0,18.0,18.0,18.0,1.0,18.0,0.0,46.0
2016-08-10,2,0,28.0,34.0,1,18.0,20.1538461538,18.0,1.4089347079,46.0,7.4611419403,70.0
2016-08-11,3,0,28.0,36.0,1,18.0,24.1538461538,18.0,2.0303030303,70.0,15.1801801644,54.0
2016-08-12,4,0,28.0,35.0,1,18.0,26.9230769231,18.0,2.38095238095,70.0,16.9817165865,56.0
2016-08-13,5,1,28.0,35.0,1,18.0,29.8461538462,18.0,2.33463035019,70.0,18.4050417584,64.0
2016-08-14,6,1,28.0,36.0,1,18.0,33.3846153846,18.0,2.07142857143,70.0,20.1285807576,87.0
2016-08-15,0,0,27.0,35.0,1,18.0,38.6923076923,18.0,2.19395866455,87.0,24.0812235039,74.0
2016-08-16,1,0,28.0,36.0,1,18.0,43.0,18.0,2.1897810219,87.0,24.9861500097,59.0
2016-08-17,2,0,28.0,35.0,1,18.0,46.1538461538,18.0,2.0202020202,87.0,24.2069479977,31.0
2016-08-18,3,0,28.0,35.0,1,18.0,47.1538461538,18.0,1.47947677041,87.0,23.2737757799,65.0
2016-08-19,4,0,29.0,37.0,1,18.0,50.7692307692,18.0,1.31467345208,87.0,22.084292525,68.0
2016-08-20,5,1,28.0,37.0,0,18.0,54.6153846154,18.0,1.30781499203,87.0,20.3263317722,80.0
2016-08-21,6,1,27.0,34.0,0,18.0,59.3846153846,18.0,1.58129175947,87.0,18.3535302055,69.0
2016-08-22,0,0,28.0,35.0,1,18.0,63.3076923077,18.0,1.5244116614,87.0,14.0295546033,54.0
2016-08-23,1,0,26.0,34.0,1,18.0,63.9230769231,18.0,1.37394247039,87.0,13.4190538384,72.0
2016-08-24,2,0,25.0,34.0,1,18.0,64.0769230769,18.0,1.25120307988,87.0,13.4990685631,74.0
2016-08-25,3,0,26.0,35.0,1,18.0,65.6153846154,18.0,1.21765601218,87.0,13.4022871845,65.0
2016-08-26,4,0,25.0,32.0,0,18.0,66.3076923077,18.0,1.2317571512,87.0,13.1171327506,67.0
2016-08-27,5,1,24.0,30.0,1,18.0,66.5384615385,18.0,1.15309263924,87.0,13.1008830273,66.0
2016-08-28,6,1,22.0,30.0,1,18.0,64.9230769231,18.0,1.06537530266,87.0,11.6978731694,70.0
2016-08-29,0,0,22.0,32.0,1,18.0,64.6153846154,18.0,1.04828298477,87.0,11.5061084883,61.0
2016-08-30,1,0,23.0,31.0,1,18.0,64.7692307692,18.0,1.00561510975,87.0,11.4431964749,57.0
2016-08-31,2,0,23.0,33.0,1,18.0,66.7692307692,18.0,0.969321990204,87.0,6.62342981281,47.0
2016-09-01,3,0,24.0,34.0,1,18.0,65.3846153846,18.0,0.855365474339,87.0,8.47202147831,51.0
2016-09-02,4,0,24.0,34.0,1,18.0,64.0769230769,18.0,0.806661462399,87.0,9.24422096781,55.0
2016-09-03,5,1,23.0,34.0,1,18.0,62.1538461538,18.0,0.801886792453,87.0,8.28201158997,62.0
2016-09-04,6,1,24.0,33.0,1,18.0,61.6153846154,18.0,0.898155573376,87.0,8.04352067518,63.0
2016-09-05,0,0,25.0,31.0,1,18.0,62.3076923077,18.0,0.970873786408,87.0,7.73985306345,68.0
2016-09-06,1,0,22.0,26.0,0,18.0,62.0,18.0,1.03346720214,87.0,7.42138282781,59.0
2016-09-07,2,0,21.0,24.0,0,18.0,60.8461538462,31.0,0.995024875622,87.0,6.58490294124,45.0
2016-09-08,3,0,23.0,30.0,1,31.0,59.3076923077,31.0,0.915137004522,87.0,7.67999013806,50.0
2016-09-09,4,0,23.0,32.0,1,45.0,58.0,31.0,0.831309041835,87.0,7.706141407,59.0
2016-09-10,5,1,23.0,29.0,1,46.0,57.4615384615,31.0,0.845689181768,87.0,7.3653595099,65.0
2016-09-11,6,1,21.0,26.0,0,47.0,57.0769230769,31.0,0.95867768595,87.0,6.81019076274,47.0
2016-09-12,0,0,22.0,29.0,1,47.0,56.0,31.0,0.947630922693,87.0,7.20042733775,54.0
2016-09-13,1,0,22.0,29.0,1,50.0,55.7692307692,31.0,0.933895921238,80.0,7.21274348907,55.0
2016-09-14,2,0,22.0,24.0,0,51.0,56.3846153846,31.0,0.891938250429,80.0,6.76573336224,59.0
2016-09-15,3,1,20.0,24.0,0,54.0,57.0,31.0,0.965517241379,80.0,6.61001571044,88.0
2016-09-16,4,1,22.0,26.0,0,54.0,59.5384615385,45.0,1.14027660175,88.0,10.5291930045,67.0
2016-09-17,5,1,22.0,27.0,1,54.0,59.9230769231,45.0,1.20699379583,88.0,10.7019878704,46.0
2016-09-18,6,0,22.0,27.0,1,54.0,58.6153846154,45.0,1.15716753022,88.0,11.269690198,53.0
2016-09-19,0,0,20.0,27.0,1,54.0,57.4615384615,45.0,0.96231884058,88.0,11.0147829659,63.0
2016-09-20,1,0,19.0,26.0,1,55.0,57.7692307692,45.0,0.934256055363,88.0,11.1089281222,43.0
2016-09-21,2,0,19.0,26.0,1,55.0,57.6153846154,43.0,0.920138888889,88.0,11.2969598466,49.0
2016-09-22,3,0,20.0,27.0,1,55.0,57.5384615385,43.0,0.898550724638,88.0,11.3518238766,69.0
2016-09-23,4,0,20.0,28.0,1,55.0,58.3076923077,43.0,0.922107674685,88.0,11.7564032659,54.0
2016-09-24,5,1,21.0,28.0,1,55.0,57.4615384615,43.0,0.991926182238,88.0,11.6395571196,65.0
2016-09-25,6,1,22.0,29.0,1,56.0,58.8461538462,43.0,1.08232584917,88.0,11.3804566209,68.0
2016-09-26,0,0,24.0,30.0,1,57.0,59.9230769231,43.0,1.07656879678,88.0,11.5323060504,61.0
2016-09-27,1,0,24.0,31.0,0,59.0,60.3846153846,43.0,1.11494252874,88.0,11.4457816317,48.0
2016-09-28,2,0,22.0,27.0,0,59.0,59.5384615385,43.0,1.01461736887,88.0,11.913892244,84.0
2016-09-29,3,0,22.0,24.0,0,59.0,59.2307692308,43.0,1.07490949596,88.0,11.2054509136,60.0
2016-09-30,4,0,22.0,26.0,0,59.0,58.6923076923,43.0,1.06844741235,88.0,10.9851971404,70.0
2016-10-01,5,1,23.0,26.0,1,59.0,60.5384615385,43.0,1.18592407869,88.0,10.7102782023,71.0
2016-10-02,6,1,23.0,30.0,0,60.0,61.9230769231,43.0,1.09209453953,88.0,10.8092662418,62.0
2016-10-03,0,1,20.0,25.0,1,61.0,61.8461538462,43.0,1.09581646424,88.0,10.8048860304,77.0
2016-10-04,1,1,22.0,27.0,1,61.0,64.4615384615,43.0,1.11376292761,88.0,10.0124183248,67.0
2016-10-05,2,1,22.0,27.0,1,62.0,65.8461538462,43.0,1.08563899868,88.0,8.96871617471,74.0
2016-10-06,3,1,21.0,26.0,1,62.0,66.2307692308,43.0,1.16173727685,88.0,9.19994854629,60.0
2016-10-07,4,1,20.0,23.0,0,62.0,66.6923076923,43.0,1.07717041801,88.0,8.71236623678,76.0
2016-10-08,5,0,17.0,22.0,1,63.0,67.5384615385,43.0,1.0989010989,88.0,9.03510576002,54.0
2016-10-09,6,0,16.0,21.0,1,62.0,66.4615384615,43.0,0.993464052288,88.0,9.72400190342,52.0
2016-10-10,0,0,15.0,22.0,1,62.0,65.7692307692,43.0,0.959915611814,88.0,10.3860397884,64.0
2016-10-11,1,0,17.0,23.0,1,63.0,67.0,43.0,0.881971465629,88.0,9.07235869593,61.0
2016-10-12,2,0,18.0,21.0,1,62.0,65.2307692308,43.0,0.909791827294,88.0,7.72761129531,69.0
2016-10-13,3,0,18.0,22.0,1,62.0,65.9230769231,43.0,0.997172963249,88.0,7.63052108778,60.0
2016-10-14,4,0,18.0,21.0,0,62.0,65.1538461538,43.0,0.972115630596,88.0,7.68461153461,68.0
2016-10-15,5,1,20.0,24.0,1,62.0,64.9230769231,43.0,1.00561510975,84.0,7.54944255162,55.0
2016-10-16,6,1,19.0,25.0,1,62.0,64.3846153846,43.0,0.943542150039,84.0,7.97629624419,71.0
2016-10-17,0,0,19.0,24.0,1,62.0,63.9230769231,43.0,0.992581222819,84.0,7.38461538462,58.0
2016-10-18,1,0,19.0,25.0,1,62.0,63.2307692308,43.0,0.934247270881,84.0,7.48489603395,63.0
2016-10-19,2,0,19.0,23.0,0,62.0,62.3846153846,43.0,0.990712074303,84.0,6.81105957575,48.0
2016-10-20,3,0,20.0,22.0,0,61.0,61.4615384615,48.0,0.880208333333,84.0,7.81138601525,59.0
2016-10-21,4,0,19.0,22.0,0,61.0,60.1538461538,48.0,0.893091673234,84.0,6.59657433062,69.0
2016-10-22,5,1,20.0,23.0,0,61.0,61.3076923077,48.0,0.926072086293,84.0,6.72978014711,64.0
2016-10-23,6,1,17.0,22.0,1,61.0,62.2307692308,48.0,1.00866824271,84.0,6.19123258703,85.0
2016-10-24,0,0,19.0,23.0,1,61.0,63.8461538462,48.0,1.13808405116,85.0,8.68106829518,60.0
2016-10-25,1,0,17.0,20.0,1,61.0,63.7692307692,48.0,1.09711286089,85.0,8.71032849468,52.0
2016-10-26,2,0,18.0,21.0,0,61.0,62.4615384615,48.0,1.05235042735,85.0,9.09450708789,55.0
2016-10-27,3,0,18.0,21.0,0,60.0,62.0769230769,48.0,0.895682488603,85.0,9.2940141072,72.0
2016-10-28,4,0,15.0,18.0,0,60.0,62.3846153846,48.0,0.963142319075,85.0,9.54776221497,63.0
2016-10-29,5,1,10.0,15.0,0,61.0,63.0,48.0,1.01495726496,85.0,9.30673866698,79.0
2016-10-30,6,1,14.0,18.0,1,61.0,63.6153846154,48.0,1.11895424837,85.0,10.0501700065,83.0
2016-10-31,0,0,11.0,15.0,0,62.0,65.5384615385,48.0,1.15919629057,85.0,11.1259598349,64.0
