time_stamp,dayofweek,holiday,lt,ht,sunny,m2M,w2A,m1L,d3w3,m1Lar,w2Std,pay_sum
2016-08-01,0,0,26.0,34.0,1,104.0,64.0,64.0,1.0,64.0,0.0,64.0
2016-08-02,1,0,26.0,35.0,0,64.0,64.0,64.0,1.0,64.0,0.0,64.0
2016-08-03,2,0,26.0,31.0,0,64.0,64.0,64.0,1.0,64.0,0.0,64.0
2016-08-04,3,0,25.0,32.0,0,64.0,64.0,64.0,1.0,64.0,0.0,64.0
2016-08-05,4,0,26.0,33.0,1,64.0,64.0,64.0,1.0,64.0,0.0,64.0
2016-08-06,5,1,27.0,34.0,1,64.0,64.0,64.0,1.0,64.0,0.0,64.0
2016-08-07,6,1,26.0,34.0,1,64.0,64.0,64.0,1.0,64.0,0.0,64.0
2016-08-08,0,0,26.0,33.0,0,64.0,64.0,64.0,1.0,64.0,0.0,64.0
2016-08-09,1,0,26.0,34.0,1,64.0,64.0,64.0,1.0,64.0,0.0,64.0
2016-08-10,2,0,27.0,33.0,0,64.0,64.0,64.0,1.0,64.0,0.0,64.0
2016-08-11,3,0,27.0,35.0,1,64.0,64.0,64.0,1.0,64.0,0.0,64.0
2016-08-12,4,0,27.0,34.0,1,64.0,64.0,64.0,1.0,64.0,0.0,64.0
2016-08-13,5,1,27.0,35.0,1,64.0,64.0,64.0,1.0,64.0,0.0,64.0
2016-08-14,6,1,27.0,35.0,1,64.0,64.0,64.0,1.0,64.0,0.0,64.0
2016-08-15,0,0,26.0,35.0,1,64.0,64.0,64.0,1.0,64.0,0.0,64.0
2016-08-16,1,0,26.0,34.0,1,64.0,64.0,64.0,1.0,64.0,0.0,64.0
2016-08-17,2,0,26.0,34.0,1,64.0,64.0,64.0,1.0,64.0,0.0,64.0
2016-08-18,3,0,27.0,35.0,1,64.0,64.0,64.0,1.0,64.0,0.0,64.0
2016-08-19,4,0,27.0,36.0,1,64.0,64.0,64.0,1.0,64.0,0.0,64.0
2016-08-20,5,1,26.0,36.0,0,64.0,64.0,64.0,1.0,64.0,0.0,64.0
2016-08-21,6,1,27.0,34.0,1,64.0,64.0,64.0,1.0,64.0,0.0,64.0
2016-08-22,0,0,27.0,35.0,1,64.0,64.0,64.0,1.0,64.0,0.0,64.0
2016-08-23,1,0,25.0,33.0,1,64.0,64.0,64.0,1.0,64.0,0.0,64.0
2016-08-24,2,0,23.0,33.0,1,64.0,64.0,64.0,1.0,64.0,0.0,64.0
2016-08-25,3,0,25.0,34.0,1,64.0,64.0,64.0,1.0,64.0,0.0,64.0
2016-08-26,4,0,23.0,30.0,0,64.0,64.0,64.0,1.0,64.0,0.0,64.0
2016-08-27,5,1,20.0,28.0,1,64.0,64.0,64.0,1.0,64.0,0.0,64.0
2016-08-28,6,1,20.0,29.0,1,64.0,64.0,64.0,1.0,64.0,0.0,53.0
2016-08-29,0,0,20.0,30.0,1,64.0,63.1538461538,53.0,0.950879957972,64.0,2.93116290512,123.0
2016-08-30,1,0,21.0,29.0,1,64.0,67.6923076923,53.0,1.20481927711,123.0,16.2309515119,145.0
2016-08-31,2,0,22.0,31.0,1,64.0,73.9230769231,53.0,1.51880766501,145.0,26.1400416057,165.0
2016-09-01,3,0,24.0,33.0,1,64.0,81.6923076923,53.0,1.91169977925,165.0,35.4040080638,181.0
2016-09-02,4,0,23.0,34.0,1,64.0,90.6923076923,53.0,2.0118828109,181.0,43.669007872,202.0
2016-09-03,5,1,22.0,34.0,1,64.0,101.307692308,53.0,2.06987724268,202.0,51.8895048161,110.0
2016-09-04,6,1,22.0,31.0,1,64.0,104.846153846,53.0,1.81483526597,202.0,50.7813505347,149.0
2016-09-05,0,0,23.0,31.0,1,64.0,111.384615385,53.0,1.62095639944,202.0,50.5729305239,253.0
2016-09-06,1,0,21.0,27.0,0,64.0,125.923076923,53.0,1.63709032774,253.0,60.9608468779,287.0
2016-09-07,2,0,20.0,25.0,1,64.0,143.076923077,53.0,1.99017908723,287.0,71.5740192855,326.0
2016-09-08,3,0,20.0,29.0,1,64.0,163.230769231,53.0,2.24643320363,326.0,82.5200710747,331.0
2016-09-09,4,0,22.0,32.0,1,64.0,183.769230769,53.0,2.21830572201,331.0,88.2916093637,274.0
2016-09-10,5,1,22.0,29.0,1,64.0,199.923076923,53.0,2.0369762608,331.0,84.0077483042,205.0
2016-09-11,6,1,22.0,28.0,0,64.0,211.615384615,53.0,1.69385194479,331.0,72.5402153308,224.0
2016-09-12,0,0,20.0,30.0,1,64.0,219.384615385,53.0,1.39984070092,331.0,67.893058965,296.0
2016-09-13,1,0,20.0,30.0,1,64.0,231.0,53.0,1.35009310987,331.0,67.0854793414,344.0
2016-09-14,2,0,22.0,26.0,0,64.0,244.769230769,53.0,1.49222797927,344.0,70.4132350389,321.0
2016-09-15,3,1,21.0,25.0,0,64.0,255.538461538,53.0,1.55614929965,344.0,70.5425298718,175.0
2016-09-16,4,1,22.0,24.0,0,64.0,253.461538462,53.0,1.32450331126,344.0,72.4596602729,127.0
2016-09-17,5,1,21.0,27.0,1,64.0,254.769230769,53.0,0.967917346384,344.0,69.9693931397,202.0
2016-09-18,6,0,20.0,27.0,1,64.0,258.846153846,53.0,0.756756756757,344.0,65.059553965,332.0
2016-09-19,0,0,19.0,27.0,1,64.0,264.923076923,53.0,0.947874094787,344.0,67.8589731479,377.0
2016-09-20,1,0,18.0,26.0,1,64.0,271.846153846,53.0,1.2442805436,377.0,74.065299831,397.0
2016-09-21,2,0,17.0,26.0,1,64.0,277.307692308,53.0,1.44207575461,397.0,80.2193000136,412.0
2016-09-22,3,0,17.0,27.0,1,64.0,283.538461538,53.0,1.47954091816,412.0,87.0062910056,449.0
2016-09-23,4,0,18.0,27.0,1,64.0,297.0,53.0,1.50002980981,449.0,97.4055755788,395.0
2016-09-24,5,1,19.0,28.0,1,64.0,311.615384615,53.0,1.42500567279,449.0,96.7570617272,218.0
2016-09-25,6,1,20.0,28.0,1,64.0,311.153846154,53.0,1.19091673675,449.0,97.1872468318,238.0
2016-09-26,0,0,22.0,30.0,1,64.0,306.692307692,53.0,0.956717256886,449.0,99.0931066572,425.0
2016-09-27,1,0,23.0,30.0,1,64.0,312.923076923,110.0,0.967919138651,449.0,103.683291094,433.0
2016-09-28,2,0,21.0,25.0,0,110.0,321.538461538,110.0,1.18326585695,449.0,108.536144554,482.0
2016-09-29,3,0,21.0,24.0,0,123.0,345.153846154,110.0,1.4121614501,482.0,107.476542095,529.0
2016-09-30,4,0,21.0,25.0,0,127.0,376.076923077,110.0,1.46279694069,529.0,97.6425675918,399.0
2016-10-01,5,1,23.0,27.0,0,145.0,391.230769231,110.0,1.38745387454,529.0,83.7488496786,180.0
2016-10-02,6,1,21.0,30.0,0,149.0,379.538461538,110.0,1.09740999356,529.0,100.197202007,120.0
2016-10-03,0,1,20.0,25.0,1,149.0,359.769230769,120.0,0.710907704043,529.0,121.777321273,65.0
2016-10-04,1,1,21.0,27.0,1,149.0,334.230769231,65.0,0.387720416401,529.0,144.064704398,65.0
2016-10-05,2,1,20.0,27.0,1,149.0,307.538461538,65.0,0.276854928018,529.0,158.596059406,65.0
2016-10-06,3,1,19.0,25.0,1,149.0,278.0,65.0,0.219966159052,529.0,165.123729833,65.0
2016-10-07,4,1,19.0,23.0,0,149.0,252.615384615,65.0,0.222298221614,529.0,170.465217955,66.0
2016-10-08,5,0,16.0,24.0,1,149.0,240.923076923,65.0,0.228758169935,529.0,177.505996232,349.0
2016-10-09,6,0,15.0,22.0,1,165.0,249.461538462,65.0,0.558561703613,529.0,179.814697519,390.0
2016-10-10,0,0,15.0,22.0,1,175.0,246.769230769,65.0,0.934633693254,529.0,177.412233489,455.0
2016-10-11,1,0,16.0,23.0,1,180.0,248.461538462,65.0,1.3724137931,529.0,179.275728927,460.0
2016-10-12,2,0,17.0,21.0,0,181.0,246.769230769,65.0,1.4876880985,529.0,177.154497477,460.0
2016-10-13,3,0,17.0,21.0,1,202.0,241.461538462,65.0,1.5645445753,529.0,169.486834245,471.0
2016-10-14,4,0,17.0,21.0,1,202.0,247.0,65.0,1.56248244875,529.0,175.610145142,439.0
2016-10-15,5,1,18.0,21.0,0,205.0,266.923076923,65.0,1.48364739008,529.0,181.472804294,236.0
2016-10-16,6,1,17.0,25.0,1,218.0,275.846153846,65.0,1.24146896328,529.0,176.82144238,309.0
2016-10-17,0,0,18.0,24.0,1,224.0,294.615384615,65.0,1.0864524677,529.0,166.067427669,513.0
2016-10-18,1,0,18.0,23.0,1,236.0,329.076923077,65.0,1.15288220551,529.0,161.256824084,518.0
2016-10-19,2,0,18.0,22.0,1,238.0,363.923076923,65.0,1.45163037591,529.0,148.898241731,536.0
2016-10-20,3,0,19.0,21.0,0,253.0,400.153846154,65.0,1.69561218417,536.0,127.523660643,595.0
2016-10-21,4,0,19.0,22.0,0,274.0,440.846153846,65.0,1.7293272508,595.0,94.5392439099,515.0
2016-10-22,5,1,18.0,22.0,0,287.0,453.615384615,65.0,1.63976887826,595.0,92.4591705828,315.0
2016-10-23,6,1,15.0,21.0,0,296.0,447.846153846,65.0,1.37941048352,595.0,98.3978159184,328.0
2016-10-24,0,0,17.0,23.0,1,309.0,438.076923077,65.0,1.07972027972,595.0,103.38089508,563.0
2016-10-25,1,0,17.0,19.0,0,315.0,446.0,65.0,1.05125523013,595.0,108.573973365,575.0
2016-10-26,2,0,17.0,20.0,0,321.0,454.846153846,65.0,1.19800604723,595.0,113.90809126,559.0
2016-10-27,3,0,16.0,20.0,0,326.0,461.615384615,65.0,1.30759747265,595.0,117.23319198,638.0
2016-10-28,4,0,14.0,16.0,0,328.0,476.923076923,65.0,1.28071697022,638.0,125.948989393,610.0
2016-10-29,5,1,10.0,15.0,0,331.0,505.692307692,65.0,1.2700755579,638.0,109.237486251,432.0
2016-10-30,6,1,12.0,18.0,1,332.0,515.153846154,65.0,1.17560617193,638.0,96.358981182,328.0
2016-10-31,0,0,11.0,15.0,0,332.0,500.923076923,65.0,0.971631205674,638.0,108.519733433,620.0
