time_stamp,dayofweek,holiday,lt,ht,sunny,m2M,w2A,m1L,d3w3,m1Lar,w2Std,pay_sum
2016-08-01,0,0,27.0,37.0,1,119.0,100.923076923,32.0,0.584852965336,166.0,45.6853141501,114.0
2016-08-02,1,0,27.0,35.0,0,119.0,101.307692308,32.0,0.626553953257,166.0,45.7726566268,126.0
2016-08-03,2,0,26.0,32.0,0,121.0,101.692307692,32.0,0.904856952761,163.0,45.9571449461,145.0
2016-08-04,3,0,27.0,33.0,0,121.0,101.692307692,32.0,1.28269198734,163.0,45.9571449461,95.0
2016-08-05,4,0,26.0,33.0,0,121.0,99.6923076923,32.0,1.22921914358,163.0,45.638014882,132.0
2016-08-06,5,1,26.0,34.0,0,121.0,107.230769231,32.0,1.1911623439,163.0,42.1228128328,40.0
2016-08-07,6,1,27.0,35.0,1,121.0,107.307692308,32.0,0.857418111753,163.0,41.9988729068,35.0
2016-08-08,0,0,26.0,34.0,0,121.0,101.230769231,32.0,0.690345172586,163.0,46.1054874861,166.0
2016-08-09,1,0,26.0,30.0,0,121.0,103.692307692,32.0,0.781452658885,166.0,48.5772732797,122.0
2016-08-10,2,0,27.0,35.0,0,122.0,100.923076923,32.0,1.04683195592,166.0,46.3788107096,150.0
2016-08-11,3,0,27.0,36.0,1,125.0,100.230769231,32.0,1.41610087294,166.0,45.5667791373,188.0
2016-08-12,4,0,27.0,36.0,1,126.0,106.769230769,32.0,1.44042586504,188.0,51.240239365,151.0
2016-08-13,5,1,27.0,35.0,1,127.0,115.076923077,32.0,1.45146927872,188.0,48.9308169978,59.0
2016-08-14,6,1,28.0,35.0,1,126.0,117.153846154,32.0,1.17093262724,188.0,45.835569248,54.0
2016-08-15,0,0,27.0,36.0,1,125.0,112.538461538,32.0,0.797824116047,188.0,48.842943565,171.0
2016-08-16,1,0,26.0,36.0,1,125.0,116.0,32.0,0.844107593996,188.0,51.211477079,193.0
2016-08-17,2,0,28.0,37.0,1,126.0,119.692307692,32.0,1.22329528826,193.0,54.7756046421,159.0
2016-08-18,3,0,28.0,37.0,1,127.0,124.615384615,32.0,1.53058238221,193.0,55.2094452086,165.0
2016-08-19,4,0,28.0,38.0,1,127.0,127.153846154,32.0,1.47293447293,193.0,56.2396604567,140.0
2016-08-20,5,1,27.0,37.0,0,127.0,134.846153846,32.0,1.26932020243,193.0,50.3202760079,46.0
2016-08-21,6,1,27.0,35.0,0,126.0,135.692307692,32.0,0.954712362301,193.0,48.7006312001,71.0
2016-08-22,0,0,27.0,36.0,1,125.0,128.384615385,32.0,0.711517165006,193.0,50.6914322324,166.0
2016-08-23,1,0,27.0,35.0,0,126.0,131.769230769,32.0,0.770697167756,193.0,51.6126905178,185.0
2016-08-24,2,0,27.0,35.0,1,127.0,134.461538462,32.0,1.13076098607,193.0,53.3761908671,165.0
2016-08-25,3,0,26.0,35.0,1,128.0,132.692307692,32.0,1.34480062549,193.0,51.9339589736,155.0
2016-08-26,4,0,25.0,34.0,0,128.0,133.0,32.0,1.30440397779,193.0,52.0532271962,160.0
2016-08-27,5,1,23.0,31.0,1,128.0,140.769230769,32.0,1.18474639023,193.0,47.7914602062,91.0
2016-08-28,6,1,21.0,31.0,1,127.0,143.615384615,32.0,0.981743440938,193.0,43.4432228255,123.0
2016-08-29,0,0,21.0,32.0,1,126.0,139.923076923,32.0,0.918693195775,193.0,42.9963532236,241.0
2016-08-30,1,0,21.0,32.0,1,126.0,143.615384615,35.0,1.07071420167,241.0,49.0330162889,204.0
2016-08-31,2,0,21.0,33.0,1,127.0,147.076923077,35.0,1.31162683293,241.0,51.5221558592,195.0
2016-09-01,3,0,23.0,33.0,0,128.0,149.384615385,35.0,1.47431467404,241.0,52.92598382,162.0
2016-09-02,4,0,22.0,34.0,1,128.0,151.076923077,35.0,1.28743545611,241.0,52.9505742519,142.0
2016-09-03,5,1,23.0,35.0,1,132.0,158.461538462,35.0,1.11334225792,241.0,43.6606060507,82.0
2016-09-04,6,1,24.0,32.0,1,132.0,159.307692308,35.0,0.853227232538,241.0,42.0336579703,82.0
2016-09-05,0,0,24.0,30.0,0,132.0,152.846153846,35.0,0.696959344038,241.0,46.7050419842,82.0
2016-09-06,1,0,23.0,28.0,0,126.0,144.923076923,46.0,0.582386363636,241.0,49.2457909774,82.0
2016-09-07,2,0,21.0,27.0,0,126.0,138.538461538,46.0,0.598758671048,241.0,51.5552211556,82.0
2016-09-08,3,0,22.0,30.0,1,126.0,132.923076923,46.0,0.617469879518,241.0,53.3990226624,163.0
2016-09-09,4,0,22.0,29.0,1,126.0,133.153846154,46.0,0.813736468832,241.0,53.5218807216,168.0
2016-09-10,5,1,22.0,28.0,0,126.0,139.076923077,46.0,0.982982268238,241.0,52.7847028226,127.0
2016-09-11,6,1,21.0,25.0,0,126.0,139.384615385,46.0,1.06872010267,241.0,52.7016836128,103.0
2016-09-12,0,0,21.0,27.0,1,123.0,128.769230769,46.0,0.94965402052,241.0,44.4109374023,139.0
2016-09-13,1,0,21.0,28.0,0,126.0,123.769230769,46.0,0.89519650655,241.0,38.9874809219,118.0
2016-09-14,2,0,21.0,25.0,0,126.0,117.846153846,46.0,0.888559792669,241.0,33.1241166009,128.0
2016-09-15,3,1,22.0,25.0,0,127.0,115.230769231,46.0,0.959860383944,241.0,30.7949892182,18.0
2016-09-16,4,1,23.0,27.0,0,127.0,105.692307692,18.0,0.695102685624,241.0,39.1081038531,47.0
2016-09-17,5,1,22.0,27.0,1,127.0,103.0,18.0,0.517148981779,241.0,41.7612260356,45.0
2016-09-18,6,0,22.0,26.0,0,127.0,100.153846154,18.0,0.30428769018,241.0,44.2803067077,142.0
2016-09-19,0,0,20.0,27.0,1,127.0,104.769230769,18.0,0.675032453483,241.0,45.2635935318,151.0
2016-09-20,1,0,19.0,26.0,1,128.0,110.076923077,18.0,0.997933274284,241.0,46.3157416975,154.0
2016-09-21,2,0,19.0,26.0,1,132.0,115.615384615,18.0,1.34415877312,241.0,46.9279946982,147.0
2016-09-22,3,0,20.0,27.0,1,134.0,114.384615385,18.0,1.36845292159,241.0,45.8669286952,168.0
2016-09-23,4,0,20.0,29.0,1,139.0,114.384615385,18.0,1.40335128665,241.0,45.8669286952,136.0
2016-09-24,5,1,21.0,30.0,1,139.0,115.076923077,18.0,1.31755769793,241.0,46.1193460799,44.0
2016-09-25,6,1,21.0,30.0,1,136.0,110.538461538,18.0,1.03386809269,241.0,49.8376061047,64.0
2016-09-26,0,0,24.0,31.0,1,132.0,104.769230769,18.0,0.73075771189,241.0,50.5449591889,154.0
2016-09-27,1,0,23.0,28.0,0,136.0,107.538461538,18.0,0.760081230055,241.0,52.1545268846,173.0
2016-09-28,2,0,22.0,28.0,0,139.0,111.0,18.0,1.0911120413,204.0,54.8227914424,132.0
2016-09-29,3,0,22.0,25.0,0,139.0,119.769230769,18.0,1.29770992366,195.0,47.9296822217,103.0
2016-09-30,4,0,22.0,29.0,0,139.0,124.076923077,18.0,1.18621892717,173.0,43.5085518357,145.0
2016-10-01,5,1,23.0,30.0,0,140.0,131.769230769,18.0,1.09620654839,173.0,37.2355368848,33.0
2016-10-02,6,1,22.0,30.0,1,139.0,123.384615385,18.0,0.835936337944,173.0,45.3711844533,39.0
2016-10-03,0,1,21.0,27.0,0,139.0,114.769230769,18.0,0.675696714931,173.0,49.733371935,50.0
2016-10-04,1,1,20.0,27.0,1,139.0,106.769230769,18.0,0.39234603634,173.0,51.1245144361,29.0
2016-10-05,2,1,21.0,27.0,1,139.0,97.6923076923,18.0,0.398514015535,173.0,53.5915960912,35.0
2016-10-06,3,1,22.0,27.0,0,139.0,87.4615384615,18.0,0.381717729784,173.0,51.8601898371,76.0
2016-10-07,4,1,20.0,23.0,0,136.0,82.8461538462,18.0,0.46204620462,173.0,49.9705238559,68.0
2016-10-08,5,0,17.0,22.0,0,136.0,84.6923076923,18.0,0.584108337412,173.0,48.9338401319,158.0
2016-10-09,6,0,16.0,22.0,1,136.0,91.9230769231,18.0,0.977820948681,173.0,52.1793674792,176.0
2016-10-10,0,0,15.0,21.0,1,136.0,93.6153846154,18.0,1.28598848369,176.0,54.4716418269,161.0
2016-10-11,1,0,17.0,23.0,1,136.0,92.6923076923,18.0,1.57819225251,176.0,53.20552981,163.0
2016-10-12,2,0,18.0,25.0,1,139.0,95.0769230769,18.0,1.5820281601,176.0,55.5565706679,159.0
2016-10-13,3,0,18.0,23.0,1,140.0,99.3846153846,18.0,1.5347950429,176.0,58.1159827898,177.0
2016-10-14,4,0,19.0,22.0,0,140.0,101.846153846,18.0,1.55524388343,177.0,60.6196796604,148.0
2016-10-15,5,1,20.0,23.0,0,140.0,110.692307692,29.0,1.4385495616,177.0,58.2730767961,78.0
2016-10-16,6,1,20.0,26.0,0,139.0,113.692307692,29.0,1.19037069857,177.0,55.4400363739,60.0
2016-10-17,0,0,20.0,24.0,0,136.0,114.461538462,29.0,0.881491755278,177.0,54.6141928364,163.0
2016-10-18,1,0,20.0,24.0,0,136.0,124.769230769,29.0,0.932032822418,177.0,49.9586811524,157.0
2016-10-19,2,0,20.0,24.0,0,139.0,134.153846154,29.0,1.16314661769,177.0,43.2183119199,164.0
2016-10-20,3,0,21.0,25.0,0,142.0,140.923076923,29.0,1.44111954742,177.0,40.3779481676,165.0
2016-10-21,4,0,21.0,25.0,0,142.0,148.384615385,29.0,1.43426294821,177.0,34.7884562232,138.0
2016-10-22,5,1,20.0,23.0,0,139.0,146.846153846,29.0,1.31697687535,177.0,34.7714430882,66.0
2016-10-23,6,1,17.0,23.0,0,138.0,138.384615385,29.0,1.02885821832,177.0,39.6844058921,59.0
2016-10-24,0,0,19.0,24.0,1,136.0,130.538461538,29.0,0.730555555556,177.0,44.2573164479,162.0
2016-10-25,1,0,19.0,23.0,1,136.0,130.461538462,29.0,0.755362547704,177.0,44.2016626638,181.0
2016-10-26,2,0,19.0,24.0,0,138.0,132.153846154,29.0,1.00037327361,181.0,45.6590140293,184.0
2016-10-27,3,0,18.0,24.0,0,139.0,132.692307692,29.0,1.260614759,184.0,46.2225130219,132.0
2016-10-28,4,0,15.0,19.0,0,138.0,131.461538462,29.0,1.16216532211,184.0,46.0110611862,133.0
2016-10-29,5,1,12.0,15.0,0,136.0,135.692307692,29.0,1.05921207832,184.0,43.3525522545,67.0
2016-10-30,6,1,14.0,18.0,1,133.0,136.230769231,29.0,0.814623972519,184.0,42.4430004126,67.0
2016-10-31,0,0,12.0,17.0,0,132.0,128.846153846,29.0,0.67861227602,184.0,45.3920463278,168.0
