time_stamp,dayofweek,holiday,lt,ht,sunny,m2M,w2A,m1L,d3w3,m1Lar,w2Std,pay_sum
2016-08-01,0,0,28.0,34.0,1,348.0,427.923076923,290.0,1.30328867235,605.0,99.2560492545,402.0
2016-08-02,1,0,28.0,34.0,0,353.0,435.692307692,290.0,1.28291586384,605.0,92.7572386687,317.0
2016-08-03,2,0,26.0,32.0,0,348.0,432.923076923,290.0,1.05949665906,605.0,95.6761054797,350.0
2016-08-04,3,0,27.0,32.0,0,348.0,432.384615385,290.0,0.856158897966,605.0,96.1205480806,383.0
2016-08-05,4,0,27.0,33.0,0,350.0,431.076923077,290.0,0.836320191159,605.0,96.6663265994,429.0
2016-08-06,5,1,27.0,33.0,1,353.0,421.076923077,290.0,0.930642319398,605.0,89.3639589531,655.0
2016-08-07,6,1,27.0,34.0,1,357.0,431.153846154,290.0,1.15917980325,655.0,106.201438607,717.0
2016-08-08,0,0,27.0,34.0,0,357.0,457.692307692,290.0,1.36191772535,717.0,128.804195235,419.0
2016-08-09,1,0,28.0,34.0,1,357.0,463.230769231,290.0,1.3364674278,717.0,125.429203964,386.0
2016-08-10,2,0,28.0,34.0,1,357.0,464.230769231,290.0,1.13155644772,717.0,124.75585625,430.0
2016-08-11,3,0,28.0,35.0,1,357.0,468.692307692,290.0,0.910766961652,717.0,122.392423481,423.0
2016-08-12,4,0,28.0,34.0,1,372.0,469.769230769,301.0,0.911397991835,717.0,121.923149721,479.0
2016-08-13,5,1,28.0,35.0,1,372.0,461.153846154,301.0,0.988533897362,717.0,116.906172867,730.0
2016-08-14,6,1,28.0,36.0,1,373.0,470.769230769,301.0,1.18402437697,730.0,132.449208753,734.0
2016-08-15,0,0,28.0,35.0,1,373.0,496.307692308,301.0,1.35622796915,734.0,147.840550602,429.0
2016-08-16,1,0,28.0,35.0,1,373.0,504.923076923,301.0,1.31007993356,734.0,140.206694419,398.0
2016-08-17,2,0,28.0,35.0,1,373.0,508.615384615,301.0,1.07751777456,734.0,136.665531337,378.0
2016-08-18,3,0,28.0,36.0,1,373.0,508.230769231,317.0,0.831263796909,734.0,137.025070051,454.0
2016-08-19,4,0,29.0,36.0,1,378.0,510.153846154,317.0,0.844577196416,734.0,136.071726648,485.0
2016-08-20,5,1,28.0,37.0,0,383.0,497.076923077,317.0,0.914297615329,734.0,129.534944224,689.0
2016-08-21,6,1,28.0,35.0,0,386.0,494.923076923,317.0,1.12040191322,734.0,126.046060896,739.0
2016-08-22,0,0,28.0,35.0,1,398.0,519.538461538,317.0,1.27227986167,739.0,139.358759701,499.0
2016-08-23,1,0,26.0,34.0,1,400.0,528.230769231,317.0,1.25873669084,739.0,134.18652566,416.0
2016-08-24,2,0,26.0,34.0,1,400.0,527.153846154,317.0,1.07346832814,739.0,135.024126707,433.0
2016-08-25,3,0,27.0,35.0,1,400.0,527.923076923,317.0,0.870632306401,739.0,134.455861524,407.0
2016-08-26,4,0,26.0,34.0,0,402.0,522.384615385,317.0,0.812944983819,739.0,137.798369121,522.0
2016-08-27,5,1,23.0,31.0,1,407.0,506.384615385,317.0,0.893085472607,739.0,124.163997297,846.0
2016-08-28,6,1,22.0,30.0,1,409.0,515.0,317.0,1.14931364931,846.0,142.230041185,841.0
2016-08-29,0,0,23.0,31.0,1,416.0,546.692307692,317.0,1.37401256453,846.0,163.802124817,521.0
2016-08-30,1,0,23.0,31.0,1,419.0,556.153846154,317.0,1.35630701189,846.0,158.403499453,407.0
2016-08-31,2,0,25.0,34.0,1,416.0,558.384615385,317.0,1.08895044629,846.0,156.065833476,523.0
2016-09-01,3,0,26.0,33.0,1,416.0,563.692307692,350.0,0.885025922537,846.0,153.579037339,418.0
2016-09-02,4,0,25.0,34.0,1,418.0,558.538461538,378.0,0.826816327782,846.0,157.214510675,478.0
2016-09-03,5,1,25.0,35.0,1,419.0,542.307692308,378.0,0.891023829707,846.0,153.761746076,815.0
2016-09-04,6,1,25.0,33.0,1,423.0,548.153846154,378.0,1.06624291145,846.0,162.334813629,843.0
2016-09-05,0,0,25.0,30.0,0,429.0,574.615384615,378.0,1.2814974802,846.0,179.314737676,508.0
2016-09-06,1,0,22.0,27.0,0,429.0,581.692307692,378.0,1.28675815363,846.0,174.670408139,431.0
2016-09-07,2,0,20.0,24.0,0,429.0,581.538461538,378.0,1.05365853659,846.0,174.802136664,454.0
2016-09-08,3,0,22.0,29.0,1,429.0,585.153846154,378.0,0.823651145602,846.0,171.611747022,469.0
2016-09-09,4,0,23.0,31.0,1,430.0,581.076923077,378.0,0.801728987181,846.0,173.680724558,461.0
2016-09-10,5,1,24.0,29.0,1,431.0,551.461538462,378.0,0.836430665095,846.0,158.108344248,641.0
2016-09-11,6,1,23.0,26.0,0,433.0,536.076923077,378.0,0.957956035245,846.0,137.584917296,690.0
2016-09-12,0,0,23.0,29.0,1,454.0,549.076923077,378.0,1.07395421311,846.0,143.407145803,393.0
2016-09-13,1,0,23.0,30.0,1,454.0,548.0,378.0,1.03534216137,846.0,144.518298016,376.0
2016-09-14,2,0,22.0,24.0,0,433.0,536.692307692,376.0,0.880719546058,846.0,151.609003495,467.0
2016-09-15,3,1,23.0,26.0,0,433.0,540.461538462,376.0,0.742074927954,846.0,149.201265918,560.0
2016-09-16,4,1,23.0,27.0,0,454.0,546.769230769,376.0,0.839466283731,846.0,148.156961386,560.0
2016-09-17,5,1,23.0,27.0,0,454.0,527.153846154,376.0,0.974576271186,846.0,126.667855284,651.0
2016-09-18,6,0,23.0,28.0,0,461.0,512.384615385,376.0,1.10694418401,846.0,96.6058912533,492.0
2016-09-19,0,0,21.0,27.0,0,467.0,511.153846154,376.0,1.06734354925,846.0,96.755716312,376.0
2016-09-20,1,0,20.0,26.0,1,467.0,506.923076923,376.0,0.954805456031,846.0,101.265425445,339.0
2016-09-21,2,0,20.0,27.0,1,461.0,498.076923077,339.0,0.772084692637,846.0,110.136601572,315.0
2016-09-22,3,0,21.0,27.0,1,454.0,486.230769231,315.0,0.665439157541,846.0,120.428180861,360.0
2016-09-23,4,0,21.0,27.0,1,454.0,478.461538462,315.0,0.662680129399,846.0,124.977299714,420.0
2016-09-24,5,1,22.0,28.0,1,454.0,461.461538462,315.0,0.744442178258,846.0,116.451782947,685.0
2016-09-25,6,1,23.0,29.0,1,461.0,461.076923077,315.0,1.01229961305,846.0,115.702178384,616.0
2016-09-26,0,0,24.0,31.0,1,467.0,478.230769231,315.0,1.17602842695,843.0,120.757961258,354.0
2016-09-27,1,0,25.0,30.0,0,467.0,476.538461538,315.0,1.13992492337,843.0,122.322785716,359.0
2016-09-28,2,0,22.0,28.0,0,461.0,468.230769231,315.0,0.924457429048,843.0,126.291575848,339.0
2016-09-29,3,0,22.0,25.0,0,454.0,451.230769231,315.0,0.741837670122,843.0,127.661303001,340.0
2016-09-30,4,0,23.0,28.0,0,454.0,434.307692308,315.0,0.741455051966,843.0,126.699149785,481.0
2016-10-01,5,1,24.0,29.0,0,461.0,421.230769231,315.0,0.84305389004,843.0,111.52312892,582.0
2016-10-02,6,1,24.0,32.0,1,467.0,428.153846154,315.0,1.03180731752,843.0,118.289635513,537.0
2016-10-03,0,1,22.0,26.0,1,469.0,440.538461538,315.0,1.15828718283,843.0,120.58678036,480.0
2016-10-04,1,1,22.0,26.0,1,478.0,451.384615385,315.0,1.14463652958,690.0,117.261403225,418.0
2016-10-05,2,1,22.0,27.0,1,469.0,459.307692308,315.0,1.03267127231,690.0,111.096205443,489.0
2016-10-06,3,1,22.0,26.0,0,469.0,469.230769231,315.0,1.00583777512,690.0,107.485350591,418.0
2016-10-07,4,1,20.0,25.0,0,469.0,469.076923077,315.0,0.97595109196,690.0,107.557112942,518.0
2016-10-08,5,0,17.0,22.0,0,478.0,456.230769231,315.0,1.06526126934,690.0,89.449731346,386.0
2016-10-09,6,0,18.0,22.0,1,478.0,438.538461538,315.0,1.00015130882,690.0,78.1287058293,395.0
2016-10-10,0,0,18.0,22.0,1,478.0,441.692307692,315.0,0.980636394519,690.0,75.433500633,323.0
2016-10-11,1,0,19.0,25.0,1,469.0,438.923076923,315.0,0.834940442428,685.0,78.9950938481,348.0
2016-10-12,2,0,19.0,23.0,1,467.0,439.615384615,315.0,0.8031946956,685.0,78.151271914,331.0
2016-10-13,3,0,19.0,23.0,1,461.0,438.923076923,315.0,0.75745549382,685.0,79.0651742245,347.0
2016-10-14,4,0,19.0,23.0,0,461.0,428.615384615,315.0,0.782071804253,685.0,81.6017896311,362.0
2016-10-15,5,1,21.0,25.0,1,461.0,411.692307692,315.0,0.823142981519,685.0,70.0289880806,619.0
2016-10-16,6,1,20.0,26.0,1,467.0,418.0,315.0,1.05071603766,685.0,83.4404439844,651.0
2016-10-17,0,0,20.0,25.0,1,469.0,431.153846154,315.0,1.24727731285,685.0,103.294088113,426.0
2016-10-18,1,0,20.0,25.0,1,467.0,431.769230769,315.0,1.28631020099,685.0,103.237704685,354.0
2016-10-19,2,0,20.0,24.0,0,461.0,421.384615385,315.0,1.08347529813,685.0,103.747132277,356.0
2016-10-20,3,0,20.0,23.0,0,454.0,416.615384615,315.0,0.858557230851,685.0,105.207881002,363.0
2016-10-21,4,0,0.0,21.0,0,433.0,404.692307692,323.0,0.821938795052,685.0,101.769259841,355.0
2016-10-22,5,1,19.0,23.0,0,433.0,402.307692308,323.0,0.844738084002,685.0,102.539586814,666.0
2016-10-23,6,1,18.0,23.0,1,454.0,423.153846154,323.0,1.0722448189,685.0,124.195160412,767.0
2016-10-24,0,0,20.0,24.0,1,461.0,457.307692308,323.0,1.34053081422,767.0,150.269698371,390.0
2016-10-25,1,0,18.0,22.0,1,454.0,460.538461538,323.0,1.37108904934,767.0,148.323770274,374.0
2016-10-26,2,0,19.0,21.0,0,431.0,463.846153846,323.0,1.16660951728,767.0,145.857067102,262.0
2016-10-27,3,0,18.0,22.0,0,426.0,457.307692308,262.0,0.795996741534,767.0,152.693450877,417.0
2016-10-28,4,0,15.0,20.0,0,420.0,461.538461538,262.0,0.826660386246,767.0,150.743600647,502.0
2016-10-29,5,1,13.0,17.0,1,426.0,452.538461538,262.0,0.914653035936,767.0,144.434502262,739.0
2016-10-30,6,1,14.0,18.0,1,426.0,459.307692308,262.0,1.23473339291,767.0,155.235495849,838.0
2016-10-31,0,0,13.0,17.0,0,431.0,491.0,262.0,1.46403295659,838.0,184.498488633,404.0
