time_stamp,dayofweek,holiday,lt,ht,sunny,m2M,w2A,m1L,d3w3,m1Lar,w2Std,pay_sum
2016-08-01,0,0,25.0,34.0,0,60.0,60.0769230769,38.0,1.0780141844,74.0,8.71304537824,53.0
2016-08-02,1,0,24.0,27.0,0,60.0,58.7692307692,38.0,0.964467005076,74.0,8.39554686132,40.0
2016-08-03,2,0,26.0,30.0,0,60.0,57.4615384615,38.0,0.838392599017,74.0,9.77921960561,51.0
2016-08-04,3,0,26.0,33.0,0,60.0,57.2307692308,38.0,0.834057341442,74.0,9.89291779432,57.0
2016-08-05,4,0,27.0,34.0,0,60.0,56.3846153846,38.0,0.859465737515,74.0,9.39343847537,70.0
2016-08-06,5,1,27.0,35.0,1,60.0,57.5384615385,38.0,1.0283073368,74.0,10.0507587514,57.0
2016-08-07,6,1,27.0,36.0,1,58.0,58.2307692308,38.0,1.04575163399,72.0,9.67275194438,55.0
2016-08-08,0,0,28.0,36.0,0,58.0,58.9230769231,38.0,1.04238258877,72.0,9.07627116303,55.0
2016-08-09,1,0,27.0,35.0,1,58.0,58.7692307692,38.0,0.96895851465,72.0,9.12438698597,65.0
2016-08-10,2,0,28.0,32.0,0,60.0,58.8461538462,38.0,1.00835494094,72.0,9.17225040624,72.0
2016-08-11,3,0,26.0,33.0,0,60.0,58.8461538462,38.0,1.08936170213,72.0,9.17225040624,74.0
2016-08-12,4,0,26.0,28.0,0,60.0,59.0,38.0,1.1910810048,74.0,9.40539943126,78.0
2016-08-13,5,1,25.0,31.0,0,60.0,59.9230769231,38.0,1.24031007752,78.0,10.5645382036,68.0
2016-08-14,6,1,26.0,32.0,0,60.0,61.1538461538,38.0,1.19825708061,78.0,10.5016200497,56.0
2016-08-15,0,0,26.0,31.0,0,60.0,61.3846153846,38.0,1.09130199892,78.0,10.3518000036,119.0
2016-08-16,1,0,25.0,32.0,0,60.0,67.4615384615,40.0,1.25,119.0,17.0411961688,152.0
2016-08-17,2,0,26.0,31.0,0,60.0,75.2307692308,40.0,1.57514450867,152.0,27.5489881041,200.0
2016-08-18,3,0,25.0,29.0,0,60.0,86.2307692308,40.0,2.07671957672,200.0,42.542564832,300.0
2016-08-19,4,0,26.0,31.0,0,60.0,103.923076923,40.0,2.49808429119,300.0,70.6524119447,396.0
2016-08-20,5,1,27.0,34.0,1,60.0,130.0,40.0,2.88566827697,396.0,103.463111226,100.0
2016-08-21,6,1,26.0,35.0,0,62.0,133.461538462,40.0,2.5055083412,396.0,101.632532182,68.0
2016-08-22,0,0,27.0,35.0,1,62.0,134.461538462,40.0,1.76277543366,396.0,100.917037812,338.0
2016-08-23,1,0,27.0,35.0,1,62.0,155.461538462,40.0,1.38763197587,396.0,112.066337075,313.0
2016-08-24,2,0,28.0,36.0,1,62.0,174.0,40.0,1.77992325783,396.0,116.569556654,284.0
2016-08-25,3,0,27.0,35.0,0,64.0,190.153846154,40.0,2.13470319635,396.0,116.14238354,305.0
2016-08-26,4,0,26.0,35.0,0,64.0,207.615384615,40.0,1.9059693608,396.0,115.026778462,271.0
2016-08-27,5,1,25.0,32.0,0,64.0,223.230769231,40.0,1.70179083803,396.0,108.61375026,94.0
2016-08-28,6,1,26.0,33.0,1,64.0,226.153846154,40.0,1.31064162754,396.0,104.507523582,99.0
2016-08-29,0,0,25.0,32.0,1,65.0,224.615384615,40.0,0.896098879876,396.0,106.207010099,165.0
2016-08-30,1,0,26.0,34.0,1,65.0,225.615384615,40.0,0.671921921922,396.0,105.577924894,188.0
2016-08-31,2,0,26.0,33.0,0,66.0,224.692307692,40.0,0.821519447474,396.0,105.849955209,158.0
2016-09-01,3,0,25.0,33.0,0,67.0,213.769230769,51.0,0.907960199005,396.0,104.836982499,120.0
2016-09-02,4,0,28.0,33.0,0,68.0,192.538461538,55.0,0.818836759796,396.0,93.069548341,140.0
2016-09-03,5,1,25.0,29.0,0,68.0,195.615384615,55.0,0.720813933437,396.0,90.5874320214,85.0
2016-09-04,6,1,26.0,32.0,0,68.0,196.923076923,55.0,0.590500641849,396.0,88.8416582279,78.0
2016-09-05,0,0,26.0,31.0,0,68.0,176.923076923,55.0,0.524130773223,396.0,83.96286866,115.0
2016-09-06,1,0,26.0,32.0,0,68.0,161.692307692,55.0,0.485547113789,396.0,75.4212626777,96.0
2016-09-07,2,0,26.0,32.0,0,69.0,147.230769231,56.0,0.518897567107,396.0,68.2677464627,81.0
2016-09-08,3,0,26.0,32.0,0,70.0,130.0,56.0,0.557145582904,396.0,52.7854875161,81.0
2016-09-09,4,0,26.0,32.0,0,70.0,115.384615385,56.0,0.541050644857,396.0,35.0440129014,90.0
2016-09-10,5,1,25.0,30.0,0,72.0,115.076923077,56.0,0.530135689492,396.0,35.2473927862,81.0
2016-09-11,6,1,26.0,30.0,0,72.0,113.692307692,56.0,0.527969830295,396.0,36.1926142389,69.0
2016-09-12,0,0,25.0,32.0,1,72.0,106.307692308,56.0,0.549261929283,396.0,34.7350069823,81.0
2016-09-13,1,0,26.0,34.0,1,72.0,98.0769230769,68.0,0.574412532637,396.0,25.9747259953,79.0
2016-09-14,2,0,26.0,34.0,1,74.0,92.0,68.0,0.616585891222,396.0,19.7367287446,85.0
2016-09-15,3,1,26.0,33.0,1,78.0,89.3076923077,68.0,0.723995271868,396.0,18.0485866286,41.0
2016-09-16,4,1,26.0,34.0,1,78.0,81.6923076923,41.0,0.674564001316,396.0,15.7986592196,64.0
2016-09-17,5,1,26.0,33.0,1,78.0,80.0769230769,41.0,0.63460253841,396.0,16.4385173319,64.0
2016-09-18,6,0,25.0,32.0,1,78.0,79.0,41.0,0.574536800952,338.0,16.9886840166,56.0
2016-09-19,0,0,24.0,31.0,1,78.0,74.4615384615,41.0,0.662347012239,338.0,14.4574462295,70.0
2016-09-20,1,0,23.0,30.0,1,78.0,72.4615384615,41.0,0.730488273741,338.0,13.0714920849,77.0
2016-09-21,2,0,25.0,31.0,1,78.0,72.1538461538,41.0,0.818713450292,313.0,12.912999734,89.0
2016-09-22,3,0,25.0,32.0,1,78.0,72.7692307692,41.0,0.969995889848,305.0,13.4973150957,85.0
2016-09-23,4,0,25.0,32.0,1,79.0,72.3846153846,41.0,1.06785790257,305.0,13.0651530742,85.0
2016-09-24,5,1,25.0,32.0,1,81.0,72.6923076923,41.0,1.10189321421,271.0,13.3092484639,87.0
2016-09-25,6,1,26.0,33.0,1,81.0,74.0769230769,41.0,1.08714043993,188.0,13.7810434933,69.0
2016-09-26,0,0,27.0,35.0,1,81.0,73.1538461538,41.0,1.05010893246,188.0,13.6879854889,89.0
2016-09-27,1,0,28.0,35.0,1,81.0,73.9230769231,41.0,1.07244473627,188.0,14.2637870603,95.0
2016-09-28,2,0,27.0,35.0,1,81.0,74.6923076923,41.0,1.09737584038,188.0,15.0863392888,103.0
2016-09-29,3,0,22.0,25.0,0,85.0,79.4615384615,41.0,1.22728244601,158.0,13.3854995287,103.0
2016-09-30,4,0,20.0,24.0,0,85.0,82.4615384615,41.0,1.27650551315,140.0,13.9428249241,104.0
2016-10-01,5,1,20.0,25.0,0,85.0,85.5384615385,41.0,1.29571577847,140.0,13.9428249241,65.0
2016-10-02,6,1,23.0,30.0,1,85.0,86.2307692308,41.0,1.13974439556,115.0,12.6196052977,52.0
2016-10-03,0,1,26.0,32.0,1,85.0,84.8461538462,41.0,0.943235168587,115.0,15.073390481,54.0
2016-10-04,1,1,25.0,31.0,1,85.0,83.0769230769,41.0,0.741704619388,115.0,17.1035827936,62.0
2016-10-05,2,1,25.0,32.0,1,85.0,81.0,41.0,0.739762219287,104.0,17.8799414902,53.0
2016-10-06,3,1,26.0,33.0,1,85.0,78.5384615385,41.0,0.738313674093,104.0,19.305700173,73.0
2016-10-07,4,1,26.0,33.0,1,85.0,77.6153846154,41.0,0.816503800217,104.0,19.2615138855,79.0
2016-10-08,5,0,24.0,31.0,1,85.0,77.0,41.0,0.881720430108,104.0,19.0787840283,82.0
2016-10-09,6,0,23.0,28.0,1,85.0,78.0,41.0,0.989847715736,104.0,18.973665961,61.0
2016-10-10,0,0,24.0,28.0,1,85.0,75.8461538462,41.0,0.944479897894,104.0,19.190727544,76.0
2016-10-11,1,0,24.0,29.0,1,85.0,74.3846153846,41.0,0.932311621967,104.0,18.3828451031,81.0
2016-10-12,2,0,21.0,25.0,0,85.0,72.6923076923,41.0,0.932819854514,104.0,16.5964992388,87.0
2016-10-13,3,0,23.0,28.0,1,85.0,71.4615384615,41.0,1.04273504274,104.0,14.7992483417,109.0
2016-10-14,4,0,23.0,30.0,1,85.0,71.8461538462,41.0,1.16582491582,109.0,15.6787271552,103.0
2016-10-15,5,1,22.0,30.0,1,85.0,74.7692307692,52.0,1.24583333333,109.0,17.5593667581,90.0
2016-10-16,6,1,24.0,32.0,1,85.0,77.6923076923,52.0,1.24203166769,109.0,16.6658776934,61.0
2016-10-17,0,0,24.0,32.0,1,85.0,78.2307692308,52.0,1.06298388784,109.0,15.9911217972,88.0
2016-10-18,1,0,22.0,24.0,0,85.0,80.2307692308,52.0,1.00462379151,109.0,15.4529252703,85.0
2016-10-19,2,0,23.0,26.0,0,85.0,82.6923076923,52.0,0.994897959184,109.0,13.3208027905,89.0
2016-10-20,3,0,24.0,30.0,1,85.0,83.9230769231,52.0,1.12398112398,109.0,13.1058503581,114.0
2016-10-21,4,0,23.0,28.0,0,85.0,86.6153846154,52.0,1.22762148338,114.0,15.2393138425,97.0
2016-10-22,5,1,24.0,30.0,1,85.0,87.7692307692,52.0,1.25313283208,114.0,15.4130506447,110.0
2016-10-23,6,1,25.0,31.0,1,85.0,91.5384615385,52.0,1.2938331318,114.0,14.361355114,64.0
2016-10-24,0,0,25.0,29.0,0,85.0,90.6153846154,52.0,1.08573717949,114.0,15.6575784626,89.0
2016-10-25,1,0,25.0,30.0,0,85.0,91.2307692308,52.0,1.03686181747,114.0,15.423028966,116.0
2016-10-26,2,0,25.0,32.0,1,85.0,93.4615384615,52.0,1.02242493349,116.0,16.6946116808,89.0
2016-10-27,3,0,24.0,32.0,1,85.0,91.9230769231,52.0,1.10734463277,116.0,16.1028499076,103.0
2016-10-28,4,0,23.0,32.0,1,85.0,91.9230769231,52.0,1.14455592716,116.0,16.1028499076,105.0
2016-10-29,5,1,20.0,27.0,1,85.0,93.0769230769,52.0,1.0897083104,116.0,16.4572244527,74.0
2016-10-30,6,1,19.0,27.0,1,85.0,94.0769230769,52.0,1.02732240437,116.0,14.7880489089,79.0
2016-10-31,0,0,19.0,26.0,1,85.0,93.3846153846,52.0,0.938352427714,116.0,15.2594911778,63.0
