time_stamp,dayofweek,holiday,lt,ht,sunny,m2M,w2A,m1L,d3w3,m1Lar,w2Std,pay_sum
2016-08-01,0,0,27.0,35.0,1,63.0,79.3076923077,49.0,1.09358569926,125.0,18.881756011,82.0
2016-08-02,1,0,27.0,35.0,0,64.0,78.6923076923,49.0,1.17817880108,125.0,18.6522203891,81.0
2016-08-03,2,0,26.0,32.0,0,64.0,79.9230769231,49.0,1.10429447853,125.0,18.2312560792,148.0
2016-08-04,3,0,26.0,33.0,0,64.0,84.5384615385,49.0,1.19915172547,148.0,25.7401673075,132.0
2016-08-05,4,0,26.0,33.0,0,65.0,88.9230769231,49.0,1.34525805851,148.0,28.4536371569,218.0
2016-08-06,5,1,26.0,34.0,0,66.0,97.4615384615,49.0,1.76127320955,218.0,44.6449504158,101.0
2016-08-07,6,1,27.0,35.0,1,66.0,97.3846153846,49.0,1.61561884292,218.0,44.6379253404,126.0
2016-08-08,0,0,27.0,34.0,0,66.0,102.0,49.0,1.54594406809,218.0,44.2545086795,94.0
2016-08-09,1,0,27.0,35.0,1,66.0,104.615384615,49.0,1.11284451378,218.0,42.6714432731,138.0
2016-08-10,2,0,28.0,34.0,0,67.0,110.153846154,49.0,1.1957247829,218.0,41.9667380266,78.0
2016-08-11,3,0,27.0,35.0,1,67.0,112.153846154,49.0,1.04061765693,218.0,39.7063183382,109.0
2016-08-12,4,0,28.0,36.0,1,68.0,116.076923077,49.0,1.07260726073,218.0,36.5565137592,98.0
2016-08-13,5,1,28.0,36.0,1,72.0,116.307692308,52.0,0.944803580308,218.0,36.431990624,162.0
2016-08-14,6,1,28.0,36.0,1,72.0,120.538461538,52.0,1.18783196523,218.0,38.2534370193,146.0
2016-08-15,0,0,27.0,36.0,1,73.0,125.461538462,52.0,1.25832945917,218.0,37.077082668,89.0
2016-08-16,1,0,27.0,36.0,1,75.0,126.076923077,52.0,1.21406727829,218.0,36.3941278832,81.0
2016-08-17,2,0,28.0,35.0,1,77.0,120.923076923,52.0,0.959757023538,218.0,37.6470686129,69.0
2016-08-18,3,0,28.0,35.0,1,75.0,116.076923077,52.0,0.720313441832,218.0,39.8969085721,102.0
2016-08-19,4,0,29.0,36.0,1,78.0,107.153846154,52.0,0.744680851064,218.0,26.986737922,105.0
2016-08-20,5,1,27.0,37.0,0,81.0,107.461538462,52.0,0.81200353045,218.0,26.9375785121,111.0
2016-08-21,6,1,27.0,33.0,0,81.0,106.307692308,52.0,0.933920704846,218.0,26.4353627243,97.0
2016-08-22,0,0,27.0,35.0,1,82.0,106.538461538,52.0,0.913202042305,218.0,26.3398364127,91.0
2016-08-23,1,0,26.0,34.0,1,82.0,102.923076923,52.0,0.868554829339,218.0,24.9629310978,89.0
2016-08-24,2,0,25.0,34.0,1,82.0,103.769230769,52.0,0.82587954681,218.0,24.2809005224,106.0
2016-08-25,3,0,26.0,35.0,1,82.0,103.538461538,52.0,0.862745098039,218.0,24.2443185561,99.0
2016-08-26,4,0,24.0,30.0,0,84.0,103.615384615,52.0,0.937350549976,218.0,24.2282049925,110.0
2016-08-27,5,1,21.0,30.0,1,88.0,99.6153846154,58.0,1.0,218.0,17.6615116591,153.0
2016-08-28,6,1,19.0,30.0,1,89.0,100.153846154,69.0,1.13461839837,218.0,19.1144172484,146.0
2016-08-29,0,0,21.0,31.0,1,89.0,104.538461538,69.0,1.2513385345,218.0,22.3214811496,116.0
2016-08-30,1,0,21.0,30.0,1,90.0,107.230769231,69.0,1.28264564982,218.0,21.4122676777,85.0
2016-08-31,2,0,23.0,33.0,1,90.0,108.461538462,69.0,1.06900800986,218.0,19.5590442767,98.0
2016-09-01,3,0,23.0,33.0,1,91.0,108.153846154,69.0,0.925839913299,218.0,19.6893026553,91.0
2016-09-02,4,0,23.0,34.0,1,91.0,107.076923077,69.0,0.85119602361,218.0,20.2083818804,144.0
2016-09-03,5,1,23.0,34.0,1,94.0,109.615384615,69.0,1.04323308271,218.0,22.4860245881,134.0
2016-09-04,6,1,23.0,32.0,1,95.0,112.461538462,69.0,1.16257088847,162.0,23.0438224147,148.0
2016-09-05,0,0,24.0,33.0,1,97.0,116.846153846,69.0,1.30574712644,162.0,23.9481688841,81.0
2016-09-06,1,0,21.0,26.0,0,97.0,116.230769231,69.0,1.11264367816,162.0,24.7453300836,71.0
2016-09-07,2,0,20.0,26.0,1,97.0,113.538461538,69.0,0.918695452458,162.0,27.4663861268,63.0
2016-09-08,3,0,21.0,30.0,1,95.0,110.769230769,63.0,0.670408481447,162.0,30.4458001301,57.0
2016-09-09,4,0,23.0,32.0,1,95.0,106.692307692,57.0,0.609250398724,162.0,33.6552307407,68.0
2016-09-10,5,1,22.0,29.0,1,95.0,100.153846154,57.0,0.612278130598,162.0,32.2510492467,122.0
2016-09-11,6,1,21.0,28.0,1,97.0,98.3076923077,57.0,0.794723294723,162.0,30.1952227892,120.0
2016-09-12,0,0,20.0,30.0,1,98.0,98.6153846154,57.0,0.983658575282,153.0,30.3936695371,50.0
2016-09-13,1,0,20.0,31.0,1,98.0,95.9230769231,50.0,0.944067248626,153.0,32.9252335742,47.0
2016-09-14,2,0,21.0,27.0,1,97.0,92.0,47.0,0.722249958396,153.0,35.390133349,44.0
2016-09-15,3,1,21.0,24.0,0,95.0,88.3846153846,44.0,0.482546201232,153.0,37.6370080997,100.0
2016-09-16,4,1,22.0,25.0,0,97.0,85.0,44.0,0.657034743722,153.0,34.3152802923,67.0
2016-09-17,5,1,21.0,26.0,1,97.0,79.8461538462,44.0,0.759539236861,153.0,31.4834416891,92.0
2016-09-18,6,0,21.0,28.0,1,97.0,75.5384615385,44.0,0.960326288469,153.0,25.034177821,66.0
2016-09-19,0,0,18.0,26.0,1,97.0,74.3846153846,44.0,0.858123569794,153.0,25.1014509588,65.0
2016-09-20,1,0,18.0,26.0,1,97.0,73.9230769231,44.0,0.860339506173,153.0,25.2143473762,64.0
2016-09-21,2,0,18.0,25.0,0,95.0,74.0,44.0,0.767414403778,153.0,25.1824114444,52.0
2016-09-22,3,0,19.0,27.0,1,94.0,73.6153846154,44.0,0.729103726083,153.0,25.4755945399,38.0
2016-09-23,4,0,20.0,27.0,1,94.0,71.3076923077,38.0,0.662793199914,153.0,27.1813980944,63.0
2016-09-24,5,1,21.0,29.0,1,94.0,66.7692307692,38.0,0.690121786198,153.0,22.9318517021,89.0
2016-09-25,6,1,22.0,28.0,1,94.0,64.3846153846,38.0,0.892647404275,153.0,18.4455058589,106.0
2016-09-26,0,0,22.0,30.0,1,95.0,68.6923076923,38.0,1.19113573407,148.0,20.9519032195,43.0
2016-09-27,1,0,23.0,30.0,1,95.0,68.3846153846,38.0,1.12052730697,148.0,21.2947753128,48.0
2016-09-28,2,0,19.0,25.0,0,94.0,68.6923076923,38.0,0.937425648346,148.0,20.9665837259,32.0
2016-09-29,3,0,18.0,22.0,0,92.0,63.4615384615,32.0,0.595930232558,148.0,20.9857658155,31.0
2016-09-30,4,0,20.0,23.0,0,92.0,60.6923076923,31.0,0.552651232263,148.0,22.6457148787,68.0
2016-10-01,5,1,21.0,25.0,0,92.0,58.8461538462,31.0,0.679636835279,148.0,20.9315593665,93.0
2016-10-02,6,1,21.0,25.0,0,92.0,60.9230769231,31.0,1.01748807631,148.0,22.7949439011,117.0
2016-10-03,0,1,19.0,26.0,1,92.0,64.9230769231,31.0,1.39874213836,148.0,27.280484821,187.0
2016-10-04,1,1,19.0,25.0,1,92.0,74.3846153846,31.0,1.80659840728,187.0,42.4382600628,149.0
2016-10-05,2,1,20.0,27.0,1,92.0,81.8461538462,31.0,1.92356687898,187.0,46.2066364761,164.0
2016-10-06,3,1,19.0,25.0,1,92.0,91.5384615385,31.0,2.03998368013,187.0,49.1162128718,153.0
2016-10-07,4,1,18.0,21.0,0,92.0,98.4615384615,31.0,1.80620155039,187.0,50.9156397079,66.0
2016-10-08,5,0,15.0,23.0,1,91.0,96.6923076923,31.0,1.50728059819,187.0,51.6085631168,59.0
2016-10-09,6,0,13.0,22.0,1,91.0,93.0769230769,31.0,1.09859711519,187.0,52.4689821022,75.0
2016-10-10,0,0,15.0,22.0,1,91.0,95.5384615385,31.0,0.785700255353,187.0,50.7855451643,60.0
2016-10-11,1,0,16.0,22.0,1,89.0,96.4615384615,31.0,0.763929907462,187.0,50.0163286947,61.0
2016-10-12,2,0,16.0,20.0,0,89.0,98.6923076923,31.0,0.767724245985,187.0,47.6838702214,59.0
2016-10-13,3,0,17.0,20.0,0,89.0,100.846153846,31.0,0.696459663378,187.0,45.1422472326,60.0
2016-10-14,4,0,17.0,20.0,0,85.0,100.230769231,31.0,0.697674418605,187.0,45.6376259177,75.0
2016-10-15,5,1,19.0,21.0,0,85.0,98.8461538462,31.0,0.758108636186,187.0,46.106642528,155.0
2016-10-16,6,1,18.0,24.0,1,89.0,101.769230769,31.0,1.10161443495,187.0,48.3165107091,123.0
2016-10-17,0,0,18.0,24.0,1,89.0,96.8461538462,31.0,1.28247048138,187.0,42.2626333481,58.0
2016-10-18,1,0,18.0,24.0,1,85.0,89.8461538462,31.0,1.21409214092,187.0,40.5459779924,66.0
2016-10-19,2,0,19.0,23.0,1,81.0,82.3076923077,31.0,0.87635266986,187.0,34.7549323901,60.0
2016-10-20,3,0,19.0,22.0,0,75.0,75.1538461538,31.0,0.642907058001,187.0,28.4708924338,34.0
2016-10-21,4,0,19.0,22.0,0,75.0,72.6923076923,31.0,0.5691924582,187.0,30.4691132773,58.0
2016-10-22,5,1,19.0,22.0,0,71.0,72.6153846154,31.0,0.551024107305,187.0,30.5048254986,48.0
2016-10-23,6,1,16.0,21.0,1,68.0,70.5384615385,31.0,0.527306967985,187.0,31.1833668302,114.0
2016-10-24,0,0,17.0,22.0,1,68.0,74.6923076923,31.0,0.864270280888,187.0,33.0439907615,79.0
2016-10-25,1,0,17.0,19.0,1,68.0,76.0769230769,31.0,0.987502560951,187.0,32.8175880107,52.0
2016-10-26,2,0,16.0,19.0,0,68.0,75.5384615385,31.0,1.07810781078,187.0,33.1491162073,35.0
2016-10-27,3,0,16.0,19.0,0,67.0,73.6153846154,31.0,0.79217370556,187.0,34.6843756922,54.0
2016-10-28,4,0,12.0,16.0,0,66.0,72.0,31.0,0.678700361011,187.0,35.0691624343,70.0
2016-10-29,5,1,9.0,13.0,0,66.0,65.4615384615,34.0,0.759312320917,187.0,25.6413589722,144.0
2016-10-30,6,1,12.0,18.0,1,66.0,67.0769230769,34.0,1.21956769056,187.0,29.5750974729,157.0
2016-10-31,0,0,10.0,15.0,0,66.0,74.6923076923,34.0,1.58344003414,187.0,37.8466228864,99.0
