time_stamp,dayofweek,holiday,lt,ht,sunny,m2M,w2A,m1L,d3w3,m1Lar,w2Std,pay_sum
2016-08-01,0,0,27.0,33.0,0,60.0,61.0769230769,40.0,1.12340425532,79.0,6.36651744509,60.0
2016-08-02,1,0,26.0,32.0,0,60.0,61.3846153846,40.0,1.09039548023,79.0,6.20841193046,49.0
2016-08-03,2,0,26.0,34.0,0,59.0,60.9230769231,40.0,1.00735710243,79.0,6.85522303359,55.0
2016-08-04,3,0,26.0,33.0,0,59.0,61.3076923077,40.0,0.937678673528,79.0,6.35349226059,77.0
2016-08-05,4,0,26.0,35.0,1,60.0,62.3076923077,40.0,1.02000563539,79.0,7.59943940629,68.0
2016-08-06,5,1,26.0,34.0,0,60.0,63.0,40.0,1.10926234054,79.0,7.6761368489,40.0
2016-08-07,6,1,26.0,33.0,0,60.0,60.8461538462,40.0,1.03467561521,77.0,9.64641147981,66.0
2016-08-08,0,0,26.0,32.0,0,60.0,62.0,40.0,0.95947063689,77.0,9.29019334071,54.0
2016-08-09,1,0,26.0,29.0,0,60.0,61.6923076923,40.0,0.8837337752,77.0,9.48184188034,62.0
2016-08-10,2,0,27.0,33.0,0,60.0,61.2307692308,40.0,0.999450851181,77.0,9.30801016622,66.0
2016-08-11,3,0,27.0,33.0,0,60.0,61.1538461538,40.0,0.986449864499,77.0,9.26404259528,52.0
2016-08-12,4,0,27.0,33.0,0,60.0,60.1538461538,40.0,0.985221674877,77.0,9.49369145879,64.0
2016-08-13,5,1,26.0,31.0,0,62.0,60.1538461538,40.0,0.992095938948,77.0,9.49369145879,67.0
2016-08-14,6,1,27.0,34.0,0,62.0,60.0,40.0,0.998363338789,77.0,9.36441710371,65.0
2016-08-15,0,0,27.0,35.0,1,62.0,60.3846153846,40.0,1.05717367853,77.0,9.45872378396,81.0
2016-08-16,1,0,26.0,34.0,1,64.0,62.8461538462,40.0,1.12787926926,81.0,10.3019501802,77.0
2016-08-17,2,0,27.0,34.0,1,64.0,64.5384615385,40.0,1.17245005258,81.0,10.6743069284,78.0
2016-08-18,3,0,27.0,34.0,1,64.0,64.6153846154,40.0,1.23012770394,81.0,10.7670327427,77.0
2016-08-19,4,0,27.0,35.0,1,65.0,65.3076923077,40.0,1.19803769688,81.0,11.2413016998,75.0
2016-08-20,5,1,27.0,35.0,1,65.0,68.0,40.0,1.17767537122,81.0,8.77934639235,56.0
2016-08-21,6,1,26.0,34.0,0,65.0,67.2307692308,40.0,1.07576933023,81.0,9.34100839684,62.0
2016-08-22,0,0,27.0,35.0,1,65.0,67.8461538462,40.0,0.996643428867,81.0,8.68992479251,80.0
2016-08-23,1,0,27.0,36.0,1,65.0,69.2307692308,40.0,0.998487140696,81.0,9.07366303908,71.0
2016-08-24,2,0,27.0,35.0,1,65.0,69.6153846154,40.0,1.06128550075,81.0,9.03445082864,82.0
2016-08-25,3,0,27.0,36.0,1,65.0,71.9230769231,40.0,1.15661454455,82.0,8.0140409327,83.0
2016-08-26,4,0,27.0,36.0,1,65.0,73.3846153846,40.0,1.15856651939,83.0,8.16689811692,92.0
2016-08-27,5,1,25.0,34.0,0,65.0,75.3076923077,40.0,1.21513002364,92.0,9.30165093191,82.0
2016-08-28,6,1,22.0,32.0,1,65.0,76.6153846154,40.0,1.20149602618,92.0,8.9489016218,90.0
2016-08-29,0,0,23.0,33.0,1,65.0,77.3076923077,40.0,1.20383036936,92.0,9.58672652389,77.0
2016-08-30,1,0,23.0,33.0,1,65.0,77.3076923077,40.0,1.12389979689,92.0,9.58672652389,77.0
2016-08-31,2,0,25.0,33.0,1,65.0,77.2307692308,40.0,1.09318996416,92.0,9.58487467238,84.0
2016-09-01,3,0,25.0,29.0,0,65.0,77.7692307692,40.0,1.04385964912,92.0,9.75195322569,46.0
2016-09-02,4,0,23.0,32.0,1,65.0,75.5384615385,40.0,0.918774966711,92.0,12.9294855904,84.0
2016-09-03,5,1,23.0,34.0,1,65.0,77.6923076923,40.0,0.939214395436,92.0,11.7760161435,81.0
2016-09-04,6,1,24.0,32.0,1,65.0,79.1538461538,40.0,0.916395222584,92.0,10.8829164208,87.0
2016-09-05,0,0,25.0,31.0,0,65.0,79.6923076923,46.0,1.09020116807,92.0,11.0827975876,87.0
2016-09-06,1,0,25.0,32.0,0,65.0,80.9230769231,46.0,1.09606705351,92.0,10.9366113333,56.0
2016-09-07,2,0,24.0,31.0,0,65.0,78.9230769231,46.0,1.00283409636,92.0,12.7789582967,60.0
2016-09-08,3,0,23.0,32.0,1,65.0,77.1538461538,46.0,0.895061728395,92.0,13.6542253468,102.0
2016-09-09,4,0,24.0,31.0,1,66.0,77.9230769231,46.0,0.944336149015,102.0,14.7098163899,75.0
2016-09-10,5,1,24.0,29.0,1,66.0,77.3846153846,46.0,1.01412066752,102.0,14.6788097481,49.0
2016-09-11,6,1,21.0,24.0,0,66.0,74.2307692308,46.0,0.975188781014,102.0,15.9766841951,53.0
2016-09-12,0,0,21.0,27.0,1,66.0,72.3846153846,46.0,0.777338603426,102.0,16.909435061,95.0
2016-09-13,1,0,22.0,25.0,0,66.0,73.7692307692,46.0,0.851707738867,102.0,17.9364426889,56.0
2016-09-14,2,0,23.0,25.0,0,66.0,71.6153846154,46.0,0.89709762533,102.0,18.2568784152,55.0
2016-09-15,3,1,24.0,26.0,0,66.0,72.3076923077,46.0,0.9229390681,102.0,17.4240532924,65.0
2016-09-16,4,1,24.0,30.0,0,66.0,70.8461538462,46.0,0.803102897559,102.0,17.177114264,60.0
2016-09-17,5,1,24.0,30.0,0,66.0,69.2307692308,46.0,0.833912439194,102.0,17.1336548984,32.0
2016-09-18,6,0,23.0,30.0,1,66.0,65.0,32.0,0.757904899831,102.0,18.9208879284,100.0
2016-09-19,0,0,20.0,30.0,1,67.0,66.0,32.0,0.911680911681,102.0,20.3469899494,75.0
2016-09-20,1,0,20.0,29.0,1,67.0,67.4615384615,32.0,0.984308131241,102.0,20.2583900363,70.0
2016-09-21,2,0,20.0,28.0,1,68.0,68.2307692308,32.0,1.176753122,102.0,20.1500289985,77.0
2016-09-22,3,0,21.0,29.0,1,68.0,66.3076923077,32.0,1.04298801973,102.0,17.9030921927,88.0
2016-09-23,4,0,20.0,29.0,1,68.0,67.3076923077,32.0,1.10096041227,102.0,18.7057564788,66.0
2016-09-24,5,1,21.0,30.0,1,68.0,68.6153846154,32.0,1.09375,102.0,17.9595205587,84.0
2016-09-25,6,1,22.0,32.0,1,69.0,71.0,32.0,1.12930011862,102.0,17.7850412512,76.0
2016-09-26,0,0,25.0,32.0,1,70.0,69.5384615385,32.0,1.08082257293,102.0,16.4859631884,77.0
2016-09-27,1,0,25.0,29.0,0,71.0,71.1538461538,32.0,1.11660777385,102.0,16.1046871049,56.0
2016-09-28,2,0,25.0,27.0,0,71.0,71.2307692308,32.0,0.987479329081,102.0,16.0295584955,44.0
2016-09-29,3,0,26.0,29.0,0,71.0,69.6153846154,32.0,0.872135994087,102.0,17.5610515785,71.0
2016-09-30,4,0,25.0,30.0,0,71.0,70.4615384615,32.0,0.845070422535,102.0,17.3409936039,116.0
2016-10-01,5,1,24.0,31.0,1,75.0,76.9230769231,32.0,1.08757062147,116.0,17.4552682744,57.0
2016-10-02,6,1,23.0,32.0,1,75.0,73.6153846154,32.0,1.1455399061,116.0,16.8319223343,60.0
2016-10-03,0,1,23.0,30.0,1,71.0,72.4615384615,32.0,1.12154031288,116.0,17.2074017375,58.0
2016-10-04,1,1,22.0,32.0,1,71.0,71.5384615385,32.0,0.84114395578,116.0,17.6313330558,58.0
2016-10-05,2,1,24.0,30.0,1,71.0,70.0769230769,32.0,0.84412470024,116.0,17.9034227001,54.0
2016-10-06,3,1,24.0,28.0,0,71.0,67.4615384615,32.0,0.821851583273,116.0,17.5745243271,46.0
2016-10-07,4,1,22.0,26.0,0,71.0,65.9230769231,32.0,0.771672771673,116.0,18.4868416342,40.0
2016-10-08,5,0,19.0,26.0,0,71.0,62.5384615385,32.0,0.679776644817,116.0,18.8908418374,49.0
2016-10-09,6,0,18.0,24.0,1,71.0,60.4615384615,32.0,0.680786686838,116.0,18.7805766464,63.0
2016-10-10,0,0,19.0,21.0,0,71.0,59.3846153846,32.0,0.773536895674,116.0,18.1935680162,46.0
2016-10-11,1,0,18.0,22.0,0,71.0,58.6153846154,32.0,0.819077242094,116.0,18.5287239028,55.0
2016-10-12,2,0,17.0,23.0,1,71.0,59.4615384615,32.0,0.864978902954,116.0,18.0878853831,95.0
2016-10-13,3,0,19.0,26.0,1,75.0,61.3076923077,32.0,1.02806189352,116.0,20.2651068641,50.0
2016-10-14,4,0,21.0,27.0,1,71.0,56.2307692308,32.0,1.06241699867,116.0,12.8311750535,67.0
2016-10-15,5,1,20.0,23.0,0,71.0,57.0,32.0,1.14162627894,116.0,13.1500219362,50.0
2016-10-16,6,1,22.0,27.0,0,70.0,56.2307692308,32.0,0.918591859186,116.0,13.2441792507,67.0
2016-10-17,0,0,22.0,27.0,1,67.0,56.9230769231,40.0,1.0205213533,116.0,13.5502570992,60.0
2016-10-18,1,0,21.0,25.0,0,67.0,57.0769230769,40.0,0.978441127695,116.0,13.572945593,39.0
2016-10-19,2,0,22.0,25.0,0,67.0,55.9230769231,39.0,0.921454343603,116.0,14.3979781618,69.0
2016-10-20,3,0,22.0,25.0,0,67.0,57.6923076923,39.0,0.9341117598,116.0,14.4827994286,34.0
2016-10-21,4,0,24.0,27.0,0,67.0,57.2307692308,34.0,0.847508206506,116.0,15.1208152311,64.0
2016-10-22,5,1,23.0,28.0,0,66.0,58.3846153846,34.0,0.990510083037,116.0,15.020695782,50.0
2016-10-23,6,1,20.0,27.0,1,65.0,57.3846153846,34.0,0.885697187313,116.0,15.1125951625,69.0
2016-10-24,0,0,20.0,26.0,1,65.0,59.1538461538,34.0,1.08444444444,116.0,15.0222714345,54.0
2016-10-25,1,0,23.0,28.0,1,64.0,59.0769230769,34.0,1.02884329468,116.0,15.045886422,74.0
2016-10-26,2,0,23.0,29.0,1,64.0,57.4615384615,34.0,1.15103710196,116.0,11.9009720651,67.0
2016-10-27,3,0,23.0,29.0,1,64.0,58.7692307692,34.0,1.11876075731,116.0,11.9431592661,66.0
2016-10-28,4,0,19.0,30.0,0,64.0,58.6923076923,34.0,1.16161616162,116.0,11.8930142093,53.0
2016-10-29,5,1,17.0,23.0,0,63.0,58.9230769231,34.0,1.04026845638,116.0,11.7503619483,59.0
2016-10-30,6,1,15.0,23.0,1,60.0,58.3076923077,34.0,0.998877665544,95.0,11.518444175,45.0
2016-10-31,0,0,16.0,24.0,1,60.0,57.1538461538,34.0,0.881774782365,95.0,12.0310249825,46.0
