time_stamp,dayofweek,holiday,lt,ht,sunny,m2M,w2A,m1L,d3w3,m1Lar,w2Std,pay_sum
2016-08-01,0,0,27.0,37.0,1,90.0,91.2307692308,63.0,1.01549973276,121.0,11.0533938133,85.0
2016-08-02,1,0,26.0,36.0,0,89.0,90.0,63.0,0.956475013434,121.0,10.7846044113,127.0
2016-08-03,2,0,25.0,31.0,0,90.0,92.8461538462,63.0,1.08250131372,127.0,14.61214539,84.0
2016-08-04,3,0,25.0,29.0,0,90.0,92.8461538462,63.0,1.03805014904,127.0,14.61214539,84.0
2016-08-05,4,0,25.0,31.0,0,90.0,91.1538461538,63.0,1.05507868383,127.0,14.2604679708,111.0
2016-08-06,5,1,24.0,32.0,0,90.0,92.2307692308,63.0,0.990415335463,127.0,15.1614584551,104.0
2016-08-07,6,1,25.0,32.0,0,90.0,93.0769230769,63.0,1.06538393016,127.0,15.4842924801,120.0
2016-08-08,0,0,26.0,32.0,0,93.0,97.4615384615,63.0,1.17482027003,127.0,14.3774148988,104.0
2016-08-09,1,0,26.0,32.0,0,93.0,99.3076923077,63.0,1.14845938375,127.0,13.5327785275,148.0
2016-08-10,2,0,26.0,34.0,0,93.0,103.153846154,63.0,1.26401630989,148.0,18.7240945302,116.0
2016-08-11,3,0,27.0,35.0,0,93.0,105.230769231,63.0,1.23035773989,148.0,18.535429053,73.0
2016-08-12,4,0,28.0,38.0,1,93.0,102.923076923,63.0,1.14567397586,148.0,20.4392591257,127.0
2016-08-13,5,1,28.0,37.0,1,95.0,106.153846154,63.0,1.05809475975,148.0,20.6689888623,109.0
2016-08-14,6,1,28.0,37.0,1,97.0,107.076923077,63.0,1.02640757349,148.0,20.5068901684,101.0
2016-08-15,0,0,28.0,37.0,1,97.0,108.307692308,63.0,1.09861450693,148.0,19.6052764302,91.0
2016-08-16,1,0,27.0,37.0,1,97.0,105.538461538,63.0,0.976005188067,148.0,19.3096842368,106.0
2016-08-17,2,0,27.0,36.0,1,97.0,107.230769231,63.0,0.962532299742,148.0,18.2847302673,83.0
2016-08-18,3,0,28.0,37.0,1,97.0,107.153846154,63.0,0.907029478458,148.0,18.3841325975,107.0
2016-08-19,4,0,27.0,37.0,1,97.0,106.846153846,63.0,0.956999676689,148.0,18.3506283852,115.0
2016-08-20,5,1,26.0,36.0,1,97.0,107.692307692,63.0,0.971956660293,148.0,18.4532032466,114.0
2016-08-21,6,1,26.0,34.0,1,97.0,107.230769231,63.0,1.06211474633,148.0,18.2130715787,110.0
2016-08-22,0,0,27.0,33.0,1,97.0,107.692307692,63.0,1.05904404873,148.0,18.2013719491,96.0
2016-08-23,1,0,27.0,34.0,1,97.0,103.692307692,63.0,1.01442383896,148.0,14.1713938047,105.0
2016-08-24,2,0,27.0,34.0,1,97.0,102.846153846,73.0,0.976145637163,148.0,13.7328699104,103.0
2016-08-25,3,0,24.0,35.0,0,97.0,105.153846154,73.0,0.945714730129,148.0,10.7119354988,118.0
2016-08-26,4,0,21.0,27.0,0,97.0,104.461538462,73.0,1.01085271318,148.0,9.49992214232,121.0
2016-08-27,5,1,18.0,27.0,1,97.0,105.384615385,73.0,1.05214582372,148.0,10.4332195897,114.0
2016-08-28,6,1,18.0,30.0,1,98.0,106.384615385,73.0,1.08900200524,148.0,10.5869183541,98.0
2016-08-29,0,0,19.0,31.0,1,98.0,106.923076923,73.0,1.03016241299,148.0,9.94957701816,95.0
2016-08-30,1,0,20.0,31.0,1,98.0,106.076923077,73.0,0.973675864256,148.0,10.4473886208,83.0
2016-08-31,2,0,21.0,32.0,1,98.0,106.076923077,73.0,0.889318511358,148.0,10.4473886208,107.0
2016-09-01,3,0,21.0,31.0,1,98.0,106.076923077,73.0,0.903471231574,148.0,10.4473886208,85.0
2016-09-02,4,0,22.0,33.0,1,98.0,103.769230769,73.0,0.889535824034,148.0,11.4834586465,94.0
2016-09-03,5,1,22.0,33.0,1,98.0,102.230769231,73.0,0.931899641577,148.0,11.3486959343,139.0
2016-09-04,6,1,22.0,31.0,1,101.0,104.461538462,73.0,1.01727447217,148.0,14.9389289319,114.0
2016-09-05,0,0,23.0,32.0,1,101.0,105.846153846,73.0,1.09792754311,148.0,14.9246628816,96.0
2016-09-06,1,0,21.0,31.0,1,101.0,105.153846154,73.0,1.10952153871,148.0,15.1548223036,90.0
2016-09-07,2,0,23.0,32.0,1,98.0,104.153846154,73.0,0.950570342205,148.0,15.6836325946,98.0
2016-09-08,3,0,22.0,32.0,1,98.0,102.615384615,73.0,0.903739061257,139.0,15.2241632916,96.0
2016-09-09,4,0,21.0,31.0,0,98.0,100.692307692,73.0,0.912010276172,139.0,14.3333103986,126.0
2016-09-10,5,1,22.0,32.0,1,98.0,101.615384615,83.0,1.02171136654,139.0,15.4995705228,116.0
2016-09-11,6,1,20.0,31.0,1,101.0,103.0,83.0,1.07609041706,139.0,15.9132262358,102.0
2016-09-12,0,0,22.0,33.0,1,101.0,103.538461538,83.0,1.09206349206,139.0,15.7510213814,91.0
2016-09-13,1,0,21.0,32.0,1,101.0,104.153846154,83.0,0.987535953979,139.0,15.0784928539,97.0
2016-09-14,2,0,21.0,31.0,1,101.0,103.384615385,83.0,0.929487179487,139.0,15.1684818039,127.0
2016-09-15,3,1,23.0,31.0,0,101.0,106.615384615,83.0,1.00526567736,139.0,15.3799993075,123.0
2016-09-16,4,1,22.0,30.0,0,101.0,108.846153846,83.0,1.10632871035,139.0,15.491169464,90.0
2016-09-17,5,1,21.0,32.0,1,101.0,105.076923077,83.0,1.09659732301,139.0,13.5332157669,83.0
2016-09-18,6,0,20.0,31.0,1,101.0,102.692307692,83.0,0.961663417804,139.0,14.4508962479,100.0
2016-09-19,0,0,18.0,29.0,1,101.0,103.0,83.0,0.884783665532,139.0,14.3473396087,65.0
2016-09-20,1,0,18.0,27.0,1,100.0,101.076923077,65.0,0.810854994278,139.0,17.3269977801,74.0
2016-09-21,2,0,17.0,28.0,1,100.0,99.2307692308,65.0,0.794283815221,139.0,18.774589399,107.0
2016-09-22,3,0,17.0,30.0,1,101.0,100.076923077,65.0,0.808678500986,139.0,18.8576103326,80.0
2016-09-23,4,0,18.0,31.0,1,101.0,96.5384615385,65.0,0.863952333664,139.0,17.955566459,112.0
2016-09-24,5,1,22.0,32.0,1,102.0,96.2307692308,65.0,1.00318738467,139.0,17.6511226322,110.0
2016-09-25,6,1,23.0,30.0,1,103.0,96.8461538462,65.0,1.01529668852,139.0,17.9779615249,121.0
2016-09-26,0,0,23.0,33.0,1,103.0,99.1538461538,65.0,1.13877822045,139.0,18.9770961297,77.0
2016-09-27,1,0,22.0,32.0,1,103.0,97.6153846154,65.0,1.02923976608,139.0,19.8786257904,93.0
2016-09-28,2,0,16.0,25.0,0,103.0,95.0,65.0,0.974874371859,139.0,17.9871749182,125.0
2016-09-29,3,0,15.0,18.0,0,104.0,95.1538461538,65.0,0.974079577349,139.0,18.2328788134,112.0
2016-09-30,4,0,17.0,20.0,0,104.0,96.8461538462,65.0,1.09725685786,139.0,18.6911997139,170.0
2016-10-01,5,1,17.0,20.0,0,104.0,103.538461538,65.0,1.31779180832,170.0,26.4854543087,146.0
2016-10-02,6,1,16.0,23.0,0,105.0,107.076923077,65.0,1.35679188461,170.0,28.7521545372,107.0
2016-10-03,0,1,18.0,29.0,1,106.0,110.307692308,65.0,1.33081642284,170.0,26.0779441597,91.0
2016-10-04,1,1,17.0,30.0,1,105.0,111.615384615,65.0,1.08534469159,170.0,24.6093742662,108.0
2016-10-05,2,1,18.0,30.0,1,106.0,111.692307692,65.0,0.974212034384,170.0,24.5963868997,106.0
2016-10-06,3,1,19.0,29.0,1,106.0,113.692307692,65.0,0.978976087305,170.0,22.9393334199,105.0
2016-10-07,4,1,19.0,27.0,1,106.0,113.153846154,65.0,1.01657106437,170.0,23.0546045921,97.0
2016-10-08,5,0,16.0,26.0,1,105.0,112.153846154,65.0,0.974992086103,170.0,23.4482938656,90.0
2016-10-09,6,0,16.0,24.0,1,105.0,109.769230769,65.0,0.928753180662,170.0,23.9972878152,102.0
2016-10-10,0,0,16.0,23.0,1,105.0,111.692307692,65.0,0.903266135334,170.0,22.2309023153,98.0
2016-10-11,1,0,16.0,21.0,1,103.0,112.076923077,65.0,0.896306598671,170.0,21.9456024628,109.0
2016-10-12,2,0,16.0,19.0,1,103.0,110.846153846,65.0,0.954145437703,170.0,21.6327606043,80.0
2016-10-13,3,0,15.0,18.0,0,103.0,108.384615385,65.0,0.886212752818,170.0,23.1301949226,88.0
2016-10-14,4,0,15.0,19.0,1,103.0,102.076923077,65.0,0.864949258392,170.0,15.3345338695,132.0
2016-10-15,5,1,16.0,23.0,1,103.0,101.0,65.0,0.927213722763,170.0,12.4282556484,129.0
2016-10-16,6,1,16.0,24.0,1,105.0,102.692307692,65.0,1.07467282525,170.0,14.4615384615,117.0
2016-10-17,0,0,16.0,23.0,1,105.0,104.692307692,65.0,1.14285714286,170.0,14.50402923,88.0
2016-10-18,1,0,18.0,25.0,1,103.0,103.153846154,65.0,1.01212121212,170.0,15.1192498483,85.0
2016-10-19,2,0,18.0,24.0,0,102.0,101.538461538,74.0,0.895061728395,170.0,15.8338264223,112.0
2016-10-20,3,0,19.0,23.0,0,102.0,102.076923077,77.0,0.87962962963,170.0,16.0597994932,114.0
2016-10-21,4,0,18.0,24.0,0,103.0,103.384615385,77.0,0.985424588086,170.0,16.2837269479,148.0
2016-10-22,5,1,16.0,21.0,0,103.0,107.846153846,77.0,1.1839189617,170.0,19.6110100703,153.0
2016-10-23,6,1,15.0,18.0,1,105.0,111.769230769,77.0,1.28562577447,170.0,22.8781180175,161.0
2016-10-24,0,0,12.0,16.0,0,105.0,116.615384615,77.0,1.38613861386,170.0,25.9186255023,91.0
2016-10-25,1,0,12.0,16.0,0,102.0,115.230769231,77.0,1.22448979592,170.0,26.7557437289,104.0
2016-10-26,2,0,13.0,16.0,0,102.0,117.076923077,80.0,1.07731880769,170.0,25.03370509,128.0
2016-10-27,3,0,12.0,16.0,0,104.0,120.153846154,80.0,0.967355495657,170.0,23.6930569312,124.0
2016-10-28,4,0,9.0,14.0,0,105.0,119.538461538,80.0,1.05341026779,170.0,23.480320351,130.0
2016-10-29,5,1,7.0,11.0,0,106.0,119.615384615,80.0,1.11062654456,170.0,23.5128065319,144.0
2016-10-30,6,1,9.0,15.0,0,106.0,121.692307692,80.0,1.13633119201,161.0,24.3670162164,158.0
2016-10-31,0,0,9.0,14.0,0,107.0,127.076923077,80.0,1.20250521921,161.0,24.0590988336,133.0
