time_stamp,dayofweek,holiday,lt,ht,sunny,m2M,w2A,m1L,d3w3,m1Lar,w2Std,pay_sum
2016-08-01,0,0,27.0,37.0,1,81.0,100.076923077,29.0,1.13056528264,149.0,19.6408582707,83.0
2016-08-02,1,0,26.0,36.0,0,82.0,99.6153846154,29.0,1.06386526597,149.0,19.9635763003,84.0
2016-08-03,2,0,25.0,31.0,0,82.0,99.6923076923,29.0,0.904690368887,149.0,19.9012354289,111.0
2016-08-04,3,0,25.0,29.0,0,82.0,101.307692308,29.0,0.911624856534,149.0,19.9012354289,81.0
2016-08-05,4,0,25.0,31.0,0,82.0,99.8461538462,73.0,0.910440376051,149.0,20.6280099113,106.0
2016-08-06,5,1,24.0,32.0,0,82.0,96.5384615385,75.0,0.996322300234,149.0,15.2194985494,121.0
2016-08-07,6,1,25.0,32.0,0,83.0,97.8461538462,75.0,1.03078982597,149.0,16.4823735868,141.0
2016-08-08,0,0,26.0,32.0,0,83.0,101.538461538,75.0,1.2097304405,149.0,19.9869780092,113.0
2016-08-09,1,0,26.0,32.0,0,83.0,104.461538462,75.0,1.21832358674,149.0,18.6242826795,165.0
2016-08-10,2,0,26.0,34.0,0,83.0,110.923076923,75.0,1.30896594814,165.0,23.3385173165,96.0
2016-08-11,3,0,27.0,35.0,0,83.0,110.769230769,75.0,1.16510903427,165.0,23.4296125781,93.0
2016-08-12,4,0,28.0,38.0,1,84.0,110.0,75.0,1.10642287857,165.0,23.8327505756,86.0
2016-08-13,5,1,28.0,37.0,1,84.0,106.461538462,75.0,0.885668276973,165.0,23.7182674961,112.0
2016-08-14,6,1,28.0,37.0,1,86.0,107.076923077,75.0,0.933589990375,165.0,23.7501790713,102.0
2016-08-15,0,0,28.0,37.0,1,86.0,108.538461538,75.0,0.958313368471,165.0,22.7887130788,97.0
2016-08-16,1,0,27.0,37.0,1,86.0,109.538461538,75.0,0.983088351509,165.0,21.9601575748,98.0
2016-08-17,2,0,27.0,36.0,1,86.0,108.538461538,75.0,0.931326434619,165.0,22.165862126,102.0
2016-08-18,3,0,28.0,37.0,1,89.0,110.153846154,75.0,0.929577464789,165.0,20.8247122202,92.0
2016-08-19,4,0,27.0,37.0,1,90.0,109.076923077,75.0,0.918672329715,165.0,21.3666222033,89.0
2016-08-20,5,1,26.0,36.0,1,90.0,106.615384615,75.0,0.908798972383,165.0,21.6920349137,117.0
2016-08-21,6,1,26.0,34.0,1,92.0,104.769230769,75.0,0.951013243976,165.0,19.6082943445,126.0
2016-08-22,0,0,27.0,33.0,1,92.0,105.769230769,75.0,1.03814884303,165.0,20.3210911509,96.0
2016-08-23,1,0,27.0,34.0,1,92.0,100.461538462,75.0,1.05410447761,165.0,11.0566052977,109.0
2016-08-24,2,0,27.0,34.0,1,93.0,101.461538462,75.0,1.03018985372,165.0,11.1948847152,87.0
2016-08-25,3,0,24.0,35.0,0,93.0,101.0,81.0,0.90626939789,165.0,11.6487041207,84.0
2016-08-26,4,0,21.0,27.0,0,93.0,100.846153846,81.0,0.87801818752,165.0,11.8571377649,119.0
2016-08-27,5,1,18.0,27.0,1,93.0,101.384615385,81.0,0.910232266164,165.0,12.4933118202,141.0
2016-08-28,6,1,18.0,30.0,1,93.0,104.384615385,81.0,1.07972379159,165.0,16.3638365895,118.0
2016-08-29,0,0,19.0,31.0,1,94.0,106.0,81.0,1.18365429779,165.0,16.5900804468,85.0
2016-08-30,1,0,20.0,31.0,1,94.0,105.0,81.0,1.11924516024,165.0,17.4135225968,95.0
2016-08-31,2,0,21.0,32.0,1,95.0,104.461538462,81.0,0.970052083333,165.0,17.605136421,83.0
2016-09-01,3,0,21.0,31.0,1,95.0,103.769230769,81.0,0.860320575728,165.0,18.2468283699,100.0
2016-09-02,4,0,22.0,33.0,1,96.0,104.615384615,81.0,0.90318388564,165.0,17.791694093,114.0
2016-09-03,5,1,22.0,33.0,1,96.0,104.384615385,83.0,0.963972736125,165.0,17.6484406003,121.0
2016-09-04,6,1,22.0,31.0,1,97.0,104.0,83.0,1.07734362438,165.0,17.2225255005,126.0
2016-09-05,0,0,23.0,32.0,1,98.0,106.307692308,83.0,1.14494132572,165.0,17.9888196705,89.0
2016-09-06,1,0,21.0,31.0,1,98.0,104.769230769,83.0,1.07023411371,165.0,18.5395786449,83.0
2016-09-07,2,0,23.0,32.0,1,98.0,104.461538462,83.0,0.957891353263,165.0,18.8623164603,83.0
2016-09-08,3,0,22.0,32.0,1,98.0,104.384615385,83.0,0.823244552058,141.0,18.9474514687,109.0
2016-09-09,4,0,21.0,31.0,0,98.0,103.615384615,83.0,0.87929656275,141.0,18.5370251598,90.0
2016-09-10,5,1,22.0,32.0,1,98.0,99.6923076923,83.0,0.913508260447,141.0,15.3291307164,106.0
2016-09-11,6,1,20.0,31.0,1,100.0,98.7692307692,83.0,0.997710173373,141.0,14.5398859701,129.0
2016-09-12,0,0,22.0,33.0,1,100.0,102.153846154,83.0,1.04619346531,141.0,15.9896416174,80.0
2016-09-13,1,0,21.0,32.0,1,100.0,101.0,80.0,1.02840352595,141.0,16.9750948791,94.0
2016-09-14,2,0,21.0,31.0,1,100.0,101.846153846,80.0,0.985846754514,141.0,16.3182114114,99.0
2016-09-15,3,1,23.0,31.0,0,99.0,101.769230769,80.0,0.881782945736,141.0,16.329086112,89.0
2016-09-16,4,1,22.0,30.0,0,98.0,99.8461538462,80.0,0.924287118977,141.0,16.2473484409,110.0
2016-09-17,5,1,21.0,32.0,1,99.0,99.0,80.0,0.991845564986,141.0,15.3873074568,86.0
2016-09-18,6,0,20.0,31.0,1,99.0,95.9230769231,80.0,0.963977676306,141.0,13.572945593,95.0
2016-09-19,0,0,18.0,29.0,1,99.0,96.3846153846,80.0,0.97930338213,141.0,13.4309542678,83.0
2016-09-20,1,0,18.0,27.0,1,98.0,96.3846153846,80.0,0.893854748603,141.0,13.4309542678,81.0
2016-09-21,2,0,17.0,28.0,1,98.0,96.2307692308,80.0,0.877817319098,141.0,13.5938552077,82.0
2016-09-22,3,0,17.0,30.0,1,97.0,94.1538461538,80.0,0.841457157517,141.0,13.546763189,76.0
2016-09-23,4,0,18.0,31.0,1,97.0,93.0769230769,76.0,0.833769405198,141.0,14.3658866146,103.0
2016-09-24,5,1,22.0,32.0,1,98.0,92.8461538462,76.0,0.919175911252,141.0,14.1793248936,119.0
2016-09-25,6,1,23.0,30.0,1,98.0,92.0769230769,76.0,1.05337575115,141.0,12.3504066483,96.0
2016-09-26,0,0,23.0,33.0,1,98.0,93.3076923077,76.0,1.11991547808,129.0,11.8735945914,73.0
2016-09-27,1,0,22.0,32.0,1,97.0,91.6923076923,73.0,1.01964949549,129.0,13.0406737402,87.0
2016-09-28,2,0,16.0,25.0,0,96.0,90.7692307692,73.0,0.90443384561,129.0,12.914832535,57.0
2016-09-29,3,0,15.0,18.0,0,96.0,88.3076923077,57.0,0.788374205268,129.0,15.7547776167,67.0
2016-09-30,4,0,17.0,20.0,0,96.0,85.0,57.0,0.776306107432,129.0,15.3622914957,86.0
2016-10-01,5,1,17.0,20.0,0,96.0,85.0,57.0,0.78125,129.0,15.3622914957,72.0
2016-10-02,6,1,16.0,23.0,0,96.0,83.2307692308,57.0,0.864553314121,129.0,15.4330008356,105.0
2016-10-03,0,1,18.0,29.0,1,96.0,84.9230769231,57.0,0.996212121212,129.0,16.4852453306,112.0
2016-10-04,1,1,17.0,30.0,1,96.0,87.3076923077,57.0,1.08361454818,129.0,17.9245625003,122.0
2016-10-05,2,1,18.0,30.0,1,96.0,90.3846153846,57.0,1.25485841199,129.0,20.0558392093,98.0
2016-10-06,3,1,19.0,29.0,1,96.0,92.0769230769,57.0,1.22283609576,129.0,19.6956127034,100.0
2016-10-07,4,1,19.0,27.0,1,96.0,91.8461538462,57.0,1.18518518519,129.0,19.5835337184,116.0
2016-10-08,5,0,16.0,26.0,1,96.0,91.6153846154,57.0,1.14389799636,129.0,19.277481728,86.0
2016-10-09,6,0,16.0,24.0,1,96.0,90.8461538462,57.0,1.10561962292,129.0,19.2866879313,76.0
2016-10-10,0,0,16.0,23.0,1,96.0,91.0769230769,57.0,1.0216832047,129.0,19.0887060385,75.0
2016-10-11,1,0,16.0,21.0,1,96.0,90.1538461538,57.0,0.87389380531,122.0,19.5481502326,64.0
2016-10-12,2,0,16.0,19.0,1,95.0,90.6923076923,57.0,0.800744878957,122.0,18.7057564788,60.0
2016-10-13,3,0,15.0,18.0,0,95.0,90.1538461538,57.0,0.747839158211,122.0,19.4653386378,70.0
2016-10-14,4,0,15.0,19.0,1,94.0,88.9230769231,57.0,0.742868083477,122.0,20.1817188353,88.0
2016-10-15,5,1,16.0,23.0,1,92.0,90.1538461538,57.0,0.849902534113,122.0,19.5913880368,127.0
2016-10-16,6,1,16.0,24.0,1,92.0,91.8461538462,57.0,1.09132682366,127.0,21.6434255566,99.0
2016-10-17,0,0,16.0,23.0,1,94.0,90.8461538462,57.0,1.18468213545,127.0,20.9792797187,69.0
2016-10-18,1,0,18.0,25.0,1,94.0,86.7692307692,57.0,1.12445206785,127.0,19.6357360488,67.0
2016-10-19,2,0,18.0,24.0,0,90.0,84.3846153846,57.0,0.890657570589,127.0,20.0059162847,87.0
2016-10-20,3,0,19.0,23.0,0,89.0,83.3846153846,57.0,0.835675473112,127.0,19.519372868,72.0
2016-10-21,4,0,18.0,24.0,0,89.0,80.0,57.0,0.853635505194,127.0,17.2537621316,92.0
2016-10-22,5,1,16.0,21.0,0,89.0,80.4615384615,57.0,0.937441643324,127.0,17.4867659174,125.0
2016-10-23,6,1,15.0,18.0,1,89.0,84.2307692308,57.0,1.06740535549,127.0,21.0389888838,88.0
2016-10-24,0,0,12.0,16.0,0,89.0,85.2307692308,57.0,1.14168070372,127.0,20.8848632936,73.0
2016-10-25,1,0,12.0,16.0,0,89.0,85.9230769231,57.0,1.10084680523,127.0,20.310897183,61.0
2016-10-26,2,0,13.0,16.0,0,88.0,86.0,57.0,0.873156342183,127.0,20.2142371762,64.0
2016-10-27,3,0,12.0,16.0,0,88.0,85.5384615385,57.0,0.795660036166,127.0,20.6383339541,83.0
2016-10-28,4,0,9.0,14.0,0,88.0,85.1538461538,60.0,0.852808528085,127.0,20.6354666826,83.0
2016-10-29,5,1,7.0,11.0,0,87.0,81.7692307692,60.0,0.944752515917,127.0,16.7339077516,54.0
2016-10-30,6,1,9.0,15.0,0,87.0,78.3076923077,54.0,0.916094107849,127.0,17.4505217704,97.0
2016-10-31,0,0,9.0,14.0,0,87.0,80.4615384615,54.0,0.961182994455,127.0,17.8911898586,57.0
