time_stamp,dayofweek,holiday,lt,ht,sunny,m2M,w2A,m1L,d3w3,m1Lar,w2Std,pay_sum
2016-08-01,0,0,27.0,33.0,0,82.0,72.4615384615,17.0,0.627720504009,113.0,33.8676505161,101.0
2016-08-02,1,0,26.0,32.0,0,87.0,74.3846153846,17.0,0.657534246575,113.0,34.7131951448,87.0
2016-08-03,2,0,26.0,34.0,0,87.0,73.1538461538,17.0,0.964791952446,113.0,33.9521068879,100.0
2016-08-04,3,0,26.0,33.0,0,89.0,73.3076923077,17.0,1.3070115725,113.0,34.0686741188,82.0
2016-08-05,4,0,26.0,35.0,1,89.0,71.9230769231,17.0,1.23253150057,113.0,33.3131102362,95.0
2016-08-06,5,1,26.0,34.0,0,89.0,77.3076923077,17.0,1.20460969776,113.0,30.8604417322,24.0
2016-08-07,6,1,26.0,33.0,0,89.0,77.1538461538,17.0,0.872395833333,113.0,31.1197344112,17.0
2016-08-08,0,0,26.0,32.0,0,89.0,69.7692307692,17.0,0.626151012891,113.0,33.0667247248,89.0
2016-08-09,1,0,26.0,29.0,0,89.0,70.3846153846,17.0,0.593201003879,113.0,33.3432923979,74.0
2016-08-10,2,0,27.0,33.0,0,89.0,69.3846153846,17.0,0.837988826816,113.0,33.023391387,88.0
2016-08-11,3,0,27.0,33.0,0,89.0,68.7692307692,17.0,1.17674636662,113.0,32.5934251184,79.0
2016-08-12,4,0,27.0,33.0,0,89.0,67.6153846154,17.0,1.14679990483,113.0,31.9387357332,86.0
2016-08-13,5,1,26.0,31.0,0,89.0,72.6923076923,17.0,1.15367077063,113.0,29.0844516098,31.0
2016-08-14,6,1,27.0,34.0,0,88.0,73.3076923077,17.0,0.890706657578,113.0,28.0943044197,17.0
2016-08-15,0,0,27.0,35.0,1,87.0,66.8461538462,17.0,0.651592511549,113.0,30.5358456543,96.0
2016-08-16,1,0,26.0,34.0,1,88.0,67.5384615385,17.0,0.692640692641,113.0,31.0820635505,83.0
2016-08-17,2,0,27.0,34.0,1,88.0,66.2307692308,17.0,0.945489628558,113.0,30.0285859862,87.0
2016-08-18,3,0,27.0,34.0,1,88.0,66.6153846154,17.0,1.29157562515,113.0,30.2592349833,98.0
2016-08-19,4,0,27.0,35.0,1,88.0,66.8461538462,17.0,1.29750665698,113.0,30.4854218725,81.0
2016-08-20,5,1,27.0,35.0,1,88.0,71.2307692308,17.0,1.23319425127,113.0,28.0059165347,25.0
2016-08-21,6,1,26.0,34.0,0,87.0,71.8461538462,17.0,0.944444444444,113.0,26.8724799286,20.0
2016-08-22,0,0,27.0,35.0,1,87.0,66.5384615385,17.0,0.618101545254,113.0,29.6326622928,96.0
2016-08-23,1,0,27.0,36.0,1,87.0,68.2307692308,17.0,0.687134502924,113.0,30.6221484604,86.0
2016-08-24,2,0,27.0,35.0,1,87.0,68.0769230769,17.0,0.994583948794,101.0,30.5273182537,98.0
2016-08-25,3,0,27.0,36.0,1,87.0,69.5384615385,17.0,1.36253041363,101.0,31.4559897307,90.0
2016-08-26,4,0,27.0,36.0,1,87.0,69.8461538462,17.0,1.33821733822,101.0,31.6345627776,80.0
2016-08-27,5,1,25.0,34.0,0,87.0,73.6153846154,17.0,1.25733051841,101.0,29.6376539649,30.0
2016-08-28,6,1,22.0,32.0,1,87.0,74.6153846154,17.0,0.92980009298,101.0,27.8775853207,22.0
2016-08-29,0,0,23.0,33.0,1,87.0,68.9230769231,17.0,0.643745427944,101.0,30.373220843,104.0
2016-08-30,1,0,23.0,33.0,1,87.0,70.5384615385,17.0,0.744452397996,104.0,31.6121091322,76.0
2016-08-31,2,0,25.0,33.0,1,87.0,69.6923076923,17.0,0.972322503008,104.0,31.3058967544,79.0
2016-09-01,3,0,25.0,29.0,0,87.0,68.2307692308,17.0,1.24669073406,104.0,30.3800386037,107.0
2016-09-02,4,0,23.0,32.0,1,87.0,70.2307692308,17.0,1.24229492651,107.0,31.9691049083,96.0
2016-09-03,5,1,23.0,34.0,1,87.0,75.6923076923,17.0,1.2780421482,107.0,29.7641617628,21.0
2016-09-04,6,1,24.0,32.0,1,87.0,75.7692307692,17.0,1.01242937853,107.0,29.6210783737,12.0
2016-09-05,0,0,25.0,31.0,0,86.0,69.3076923077,12.0,0.618260244428,107.0,33.4212843637,112.0
2016-09-06,1,0,25.0,32.0,0,86.0,71.3076923077,12.0,0.680751173709,112.0,35.0963171756,72.0
2016-09-07,2,0,24.0,31.0,0,86.0,69.3076923077,12.0,0.930011862396,112.0,34.2488284255,95.0
2016-09-08,3,0,23.0,32.0,1,87.0,69.6923076923,12.0,1.32667617689,112.0,34.50615244,94.0
2016-09-09,4,0,24.0,31.0,1,87.0,70.7692307692,12.0,1.2296819788,112.0,35.0256034839,113.0
2016-09-10,5,1,24.0,29.0,1,87.0,77.1538461538,12.0,1.33954313595,113.0,34.5739923461,23.0
2016-09-11,6,1,21.0,24.0,0,86.0,77.2307692308,12.0,1.01814962373,113.0,34.4520934859,11.0
2016-09-12,0,0,21.0,27.0,1,86.0,70.0769230769,11.0,0.689655172414,113.0,37.6572835706,94.0
2016-09-13,1,0,22.0,25.0,0,86.0,71.4615384615,11.0,0.597154187077,113.0,38.1769471008,90.0
2016-09-14,2,0,23.0,25.0,0,86.0,72.3076923077,11.0,0.9148486981,113.0,38.4555379935,72.0
2016-09-15,3,1,24.0,26.0,0,86.0,69.6153846154,11.0,1.21644095985,113.0,37.1349689263,11.0
2016-09-16,4,1,24.0,30.0,0,86.0,63.0769230769,11.0,0.864567716142,113.0,39.3318456577,13.0
2016-09-17,5,1,24.0,30.0,0,86.0,62.4615384615,11.0,0.485952923311,113.0,40.041546471,14.0
2016-09-18,6,0,23.0,30.0,1,83.0,62.6153846154,11.0,0.193531958238,113.0,39.8507570849,107.0
2016-09-19,0,0,20.0,30.0,1,83.0,62.2307692308,11.0,0.680894308943,113.0,39.393778982,94.0
2016-09-20,1,0,20.0,29.0,1,83.0,63.9230769231,11.0,1.07769423559,113.0,40.2405488922,68.0
2016-09-21,2,0,20.0,28.0,1,83.0,61.8461538462,11.0,1.35961587061,113.0,39.2680064602,103.0
2016-09-22,3,0,21.0,29.0,1,86.0,62.5384615385,11.0,1.34347275032,113.0,39.9029888694,81.0
2016-09-23,4,0,20.0,29.0,1,83.0,60.0769230769,11.0,1.29230769231,113.0,37.6368508829,104.0
2016-09-24,5,1,21.0,30.0,1,86.0,66.3076923077,11.0,1.38828633406,113.0,37.6877548271,36.0
2016-09-25,6,1,22.0,32.0,1,83.0,68.2307692308,11.0,1.04714522625,113.0,35.383946482,16.0
2016-09-26,0,0,25.0,32.0,1,82.0,62.2307692308,11.0,0.793287566743,113.0,37.0781997865,125.0
2016-09-27,1,0,25.0,29.0,0,82.0,64.9230769231,11.0,0.865102639296,125.0,40.1410235937,90.0
2016-09-28,2,0,25.0,27.0,0,83.0,66.3076923077,11.0,1.1331861663,125.0,40.6682348454,95.0
2016-09-29,3,0,26.0,29.0,0,86.0,72.7692307692,11.0,1.51960784314,125.0,37.9496708127,89.0
2016-09-30,4,0,25.0,30.0,0,86.0,78.6153846154,11.0,1.36726546906,125.0,33.9332794705,91.0
2016-10-01,5,1,24.0,31.0,1,86.0,84.5384615385,11.0,1.30579297246,125.0,28.4080578618,15.0
2016-10-02,6,1,23.0,32.0,1,83.0,77.4615384615,11.0,0.923295454545,125.0,33.0165818121,13.0
2016-10-03,0,1,23.0,30.0,1,83.0,71.2307692308,11.0,0.597839738759,125.0,36.7405746074,6.0
2016-10-04,1,1,22.0,32.0,1,81.0,66.4615384615,6.0,0.182354518638,125.0,40.6648882464,10.0
2016-10-05,2,1,24.0,30.0,1,81.0,59.3076923077,6.0,0.163703076489,125.0,41.7729846734,13.0
2016-10-06,3,1,24.0,28.0,0,81.0,54.0769230769,6.0,0.163426317272,125.0,42.9695089363,17.0
2016-10-07,4,1,22.0,26.0,0,81.0,47.3846153846,6.0,0.224655995507,125.0,41.4200591716,17.0
2016-10-08,5,0,19.0,26.0,0,81.0,45.9230769231,6.0,0.263305322129,125.0,42.125200823,85.0
2016-10-09,6,0,18.0,24.0,1,81.0,51.2307692308,6.0,0.679223744292,125.0,42.3668118409,83.0
2016-10-10,0,0,19.0,21.0,0,81.0,48.0,6.0,1.06597522328,125.0,37.9939266402,101.0
2016-10-11,1,0,18.0,22.0,0,81.0,48.8461538462,6.0,1.50700280112,125.0,39.0282859038,88.0
2016-10-12,2,0,17.0,23.0,1,83.0,48.3076923077,6.0,1.54326241135,125.0,38.4315267524,97.0
2016-10-13,3,0,19.0,26.0,1,83.0,48.9230769231,6.0,1.60089560593,125.0,39.1357824434,103.0
2016-10-14,4,0,21.0,27.0,1,83.0,49.8461538462,6.0,1.61344537815,125.0,40.2431956099,74.0
2016-10-15,5,1,20.0,23.0,0,83.0,54.3846153846,6.0,1.4875135722,125.0,39.374998826,22.0
2016-10-16,6,1,22.0,27.0,0,81.0,55.0769230769,6.0,1.07509454349,125.0,38.7148580869,20.0
2016-10-17,0,0,22.0,27.0,1,81.0,56.1538461538,6.0,0.68497195158,125.0,37.5107085302,92.0
2016-10-18,1,0,21.0,25.0,0,81.0,62.4615384615,6.0,0.789861479517,125.0,36.0866806552,72.0
2016-10-19,2,0,22.0,25.0,0,81.0,67.0,6.0,1.10709987966,125.0,33.173205128,80.0
2016-10-20,3,0,22.0,25.0,0,81.0,71.8461538462,6.0,1.48013345466,125.0,29.9611187884,87.0
2016-10-21,4,0,24.0,27.0,0,81.0,77.2307692308,6.0,1.45509893455,125.0,25.5919273515,77.0
2016-10-22,5,1,23.0,28.0,0,80.0,76.6153846154,6.0,1.40593488908,125.0,25.4937049893,19.0
2016-10-23,6,1,20.0,27.0,1,80.0,71.6923076923,6.0,1.04901117799,125.0,29.6294671812,20.0
2016-10-24,0,0,20.0,26.0,1,79.0,65.4615384615,6.0,0.657037666383,125.0,31.2818831437,96.0
2016-10-25,1,0,23.0,28.0,1,79.0,66.0769230769,6.0,0.712589073634,125.0,31.793713792,73.0
2016-10-26,2,0,23.0,29.0,1,79.0,64.2307692308,6.0,0.952380952381,103.0,30.6196363495,73.0
2016-10-27,3,0,23.0,29.0,1,79.0,61.9230769231,6.0,1.16992990089,103.0,28.679828179,87.0
2016-10-28,4,0,19.0,30.0,0,79.0,62.9230769231,6.0,1.0720036807,103.0,29.3033511826,85.0
2016-10-29,5,1,17.0,23.0,0,80.0,67.7692307692,6.0,1.12721417069,103.0,27.27397702,28.0
2016-10-30,6,1,15.0,23.0,1,80.0,68.3846153846,6.0,0.956480153037,103.0,26.2606416863,15.0
2016-10-31,0,0,16.0,24.0,1,77.0,62.4615384615,6.0,0.652395514781,103.0,28.8247099782,69.0
