time_stamp,dayofweek,holiday,lt,ht,sunny,m2M,w2A,m1L,d3w3,m1Lar,w2Std,pay_sum
2016-08-01,0,0,27.0,34.0,0,89.0,104.230769231,78.0,0.9426987061,135.0,12.2609690052,137.0
2016-08-02,1,0,27.0,34.0,0,91.0,107.384615385,80.0,1.00814507454,137.0,14.7572066438,105.0
2016-08-03,2,0,25.0,32.0,0,91.0,107.615384615,80.0,1.06280193237,137.0,14.6945225878,115.0
2016-08-04,3,0,25.0,32.0,0,91.0,109.461538462,86.0,1.1131898971,137.0,13.9813908443,144.0
2016-08-05,4,0,26.0,34.0,1,92.0,110.769230769,86.0,1.11931119311,144.0,16.1823923598,116.0
2016-08-06,5,1,27.0,33.0,0,92.0,112.0,86.0,1.13895216401,144.0,15.9228911175,128.0
2016-08-07,6,1,26.0,32.0,0,92.0,113.153846154,86.0,1.16621581004,144.0,16.4870399165,111.0
2016-08-08,0,0,26.0,33.0,0,92.0,114.153846154,86.0,1.07040554802,144.0,15.9221478733,120.0
2016-08-09,1,0,26.0,31.0,0,94.0,114.692307692,86.0,1.07084265474,144.0,15.9922318421,91.0
2016-08-10,2,0,26.0,33.0,1,94.0,115.076923077,86.0,0.965227817746,144.0,15.344563249,119.0
2016-08-11,3,0,27.0,34.0,1,96.0,114.769230769,86.0,0.976909413854,144.0,15.2222198227,119.0
2016-08-12,4,0,27.0,34.0,1,96.0,115.076923077,86.0,0.977421271539,144.0,15.2641436982,115.0
2016-08-13,5,1,26.0,33.0,1,98.0,116.846153846,86.0,1.04175889036,144.0,13.7440681126,98.0
2016-08-14,6,1,26.0,33.0,1,98.0,116.769230769,86.0,0.98633392751,144.0,13.8461538462,106.0
2016-08-15,0,0,26.0,34.0,1,98.0,114.384615385,86.0,0.944345766726,144.0,12.7854392033,100.0
2016-08-16,1,0,27.0,35.0,1,99.0,114.0,86.0,0.905165996725,144.0,13.1324612492,128.0
2016-08-17,2,0,27.0,35.0,1,100.0,115.0,86.0,0.976180037995,144.0,13.6550920342,127.0
2016-08-18,3,0,27.0,35.0,1,100.0,113.692307692,86.0,1.03574033552,144.0,11.4514669224,111.0
2016-08-19,4,0,27.0,35.0,1,102.0,113.307692308,86.0,1.06970626918,144.0,11.4514669224,98.0
2016-08-20,5,1,27.0,37.0,1,102.0,111.0,86.0,0.979449059904,144.0,11.2796617516,105.0
2016-08-21,6,1,26.0,34.0,1,105.0,110.538461538,86.0,0.912923390028,144.0,11.3924089748,116.0
2016-08-22,0,0,26.0,35.0,1,105.0,110.230769231,86.0,0.93603286385,144.0,11.1848375811,121.0
2016-08-23,1,0,25.0,34.0,1,105.0,112.538461538,86.0,0.996503496503,144.0,10.0124183248,105.0
2016-08-24,2,0,25.0,34.0,1,105.0,111.461538462,86.0,1.00087796313,144.0,10.0124183248,121.0
2016-08-25,3,0,25.0,34.0,1,105.0,111.615384615,86.0,1.0258684405,144.0,10.141601008,110.0
2016-08-26,4,0,26.0,34.0,1,106.0,111.230769231,91.0,0.995998221432,144.0,10.1006766426,79.0
2016-08-27,5,1,23.0,31.0,1,106.0,109.769230769,79.0,0.939393939394,144.0,12.8969516145,81.0
2016-08-28,6,1,22.0,30.0,1,106.0,107.846153846,79.0,0.829493087558,144.0,15.0069017652,73.0
2016-08-29,0,0,22.0,30.0,1,106.0,105.769230769,73.0,0.731669021824,144.0,17.5943778002,102.0
2016-08-30,1,0,19.0,32.0,1,106.0,103.769230769,73.0,0.799750078101,144.0,16.3902121174,88.0
2016-08-31,2,0,23.0,33.0,1,106.0,100.769230769,73.0,0.833729592645,144.0,15.4030658594,104.0
2016-09-01,3,0,23.0,32.0,1,106.0,100.230769231,73.0,0.938697318008,144.0,15.1563840124,74.0
2016-09-02,4,0,23.0,33.0,1,106.0,98.3846153846,73.0,0.866308418824,144.0,16.6988643628,61.0
2016-09-03,5,1,22.0,32.0,1,106.0,95.0,61.0,0.792703150912,128.0,19.2753329813,83.0
2016-09-04,6,1,24.0,31.0,0,105.0,92.4615384615,61.0,0.731420902533,128.0,18.4999600191,58.0
2016-09-05,0,0,23.0,30.0,0,105.0,87.6153846154,58.0,0.692373607541,128.0,18.6404789536,87.0
2016-09-06,1,0,23.0,29.0,0,105.0,86.2307692308,58.0,0.798319327731,128.0,17.9535890826,87.0
2016-09-07,2,0,21.0,26.0,0,105.0,83.6153846154,58.0,0.829756795422,128.0,14.9179213934,82.0
2016-09-08,3,0,20.0,29.0,1,105.0,81.4615384615,58.0,0.930063578565,128.0,12.8279465628,95.0
2016-09-09,4,0,22.0,31.0,1,105.0,82.6923076923,58.0,0.960698689956,128.0,13.2918981418,100.0
2016-09-10,5,1,23.0,28.0,1,105.0,84.1538461538,58.0,1.01076445904,128.0,14.0485211587,99.0
2016-09-11,6,1,21.0,26.0,0,105.0,86.1538461538,58.0,1.08287292818,128.0,14.1684707054,65.0
2016-09-12,0,0,21.0,26.0,0,104.0,83.3076923077,58.0,1.00342075257,128.0,14.4135866213,80.0
2016-09-13,1,0,22.0,26.0,0,102.0,82.6923076923,58.0,0.940813572393,128.0,14.3708284403,75.0
2016-09-14,2,0,22.0,26.0,0,102.0,80.4615384615,58.0,0.871459694989,128.0,13.0832563849,75.0
2016-09-15,3,1,24.0,26.0,0,102.0,80.5384615385,58.0,0.930420711974,127.0,13.0479316641,30.0
2016-09-16,4,1,24.0,29.0,0,100.0,78.1538461538,30.0,0.750469043152,121.0,18.211771991,47.0
2016-09-17,5,1,23.0,28.0,0,100.0,75.3846153846,30.0,0.647497337593,121.0,19.9211463276,73.0
2016-09-18,6,0,22.0,26.0,0,100.0,76.5384615385,30.0,0.638977635783,121.0,19.305700173,72.0
2016-09-19,0,0,20.0,26.0,1,100.0,75.3846153846,30.0,0.833876221498,121.0,19.0930452966,75.0
2016-09-20,1,0,19.0,26.0,1,100.0,74.4615384615,30.0,0.963644327639,121.0,18.7969530453,87.0
2016-09-21,2,0,19.0,26.0,1,99.0,74.8461538462,30.0,1.0365448505,121.0,18.9973526651,97.0
2016-09-22,3,0,18.0,27.0,1,99.0,75.0,30.0,1.13001745201,121.0,19.1672798118,77.0
2016-09-23,4,0,21.0,28.0,1,99.0,73.2307692308,30.0,1.12694300518,110.0,17.7900311158,97.0
2016-09-24,5,1,20.0,29.0,1,98.0,73.0769230769,30.0,1.15960633291,104.0,17.573850935,53.0
2016-09-25,6,1,21.0,30.0,1,98.0,72.1538461538,30.0,0.974458038206,104.0,18.2750193259,28.0
2016-09-26,0,0,24.0,30.0,1,98.0,68.1538461538,28.0,0.794288264168,104.0,21.5222466437,77.0
2016-09-27,1,0,24.0,31.0,0,97.0,68.3076923077,28.0,0.709793351303,104.0,21.5777114898,80.0
2016-09-28,2,0,23.0,29.0,0,97.0,68.6923076923,28.0,0.832208726946,104.0,21.7375414907,74.0
2016-09-29,3,0,23.0,27.0,0,97.0,72.0769230769,28.0,1.05407255305,104.0,18.6566611675,69.0
2016-09-30,4,0,25.0,31.0,0,95.0,73.7692307692,28.0,1.03962703963,100.0,17.2499892805,78.0
2016-10-01,5,1,24.0,32.0,1,91.0,74.1538461538,28.0,1.04565885971,100.0,17.284257639,37.0
2016-10-02,6,1,23.0,32.0,1,88.0,71.4615384615,28.0,0.888245232923,100.0,19.9330239499,52.0
2016-10-03,0,1,22.0,27.0,0,87.0,69.6923076923,28.0,0.822862774082,100.0,20.5515659721,63.0
2016-10-04,1,1,22.0,26.0,0,87.0,67.8461538462,28.0,0.755654983843,100.0,19.9840172825,70.0
2016-10-05,2,1,22.0,26.0,1,87.0,65.7692307692,28.0,0.923153692615,100.0,18.1665535708,72.0
2016-10-06,3,1,23.0,27.0,0,83.0,65.3846153846,28.0,0.991775520077,100.0,17.9766449404,74.0
2016-10-07,4,1,21.0,26.0,0,82.0,63.6153846154,28.0,1.02491103203,100.0,15.7750458321,77.0
2016-10-08,5,0,19.0,22.0,0,81.0,65.4615384615,28.0,1.05512183582,100.0,15.8289675285,84.0
2016-10-09,6,0,18.0,20.0,1,81.0,69.7692307692,28.0,1.10250996951,99.0,12.267241218,86.0
2016-10-10,0,0,18.0,21.0,1,81.0,70.4615384615,28.0,1.14990689013,97.0,12.8937395937,103.0
2016-10-11,1,0,19.0,23.0,1,81.0,72.2307692308,28.0,1.25690607735,103.0,15.4130506447,94.0
2016-10-12,2,0,19.0,24.0,1,81.0,73.7692307692,28.0,1.30565167243,103.0,16.4744737101,115.0
2016-10-13,3,0,19.0,24.0,1,81.0,77.3076923077,28.0,1.40256237357,115.0,19.6953122708,109.0
2016-10-14,4,0,20.0,24.0,0,81.0,79.6923076923,28.0,1.41806020067,115.0,21.4346398846,96.0
2016-10-15,5,1,20.0,24.0,1,81.0,84.2307692308,28.0,1.3870827915,115.0,17.863386905,89.0
2016-10-16,6,1,21.0,26.0,0,81.0,87.0769230769,28.0,1.22576610381,115.0,15.2591034038,84.0
2016-10-17,0,0,20.0,24.0,1,81.0,88.6923076923,28.0,1.11664591117,115.0,13.6516249548,98.0
2016-10-18,1,0,20.0,25.0,1,81.0,90.8461538462,28.0,1.11247947455,115.0,12.7088470327,84.0
2016-10-19,2,0,20.0,24.0,0,81.0,91.7692307692,28.0,1.08527131783,115.0,11.7024247728,89.0
2016-10-20,3,0,23.0,26.0,0,81.0,92.9230769231,28.0,1.09230149133,115.0,10.579090687,90.0
2016-10-21,4,0,23.0,27.0,0,81.0,93.9230769231,28.0,1.05242096839,115.0,9.59536377201,91.0
2016-10-22,5,1,21.0,25.0,0,81.0,94.4615384615,28.0,1.04651162791,115.0,9.21216073055,64.0
2016-10-23,6,1,19.0,22.0,0,80.0,92.7692307692,28.0,0.943033102386,115.0,12.1601736207,77.0
2016-10-24,0,0,20.0,24.0,1,80.0,90.7692307692,28.0,0.885834287896,115.0,12.4477606646,86.0
2016-10-25,1,0,20.0,26.0,1,80.0,90.1538461538,37.0,0.858872493379,115.0,12.4705570405,87.0
2016-10-26,2,0,22.0,28.0,0,80.0,88.0,37.0,0.937910335772,115.0,10.205579168,83.0
2016-10-27,3,0,21.0,26.0,1,82.0,86.0,37.0,0.955580440463,115.0,8.25553427428,92.0
2016-10-28,4,0,17.0,22.0,0,82.0,85.6923076923,37.0,0.969831575051,115.0,7.94582246684,83.0
2016-10-29,5,1,13.0,16.0,0,82.0,85.2307692308,37.0,0.955555555556,115.0,7.91448376424,64.0
2016-10-30,6,1,14.0,19.0,1,80.0,83.6923076923,37.0,0.896137982752,115.0,9.73798759328,62.0
2016-10-31,0,0,14.0,20.0,0,80.0,80.9230769231,52.0,0.802149299559,115.0,10.3734983229,90.0
