time_stamp,dayofweek,holiday,lt,ht,sunny,m2M,w2A,m1L,d3w3,m1Lar,w2Std,pay_sum
2016-08-01,0,0,25.0,29.0,1,149.0,156.615384615,59.0,0.794730590649,232.0,49.3675983142,186.0
2016-08-02,1,0,25.0,31.0,0,149.0,160.461538462,70.0,0.782552918538,232.0,49.5590019528,156.0
2016-08-03,2,0,25.0,30.0,1,154.0,160.0,70.0,0.920593368237,232.0,49.5704626691,206.0
2016-08-04,3,0,25.0,30.0,1,154.0,160.0,70.0,1.18422474338,232.0,49.5704626691,183.0
2016-08-05,4,0,25.0,30.0,1,155.0,160.230769231,70.0,1.17317834463,232.0,49.6699163651,229.0
2016-08-06,5,1,26.0,30.0,0,156.0,169.384615385,70.0,1.27357032457,232.0,50.5272789408,92.0
2016-08-07,6,1,26.0,30.0,1,156.0,170.153846154,70.0,1.0332103321,232.0,49.2510775421,83.0
2016-08-08,0,0,26.0,29.0,0,156.0,159.769230769,70.0,0.849364028172,232.0,52.2113365912,174.0
2016-08-09,1,0,26.0,30.0,1,156.0,161.307692308,75.0,0.725044146671,232.0,52.3132350005,221.0
2016-08-10,2,0,27.0,31.0,1,157.0,163.846153846,75.0,0.975112199102,232.0,54.3094355789,216.0
2016-08-11,3,0,27.0,31.0,1,158.0,162.615384615,75.0,1.24262761847,232.0,52.9143552742,232.0
2016-08-12,4,0,27.0,32.0,1,158.0,166.0,75.0,1.33933933934,232.0,55.7604767665,247.0
2016-08-13,5,1,27.0,31.0,1,161.0,177.307692308,75.0,1.33640996058,247.0,56.1336106849,126.0
2016-08-14,6,1,26.0,31.0,1,161.0,180.846153846,75.0,1.14877053071,247.0,51.1135179378,90.0
2016-08-15,0,0,26.0,32.0,1,161.0,173.461538462,75.0,0.91240516307,247.0,56.4877323436,221.0
2016-08-16,1,0,25.0,32.0,1,161.0,178.461538462,80.0,0.844444444444,247.0,57.5868780254,179.0
2016-08-17,2,0,26.0,30.0,1,162.0,176.384615385,80.0,0.949336433207,247.0,57.0405233301,236.0
2016-08-18,3,0,26.0,31.0,1,162.0,180.461538462,80.0,1.23076923077,247.0,59.2200789554,225.0
2016-08-19,4,0,25.0,30.0,0,164.0,180.153846154,80.0,1.22534941604,247.0,58.9769787601,230.0
2016-08-20,5,1,25.0,29.0,0,165.0,190.769230769,80.0,1.2753783684,247.0,54.3962015729,95.0
2016-08-21,6,1,26.0,30.0,0,164.0,191.692307692,80.0,1.01093649481,247.0,52.6328131279,70.0
2016-08-22,0,0,24.0,32.0,1,164.0,183.692307692,70.0,0.750023734928,247.0,61.8165830569,174.0
2016-08-23,1,0,25.0,31.0,1,164.0,180.076923077,70.0,0.640408047606,247.0,60.8964588316,175.0
2016-08-24,2,0,25.0,31.0,1,165.0,176.923076923,70.0,0.798551553269,247.0,60.0095653125,178.0
2016-08-25,3,0,22.0,30.0,0,166.0,172.769230769,70.0,1.00582116614,247.0,57.88470483,195.0
2016-08-26,4,0,21.0,29.0,1,169.0,168.769230769,70.0,1.05618194083,247.0,54.3027890574,188.0
2016-08-27,5,1,19.0,29.0,1,171.0,173.538461538,70.0,1.05203938115,247.0,53.0451409862,105.0
2016-08-28,6,1,20.0,29.0,1,171.0,174.692307692,70.0,0.909514490728,247.0,51.3515554635,67.0
2016-08-29,0,0,22.0,29.0,1,171.0,162.846153846,67.0,0.691642651297,247.0,56.7787150718,172.0
2016-08-30,1,0,22.0,29.0,1,171.0,162.307692308,67.0,0.670369287733,247.0,56.6560263824,152.0
2016-08-31,2,0,22.0,30.0,1,171.0,155.846153846,67.0,0.776486942707,247.0,52.522297322,192.0
2016-09-01,3,0,22.0,29.0,1,172.0,153.307692308,67.0,1.03708170033,247.0,49.8480531452,189.0
2016-09-02,4,0,21.0,29.0,1,174.0,150.153846154,67.0,1.09031400225,247.0,46.0482124498,192.0
2016-09-03,5,1,23.0,29.0,1,174.0,157.615384615,67.0,1.14887218045,247.0,44.3335928571,91.0
2016-09-04,6,1,23.0,29.0,1,174.0,159.230769231,67.0,0.946081379034,247.0,41.3970527493,79.0
2016-09-05,0,0,23.0,30.0,1,174.0,151.923076923,67.0,0.757956448911,247.0,46.245933773,210.0
2016-09-06,1,0,24.0,30.0,1,175.0,154.615384615,67.0,0.787973043027,247.0,48.4760661985,180.0
2016-09-07,2,0,21.0,26.0,0,177.0,154.769230769,67.0,0.989764693468,247.0,48.5531490639,163.0
2016-09-08,3,0,22.0,29.0,1,177.0,152.307692308,67.0,1.19039931116,247.0,47.2446734733,166.0
2016-09-09,4,0,24.0,30.0,1,175.0,150.615384615,67.0,1.1188042642,247.0,46.3208516953,199.0
2016-09-10,5,1,21.0,27.0,0,177.0,157.846153846,67.0,1.12209116991,247.0,45.9713056889,66.0
2016-09-11,6,1,22.0,27.0,1,175.0,157.769230769,66.0,0.91711884243,236.0,46.1238363975,74.0
2016-09-12,0,0,20.0,28.0,1,174.0,150.230769231,66.0,0.745136828223,236.0,50.9391097234,195.0
2016-09-13,1,0,21.0,27.0,1,175.0,153.538461538,66.0,0.731520908396,236.0,52.3238662777,157.0
2016-09-14,2,0,21.0,28.0,1,175.0,150.846153846,66.0,0.936675461741,236.0,51.1631570474,185.0
2016-09-15,3,1,22.0,27.0,1,178.0,150.538461538,66.0,1.18464592985,236.0,50.9443367195,46.0
2016-09-16,4,1,22.0,27.0,1,178.0,139.307692308,46.0,0.898148148148,230.0,56.3701839019,54.0
2016-09-17,5,1,20.0,29.0,1,178.0,136.461538462,46.0,0.671615411806,230.0,59.580088807,53.0
2016-09-18,6,0,19.0,27.0,1,178.0,134.461538462,46.0,0.362344582593,210.0,61.8678683655,166.0
2016-09-19,0,0,17.0,26.0,1,175.0,131.076923077,46.0,0.64791740833,210.0,58.7687273438,155.0
2016-09-20,1,0,19.0,26.0,1,174.0,129.153846154,46.0,0.886676149834,210.0,57.5323937566,143.0
2016-09-21,2,0,19.0,24.0,1,174.0,127.615384615,46.0,1.11955603812,210.0,56.8703498001,153.0
2016-09-22,3,0,20.0,25.0,1,174.0,126.615384615,46.0,1.10255469991,210.0,56.2980235499,153.0
2016-09-23,4,0,21.0,25.0,1,174.0,123.076923077,46.0,1.11359126984,210.0,52.9854283865,166.0
2016-09-24,5,1,21.0,25.0,1,174.0,130.769230769,46.0,1.13885872844,210.0,51.3751718637,86.0
2016-09-25,6,1,22.0,25.0,1,172.0,131.692307692,46.0,0.974729241877,210.0,50.4462922559,54.0
2016-09-26,0,0,21.0,25.0,1,166.0,120.846153846,46.0,0.780413159908,210.0,50.8252604577,21.0
2016-09-27,1,0,16.0,25.0,1,166.0,110.384615385,21.0,0.437202987101,210.0,56.0364420733,22.0
2016-09-28,2,0,13.0,18.0,1,166.0,97.8461538462,21.0,0.279458369346,210.0,56.1739689972,17.0
2016-09-29,3,0,15.0,22.0,1,166.0,95.6153846154,17.0,0.184757505774,210.0,58.7072770506,5.0
2016-09-30,4,0,16.0,21.0,1,166.0,91.8461538462,5.0,0.14882462371,210.0,62.6956582399,12.0
2016-10-01,5,1,19.0,23.0,1,166.0,88.6923076923,5.0,0.118240306034,210.0,65.537287819,12.0
2016-10-02,6,1,15.0,21.0,0,163.0,76.8461538462,5.0,0.104222821204,210.0,64.401201797,12.0
2016-10-03,0,1,18.0,24.0,1,157.0,65.8461538462,5.0,0.143540669856,210.0,62.2906909379,2.0
2016-10-04,1,1,19.0,25.0,1,155.0,55.0,2.0,0.114260602065,210.0,60.1510918118,2.0
2016-10-05,2,1,16.0,24.0,1,155.0,43.3846153846,2.0,0.07996001999,199.0,54.4108847447,18.0
2016-10-06,3,1,16.0,21.0,1,155.0,33.0,2.0,0.112302194997,199.0,44.4747119159,2.0
2016-10-07,4,1,15.0,22.0,1,153.0,20.3846153846,2.0,0.116959064327,199.0,23.0669209093,2.0
2016-10-08,5,0,12.0,19.0,1,153.0,13.9230769231,2.0,0.121917428651,199.0,13.6069074001,18.0
2016-10-09,6,0,13.0,18.0,1,152.0,11.1538461538,2.0,0.139020537125,195.0,7.4301480868,12.0
2016-10-10,0,0,15.0,19.0,1,143.0,10.4615384615,2.0,0.233918128655,195.0,6.87934908163,4.0
2016-10-11,1,0,15.0,22.0,1,126.0,9.07692307692,2.0,0.293229840448,195.0,6.19505433591,14.0
2016-10-12,2,0,16.0,20.0,1,105.0,8.84615384615,2.0,0.315457413249,185.0,5.94650710464,10.0
2016-10-13,3,0,16.0,22.0,1,105.0,9.23076923077,2.0,0.380176510523,185.0,5.84615384615,3.0
2016-10-14,4,0,17.0,22.0,1,95.0,8.53846153846,2.0,0.548780487805,166.0,6.00788436608,8.0
2016-10-15,5,1,17.0,21.0,1,91.0,8.23076923077,2.0,0.56,166.0,5.92457523507,10.0
2016-10-16,6,1,15.0,19.0,0,86.0,8.07692307692,2.0,0.679611650485,166.0,5.85020102826,1.0
2016-10-17,0,0,16.0,23.0,1,79.0,8.0,1.0,0.681003584229,166.0,5.93555129965,18.0
2016-10-18,1,0,16.0,21.0,1,74.0,9.23076923077,1.0,1.06227106227,166.0,6.2160319541,12.0
2016-10-19,2,0,16.0,22.0,1,70.0,8.76923076923,1.0,1.16760828625,166.0,5.75331136964,12.0
2016-10-20,3,0,16.0,21.0,1,67.0,9.53846153846,1.0,1.52173913043,166.0,5.45774516156,12.0
2016-10-21,4,0,17.0,20.0,0,66.0,10.3076923077,1.0,1.30434782609,166.0,5.02891050113,6.0
2016-10-22,5,1,11.0,17.0,1,54.0,9.38461538462,1.0,1.12359550562,166.0,4.61666648865,3.0
2016-10-23,6,1,12.0,15.0,0,54.0,8.69230769231,1.0,0.828402366864,86.0,4.84187845596,1.0
2016-10-24,0,0,13.0,17.0,0,53.0,8.46153846154,1.0,0.396825396825,54.0,5.12333101703,28.0
2016-10-25,1,0,13.0,17.0,1,46.0,9.53846153846,1.0,1.09965635739,28.0,7.21766406507,33.0
2016-10-26,2,0,12.0,17.0,0,33.0,11.3076923077,1.0,1.97767145136,33.0,9.55457695706,14.0
2016-10-27,3,0,12.0,15.0,1,28.0,12.1538461538,1.0,2.26244343891,33.0,9.26404259528,9.0
2016-10-28,4,0,9.0,14.0,1,22.0,12.2307692308,1.0,1.63742690058,33.0,9.23333297731,71.0
2016-10-29,5,1,8.0,13.0,1,22.0,16.9230769231,1.0,2.23013048636,71.0,18.1254667355,56.0
2016-10-30,6,1,9.0,16.0,1,22.0,21.1538461538,1.0,2.78974358974,71.0,20.2136517229,57.0
2016-10-31,0,0,3.0,9.0,1,22.0,24.1538461538,1.0,3.24514991182,71.0,22.3084880495,121.0
