time_stamp,dayofweek,holiday,lt,ht,sunny,m2M,w2A,m1L,d3w3,m1Lar,w2Std,pay_sum
2016-08-01,0,0,28.0,34.0,1,55.0,60.0769230769,3.0,1.13122171946,120.0,11.5122779839,55.0
2016-08-02,1,0,27.0,35.0,0,55.0,59.3846153846,3.0,1.06908724155,120.0,11.526147275,43.0
2016-08-03,2,0,26.0,32.0,0,55.0,58.0,3.0,0.877192982456,120.0,12.3038455527,71.0
2016-08-04,3,0,27.0,32.0,0,55.0,60.0769230769,3.0,0.870012870013,120.0,12.0413488796,51.0
2016-08-05,4,0,27.0,33.0,0,55.0,60.0769230769,3.0,0.861393891934,120.0,12.0413488796,55.0
2016-08-06,5,1,27.0,33.0,0,55.0,59.6153846154,4.0,0.973597359736,120.0,12.111904262,76.0
2016-08-07,6,1,27.0,35.0,1,55.0,60.0,4.0,1.02132435466,120.0,12.5391693996,67.0
2016-08-08,0,0,27.0,34.0,0,56.0,60.6923076923,4.0,1.10091743119,120.0,12.6575281059,25.0
2016-08-09,1,0,27.0,33.0,0,56.0,59.1538461538,25.0,0.965517241379,120.0,15.3915369045,59.0
2016-08-10,2,0,28.0,34.0,1,56.0,59.9230769231,25.0,0.869314910766,120.0,15.1122036191,59.0
2016-08-11,3,0,28.0,36.0,1,57.0,60.4615384615,25.0,0.812730889457,120.0,14.9440772143,53.0
2016-08-12,4,0,28.0,35.0,1,57.0,59.3076923077,25.0,0.970212765957,120.0,14.8964870169,63.0
2016-08-13,5,1,28.0,35.0,1,58.0,57.6153846154,25.0,0.991220617389,120.0,13.012056312,85.0
2016-08-14,6,1,28.0,36.0,1,58.0,58.6153846154,25.0,1.12510495382,120.0,14.4942347241,65.0
2016-08-15,0,0,27.0,35.0,1,59.0,59.3846153846,25.0,1.18530884808,100.0,14.5472094154,49.0
2016-08-16,1,0,28.0,36.0,1,59.0,59.8461538462,25.0,1.10371602884,85.0,14.1086234069,57.0
2016-08-17,2,0,28.0,35.0,1,59.0,58.7692307692,25.0,0.942148760331,85.0,13.7457901032,56.0
2016-08-18,3,0,28.0,35.0,1,59.0,59.1538461538,25.0,0.889621087315,85.0,13.5921139684,53.0
2016-08-19,4,0,29.0,37.0,1,59.0,59.0,25.0,0.922991381707,85.0,13.6494575829,50.0
2016-08-20,5,1,28.0,37.0,0,59.0,57.0,25.0,0.910652920962,85.0,12.8960339759,94.0
2016-08-21,6,1,27.0,34.0,0,59.0,59.0769230769,25.0,1.10736368746,94.0,16.1124010456,71.0
2016-08-22,0,0,28.0,35.0,1,59.0,62.6153846154,25.0,1.19245701608,94.0,12.9883880775,40.0
2016-08-23,1,0,26.0,34.0,1,59.0,61.1538461538,25.0,1.13983875452,94.0,14.3143078171,51.0
2016-08-24,2,0,25.0,34.0,1,58.0,60.5384615385,25.0,0.916030534351,94.0,14.5634705533,52.0
2016-08-25,3,0,26.0,35.0,1,57.0,60.4615384615,25.0,0.80790960452,94.0,14.6056647842,56.0
2016-08-26,4,0,25.0,32.0,0,57.0,59.9230769231,25.0,0.897544453853,94.0,14.6311655693,52.0
2016-08-27,5,1,24.0,30.0,1,57.0,57.3846153846,25.0,0.92192451743,94.0,12.8094824344,64.0
2016-08-28,6,1,22.0,30.0,1,57.0,57.3076923077,25.0,0.993645291739,94.0,12.7664501143,86.0
2016-08-29,0,0,22.0,32.0,1,58.0,60.1538461538,25.0,1.10836762689,94.0,14.5910728969,56.0
2016-08-30,1,0,23.0,31.0,1,57.0,60.0769230769,25.0,1.13311331133,94.0,14.6101205095,55.0
2016-08-31,2,0,23.0,33.0,1,57.0,60.0,25.0,1.08719646799,94.0,14.6339962469,69.0
2016-09-01,3,0,24.0,34.0,1,57.0,61.2307692308,25.0,0.980392156863,94.0,14.6663080465,40.0
2016-09-02,4,0,24.0,34.0,1,57.0,60.4615384615,25.0,0.910352484041,94.0,15.4751184144,44.0
2016-09-03,5,1,23.0,34.0,1,56.0,56.6153846154,25.0,0.879310344828,94.0,12.6097548414,73.0
2016-09-04,6,1,24.0,33.0,1,56.0,56.7692307692,25.0,0.896118721461,94.0,12.7951544083,66.0
2016-09-05,0,0,25.0,31.0,1,57.0,58.7692307692,25.0,1.02953586498,94.0,12.0265977423,44.0
2016-09-06,1,0,22.0,26.0,0,57.0,58.2307692308,25.0,1.0409556314,94.0,12.5094047461,53.0
2016-09-07,2,0,21.0,24.0,0,57.0,58.3076923077,40.0,0.929569432563,94.0,12.4738780312,52.0
2016-09-08,3,0,23.0,30.0,1,57.0,58.0,40.0,0.850456621005,94.0,12.5759232724,55.0
2016-09-09,4,0,23.0,32.0,1,57.0,58.2307692308,40.0,0.909349246945,94.0,12.4909434647,52.0
2016-09-10,5,1,23.0,29.0,1,56.0,57.3076923077,40.0,0.937223695844,94.0,12.4738780312,87.0
2016-09-11,6,1,21.0,26.0,0,56.0,57.3846153846,40.0,1.1275791921,94.0,12.6523847648,72.0
2016-09-12,0,0,22.0,29.0,1,56.0,58.6153846154,40.0,1.19310149845,94.0,13.2231641828,51.0
2016-09-13,1,0,22.0,29.0,1,56.0,58.3076923077,40.0,1.18744698897,94.0,13.3496448549,56.0
2016-09-14,2,0,22.0,24.0,0,56.0,57.3076923077,40.0,1.00873485489,94.0,12.9933984148,48.0
2016-09-15,3,1,20.0,24.0,0,56.0,57.9230769231,40.0,0.879432624113,94.0,12.3317073399,49.0
2016-09-16,4,1,22.0,26.0,0,56.0,58.3076923077,40.0,0.870307167235,94.0,11.9639497941,66.0
2016-09-17,5,1,22.0,27.0,1,56.0,57.7692307692,40.0,0.925610448609,94.0,11.4364723323,74.0
2016-09-18,6,0,22.0,27.0,1,56.0,58.3846153846,40.0,1.0843373494,94.0,12.0609889985,52.0
2016-09-19,0,0,20.0,27.0,1,56.0,59.0,40.0,1.10535405872,87.0,11.5025080877,42.0
2016-09-20,1,0,19.0,26.0,1,56.0,58.1538461538,40.0,0.978165938865,87.0,12.2903724288,55.0
2016-09-21,2,0,19.0,26.0,1,55.0,58.3846153846,40.0,0.878278809313,87.0,12.2004947033,54.0
2016-09-22,3,0,20.0,27.0,1,55.0,58.3076923077,40.0,0.879184861718,87.0,12.2247203233,63.0
2016-09-23,4,0,20.0,28.0,1,55.0,59.1538461538,40.0,0.98510882016,87.0,12.1392317197,59.0
2016-09-24,5,1,21.0,28.0,1,55.0,57.0,40.0,1.02028985507,87.0,9.11465430375,91.0
2016-09-25,6,1,22.0,29.0,1,56.0,58.4615384615,40.0,1.2085106383,91.0,12.3513648241,106.0
2016-09-26,0,0,24.0,30.0,1,56.0,62.6923076923,40.0,1.37968202641,106.0,17.4417034074,53.0
2016-09-27,1,0,24.0,31.0,0,56.0,62.4615384615,40.0,1.34734572891,106.0,17.5482428865,78.0
2016-09-28,2,0,22.0,27.0,0,56.0,64.7692307692,40.0,1.25098970705,106.0,17.4671288916,54.0
2016-09-29,3,0,22.0,24.0,0,55.0,65.1538461538,40.0,0.977284733228,106.0,17.1681554667,75.0
2016-09-30,4,0,22.0,26.0,0,56.0,65.8461538462,40.0,1.07392996109,106.0,17.3686107404,66.0
2016-10-01,5,1,23.0,26.0,1,56.0,65.2307692308,42.0,1.02848101266,106.0,17.2098086797,63.0
2016-10-02,6,1,23.0,30.0,0,56.0,66.0769230769,42.0,1.08366533865,106.0,16.8041274163,74.0
2016-10-03,0,1,20.0,25.0,1,56.0,68.5384615385,42.0,1.05894627021,106.0,15.3803840335,66.0
2016-10-04,1,1,22.0,27.0,1,56.0,69.3846153846,42.0,1.05072463768,106.0,14.9076049851,69.0
2016-10-05,2,1,22.0,27.0,1,56.0,70.5384615385,42.0,1.06442577031,106.0,14.2376282846,69.0
2016-10-06,3,1,21.0,26.0,1,56.0,71.0,42.0,1.02332580888,106.0,14.0821764052,75.0
2016-10-07,4,1,20.0,23.0,0,57.0,72.2307692308,42.0,1.06128550075,106.0,13.6728470174,57.0
2016-10-08,5,0,17.0,22.0,1,57.0,69.6153846154,42.0,1.01438304315,106.0,13.0710394004,76.0
2016-10-09,6,0,16.0,21.0,1,57.0,67.3076923077,42.0,1.03097893432,106.0,8.17486405801,55.0
2016-10-10,0,0,15.0,22.0,1,57.0,67.4615384615,42.0,0.922925871379,106.0,7.91896831485,44.0
2016-10-11,1,0,17.0,23.0,1,56.0,64.8461538462,42.0,0.866122246969,106.0,9.4693526206,37.0
2016-10-12,2,0,18.0,21.0,1,56.0,63.5384615385,37.0,0.681704260652,106.0,11.7709903159,45.0
2016-10-13,3,0,18.0,22.0,1,56.0,61.2307692308,37.0,0.640243902439,106.0,12.2295596886,48.0
2016-10-14,4,0,18.0,21.0,0,56.0,59.8461538462,37.0,0.666154240328,106.0,12.6238245689,40.0
2016-10-15,5,1,20.0,24.0,1,56.0,58.0769230769,37.0,0.709333333333,106.0,13.6295015906,78.0
2016-10-16,6,1,19.0,25.0,1,56.0,58.3846153846,37.0,0.905619203492,106.0,14.024914433,55.0
2016-10-17,0,0,19.0,24.0,1,56.0,57.5384615385,37.0,0.942265795207,106.0,13.8709180253,41.0
2016-10-18,1,0,19.0,25.0,1,56.0,55.3846153846,37.0,0.977253580455,106.0,14.096035785,52.0
2016-10-19,2,0,19.0,23.0,0,55.0,54.0769230769,37.0,0.832630098453,106.0,13.5502570992,47.0
2016-10-20,3,0,20.0,22.0,0,55.0,51.9230769231,37.0,0.806683952751,106.0,12.2126135202,28.0
2016-10-21,4,0,19.0,22.0,0,55.0,49.6923076923,28.0,0.756627941615,106.0,13.6459890719,41.0
2016-10-22,5,1,20.0,23.0,0,55.0,47.0,28.0,0.704952901854,106.0,11.4690218213,42.0
2016-10-23,6,1,17.0,22.0,1,55.0,46.0,28.0,0.694835680751,106.0,11.2932927678,51.0
2016-10-24,0,0,19.0,23.0,1,55.0,46.5384615385,28.0,0.850793650794,106.0,11.3518238766,49.0
2016-10-25,1,0,17.0,20.0,1,55.0,47.4615384615,28.0,0.919093851133,78.0,11.0217643751,32.0
2016-10-26,2,0,18.0,21.0,0,55.0,46.4615384615,28.0,0.886203423968,78.0,11.7644535302,34.0
2016-10-27,3,0,18.0,21.0,0,55.0,45.3846153846,28.0,0.805322128852,78.0,12.2067979896,51.0
2016-10-28,4,0,15.0,18.0,0,54.0,46.2307692308,28.0,0.824524312896,78.0,12.1854506318,49.0
2016-10-29,5,1,10.0,15.0,0,54.0,44.0,28.0,0.972071091766,78.0,8.15239464584,55.0
2016-10-30,6,1,14.0,18.0,1,54.0,44.0,28.0,1.12441059122,78.0,8.15239464584,79.0
2016-10-31,0,0,11.0,15.0,0,54.0,46.9230769231,28.0,1.27882599581,79.0,12.3067307317,51.0
