time_stamp,dayofweek,holiday,lt,ht,sunny,m2M,w2A,m1L,d3w3,m1Lar,w2Std,pay_sum
2016-08-01,0,0,27.0,35.0,1,91.0,83.5384615385,14.0,1.22367898292,148.0,18.3706094058,83.0
2016-08-02,1,0,25.0,31.0,0,91.0,86.4615384615,14.0,1.12382099137,148.0,14.6529880629,101.0
2016-08-03,2,0,25.0,31.0,0,91.0,89.3846153846,14.0,1.1790567546,148.0,13.4194947832,72.0
2016-08-04,3,0,25.0,31.0,1,91.0,90.3846153846,14.0,1.04383282365,148.0,11.4592150459,78.0
2016-08-05,4,0,25.0,30.0,0,91.0,90.3076923077,14.0,1.03869232361,148.0,11.5384615385,92.0
2016-08-06,5,1,25.0,30.0,0,91.0,90.6923076923,14.0,1.01787592008,148.0,11.5050799174,98.0
2016-08-07,6,1,26.0,31.0,0,92.0,90.5384615385,14.0,1.10016420361,124.0,11.3924089748,90.0
2016-08-08,0,0,25.0,31.0,0,91.0,90.9230769231,14.0,1.09803921569,123.0,11.2828088324,83.0
2016-08-09,1,0,26.0,33.0,1,91.0,90.8461538462,14.0,1.03950901419,118.0,11.3330432728,224.0
2016-08-10,2,0,27.0,33.0,1,91.0,101.076923077,14.0,1.39371599087,224.0,37.2506304303,145.0
2016-08-11,3,0,27.0,34.0,1,91.0,105.692307692,14.0,1.51805205709,224.0,38.6630107773,135.0
2016-08-12,4,0,26.0,34.0,1,92.0,107.538461538,14.0,1.64625183733,224.0,39.4376145803,138.0
2016-08-13,5,1,27.0,34.0,1,93.0,111.538461538,14.0,1.33205863607,224.0,39.686493313,143.0
2016-08-14,6,1,27.0,34.0,1,94.0,114.0,14.0,1.29898516784,224.0,40.5595478658,150.0
2016-08-15,0,0,27.0,34.0,1,96.0,119.153846154,14.0,1.30606060606,224.0,40.5497721778,108.0
2016-08-16,1,0,26.0,33.0,1,97.0,119.692307692,14.0,1.2020383693,224.0,40.3511216418,107.0
2016-08-17,2,0,25.0,33.0,1,98.0,122.384615385,45.0,1.08630952381,224.0,38.1888796974,90.0
2016-08-18,3,0,27.0,33.0,1,97.0,123.307692308,59.0,0.90571640683,224.0,37.2380793841,95.0
2016-08-19,4,0,27.0,35.0,1,97.0,123.538461538,59.0,0.873336324211,224.0,37.0521781455,121.0
2016-08-20,5,1,26.0,31.0,0,98.0,125.307692308,72.0,0.901060070671,224.0,36.3326185624,120.0
2016-08-21,6,1,26.0,30.0,1,98.0,127.615384615,72.0,0.985481742191,224.0,34.9428950884,102.0
2016-08-22,0,0,25.0,31.0,1,100.0,129.076923077,72.0,0.997673065736,224.0,33.4099513928,84.0
2016-08-23,1,0,23.0,33.0,1,100.0,118.307692308,72.0,0.896703296703,224.0,21.5277445865,93.0
2016-08-24,2,0,23.0,32.0,1,98.0,114.307692308,72.0,0.810104529617,224.0,21.0215443163,107.0
2016-08-25,3,0,23.0,32.0,1,98.0,112.153846154,72.0,0.814336917563,224.0,20.2098458634,110.0
2016-08-26,4,0,18.0,26.0,1,100.0,110.0,72.0,0.88206003699,224.0,18.7821519206,121.0
2016-08-27,5,1,18.0,26.0,1,100.0,108.307692308,72.0,0.952380952381,224.0,16.5964992388,120.0
2016-08-28,6,1,19.0,29.0,1,100.0,106.0,72.0,0.976627712855,224.0,12.1211829836,86.0
2016-08-29,0,0,18.0,30.0,1,100.0,104.307692308,72.0,0.908711963318,224.0,13.2106286777,90.0
2016-08-30,1,0,20.0,30.0,1,98.0,103.0,72.0,0.871228844739,224.0,13.7113092008,121.0
2016-08-31,2,0,22.0,32.0,1,98.0,105.384615385,72.0,0.883534136546,224.0,13.9368822335,103.0
2016-09-01,3,0,19.0,32.0,1,98.0,106.0,72.0,0.94763844877,224.0,13.638181697,105.0
2016-09-02,4,0,19.0,32.0,1,100.0,104.769230769,78.0,1.00796568627,224.0,12.9326887332,88.0
2016-09-03,5,1,22.0,32.0,1,100.0,102.307692308,83.0,0.930378752161,224.0,12.8445415847,94.0
2016-09-04,6,1,21.0,32.0,1,100.0,101.692307692,83.0,0.926553672316,224.0,13.0347737013,112.0
2016-09-05,0,0,22.0,33.0,1,100.0,103.846153846,83.0,0.947317544708,224.0,12.2213316273,82.0
2016-09-06,1,0,21.0,30.0,1,98.0,103.0,82.0,0.939334637965,224.0,13.2780906876,76.0
2016-09-07,2,0,20.0,28.0,1,95.0,100.615384615,76.0,0.886699507389,224.0,15.0155737693,79.0
2016-09-08,3,0,20.0,31.0,1,94.0,98.2307692308,76.0,0.784508440914,150.0,15.7780463164,100.0
2016-09-09,4,0,22.0,32.0,1,95.0,96.6153846154,76.0,0.852985449072,150.0,14.3770033335,84.0
2016-09-10,5,1,21.0,31.0,1,94.0,93.8461538462,76.0,0.895929143246,150.0,13.0079629686,98.0
2016-09-11,6,1,21.0,30.0,1,95.0,94.7692307692,76.0,0.962621607783,150.0,12.8431594852,122.0
2016-09-12,0,0,21.0,30.0,1,95.0,97.2307692308,76.0,1.01791394609,150.0,14.6348049113,83.0
2016-09-13,1,0,20.0,29.0,1,94.0,94.3076923077,76.0,1.01968702675,122.0,13.3323471036,70.0
2016-09-14,2,0,21.0,30.0,1,93.0,91.7692307692,70.0,0.943072702332,122.0,14.5240058373,110.0
2016-09-15,3,1,21.0,28.0,1,94.0,92.1538461538,70.0,0.901920438957,122.0,14.9298160834,118.0
2016-09-16,4,1,21.0,25.0,0,95.0,94.4615384615,70.0,1.02352739138,122.0,16.3594968167,110.0
2016-09-17,5,1,20.0,27.0,1,98.0,95.6923076923,70.0,1.16692559986,122.0,16.8723014498,125.0
2016-09-18,6,0,19.0,28.0,1,98.0,96.6923076923,70.0,1.19458544839,125.0,18.1463478647,73.0
2016-09-19,0,0,16.0,26.0,1,98.0,96.0,70.0,1.0513739546,125.0,18.8516475509,69.0
2016-09-20,1,0,16.0,25.0,1,98.0,95.4615384615,69.0,0.936349289847,125.0,19.5039064514,61.0
2016-09-21,2,0,16.0,26.0,1,98.0,94.0769230769,61.0,0.727989958759,125.0,21.1894804759,61.0
2016-09-22,3,0,17.0,27.0,1,98.0,91.0769230769,61.0,0.701561065197,125.0,22.8354028058,73.0
2016-09-23,4,0,18.0,27.0,1,98.0,90.2307692308,61.0,0.722222222222,125.0,23.2814017756,102.0
2016-09-24,5,1,20.0,28.0,1,98.0,90.5384615385,61.0,0.870206489676,125.0,23.4081359446,96.0
2016-09-25,6,1,20.0,26.0,1,98.0,88.5384615385,61.0,1.00818452381,125.0,21.6816667845,106.0
2016-09-26,0,0,22.0,28.0,0,100.0,90.3076923077,61.0,1.11600587372,125.0,22.09206128,62.0
2016-09-27,1,0,17.0,26.0,0,98.0,89.6923076923,61.0,0.976692563818,125.0,22.7507721437,84.0
2016-09-28,2,0,15.0,18.0,0,98.0,87.6923076923,61.0,0.92971776425,125.0,22.0083362366,75.0
2016-09-29,3,0,16.0,20.0,1,98.0,84.3846153846,61.0,0.826786382342,125.0,20.3754696465,73.0
2016-09-30,4,0,16.0,20.0,0,98.0,81.5384615385,61.0,0.873329568982,125.0,19.145657811,118.0
2016-10-01,5,1,18.0,22.0,0,98.0,81.0,61.0,0.990135864508,125.0,17.978619781,157.0
2016-10-02,6,1,17.0,23.0,0,98.0,87.4615384615,61.0,1.27053669222,157.0,26.8489088293,174.0
2016-10-03,0,1,17.0,27.0,1,100.0,95.5384615385,61.0,1.56146757086,174.0,34.720012816,169.0
2016-10-04,1,1,18.0,27.0,1,102.0,103.846153846,61.0,1.65343915344,174.0,38.2076233912,143.0
2016-10-05,2,1,17.0,27.0,1,102.0,110.153846154,61.0,1.58125915081,174.0,37.3730593092,141.0
2016-10-06,3,1,16.0,25.0,1,103.0,115.384615385,61.0,1.45752895753,174.0,36.5566756222,91.0
2016-10-07,4,1,17.0,22.0,1,103.0,114.538461538,61.0,1.217730151,174.0,36.9815242533,93.0
2016-10-08,5,0,12.0,21.0,1,102.0,114.307692308,61.0,1.07207652977,174.0,37.1056384175,85.0
2016-10-09,6,0,12.0,20.0,1,102.0,112.692307692,61.0,0.88211182161,174.0,37.8811595456,90.0
2016-10-10,0,0,14.0,19.0,1,100.0,114.846153846,61.0,0.869847452126,174.0,35.6690905921,70.0
2016-10-11,1,0,14.0,20.0,1,98.0,113.769230769,61.0,0.791727258038,174.0,36.7782415737,65.0
2016-10-12,2,0,16.0,21.0,1,96.0,113.0,61.0,0.725689404935,174.0,37.674721172,76.0
2016-10-13,3,0,14.0,21.0,1,95.0,113.230769231,61.0,0.679549114332,174.0,37.4374428905,71.0
2016-10-14,4,0,17.0,21.0,1,94.0,109.615384615,61.0,0.693150237044,174.0,39.0375331455,106.0
2016-10-15,5,1,16.0,18.0,0,94.0,105.692307692,61.0,0.823165771921,174.0,36.5626640491,102.0
2016-10-16,6,1,15.0,21.0,1,95.0,100.153846154,61.0,0.909535452323,174.0,30.7942206212,110.0
2016-10-17,0,0,14.0,22.0,1,96.0,95.6153846154,61.0,1.01290014333,174.0,23.8860708091,64.0
2016-10-18,1,0,16.0,22.0,1,94.0,89.5384615385,61.0,0.887602508442,174.0,20.9233597266,72.0
2016-10-19,2,0,17.0,22.0,1,93.0,84.2307692308,61.0,0.792270531401,174.0,15.1513078702,80.0
2016-10-20,3,0,16.0,21.0,0,93.0,83.3846153846,61.0,0.693307655272,174.0,15.0565010827,80.0
2016-10-21,4,0,17.0,19.0,0,93.0,82.3846153846,62.0,0.758541768841,174.0,14.8144340297,104.0
2016-10-22,5,1,13.0,20.0,0,93.0,83.8461538462,62.0,0.886203423968,174.0,15.8979735228,115.0
2016-10-23,6,1,11.0,15.0,1,93.0,85.7692307692,62.0,1.03442311019,174.0,17.9106923207,125.0
2016-10-24,0,0,11.0,13.0,0,93.0,90.0,62.0,1.21791467516,174.0,20.0537738631,78.0
2016-10-25,1,0,12.0,18.0,1,91.0,91.0,62.0,1.16611661166,174.0,19.0828154672,67.0
2016-10-26,2,0,14.0,17.0,0,90.0,90.3076923077,64.0,1.03211009174,174.0,19.7654890203,86.0
2016-10-27,3,0,12.0,17.0,0,90.0,91.4615384615,64.0,0.885566417481,174.0,19.0287854199,55.0
2016-10-28,4,0,9.0,14.0,0,90.0,87.5384615385,55.0,0.815206741133,174.0,20.8016840465,90.0
2016-10-29,5,1,7.0,13.0,1,90.0,86.6153846154,55.0,0.902696365768,174.0,20.4018794818,118.0
2016-10-30,6,1,7.0,16.0,1,90.0,87.2307692308,55.0,1.01114955786,174.0,21.2028802331,107.0
2016-10-31,0,0,4.0,13.0,0,90.0,90.5384615385,55.0,1.18577075099,174.0,20.6681299985,70.0
