time_stamp,dayofweek,holiday,lt,ht,sunny,m2M,w2A,m1L,d3w3,m1Lar,w2Std,pay_sum
2016-08-01,0,0,27.0,33.0,0,85.0,93.0769230769,60.0,1.06908186823,125.0,17.7220485813,68.0
2016-08-02,1,0,26.0,32.0,0,85.0,92.5384615385,60.0,0.958512160229,125.0,18.3580432367,78.0
2016-08-03,2,0,26.0,34.0,0,85.0,92.0,60.0,0.88409703504,125.0,18.6712448598,64.0
2016-08-04,3,0,26.0,33.0,0,85.0,90.3076923077,60.0,0.770925110132,125.0,20.0820800922,77.0
2016-08-05,4,0,26.0,35.0,1,85.0,87.9230769231,60.0,0.807522123894,125.0,19.6760750404,90.0
2016-08-06,5,1,26.0,34.0,0,85.0,85.2307692308,60.0,0.863228699552,125.0,16.567595091,79.0
2016-08-07,6,1,26.0,33.0,0,85.0,82.0769230769,60.0,0.93660765277,125.0,13.2110765791,87.0
2016-08-08,0,0,26.0,32.0,0,85.0,83.9230769231,60.0,0.973569119604,125.0,12.0413488796,66.0
2016-08-09,1,0,26.0,29.0,0,85.0,83.5384615385,60.0,0.886850152905,125.0,12.5183888409,83.0
2016-08-10,2,0,27.0,33.0,0,83.0,83.6153846154,63.0,0.903176425564,125.0,12.511769607,66.0
2016-08-11,3,0,27.0,33.0,0,83.0,81.4615384615,63.0,0.832365466512,125.0,12.9413789814,66.0
2016-08-12,4,0,27.0,33.0,0,83.0,78.7692307692,63.0,0.853174603175,125.0,12.2169733514,51.0
2016-08-13,5,1,26.0,31.0,0,83.0,75.0,51.0,0.759651307597,125.0,12.6369421813,91.0
2016-08-14,6,1,27.0,34.0,0,85.0,74.3076923077,51.0,0.879306700486,125.0,11.4380244084,96.0
2016-08-15,0,0,27.0,35.0,1,85.0,76.4615384615,51.0,0.985507246377,125.0,12.6224183019,66.0
2016-08-16,1,0,26.0,34.0,1,85.0,75.5384615385,51.0,1.05088265836,125.0,12.9116249625,64.0
2016-08-17,2,0,27.0,34.0,1,83.0,75.5384615385,51.0,0.949380382273,125.0,12.9116249625,62.0
2016-08-18,3,0,27.0,34.0,1,83.0,74.3846153846,51.0,0.823151125402,125.0,13.3908031674,106.0
2016-08-19,4,0,27.0,35.0,1,85.0,75.6153846154,51.0,0.991452991453,125.0,15.3599802761,90.0
2016-08-20,5,1,27.0,35.0,1,85.0,76.4615384615,51.0,1.10967741935,125.0,15.8192452636,87.0
2016-08-21,6,1,26.0,34.0,0,85.0,76.4615384615,51.0,1.22749945782,125.0,15.8192452636,96.0
2016-08-22,0,0,27.0,35.0,1,86.0,78.7692307692,51.0,1.16293929712,120.0,16.3055150941,68.0
2016-08-23,1,0,27.0,36.0,1,86.0,77.6153846154,51.0,1.07609860665,106.0,16.4949337748,74.0
2016-08-24,2,0,27.0,35.0,1,85.0,78.2307692308,51.0,1.01384451544,106.0,16.1966465957,80.0
2016-08-25,3,0,27.0,36.0,1,85.0,79.3076923077,51.0,0.94387755102,106.0,15.808394145,82.0
2016-08-26,4,0,27.0,36.0,1,85.0,81.6923076923,51.0,1.00854700855,106.0,13.5327785275,82.0
2016-08-27,5,1,25.0,34.0,0,85.0,81.0,51.0,1.0407336319,106.0,13.2664991614,82.0
2016-08-28,6,1,22.0,32.0,1,85.0,79.9230769231,51.0,1.05263157895,106.0,12.5542609283,82.0
2016-08-29,0,0,23.0,33.0,1,85.0,81.1538461538,51.0,1.04193138501,106.0,11.8959990291,60.0
2016-08-30,1,0,23.0,33.0,1,85.0,80.8461538462,51.0,0.962819686224,106.0,12.3776855911,69.0
2016-08-31,2,0,25.0,33.0,1,83.0,81.3846153846,51.0,0.905190905191,106.0,11.6786357313,98.0
2016-09-01,3,0,25.0,29.0,0,83.0,80.7692307692,51.0,0.954182429592,106.0,10.5185100302,72.0
2016-09-02,4,0,23.0,32.0,1,82.0,79.3846153846,51.0,0.991495540344,106.0,10.3962897342,69.0
2016-09-03,5,1,23.0,34.0,1,82.0,78.0,51.0,1.00525762355,106.0,10.4880884817,69.0
2016-09-04,6,1,24.0,32.0,1,82.0,75.9230769231,51.0,0.898587933248,106.0,9.32706185464,78.0
2016-09-05,0,0,25.0,31.0,0,82.0,76.6923076923,51.0,0.917197452229,106.0,9.05015610052,48.0
2016-09-06,1,0,25.0,32.0,0,82.0,74.6923076923,48.0,0.836550836551,106.0,11.860630515,37.0
2016-09-07,2,0,24.0,31.0,0,82.0,71.3846153846,37.0,0.710704163942,106.0,15.389999058,52.0
2016-09-08,3,0,23.0,32.0,1,82.0,69.0769230769,37.0,0.619209039548,106.0,15.8670511945,39.0
2016-09-09,4,0,24.0,31.0,1,82.0,65.7692307692,37.0,0.59925093633,106.0,17.2499892805,50.0
2016-09-10,5,1,24.0,29.0,1,82.0,63.3076923077,37.0,0.677721701514,106.0,17.0401544566,76.0
2016-09-11,6,1,21.0,24.0,0,80.0,62.8461538462,37.0,0.804681784931,106.0,16.6032719382,54.0
2016-09-12,0,0,21.0,27.0,1,79.0,62.3846153846,37.0,0.886917960089,106.0,16.7586416814,57.0
2016-09-13,1,0,22.0,25.0,0,78.0,61.4615384615,37.0,0.933133732535,106.0,16.699218704,41.0
2016-09-14,2,0,23.0,25.0,0,78.0,57.0769230769,37.0,0.781290156772,106.0,13.753106158,64.0
2016-09-15,3,1,24.0,26.0,0,77.0,56.4615384615,37.0,0.844409695074,106.0,13.2410514608,58.0
2016-09-16,4,1,24.0,30.0,0,76.0,55.6153846154,37.0,0.865869853918,106.0,12.7553214327,85.0
2016-09-17,5,1,24.0,30.0,0,77.0,56.8461538462,37.0,1.09697933227,98.0,14.6226702489,55.0
2016-09-18,6,0,23.0,30.0,1,76.0,55.0769230769,37.0,1.07229894395,98.0,13.286555023,74.0
2016-09-19,0,0,20.0,30.0,1,74.0,57.0769230769,37.0,1.14591700134,98.0,14.0080281293,45.0
2016-09-20,1,0,20.0,29.0,1,74.0,57.6923076923,37.0,0.950040950041,98.0,13.2687290875,63.0
2016-09-21,2,0,20.0,28.0,1,72.0,58.5384615385,37.0,1.02304665542,98.0,13.2294274812,46.0
2016-09-22,3,0,21.0,29.0,1,71.0,59.0769230769,37.0,0.885057471264,98.0,12.5481321838,76.0
2016-09-23,4,0,20.0,29.0,1,72.0,61.0769230769,37.0,1.0568409026,98.0,13.0056883322,52.0
2016-09-24,5,1,21.0,30.0,1,72.0,59.2307692308,37.0,1.00869565217,98.0,12.4477606646,121.0
2016-09-25,6,1,22.0,32.0,1,72.0,64.3846153846,37.0,1.39145012573,121.0,20.4884149687,100.0
2016-09-26,0,0,25.0,32.0,1,72.0,67.6923076923,37.0,1.46184738956,121.0,22.410109722,42.0
2016-09-27,1,0,25.0,29.0,0,69.0,67.7692307692,37.0,1.40266666667,121.0,22.3198905641,42.0
2016-09-28,2,0,25.0,27.0,0,69.0,66.0769230769,37.0,0.989247311828,121.0,23.3516974789,50.0
2016-09-29,3,0,26.0,29.0,0,69.0,65.4615384615,37.0,0.714095390354,121.0,23.6598178828,59.0
2016-09-30,4,0,25.0,30.0,0,69.0,63.4615384615,37.0,0.798941798942,121.0,23.0137597123,90.0
2016-10-01,5,1,24.0,31.0,1,69.0,66.1538461538,37.0,1.04133961277,121.0,23.8967205791,154.0
2016-10-02,6,1,23.0,32.0,1,69.0,72.3076923077,37.0,1.47016011645,154.0,33.4971516938,165.0
2016-10-03,0,1,23.0,30.0,1,69.0,81.5384615385,37.0,1.83985605038,165.0,40.5018810287,102.0
2016-10-04,1,1,22.0,32.0,1,69.0,84.5384615385,37.0,1.81896737956,165.0,40.4619771839,109.0
2016-10-05,2,1,24.0,30.0,1,69.0,89.3846153846,37.0,1.5785054576,165.0,39.3124338552,105.0
2016-10-06,3,1,24.0,28.0,0,69.0,91.6153846154,39.0,1.28848114169,165.0,39.3124338552,82.0
2016-10-07,4,1,22.0,26.0,0,69.0,93.9230769231,39.0,1.2091503268,165.0,37.7694657677,64.0
2016-10-08,5,0,19.0,26.0,0,69.0,89.5384615385,41.0,1.01970343287,165.0,37.6800608047,43.0
2016-10-09,6,0,18.0,24.0,1,69.0,85.1538461538,41.0,0.782608695652,165.0,39.4809518899,57.0
2016-10-10,0,0,19.0,21.0,0,69.0,86.3076923077,41.0,0.674064940403,165.0,38.4075005002,36.0
2016-10-11,1,0,18.0,22.0,0,69.0,85.8461538462,36.0,0.568443051202,165.0,38.9691123324,37.0
2016-10-12,2,0,17.0,23.0,1,69.0,84.8461538462,36.0,0.546448087432,165.0,40.0285401141,60.0
2016-10-13,3,0,19.0,26.0,1,68.0,84.9230769231,36.0,0.564755838641,165.0,39.9797285912,69.0
2016-10-14,4,0,21.0,27.0,1,69.0,83.3076923077,36.0,0.697332493174,165.0,40.1657807198,68.0
2016-10-15,5,1,20.0,23.0,0,69.0,76.6923076923,36.0,0.856149500217,165.0,34.6862522431,110.0
2016-10-16,6,1,22.0,27.0,0,69.0,72.4615384615,36.0,1.06649395509,165.0,25.8980705685,124.0
2016-10-17,0,0,22.0,27.0,1,69.0,74.1538461538,36.0,1.23821238212,165.0,28.3734603889,32.0
2016-10-18,1,0,21.0,25.0,0,69.0,68.2307692308,32.0,1.09735973597,165.0,28.5176162726,65.0
2016-10-19,2,0,22.0,25.0,0,68.0,65.1538461538,32.0,0.903331289597,165.0,26.4686931294,56.0
2016-10-20,3,0,22.0,25.0,0,68.0,63.1538461538,32.0,0.626535626536,165.0,26.0999444557,49.0
2016-10-21,4,0,24.0,27.0,0,65.0,62.0,32.0,0.71413568578,165.0,26.3672290776,138.0
2016-10-22,5,1,23.0,28.0,0,65.0,69.3076923077,32.0,1.03119032463,165.0,32.5325508361,202.0
2016-10-23,6,1,20.0,27.0,1,65.0,80.4615384615,32.0,1.6127694859,202.0,47.7148829944,204.0
2016-10-24,0,0,20.0,26.0,1,65.0,93.3846153846,32.0,2.12085769981,204.0,55.9608908236,77.0
2016-10-25,1,0,23.0,28.0,1,65.0,96.4615384615,32.0,1.9189511323,204.0,53.8353835382,83.0
2016-10-26,2,0,23.0,29.0,1,65.0,98.2307692308,32.0,1.4653784219,204.0,52.9791742047,83.0
2016-10-27,3,0,23.0,29.0,1,65.0,99.3076923077,32.0,0.977670488835,204.0,52.5142978558,54.0
2016-10-28,4,0,19.0,30.0,0,65.0,98.2307692308,32.0,0.890507994333,204.0,53.2832111618,61.0
2016-10-29,5,1,17.0,23.0,0,64.0,94.4615384615,32.0,0.792792792793,204.0,54.0450173959,89.0
2016-10-30,6,1,15.0,23.0,1,64.0,91.7692307692,32.0,0.80141426046,204.0,53.3740845299,104.0
2016-10-31,0,0,16.0,24.0,1,64.0,97.3076923077,32.0,0.95939565628,204.0,50.5453103895,57.0
