time_stamp,dayofweek,holiday,lt,ht,sunny,m2M,w2A,m1L,d3w3,m1Lar,w2Std,pay_sum
2016-08-01,0,0,26.0,37.0,0,267.0,276.846153846,189.0,0.983742731696,358.0,44.5055677655,255.0
2016-08-02,1,0,26.0,31.0,0,267.0,277.769230769,189.0,0.958667856081,358.0,43.9145215971,281.0
2016-08-03,2,0,27.0,33.0,0,267.0,279.0,189.0,0.86323268206,358.0,43.7633496116,236.0
2016-08-04,3,0,26.0,35.0,0,265.0,277.692307692,189.0,0.918227772822,358.0,44.7632827135,228.0
2016-08-05,4,0,26.0,37.0,1,265.0,275.846153846,193.0,0.894572526417,358.0,46.2548893945,253.0
2016-08-06,5,1,26.0,35.0,0,265.0,269.384615385,193.0,0.876099706745,358.0,43.0143776706,379.0
2016-08-07,6,1,26.0,34.0,0,267.0,272.076923077,193.0,1.04451326896,379.0,48.3631479832,367.0
2016-08-08,0,0,26.0,34.0,0,267.0,278.769230769,193.0,1.18971061093,379.0,54.6121342478,345.0
2016-08-09,1,0,26.0,34.0,0,267.0,286.923076923,193.0,1.27602339181,379.0,55.9621596582,351.0
2016-08-10,2,0,26.0,32.0,0,268.0,292.0,193.0,1.22479548335,379.0,58.4939181585,336.0
2016-08-11,3,0,26.0,33.0,0,268.0,296.923076923,193.0,1.17226103254,379.0,59.2912777844,283.0
2016-08-12,4,0,26.0,33.0,0,268.0,297.307692308,193.0,1.09604519774,379.0,59.18339764,344.0
2016-08-13,5,1,26.0,30.0,0,272.0,296.230769231,193.0,1.08684611478,379.0,58.1882275249,908.0
2016-08-14,6,1,26.0,30.0,0,278.0,351.230769231,193.0,1.58141451605,908.0,168.316621898,491.0
2016-08-15,0,0,26.0,32.0,0,280.0,369.384615385,193.0,1.73900029931,908.0,169.680033031,290.0
2016-08-16,1,0,26.0,32.0,0,281.0,370.076923077,193.0,1.67236001782,908.0,169.336016224,256.0
2016-08-17,2,0,26.0,31.0,0,280.0,371.615384615,193.0,1.03122513922,908.0,168.197932148,277.0
2016-08-18,3,0,26.0,31.0,0,278.0,375.384615385,193.0,0.81780692602,908.0,165.464166914,288.0
2016-08-19,4,0,26.0,34.0,1,280.0,378.076923077,193.0,0.814605348018,908.0,163.726536329,322.0
2016-08-20,5,1,26.0,34.0,0,281.0,373.692307692,193.0,0.884832161205,908.0,164.404933772,411.0
2016-08-21,6,1,26.0,35.0,1,281.0,377.076923077,193.0,0.986330483505,908.0,164.684996065,407.0
2016-08-22,0,0,26.0,36.0,1,281.0,381.846153846,193.0,1.07755565008,908.0,164.584720365,227.0
2016-08-23,1,0,26.0,36.0,1,281.0,372.307692308,193.0,0.995380292423,908.0,169.612401858,282.0
2016-08-24,2,0,27.0,36.0,1,281.0,368.153846154,193.0,0.866808611308,908.0,171.105386398,263.0
2016-08-25,3,0,27.0,36.0,0,280.0,366.615384615,193.0,0.726930320151,908.0,171.951933562,281.0
2016-08-26,4,0,26.0,36.0,0,281.0,361.769230769,193.0,0.774713937348,908.0,173.40266782,282.0
2016-08-27,5,1,26.0,34.0,0,281.0,313.615384615,193.0,0.785432415728,908.0,72.7170897928,456.0
2016-08-28,6,1,26.0,32.0,0,281.0,310.923076923,193.0,0.956807511737,908.0,66.4801434073,457.0
2016-08-29,0,0,25.0,32.0,1,282.0,323.769230769,193.0,1.10464041412,908.0,76.5658628956,345.0
2016-08-30,1,0,25.0,32.0,1,282.0,330.615384615,227.0,1.16384494403,908.0,74.1407585003,270.0
2016-08-31,2,0,25.0,35.0,1,282.0,330.076923077,227.0,1.00093370682,908.0,74.5524714944,308.0
2016-09-01,3,0,26.0,33.0,0,282.0,331.615384615,227.0,0.85880437311,908.0,73.8715501202,244.0
2016-09-02,4,0,26.0,31.0,0,282.0,325.615384615,227.0,0.775654635527,908.0,77.4880025071,272.0
2016-09-03,5,1,25.0,31.0,0,282.0,314.923076923,227.0,0.854461554415,908.0,74.5008637415,475.0
2016-09-04,6,1,25.0,31.0,1,282.0,320.153846154,227.0,1.0301990748,908.0,82.7162398285,448.0
2016-09-05,0,0,26.0,34.0,1,282.0,337.153846154,227.0,1.21239791001,908.0,84.5147653498,303.0
2016-09-06,1,0,26.0,33.0,0,282.0,338.769230769,227.0,1.23501561398,908.0,83.6413164799,272.0
2016-09-07,2,0,26.0,31.0,0,282.0,339.461538462,227.0,1.03130198095,908.0,83.0464331514,274.0
2016-09-08,3,0,26.0,32.0,0,281.0,338.923076923,227.0,0.857705712987,908.0,83.445478781,241.0
2016-09-09,4,0,26.0,30.0,0,281.0,335.769230769,227.0,0.804950393781,908.0,86.2644893927,297.0
2016-09-10,5,1,25.0,31.0,0,282.0,323.538461538,227.0,0.845305017697,908.0,79.3450259064,385.0
2016-09-11,6,1,25.0,31.0,0,282.0,318.0,227.0,0.964170061632,908.0,72.0096147426,376.0
2016-09-12,0,0,25.0,31.0,0,283.0,320.384615385,227.0,1.079977543,491.0,73.3647771928,293.0
2016-09-13,1,0,26.0,33.0,1,285.0,322.153846154,227.0,1.07408539692,475.0,72.3993690515,290.0
2016-09-14,2,0,26.0,34.0,1,285.0,320.769230769,227.0,0.973258233115,475.0,72.827672093,444.0
2016-09-15,3,1,25.0,28.0,0,285.0,336.153846154,227.0,1.01703307586,475.0,76.0393078043,450.0
2016-09-16,4,1,25.0,32.0,0,288.0,349.846153846,227.0,1.14396135266,475.0,79.2142626569,388.0
2016-09-17,5,1,25.0,33.0,0,290.0,343.153846154,227.0,1.25097580016,475.0,71.674312697,372.0
2016-09-18,6,0,24.0,32.0,1,290.0,337.307692308,227.0,1.19559310311,475.0,65.7376892428,288.0
2016-09-19,0,0,22.0,31.0,1,290.0,336.153846154,227.0,1.04434479322,475.0,66.4574428938,225.0
2016-09-20,1,0,21.0,31.0,1,290.0,332.538461538,225.0,0.887885628292,475.0,70.9741181262,234.0
2016-09-21,2,0,22.0,30.0,1,290.0,329.461538462,225.0,0.75787551362,475.0,74.2372655587,235.0
2016-09-22,3,0,23.0,32.0,1,288.0,329.0,225.0,0.705069592604,475.0,74.8023035433,249.0
2016-09-23,4,0,23.0,32.0,1,288.0,325.307692308,225.0,0.732018147525,475.0,77.4292576539,263.0
2016-09-24,5,1,24.0,32.0,1,288.0,315.923076923,225.0,0.787102892366,475.0,77.0179415046,397.0
2016-09-25,6,1,23.0,33.0,1,290.0,317.538461538,225.0,0.965583173996,475.0,78.4676468211,369.0
2016-09-26,0,0,26.0,35.0,1,290.0,323.384615385,225.0,1.08167770419,475.0,79.2489150244,258.0
2016-09-27,1,0,26.0,36.0,0,290.0,320.923076923,225.0,1.0788032027,475.0,80.7307600689,278.0
2016-09-28,2,0,25.0,27.0,0,290.0,308.153846154,225.0,0.952832175195,475.0,73.0130084867,236.0
2016-09-29,3,0,25.0,29.0,0,290.0,291.692307692,225.0,0.813445023971,475.0,62.5513753343,252.0
2016-09-30,4,0,25.0,29.0,0,290.0,281.230769231,225.0,0.81290459514,475.0,56.6652163639,296.0
2016-10-01,5,1,25.0,33.0,0,290.0,275.384615385,225.0,0.843963614834,475.0,50.5942204993,396.0
2016-10-02,6,1,25.0,28.0,0,293.0,283.692307692,225.0,1.01292987821,475.0,59.9799769351,327.0
2016-10-03,0,1,25.0,32.0,0,296.0,291.538461538,225.0,1.08745531188,450.0,58.4407857903,371.0
2016-10-04,1,1,25.0,31.0,0,297.0,302.076923077,225.0,1.15254951538,450.0,59.4584037386,363.0
2016-10-05,2,1,25.0,32.0,0,297.0,311.923076923,225.0,1.13227682621,450.0,58.1185281439,313.0
2016-10-06,3,1,25.0,31.0,0,297.0,316.846153846,225.0,1.14238952537,450.0,55.2182329891,318.0
2016-10-07,4,1,25.0,30.0,0,297.0,321.076923077,225.0,1.09713024283,450.0,52.9926867791,363.0
2016-10-08,5,0,23.0,28.0,0,297.0,318.461538462,225.0,1.09876747914,450.0,49.9316692855,281.0
2016-10-09,6,0,20.0,23.0,0,296.0,311.692307692,225.0,1.06463036742,450.0,48.5677712312,286.0
2016-10-10,0,0,19.0,23.0,0,296.0,313.846153846,225.0,1.0188989318,450.0,46.7248017716,250.0
2016-10-11,1,0,21.0,26.0,0,293.0,311.692307692,225.0,0.892749822433,450.0,48.9212626659,230.0
2016-10-12,2,0,21.0,27.0,1,290.0,311.230769231,225.0,0.837707786527,450.0,49.6559762398,216.0
2016-10-13,3,0,21.0,27.0,1,290.0,308.461538462,216.0,0.765297707406,450.0,53.7195214261,244.0
2016-10-14,4,0,22.0,31.0,1,288.0,304.461538462,216.0,0.761085373925,450.0,56.3691341954,245.0
2016-10-15,5,1,24.0,31.0,1,288.0,292.846153846,216.0,0.797691785472,397.0,51.671813703,353.0
2016-10-16,6,1,25.0,31.0,1,290.0,294.846153846,216.0,0.955298388927,397.0,53.4283793126,332.0
2016-10-17,0,0,25.0,31.0,1,293.0,291.846153846,216.0,1.04201680672,397.0,50.0566542934,219.0
2016-10-18,1,0,25.0,28.0,1,290.0,280.769230769,216.0,1.02302948,397.0,49.0073053364,218.0
2016-10-19,2,0,25.0,30.0,1,288.0,273.461538462,216.0,0.872921278166,397.0,50.7097553725,202.0
2016-10-20,3,0,26.0,32.0,1,286.0,264.538461538,202.0,0.731581658939,397.0,52.2694430289,195.0
2016-10-21,4,0,25.0,28.0,0,286.0,251.615384615,195.0,0.716532680881,397.0,46.8114687814,272.0
2016-10-22,5,1,25.0,30.0,1,286.0,250.923076923,195.0,0.796713111826,397.0,46.4368248077,404.0
2016-10-23,6,1,24.0,32.0,1,288.0,260.0,195.0,1.02320117474,404.0,61.4967166103,361.0
2016-10-24,0,0,23.0,27.0,1,290.0,268.538461538,195.0,1.2203589291,404.0,66.9771664704,202.0
2016-10-25,1,0,24.0,31.0,1,290.0,266.384615385,195.0,1.17126937984,404.0,68.6121075451,222.0
2016-10-26,2,0,25.0,32.0,1,288.0,266.846153846,195.0,0.966808301004,404.0,68.2910582657,238.0
2016-10-27,3,0,24.0,32.0,1,286.0,266.384615385,195.0,0.827551721983,404.0,68.4639584706,210.0
2016-10-28,4,0,24.0,33.0,1,281.0,263.692307692,195.0,0.862290862291,404.0,69.9245578247,282.0
2016-10-29,5,1,21.0,27.0,1,282.0,258.230769231,195.0,0.93932960175,404.0,65.3595427041,359.0
2016-10-30,6,1,21.0,26.0,1,282.0,260.307692308,195.0,1.07981220657,404.0,68.0445381467,352.0
2016-10-31,0,0,21.0,28.0,1,286.0,270.538461538,195.0,1.2359970127,404.0,70.9990415803,239.0
