time_stamp,dayofweek,holiday,lt,ht,sunny,m2M,w2A,m1L,d3w3,m1Lar,w2Std,pay_sum
2016-08-01,0,0,25.0,35.0,0,56.0,39.0,39.0,1.0,110.0,0.0,39.0
2016-08-02,1,0,25.0,29.0,0,55.0,39.0,39.0,1.0,110.0,0.0,39.0
2016-08-03,2,0,25.0,31.0,0,52.0,39.0,39.0,1.0,110.0,0.0,39.0
2016-08-04,3,0,26.0,32.0,1,51.0,39.0,39.0,1.0,110.0,0.0,39.0
2016-08-05,4,0,26.0,34.0,1,46.0,39.0,39.0,1.0,110.0,0.0,39.0
2016-08-06,5,1,27.0,35.0,1,39.0,39.0,39.0,1.0,103.0,0.0,39.0
2016-08-07,6,1,27.0,36.0,1,39.0,39.0,39.0,1.0,39.0,0.0,39.0
2016-08-08,0,0,27.0,35.0,0,39.0,39.0,39.0,1.0,39.0,0.0,39.0
2016-08-09,1,0,25.0,34.0,0,39.0,39.0,39.0,1.0,39.0,0.0,39.0
2016-08-10,2,0,26.0,31.0,0,39.0,39.0,39.0,1.0,39.0,0.0,39.0
2016-08-11,3,0,26.0,32.0,0,39.0,39.0,39.0,1.0,39.0,0.0,39.0
2016-08-12,4,0,26.0,30.0,0,39.0,39.0,39.0,1.0,39.0,0.0,39.0
2016-08-13,5,1,25.0,32.0,0,39.0,39.0,39.0,1.0,39.0,0.0,39.0
2016-08-14,6,1,26.0,32.0,0,39.0,39.0,39.0,1.0,39.0,0.0,39.0
2016-08-15,0,0,25.0,31.0,0,39.0,39.0,39.0,1.0,39.0,0.0,39.0
2016-08-16,1,0,25.0,31.0,0,39.0,39.0,39.0,1.0,39.0,0.0,39.0
2016-08-17,2,0,25.0,31.0,0,39.0,39.0,39.0,1.0,39.0,0.0,39.0
2016-08-18,3,0,25.0,30.0,0,39.0,39.0,39.0,1.0,39.0,0.0,39.0
2016-08-19,4,0,26.0,32.0,0,39.0,39.0,39.0,1.0,39.0,0.0,39.0
2016-08-20,5,1,26.0,34.0,1,39.0,39.0,39.0,1.0,39.0,0.0,39.0
2016-08-21,6,1,27.0,35.0,0,39.0,39.0,39.0,1.0,39.0,0.0,39.0
2016-08-22,0,0,27.0,35.0,1,39.0,39.0,39.0,1.0,39.0,0.0,39.0
2016-08-23,1,0,27.0,35.0,1,39.0,39.0,39.0,1.0,39.0,0.0,39.0
2016-08-24,2,0,28.0,36.0,1,39.0,39.0,39.0,1.0,39.0,0.0,39.0
2016-08-25,3,0,27.0,36.0,1,39.0,39.0,39.0,1.0,39.0,0.0,39.0
2016-08-26,4,0,25.0,35.0,0,39.0,39.0,39.0,1.0,39.0,0.0,39.0
2016-08-27,5,1,24.0,32.0,0,39.0,39.0,39.0,1.0,39.0,0.0,39.0
2016-08-28,6,1,26.0,33.0,1,39.0,39.0,39.0,1.0,39.0,0.0,39.0
2016-08-29,0,0,26.0,33.0,1,39.0,39.0,39.0,1.0,39.0,0.0,3.0
2016-08-30,1,0,25.0,32.0,1,39.0,36.2307692308,3.0,0.725806451613,39.0,9.59289678038,27.0
2016-08-31,2,0,25.0,33.0,0,39.0,35.3076923077,3.0,0.628415300546,39.0,9.85576454034,48.0
2016-09-01,3,0,25.0,32.0,0,39.0,36.0,3.0,0.701754385965,48.0,10.3923048454,46.0
2016-09-02,4,0,25.0,31.0,0,39.0,36.5384615385,3.0,1.07843137255,48.0,10.7102782023,66.0
2016-09-03,5,1,25.0,31.0,0,39.0,38.6153846154,3.0,1.37634408602,66.0,13.2927884528,71.0
2016-09-04,6,1,26.0,31.0,0,39.0,41.0769230769,3.0,1.51177199504,71.0,15.8525005961,85.0
2016-09-05,0,0,26.0,32.0,0,39.0,44.6153846154,3.0,1.73505275498,85.0,19.6685553869,113.0
2016-09-06,1,0,26.0,33.0,0,39.0,50.3076923077,3.0,1.93455591514,113.0,26.6786708681,108.0
2016-09-07,2,0,25.0,31.0,0,39.0,55.6153846154,3.0,2.04819277108,113.0,30.4922145462,133.0
2016-09-08,3,0,26.0,32.0,0,39.0,62.8461538462,3.0,2.16513761468,133.0,36.289108673,112.0
2016-09-09,4,0,26.0,32.0,0,39.0,68.4615384615,3.0,2.02350243623,133.0,37.7819969025,151.0
2016-09-10,5,1,25.0,30.0,0,39.0,77.0769230769,3.0,2.07058823529,151.0,42.5503530465,115.0
2016-09-11,6,1,25.0,30.0,0,39.0,82.9230769231,3.0,1.86528497409,151.0,42.136155749,126.0
2016-09-12,0,0,24.0,33.0,1,39.0,92.3846153846,3.0,1.81733889662,151.0,36.5692987281,220.0
2016-09-13,1,0,26.0,35.0,1,39.0,107.230769231,3.0,1.89829112621,220.0,45.1751358538,198.0
2016-09-14,2,0,26.0,35.0,1,39.0,118.769230769,3.0,2.03974503187,220.0,47.6609077775,190.0
2016-09-15,3,1,25.0,34.0,1,39.0,129.846153846,3.0,2.10126144807,220.0,46.1716632276,83.0
2016-09-16,4,1,25.0,34.0,1,39.0,131.153846154,3.0,1.59148504815,220.0,44.5573893619,87.0
2016-09-17,5,1,25.0,34.0,1,39.0,132.384615385,3.0,1.18753092528,220.0,43.0751373256,88.0
2016-09-18,6,0,25.0,33.0,1,39.0,132.615384615,3.0,0.830917874396,220.0,42.8279895208,141.0
2016-09-19,0,0,23.0,32.0,1,39.0,134.769230769,3.0,0.954106280193,220.0,42.4900963052,217.0
2016-09-20,1,0,24.0,31.0,1,39.0,143.153846154,3.0,1.23992215735,220.0,46.9055452747,210.0
2016-09-21,2,0,24.0,31.0,1,39.0,149.076923077,3.0,1.47916666667,220.0,50.008401661,235.0
2016-09-22,3,0,24.0,32.0,1,39.0,158.538461538,3.0,1.6054322784,235.0,53.6048439037,235.0
2016-09-23,4,0,25.0,32.0,1,39.0,165.0,3.0,1.55357550834,235.0,57.2457589964,223.0
2016-09-24,5,1,25.0,32.0,1,39.0,173.307692308,3.0,1.50488599349,235.0,57.2234279824,228.0
2016-09-25,6,1,26.0,33.0,1,39.0,181.153846154,3.0,1.42338416848,235.0,57.1917774534,233.0
2016-09-26,0,0,26.0,34.0,1,39.0,182.153846154,3.0,1.36813681368,235.0,57.9706107953,283.0
2016-09-27,1,0,27.0,35.0,1,39.0,188.692307692,3.0,1.41391106043,283.0,63.8813619326,341.0
2016-09-28,2,0,28.0,34.0,1,39.0,200.307692308,27.0,1.53749551489,341.0,75.6981705047,243.0
2016-09-29,3,0,21.0,28.0,0,39.0,212.615384615,46.0,1.50246945672,341.0,68.267053053,167.0
2016-09-30,4,0,20.0,26.0,0,46.0,218.769230769,46.0,1.2960566054,341.0,59.7393747825,93.0
2016-10-01,5,1,20.0,28.0,0,48.0,219.153846154,66.0,0.873036535624,341.0,58.9065050004,30.0
2016-10-02,6,1,23.0,31.0,1,48.0,210.615384615,30.0,0.51624388073,341.0,75.3622415777,17.0
2016-10-03,0,1,24.0,33.0,1,48.0,195.230769231,17.0,0.263504611331,341.0,91.2318718314,23.0
2016-10-04,1,1,24.0,32.0,1,48.0,180.846153846,17.0,0.1386001386,341.0,101.888963812,25.0
2016-10-05,2,1,23.0,33.0,1,48.0,164.692307692,17.0,0.135332084114,341.0,108.457992304,26.0
2016-10-06,3,1,25.0,32.0,1,48.0,148.615384615,17.0,0.156862745098,341.0,112.267906546,58.0
2016-10-07,4,1,25.0,31.0,1,58.0,135.923076923,17.0,0.233204963629,341.0,112.467746856,133.0
2016-10-08,5,0,24.0,31.0,0,66.0,128.615384615,17.0,0.457661077718,341.0,109.288987735,187.0
2016-10-09,6,0,22.0,30.0,1,71.0,125.076923077,17.0,0.785781103835,341.0,106.562702047,180.0
2016-10-10,0,0,22.0,30.0,1,83.0,117.153846154,17.0,1.05152471083,341.0,98.0124373221,163.0
2016-10-11,1,0,21.0,28.0,0,85.0,103.461538462,17.0,1.13139075675,341.0,75.6719797594,157.0
2016-10-12,2,0,20.0,25.0,0,87.0,96.8461538462,17.0,1.09469074986,341.0,66.3717341991,143.0
2016-10-13,3,0,22.0,28.0,1,88.0,95.0,17.0,1.04526470256,341.0,64.7076264677,205.0
2016-10-14,4,0,20.0,30.0,1,93.0,103.615384615,17.0,1.14707552527,341.0,71.0162911554,206.0
2016-10-15,5,1,21.0,31.0,1,108.0,117.153846154,17.0,1.26787962009,341.0,72.4535354065,165.0
2016-10-16,6,1,24.0,32.0,1,112.0,128.538461538,17.0,1.34973637961,341.0,67.2636779166,198.0
2016-10-17,0,0,23.0,32.0,1,113.0,142.0,17.0,1.37439613527,341.0,62.1090851771,229.0
2016-10-18,1,0,23.0,26.0,0,115.0,157.692307692,17.0,1.49043303122,341.0,56.0403489466,123.0
2016-10-19,2,0,23.0,27.0,0,123.0,165.153846154,17.0,1.45042194093,341.0,42.934379543,158.0
2016-10-20,3,0,24.0,31.0,1,126.0,172.846153846,17.0,1.3497419611,341.0,30.0815459756,259.0
2016-10-21,4,0,24.0,27.0,0,133.0,182.538461538,17.0,1.34078212291,341.0,35.4934780241,162.0
2016-10-22,5,1,24.0,30.0,1,133.0,180.615384615,17.0,1.37025204118,341.0,35.8748646988,190.0
2016-10-23,6,1,24.0,31.0,1,141.0,181.384615385,17.0,1.36231884058,341.0,35.9605306317,219.0
2016-10-24,0,0,24.0,30.0,1,143.0,185.692307692,17.0,1.19481062984,341.0,36.8435039998,204.0
2016-10-25,1,0,24.0,31.0,1,151.0,189.307692308,17.0,1.21446260525,341.0,36.1500816371,260.0
2016-10-26,2,0,25.0,32.0,1,157.0,198.307692308,17.0,1.26516624988,341.0,38.0169691168,266.0
2016-10-27,3,0,24.0,33.0,1,158.0,203.0,17.0,1.27834690482,266.0,42.0987849267,224.0
2016-10-28,4,0,22.0,33.0,1,162.0,204.384615385,17.0,1.28270908158,266.0,42.4690628785,228.0
2016-10-29,5,1,20.0,29.0,1,163.0,209.230769231,17.0,1.21519844292,266.0,41.2760944898,143.0
2016-10-30,6,1,19.0,28.0,1,163.0,205.0,17.0,1.01657269776,266.0,44.8724688594,146.0
2016-10-31,0,0,19.0,27.0,1,163.0,198.615384615,17.0,0.887172887173,266.0,46.8640233696,201.0
