time_stamp,dayofweek,holiday,lt,ht,sunny,m2M,w2A,m1L,d3w3,m1Lar,w2Std,pay_sum
2016-08-01,0,0,27.0,37.0,1,24.0,217.461538462,11.0,5.29399187513,1177.0,384.940278162,314.0
2016-08-02,1,0,26.0,36.0,0,26.0,239.769230769,11.0,4.94421608925,1177.0,381.469860458,34.0
2016-08-03,2,0,25.0,31.0,0,26.0,240.230769231,11.0,2.70460545615,1177.0,381.216908545,44.0
2016-08-04,3,0,25.0,29.0,0,27.0,241.0,11.0,0.765251342118,1177.0,380.809865742,30.0
2016-08-05,4,0,25.0,31.0,0,28.0,241.692307692,18.0,0.210958101377,1177.0,380.41725768,41.0
2016-08-06,5,1,24.0,32.0,0,29.0,238.846153846,18.0,0.225888823414,1177.0,381.7673166,82.0
2016-08-07,6,1,25.0,32.0,0,30.0,242.307692308,18.0,0.299559471366,1177.0,380.121920647,120.0
2016-08-08,0,0,26.0,32.0,0,30.0,248.692307692,18.0,0.463917525773,1177.0,377.306523953,35.0
2016-08-09,1,0,26.0,32.0,0,31.0,248.538461538,18.0,0.451041964031,1177.0,377.393207591,72.0
2016-08-10,2,0,26.0,34.0,0,31.0,252.692307692,18.0,0.426651630486,1177.0,375.123238132,30.0
2016-08-11,3,0,27.0,35.0,0,31.0,252.153846154,18.0,0.257785304356,1177.0,375.437354429,33.0
2016-08-12,4,0,28.0,38.0,1,32.0,234.384615385,18.0,0.253164556962,1177.0,379.896248683,44.0
2016-08-13,5,1,28.0,37.0,1,33.0,147.230769231,18.0,0.202593960049,1177.0,266.768742791,85.0
2016-08-14,6,1,28.0,37.0,1,33.0,74.1538461538,18.0,0.302605771925,1177.0,74.1452277149,61.0
2016-08-15,0,0,28.0,37.0,1,34.0,54.6923076923,18.0,0.352537341126,1177.0,26.589137792,24.0
2016-08-16,1,0,27.0,37.0,1,34.0,53.9230769231,18.0,0.316573556797,1177.0,27.3114840271,29.0
2016-08-17,2,0,27.0,36.0,1,34.0,52.7692307692,18.0,0.21164021164,1177.0,28.0141553399,32.0
2016-08-18,3,0,28.0,37.0,1,34.0,52.9230769231,18.0,0.158021937163,1177.0,27.8939241757,33.0
2016-08-19,4,0,27.0,37.0,1,34.0,52.3076923077,18.0,0.186785891704,1177.0,28.2363230756,32.0
2016-08-20,5,1,26.0,36.0,1,34.0,48.4615384615,18.0,0.292609351433,1177.0,27.3203654233,60.0
2016-08-21,6,1,26.0,34.0,1,34.0,43.8461538462,18.0,0.674763832659,1177.0,18.4842808638,74.0
2016-08-22,0,0,27.0,33.0,1,35.0,46.8461538462,18.0,1.1122278057,1177.0,19.9146106157,28.0
2016-08-23,1,0,27.0,34.0,1,35.0,43.4615384615,18.0,1.09201213347,1177.0,19.0732006294,24.0
2016-08-24,2,0,27.0,34.0,1,34.0,43.0,18.0,0.866873065015,1177.0,19.4619945219,28.0
2016-08-25,3,0,24.0,35.0,0,34.0,42.6153846154,18.0,0.551533953809,1177.0,19.7037226531,23.0
2016-08-26,4,0,21.0,27.0,0,34.0,41.0,23.0,0.526870389884,1177.0,20.3734367027,35.0
2016-08-27,5,1,18.0,27.0,1,34.0,37.1538461538,23.0,0.635624538064,1177.0,15.9414609592,74.0
2016-08-28,6,1,18.0,30.0,1,35.0,38.1538461538,23.0,1.02803738318,1177.0,17.7150355689,66.0
2016-08-29,0,0,19.0,31.0,1,35.0,41.3846153846,23.0,1.31529500188,1035.0,18.6446051654,29.0
2016-08-30,1,0,20.0,31.0,1,35.0,41.3846153846,23.0,1.33491311216,314.0,18.6446051654,20.0
2016-08-31,2,0,21.0,32.0,1,35.0,40.4615384615,20.0,0.919264588329,120.0,19.3693468561,31.0
2016-09-01,3,0,21.0,31.0,1,34.0,40.3076923077,20.0,0.641025641026,120.0,19.4358297814,28.0
2016-09-02,4,0,22.0,33.0,1,34.0,40.0,20.0,0.645424836601,120.0,19.5959179423,39.0
2016-09-03,5,1,22.0,33.0,1,35.0,38.3846153846,20.0,0.848484848485,120.0,18.7269384805,79.0
2016-09-04,6,1,22.0,31.0,1,35.0,38.7692307692,20.0,1.23519458545,120.0,19.4902494208,85.0
2016-09-05,0,0,23.0,32.0,1,37.0,43.1538461538,20.0,1.59403219474,120.0,22.7184985753,22.0
2016-09-06,1,0,21.0,31.0,1,37.0,43.0,20.0,1.47268408551,85.0,22.8540519888,18.0
2016-09-07,2,0,23.0,32.0,1,35.0,42.2307692308,18.0,1.00644122383,85.0,23.5050038737,18.0
2016-09-08,3,0,22.0,32.0,1,35.0,41.8461538462,18.0,0.475604756048,85.0,23.8548371287,19.0
2016-09-09,4,0,21.0,31.0,0,34.0,40.6153846154,18.0,0.458333333333,85.0,24.5780967578,23.0
2016-09-10,5,1,22.0,32.0,1,34.0,36.6923076923,18.0,0.524246395806,85.0,22.9527428071,74.0
2016-09-11,6,1,20.0,31.0,1,35.0,37.3076923077,18.0,1.01354303189,85.0,23.8210786276,67.0
2016-09-12,0,0,22.0,33.0,1,35.0,40.2307692308,18.0,1.36325852037,85.0,24.9280621795,22.0
2016-09-13,1,0,21.0,32.0,1,35.0,40.3846153846,18.0,1.35833333333,85.0,24.80861656,23.0
2016-09-14,2,0,21.0,31.0,1,34.0,39.7692307692,18.0,0.939203354298,85.0,25.1308999078,26.0
2016-09-15,3,1,23.0,31.0,0,34.0,39.6153846154,18.0,0.593149540518,85.0,25.2084798356,74.0
2016-09-16,4,1,22.0,30.0,0,34.0,42.3076923077,18.0,0.979689366786,85.0,26.816712973,29.0
2016-09-17,5,1,21.0,32.0,1,34.0,38.4615384615,18.0,1.08585858586,85.0,24.7871411596,4.0
2016-09-18,6,0,20.0,31.0,1,34.0,32.2307692308,4.0,0.977168949772,85.0,22.3680880038,4.0
2016-09-19,0,0,18.0,29.0,1,34.0,30.8461538462,4.0,0.34988179669,85.0,23.4876273611,1.0
2016-09-20,1,0,18.0,27.0,1,34.0,29.5384615385,1.0,0.0874635568513,85.0,24.6127402426,1.0
2016-09-21,2,0,17.0,28.0,1,33.0,28.2307692308,1.0,0.0609756097561,85.0,25.6219672762,17.0
2016-09-22,3,0,17.0,30.0,1,33.0,28.0769230769,1.0,0.196382428941,85.0,25.6828633033,23.0
2016-09-23,4,0,18.0,31.0,1,32.0,28.0769230769,1.0,0.434552199258,85.0,25.6828633033,19.0
2016-09-24,5,1,22.0,32.0,1,32.0,23.8461538462,1.0,0.691271236087,85.0,22.0413812001,56.0
2016-09-25,6,1,23.0,30.0,1,32.0,23.0,1.0,1.20987654321,85.0,20.5276548925,59.0
2016-09-26,0,0,23.0,33.0,1,32.0,25.8461538462,1.0,1.54823801271,85.0,22.6472825806,22.0
2016-09-27,1,0,22.0,32.0,1,32.0,25.7692307692,1.0,1.57200229489,85.0,22.6585146032,10.0
2016-09-28,2,0,16.0,25.0,0,31.0,24.5384615385,1.0,1.05875509017,85.0,23.0438224147,18.0
2016-09-29,3,0,15.0,18.0,0,30.0,20.2307692308,1.0,0.582750582751,85.0,18.0986775809,29.0
2016-09-30,4,0,17.0,20.0,0,30.0,20.2307692308,1.0,0.657439446367,85.0,18.0986775809,40.0
2016-10-01,5,1,17.0,20.0,0,30.0,23.0,1.0,1.06617647059,85.0,18.1574311975,88.0
2016-10-02,6,1,16.0,23.0,0,30.0,29.4615384615,1.0,1.85250737463,88.0,24.1903203293,78.0
2016-10-03,0,1,18.0,29.0,1,30.0,35.3846153846,1.0,2.21148684917,88.0,25.8651486978,66.0
2016-10-04,1,1,17.0,30.0,1,30.0,40.3846153846,1.0,2.32931726908,88.0,25.0031950621,84.0
2016-10-05,2,1,18.0,30.0,1,30.0,45.5384615385,1.0,2.10526315789,88.0,26.511580589,96.0
2016-10-06,3,1,19.0,29.0,1,30.0,51.1538461538,1.0,2.20430107527,96.0,28.7772510417,87.0
2016-10-07,4,1,19.0,27.0,1,30.0,56.3846153846,1.0,2.21945137157,96.0,28.6370885433,58.0
2016-10-08,5,0,16.0,26.0,1,30.0,56.5384615385,1.0,1.8769470405,96.0,28.6399811576,23.0
2016-10-09,6,0,16.0,24.0,1,29.0,53.7692307692,1.0,1.28,96.0,29.9773089729,31.0
2016-10-10,0,0,16.0,23.0,1,29.0,54.4615384615,1.0,0.825046040516,96.0,29.3326160931,19.0
2016-10-11,1,0,16.0,21.0,1,29.0,55.1538461538,1.0,0.527266161069,96.0,28.3653259452,18.0
2016-10-12,2,0,16.0,19.0,1,29.0,55.1538461538,1.0,0.49062049062,96.0,28.3653259452,21.0
2016-10-13,3,0,15.0,18.0,0,29.0,54.5384615385,1.0,0.419378163413,96.0,29.005610557,27.0
2016-10-14,4,0,15.0,19.0,1,29.0,53.5384615385,1.0,0.47311827957,96.0,29.7052582359,26.0
2016-10-15,5,1,16.0,23.0,1,28.0,48.7692307692,1.0,0.548148148148,96.0,28.7513313301,65.0
2016-10-16,6,1,16.0,24.0,1,28.0,47.7692307692,1.0,0.868285504047,96.0,27.9316579313,75.0
2016-10-17,0,0,16.0,23.0,1,28.0,48.4615384615,1.0,1.15397984011,96.0,28.4810743764,25.0
2016-10-18,1,0,18.0,25.0,1,28.0,43.9230769231,1.0,1.12936344969,96.0,27.1249573937,22.0
2016-10-19,2,0,18.0,24.0,0,28.0,38.2307692308,1.0,0.831629175187,96.0,23.0589673735,23.0
2016-10-20,3,0,19.0,23.0,0,27.0,33.3076923077,10.0,0.480109739369,96.0,18.5031582144,24.0
2016-10-21,4,0,18.0,24.0,0,26.0,30.6923076923,10.0,0.481171548117,96.0,17.1840024682,20.0
2016-10-22,5,1,16.0,21.0,0,26.0,30.4615384615,10.0,0.503003003003,96.0,17.3054699428,77.0
2016-10-23,6,1,15.0,18.0,1,26.0,34.0,10.0,0.909432544156,96.0,21.296442462,108.0
2016-10-24,0,0,12.0,16.0,0,27.0,40.8461538462,10.0,1.47111589523,108.0,28.4708924338,26.0
2016-10-25,1,0,12.0,16.0,0,26.0,41.4615384615,10.0,1.61500191351,108.0,28.0538366624,28.0
2016-10-26,2,0,13.0,16.0,0,26.0,42.0,10.0,1.34495641345,108.0,27.7211388377,30.0
2016-10-27,3,0,12.0,16.0,0,26.0,42.2307692308,18.0,0.750670241287,108.0,27.6075626377,30.0
2016-10-28,4,0,9.0,14.0,0,26.0,42.5384615385,18.0,0.817084493965,108.0,27.4467747429,38.0
2016-10-29,5,1,7.0,11.0,0,27.0,40.4615384615,18.0,0.891314233743,108.0,26.6793362408,191.0
2016-10-30,6,1,9.0,15.0,0,27.0,49.3846153846,18.0,1.9335572975,191.0,47.7872504103,76.0
2016-10-31,0,0,9.0,14.0,0,27.0,53.3076923077,18.0,2.14035087719,191.0,47.7177351571,29.0
