time_stamp,dayofweek,holiday,lt,ht,sunny,m2M,w2A,m1L,d3w3,m1Lar,w2Std,pay_sum
2016-08-01,0,0,16.0,26.0,0,104.0,102.692307692,89.0,0.976872068575,124.0,9.25189889353,86.0
2016-08-02,1,0,17.0,26.0,0,103.0,101.769230769,86.0,0.966420966421,124.0,10.2218005802,93.0
2016-08-03,2,0,16.0,27.0,0,103.0,101.076923077,86.0,0.942928039702,124.0,10.4841384846,75.0
2016-08-04,3,0,17.0,24.0,0,102.0,98.6923076923,75.0,0.847514180848,124.0,12.4368225931,87.0
2016-08-05,4,0,17.0,24.0,0,102.0,96.6923076923,75.0,0.859888720283,124.0,12.0600077522,87.0
2016-08-06,5,1,17.0,24.0,0,102.0,94.0,75.0,0.843495934959,124.0,9.80580675691,130.0
2016-08-07,6,1,15.0,23.0,0,102.0,96.6923076923,75.0,1.02099076406,130.0,13.7302844129,121.0
2016-08-08,0,0,16.0,26.0,0,102.0,99.0769230769,75.0,1.11883482291,130.0,14.9946736105,95.0
2016-08-09,1,0,17.0,27.0,0,102.0,99.5384615385,75.0,1.1470246975,130.0,14.7680287972,469.0
2016-08-10,2,0,17.0,26.0,0,102.0,127.384615385,75.0,1.92038127278,469.0,99.6922483381,306.0
2016-08-11,3,0,17.0,26.0,0,102.0,142.384615385,75.0,2.2498060512,469.0,110.213456153,287.0
2016-08-12,4,0,17.0,26.0,0,103.0,157.307692308,75.0,2.5726744186,469.0,115.522481738,340.0
2016-08-13,5,1,18.0,26.0,0,104.0,175.538461538,75.0,2.09427609428,469.0,123.90977821,310.0
2016-08-14,6,1,18.0,27.0,0,105.0,191.230769231,75.0,1.96127681842,469.0,126.988887367,284.0
2016-08-15,0,0,17.0,26.0,0,105.0,206.461538462,75.0,1.84275426655,469.0,125.317206986,157.0
2016-08-16,1,0,17.0,24.0,0,106.0,211.384615385,75.0,1.45247074751,469.0,121.975746935,149.0
2016-08-17,2,0,17.0,28.0,1,106.0,217.076923077,75.0,1.12735263208,469.0,117.107748898,151.0
2016-08-18,3,0,17.0,30.0,1,106.0,222.0,75.0,0.863322943232,469.0,112.802073085,138.0
2016-08-19,4,0,18.0,28.0,0,106.0,225.923076923,75.0,0.817011751539,469.0,108.856618143,147.0
2016-08-20,5,1,17.0,25.0,0,107.0,227.230769231,75.0,0.803390455132,469.0,107.793359183,118.0
2016-08-21,6,1,17.0,27.0,0,108.0,227.0,75.0,0.74012855831,469.0,108.023501716,124.0
2016-08-22,0,0,17.0,27.0,0,110.0,229.230769231,75.0,0.70701563068,469.0,105.545581729,132.0
2016-08-23,1,0,17.0,28.0,0,110.0,203.307692308,75.0,0.672601384768,469.0,82.2971955924,126.0
2016-08-24,2,0,17.0,28.0,0,110.0,189.461538462,75.0,0.677665424871,469.0,78.9280250361,126.0
2016-08-25,3,0,17.0,28.0,1,110.0,177.076923077,75.0,0.6742164867,469.0,75.1945799381,112.0
2016-08-26,4,0,17.0,28.0,0,110.0,159.538461538,75.0,0.634920634921,469.0,60.2540970642,142.0
2016-08-27,5,1,17.0,25.0,0,110.0,146.615384615,75.0,0.660754651365,469.0,41.7824741719,133.0
2016-08-28,6,1,18.0,24.0,0,111.0,135.0,75.0,0.670826833073,469.0,13.1617160443,127.0
2016-08-29,0,0,18.0,25.0,0,112.0,132.692307692,75.0,0.691077875193,469.0,11.6446396739,89.0
2016-08-30,1,0,18.0,26.0,0,112.0,128.076923077,75.0,0.665141985897,469.0,15.5140707273,113.0
2016-08-31,2,0,17.0,25.0,0,112.0,125.153846154,75.0,0.663640948058,469.0,14.463993245,100.0
2016-09-01,3,0,17.0,23.0,0,112.0,122.230769231,75.0,0.64571306393,469.0,15.3830768461,81.0
2016-09-02,4,0,16.0,22.0,0,112.0,117.153846154,81.0,0.685554389647,469.0,17.1591919921,122.0
2016-09-03,5,1,17.0,24.0,0,112.0,117.461538462,81.0,0.756271059528,469.0,17.2074017375,126.0
2016-09-04,6,1,17.0,23.0,0,113.0,117.615384615,81.0,0.872794800371,469.0,17.2739842695,110.0
2016-09-05,0,0,17.0,24.0,0,113.0,115.923076923,81.0,0.967829143012,469.0,16.8544061277,98.0
2016-09-06,1,0,17.0,23.0,0,112.0,113.769230769,81.0,0.922015182885,469.0,17.2142778224,103.0
2016-09-07,2,0,18.0,24.0,0,112.0,112.0,81.0,0.875932967188,469.0,17.0474451052,94.0
2016-09-08,3,0,18.0,24.0,0,112.0,110.615384615,81.0,0.84660639977,340.0,17.7093563343,104.0
2016-09-09,4,0,14.0,24.0,0,112.0,107.692307692,81.0,0.880116959064,340.0,15.2536735317,120.0
2016-09-10,5,1,13.0,19.0,0,112.0,106.692307692,81.0,0.929009640666,340.0,13.9305122518,141.0
2016-09-11,6,1,13.0,24.0,1,112.0,107.769230769,81.0,1.05843120197,310.0,15.8655594396,149.0
2016-09-12,0,0,16.0,23.0,1,113.0,112.384615385,81.0,1.18019573978,284.0,18.27793315,104.0
2016-09-13,1,0,17.0,23.0,1,113.0,111.692307692,81.0,1.14501598373,157.0,18.4114705692,110.0
2016-09-14,2,0,15.0,25.0,1,113.0,112.461538462,81.0,1.06233538191,151.0,18.1133838516,133.0
2016-09-15,3,1,16.0,24.0,0,113.0,116.461538462,81.0,1.00623459475,151.0,16.3829901686,118.0
2016-09-16,4,1,16.0,21.0,0,113.0,116.153846154,81.0,1.05787545788,149.0,16.3134967899,98.0
2016-09-17,5,1,16.0,23.0,0,113.0,114.0,81.0,1.03869047619,149.0,16.7148022837,112.0
2016-09-18,6,0,16.0,24.0,0,113.0,114.153846154,81.0,0.982771535581,149.0,16.6864576775,99.0
2016-09-19,0,0,14.0,22.0,0,113.0,114.230769231,81.0,0.921700223714,149.0,16.6139600529,86.0
2016-09-20,1,0,13.0,17.0,0,113.0,112.923076923,81.0,0.896739130435,149.0,18.0531758913,100.0
2016-09-21,2,0,14.0,19.0,0,112.0,113.384615385,81.0,0.860507246377,149.0,17.6353598534,106.0
2016-09-22,3,0,15.0,21.0,0,112.0,113.538461538,81.0,0.871771906255,149.0,17.5613885232,111.0
2016-09-23,4,0,15.0,23.0,1,112.0,112.846153846,81.0,0.951095109511,149.0,17.4701774631,126.0
2016-09-24,5,1,15.0,23.0,1,113.0,111.692307692,81.0,1.02910291029,149.0,16.0066554205,137.0
2016-09-25,6,1,16.0,26.0,1,118.0,110.769230769,81.0,1.10864087743,149.0,14.0556796413,132.0
2016-09-26,0,0,16.0,26.0,1,118.0,112.923076923,81.0,1.15345305884,149.0,14.9690015003,110.0
2016-09-27,1,0,16.0,26.0,1,118.0,112.923076923,81.0,1.10334788937,149.0,14.9690015003,126.0
2016-09-28,2,0,15.0,21.0,0,120.0,112.384615385,81.0,1.05656043641,149.0,14.3502262729,105.0
2016-09-29,3,0,16.0,23.0,1,120.0,111.384615385,81.0,0.978619601091,149.0,14.3770033335,116.0
2016-09-30,4,0,15.0,23.0,1,120.0,112.769230769,81.0,0.997556417996,149.0,13.8794471523,152.0
2016-10-01,5,1,15.0,19.0,0,121.0,115.846153846,86.0,1.06723891273,152.0,17.3641813196,123.0
2016-10-02,6,1,11.0,24.0,1,122.0,117.692307692,86.0,1.13136574074,152.0,16.7395644433,122.0
2016-10-03,0,1,12.0,26.0,1,122.0,120.461538462,86.0,1.13982199254,152.0,14.0253363301,117.0
2016-10-04,1,1,13.0,26.0,1,122.0,121.769230769,86.0,1.03621010448,152.0,12.7951544083,96.0
2016-10-05,2,1,13.0,25.0,1,122.0,121.0,86.0,0.974403723095,152.0,13.9669940602,104.0
2016-10-06,3,1,14.0,24.0,1,122.0,120.461538462,86.0,0.92771436933,152.0,14.4680836252,124.0
2016-10-07,4,1,14.0,23.0,0,122.0,120.307692308,86.0,0.9375,152.0,14.4189224786,113.0
2016-10-08,5,0,15.0,21.0,0,122.0,118.461538462,86.0,0.986261749819,152.0,13.6810671233,97.0
2016-10-09,6,0,16.0,22.0,0,120.0,115.769230769,86.0,0.966854827037,152.0,14.1864173726,114.0
2016-10-10,0,0,16.0,24.0,0,118.0,116.076923077,86.0,0.926640926641,152.0,14.1010721822,142.0
2016-10-11,1,0,16.0,26.0,1,118.0,117.307692308,86.0,0.991712319146,152.0,15.5384615385,107.0
2016-10-12,2,0,14.0,22.0,1,118.0,117.461538462,86.0,1.01937657961,152.0,15.4253307388,130.0
2016-10-13,3,0,14.0,21.0,1,118.0,118.538461538,86.0,1.05585736175,152.0,15.7705440354,113.0
2016-10-14,4,0,15.0,22.0,1,117.0,115.538461538,86.0,0.980392156863,152.0,12.4876270125,119.0
2016-10-15,5,1,14.0,23.0,1,117.0,115.230769231,86.0,1.02173299464,152.0,12.3484900737,147.0
2016-10-16,6,1,15.0,22.0,0,117.0,117.153846154,86.0,1.06296452111,152.0,14.9298160834,121.0
2016-10-17,0,0,15.0,21.0,0,117.0,117.461538462,86.0,1.08040201005,152.0,14.9646526322,98.0
2016-10-18,1,0,13.0,22.0,1,116.0,117.615384615,86.0,1.03389830508,152.0,14.7519931458,115.0
2016-10-19,2,0,12.0,23.0,1,115.0,118.461538462,96.0,0.939521800281,152.0,14.2538274731,97.0
2016-10-20,3,0,11.0,23.0,1,114.0,116.384615385,96.0,0.879058556643,152.0,15.2292151499,115.0
2016-10-21,4,0,12.0,25.0,1,114.0,116.538461538,96.0,0.942091616249,152.0,15.2043282533,153.0
2016-10-22,5,1,12.0,25.0,1,114.0,120.846153846,96.0,1.03811149033,153.0,16.8971829871,152.0
2016-10-23,6,1,12.0,25.0,1,114.0,123.769230769,96.0,1.17944397641,153.0,18.6553924815,146.0
2016-10-24,0,0,13.0,23.0,1,115.0,124.076923077,96.0,1.25121376058,153.0,18.9836429124,110.0
2016-10-25,1,0,14.0,24.0,0,114.0,124.307692308,96.0,1.12536201903,153.0,18.7919156734,119.0
2016-10-26,2,0,15.0,23.0,0,114.0,123.461538462,96.0,1.02796052632,153.0,18.7641859551,114.0
2016-10-27,3,0,15.0,23.0,0,114.0,123.538461538,96.0,0.944123314066,153.0,18.7231464508,98.0
2016-10-28,4,0,13.0,22.0,0,114.0,121.923076923,96.0,0.916770530397,153.0,19.9131249275,142.0
2016-10-29,5,1,12.0,17.0,0,114.0,121.538461538,96.0,0.962479608483,153.0,19.4683782447,147.0
2016-10-30,6,1,13.0,17.0,0,115.0,123.538461538,96.0,1.03822937626,153.0,20.6122270831,120.0
2016-10-31,0,0,12.0,18.0,0,115.0,125.230769231,96.0,1.10705102179,153.0,19.3078455403,119.0
