time_stamp,dayofweek,holiday,lt,ht,sunny,m2M,w2A,m1L,d3w3,m1Lar,w2Std,pay_sum
2016-08-01,0,0,24.0,30.0,1,25.0,47.6153846154,6.0,1.90701339638,100.0,32.7450253686,57.0
2016-08-02,1,0,24.0,33.0,1,26.0,50.7692307692,6.0,1.90905674558,100.0,31.4988494201,46.0
2016-08-03,2,0,25.0,34.0,1,26.0,53.8461538462,6.0,1.47743813683,100.0,28.8146494629,83.0
2016-08-04,3,0,25.0,33.0,1,26.0,52.9230769231,6.0,1.34636264929,100.0,27.6501816337,94.0
2016-08-05,4,0,25.0,32.0,1,27.0,58.3076923077,6.0,1.50624788923,100.0,28.3016297856,65.0
2016-08-06,5,1,24.0,33.0,1,27.0,59.7692307692,6.0,1.58169934641,100.0,28.1183045942,104.0
2016-08-07,6,1,23.0,31.0,1,27.0,64.3846153846,6.0,1.61003979186,104.0,30.0116348247,95.0
2016-08-08,0,0,24.0,32.0,1,27.0,70.1538461538,6.0,1.51332760103,104.0,28.0709161119,59.0
2016-08-09,1,0,25.0,33.0,1,28.0,73.3846153846,6.0,1.42620232172,104.0,23.8699632997,95.0
2016-08-10,2,0,26.0,33.0,1,28.0,78.5384615385,6.0,1.28185328185,104.0,20.5112178861,57.0
2016-08-11,3,0,27.0,34.0,1,28.0,76.6923076923,6.0,1.11906656059,104.0,21.2725341711,64.0
2016-08-12,4,0,25.0,29.0,0,28.0,78.1538461538,6.0,1.11025443331,104.0,19.6345306259,77.0
2016-08-13,5,1,24.0,31.0,0,32.0,76.6153846154,6.0,0.993975903614,104.0,18.8660805172,98.0
2016-08-14,6,1,24.0,33.0,1,32.0,76.4615384615,6.0,1.15291847564,104.0,18.6820167937,90.0
2016-08-15,0,0,21.0,29.0,0,35.0,79.0,6.0,1.21671258035,104.0,18.0980236915,45.0
2016-08-16,1,0,23.0,31.0,1,40.0,78.9230769231,6.0,1.04954954955,104.0,18.2396927203,59.0
2016-08-17,2,0,23.0,28.0,0,44.0,77.0769230769,6.0,0.855945290095,104.0,18.9349556212,60.0
2016-08-18,3,0,22.0,24.0,0,44.0,74.4615384615,6.0,0.733780760626,104.0,18.7641859551,59.0
2016-08-19,4,0,22.0,32.0,1,45.0,74.0,17.0,0.789007092199,104.0,19.0626497472,71.0
2016-08-20,5,1,23.0,31.0,1,45.0,71.4615384615,17.0,0.85701398286,104.0,16.9824134582,110.0
2016-08-21,6,1,23.0,34.0,1,46.0,72.6153846154,17.0,1.0752688172,110.0,18.9393301057,102.0
2016-08-22,0,0,23.0,32.0,1,46.0,75.9230769231,17.0,1.23070232659,110.0,19.9979288868,56.0
2016-08-23,1,0,24.0,30.0,0,46.0,72.9230769231,17.0,1.15791747678,110.0,19.8357158001,43.0
2016-08-24,2,0,24.0,31.0,0,46.0,71.8461538462,17.0,0.891550232868,110.0,21.0159139476,52.0
2016-08-25,3,0,18.0,30.0,1,46.0,70.9230769231,28.0,0.689025781428,110.0,21.5958027919,94.0
2016-08-26,4,0,17.0,29.0,1,46.0,72.2307692308,43.0,0.845637583893,110.0,22.4230439372,109.0
2016-08-27,5,1,20.0,32.0,1,52.0,73.0769230769,43.0,1.13712374582,110.0,23.5583123937,141.0
2016-08-28,6,1,18.0,31.0,1,56.0,77.0,43.0,1.48821111832,141.0,29.5374599189,129.0
2016-08-29,0,0,19.0,31.0,1,57.0,83.4615384615,43.0,1.56838402648,141.0,30.9829118774,65.0
2016-08-30,1,0,19.0,31.0,1,57.0,83.9230769231,43.0,1.41260805397,141.0,30.6580684284,76.0
2016-08-31,2,0,19.0,33.0,1,59.0,85.1538461538,43.0,1.125,141.0,29.986782098,76.0
2016-09-01,3,0,19.0,27.0,1,59.0,86.4615384615,43.0,0.897435897436,141.0,29.1774817931,64.0
2016-09-02,4,0,19.0,28.0,1,59.0,85.9230769231,43.0,0.900562851782,141.0,29.520427187,46.0
2016-09-03,5,1,20.0,30.0,1,59.0,81.0,43.0,0.801551389787,141.0,30.4176062377,104.0
2016-09-04,6,1,18.0,29.0,0,59.0,81.1538461538,43.0,0.913944052958,141.0,30.5282873965,100.0
2016-09-05,0,0,20.0,31.0,1,59.0,84.5384615385,43.0,1.03135313531,141.0,29.9861901153,45.0
2016-09-06,1,0,21.0,30.0,1,59.0,84.6923076923,43.0,1.03620474407,141.0,29.777081056,42.0
2016-09-07,2,0,19.0,31.0,1,59.0,83.9230769231,42.0,0.787037037037,141.0,30.7257384926,42.0
2016-09-08,3,0,18.0,31.0,1,59.0,79.9230769231,42.0,0.548819400128,141.0,32.4877764906,40.0
2016-09-09,4,0,19.0,31.0,1,59.0,74.6153846154,40.0,0.538194444444,141.0,32.9370926313,56.0
2016-09-10,5,1,18.0,30.0,1,59.0,68.0769230769,40.0,0.620782726046,141.0,27.014131739,93.0
2016-09-11,6,1,18.0,25.0,0,60.0,65.3076923077,40.0,0.855397148676,141.0,22.0083362366,90.0
2016-09-12,0,0,18.0,27.0,1,60.0,67.2307692308,40.0,1.05728821057,141.0,22.9687206909,46.0
2016-09-13,1,0,19.0,27.0,1,60.0,64.9230769231,40.0,1.01103752759,141.0,23.4732631485,39.0
2016-09-14,2,0,20.0,30.0,1,60.0,62.0769230769,39.0,0.779336450679,141.0,24.1898311072,51.0
2016-09-15,3,1,21.0,30.0,1,60.0,61.0769230769,39.0,0.623567171022,141.0,24.3577867457,105.0
2016-09-16,4,1,20.0,30.0,0,64.0,65.6153846154,39.0,0.896551724138,141.0,26.5258609997,82.0
2016-09-17,5,1,17.0,24.0,1,64.0,63.9230769231,39.0,1.1406661874,141.0,24.6590958049,68.0
2016-09-18,6,0,15.0,22.0,0,65.0,61.4615384615,39.0,1.27819548872,141.0,22.4314867459,59.0
2016-09-19,0,0,13.0,25.0,1,64.0,62.5384615385,39.0,1.05236656596,141.0,21.9461417132,41.0
2016-09-20,1,0,14.0,26.0,1,64.0,62.4615384615,39.0,0.868890612878,141.0,22.0196254583,47.0
2016-09-21,2,0,16.0,23.0,0,64.0,62.8461538462,39.0,0.777777777778,141.0,21.7002167797,64.0
2016-09-22,3,0,17.0,26.0,0,64.0,64.6923076923,39.0,0.804232804233,141.0,20.6747137098,42.0
2016-09-23,4,0,19.0,27.0,1,64.0,63.6153846154,39.0,0.812101910828,141.0,21.4495417256,60.0
2016-09-24,5,1,20.0,29.0,1,64.0,61.0769230769,39.0,0.913091309131,141.0,19.7034223441,95.0
2016-09-25,6,1,19.0,27.0,1,65.0,61.4615384615,39.0,1.08809721072,141.0,20.3039040756,121.0
2016-09-26,0,0,19.0,24.0,0,65.0,67.2307692308,39.0,1.43413873733,129.0,25.1645472415,63.0
2016-09-27,1,0,12.0,23.0,1,65.0,69.0769230769,39.0,1.4263803681,121.0,23.8729378117,70.0
2016-09-28,2,0,10.0,20.0,1,65.0,70.5384615385,39.0,1.27127127127,121.0,23.2961382888,76.0
2016-09-29,3,0,12.0,22.0,1,65.0,68.3076923077,39.0,1.01851851852,121.0,21.1819393874,96.0
2016-09-30,4,0,14.0,24.0,1,65.0,69.3846153846,39.0,1.14583333333,121.0,22.1829402974,163.0
2016-10-01,5,1,15.0,26.0,1,68.0,76.6923076923,39.0,1.51105096978,163.0,33.3567767659,153.0
2016-10-02,6,1,16.0,26.0,1,68.0,83.9230769231,39.0,1.7823923859,163.0,38.5256388924,138.0
2016-10-03,0,1,16.0,28.0,1,68.0,91.3846153846,39.0,1.85343947744,163.0,38.8815527973,120.0
2016-10-04,1,1,11.0,19.0,0,70.0,97.0,39.0,1.59859976663,163.0,37.3053924747,101.0
2016-10-05,2,1,13.0,21.0,1,70.0,99.8461538462,39.0,1.35676492819,163.0,36.0701158085,117.0
2016-10-06,3,1,14.0,17.0,0,70.0,105.615384615,39.0,1.26876876877,163.0,32.1404094118,130.0
2016-10-07,4,1,12.0,16.0,0,71.0,111.0,39.0,1.27192982456,163.0,29.8277103998,119.0
2016-10-08,5,0,5.0,19.0,1,71.0,112.846153846,39.0,1.30133333333,163.0,29.5214293844,66.0
2016-10-09,6,0,8.0,18.0,1,71.0,108.615384615,39.0,1.11583421892,163.0,31.895354042,67.0
2016-10-10,0,0,10.0,20.0,1,71.0,108.923076923,39.0,0.880503144654,163.0,31.4702827796,60.0
2016-10-11,1,0,10.0,20.0,1,70.0,108.153846154,39.0,0.66979003991,163.0,32.5170869966,72.0
2016-10-12,2,0,10.0,19.0,1,70.0,107.846153846,39.0,0.68774840159,163.0,32.8372353232,83.0
2016-10-13,3,0,12.0,22.0,1,70.0,106.846153846,41.0,0.72758037225,163.0,33.3762839657,59.0
2016-10-14,4,0,13.0,23.0,1,70.0,98.8461538462,41.0,0.724564076519,163.0,31.3610394104,94.0
2016-10-15,5,1,11.0,17.0,0,71.0,94.3076923077,41.0,0.79945799458,163.0,27.1870574847,128.0
2016-10-16,6,1,12.0,20.0,1,72.0,93.5384615385,41.0,0.948523206751,163.0,26.057969059,126.0
2016-10-17,0,0,9.0,21.0,1,76.0,94.0,41.0,1.13837095191,163.0,26.5706605112,60.0
2016-10-18,1,0,12.0,20.0,1,76.0,90.8461538462,41.0,1.0322156476,163.0,27.9500823003,60.0
2016-10-19,2,0,14.0,22.0,1,72.0,86.4615384615,42.0,0.815109343936,163.0,27.9742062089,69.0
2016-10-20,3,0,11.0,15.0,0,70.0,81.7692307692,42.0,0.63476070529,163.0,25.2621755752,70.0
2016-10-21,4,0,11.0,11.0,0,70.0,78.0,42.0,0.701198026779,163.0,22.9782505862,82.0
2016-10-22,5,1,7.0,15.0,1,72.0,79.2307692308,59.0,0.80907926048,163.0,22.7296954061,136.0
2016-10-23,6,1,0.0,5.0,1,76.0,84.5384615385,59.0,1.05552501374,163.0,26.9232967024,130.0
2016-10-24,0,0,6.0,13.0,1,76.0,89.9230769231,59.0,1.2684527064,163.0,28.4347066871,64.0
2016-10-25,1,0,10.0,17.0,1,72.0,89.3076923077,59.0,1.22767857143,163.0,28.8987213329,61.0
2016-10-26,2,0,0.0,10.0,1,70.0,87.6153846154,59.0,0.979262672811,163.0,29.8471451065,73.0
2016-10-27,3,0,7.0,11.0,0,70.0,88.6923076923,59.0,0.78618225134,163.0,29.0368058621,84.0
2016-10-28,4,0,2.0,13.0,1,72.0,87.9230769231,59.0,0.88402270884,163.0,29.0184597441,95.0
2016-10-29,5,1,2.0,12.0,1,72.0,85.3846153846,59.0,1.00418410042,163.0,26.7568494798,152.0
2016-10-30,6,1,2.0,13.0,1,72.0,87.3846153846,59.0,1.25521425863,153.0,30.4366642808,157.0
2016-10-31,0,0,-4.0,6.0,1,73.0,94.8461538462,59.0,1.45193171608,157.0,34.4357733354,83.0
