time_stamp,dayofweek,holiday,lt,ht,sunny,m2M,w2A,m1L,d3w3,m1Lar,w2Std,pay_sum
2016-08-01,0,0,28.0,36.0,1,59.0,44.0,30.0,0.982142857143,104.0,0.0,44.0
2016-08-02,1,0,27.0,36.0,0,59.0,44.0,30.0,0.997732426304,104.0,0.0,44.0
2016-08-03,2,0,26.0,32.0,0,59.0,44.0,30.0,1.00227790433,104.0,0.0,44.0
2016-08-04,3,0,26.0,33.0,0,58.0,44.0,30.0,1.0,104.0,0.0,44.0
2016-08-05,4,0,27.0,33.0,0,58.0,44.0,30.0,1.0,104.0,0.0,44.0
2016-08-06,5,1,26.0,33.0,0,53.0,44.0,30.0,1.0,59.0,0.0,44.0
2016-08-07,6,1,27.0,35.0,1,48.0,44.0,30.0,1.0,59.0,0.0,44.0
2016-08-08,0,0,27.0,34.0,0,48.0,44.0,30.0,1.0,58.0,0.0,44.0
2016-08-09,1,0,27.0,34.0,1,48.0,44.0,30.0,1.0,58.0,0.0,44.0
2016-08-10,2,0,28.0,35.0,1,44.0,44.0,42.0,1.0,58.0,0.0,44.0
2016-08-11,3,0,28.0,35.0,1,44.0,44.0,42.0,1.0,48.0,0.0,44.0
2016-08-12,4,0,28.0,36.0,1,44.0,44.0,42.0,1.0,44.0,0.0,44.0
2016-08-13,5,1,28.0,36.0,1,44.0,44.0,44.0,1.0,44.0,0.0,44.0
2016-08-14,6,1,28.0,37.0,1,44.0,44.0,44.0,1.0,44.0,0.0,44.0
2016-08-15,0,0,27.0,36.0,1,44.0,44.0,44.0,1.0,44.0,0.0,44.0
2016-08-16,1,0,27.0,36.0,1,44.0,44.0,44.0,1.0,44.0,0.0,44.0
2016-08-17,2,0,27.0,36.0,1,44.0,44.0,44.0,1.0,44.0,0.0,44.0
2016-08-18,3,0,28.0,36.0,1,44.0,44.0,44.0,1.0,44.0,0.0,44.0
2016-08-19,4,0,29.0,37.0,1,44.0,44.0,44.0,1.0,44.0,0.0,44.0
2016-08-20,5,1,28.0,37.0,0,44.0,44.0,44.0,1.0,44.0,0.0,44.0
2016-08-21,6,1,28.0,35.0,0,44.0,44.0,44.0,1.0,44.0,0.0,44.0
2016-08-22,0,0,27.0,35.0,1,44.0,44.0,44.0,1.0,44.0,0.0,44.0
2016-08-23,1,0,26.0,35.0,1,44.0,44.0,44.0,1.0,44.0,0.0,44.0
2016-08-24,2,0,25.0,34.0,1,44.0,44.0,44.0,1.0,44.0,0.0,44.0
2016-08-25,3,0,26.0,35.0,1,44.0,44.0,44.0,1.0,44.0,0.0,44.0
2016-08-26,4,0,24.0,32.0,0,44.0,44.0,44.0,1.0,44.0,0.0,44.0
2016-08-27,5,1,23.0,30.0,1,44.0,44.0,44.0,1.0,44.0,0.0,44.0
2016-08-28,6,1,20.0,31.0,1,44.0,44.0,44.0,1.0,44.0,0.0,44.0
2016-08-29,0,0,20.0,32.0,1,44.0,44.0,44.0,1.0,44.0,0.0,44.0
2016-08-30,1,0,21.0,31.0,1,44.0,44.0,44.0,1.0,44.0,0.0,44.0
2016-08-31,2,0,23.0,33.0,1,44.0,44.0,44.0,1.0,44.0,0.0,70.0
2016-09-01,3,0,24.0,33.0,1,44.0,46.0,44.0,1.16261957322,70.0,6.92820323028,41.0
2016-09-02,4,0,24.0,34.0,1,44.0,45.7692307692,41.0,1.14433370247,70.0,7.04003765455,38.0
2016-09-03,5,1,22.0,34.0,1,44.0,45.3076923077,38.0,1.10739502044,70.0,7.33154003535,40.0
2016-09-04,6,1,23.0,32.0,1,44.0,45.0,38.0,0.888391190743,70.0,7.46272789885,44.0
2016-09-05,0,0,24.0,32.0,1,44.0,45.0,38.0,0.910787607316,70.0,7.46272789885,100.0
2016-09-06,1,0,21.0,26.0,0,44.0,49.3076923077,38.0,1.29258868985,100.0,16.4241127398,96.0
2016-09-07,2,0,21.0,25.0,0,44.0,53.3076923077,38.0,1.5984015984,100.0,20.4765705339,93.0
2016-09-08,3,0,21.0,30.0,1,44.0,57.0769230769,38.0,1.83492063492,100.0,22.7949439011,88.0
2016-09-09,4,0,22.0,32.0,1,44.0,60.4615384615,38.0,1.68799512492,100.0,23.8444168102,113.0
2016-09-10,5,1,23.0,29.0,1,44.0,65.7692307692,38.0,1.6852966466,113.0,27.0530926603,61.0
2016-09-11,6,1,21.0,28.0,1,44.0,67.0769230769,38.0,1.4802259887,113.0,26.3714925877,67.0
2016-09-12,0,0,21.0,29.0,1,44.0,68.8461538462,38.0,1.33555001385,113.0,25.5217739733,109.0
2016-09-13,1,0,21.0,30.0,1,44.0,73.8461538462,38.0,1.24605678233,113.0,26.5122501551,126.0
2016-09-14,2,0,21.0,24.0,0,44.0,78.1538461538,38.0,1.49135802469,126.0,29.8736986298,80.0
2016-09-15,3,1,21.0,25.0,0,44.0,81.1538461538,38.0,1.51515151515,126.0,27.8839522468,80.0
2016-09-16,4,1,22.0,25.0,0,44.0,84.3846153846,38.0,1.34083450539,126.0,24.9785706974,11.0
2016-09-17,5,1,21.0,27.0,1,44.0,82.1538461538,11.0,0.820734341253,126.0,29.692905534,11.0
2016-09-18,6,0,21.0,27.0,1,44.0,79.6153846154,11.0,0.501474926254,126.0,33.9514097624,59.0
2016-09-19,0,0,20.0,26.0,1,44.0,76.4615384615,11.0,0.393873085339,126.0,33.8153706166,70.0
2016-09-20,1,0,19.0,26.0,1,44.0,74.4615384615,11.0,0.668098305894,126.0,33.3665317914,81.0
2016-09-21,2,0,18.0,26.0,1,44.0,73.5384615385,11.0,0.994318181818,126.0,33.0049305981,137.0
2016-09-22,3,0,17.0,27.0,1,44.0,77.3076923077,11.0,1.27659574468,137.0,36.9976810404,77.0
2016-09-23,4,0,19.0,27.0,1,44.0,74.5384615385,11.0,1.27457334197,137.0,35.5411254413,94.0
2016-09-24,5,1,19.0,28.0,1,44.0,77.0769230769,11.0,1.28574410353,137.0,35.6617906675,72.0
2016-09-25,6,1,21.0,29.0,1,44.0,77.4615384615,11.0,0.996923076923,137.0,35.5779001945,88.0
2016-09-26,0,0,23.0,30.0,1,44.0,75.8461538462,11.0,1.04980367845,137.0,34.5717673918,160.0
2016-09-27,1,0,23.0,30.0,1,44.0,78.4615384615,11.0,1.27211290002,160.0,39.2381591833,124.0
2016-09-28,2,0,21.0,26.0,0,44.0,81.8461538462,11.0,1.45199063232,160.0,41.0793718659,59.0
2016-09-29,3,0,20.0,23.0,0,44.0,80.2307692308,11.0,1.36192177884,160.0,41.5306260416,98.0
2016-09-30,4,0,21.0,24.0,0,44.0,86.9230769231,11.0,1.12580128205,160.0,36.545991127,378.0
2016-10-01,5,1,22.0,25.0,0,44.0,115.153846154,11.0,1.80043748948,378.0,81.3178437735,39.0
2016-10-02,6,1,21.0,30.0,0,44.0,113.615384615,11.0,1.75797917733,378.0,82.5455943581,30.0
2016-10-03,0,1,19.0,25.0,1,44.0,110.538461538,11.0,1.5901814301,378.0,84.8279846645,23.0
2016-10-04,1,1,21.0,27.0,1,44.0,106.076923077,11.0,0.34632034632,378.0,87.7395284468,23.0
2016-10-05,2,1,20.0,28.0,1,44.0,97.3076923077,11.0,0.295604823026,378.0,89.8814472303,41.0
2016-10-06,3,1,20.0,25.0,1,44.0,94.5384615385,11.0,0.346268656716,378.0,91.011931073,33.0
2016-10-07,4,1,18.0,22.0,0,44.0,89.8461538462,11.0,0.381064623846,378.0,92.4793915952,84.0
2016-10-08,5,0,16.0,23.0,1,44.0,90.7692307692,11.0,0.595103578154,378.0,92.3564614758,51.0
2016-10-09,6,0,14.0,21.0,1,44.0,87.9230769231,11.0,0.635641316686,378.0,92.9660496662,59.0
2016-10-10,0,0,15.0,22.0,1,44.0,80.1538461538,11.0,0.738625547306,378.0,90.8132878737,57.0
2016-10-11,1,0,17.0,23.0,1,44.0,75.0,11.0,0.644663192434,378.0,90.0768902319,96.0
2016-10-12,2,0,17.0,22.0,1,51.0,77.8461538462,11.0,0.838275998418,378.0,90.1109112781,91.0
2016-10-13,3,0,17.0,20.0,1,57.0,77.3076923077,11.0,0.956862745098,378.0,90.0097299145,115.0
2016-10-14,4,0,18.0,21.0,1,59.0,57.0769230769,11.0,1.16986248305,378.0,29.0978760485,138.0
2016-10-15,5,1,19.0,21.0,0,59.0,64.6923076923,11.0,1.28334265995,378.0,35.5990160093,83.0
2016-10-16,6,1,18.0,25.0,1,59.0,68.7692307692,11.0,1.25701459035,378.0,34.4074094126,115.0
2016-10-17,0,0,18.0,25.0,1,61.0,75.8461538462,23.0,1.28957973518,378.0,33.7202202608,136.0
2016-10-18,1,0,18.0,24.0,1,67.0,84.5384615385,23.0,1.27310844292,378.0,33.5412842849,97.0
2016-10-19,2,0,19.0,22.0,0,70.0,88.8461538462,23.0,1.29826524902,378.0,31.1864027418,153.0
2016-10-20,3,0,19.0,22.0,0,70.0,98.0769230769,23.0,1.39703221136,378.0,31.0494928448,171.0
2016-10-21,4,0,20.0,22.0,0,72.0,104.769230769,23.0,1.71661569827,378.0,36.2367298706,108.0
2016-10-22,5,1,19.0,22.0,0,77.0,109.153846154,23.0,1.69014084507,378.0,32.745748177,86.0
2016-10-23,6,1,16.0,22.0,1,80.0,111.230769231,23.0,1.38257575758,378.0,30.260799334,126.0
2016-10-24,0,0,17.0,23.0,1,80.0,116.538461538,23.0,1.14510645912,378.0,26.0402510463,100.0
2016-10-25,1,0,16.0,19.0,1,81.0,116.846153846,23.0,1.07216494845,378.0,25.81843752,155.0
2016-10-26,2,0,17.0,20.0,0,83.0,121.769230769,23.0,1.23661148978,378.0,26.5131428835,186.0
2016-10-27,3,0,16.0,19.0,0,84.0,127.230769231,23.0,1.33212505664,378.0,31.4157085797,222.0
2016-10-28,4,0,14.0,18.0,0,86.0,133.692307692,23.0,1.60056858564,378.0,40.3377750338,164.0
2016-10-29,5,1,9.0,13.0,0,88.0,139.923076923,23.0,1.55139679957,378.0,38.22697706,232.0
2016-10-30,6,1,13.0,18.0,1,88.0,148.923076923,23.0,1.56594450779,232.0,44.5498191975,113.0
2016-10-31,0,0,11.0,16.0,0,91.0,147.153846154,23.0,1.26287061159,232.0,45.4750077665,139.0
