time_stamp,dayofweek,holiday,lt,ht,sunny,m2M,w2A,m1L,d3w3,m1Lar,w2Std,pay_sum
2016-08-01,0,0,24.0,30.0,1,86.0,82.8461538462,1.0,0.402331265275,128.0,32.811457084,77.0
2016-08-02,1,0,24.0,33.0,1,86.0,82.5384615385,1.0,0.695553021665,128.0,32.8460637722,73.0
2016-08-03,2,0,25.0,34.0,1,86.0,81.5384615385,1.0,0.796890184645,128.0,32.9232566494,95.0
2016-08-04,3,0,25.0,33.0,1,87.0,81.8461538462,1.0,0.960219478738,128.0,33.0287663754,72.0
2016-08-05,4,0,25.0,32.0,1,87.0,77.6923076923,1.0,0.962695547533,128.0,30.5145226847,73.0
2016-08-06,5,1,24.0,33.0,1,87.0,73.4615384615,1.0,0.97205346294,128.0,26.8374462405,66.0
2016-08-07,6,1,23.0,31.0,1,87.0,72.5384615385,1.0,0.86777709233,128.0,26.8718193384,55.0
2016-08-08,0,0,24.0,32.0,1,87.0,67.7692307692,1.0,0.814441645676,128.0,23.8944919503,109.0
2016-08-09,1,0,25.0,33.0,1,88.0,68.3846153846,1.0,0.948844884488,128.0,24.8272135477,95.0
2016-08-10,2,0,26.0,33.0,1,88.0,69.4615384615,1.0,1.06256410256,128.0,25.6413589722,81.0
2016-08-11,3,0,27.0,34.0,1,88.0,69.4615384615,1.0,1.17647058824,128.0,25.6413589722,93.0
2016-08-12,4,0,25.0,29.0,0,89.0,76.5384615385,1.0,1.13358617783,128.0,17.0140909231,78.0
2016-08-13,5,1,24.0,31.0,0,89.0,78.6153846154,1.0,1.09660574413,128.0,15.3349197361,91.0
2016-08-14,6,1,24.0,33.0,1,90.0,81.3846153846,1.0,1.13052858684,128.0,14.0139406501,94.0
2016-08-15,0,0,21.0,29.0,0,91.0,82.6923076923,1.0,1.15199299168,128.0,14.3333103986,114.0
2016-08-16,1,0,23.0,31.0,1,91.0,85.8461538462,1.0,1.29858849077,128.0,16.2378766793,93.0
2016-08-17,2,0,23.0,28.0,0,91.0,85.6923076923,1.0,1.29713423831,128.0,16.1597058969,119.0
2016-08-18,3,0,22.0,24.0,0,91.0,89.3076923077,1.0,1.37118822292,128.0,17.8600741466,92.0
2016-08-19,4,0,22.0,32.0,1,91.0,90.7692307692,1.0,1.2092283214,128.0,17.2321428024,89.0
2016-08-20,5,1,23.0,31.0,1,91.0,92.5384615385,1.0,1.16686114352,128.0,15.7119033005,89.0
2016-08-21,6,1,23.0,34.0,1,91.0,95.1538461538,1.0,1.02974828375,128.0,11.5148476315,86.0
2016-08-22,0,0,23.0,32.0,1,90.0,93.3846153846,1.0,1.00170745589,119.0,11.0072595733,92.0
2016-08-23,1,0,24.0,30.0,0,91.0,93.1538461538,1.0,1.00225225225,119.0,11.00242039,103.0
2016-08-24,2,0,24.0,31.0,0,91.0,94.8461538462,1.0,1.05007473842,119.0,10.6903706048,84.0
2016-08-25,3,0,18.0,30.0,1,89.0,94.1538461538,1.0,1.03563474388,119.0,11.0721143408,69.0
2016-08-26,4,0,17.0,29.0,1,89.0,93.4615384615,1.0,0.952380952381,119.0,12.2764025338,91.0
2016-08-27,5,1,20.0,32.0,1,89.0,93.4615384615,1.0,0.895248578243,119.0,12.2764025338,74.0
2016-08-28,6,1,18.0,31.0,1,89.0,91.9230769231,51.0,0.849673202614,119.0,13.3212469875,60.0
2016-08-29,0,0,19.0,31.0,1,88.0,87.7692307692,55.0,0.839395635143,119.0,14.1809940313,74.0
2016-08-30,1,0,19.0,31.0,1,88.0,86.3076923077,55.0,0.785201963005,119.0,14.5411068005,84.0
2016-08-31,2,0,19.0,33.0,1,88.0,83.6153846154,55.0,0.821556434897,119.0,11.0630254698,80.0
2016-09-01,3,0,19.0,27.0,1,88.0,82.6923076923,55.0,0.903568716781,119.0,10.8229429766,80.0
2016-09-02,4,0,19.0,28.0,1,88.0,82.0,55.0,0.925293894577,119.0,10.6842803292,88.0
2016-09-03,5,1,20.0,30.0,1,88.0,81.9230769231,55.0,0.942070275404,119.0,10.6371015316,64.0
2016-09-04,6,1,18.0,29.0,0,88.0,80.2307692308,55.0,0.896618357488,119.0,11.5635624412,63.0
2016-09-05,0,0,20.0,31.0,1,88.0,78.0,55.0,0.856232576663,119.0,11.8711025993,86.0
2016-09-06,1,0,21.0,30.0,1,88.0,76.6923076923,60.0,0.851829634073,119.0,9.80097809393,73.0
2016-09-07,2,0,19.0,31.0,1,88.0,75.8461538462,60.0,0.913016656385,119.0,9.60645739431,76.0
2016-09-08,3,0,18.0,31.0,1,86.0,76.3846153846,60.0,0.976116303219,119.0,9.40162393124,73.0
2016-09-09,4,0,19.0,31.0,1,86.0,75.0,60.0,0.931403398364,119.0,8.42158399133,67.0
2016-09-10,5,1,18.0,30.0,1,86.0,74.4615384615,60.0,0.918953414167,119.0,8.68788178677,67.0
2016-09-11,6,1,18.0,25.0,0,84.0,75.0,60.0,0.891472868217,119.0,7.96144555873,71.0
2016-09-12,0,0,18.0,27.0,1,84.0,74.7692307692,60.0,0.895001091465,119.0,8.0302681836,72.0
2016-09-13,1,0,19.0,27.0,1,81.0,73.8461538462,60.0,0.935828877005,119.0,7.59398703273,60.0
2016-09-14,2,0,20.0,30.0,1,81.0,72.3076923077,60.0,0.919384057971,119.0,8.19366185991,58.0
2016-09-15,3,1,21.0,30.0,1,81.0,70.6153846154,58.0,0.866986082592,119.0,8.68720067808,48.0
2016-09-16,4,1,20.0,30.0,0,81.0,67.5384615385,48.0,0.780441937,103.0,9.06061115799,51.0
2016-09-17,5,1,17.0,24.0,1,80.0,66.5384615385,48.0,0.750298685783,103.0,10.0584092993,57.0
2016-09-18,6,0,15.0,22.0,0,80.0,66.0769230769,48.0,0.747126436782,103.0,10.3437944121,58.0
2016-09-19,0,0,13.0,25.0,1,78.0,63.9230769231,48.0,0.804263565891,103.0,8.76585630081,69.0
2016-09-20,1,0,14.0,26.0,1,78.0,63.6153846154,48.0,0.901298065148,103.0,8.50826260434,68.0
2016-09-21,2,0,16.0,23.0,0,77.0,63.0,48.0,0.963676797628,103.0,7.8544450913,91.0
2016-09-22,3,0,17.0,26.0,0,77.0,64.3846153846,48.0,1.11764705882,91.0,10.6014401165,70.0
2016-09-23,4,0,19.0,27.0,1,76.0,64.6153846154,48.0,1.13760556384,91.0,10.6881563607,69.0
2016-09-24,5,1,20.0,29.0,1,74.0,64.7692307692,48.0,1.13833209602,91.0,10.735661967,72.0
2016-09-25,6,1,19.0,27.0,1,74.0,64.8461538462,48.0,1.03736479843,91.0,10.7835070208,81.0
2016-09-26,0,0,19.0,24.0,0,74.0,65.5384615385,48.0,1.09548482605,91.0,11.4865498912,77.0
2016-09-27,1,0,12.0,23.0,1,74.0,66.8461538462,48.0,1.13161131611,91.0,11.7463326771,77.0
2016-09-28,2,0,10.0,20.0,1,76.0,68.3076923077,48.0,1.15535889872,91.0,11.736757614,81.0
2016-09-29,3,0,12.0,22.0,1,77.0,70.8461538462,48.0,1.1485826002,91.0,10.5818869471,76.0
2016-09-30,4,0,14.0,24.0,1,76.0,72.7692307692,48.0,1.13619810634,91.0,8.9455949293,120.0
2016-10-01,5,1,15.0,26.0,1,77.0,77.6153846154,48.0,1.29499766246,120.0,14.4570369426,73.0
2016-10-02,6,1,16.0,26.0,1,76.0,78.7692307692,48.0,1.2558356676,120.0,13.405818749,50.0
2016-10-03,0,1,16.0,28.0,1,76.0,77.3076923077,48.0,1.15220483642,120.0,15.293963693,41.0
2016-10-04,1,1,11.0,19.0,0,76.0,75.2307692308,41.0,0.788272049988,120.0,18.0092021185,40.0
2016-10-05,2,1,13.0,21.0,1,76.0,71.3076923077,40.0,0.63793523253,120.0,19.6288038563,50.0
2016-10-06,3,1,14.0,17.0,0,76.0,69.7692307692,40.0,0.637004619499,120.0,20.4381010941,56.0
2016-10-07,4,1,12.0,16.0,0,76.0,68.7692307692,40.0,0.707364341085,120.0,20.7666665084,54.0
2016-10-08,5,0,5.0,19.0,1,74.0,67.3846153846,40.0,0.776887594076,120.0,21.1024550578,90.0
2016-10-09,6,0,8.0,18.0,1,74.0,68.0769230769,40.0,0.948991696323,120.0,21.6775727369,86.0
2016-10-10,0,0,10.0,20.0,1,74.0,68.7692307692,40.0,1.07829348336,120.0,22.0912577424,83.0
2016-10-11,1,0,10.0,20.0,1,74.0,69.2307692308,40.0,1.20157736024,120.0,22.3198905641,80.0
2016-10-12,2,0,10.0,19.0,1,74.0,69.1538461538,40.0,1.16409537167,120.0,22.2808857504,80.0
2016-10-13,3,0,12.0,22.0,1,74.0,69.4615384615,40.0,1.12813370474,120.0,22.4006022742,99.0
2016-10-14,4,0,13.0,23.0,1,74.0,67.8461538462,40.0,1.17780809459,120.0,19.2307692308,80.0
2016-10-15,5,1,11.0,17.0,0,74.0,68.3846153846,40.0,1.17141564903,120.0,19.4641226621,73.0
2016-10-16,6,1,12.0,20.0,1,74.0,70.1538461538,40.0,1.14597544338,120.0,18.744624476,77.0
2016-10-17,0,0,9.0,21.0,1,74.0,72.9230769231,40.0,1.04592996817,120.0,16.7903889104,88.0
2016-10-18,1,0,12.0,20.0,1,74.0,76.6153846154,40.0,1.07424960506,120.0,14.2264026565,90.0
2016-10-19,2,0,14.0,22.0,1,74.0,79.6923076923,40.0,1.14401076716,120.0,12.3374639919,82.0
2016-10-20,3,0,11.0,15.0,0,74.0,81.6923076923,40.0,1.1617515639,120.0,10.2685825206,96.0
2016-10-21,4,0,11.0,11.0,0,74.0,84.9230769231,40.0,1.21707538601,120.0,7.19467258529,91.0
2016-10-22,5,1,7.0,15.0,1,74.0,85.0,40.0,1.20681920144,120.0,7.25364629792,64.0
2016-10-23,6,1,0.0,5.0,1,73.0,83.3076923077,40.0,1.11555555556,120.0,9.14317412806,66.0
2016-10-24,0,0,6.0,13.0,1,73.0,82.0,40.0,0.966120218579,120.0,10.2431966164,72.0
2016-10-25,1,0,10.0,17.0,1,73.0,81.3846153846,40.0,0.864911153928,120.0,10.5796499981,81.0
2016-10-26,2,0,0.0,10.0,1,73.0,81.4615384615,40.0,0.919395465995,120.0,10.5729363116,103.0
2016-10-27,3,0,7.0,11.0,0,73.0,81.7692307692,40.0,1.04383282365,120.0,11.1227683753,90.0
2016-10-28,4,0,2.0,13.0,1,73.0,82.5384615385,40.0,1.09315778975,120.0,11.3178917894,94.0
2016-10-29,5,1,2.0,12.0,1,73.0,84.1538461538,40.0,1.14228855721,120.0,11.3398287455,63.0
2016-10-30,6,1,2.0,13.0,1,73.0,83.0769230769,40.0,0.996771589992,103.0,12.5665094503,67.0
2016-10-31,0,0,-4.0,6.0,1,73.0,81.4615384615,40.0,0.912795436023,103.0,13.1653121416,72.0
