time_stamp,dayofweek,holiday,lt,ht,sunny,m2M,w2A,m1L,d3w3,m1Lar,w2Std,pay_sum
2016-08-01,0,0,28.0,36.0,1,87.0,71.1538461538,58.0,0.903588413316,141.0,12.1582270585,64.0
2016-08-02,1,0,27.0,36.0,0,87.0,71.0769230769,58.0,0.932619366354,141.0,12.2000097003,63.0
2016-08-03,2,0,26.0,32.0,0,86.0,71.0769230769,58.0,0.967887833559,141.0,12.2000097003,53.0
2016-08-04,3,0,26.0,33.0,0,84.0,68.7692307692,53.0,0.831600831601,141.0,12.5585021532,60.0
2016-08-05,4,0,27.0,33.0,0,84.0,65.6153846154,53.0,0.835112692764,141.0,8.5892460629,72.0
2016-08-06,5,1,26.0,33.0,0,83.0,65.3846153846,53.0,0.895666908739,141.0,8.37154945256,64.0
2016-08-07,6,1,27.0,35.0,1,83.0,64.7692307692,53.0,0.955864423311,141.0,8.15384615385,74.0
2016-08-08,0,0,27.0,34.0,0,83.0,65.6923076923,53.0,1.01818181818,141.0,8.46153846154,61.0
2016-08-09,1,0,27.0,34.0,1,75.0,64.7692307692,53.0,0.967663505957,121.0,8.26627854278,90.0
2016-08-10,2,0,28.0,35.0,1,75.0,67.0769230769,53.0,1.07296137339,112.0,10.4988024113,93.0
2016-08-11,3,0,28.0,35.0,1,75.0,69.4615384615,53.0,1.1553030303,101.0,12.4196827943,85.0
2016-08-12,4,0,28.0,36.0,1,83.0,71.0769230769,53.0,1.28352490421,101.0,12.9582853713,85.0
2016-08-13,5,1,28.0,36.0,1,83.0,73.1538461538,53.0,1.25059438897,101.0,12.8592747364,100.0
2016-08-14,6,1,28.0,37.0,1,83.0,74.1538461538,53.0,1.25874125874,101.0,14.3196806682,80.0
2016-08-15,0,0,27.0,36.0,1,83.0,75.3846153846,53.0,1.22007366483,101.0,14.0796550523,90.0
2016-08-16,1,0,27.0,36.0,1,83.0,77.4615384615,53.0,1.22866894198,101.0,14.0909975877,78.0
2016-08-17,2,0,27.0,36.0,1,83.0,79.3846153846,53.0,1.1148572713,101.0,12.2004947033,70.0
2016-08-18,3,0,28.0,36.0,1,83.0,80.1538461538,53.0,1.0641627543,101.0,11.2307692308,81.0
2016-08-19,4,0,29.0,37.0,1,83.0,80.8461538462,53.0,1.01237842617,101.0,10.9814259537,108.0
2016-08-20,5,1,28.0,37.0,0,83.0,84.2307692308,53.0,1.10825845101,108.0,12.0009861528,104.0
2016-08-21,6,1,28.0,35.0,0,83.0,86.5384615385,53.0,1.24021164021,108.0,12.6771471227,101.0
2016-08-22,0,0,27.0,35.0,1,83.0,89.6153846154,53.0,1.29445822994,108.0,10.8240363688,79.0
2016-08-23,1,0,26.0,35.0,1,83.0,88.7692307692,53.0,1.16298116298,108.0,11.1848375811,113.0
2016-08-24,2,0,25.0,34.0,1,83.0,90.3076923077,53.0,1.15718799368,113.0,12.9042903741,99.0
2016-08-25,3,0,26.0,35.0,1,83.0,91.3846153846,53.0,1.12333526346,113.0,13.0002275811,96.0
2016-08-26,4,0,24.0,32.0,0,84.0,92.2307692308,53.0,1.17266324005,113.0,12.914832535,103.0
2016-08-27,5,1,23.0,30.0,1,85.0,92.4615384615,53.0,1.10986964618,113.0,13.0773755578,105.0
2016-08-28,6,1,20.0,31.0,1,85.0,94.3846153846,53.0,1.11294160718,113.0,12.9409217454,95.0
2016-08-29,0,0,20.0,32.0,1,85.0,94.7692307692,53.0,1.08894878706,113.0,12.8790458686,78.0
2016-08-30,1,0,21.0,31.0,1,84.0,94.7692307692,53.0,1.00560680051,113.0,12.8790458686,97.0
2016-08-31,2,0,23.0,33.0,1,84.0,96.8461538462,53.0,0.974553329724,113.0,10.7119354988,63.0
2016-09-01,3,0,24.0,33.0,1,83.0,95.4615384615,53.0,0.869406392694,113.0,13.4771338234,77.0
2016-09-02,4,0,24.0,34.0,1,83.0,93.0769230769,60.0,0.869565217391,113.0,13.7866241668,86.0
2016-09-03,5,1,22.0,34.0,1,83.0,91.6923076923,61.0,0.835644296543,113.0,13.5214053399,84.0
2016-09-04,6,1,23.0,32.0,1,83.0,90.3846153846,61.0,0.911270983213,113.0,13.3793092931,99.0
2016-09-05,0,0,24.0,32.0,1,83.0,91.9230769231,61.0,0.98751835536,113.0,13.1293068448,86.0
2016-09-06,1,0,21.0,26.0,0,83.0,89.8461538462,61.0,0.983187134503,113.0,11.6872458679,61.0
2016-09-07,2,0,21.0,25.0,0,83.0,86.9230769231,61.0,0.903581267218,113.0,13.6238565559,63.0
2016-09-08,3,0,21.0,30.0,1,81.0,84.3846153846,61.0,0.779076238175,113.0,14.7258979694,89.0
2016-09-09,4,0,22.0,32.0,1,81.0,83.3076923077,61.0,0.798650168729,113.0,13.8084957983,90.0
2016-09-10,5,1,23.0,29.0,1,81.0,82.1538461538,61.0,0.914588057445,113.0,12.5136611739,121.0
2016-09-11,6,1,21.0,28.0,1,81.0,84.1538461538,61.0,1.12107623318,121.0,15.9992603379,82.0
2016-09-12,0,0,21.0,29.0,1,81.0,84.4615384615,61.0,1.09307964932,121.0,15.9162006706,68.0
2016-09-13,1,0,21.0,30.0,1,80.0,82.2307692308,61.0,1.0371220819,121.0,16.0343566044,99.0
2016-09-14,2,0,21.0,24.0,0,80.0,85.0,61.0,0.952927669346,121.0,15.5761158385,176.0
2016-09-15,3,1,21.0,25.0,0,81.0,92.6153846154,61.0,1.25503110135,176.0,28.5779324804,162.0
2016-09-16,4,1,22.0,25.0,0,82.0,98.4615384615,61.0,1.54882154882,176.0,33.9039715954,110.0
2016-09-17,5,1,21.0,27.0,1,83.0,100.461538462,61.0,1.58359844468,176.0,33.7584528096,162.0
2016-09-18,6,0,21.0,27.0,1,84.0,105.307692308,61.0,1.48148148148,176.0,37.5138633152,117.0
2016-09-19,0,0,20.0,26.0,1,85.0,107.692307692,61.0,1.30187416332,176.0,37.194674175,67.0
2016-09-20,1,0,19.0,26.0,1,84.0,108.153846154,61.0,1.17567108393,176.0,36.6455919352,51.0
2016-09-21,2,0,18.0,26.0,1,84.0,107.230769231,51.0,0.803418803419,176.0,37.9009921651,52.0
2016-09-22,3,0,17.0,27.0,1,84.0,104.384615385,51.0,0.588744588745,176.0,40.4656330189,49.0
2016-09-23,4,0,19.0,27.0,1,84.0,101.230769231,49.0,0.536723163842,176.0,42.9832773317,82.0
2016-09-24,5,1,19.0,28.0,1,84.0,98.2307692308,49.0,0.646871686108,176.0,42.8596167221,80.0
2016-09-25,6,1,21.0,29.0,1,84.0,98.0769230769,49.0,0.75343688627,176.0,42.92114691,92.0
2016-09-26,0,0,23.0,30.0,1,85.0,99.9230769231,49.0,0.904075458267,176.0,42.0959737495,64.0
2016-09-27,1,0,23.0,30.0,1,85.0,97.2307692308,49.0,0.838663823738,176.0,43.1743403961,51.0
2016-09-28,2,0,21.0,26.0,0,85.0,87.6153846154,49.0,0.740343347639,176.0,38.1929080439,78.0
2016-09-29,3,0,20.0,23.0,0,84.0,81.1538461538,49.0,0.694369490916,176.0,31.5980675014,118.0
2016-09-30,4,0,21.0,24.0,0,85.0,81.7692307692,49.0,0.875420875421,176.0,32.2255365681,191.0
2016-10-01,5,1,22.0,25.0,0,85.0,84.0,49.0,1.32239876986,191.0,38.1595839358,264.0
2016-10-02,6,1,21.0,30.0,0,86.0,95.3076923077,49.0,1.79090482888,264.0,61.1296033225,163.0
2016-10-03,0,1,19.0,25.0,1,86.0,102.692307692,49.0,1.84919210054,264.0,63.0328176006,141.0
2016-10-04,1,1,21.0,27.0,1,89.0,109.615384615,49.0,1.66813509545,264.0,61.9075470254,103.0
2016-10-05,2,1,20.0,28.0,1,90.0,113.538461538,49.0,1.23501744804,264.0,59.7090579195,158.0
2016-10-06,3,1,20.0,25.0,1,90.0,121.923076923,49.0,1.22207022344,264.0,57.6761002875,196.0
2016-10-07,4,1,18.0,22.0,0,90.0,130.692307692,49.0,1.33684364487,264.0,59.5746262655,205.0
2016-10-08,5,0,16.0,23.0,1,92.0,140.307692308,49.0,1.6049382716,264.0,60.6939163285,102.0
2016-10-09,6,0,14.0,21.0,1,92.0,141.076923077,49.0,1.45354717526,264.0,60.1376133911,79.0
2016-10-10,0,0,15.0,22.0,1,92.0,142.230769231,49.0,1.10967370993,264.0,58.7761775999,46.0
2016-10-11,1,0,17.0,23.0,1,92.0,141.846153846,46.0,0.653990204552,264.0,59.385113589,51.0
2016-10-12,2,0,17.0,22.0,1,90.0,139.769230769,46.0,0.507277705721,264.0,61.9964686912,47.0
2016-10-13,3,0,17.0,20.0,1,90.0,134.307692308,46.0,0.415404586759,264.0,66.6279966743,50.0
2016-10-14,4,0,18.0,21.0,1,90.0,123.461538462,46.0,0.432938423285,264.0,67.9791997425,82.0
2016-10-15,5,1,19.0,21.0,0,90.0,109.461538462,46.0,0.523162355692,264.0,55.1189139457,77.0
2016-10-16,6,1,18.0,25.0,1,90.0,102.846153846,46.0,0.614886731392,264.0,53.4312587189,65.0
2016-10-17,0,0,18.0,25.0,1,90.0,97.0,46.0,0.658726657844,264.0,53.0935314038,60.0
2016-10-18,1,0,18.0,24.0,1,89.0,93.6923076923,46.0,0.591681312244,264.0,53.9492419785,50.0
2016-10-19,2,0,19.0,22.0,0,86.0,85.3846153846,46.0,0.518979833926,264.0,51.6743329554,57.0
2016-10-20,3,0,19.0,22.0,0,86.0,74.6923076923,46.0,0.509068739521,264.0,40.947216709,58.0
2016-10-21,4,0,20.0,22.0,0,86.0,63.3846153846,46.0,0.535540408958,264.0,16.2506258414,98.0
2016-10-22,5,1,19.0,22.0,0,86.0,63.0769230769,46.0,0.752118644068,264.0,15.5388423411,91.0
2016-10-23,6,1,16.0,22.0,1,86.0,64.0,46.0,0.906754772394,264.0,16.7653488803,66.0
2016-10-24,0,0,17.0,23.0,1,84.0,65.5384615385,46.0,0.97645031591,264.0,15.9403473788,46.0
2016-10-25,1,0,16.0,19.0,1,82.0,65.1538461538,46.0,0.803642121932,264.0,16.3417641165,69.0
2016-10-26,2,0,17.0,20.0,0,82.0,66.8461538462,46.0,0.756530825496,264.0,15.491169464,54.0
2016-10-27,3,0,16.0,19.0,0,82.0,67.1538461538,46.0,0.775407203487,264.0,15.190311456,64.0
2016-10-28,4,0,14.0,18.0,0,82.0,65.7692307692,46.0,0.950203252033,264.0,14.5821484444,104.0
2016-10-29,5,1,9.0,13.0,0,82.0,67.8461538462,46.0,1.12633181126,264.0,17.636701915,114.0
2016-10-30,6,1,13.0,18.0,1,82.0,71.6153846154,46.0,1.39362490734,264.0,21.4495417256,97.0
2016-10-31,0,0,11.0,16.0,0,82.0,74.4615384615,46.0,1.5,205.0,22.1623915143,72.0
