time_stamp,dayofweek,holiday,lt,ht,sunny,m2M,w2A,m1L,d3w3,m1Lar,w2Std,pay_sum
2016-08-01,0,0,27.0,36.0,1,84.0,82.6153846154,7.0,0.938806537438,128.0,16.2648202787,90.0
2016-08-02,1,0,27.0,35.0,1,85.0,85.4615384615,7.0,0.901312036509,128.0,13.8986185512,69.0
2016-08-03,2,0,25.0,33.0,0,84.0,85.7692307692,7.0,0.900584795322,128.0,13.4802068356,89.0
2016-08-04,3,0,26.0,34.0,0,85.0,86.3076923077,53.0,0.96460521198,128.0,13.4586810154,85.0
2016-08-05,4,0,25.0,34.0,0,85.0,87.0,53.0,0.955188679245,128.0,13.1383174195,78.0
2016-08-06,5,1,27.0,35.0,0,85.0,84.3076923077,53.0,0.999405116002,128.0,10.9360702785,125.0
2016-08-07,6,1,25.0,35.0,1,85.0,87.2307692308,53.0,1.13744075829,128.0,15.423028966,104.0
2016-08-08,0,0,26.0,35.0,1,85.0,86.8461538462,53.0,1.19408790354,125.0,14.9298160834,66.0
2016-08-09,1,0,26.0,31.0,0,85.0,85.6923076923,53.0,1.13877629801,125.0,15.8860587908,268.0
2016-08-10,2,0,26.0,36.0,1,85.0,100.615384615,53.0,1.51295336788,268.0,50.7520950102,158.0
2016-08-11,3,0,27.0,35.0,1,85.0,106.076923077,53.0,1.63509471585,268.0,52.7730431455,160.0
2016-08-12,4,0,27.0,36.0,1,86.0,110.692307692,53.0,1.8692185008,268.0,54.6307670645,178.0
2016-08-13,5,1,27.0,36.0,1,86.0,118.615384615,53.0,1.53441608662,268.0,56.3226125672,178.0
2016-08-14,6,1,28.0,36.0,1,87.0,126.769230769,53.0,1.53161175423,268.0,56.6557130613,152.0
2016-08-15,0,0,28.0,37.0,1,87.0,131.538461538,53.0,1.47953982816,268.0,55.9651201603,94.0
2016-08-16,1,0,28.0,38.0,1,87.0,133.461538462,53.0,1.22791775268,268.0,54.1843227179,90.0
2016-08-17,2,0,28.0,37.0,1,88.0,133.538461538,53.0,0.966350301984,268.0,54.1218218248,106.0
2016-08-18,3,0,29.0,37.0,1,89.0,135.153846154,65.0,0.827271430609,268.0,52.9496802545,104.0
2016-08-19,4,0,28.0,38.0,1,90.0,137.153846154,66.0,0.854335753951,268.0,51.2157520148,102.0
2016-08-20,5,1,29.0,38.0,0,90.0,135.384615385,66.0,0.878378378378,268.0,51.9963585434,114.0
2016-08-21,6,1,28.0,36.0,0,90.0,136.153846154,66.0,0.88520055325,268.0,51.5988165545,102.0
2016-08-22,0,0,28.0,37.0,1,90.0,138.923076923,66.0,0.875309661437,268.0,48.6406944827,106.0
2016-08-23,1,0,28.0,37.0,1,90.0,126.461538462,66.0,0.872983597668,268.0,31.8182709597,95.0
2016-08-24,2,0,27.0,36.0,1,91.0,121.615384615,66.0,0.819472616633,268.0,31.4411255953,104.0
2016-08-25,3,0,28.0,37.0,1,92.0,117.307692308,66.0,0.818572195384,268.0,29.6735692167,104.0
2016-08-26,4,0,26.0,36.0,1,93.0,111.615384615,66.0,0.804780876494,268.0,24.0497511951,87.0
2016-08-27,5,1,24.0,29.0,1,92.0,104.615384615,66.0,0.795577130529,268.0,15.3949964976,84.0
2016-08-28,6,1,22.0,32.0,1,92.0,99.3846153846,66.0,0.747688961392,268.0,8.34393802561,90.0
2016-08-29,0,0,22.0,32.0,1,92.0,99.0769230769,66.0,0.702746365105,268.0,8.60645141258,92.0
2016-08-30,1,0,21.0,32.0,1,92.0,99.2307692308,66.0,0.771014492754,268.0,8.45944029931,77.0
2016-08-31,2,0,24.0,32.0,1,92.0,97.0,66.0,0.778128286015,268.0,10.0537019588,84.0
2016-09-01,3,0,24.0,32.0,1,92.0,95.4615384615,66.0,0.787058640535,268.0,10.3894575605,84.0
2016-09-02,4,0,22.0,31.0,1,92.0,94.0769230769,66.0,0.797136814706,268.0,10.6226285206,75.0
2016-09-03,5,1,22.0,34.0,1,92.0,91.0769230769,66.0,0.832476875642,268.0,10.0648782977,89.0
2016-09-04,6,1,24.0,35.0,1,92.0,90.0769230769,66.0,0.878031510002,268.0,9.5632432418,87.0
2016-09-05,0,0,24.0,32.0,0,92.0,88.6153846154,66.0,0.89196872779,268.0,8.39907010914,76.0
2016-09-06,1,0,24.0,29.0,0,91.0,87.1538461538,66.0,0.902255639098,268.0,8.80424857097,72.0
2016-09-07,2,0,23.0,29.0,1,90.0,84.6923076923,72.0,0.857038657914,268.0,8.20304460724,82.0
2016-09-08,3,0,22.0,31.0,1,90.0,83.0,72.0,0.849021779254,178.0,6.02558647002,86.0
2016-09-09,4,0,25.0,32.0,1,90.0,82.9230769231,72.0,0.893854748603,178.0,5.98024360787,86.0
2016-09-10,5,1,21.0,30.0,0,89.0,83.0769230769,72.0,0.96102913356,178.0,6.03147562582,104.0
2016-09-11,6,1,21.0,25.0,0,89.0,84.1538461538,72.0,1.04308390023,178.0,8.07509136739,71.0
2016-09-12,0,0,20.0,27.0,1,89.0,82.5384615385,71.0,1.00636205899,152.0,8.43632607437,54.0
2016-09-13,1,0,21.0,27.0,0,89.0,80.7692307692,54.0,0.904423380727,114.0,11.3283432569,53.0
2016-09-14,2,0,22.0,25.0,0,87.0,78.3846153846,53.0,0.724903278355,114.0,13.4595602942,76.0
2016-09-15,3,1,24.0,26.0,0,87.0,77.7692307692,53.0,0.758234928527,114.0,13.3713462078,51.0
2016-09-16,4,1,23.0,27.0,0,87.0,75.9230769231,51.0,0.762873490146,114.0,15.1630194804,55.0
2016-09-17,5,1,22.0,28.0,1,87.0,73.3076923077,51.0,0.785837651123,114.0,15.6076145883,58.0
2016-09-18,6,0,21.0,26.0,1,87.0,71.0769230769,51.0,0.723104056437,114.0,15.5635745274,47.0
2016-09-19,0,0,19.0,27.0,1,87.0,68.8461538462,47.0,0.727107475574,106.0,16.7324932799,55.0
2016-09-20,1,0,19.0,28.0,1,87.0,67.5384615385,47.0,0.738177623991,106.0,17.0952777313,70.0
2016-09-21,2,0,20.0,27.0,1,87.0,66.6153846154,47.0,0.801304449103,104.0,16.6064790949,53.0
2016-09-22,3,0,20.0,29.0,1,87.0,64.0769230769,47.0,0.847619047619,104.0,15.9588969084,78.0
2016-09-23,4,0,21.0,31.0,1,86.0,63.4615384615,47.0,0.955096222381,104.0,15.2397021201,59.0
2016-09-24,5,1,22.0,31.0,1,86.0,60.0,47.0,0.922554017966,104.0,9.76650476806,85.0
2016-09-25,6,1,23.0,33.0,1,86.0,61.0769230769,47.0,1.07950401167,104.0,11.5323060504,77.0
2016-09-26,0,0,24.0,32.0,1,86.0,62.8461538462,47.0,1.07385811467,104.0,12.0629512516,60.0
2016-09-27,1,0,24.0,31.0,0,85.0,63.3846153846,47.0,1.08823529412,104.0,11.7639505501,63.0
2016-09-28,2,0,24.0,26.0,0,85.0,62.3846153846,47.0,0.994282873478,104.0,11.1874824386,48.0
2016-09-29,3,0,23.0,27.0,0,85.0,62.1538461538,47.0,0.874904067536,104.0,11.4478493368,61.0
2016-09-30,4,0,23.0,26.0,0,85.0,62.6153846154,47.0,0.897235263432,104.0,11.269690198,72.0
2016-10-01,5,1,22.0,30.0,0,85.0,63.6923076923,47.0,0.968432316747,104.0,11.444747639,76.0
2016-10-02,6,1,23.0,32.0,1,84.0,65.9230769231,47.0,1.11377564615,104.0,10.7807630561,62.0
2016-10-03,0,1,23.0,29.0,1,84.0,66.4615384615,47.0,1.11199364575,104.0,10.3894575605,55.0
2016-10-04,1,1,21.0,29.0,1,84.0,65.3076923077,47.0,1.02035421623,104.0,10.7587861439,65.0
2016-10-05,2,1,21.0,28.0,1,84.0,66.2307692308,47.0,0.970666666667,104.0,10.1614190874,67.0
2016-10-06,3,1,23.0,27.0,1,82.0,65.3846153846,47.0,0.984728804634,104.0,9.58796089285,45.0
2016-10-07,4,1,21.0,25.0,0,82.0,64.3076923077,45.0,0.93949044586,104.0,10.9360702785,53.0
2016-10-08,5,0,17.0,22.0,0,78.0,61.8461538462,45.0,0.87929656275,104.0,9.50988274494,38.0
2016-10-09,6,0,17.0,22.0,1,77.0,58.8461538462,38.0,0.730005367687,104.0,10.3689340291,55.0
2016-10-10,0,0,17.0,22.0,1,77.0,58.4615384615,38.0,0.783682232958,85.0,10.4116457327,53.0
2016-10-11,1,0,17.0,19.0,0,76.0,57.6923076923,38.0,0.794557823129,85.0,10.4173273952,44.0
2016-10-12,2,0,17.0,22.0,1,76.0,57.3846153846,38.0,0.833333333333,85.0,10.7527346185,73.0
2016-10-13,3,0,18.0,24.0,1,76.0,58.3076923077,38.0,0.93586567575,85.0,11.5117639856,59.0
2016-10-14,4,0,19.0,24.0,1,75.0,57.3076923077,38.0,0.968896229012,85.0,10.8229429766,92.0
2016-10-15,5,1,20.0,24.0,1,75.0,58.5384615385,38.0,1.22605363985,92.0,13.4657136382,71.0
2016-10-16,6,1,20.0,26.0,1,73.0,59.2307692308,38.0,1.22112211221,92.0,13.8517082876,85.0
2016-10-17,0,0,20.0,24.0,1,73.0,61.5384615385,38.0,1.33656696308,92.0,15.3703780276,59.0
2016-10-18,1,0,21.0,24.0,0,72.0,61.0769230769,38.0,1.16247634496,92.0,15.3495754813,47.0
2016-10-19,2,0,20.0,23.0,0,72.0,59.5384615385,38.0,1.03354978355,92.0,15.6775949128,81.0
2016-10-20,3,0,21.0,24.0,1,72.0,62.3076923077,38.0,0.995740149095,92.0,16.0402599988,50.0
2016-10-21,4,0,23.0,27.0,0,71.0,62.0769230769,38.0,0.964769647696,92.0,16.1933582703,77.0
2016-10-22,5,1,19.0,23.0,0,71.0,65.0769230769,38.0,1.12645545627,92.0,15.025422244,77.0
2016-10-23,6,1,18.0,20.0,0,71.0,66.7692307692,38.0,1.09149277689,92.0,15.034083565,76.0
2016-10-24,0,0,20.0,25.0,1,71.0,68.5384615385,38.0,1.21020784004,92.0,14.6582367741,58.0
2016-10-25,1,0,20.0,26.0,1,71.0,69.6153846154,38.0,1.1164021164,92.0,13.2638227553,76.0
2016-10-26,2,0,20.0,28.0,1,71.0,69.8461538462,38.0,1.10323089046,92.0,13.3465417811,42.0
2016-10-27,3,0,21.0,26.0,1,70.0,68.5384615385,38.0,0.926803580832,92.0,15.0671082653,72.0
2016-10-28,4,0,16.0,26.0,0,70.0,67.0,38.0,0.985732814527,92.0,13.5362760474,73.0
2016-10-29,5,1,14.0,17.0,1,70.0,67.1538461538,38.0,0.944444444444,92.0,13.5921139684,81.0
2016-10-30,6,1,14.0,17.0,1,70.0,66.8461538462,38.0,1.11936602278,92.0,13.2249539993,81.0
2016-10-31,0,0,13.0,17.0,0,70.0,68.5384615385,38.0,1.14022319262,92.0,13.517028489,64.0
