time_stamp,dayofweek,holiday,lt,ht,sunny,m2M,w2A,m1L,d3w3,m1Lar,w2Std,pay_sum
2016-08-01,0,0,27.0,38.0,1,110.0,99.3846153846,78.0,1.00388500389,164.0,15.0565010827,91.0
2016-08-02,1,0,24.0,36.0,0,110.0,99.0,78.0,1.02296120348,164.0,15.2012145264,83.0
2016-08-03,2,0,24.0,28.0,0,110.0,99.3846153846,78.0,0.908798972383,164.0,14.7206733831,61.0
2016-08-04,3,0,24.0,32.0,0,110.0,96.3076923077,61.0,0.774044795784,164.0,17.8987950406,68.0
2016-08-05,4,0,25.0,34.0,0,110.0,92.2307692308,61.0,0.718887758562,164.0,17.8461538462,85.0
2016-08-06,5,1,26.0,35.0,1,110.0,89.7692307692,61.0,0.741125541126,164.0,16.4089743089,139.0
2016-08-07,6,1,26.0,36.0,1,110.0,91.9230769231,61.0,1.01020584674,164.0,20.4053595466,122.0
2016-08-08,0,0,27.0,36.0,1,110.0,94.3846153846,61.0,1.18839086382,154.0,21.9002580299,42.0
2016-08-09,1,0,27.0,36.0,1,110.0,90.3846153846,42.0,1.07048224695,139.0,25.9749537988,245.0
2016-08-10,2,0,25.0,36.0,0,110.0,102.846153846,42.0,1.32749107433,245.0,48.5193794016,176.0
2016-08-11,3,0,25.0,33.0,0,110.0,110.384615385,42.0,1.44981994677,245.0,51.5894122434,192.0
2016-08-12,4,0,25.0,34.0,0,111.0,118.153846154,42.0,1.85757575758,245.0,55.5391007847,225.0
2016-08-13,5,1,24.0,30.0,0,111.0,126.0,42.0,1.71288272675,245.0,62.4450527695,252.0
2016-08-14,6,1,25.0,34.0,0,112.0,137.0,42.0,1.8211514904,252.0,70.5505819635,264.0
2016-08-15,0,0,24.0,31.0,0,112.0,150.307692308,42.0,1.88333968738,264.0,76.6695051357,95.0
2016-08-16,1,0,25.0,32.0,0,112.0,151.230769231,42.0,1.55233739837,264.0,75.9221806509,90.0
2016-08-17,2,0,25.0,34.0,0,112.0,153.461538462,42.0,1.1377169644,264.0,73.6296505749,95.0
2016-08-18,3,0,26.0,36.0,0,112.0,155.538461538,42.0,0.704934541793,264.0,71.5408601748,71.0
2016-08-19,4,0,25.0,30.0,0,112.0,154.461538462,42.0,0.649416539827,264.0,72.6907203734,119.0
2016-08-20,5,1,25.0,34.0,1,112.0,152.923076923,42.0,0.724085365854,264.0,73.211455113,145.0
2016-08-21,6,1,25.0,35.0,1,113.0,154.692307692,42.0,0.839598997494,264.0,72.7190427027,147.0
2016-08-22,0,0,26.0,35.0,0,113.0,162.769230769,42.0,1.0088365243,264.0,65.1957453144,89.0
2016-08-23,1,0,26.0,35.0,1,112.0,150.769230769,42.0,0.933137398971,264.0,63.2846485774,108.0
2016-08-24,2,0,27.0,36.0,1,112.0,145.538461538,42.0,0.828217166245,264.0,63.7912646354,105.0
2016-08-25,3,0,27.0,36.0,1,111.0,138.846153846,42.0,0.71751009741,264.0,63.1260596607,87.0
2016-08-26,4,0,24.0,35.0,0,111.0,128.230769231,42.0,0.712250712251,264.0,59.2285713878,115.0
2016-08-27,5,1,24.0,33.0,0,112.0,117.692307692,42.0,0.735153256705,264.0,47.2446734733,154.0
2016-08-28,6,1,24.0,31.0,1,112.0,109.230769231,42.0,0.842803030303,264.0,24.8043229674,127.0
2016-08-29,0,0,24.0,33.0,1,113.0,111.692307692,42.0,0.910031023785,264.0,24.8577015318,88.0
2016-08-30,1,0,25.0,34.0,1,112.0,111.538461538,42.0,0.896501457726,264.0,24.9972779583,76.0
2016-08-31,2,0,25.0,34.0,1,112.0,110.076923077,42.0,0.733736762481,264.0,26.4355865584,84.0
2016-09-01,3,0,23.0,28.0,0,111.0,111.076923077,42.0,0.651945320715,264.0,25.1532580501,82.0
2016-09-02,4,0,25.0,33.0,1,111.0,108.230769231,42.0,0.674188605655,264.0,26.1685479041,95.0
2016-09-03,5,1,25.0,34.0,1,111.0,104.384615385,42.0,0.778175313059,264.0,24.0721302676,133.0
2016-09-04,6,1,26.0,34.0,1,111.0,103.307692308,42.0,0.98178939034,264.0,22.3963754464,132.0
2016-09-05,0,0,25.0,32.0,0,111.0,106.615384615,42.0,1.12044817927,264.0,23.1999285859,96.0
2016-09-06,1,0,25.0,32.0,0,109.0,105.692307692,42.0,1.12042209808,264.0,23.3646169548,95.0
2016-09-07,2,0,26.0,33.0,0,108.0,104.923076923,71.0,1.00248292986,264.0,23.5387129197,84.0
2016-09-08,3,0,25.0,33.0,0,108.0,104.692307692,71.0,0.848372666975,264.0,23.7272469646,89.0
2016-09-09,4,0,24.0,33.0,0,105.0,102.692307692,71.0,0.838417018614,264.0,23.8694675117,104.0
2016-09-10,5,1,23.0,29.0,0,104.0,98.8461538462,71.0,0.883572567783,264.0,18.7774257015,123.0
2016-09-11,6,1,23.0,28.0,0,104.0,98.5384615385,71.0,1.01968376896,264.0,18.341274952,116.0
2016-09-12,0,0,23.0,30.0,0,104.0,100.692307692,71.0,1.09253065775,264.0,18.6191985921,90.0
2016-09-13,1,0,25.0,34.0,1,101.0,101.769230769,71.0,1.05702811245,154.0,17.5330625968,55.0
2016-09-14,2,0,25.0,35.0,1,96.0,99.5384615385,55.0,0.859259259259,154.0,21.1282362459,84.0
2016-09-15,3,1,25.0,35.0,1,96.0,99.6923076923,55.0,0.755028025058,154.0,21.0069022188,121.0
2016-09-16,4,1,25.0,35.0,1,96.0,101.692307692,55.0,0.854700854701,154.0,21.6914893463,131.0
2016-09-17,5,1,25.0,35.0,1,96.0,101.538461538,55.0,1.11720698254,154.0,21.4749062311,116.0
2016-09-18,6,0,25.0,35.0,1,101.0,100.307692308,55.0,1.23035773989,154.0,20.1088752521,66.0
2016-09-19,0,0,24.0,34.0,1,96.0,98.0,55.0,1.05814739689,154.0,22.0942039041,68.0
2016-09-20,1,0,23.0,33.0,1,95.0,95.9230769231,55.0,0.848608282417,154.0,23.5027381006,78.0
2016-09-21,2,0,22.0,32.0,1,95.0,95.4615384615,55.0,0.721824991488,154.0,23.7895108904,78.0
2016-09-22,3,0,24.0,33.0,1,95.0,94.6153846154,55.0,0.764244285227,154.0,24.1964347709,62.0
2016-09-23,4,0,24.0,34.0,1,95.0,91.3846153846,55.0,0.756550407774,154.0,25.4967221469,81.0
2016-09-24,5,1,24.0,32.0,0,95.0,88.1538461538,55.0,0.788300338862,154.0,23.8967205791,131.0
2016-09-25,6,1,25.0,34.0,1,95.0,89.3076923077,55.0,0.977872947894,154.0,25.5203828503,118.0
2016-09-26,0,0,25.0,35.0,1,95.0,91.4615384615,55.0,1.16402116402,133.0,26.6447148306,89.0
2016-09-27,1,0,26.0,36.0,1,95.0,94.0769230769,55.0,1.19603680113,133.0,24.5214554044,77.0
2016-09-28,2,0,25.0,36.0,1,95.0,93.5384615385,55.0,1.00870182916,133.0,24.8119555073,80.0
2016-09-29,3,0,22.0,32.0,1,95.0,90.3846153846,55.0,0.877944325482,133.0,23.7017963017,92.0
2016-09-30,4,0,20.0,31.0,1,95.0,87.3846153846,55.0,0.894396551724,133.0,20.6417741543,110.0
2016-10-01,5,1,21.0,30.0,1,95.0,86.9230769231,55.0,1.0200759631,133.0,20.0555441729,137.0
2016-10-02,6,1,23.0,32.0,1,95.0,92.3846153846,55.0,1.21244635193,137.0,23.0569144027,116.0
2016-10-03,0,1,24.0,34.0,1,96.0,96.0769230769,55.0,1.28042328042,137.0,22.696870467,125.0
2016-10-04,1,1,25.0,35.0,1,104.0,99.6923076923,55.0,1.28571428571,137.0,23.2656386293,129.0
2016-10-05,2,1,23.0,36.0,1,104.0,103.615384615,55.0,1.23025768911,137.0,23.574883837,107.0
2016-10-06,3,1,23.0,36.0,1,104.0,107.076923077,55.0,1.20877281098,137.0,20.2843688909,115.0
2016-10-07,4,1,24.0,35.0,1,105.0,109.692307692,55.0,1.18481012658,137.0,18.8980447315,110.0
2016-10-08,5,0,24.0,35.0,1,105.0,108.076923077,55.0,1.12409006264,137.0,17.8776247711,112.0
2016-10-09,6,0,23.0,33.0,1,105.0,107.615384615,55.0,1.11497105045,137.0,17.691973241,104.0
2016-10-10,0,0,22.0,33.0,1,104.0,108.769230769,55.0,1.05964570128,137.0,16.9122342888,95.0
2016-10-11,1,0,22.0,33.0,1,104.0,110.153846154,55.0,1.0025789813,137.0,14.86785978,95.0
2016-10-12,2,0,21.0,31.0,1,96.0,111.307692308,55.0,0.940047961631,137.0,12.940007225,70.0
2016-10-13,3,0,19.0,27.0,1,95.0,109.615384615,62.0,0.828157349896,137.0,16.3450225853,108.0
2016-10-14,4,0,22.0,31.0,1,96.0,109.461538462,62.0,0.858490566038,137.0,16.3500900238,122.0
2016-10-15,5,1,23.0,34.0,1,104.0,108.307692308,62.0,0.947418285173,137.0,14.8240169755,149.0
2016-10-16,6,1,23.0,34.0,1,104.0,110.846153846,62.0,1.17958294429,149.0,18.3338533188,143.0
2016-10-17,0,0,23.0,34.0,1,105.0,112.230769231,62.0,1.25683060109,149.0,19.9582404271,85.0
2016-10-18,1,0,21.0,26.0,0,104.0,108.846153846,62.0,1.14035087719,149.0,20.5495504493,84.0
2016-10-19,2,0,20.0,24.0,0,104.0,107.076923077,62.0,0.942028985507,149.0,21.5958027919,79.0
2016-10-20,3,0,22.0,29.0,0,96.0,104.307692308,62.0,0.753227031131,149.0,22.6830489586,101.0
2016-10-21,4,0,22.0,30.0,1,101.0,103.615384615,62.0,0.805123513266,149.0,22.6360449846,133.0
2016-10-22,5,1,23.0,32.0,1,101.0,105.230769231,70.0,0.956309196456,149.0,23.8912724527,188.0
2016-10-23,6,1,24.0,32.0,1,101.0,111.692307692,70.0,1.24815143449,188.0,32.4946968819,160.0
2016-10-24,0,0,24.0,32.0,0,104.0,116.692307692,70.0,1.40090286879,188.0,34.4816218952,76.0
2016-10-25,1,0,24.0,30.0,0,101.0,115.230769231,70.0,1.26416219439,188.0,35.7494568999,112.0
2016-10-26,2,0,24.0,31.0,1,101.0,118.461538462,70.0,1.03525211959,188.0,33.3319329094,93.0
2016-10-27,3,0,23.0,32.0,1,96.0,117.307692308,70.0,0.844224124981,188.0,33.9283965827,80.0
2016-10-28,4,0,20.0,32.0,1,96.0,114.076923077,70.0,0.867976244861,188.0,35.299730961,103.0
2016-10-29,5,1,16.0,24.0,1,101.0,110.538461538,70.0,0.844036697248,188.0,33.8994335887,179.0
2016-10-30,6,1,17.0,21.0,1,103.0,113.307692308,70.0,1.07021433851,188.0,37.6959181944,155.0
2016-10-31,0,0,17.0,23.0,0,104.0,118.692307692,70.0,1.25845932325,188.0,38.2630261688,94.0
