time_stamp,dayofweek,holiday,lt,ht,sunny,m2M,w2A,m1L,d3w3,m1Lar,w2Std,pay_sum
2016-08-01,0,0,27.0,37.0,1,127.0,148.461538462,90.0,1.14373305035,176.0,19.0247425318,142.0
2016-08-02,1,0,27.0,35.0,0,128.0,148.153846154,90.0,1.12712360867,176.0,19.0942849035,93.0
2016-08-03,2,0,26.0,32.0,0,127.0,144.307692308,90.0,0.9574093629,176.0,24.1195248562,156.0
2016-08-04,3,0,27.0,33.0,0,128.0,145.769230769,90.0,0.912698412698,176.0,24.2079257401,101.0
2016-08-05,4,0,26.0,33.0,0,128.0,143.615384615,90.0,0.828598484848,176.0,26.7194497339,129.0
2016-08-06,5,1,26.0,34.0,0,128.0,141.230769231,90.0,0.92267240349,176.0,26.5334443418,158.0
2016-08-07,6,1,27.0,35.0,1,129.0,139.846153846,90.0,0.924139573657,176.0,25.1146483577,167.0
2016-08-08,0,0,26.0,34.0,0,129.0,139.692307692,90.0,1.05238757534,176.0,24.9411140809,119.0
2016-08-09,1,0,26.0,30.0,0,129.0,138.461538462,90.0,1.03896103896,176.0,25.5301191194,121.0
2016-08-10,2,0,27.0,35.0,0,129.0,139.538461538,90.0,0.959792477302,176.0,24.4528286381,137.0
2016-08-11,3,0,27.0,36.0,1,130.0,139.076923077,90.0,0.889046103054,176.0,24.4397580828,139.0
2016-08-12,4,0,27.0,36.0,1,134.0,138.538461538,90.0,0.93291035131,176.0,24.3582725945,143.0
2016-08-13,5,1,27.0,35.0,1,135.0,136.769230769,90.0,0.990543735225,176.0,23.1022937461,162.0
2016-08-14,6,1,28.0,35.0,1,137.0,135.923076923,90.0,1.05488239487,176.0,21.9315772994,153.0
2016-08-15,0,0,27.0,36.0,1,137.0,136.769230769,90.0,1.09438470729,176.0,22.3577687278,143.0
2016-08-16,1,0,26.0,36.0,1,138.0,140.615384615,90.0,1.0912556588,176.0,18.4580124838,153.0
2016-08-17,2,0,28.0,37.0,1,138.0,140.384615385,93.0,1.05250820441,176.0,18.2821411872,156.0
2016-08-18,3,0,28.0,37.0,1,138.0,144.615384615,93.0,1.05471940264,176.0,14.6892868421,154.0
2016-08-19,4,0,28.0,38.0,1,139.0,146.538461538,93.0,1.07737056428,176.0,14.1454824787,163.0
2016-08-20,5,1,27.0,37.0,0,141.0,146.923076923,93.0,1.10179361752,176.0,14.5150401492,211.0
2016-08-21,6,1,27.0,35.0,0,141.0,150.307692308,93.0,1.21379310345,211.0,22.0013447679,169.0
2016-08-22,0,0,27.0,36.0,1,141.0,154.153846154,93.0,1.23676118893,211.0,20.5120833201,208.0
2016-08-23,1,0,27.0,35.0,0,141.0,160.846153846,93.0,1.28862590401,211.0,22.6812228467,145.0
2016-08-24,2,0,27.0,35.0,1,142.0,161.461538462,93.0,1.14813592874,211.0,22.1276554586,172.0
2016-08-25,3,0,26.0,35.0,1,142.0,164.0,93.0,1.12830431979,211.0,21.2819894964,155.0
2016-08-26,4,0,25.0,34.0,0,143.0,164.923076923,93.0,1.00596760443,211.0,20.6004538354,149.0
2016-08-27,5,1,23.0,31.0,1,143.0,163.923076923,93.0,1.01742011328,211.0,21.0291429229,171.0
2016-08-28,6,1,21.0,31.0,1,143.0,165.307692308,93.0,1.01398228199,211.0,20.8562280511,169.0
2016-08-29,0,0,21.0,32.0,1,143.0,167.307692308,93.0,1.02741884652,211.0,19.8431721076,161.0
2016-08-30,1,0,21.0,32.0,1,143.0,167.923076923,93.0,1.03952692188,211.0,19.5111862923,142.0
2016-08-31,2,0,21.0,33.0,1,143.0,166.846153846,93.0,0.977833022581,211.0,20.5008298288,141.0
2016-09-01,3,0,23.0,33.0,0,143.0,165.846153846,101.0,0.919254658385,211.0,21.4003815705,135.0
2016-09-02,4,0,22.0,34.0,1,143.0,163.692307692,101.0,0.867579908676,211.0,22.9326257861,133.0
2016-09-03,5,1,23.0,35.0,1,143.0,157.692307692,119.0,0.856634202534,211.0,19.7538102085,152.0
2016-09-04,6,1,24.0,32.0,1,143.0,156.384615385,119.0,0.879949717159,211.0,19.5233133283,130.0
2016-09-05,0,0,24.0,30.0,0,143.0,150.384615385,119.0,0.873040917219,211.0,13.920314218,146.0
2016-09-06,1,0,23.0,28.0,0,145.0,150.461538462,119.0,0.90238245836,211.0,13.8930828645,138.0
2016-09-07,2,0,21.0,27.0,0,145.0,147.846153846,121.0,0.87786259542,211.0,12.7451116049,112.0
2016-09-08,3,0,22.0,30.0,1,145.0,144.538461538,112.0,0.851063829787,211.0,15.6972088877,139.0
2016-09-09,4,0,22.0,29.0,1,145.0,143.769230769,112.0,0.842538444878,211.0,15.7047462015,152.0
2016-09-10,5,1,22.0,28.0,0,146.0,142.307692308,112.0,0.88991939936,211.0,13.8807260694,144.0
2016-09-11,6,1,21.0,25.0,0,146.0,140.384615385,112.0,0.968603874415,211.0,11.5926930669,102.0
2016-09-12,0,0,21.0,27.0,1,146.0,135.846153846,102.0,0.918744228994,211.0,13.9440980283,105.0
2016-09-13,1,0,21.0,28.0,0,146.0,133.0,102.0,0.821629213483,211.0,16.0192192261,79.0
2016-09-14,2,0,21.0,25.0,0,145.0,128.230769231,79.0,0.692075015124,211.0,21.2897730817,84.0
2016-09-15,3,1,22.0,25.0,0,144.0,124.307692308,79.0,0.66567312469,211.0,24.1832256402,85.0
2016-09-16,4,1,23.0,27.0,0,144.0,120.615384615,79.0,0.631043256997,211.0,26.157918235,96.0
2016-09-17,5,1,22.0,27.0,1,143.0,116.307692308,79.0,0.694171578258,211.0,25.2293620621,117.0
2016-09-18,6,0,22.0,26.0,0,143.0,115.307692308,79.0,0.796897981014,211.0,24.9226020847,111.0
2016-09-19,0,0,20.0,27.0,1,143.0,112.615384615,79.0,0.884158821122,208.0,23.2991860589,128.0
2016-09-20,1,0,19.0,26.0,1,143.0,111.846153846,79.0,0.977082475642,208.0,22.6030840436,117.0
2016-09-21,2,0,19.0,26.0,1,143.0,112.230769231,79.0,0.986832986833,172.0,22.6449309871,127.0
2016-09-22,3,0,20.0,27.0,1,143.0,111.307692308,79.0,1.0346266166,172.0,21.7622984341,125.0
2016-09-23,4,0,20.0,29.0,1,142.0,109.230769231,79.0,1.02971954793,171.0,18.8767412693,128.0
2016-09-24,5,1,21.0,30.0,1,142.0,108.0,79.0,1.07117688513,171.0,16.997737406,153.0
2016-09-25,6,1,21.0,30.0,1,143.0,111.923076923,79.0,1.13344500279,171.0,20.6526643409,147.0
2016-09-26,0,0,24.0,31.0,1,143.0,115.153846154,79.0,1.19436305288,169.0,22.5178430237,130.0
2016-09-27,1,0,23.0,28.0,0,142.0,119.076923077,79.0,1.20397592048,161.0,20.2007674586,116.0
2016-09-28,2,0,22.0,28.0,0,142.0,121.538461538,79.0,1.09853249476,153.0,17.5526258593,69.0
2016-09-29,3,0,22.0,25.0,0,141.0,120.307692308,69.0,0.907127429806,153.0,20.4012994133,80.0
2016-09-30,4,0,22.0,29.0,0,139.0,119.076923077,69.0,0.787635607074,153.0,22.2311684819,115.0
2016-10-01,5,1,23.0,30.0,0,139.0,118.923076923,69.0,0.794941282746,153.0,22.2519196699,135.0
2016-10-02,6,1,22.0,30.0,1,139.0,120.769230769,69.0,0.979083222074,153.0,22.5120611986,108.0
2016-10-03,0,1,21.0,27.0,0,139.0,119.230769231,69.0,1.06074074074,153.0,22.6483276549,121.0
2016-10-04,1,1,20.0,27.0,1,139.0,119.538461538,69.0,1.05875509017,153.0,22.643101801,89.0
2016-10-05,2,1,21.0,27.0,1,138.0,116.615384615,69.0,0.92294296909,153.0,23.9086030913,128.0
2016-10-06,3,1,22.0,27.0,0,137.0,116.846153846,69.0,0.962962962963,153.0,24.0027118783,91.0
2016-10-07,4,1,20.0,23.0,0,137.0,114.0,69.0,0.879371877231,153.0,24.6950633497,95.0
2016-10-08,5,0,17.0,22.0,0,137.0,109.538461538,69.0,0.905029543162,153.0,22.3765515478,119.0
2016-10-09,6,0,16.0,22.0,1,135.0,107.384615385,69.0,0.876059169898,153.0,19.8747557761,115.0
2016-10-10,0,0,15.0,21.0,1,135.0,106.230769231,69.0,0.950317735413,153.0,18.9418293575,132.0
2016-10-11,1,0,17.0,23.0,1,133.0,107.461538462,69.0,1.05036590616,153.0,20.0254276229,114.0
2016-10-12,2,0,18.0,25.0,1,132.0,110.923076923,69.0,1.04184704185,153.0,16.6892943044,120.0
2016-10-13,3,0,18.0,23.0,1,130.0,114.0,69.0,1.05856832972,153.0,14.2072570838,118.0
2016-10-14,4,0,19.0,22.0,0,130.0,114.230769231,69.0,1.02251270879,153.0,14.2459378618,115.0
2016-10-15,5,1,20.0,23.0,0,128.0,112.692307692,69.0,1.04268202629,153.0,12.940007225,116.0
2016-10-16,6,1,20.0,26.0,0,128.0,113.307692308,69.0,1.04522312069,153.0,12.8923627684,140.0
2016-10-17,0,0,20.0,24.0,0,128.0,114.769230769,69.0,1.1061419201,153.0,14.6400601415,123.0
2016-10-18,1,0,20.0,24.0,0,128.0,117.384615385,69.0,1.12646752861,153.0,12.7130366858,81.0
2016-10-19,2,0,20.0,24.0,0,127.0,113.769230769,69.0,1.0169992609,153.0,15.5472176395,73.0
2016-10-20,3,0,21.0,25.0,0,125.0,112.384615385,69.0,0.821470937129,153.0,18.1045615227,112.0
2016-10-21,4,0,21.0,25.0,0,123.0,113.692307692,69.0,0.789903489235,153.0,17.4019654742,94.0
2016-10-22,5,1,20.0,23.0,0,121.0,111.769230769,69.0,0.843920145191,153.0,18.0774140686,102.0
2016-10-23,6,1,17.0,23.0,0,120.0,110.769230769,69.0,0.934182590234,153.0,18.2299577878,144.0
2016-10-24,0,0,19.0,24.0,1,120.0,111.692307692,69.0,1.02056130872,147.0,19.5384615385,138.0
2016-10-25,1,0,19.0,23.0,1,120.0,113.538461538,69.0,1.12775330396,144.0,20.7646718643,105.0
2016-10-26,2,0,19.0,24.0,0,119.0,112.384615385,69.0,1.1481975968,144.0,20.7903027008,80.0
2016-10-27,3,0,18.0,24.0,0,118.0,109.461538462,69.0,0.963029218843,144.0,22.4040359847,113.0
2016-10-28,4,0,15.0,19.0,0,117.0,109.307692308,73.0,0.881396036676,144.0,22.372320176,90.0
2016-10-29,5,1,12.0,15.0,0,117.0,107.307692308,73.0,0.847940074906,144.0,22.8418799421,104.0
2016-10-30,6,1,14.0,18.0,1,116.0,104.538461538,73.0,0.924420355315,144.0,20.8016840465,128.0
2016-10-31,0,0,12.0,17.0,0,116.0,104.923076923,73.0,0.971342383107,144.0,21.1822187349,64.0
