time_stamp,dayofweek,holiday,lt,ht,sunny,m2M,w2A,m1L,d3w3,m1Lar,w2Std,pay_sum
2016-08-01,0,0,28.0,35.0,0,73.0,73.1538461538,47.0,1.04653751948,114.0,8.18860515826,47.0
2016-08-02,1,0,26.0,31.0,0,73.0,71.7692307692,47.0,0.899795501022,114.0,10.6131547268,60.0
2016-08-03,2,0,26.0,33.0,0,72.0,70.2307692308,47.0,0.840758510395,114.0,10.7571360655,47.0
2016-08-04,3,0,26.0,34.0,1,72.0,67.3076923077,47.0,0.716945996276,114.0,11.4850043728,44.0
2016-08-05,4,0,27.0,35.0,1,72.0,66.3076923077,44.0,0.721624850657,114.0,12.8265626751,56.0
2016-08-06,5,1,27.0,33.0,0,72.0,64.3076923077,44.0,0.724316334072,114.0,12.2372986925,70.0
2016-08-07,6,1,27.0,33.0,0,72.0,64.0769230769,44.0,0.848303393214,114.0,12.0987064691,84.0
2016-08-08,0,0,26.0,33.0,0,72.0,65.7692307692,44.0,1.03016924209,114.0,13.180135672,40.0
2016-08-09,1,0,26.0,33.0,0,70.0,63.4615384615,40.0,0.969515242379,98.0,14.7680287972,316.0
2016-08-10,2,0,27.0,33.0,1,72.0,82.3846153846,40.0,1.86836518047,316.0,69.0111902426,209.0
2016-08-11,3,0,26.0,29.0,0,72.0,92.9230769231,40.0,2.22353404172,316.0,76.6575416918,169.0
2016-08-12,4,0,26.0,31.0,0,73.0,99.4615384615,40.0,2.56183093392,316.0,79.2004422915,200.0
2016-08-13,5,1,26.0,29.0,0,73.0,109.153846154,40.0,2.00277200277,316.0,83.1049810169,189.0
2016-08-14,6,1,26.0,32.0,0,74.0,117.769230769,40.0,1.82352941176,316.0,85.1064074657,236.0
2016-08-15,0,0,26.0,33.0,1,74.0,132.307692308,40.0,1.88196326408,316.0,87.8734970244,89.0
2016-08-16,1,0,27.0,31.0,0,75.0,134.538461538,40.0,1.53455739663,316.0,86.3647144691,76.0
2016-08-17,2,0,26.0,31.0,0,76.0,136.769230769,40.0,1.19398541015,316.0,84.4276238481,78.0
2016-08-18,3,0,26.0,31.0,0,76.0,139.384615385,40.0,0.721603563474,316.0,82.0051953903,70.0
2016-08-19,4,0,26.0,32.0,1,76.0,140.461538462,40.0,0.669356043628,316.0,80.9887127792,85.0
2016-08-20,5,1,26.0,33.0,0,76.0,141.615384615,40.0,0.692833779364,316.0,80.0783639861,108.0
2016-08-21,6,1,26.0,33.0,1,76.0,143.461538462,40.0,0.771374101774,316.0,78.9981649102,63.0
2016-08-22,0,0,26.0,34.0,1,75.0,145.230769231,40.0,0.745594874035,316.0,76.8906854879,63.0
2016-08-23,1,0,26.0,34.0,1,74.0,125.769230769,40.0,0.680628272251,316.0,61.7278815524,63.0
2016-08-24,2,0,27.0,34.0,1,74.0,114.538461538,40.0,0.545927209705,316.0,58.7741641103,63.0
2016-08-25,3,0,27.0,33.0,1,73.0,106.384615385,40.0,0.541469703481,316.0,58.0007141356,63.0
2016-08-26,4,0,27.0,33.0,0,73.0,95.8461538462,40.0,0.539845758355,316.0,52.1887788615,63.0
2016-08-27,5,1,26.0,33.0,1,73.0,86.1538461538,40.0,0.541469703481,316.0,45.223965998,63.0
2016-08-28,6,1,26.0,31.0,0,73.0,72.8461538462,40.0,0.546400693842,316.0,13.4955614005,63.0
2016-08-29,0,0,24.0,32.0,1,73.0,70.8461538462,40.0,0.541004723057,316.0,12.8652552598,63.0
2016-08-30,1,0,24.0,31.0,1,73.0,69.8461538462,40.0,0.606936416185,316.0,12.9308584631,63.0
2016-08-31,2,0,24.0,32.0,1,72.0,68.6923076923,40.0,0.652849740933,316.0,12.8205641025,63.0
2016-09-01,3,0,26.0,32.0,0,72.0,68.1538461538,40.0,0.690789473684,316.0,12.9010801805,63.0
2016-09-02,4,0,26.0,32.0,0,72.0,66.4615384615,40.0,0.746887966805,316.0,11.9911209755,63.0
2016-09-03,5,1,23.0,29.0,1,70.0,63.0,40.0,0.807174887892,316.0,0.0,63.0
2016-09-04,6,1,26.0,31.0,1,70.0,63.0,40.0,0.907780979827,316.0,0.0,63.0
2016-09-05,0,0,26.0,32.0,0,70.0,63.0,40.0,0.925110132159,316.0,0.0,63.0
2016-09-06,1,0,26.0,31.0,0,70.0,63.0,40.0,0.934025203855,316.0,0.0,63.0
2016-09-07,2,0,26.0,30.0,0,70.0,63.0,63.0,0.944527736132,316.0,0.0,63.0
2016-09-08,3,0,26.0,30.0,0,68.0,63.0,63.0,0.949510173323,236.0,0.0,63.0
2016-09-09,4,0,25.0,30.0,0,68.0,63.0,63.0,0.965517241379,236.0,0.0,63.0
2016-09-10,5,1,26.0,31.0,0,65.0,63.0,63.0,1.0,236.0,0.0,63.0
2016-09-11,6,1,26.0,30.0,0,63.0,63.0,63.0,1.0,236.0,0.0,63.0
2016-09-12,0,0,24.0,28.0,0,63.0,63.0,63.0,1.0,236.0,0.0,63.0
2016-09-13,1,0,25.0,31.0,1,63.0,63.0,63.0,1.0,108.0,0.0,63.0
2016-09-14,2,0,26.0,30.0,0,63.0,63.0,63.0,1.0,108.0,0.0,63.0
2016-09-15,3,1,24.0,27.0,0,63.0,63.0,63.0,1.0,108.0,0.0,63.0
2016-09-16,4,1,25.0,31.0,0,63.0,63.0,63.0,1.0,108.0,0.0,63.0
2016-09-17,5,1,26.0,32.0,0,63.0,63.0,63.0,1.0,108.0,0.0,63.0
2016-09-18,6,0,24.0,31.0,1,63.0,63.0,63.0,1.0,108.0,0.0,63.0
2016-09-19,0,0,24.0,31.0,1,63.0,63.0,63.0,1.0,63.0,0.0,63.0
2016-09-20,1,0,23.0,29.0,1,63.0,63.0,63.0,1.0,63.0,0.0,63.0
2016-09-21,2,0,23.0,29.0,1,63.0,63.0,63.0,1.0,63.0,0.0,63.0
2016-09-22,3,0,23.0,29.0,1,63.0,63.0,63.0,1.0,63.0,0.0,63.0
2016-09-23,4,0,23.0,29.0,1,63.0,63.0,63.0,1.0,63.0,0.0,63.0
2016-09-24,5,1,24.0,30.0,1,63.0,63.0,63.0,1.0,63.0,0.0,63.0
2016-09-25,6,1,24.0,31.0,1,63.0,63.0,63.0,1.0,63.0,0.0,63.0
2016-09-26,0,0,26.0,32.0,1,63.0,63.0,63.0,1.0,63.0,0.0,63.0
2016-09-27,1,0,26.0,32.0,0,63.0,63.0,63.0,1.0,63.0,0.0,63.0
2016-09-28,2,0,24.0,27.0,0,63.0,63.0,63.0,1.0,63.0,0.0,63.0
2016-09-29,3,0,25.0,29.0,0,63.0,63.0,63.0,1.0,63.0,0.0,56.0
2016-09-30,4,0,25.0,30.0,0,63.0,62.4615384615,56.0,0.96834264432,63.0,1.86528548507,110.0
2016-10-01,5,1,25.0,32.0,1,63.0,66.0769230769,56.0,1.17435897436,110.0,12.8150244663,120.0
2016-10-02,6,1,25.0,32.0,0,63.0,70.4615384615,56.0,1.40506018177,120.0,19.1817837649,99.0
2016-10-03,0,1,24.0,32.0,1,63.0,73.2307692308,56.0,1.57453936348,120.0,20.4606708896,113.0
2016-10-04,1,1,25.0,30.0,0,63.0,77.0769230769,56.0,1.53384153384,120.0,22.7476508963,103.0
2016-10-05,2,1,26.0,30.0,1,63.0,80.1538461538,56.0,1.41604855024,120.0,23.3331924482,85.0
2016-10-06,3,1,25.0,29.0,0,63.0,81.8461538462,56.0,1.33333333333,120.0,22.8198501776,84.0
2016-10-07,4,1,25.0,30.0,1,63.0,83.4615384615,56.0,1.18829183049,120.0,22.1623915143,83.0
2016-10-08,5,0,22.0,28.0,0,63.0,85.0,56.0,1.08667529107,120.0,21.3685606585,66.0
2016-10-09,6,0,20.0,22.0,0,63.0,85.2307692308,56.0,1.00279750377,120.0,21.1447532905,76.0
2016-10-10,0,0,19.0,22.0,0,63.0,86.2307692308,56.0,0.960307298335,120.0,20.3626877709,53.0
2016-10-11,1,0,20.0,25.0,1,63.0,85.4615384615,53.0,0.837628865979,120.0,21.3887655076,64.0
2016-10-12,2,0,22.0,25.0,1,63.0,85.5384615385,53.0,0.828503970809,120.0,21.3094972854,62.0
2016-10-13,3,0,22.0,26.0,1,63.0,86.0,53.0,0.768900343643,120.0,20.7215978,62.0
2016-10-14,4,0,23.0,28.0,1,63.0,82.3076923077,53.0,0.808080808081,120.0,20.3899847791,80.0
2016-10-15,5,1,24.0,27.0,1,63.0,79.2307692308,53.0,0.867346938776,120.0,17.2455293924,84.0
2016-10-16,6,1,25.0,28.0,1,63.0,78.0769230769,53.0,0.948185441578,120.0,16.3634749858,86.0
2016-10-17,0,0,24.0,28.0,1,63.0,76.0,53.0,1.03391232423,120.0,13.2083889427,53.0
2016-10-18,1,0,25.0,27.0,0,63.0,72.1538461538,53.0,0.928006658344,120.0,12.0118284898,67.0
2016-10-19,2,0,25.0,29.0,1,63.0,70.7692307692,53.0,0.855126608551,120.0,11.4767580933,39.0
2016-10-20,3,0,25.0,29.0,1,63.0,67.3076923077,39.0,0.667086217747,120.0,13.5611697668,44.0
2016-10-21,4,0,25.0,29.0,0,63.0,64.3076923077,39.0,0.656598818122,120.0,14.0624137078,81.0
2016-10-22,5,1,25.0,29.0,1,63.0,65.4615384615,39.0,0.7367475292,120.0,14.7523942496,97.0
2016-10-23,6,1,24.0,30.0,0,63.0,67.0769230769,39.0,0.998650472335,120.0,16.822427971,103.0
2016-10-24,0,0,23.0,26.0,0,63.0,70.9230769231,39.0,1.27264492754,120.0,18.7676544105,67.0
2016-10-25,1,0,23.0,30.0,1,63.0,71.1538461538,39.0,1.23955431755,120.0,18.699428843,64.0
2016-10-26,2,0,24.0,31.0,1,63.0,71.3076923077,39.0,1.10247349823,120.0,18.6315886246,67.0
2016-10-27,3,0,24.0,31.0,1,63.0,71.6923076923,39.0,0.944206008584,120.0,18.4865215573,69.0
2016-10-28,4,0,24.0,31.0,1,63.0,70.8461538462,39.0,0.963391136802,120.0,18.338048524,79.0
2016-10-29,5,1,21.0,24.0,1,63.0,70.4615384615,39.0,1.02600811262,120.0,18.1091366001,84.0
2016-10-30,6,1,20.0,24.0,1,63.0,70.3076923077,39.0,1.10083036773,120.0,17.9845430018,99.0
2016-10-31,0,0,21.0,27.0,1,63.0,73.8461538462,39.0,1.20376751666,113.0,18.740520286,53.0
