time_stamp,dayofweek,holiday,lt,ht,sunny,m2M,w2A,m1L,d3w3,m1Lar,w2Std,pay_sum
2016-08-01,0,0,23.0,27.0,0,127.0,167.0,78.0,1.22432125529,226.0,38.9239890437,141.0
2016-08-02,1,0,23.0,28.0,1,131.0,168.307692308,78.0,1.13409488525,226.0,37.7244760689,159.0
2016-08-03,2,0,23.0,29.0,1,131.0,174.076923077,78.0,1.02189781022,226.0,29.1507000535,168.0
2016-08-04,3,0,23.0,30.0,1,131.0,177.230769231,78.0,0.940325497288,226.0,25.9263864585,181.0
2016-08-05,4,0,24.0,31.0,1,136.0,177.615384615,78.0,1.01004075952,226.0,25.9423575868,194.0
2016-08-06,5,1,23.0,30.0,1,138.0,176.615384615,78.0,1.08610861086,226.0,25.0247215048,224.0
2016-08-07,6,1,23.0,27.0,0,138.0,176.461538462,78.0,1.19026328862,226.0,24.7249963354,207.0
2016-08-08,0,0,24.0,29.0,1,138.0,181.923076923,78.0,1.20948234156,226.0,22.9630523918,142.0
2016-08-09,1,0,24.0,31.0,1,138.0,180.538461538,78.0,1.10308980653,226.0,24.71877326,195.0
2016-08-10,2,0,25.0,31.0,1,138.0,182.846153846,84.0,1.01473605671,226.0,24.5602748476,169.0
2016-08-11,3,0,26.0,32.0,1,141.0,182.538461538,84.0,0.932890855457,226.0,24.7063224067,180.0
2016-08-12,4,0,26.0,31.0,1,142.0,182.307692308,84.0,1.00184162063,226.0,24.7149428963,221.0
2016-08-13,5,1,25.0,29.0,0,146.0,183.461538462,84.0,1.0456796918,226.0,26.1051583014,238.0
2016-08-14,6,1,24.0,32.0,1,155.0,186.076923077,84.0,1.16840373012,238.0,29.5126088789,230.0
2016-08-15,0,0,25.0,31.0,0,159.0,192.923076923,84.0,1.22816399287,238.0,28.5696491415,162.0
2016-08-16,1,0,24.0,32.0,1,159.0,193.153846154,84.0,1.12239444148,238.0,28.3056019295,164.0
2016-08-17,2,0,24.0,31.0,1,160.0,192.846153846,84.0,0.990822418248,238.0,28.5975957942,153.0
2016-08-18,3,0,24.0,28.0,0,159.0,190.692307692,84.0,0.858192242229,238.0,30.4059321524,157.0
2016-08-19,4,0,24.0,27.0,0,159.0,187.846153846,127.0,0.855209742896,238.0,31.6685870901,165.0
2016-08-20,5,1,24.0,27.0,1,160.0,183.307692308,136.0,0.866630176975,238.0,30.3628938911,194.0
2016-08-21,6,1,23.0,31.0,1,162.0,182.307692308,136.0,0.944017563117,238.0,29.7744976458,179.0
2016-08-22,0,0,24.0,31.0,1,164.0,185.153846154,136.0,0.974108274489,238.0,27.4642317145,121.0
2016-08-23,1,0,24.0,31.0,1,164.0,179.461538462,121.0,0.903768752287,238.0,32.1094651385,131.0
2016-08-24,2,0,23.0,29.0,1,162.0,176.538461538,121.0,0.796599205249,238.0,34.5645780991,126.0
2016-08-25,3,0,20.0,25.0,0,160.0,172.384615385,121.0,0.709459459459,238.0,37.0540944723,143.0
2016-08-26,4,0,19.0,27.0,1,160.0,166.384615385,121.0,0.761687137008,238.0,34.9516995549,177.0
2016-08-27,5,1,20.0,28.0,1,162.0,161.692307692,121.0,0.860837676124,238.0,28.5263295797,227.0
2016-08-28,6,1,20.0,28.0,1,164.0,161.461538462,121.0,1.04970255229,238.0,27.9797052401,212.0
2016-08-29,0,0,20.0,27.0,1,165.0,165.307692308,121.0,1.15876598947,238.0,31.0567337313,108.0
2016-08-30,1,0,19.0,25.0,1,165.0,161.0,108.0,1.05486452608,238.0,34.61880325,117.0
2016-08-31,2,0,18.0,23.0,0,164.0,158.230769231,108.0,0.855604503182,238.0,36.5348176321,80.0
2016-09-01,3,0,18.0,20.0,0,162.0,152.307692308,80.0,0.615229450328,238.0,42.0757277288,106.0
2016-09-02,4,0,20.0,25.0,1,162.0,147.769230769,80.0,0.633228840125,238.0,43.6157237811,111.0
2016-09-03,5,1,20.0,26.0,0,162.0,141.384615385,80.0,0.646425073457,238.0,42.440072612,159.0
2016-09-04,6,1,21.0,27.0,1,162.0,139.846153846,80.0,0.837789661319,238.0,41.39833916,126.0
2016-09-05,0,0,21.0,26.0,0,162.0,140.230769231,80.0,0.893098782138,238.0,41.2444007317,102.0
2016-09-06,1,0,22.0,28.0,1,162.0,138.0,80.0,0.891499654457,238.0,42.4499705536,95.0
2016-09-07,2,0,20.0,26.0,0,160.0,135.615384615,80.0,0.759285378467,238.0,43.9029321984,95.0
2016-09-08,3,0,20.0,27.0,1,160.0,131.923076923,80.0,0.701754385965,238.0,45.1279574585,102.0
2016-09-09,4,0,20.0,28.0,1,160.0,126.153846154,80.0,0.718062215665,238.0,43.770109495,93.0
2016-09-10,5,1,19.0,26.0,0,160.0,115.846153846,80.0,0.740740740741,238.0,33.3440022374,142.0
2016-09-11,6,1,19.0,26.0,1,160.0,110.461538462,80.0,0.873170099754,238.0,20.5972940143,106.0
2016-09-12,0,0,19.0,24.0,0,160.0,110.307692308,80.0,0.888715142038,230.0,20.6225590272,68.0
2016-09-13,1,0,18.0,24.0,1,160.0,106.538461538,68.0,0.844355377422,227.0,23.3522042597,62.0
2016-09-14,2,0,19.0,26.0,1,159.0,105.153846154,62.0,0.647195941314,227.0,25.3342157014,99.0
2016-09-15,3,1,20.0,27.0,1,159.0,104.615384615,62.0,0.639575478285,227.0,25.3848484838,224.0
2016-09-16,4,1,19.0,27.0,1,159.0,113.307692308,62.0,1.0545056149,227.0,40.7683599326,172.0
2016-09-17,5,1,16.0,25.0,1,160.0,114.307692308,62.0,1.38713745271,227.0,42.0171844247,151.0
2016-09-18,6,0,15.0,23.0,1,160.0,116.230769231,62.0,1.57319528329,227.0,43.0673066189,73.0
2016-09-19,0,0,16.0,23.0,1,160.0,114.0,62.0,1.15637319317,227.0,44.4747119159,69.0
2016-09-20,1,0,17.0,24.0,1,159.0,112.0,62.0,0.873974645787,227.0,45.8475735454,72.0
2016-09-21,2,0,17.0,24.0,1,159.0,110.230769231,62.0,0.640622661278,227.0,46.901129798,58.0
2016-09-22,3,0,18.0,24.0,1,157.0,106.846153846,58.0,0.608841976442,227.0,48.9172710633,59.0
2016-09-23,4,0,20.0,24.0,0,157.0,104.230769231,58.0,0.592383638928,227.0,50.471856356,91.0
2016-09-24,5,1,20.0,25.0,1,153.0,100.307692308,58.0,0.673466083859,227.0,49.353333011,117.0
2016-09-25,6,1,19.0,25.0,1,151.0,101.153846154,58.0,0.868292682927,227.0,49.537625411,107.0
2016-09-26,0,0,19.0,24.0,1,143.0,104.153846154,58.0,1.02189781022,224.0,48.6112461724,65.0
2016-09-27,1,0,12.0,24.0,0,142.0,104.384615385,58.0,0.951440329218,224.0,48.4173180421,59.0
2016-09-28,2,0,10.0,16.0,1,142.0,101.307692308,58.0,0.774258421317,224.0,49.9097410184,77.0
2016-09-29,3,0,14.0,20.0,1,141.0,90.0,58.0,0.682281059063,224.0,35.3640408412,71.0
2016-09-30,4,0,17.0,23.0,1,131.0,82.2307692308,58.0,0.710607621009,224.0,26.4724932601,95.0
2016-10-01,5,1,18.0,24.0,1,126.0,77.9230769231,58.0,0.854881266491,224.0,18.1932427797,149.0
2016-10-02,6,1,18.0,23.0,1,126.0,83.7692307692,58.0,1.08359133127,224.0,26.1450211355,189.0
2016-10-03,0,1,15.0,24.0,1,126.0,93.0,58.0,1.4019750688,224.0,37.8600662359,234.0
2016-10-04,1,1,13.0,20.0,1,126.0,105.461538462,58.0,1.70924846855,234.0,52.6638328451,252.0
2016-10-05,2,1,10.0,17.0,1,126.0,120.384615385,58.0,1.88758389262,252.0,63.4768746038,224.0
2016-10-06,3,1,12.0,19.0,1,126.0,133.076923077,58.0,1.98545861298,252.0,66.3643341869,144.0
2016-10-07,4,1,12.0,18.0,0,126.0,137.153846154,58.0,1.75438596491,252.0,65.2732082556,101.0
2016-10-08,5,0,9.0,16.0,1,126.0,135.923076923,58.0,1.35588320324,252.0,65.7904149419,69.0
2016-10-09,6,0,11.0,16.0,1,121.0,133.0,58.0,0.909354184767,252.0,67.8232998313,80.0
2016-10-10,0,0,12.0,19.0,1,117.0,134.153846154,58.0,0.7205649229,252.0,66.7761428539,49.0
2016-10-11,1,0,11.0,18.0,1,117.0,133.384615385,49.0,0.576419213974,252.0,67.6888110985,60.0
2016-10-12,2,0,14.0,18.0,1,111.0,132.076923077,49.0,0.549738219895,252.0,68.9185266355,61.0
2016-10-13,3,0,16.0,21.0,1,108.0,131.307692308,49.0,0.494042429526,252.0,69.6478887144,65.0
2016-10-14,4,0,16.0,22.0,1,107.0,129.0,49.0,0.546737213404,252.0,71.2903057386,64.0
2016-10-15,5,1,16.0,22.0,1,106.0,122.461538462,49.0,0.571858540256,252.0,73.0327801898,116.0
2016-10-16,6,1,14.0,20.0,0,106.0,116.846153846,49.0,0.734412470024,252.0,70.4620423227,87.0
2016-10-17,0,0,12.0,18.0,1,106.0,105.538461538,49.0,0.792520035619,252.0,62.0466516603,41.0
2016-10-18,1,0,14.0,20.0,1,102.0,89.3076923077,41.0,0.730101735488,252.0,47.5044688026,43.0
2016-10-19,2,0,14.0,23.0,1,102.0,75.3846153846,41.0,0.519598906108,252.0,28.8485127241,66.0
2016-10-20,3,0,11.0,17.0,1,101.0,69.3846153846,41.0,0.456829602558,252.0,20.9964775857,47.0
2016-10-21,4,0,9.0,20.0,1,99.0,65.2307692308,41.0,0.485754320411,252.0,19.6278994768,68.0
2016-10-22,5,1,7.0,11.0,1,95.0,65.1538461538,41.0,0.585760517799,252.0,19.6149321215,106.0
2016-10-23,6,1,7.0,13.0,1,95.0,67.1538461538,41.0,0.745236890912,252.0,22.1840072465,85.0
2016-10-24,0,0,12.0,16.0,0,95.0,69.9230769231,41.0,0.944566010212,252.0,21.9911224692,62.0
2016-10-25,1,0,10.0,17.0,1,95.0,70.0769230769,41.0,1.02971102971,252.0,21.9280696069,53.0
2016-10-26,2,0,7.0,14.0,1,93.0,69.4615384615,41.0,0.908884344467,252.0,22.2835413033,44.0
2016-10-27,3,0,8.0,13.0,0,91.0,67.8461538462,41.0,0.775420629115,252.0,23.2869925853,53.0
2016-10-28,4,0,4.0,10.0,1,87.0,67.0,41.0,0.758150113723,252.0,23.6089943747,67.0
2016-10-29,5,1,5.0,9.0,1,85.0,63.2307692308,41.0,0.830169577322,252.0,18.9337055829,107.0
2016-10-30,6,1,2.0,14.0,0,87.0,64.7692307692,41.0,1.12599206349,252.0,21.4481623604,71.0
2016-10-31,0,0,-2.0,4.0,1,85.0,67.0769230769,41.0,1.19570522206,252.0,20.3525146375,36.0
