time_stamp,dayofweek,holiday,lt,ht,sunny,m2M,w2A,m1L,d3w3,m1Lar,w2Std,pay_sum
2016-08-01,0,0,27.0,37.0,1,251.0,235.846153846,170.0,1.08915054668,359.0,45.9880354906,184.0
2016-08-02,1,0,27.0,35.0,0,250.0,234.384615385,170.0,0.862525968909,359.0,47.2921175113,199.0
2016-08-03,2,0,26.0,32.0,0,250.0,230.461538462,170.0,0.843226131376,359.0,47.9448647842,210.0
2016-08-04,3,0,27.0,33.0,0,250.0,229.0,170.0,0.845994721449,359.0,48.2557290341,158.0
2016-08-05,4,0,26.0,33.0,0,250.0,218.384615385,158.0,0.840186708157,359.0,47.52252658,407.0
2016-08-06,5,1,26.0,34.0,0,250.0,234.307692308,158.0,1.10233980513,407.0,68.6690890211,260.0
2016-08-07,6,1,27.0,35.0,1,250.0,239.538461538,158.0,1.15716389649,407.0,67.8319364137,209.0
2016-08-08,0,0,26.0,34.0,0,248.0,239.538461538,158.0,1.24440656297,407.0,67.8319364137,282.0
2016-08-09,1,0,26.0,30.0,0,250.0,242.769230769,158.0,1.04917574742,407.0,68.7706934967,263.0
2016-08-10,2,0,27.0,35.0,0,251.0,242.538461538,158.0,1.05050505051,407.0,68.6973467012,338.0
2016-08-11,3,0,27.0,36.0,1,258.0,252.846153846,158.0,1.20283340144,407.0,72.1097946551,197.0
2016-08-12,4,0,27.0,36.0,1,258.0,240.384615385,158.0,1.10948905109,407.0,66.4651886462,427.0
2016-08-13,5,1,27.0,35.0,1,260.0,256.692307692,158.0,1.27704765698,427.0,82.3467197192,296.0
2016-08-14,6,1,28.0,35.0,1,260.0,263.846153846,158.0,1.19651450124,427.0,81.4057701166,279.0
2016-08-15,0,0,27.0,36.0,1,263.0,271.153846154,158.0,1.28560431101,427.0,78.1072695857,365.0
2016-08-16,1,0,26.0,36.0,1,263.0,283.923076923,158.0,1.17772348556,427.0,78.8332822514,365.0
2016-08-17,2,0,28.0,37.0,1,266.0,295.846153846,158.0,1.24108241082,427.0,78.4717942015,292.0
2016-08-18,3,0,28.0,37.0,1,266.0,306.153846154,158.0,1.23698862261,427.0,67.7573114464,286.0
2016-08-19,4,0,28.0,38.0,1,266.0,296.846153846,158.0,1.15670039865,427.0,61.2646794389,443.0
2016-08-20,5,1,27.0,37.0,0,269.0,310.923076923,158.0,1.20195420566,443.0,71.3716831787,282.0
2016-08-21,6,1,27.0,35.0,0,273.0,316.538461538,158.0,1.17380703588,443.0,65.7847485067,266.0
2016-08-22,0,0,27.0,36.0,1,273.0,315.307692308,158.0,1.13438644689,443.0,66.5644680169,373.0
2016-08-23,1,0,27.0,35.0,0,273.0,323.769230769,158.0,1.02367455819,443.0,66.3686138126,381.0
2016-08-24,2,0,27.0,35.0,1,273.0,327.076923077,158.0,1.10228562166,443.0,68.0457555772,349.0
2016-08-25,3,0,26.0,35.0,1,279.0,338.769230769,158.0,1.15618448637,443.0,56.8238219901,291.0
2016-08-26,4,0,25.0,34.0,0,279.0,328.307692308,158.0,1.09011317531,443.0,51.9250711868,434.0
2016-08-27,5,1,23.0,31.0,1,282.0,338.923076923,158.0,1.11561234029,443.0,57.9873481406,368.0
2016-08-28,6,1,21.0,31.0,1,282.0,345.769230769,158.0,1.10790127211,443.0,55.7179074185,351.0
2016-08-29,0,0,21.0,32.0,1,282.0,344.692307692,158.0,1.15658541479,443.0,55.4705529855,434.0
2016-08-30,1,0,21.0,32.0,1,282.0,350.0,158.0,1.1275732238,443.0,60.2545880794,466.0
2016-08-31,2,0,21.0,33.0,1,282.0,363.384615385,158.0,1.20086393089,466.0,65.0213437875,695.0
2016-09-01,3,0,23.0,33.0,0,282.0,394.846153846,158.0,1.42863540687,695.0,106.002065404,630.0
2016-09-02,4,0,22.0,34.0,1,282.0,409.230769231,158.0,1.56160083704,695.0,122.901557758,623.0
2016-09-03,5,1,23.0,35.0,1,282.0,435.461538462,197.0,1.62883063673,695.0,129.177049274,390.0
2016-09-04,6,1,24.0,32.0,1,282.0,445.0,197.0,1.35493979878,695.0,120.605523537,217.0
2016-09-05,0,0,24.0,30.0,0,279.0,433.0,197.0,1.03326612903,695.0,134.17038536,216.0
2016-09-06,1,0,23.0,28.0,0,269.0,420.307692308,197.0,0.704593125294,695.0,145.790357714,174.0
2016-09-07,2,0,21.0,27.0,0,269.0,406.846153846,174.0,0.527665493111,695.0,159.214343263,214.0
2016-09-08,3,0,22.0,30.0,1,269.0,400.923076923,174.0,0.530033785266,695.0,164.749909088,235.0
2016-09-09,4,0,22.0,29.0,1,269.0,385.615384615,174.0,0.562096810574,695.0,170.122823713,302.0
2016-09-10,5,1,22.0,28.0,0,269.0,380.538461538,174.0,0.675754712737,695.0,171.551569006,209.0
2016-09-11,6,1,21.0,25.0,0,269.0,369.615384615,174.0,0.676459920203,695.0,177.502129331,263.0
2016-09-12,0,0,21.0,27.0,1,269.0,356.461538462,174.0,0.712510356255,695.0,178.576256232,276.0
2016-09-13,1,0,21.0,28.0,0,269.0,341.846153846,174.0,0.698706272477,695.0,176.779239189,251.0
2016-09-14,2,0,21.0,25.0,0,269.0,307.692307692,174.0,0.748212340768,695.0,145.346474443,416.0
2016-09-15,3,1,22.0,25.0,0,276.0,291.230769231,174.0,0.877535827285,695.0,117.328699254,181.0
2016-09-16,4,1,23.0,27.0,0,276.0,257.230769231,174.0,0.818019582308,695.0,71.258094111,170.0
2016-09-17,5,1,22.0,27.0,1,276.0,240.307692308,170.0,0.761706142311,695.0,63.4087892663,278.0
2016-09-18,6,0,22.0,26.0,0,278.0,245.0,170.0,0.631526104418,695.0,63.7664006053,245.0
2016-09-19,0,0,20.0,27.0,1,278.0,247.230769231,170.0,0.716168035963,695.0,63.2177602189,271.0
2016-09-20,1,0,19.0,26.0,1,276.0,254.692307692,170.0,0.846121057118,695.0,59.7641320467,207.0
2016-09-21,2,0,19.0,26.0,1,276.0,254.153846154,170.0,0.835644937587,695.0,60.1585675896,266.0
2016-09-22,3,0,20.0,27.0,1,276.0,256.538461538,170.0,0.917838638046,695.0,59.9661640294,205.0
2016-09-23,4,0,20.0,29.0,1,276.0,249.076923077,170.0,0.90653830726,695.0,59.8799588131,318.0
2016-09-24,5,1,21.0,30.0,1,278.0,257.461538462,170.0,1.07041107041,695.0,61.2957714499,219.0
2016-09-25,6,1,21.0,30.0,1,278.0,254.076923077,170.0,1.00623813398,695.0,62.1059411731,272.0
2016-09-26,0,0,24.0,31.0,1,278.0,253.769230769,170.0,1.08474121748,695.0,62.0063940204,276.0
2016-09-27,1,0,23.0,28.0,0,276.0,255.692307692,170.0,1.00775193798,695.0,62.2777705932,285.0
2016-09-28,2,0,22.0,28.0,0,278.0,245.615384615,170.0,1.07936507937,695.0,43.199961648,320.0
2016-09-29,3,0,22.0,25.0,0,279.0,256.307692308,170.0,1.12300828553,695.0,43.085576054,284.0
2016-09-30,4,0,22.0,29.0,0,282.0,265.076923077,170.0,1.13711946789,630.0,35.5732430529,590.0
2016-10-01,5,1,23.0,30.0,0,282.0,289.076923077,170.0,1.4232075809,623.0,93.7963928603,566.0
2016-10-02,6,1,22.0,30.0,1,284.0,313.769230769,170.0,1.62822252374,590.0,118.057452667,437.0
2016-10-03,0,1,21.0,27.0,0,285.0,326.538461538,170.0,1.75334323923,590.0,121.6632271,296.0
2016-10-04,1,1,20.0,27.0,1,285.0,333.384615385,170.0,1.41920681744,590.0,117.164932048,268.0
2016-10-05,2,1,21.0,27.0,1,285.0,333.538461538,170.0,1.12081513828,590.0,117.077630646,267.0
2016-10-06,3,1,22.0,27.0,0,285.0,338.307692308,170.0,0.917218543046,590.0,112.93387079,290.0
2016-10-07,4,1,20.0,23.0,0,286.0,336.153846154,170.0,0.892857142857,590.0,113.565871196,283.0
2016-10-08,5,0,17.0,22.0,0,286.0,341.076923077,170.0,0.908353609084,590.0,109.702017048,210.0
2016-10-09,6,0,16.0,22.0,1,285.0,336.307692308,170.0,0.851549755302,590.0,113.869955932,205.0
2016-10-10,0,0,15.0,21.0,1,285.0,330.846153846,170.0,0.767370272647,590.0,118.249960907,227.0
2016-10-11,1,0,17.0,23.0,1,284.0,326.384615385,170.0,0.703484549638,590.0,120.958695087,234.0
2016-10-12,2,0,18.0,25.0,1,283.0,319.769230769,170.0,0.733641771315,590.0,123.452983169,240.0
2016-10-13,3,0,18.0,23.0,1,283.0,316.384615385,170.0,0.767756420787,590.0,124.980945293,240.0
2016-10-14,4,0,19.0,22.0,0,282.0,289.461538462,170.0,0.79214511566,590.0,97.9046752907,296.0
2016-10-15,5,1,20.0,23.0,0,282.0,268.692307692,170.0,0.850038339358,590.0,57.2247722251,209.0
2016-10-16,6,1,20.0,26.0,0,278.0,251.153846154,205.0,0.824616746915,590.0,32.5903387143,260.0
2016-10-17,0,0,20.0,24.0,0,276.0,248.384615385,205.0,0.84900948893,590.0,30.09609855,235.0
2016-10-18,1,0,20.0,24.0,0,276.0,245.846153846,205.0,0.787868613956,590.0,29.7239767343,268.0
2016-10-19,2,0,20.0,24.0,0,272.0,245.923076923,205.0,0.861416878352,590.0,29.7798629393,280.0
2016-10-20,3,0,21.0,25.0,0,276.0,245.153846154,205.0,0.884595831215,590.0,28.7424803647,262.0
2016-10-21,4,0,21.0,25.0,0,272.0,243.538461538,205.0,0.968957473533,590.0,27.1140479758,311.0
2016-10-22,5,1,20.0,23.0,0,272.0,251.307692308,205.0,1.06932430738,590.0,30.6327743423,243.0
2016-10-23,6,1,17.0,23.0,0,271.0,254.230769231,205.0,1.06167056987,590.0,27.7520722612,279.0
2016-10-24,0,0,19.0,24.0,1,271.0,258.230769231,205.0,1.08739638405,590.0,27.2824368587,261.0
2016-10-25,1,0,19.0,23.0,1,268.0,260.307692308,205.0,1.02352941176,590.0,26.3712682096,250.0
2016-10-26,2,0,19.0,24.0,0,268.0,261.076923077,205.0,1.03613351695,590.0,25.9094919894,261.0
2016-10-27,3,0,18.0,24.0,0,267.0,262.692307692,205.0,1.01833531196,590.0,25.189694521,257.0
2016-10-28,4,0,15.0,19.0,0,266.0,259.692307692,205.0,1.01829753381,590.0,23.295376284,417.0
2016-10-29,5,1,12.0,15.0,0,266.0,275.692307692,205.0,1.19070359758,590.0,44.6376602216,218.0
2016-10-30,6,1,14.0,18.0,1,263.0,272.461538462,205.0,1.1331300813,566.0,47.1080842068,248.0
2016-10-31,0,0,12.0,17.0,0,262.0,273.461538462,205.0,1.1172265452,437.0,46.4354231241,296.0
