time_stamp,dayofweek,holiday,lt,ht,sunny,m2M,w2A,m1L,d3w3,m1Lar,w2Std,pay_sum
2016-08-01,0,0,28.0,34.0,1,86.0,85.2307692308,28.0,0.740296118447,125.0,34.9750545085,123.0
2016-08-02,1,0,28.0,34.0,0,86.0,88.0769230769,28.0,0.826873385013,125.0,36.3983548624,103.0
2016-08-03,2,0,26.0,32.0,0,86.0,87.0769230769,28.0,1.06650924833,125.0,35.7909776737,112.0
2016-08-04,3,0,27.0,32.0,0,88.0,89.3846153846,28.0,1.33097066352,125.0,36.3519938328,104.0
2016-08-05,4,0,27.0,33.0,0,90.0,90.3846153846,28.0,1.24076234928,125.0,36.5608838084,142.0
2016-08-06,5,1,27.0,33.0,1,90.0,98.7692307692,28.0,1.30561633844,142.0,34.9001958252,30.0
2016-08-07,6,1,27.0,34.0,1,90.0,98.7692307692,28.0,1.01043382757,142.0,34.9001958252,38.0
2016-08-08,0,0,27.0,34.0,0,90.0,92.0769230769,28.0,0.795454545455,142.0,37.4750410036,97.0
2016-08-09,1,0,28.0,34.0,1,91.0,90.0,28.0,0.621118012422,142.0,36.3804681325,112.0
2016-08-10,2,0,28.0,34.0,1,91.0,89.7692307692,28.0,0.931899641577,142.0,36.2303609319,107.0
2016-08-11,3,0,28.0,35.0,1,91.0,88.6923076923,28.0,1.1755952381,142.0,35.4864754636,131.0
2016-08-12,4,0,28.0,34.0,1,91.0,91.0769230769,28.0,1.27365356623,142.0,37.1679380825,126.0
2016-08-13,5,1,28.0,35.0,1,91.0,97.6923076923,28.0,1.26060606061,142.0,35.0831640872,39.0
2016-08-14,6,1,28.0,36.0,1,91.0,97.2307692308,28.0,1.02033781455,142.0,35.8053580996,40.0
2016-08-15,0,0,28.0,35.0,1,91.0,90.8461538462,30.0,0.73913827294,142.0,37.9753891029,114.0
2016-08-16,1,0,28.0,35.0,1,92.0,91.6923076923,30.0,0.699655609933,142.0,38.357397472,89.0
2016-08-17,2,0,28.0,35.0,1,92.0,89.9230769231,30.0,0.893546607832,142.0,37.9077047952,132.0
2016-08-18,3,0,28.0,36.0,1,94.0,92.0769230769,30.0,1.22441520468,142.0,39.4119496492,116.0
2016-08-19,4,0,29.0,36.0,1,94.0,90.0769230769,30.0,1.22101449275,142.0,37.4380751035,127.0
2016-08-20,5,1,28.0,37.0,0,94.0,97.5384615385,30.0,1.29735339907,142.0,34.2515926291,35.0
2016-08-21,6,1,28.0,35.0,0,94.0,97.3076923077,30.0,0.966788384629,142.0,34.6596298426,35.0
2016-08-22,0,0,28.0,35.0,1,94.0,92.5384615385,30.0,0.71806087115,142.0,38.4339901342,123.0
2016-08-23,1,0,26.0,34.0,1,94.0,93.3846153846,30.0,0.695871642329,142.0,38.9704788892,112.0
2016-08-24,2,0,26.0,34.0,1,95.0,93.7692307692,30.0,0.973499188751,142.0,39.1273145713,107.0
2016-08-25,3,0,27.0,35.0,1,97.0,91.9230769231,30.0,1.23110151188,142.0,37.8731923427,122.0
2016-08-26,4,0,26.0,34.0,0,97.0,91.6153846154,30.0,1.24090247453,142.0,37.6104291214,98.0
2016-08-27,5,1,23.0,31.0,1,98.0,96.1538461538,30.0,1.14736842105,142.0,34.4111926198,42.0
2016-08-28,6,1,22.0,30.0,1,98.0,96.3076923077,30.0,0.917366946779,142.0,34.1633735845,51.0
2016-08-29,0,0,23.0,31.0,1,98.0,91.4615384615,30.0,0.685324721923,142.0,35.7418422852,133.0
2016-08-30,1,0,23.0,31.0,1,99.0,94.8461538462,30.0,0.801844952989,142.0,37.3936361386,129.0
2016-08-31,2,0,25.0,34.0,1,100.0,94.6153846154,30.0,1.09766789409,142.0,37.1722362514,99.0
2016-09-01,3,0,26.0,33.0,1,100.0,93.3076923077,30.0,1.28767611914,142.0,36.6928721131,104.0
2016-09-02,4,0,25.0,34.0,1,100.0,91.5384615385,30.0,1.19833964988,142.0,35.5627622545,155.0
2016-09-03,5,1,25.0,35.0,1,103.0,100.769230769,30.0,1.21582611649,155.0,35.2619948957,47.0
2016-09-04,6,1,25.0,33.0,1,103.0,101.692307692,30.0,1.03553299492,155.0,33.6483731814,36.0
2016-09-05,0,0,25.0,30.0,0,100.0,95.0,35.0,0.838618745595,155.0,37.2083530738,125.0
2016-09-06,1,0,22.0,27.0,0,100.0,96.0,35.0,0.719225449516,155.0,37.8214428395,91.0
2016-09-07,2,0,20.0,24.0,0,100.0,94.7692307692,35.0,0.890302066773,155.0,37.7036089808,112.0
2016-09-08,3,0,22.0,29.0,1,103.0,94.0,35.0,1.16126748097,155.0,37.2393505686,93.0
2016-09-09,4,0,23.0,31.0,1,103.0,93.6153846154,35.0,1.06724355507,155.0,37.221867976,114.0
2016-09-10,5,1,24.0,29.0,1,103.0,99.1538461538,35.0,1.1030428769,155.0,34.3776451376,34.0
2016-09-11,6,1,23.0,26.0,0,103.0,97.8461538462,34.0,0.833765784466,155.0,36.4456310642,37.0
2016-09-12,0,0,23.0,29.0,1,100.0,90.4615384615,34.0,0.669925764983,155.0,38.2554478466,110.0
2016-09-13,1,0,23.0,30.0,1,103.0,89.0,34.0,0.656153706725,155.0,37.1006945819,94.0
2016-09-14,2,0,22.0,24.0,0,103.0,88.6153846154,34.0,0.87988316904,155.0,37.0208640998,108.0
2016-09-15,3,1,23.0,26.0,0,104.0,88.9230769231,34.0,1.14790286976,155.0,37.1637986352,14.0
2016-09-16,4,1,23.0,27.0,0,104.0,78.0769230769,14.0,0.833333333333,155.0,36.8707963204,26.0
2016-09-17,5,1,23.0,27.0,0,104.0,76.4615384615,14.0,0.576323987539,155.0,38.6156910806,36.0
2016-09-18,6,0,23.0,28.0,0,103.0,76.4615384615,14.0,0.298566097034,155.0,38.6156910806,117.0
2016-09-19,0,0,21.0,27.0,0,104.0,75.8461538462,14.0,0.709894903827,155.0,37.894278346,134.0
2016-09-20,1,0,20.0,26.0,1,104.0,79.1538461538,14.0,1.13483590352,155.0,40.8352151078,94.0
2016-09-21,2,0,20.0,27.0,1,104.0,77.7692307692,14.0,1.36823319453,155.0,39.9945262527,92.0
2016-09-22,3,0,21.0,27.0,1,104.0,77.6923076923,14.0,1.27821050529,155.0,39.9661099036,97.0
2016-09-23,4,0,21.0,27.0,1,104.0,76.3846153846,14.0,1.17111524933,155.0,39.0237372763,128.0
2016-09-24,5,1,22.0,28.0,1,104.0,83.6153846154,14.0,1.24901497242,155.0,39.2085910161,61.0
2016-09-25,6,1,23.0,29.0,1,103.0,85.4615384615,14.0,1.11046398758,155.0,37.4979289369,55.0
2016-09-26,0,0,24.0,31.0,1,100.0,81.2307692308,14.0,0.987654320988,155.0,37.5932764982,153.0
2016-09-27,1,0,25.0,30.0,0,103.0,85.7692307692,14.0,1.04934659645,155.0,42.1465462517,113.0
2016-09-28,2,0,22.0,28.0,0,104.0,86.1538461538,14.0,1.2514619883,155.0,42.369884359,118.0
2016-09-29,3,0,22.0,25.0,0,104.0,94.1538461538,14.0,1.47550432277,155.0,37.5332594126,125.0
2016-09-30,4,0,23.0,28.0,0,104.0,101.769230769,14.0,1.35929744177,155.0,32.6594404921,113.0
2016-10-01,5,1,24.0,29.0,0,107.0,107.692307692,14.0,1.300456621,155.0,26.6180523341,37.0
2016-10-02,6,1,24.0,32.0,1,104.0,101.538461538,14.0,1.00456621005,153.0,32.3790420931,48.0
2016-10-03,0,1,22.0,26.0,1,104.0,94.9230769231,14.0,0.748723766307,153.0,33.8241187013,29.0
2016-10-04,1,1,22.0,26.0,1,99.0,89.9230769231,14.0,0.447585394582,153.0,38.1221953086,37.0
2016-10-05,2,1,22.0,27.0,1,99.0,85.6923076923,14.0,0.467117393977,153.0,40.6266010153,37.0
2016-10-06,3,1,22.0,26.0,0,99.0,81.0769230769,14.0,0.416161616162,153.0,42.4471826345,45.0
2016-10-07,4,1,20.0,25.0,0,99.0,74.6923076923,14.0,0.475334531656,153.0,41.1309066189,68.0
2016-10-08,5,0,17.0,22.0,0,98.0,75.2307692308,14.0,0.587889476778,153.0,40.9937215571,114.0
2016-10-09,6,0,18.0,22.0,1,98.0,79.7692307692,14.0,0.891244601492,153.0,41.7615094152,96.0
2016-10-10,0,0,18.0,22.0,1,97.0,75.3846153846,14.0,1.11646586345,153.0,36.5040323622,120.0
2016-10-11,1,0,19.0,25.0,1,97.0,75.9230769231,14.0,1.30486358244,153.0,37.1016515047,122.0
2016-10-12,2,0,19.0,23.0,1,98.0,76.2307692308,14.0,1.31313131313,153.0,37.4641445942,119.0
2016-10-13,3,0,19.0,23.0,1,99.0,75.7692307692,14.0,1.38473341005,153.0,36.893096803,125.0
2016-10-14,4,0,19.0,23.0,0,99.0,76.6923076923,14.0,1.40634005764,153.0,37.9481115683,136.0
2016-10-15,5,1,21.0,25.0,1,104.0,84.3076923077,26.0,1.39963167587,153.0,39.1336656471,52.0
2016-10-16,6,1,20.0,26.0,1,99.0,84.6153846154,29.0,1.1547684929,153.0,38.8617638096,49.0
2016-10-17,0,0,20.0,25.0,1,98.0,86.1538461538,29.0,0.927774515561,153.0,36.9799241873,127.0
2016-10-18,1,0,20.0,25.0,1,98.0,93.0769230769,29.0,0.885264997088,153.0,35.5256387123,134.0
2016-10-19,2,0,20.0,24.0,0,99.0,100.538461538,29.0,1.19253702635,153.0,33.0654720787,129.0
2016-10-20,3,0,20.0,23.0,0,104.0,107.0,29.0,1.49683362119,153.0,29.6076913084,129.0
2016-10-21,4,0,0.0,21.0,0,104.0,111.692307692,29.0,1.49077771439,153.0,27.8357396591,177.0
2016-10-22,5,1,19.0,23.0,0,104.0,116.538461538,29.0,1.53195985209,177.0,32.8484056155,74.0
2016-10-23,6,1,18.0,23.0,1,99.0,114.846153846,29.0,1.3201320132,177.0,34.3933047014,52.0
2016-10-24,0,0,20.0,24.0,1,98.0,109.615384615,29.0,1.04016477858,177.0,38.1747771371,136.0
2016-10-25,1,0,18.0,22.0,1,99.0,110.692307692,29.0,0.855789645599,177.0,38.7027818825,149.0
2016-10-26,2,0,19.0,21.0,0,104.0,113.0,29.0,1.04350518656,177.0,40.0019230307,131.0
2016-10-27,3,0,18.0,22.0,0,108.0,113.461538462,29.0,1.23864820604,177.0,40.1719676173,146.0
2016-10-28,4,0,15.0,20.0,0,108.0,114.230769231,29.0,1.22572291757,177.0,40.6885995111,97.0
2016-10-29,5,1,13.0,17.0,1,104.0,117.692307692,29.0,1.08405797101,177.0,36.9935225419,56.0
2016-10-30,6,1,14.0,18.0,1,104.0,118.230769231,29.0,0.882005899705,177.0,36.0280955455,41.0
2016-10-31,0,0,13.0,17.0,0,97.0,111.615384615,29.0,0.593000152835,177.0,41.3177899132,158.0
