time_stamp,dayofweek,holiday,lt,ht,sunny,m2M,w2A,m1L,d3w3,m1Lar,w2Std,pay_sum
2016-08-01,0,0,30.0,37.0,1,38.0,21.7692307692,8.0,0.601374570447,146.0,6.82927911675,18.0
2016-08-02,1,0,29.0,36.0,1,38.0,21.3846153846,8.0,0.661444734552,146.0,6.88966295411,27.0
2016-08-03,2,0,28.0,34.0,0,38.0,21.7692307692,8.0,0.894514767932,146.0,7.0509557034,17.0
2016-08-04,3,0,27.0,32.0,1,38.0,21.6153846154,8.0,1.03075644223,146.0,7.13106380605,10.0
2016-08-05,4,0,27.0,34.0,1,34.0,20.1538461538,8.0,0.927835051546,146.0,7.40941349123,10.0
2016-08-06,5,1,27.0,33.0,0,33.0,19.3846153846,8.0,0.635738831615,107.0,7.88902315819,14.0
2016-08-07,6,1,27.0,33.0,0,29.0,18.5384615385,8.0,0.582690659811,87.0,7.83105636469,14.0
2016-08-08,0,0,26.0,34.0,0,28.0,17.4615384615,8.0,0.644614079729,48.0,7.4070173029,8.0
2016-08-09,1,0,27.0,34.0,1,27.0,15.4615384615,8.0,0.634920634921,46.0,6.05888266693,18.0
2016-08-10,2,0,27.0,33.0,0,27.0,15.0769230769,8.0,0.713012477718,34.0,5.71720128494,7.0
2016-08-11,3,0,28.0,35.0,1,27.0,13.6923076923,7.0,0.60773480663,34.0,5.31159276973,4.0
2016-08-12,4,0,29.0,36.0,1,27.0,12.8461538462,4.0,0.573689416419,34.0,5.88147226265,12.0
2016-08-13,5,1,28.0,36.0,1,26.0,12.8461538462,4.0,0.466058763931,34.0,5.88147226265,14.0
2016-08-14,6,1,29.0,36.0,1,25.0,13.3076923077,4.0,0.62893081761,34.0,5.71616621636,17.0
2016-08-15,0,0,29.0,37.0,1,25.0,13.2307692308,4.0,0.933767643865,34.0,5.65894589469,22.0
2016-08-16,1,0,29.0,37.0,1,23.0,12.8461538462,4.0,1.19774011299,34.0,4.81737486518,29.0
2016-08-17,2,0,30.0,37.0,1,23.0,13.7692307692,4.0,1.50609080842,34.0,6.41097431877,29.0
2016-08-18,3,0,30.0,37.0,1,25.0,15.2307692308,4.0,1.74863387978,34.0,7.46431352044,16.0
2016-08-19,4,0,29.0,37.0,1,23.0,15.6923076923,4.0,1.61220043573,34.0,7.31052576647,20.0
2016-08-20,5,1,28.0,37.0,1,23.0,16.1538461538,4.0,1.38004246285,34.0,7.37820234356,36.0
2016-08-21,6,1,28.0,34.0,1,23.0,17.8461538462,4.0,1.40350877193,36.0,9.02855430838,20.0
2016-08-22,0,0,29.0,35.0,1,23.0,18.7692307692,4.0,1.47286821705,36.0,8.57683683986,25.0
2016-08-23,1,0,28.0,35.0,1,23.0,19.3076923077,4.0,1.57894736842,36.0,8.73000674407,18.0
2016-08-24,2,0,30.0,37.0,1,23.0,20.1538461538,4.0,1.22448979592,36.0,7.99852057327,14.0
2016-08-25,3,0,30.0,37.0,1,22.0,20.9230769231,4.0,1.09510086455,36.0,6.79888609046,9.0
2016-08-26,4,0,25.0,34.0,1,22.0,20.6923076923,4.0,0.789980732177,36.0,7.14018546823,11.0
2016-08-27,5,1,24.0,30.0,1,20.0,20.4615384615,4.0,0.660835762877,36.0,7.39662485,12.0
2016-08-28,6,1,22.0,31.0,1,20.0,20.0769230769,4.0,0.625610948192,36.0,7.69076907689,35.0
2016-08-29,0,0,23.0,32.0,1,20.0,21.0769230769,4.0,1.05072463768,36.0,8.65991240373,42.0
2016-08-30,1,0,24.0,31.0,1,20.0,22.0769230769,4.0,1.51360544218,42.0,10.141017537,23.0
2016-08-31,2,0,24.0,29.0,1,20.0,21.6153846154,4.0,1.6339869281,42.0,9.95017171509,19.0
2016-09-01,3,0,22.0,25.0,0,20.0,21.8461538462,4.0,1.32387706856,42.0,9.85156101528,17.0
2016-09-02,4,0,23.0,32.0,1,19.0,21.6153846154,4.0,0.919003115265,42.0,9.92695213539,64.0
2016-09-03,5,1,24.0,34.0,1,19.0,23.7692307692,4.0,1.39470013947,64.0,14.7029763923,46.0
2016-09-04,6,1,27.0,30.0,1,19.0,25.7692307692,4.0,1.66995397765,64.0,15.7829208867,49.0
2016-09-05,0,0,26.0,30.0,1,19.0,27.6153846154,4.0,1.98501872659,64.0,16.9457889552,50.0
2016-09-06,1,0,24.0,28.0,0,19.0,30.0769230769,4.0,1.74174174174,64.0,17.6785899997,40.0
2016-09-07,2,0,24.0,31.0,1,19.0,32.0769230769,4.0,1.63722025913,64.0,17.2111839242,29.0
2016-09-08,3,0,26.0,32.0,1,19.0,33.6153846154,4.0,1.37017846862,64.0,15.9254921988,9.0
2016-09-09,4,0,23.0,31.0,1,19.0,33.4615384615,4.0,0.915492957746,64.0,16.1512818477,24.0
2016-09-10,5,1,22.0,25.0,0,19.0,34.3846153846,9.0,0.743405275779,64.0,15.2140545425,4.0
2016-09-11,6,1,22.0,26.0,0,19.0,32.0,4.0,0.456790123457,64.0,17.2269913441,3.0
2016-09-12,0,0,22.0,30.0,1,19.0,29.0,3.0,0.39897039897,64.0,18.567962483,74.0
2016-09-13,1,0,23.0,31.0,1,19.0,32.9230769231,3.0,0.940766550523,74.0,21.9631213225,74.0
2016-09-14,2,0,24.0,30.0,1,19.0,37.1538461538,3.0,1.58780231335,74.0,24.0699178799,90.0
2016-09-15,3,1,23.0,27.0,0,20.0,42.7692307692,3.0,2.21911421911,90.0,27.0445610803,26.0
2016-09-16,4,1,22.0,28.0,1,20.0,39.8461538462,3.0,1.73515981735,90.0,26.642493975,48.0
2016-09-17,5,1,22.0,29.0,1,20.0,40.0,3.0,1.4273281114,90.0,26.6833281283,54.0
2016-09-18,6,0,22.0,29.0,1,20.0,40.3846153846,3.0,1.08704883227,90.0,26.8458232292,79.0
2016-09-19,0,0,20.0,29.0,1,20.0,42.6153846154,3.0,1.46796431468,90.0,28.6934419244,31.0
2016-09-20,1,0,20.0,27.0,1,20.0,41.9230769231,3.0,1.31726907631,90.0,28.8563059059,54.0
2016-09-21,2,0,20.0,29.0,1,22.0,43.8461538462,3.0,1.26396917148,90.0,28.7638826786,66.0
2016-09-22,3,0,20.0,29.0,1,22.0,48.2307692308,3.0,1.10138584974,90.0,27.4314638162,87.0
2016-09-23,4,0,21.0,30.0,1,22.0,53.0769230769,3.0,1.47278548559,90.0,28.2746462631,92.0
2016-09-24,5,1,24.0,32.0,1,22.0,59.8461538462,3.0,1.66158019668,92.0,26.1705828801,86.0
2016-09-25,6,1,24.0,34.0,1,22.0,66.2307692308,3.0,1.73202614379,92.0,21.170203466,113.0
2016-09-26,0,0,26.0,34.0,1,22.0,69.2307692308,3.0,1.79132040628,113.0,24.5518410594,132.0
2016-09-27,1,0,25.0,34.0,1,23.0,73.6923076923,3.0,1.8780141844,132.0,29.73571956,168.0
2016-09-28,2,0,20.0,27.0,0,24.0,79.6923076923,3.0,2.09538305429,168.0,38.883226788,33.0
2016-09-29,3,0,17.0,20.0,0,25.0,80.2307692308,3.0,1.65919282511,168.0,38.1780320365,49.0
2016-09-30,4,0,18.0,22.0,1,26.0,80.3076923077,3.0,1.22279285889,168.0,38.1139679935,57.0
2016-10-01,5,1,18.0,23.0,1,26.0,80.5384615385,3.0,0.654425612053,168.0,37.9627659376,53.0
2016-10-02,6,1,22.0,25.0,1,29.0,78.5384615385,3.0,0.723055934516,168.0,38.6694381106,42.0
2016-10-03,0,1,22.0,27.0,1,29.0,79.3846153846,3.0,0.706648070665,168.0,37.7288676695,72.0
2016-10-04,1,1,22.0,27.0,1,29.0,80.7692307692,3.0,0.777467411546,168.0,37.0968666439,54.0
2016-10-05,2,1,21.0,28.0,1,31.0,79.8461538462,3.0,0.80229226361,168.0,37.5987850742,61.0
2016-10-06,3,1,22.0,26.0,1,33.0,77.8461538462,3.0,0.87118565106,168.0,37.8556898555,74.0
2016-10-07,4,1,21.0,25.0,1,35.0,76.4615384615,3.0,0.864790665752,168.0,37.6412527066,84.0
2016-10-08,5,0,18.0,25.0,1,36.0,76.3076923077,3.0,0.98184263618,168.0,37.6060236897,70.0
2016-10-09,6,0,17.0,23.0,1,40.0,73.0,3.0,1.02841677943,168.0,36.0938946467,63.0
2016-10-10,0,0,17.0,24.0,1,42.0,67.6923076923,3.0,0.958057395143,168.0,31.8515417219,40.0
2016-10-11,1,0,18.0,24.0,1,42.0,57.8461538462,26.0,0.770944741533,168.0,14.2334716769,44.0
2016-10-12,2,0,19.0,22.0,1,42.0,58.6923076923,26.0,0.664857530529,168.0,13.0052333572,28.0
2016-10-13,3,0,17.0,22.0,1,42.0,57.0769230769,26.0,0.527679623086,168.0,15.2237746177,31.0
2016-10-14,4,0,18.0,23.0,1,42.0,55.0769230769,26.0,0.507139340226,168.0,16.7353221038,57.0
2016-10-15,5,1,19.0,25.0,1,44.0,55.3846153846,28.0,0.583647798742,168.0,16.7310786886,73.0
2016-10-16,6,1,20.0,28.0,1,46.0,57.7692307692,28.0,0.835278858625,168.0,16.8621280077,114.0
2016-10-17,0,0,20.0,25.0,1,48.0,61.0,28.0,1.28387266509,168.0,22.3950543991,64.0
2016-10-18,1,0,21.0,24.0,0,49.0,61.7692307692,28.0,1.43880768128,168.0,22.3129967168,48.0
2016-10-19,2,0,21.0,23.0,0,49.0,60.7692307692,28.0,1.27900396152,168.0,22.6143380187,48.0
2016-10-20,3,0,22.0,27.0,1,49.0,58.7692307692,28.0,0.906258850184,168.0,22.5052262175,91.0
2016-10-21,4,0,22.0,27.0,1,49.0,59.3076923077,28.0,1.02945224333,168.0,23.1761967258,63.0
2016-10-22,5,1,20.0,23.0,0,50.0,58.7692307692,28.0,1.10292110292,168.0,23.0021866725,71.0
2016-10-23,6,1,19.0,24.0,1,53.0,59.3846153846,28.0,1.2,168.0,23.2131874374,83.0
2016-10-24,0,0,19.0,25.0,1,54.0,62.6923076923,28.0,1.14723764208,168.0,23.2788600546,74.0
2016-10-25,1,0,19.0,23.0,0,54.0,65.0,28.0,1.18657298985,168.0,22.7933863552,63.0
2016-10-26,2,0,20.0,25.0,1,54.0,67.6923076923,28.0,1.14315406599,168.0,20.1814256391,39.0
2016-10-27,3,0,18.0,27.0,1,54.0,68.3076923077,28.0,0.940170940171,114.0,19.1487481631,67.0
2016-10-28,4,0,14.0,19.0,0,57.0,69.0769230769,28.0,0.915245058218,114.0,18.8779950796,30.0
2016-10-29,5,1,12.0,14.0,0,57.0,65.7692307692,28.0,0.761265043381,114.0,21.487577256,97.0
2016-10-30,6,1,12.0,17.0,1,57.0,64.4615384615,28.0,1.05578231293,114.0,18.8704709681,100.0
2016-10-31,0,0,13.0,15.0,0,61.0,67.2307692308,28.0,1.17769130999,114.0,21.1083426677,42.0
