time_stamp,dayofweek,holiday,lt,ht,sunny,m2M,w2A,m1L,d3w3,m1Lar,w2Std,pay_sum
2016-08-01,0,0,27.0,37.0,1,35.0,90.8461538462,35.0,0.886278697277,194.0,12.7511456731,89.0
2016-08-02,1,0,27.0,35.0,0,35.0,90.5384615385,35.0,0.924415443176,194.0,12.7437187219,71.0
2016-08-03,2,0,26.0,32.0,0,35.0,89.1538461538,35.0,0.87131612667,194.0,13.772023782,84.0
2016-08-04,3,0,27.0,33.0,0,35.0,89.6153846154,35.0,0.893282079444,194.0,13.4881056521,50.0
2016-08-05,4,0,26.0,33.0,0,35.0,84.2307692308,35.0,0.76951951952,194.0,14.2351344656,79.0
2016-08-06,5,1,26.0,34.0,0,35.0,82.0769230769,50.0,0.810502283105,194.0,12.6579955787,100.0
2016-08-07,6,1,27.0,35.0,1,50.0,82.1538461538,50.0,0.872879740804,135.0,12.7632052512,74.0
2016-08-08,0,0,26.0,34.0,0,71.0,80.0769230769,50.0,0.976080246914,130.0,11.678129055,91.0
2016-08-09,1,0,26.0,30.0,0,74.0,81.3846153846,50.0,1.02356122055,123.0,11.8745912418,48.0
2016-08-10,2,0,27.0,35.0,0,74.0,78.0,48.0,0.842729970326,123.0,14.3741220468,97.0
2016-08-11,3,0,27.0,36.0,1,74.0,79.3846153846,48.0,0.923317683881,120.0,15.2443606801,75.0
2016-08-12,4,0,27.0,36.0,1,75.0,78.7692307692,48.0,0.884066706852,120.0,15.247465596,94.0
2016-08-13,5,1,27.0,35.0,1,78.0,79.2307692308,48.0,1.07735925476,120.0,15.6064771867,88.0
2016-08-14,6,1,28.0,35.0,1,78.0,80.0,48.0,1.04791029562,120.0,15.7724199402,98.0
2016-08-15,0,0,27.0,36.0,1,79.0,80.6923076923,48.0,1.14379084967,120.0,16.3395914429,98.0
2016-08-16,1,0,26.0,36.0,1,79.0,82.7692307692,48.0,1.14331723027,120.0,16.6878760512,71.0
2016-08-17,2,0,28.0,37.0,1,79.0,81.7692307692,48.0,1.08868501529,120.0,16.9712600781,70.0
2016-08-18,3,0,28.0,37.0,1,79.0,83.3076923077,48.0,0.979909799098,120.0,14.7876487723,83.0
2016-08-19,4,0,28.0,38.0,1,83.0,83.6153846154,48.0,0.918409184092,120.0,14.7363415851,73.0
2016-08-20,5,1,27.0,37.0,0,83.0,81.5384615385,48.0,0.935236912891,120.0,14.1726463769,84.0
2016-08-21,6,1,27.0,35.0,0,83.0,82.3076923077,48.0,0.989486703772,107.0,14.013096157,95.0
2016-08-22,0,0,27.0,36.0,1,84.0,82.6153846154,48.0,1.03512014787,101.0,14.2426146127,94.0
2016-08-23,1,0,27.0,35.0,0,84.0,86.1538461538,48.0,1.10571081409,101.0,10.3985661278,93.0
2016-08-24,2,0,27.0,35.0,1,84.0,85.8461538462,48.0,1.13595166163,100.0,10.1287568821,113.0
2016-08-25,3,0,26.0,35.0,1,88.0,88.7692307692,48.0,1.1641443539,113.0,11.9044519543,94.0
2016-08-26,4,0,25.0,34.0,0,88.0,88.7692307692,48.0,1.15406809002,113.0,11.9044519543,88.0
2016-08-27,5,1,23.0,31.0,1,88.0,88.7692307692,48.0,1.14274646523,113.0,11.9044519543,89.0
2016-08-28,6,1,21.0,31.0,1,89.0,88.0769230769,48.0,1.04070660522,113.0,11.6054465891,83.0
2016-08-29,0,0,21.0,32.0,1,89.0,86.9230769231,48.0,1.00308641975,113.0,11.3032434995,88.0
2016-08-30,1,0,21.0,32.0,1,89.0,88.2307692308,48.0,0.980392156863,113.0,10.3266186748,71.0
2016-08-31,2,0,21.0,33.0,1,89.0,88.3076923077,48.0,0.926138538079,113.0,10.1933961683,93.0
2016-09-01,3,0,23.0,33.0,0,89.0,89.0769230769,48.0,0.954545454545,113.0,10.141017537,68.0
2016-09-02,4,0,22.0,34.0,1,89.0,88.6923076923,48.0,0.891964628989,113.0,10.8158332328,82.0
2016-09-03,5,1,23.0,35.0,1,89.0,88.5384615385,48.0,0.9375,113.0,10.8954145938,96.0
2016-09-04,6,1,24.0,32.0,1,89.0,88.6153846154,48.0,0.950173812283,113.0,10.944183292,86.0
2016-09-05,0,0,24.0,30.0,0,89.0,88.0,48.0,1.0268378063,113.0,10.8486085602,86.0
2016-09-06,1,0,23.0,28.0,0,89.0,87.4615384615,48.0,1.0333526123,113.0,10.7604359693,70.0
2016-09-07,2,0,21.0,27.0,0,89.0,84.1538461538,48.0,0.933101985734,113.0,8.83912764445,64.0
2016-09-08,3,0,22.0,30.0,1,88.0,81.8461538462,64.0,0.857699805068,113.0,9.82810846381,45.0
2016-09-09,4,0,22.0,29.0,1,88.0,78.5384615385,45.0,0.709472849782,113.0,13.6810671233,67.0
2016-09-10,5,1,22.0,28.0,0,88.0,76.8461538462,45.0,0.704704704705,113.0,13.6429534015,73.0
2016-09-11,6,1,21.0,25.0,0,88.0,76.0769230769,45.0,0.750659362954,113.0,13.5559327827,36.0
2016-09-12,0,0,21.0,27.0,1,88.0,72.0769230769,36.0,0.740273396425,113.0,16.744512481,55.0
2016-09-13,1,0,21.0,28.0,0,86.0,70.8461538462,36.0,0.706744236156,113.0,17.3553190864,30.0
2016-09-14,2,0,21.0,25.0,0,86.0,66.0,30.0,0.551001821494,113.0,19.1913442027,34.0
2016-09-15,3,1,22.0,25.0,0,84.0,63.3846153846,30.0,0.565052231719,113.0,20.974484358,42.0
2016-09-16,4,1,23.0,27.0,0,84.0,60.3076923077,30.0,0.520373097693,113.0,20.9519032195,31.0
2016-09-17,5,1,22.0,27.0,1,83.0,55.3076923077,30.0,0.548717948718,113.0,19.5463339682,52.0
2016-09-18,6,0,22.0,26.0,0,83.0,52.6923076923,30.0,0.656685053848,113.0,17.4240532924,49.0
2016-09-19,0,0,20.0,27.0,1,83.0,49.8461538462,30.0,0.715447154472,113.0,14.5329659943,43.0
2016-09-20,1,0,19.0,26.0,1,83.0,47.7692307692,30.0,0.798668885191,113.0,13.3885935733,49.0
2016-09-21,2,0,19.0,26.0,1,82.0,46.6153846154,30.0,0.811744386874,113.0,12.5608577704,24.0
2016-09-22,3,0,20.0,27.0,1,79.0,45.0,24.0,0.694195092759,113.0,13.9394294111,49.0
2016-09-23,4,0,20.0,29.0,1,79.0,43.6153846154,24.0,0.752389762566,96.0,12.5056200384,67.0
2016-09-24,5,1,21.0,30.0,1,79.0,43.1538461538,24.0,0.887198986058,96.0,11.4813973543,58.0
2016-09-25,6,1,21.0,30.0,1,78.0,44.8461538462,24.0,1.1328125,96.0,11.9153821324,76.0
2016-09-26,0,0,24.0,31.0,1,76.0,46.4615384615,24.0,1.32149901381,96.0,14.35599786,68.0
2016-09-27,1,0,23.0,28.0,0,75.0,49.3846153846,24.0,1.33069828722,96.0,14.5736245507,57.0
2016-09-28,2,0,22.0,28.0,0,74.0,51.1538461538,24.0,1.33333333333,96.0,13.9826604371,23.0
2016-09-29,3,0,22.0,25.0,0,73.0,49.6923076923,23.0,1.00373007799,96.0,15.7450095409,36.0
2016-09-30,4,0,22.0,29.0,0,73.0,50.0769230769,23.0,0.812324929972,96.0,15.3395493789,310.0
2016-10-01,5,1,23.0,30.0,0,73.0,69.9230769231,23.0,2.06896551724,310.0,70.979370284,94.0
2016-10-02,6,1,22.0,30.0,1,73.0,73.3846153846,23.0,2.35231221599,310.0,70.9718670824,59.0
2016-10-03,0,1,21.0,27.0,0,73.0,74.6153846154,23.0,2.46735944578,310.0,70.571882025,56.0
2016-10-04,1,1,20.0,27.0,1,73.0,75.1538461538,23.0,1.09109892978,310.0,70.4008808444,58.0
2016-10-05,2,1,21.0,27.0,1,71.0,77.7692307692,23.0,0.886497565975,310.0,69.0709265857,81.0
2016-10-06,3,1,22.0,27.0,0,71.0,80.2307692308,23.0,0.970149253731,310.0,68.57018173,47.0
2016-10-07,4,1,20.0,23.0,0,71.0,78.6923076923,23.0,0.914454277286,310.0,69.0722972582,77.0
2016-10-08,5,0,17.0,22.0,0,71.0,80.1538461538,23.0,0.98962104755,310.0,68.8195479316,62.0
2016-10-09,6,0,16.0,22.0,1,71.0,79.0769230769,23.0,0.889526542324,310.0,68.985462837,48.0
2016-10-10,0,0,15.0,21.0,1,70.0,77.5384615385,23.0,0.891112699547,310.0,69.436872697,55.0
2016-10-11,1,0,17.0,23.0,1,70.0,77.3846153846,23.0,0.782918149466,310.0,69.4844071734,73.0
2016-10-12,2,0,18.0,25.0,1,70.0,81.2307692308,23.0,0.806969280147,310.0,67.7292731237,56.0
2016-10-13,3,0,18.0,23.0,1,68.0,82.7692307692,23.0,0.839607574721,310.0,66.9065408394,64.0
2016-10-14,4,0,19.0,22.0,0,68.0,63.8461538462,23.0,0.882487425697,310.0,13.1783397685,69.0
2016-10-15,5,1,20.0,23.0,0,68.0,61.9230769231,23.0,0.857726344452,310.0,10.1030196435,72.0
2016-10-16,6,1,20.0,26.0,0,68.0,62.9230769231,23.0,0.932878270762,310.0,10.4031174208,82.0
2016-10-17,0,0,20.0,24.0,0,68.0,64.9230769231,23.0,1.00518368267,310.0,11.3372194289,45.0
2016-10-18,1,0,20.0,24.0,0,67.0,63.9230769231,23.0,0.904339922745,310.0,12.4249224635,42.0
2016-10-19,2,0,20.0,24.0,0,67.0,60.9230769231,23.0,0.758187528039,310.0,12.6458356688,46.0
2016-10-20,3,0,21.0,25.0,0,64.0,60.8461538462,23.0,0.592691622103,310.0,12.7330348902,50.0
2016-10-21,4,0,21.0,25.0,0,64.0,58.7692307692,23.0,0.744336569579,310.0,12.1158119583,68.0
2016-10-22,5,1,20.0,23.0,0,64.0,59.2307692308,23.0,0.903581267218,310.0,12.3422591509,57.0
2016-10-23,6,1,17.0,23.0,0,62.0,59.9230769231,23.0,0.965783664459,310.0,11.9386994425,73.0
2016-10-24,0,0,19.0,24.0,1,62.0,61.3076923077,23.0,1.07755102041,310.0,12.3249878476,62.0
2016-10-25,1,0,19.0,23.0,1,62.0,60.4615384615,23.0,1.04149715216,310.0,11.862127093,60.0
2016-10-26,2,0,19.0,24.0,0,60.0,60.7692307692,23.0,1.0761589404,310.0,11.79409139,53.0
2016-10-27,3,0,18.0,24.0,0,59.0,59.9230769231,23.0,0.961010433828,310.0,11.9258061393,69.0
2016-10-28,4,0,15.0,19.0,0,59.0,59.9230769231,36.0,1.00608070757,310.0,11.9258061393,64.0
2016-10-29,5,1,12.0,15.0,0,59.0,59.3076923077,42.0,1.02649006623,310.0,11.4850043728,48.0
2016-10-30,6,1,14.0,18.0,1,58.0,56.6923076923,42.0,0.998896247241,94.0,9.76165666413,64.0
2016-10-31,0,0,12.0,17.0,0,58.0,58.1538461538,42.0,0.964119419337,82.0,9.31372976472,36.0
