time_stamp,dayofweek,holiday,lt,ht,sunny,m2M,w2A,m1L,d3w3,m1Lar,w2Std,pay_sum
2016-08-01,0,0,27.0,37.0,1,28.0,48.0,10.0,0.430894308943,85.0,28.9030208695,40.0
2016-08-02,1,0,27.0,35.0,0,28.0,48.9230769231,10.0,0.488782051282,85.0,28.4374118114,36.0
2016-08-03,2,0,26.0,32.0,0,28.0,49.5384615385,10.0,0.68253968254,85.0,28.0620613986,37.0
2016-08-04,3,0,27.0,33.0,0,28.0,45.8461538462,10.0,0.88731841382,85.0,26.2527541525,62.0
2016-08-05,4,0,26.0,33.0,0,28.0,44.0769230769,10.0,1.01925254813,85.0,24.2533472344,32.0
2016-08-06,5,1,26.0,34.0,0,28.0,40.0,10.0,0.984592258549,85.0,21.3072757527,16.0
2016-08-07,6,1,27.0,35.0,1,28.0,34.6923076923,10.0,0.838095238095,85.0,17.7303937888,8.0
2016-08-08,0,0,26.0,34.0,0,28.0,33.2307692308,8.0,0.436647173489,85.0,19.0390442801,56.0
2016-08-09,1,0,26.0,30.0,0,28.0,31.6923076923,8.0,0.604001510004,85.0,16.102482443,38.0
2016-08-10,2,0,27.0,35.0,0,28.0,31.7692307692,8.0,0.761478163494,85.0,16.1300190574,40.0
2016-08-11,3,0,27.0,36.0,1,28.0,32.1538461538,8.0,1.0534591195,85.0,16.261545739,45.0
2016-08-12,4,0,27.0,36.0,1,28.0,33.1538461538,8.0,1.01485148515,85.0,16.6171651468,30.0
2016-08-13,5,1,27.0,35.0,1,28.0,34.6153846154,8.0,1.01814962373,85.0,15.3949964976,25.0
2016-08-14,6,1,28.0,35.0,1,28.0,35.7692307692,8.0,0.962000962001,85.0,14.0063383792,12.0
2016-08-15,0,0,27.0,36.0,1,28.0,33.6153846154,8.0,0.658800393314,85.0,15.2846753899,51.0
2016-08-16,1,0,26.0,36.0,1,28.0,34.7692307692,8.0,0.89841755998,85.0,15.9718687609,36.0
2016-08-17,2,0,28.0,37.0,1,28.0,34.6923076923,8.0,1.01226993865,85.0,15.9633455882,55.0
2016-08-18,3,0,28.0,37.0,1,28.0,34.1538461538,8.0,1.40873015873,85.0,15.1294219415,68.0
2016-08-19,4,0,28.0,38.0,1,28.0,36.9230769231,8.0,1.49717514124,85.0,17.5782275227,40.0
2016-08-20,5,1,27.0,37.0,0,28.0,38.7692307692,8.0,1.47444595206,85.0,16.5117852837,18.0
2016-08-21,6,1,27.0,35.0,0,28.0,39.5384615385,8.0,1.12751677852,85.0,15.2447488292,10.0
2016-08-22,0,0,27.0,36.0,1,28.0,36.0,8.0,0.634032634033,85.0,16.314222205,49.0
2016-08-23,1,0,27.0,35.0,0,28.0,36.8461538462,8.0,0.705128205128,76.0,16.6772353079,43.0
2016-08-24,2,0,27.0,35.0,1,28.0,37.0769230769,8.0,0.926430517711,76.0,16.7399179231,57.0
2016-08-25,3,0,26.0,35.0,1,28.0,38.0,8.0,1.36259716507,68.0,17.466451359,68.0
2016-08-26,4,0,25.0,34.0,0,28.0,40.9230769231,8.0,1.46405228758,68.0,18.995795237,60.0
2016-08-27,5,1,23.0,31.0,1,28.0,43.6153846154,8.0,1.52451586321,68.0,19.028474459,22.0
2016-08-28,6,1,21.0,31.0,1,28.0,44.3846153846,8.0,1.21506682868,68.0,17.9037532014,60.0
2016-08-29,0,0,21.0,32.0,1,28.0,45.0769230769,8.0,1.14469971786,68.0,18.315447614,103.0
2016-08-30,1,0,21.0,32.0,1,30.0,50.2307692308,8.0,1.38266068759,103.0,23.6778177469,75.0
2016-08-31,2,0,21.0,33.0,1,32.0,51.7692307692,8.0,1.71161452715,103.0,24.5706323958,53.0
2016-09-01,3,0,23.0,33.0,0,32.0,50.6153846154,8.0,1.64705882353,103.0,24.1295811483,37.0
2016-09-02,4,0,22.0,34.0,1,35.0,50.3846153846,8.0,1.16772823779,103.0,24.2440744911,37.0
2016-09-03,5,1,23.0,35.0,1,36.0,51.8461538462,8.0,0.88749126485,103.0,22.7759865238,37.0
2016-09-04,6,1,24.0,32.0,1,36.0,53.9230769231,8.0,0.755873340143,103.0,19.9169874864,37.0
2016-09-05,0,0,24.0,30.0,0,37.0,53.0,8.0,0.766839378238,103.0,20.3960780544,37.0
2016-09-06,1,0,23.0,28.0,0,37.0,52.5384615385,10.0,0.766045548654,103.0,20.683011924,37.0
2016-09-07,2,0,21.0,27.0,0,37.0,51.0,10.0,0.7805907173,103.0,21.0347697506,37.0
2016-09-08,3,0,22.0,30.0,1,37.0,48.6153846154,10.0,0.806979280262,103.0,20.727308117,47.0
2016-09-09,4,0,22.0,29.0,1,37.0,47.6153846154,10.0,0.873015873016,103.0,20.4658757693,47.0
2016-09-10,5,1,22.0,28.0,0,37.0,49.5384615385,10.0,0.916404337181,103.0,19.0973835687,32.0
2016-09-11,6,1,21.0,25.0,0,37.0,47.3846153846,10.0,0.861538461538,103.0,19.3730124004,42.0
2016-09-12,0,0,21.0,27.0,1,37.0,42.6923076923,10.0,0.833333333333,103.0,10.84424424,44.0
2016-09-13,1,0,21.0,28.0,0,37.0,40.3076923077,10.0,0.811833505332,103.0,5.63484509902,53.0
2016-09-14,2,0,21.0,25.0,0,37.0,40.3076923077,10.0,0.960276338515,103.0,5.63484509902,44.0
2016-09-15,3,1,22.0,25.0,0,38.0,40.8461538462,10.0,0.998937300744,103.0,5.62748958713,5.0
2016-09-16,4,1,23.0,27.0,0,38.0,38.3846153846,5.0,0.767494356659,103.0,11.1046661124,22.0
2016-09-17,5,1,22.0,27.0,1,38.0,37.2307692308,5.0,0.534236267871,103.0,11.9367167639,22.0
2016-09-18,6,0,22.0,26.0,0,38.0,36.0769230769,5.0,0.385220125786,103.0,12.6092855801,31.0
2016-09-19,0,0,20.0,27.0,1,37.0,35.6153846154,5.0,0.644329896907,103.0,12.6766803562,50.0
2016-09-20,1,0,19.0,26.0,1,37.0,36.6153846154,5.0,0.914336440302,103.0,13.2464129341,48.0
2016-09-21,2,0,19.0,26.0,1,37.0,37.4615384615,5.0,1.1528150134,103.0,13.5908078925,58.0
2016-09-22,3,0,20.0,27.0,1,37.0,38.3076923077,5.0,1.35593220339,103.0,14.4721728494,41.0
2016-09-23,4,0,20.0,29.0,1,38.0,37.8461538462,5.0,1.27107652399,103.0,14.282028265,41.0
2016-09-24,5,1,21.0,30.0,1,38.0,38.5384615385,5.0,1.20430107527,103.0,14.1997583111,16.0
2016-09-25,6,1,21.0,30.0,1,38.0,36.5384615385,5.0,0.866489832007,103.0,15.3553567933,12.0
2016-09-26,0,0,24.0,31.0,1,38.0,34.0769230769,5.0,0.631001371742,103.0,16.4852453306,54.0
2016-09-27,1,0,23.0,28.0,0,40.0,34.1538461538,5.0,0.732797140304,103.0,16.575450586,47.0
2016-09-28,2,0,22.0,28.0,0,40.0,34.3846153846,5.0,0.996472663139,75.0,16.7310786886,43.0
2016-09-29,3,0,22.0,25.0,0,40.0,37.3076923077,5.0,1.27659574468,58.0,14.5146324863,38.0
2016-09-30,4,0,22.0,29.0,0,40.0,38.5384615385,5.0,1.14849708389,58.0,13.8264817518,101.0
2016-10-01,5,1,23.0,30.0,0,41.0,44.6153846154,5.0,1.49425287356,101.0,20.8161862373,29.0
2016-10-02,6,1,22.0,30.0,1,41.0,44.4615384615,5.0,1.40175219024,101.0,20.9233597266,20.0
2016-10-03,0,1,21.0,27.0,0,40.0,42.1538461538,5.0,1.29032258065,101.0,21.8204073636,28.0
2016-10-04,1,1,20.0,27.0,1,40.0,40.6153846154,5.0,0.684444444444,101.0,22.0577509891,35.0
2016-10-05,2,1,21.0,27.0,1,40.0,38.8461538462,5.0,0.746738641475,101.0,21.507945415,29.0
2016-10-06,3,1,22.0,27.0,0,40.0,37.9230769231,5.0,0.80174291939,101.0,21.6527189213,45.0
2016-10-07,4,1,20.0,23.0,0,40.0,38.2307692308,5.0,0.922165820643,101.0,21.7225648229,37.0
2016-10-08,5,0,17.0,22.0,0,40.0,39.8461538462,5.0,0.921544209215,101.0,20.7692307692,100.0
2016-10-09,6,0,16.0,22.0,1,41.0,46.6153846154,5.0,1.39143730887,101.0,24.5812262996,79.0
2016-10-10,0,0,15.0,21.0,1,41.0,48.5384615385,5.0,1.59822419534,101.0,26.0195647827,86.0
2016-10-11,1,0,17.0,23.0,1,41.0,51.5384615385,5.0,1.8814341498,101.0,27.8529528461,85.0
2016-10-12,2,0,18.0,25.0,1,42.0,54.7692307692,5.0,1.72532781228,101.0,29.0838412608,63.0
2016-10-13,3,0,18.0,23.0,1,43.0,56.6923076923,5.0,1.57894736842,101.0,28.7358918304,82.0
2016-10-14,4,0,19.0,22.0,0,43.0,55.2307692308,5.0,1.49011985747,101.0,26.8676352232,72.0
2016-10-15,5,1,20.0,23.0,0,43.0,58.5384615385,12.0,1.33333333333,101.0,26.0697743775,30.0
2016-10-16,6,1,20.0,26.0,0,43.0,59.3076923077,12.0,1.11211846479,101.0,25.0488280561,28.0
2016-10-17,0,0,20.0,24.0,0,42.0,59.3076923077,12.0,0.804704425874,101.0,25.0488280561,87.0
2016-10-18,1,0,20.0,24.0,0,43.0,63.3076923077,12.0,0.86541330946,101.0,24.9996449679,113.0
2016-10-19,2,0,20.0,24.0,0,43.0,69.7692307692,12.0,1.28053917439,113.0,26.1273621565,92.0
2016-10-20,3,0,21.0,25.0,0,44.0,73.3846153846,12.0,1.56862745098,113.0,25.6980647626,40.0
2016-10-21,4,0,21.0,25.0,0,43.0,73.6153846154,12.0,1.38418079096,113.0,25.3818180277,64.0
2016-10-22,5,1,20.0,23.0,0,44.0,70.8461538462,12.0,1.07544581619,113.0,24.2925951169,39.0
2016-10-23,6,1,17.0,23.0,0,43.0,67.7692307692,12.0,0.772555375473,113.0,25.5648612392,41.0
2016-10-24,0,0,19.0,24.0,1,42.0,64.3076923077,12.0,0.769847634322,113.0,25.9062944991,71.0
2016-10-25,1,0,19.0,23.0,1,42.0,63.2307692308,20.0,0.784619381658,113.0,25.3078092118,105.0
2016-10-26,2,0,19.0,24.0,0,43.0,66.4615384615,20.0,1.06450821683,113.0,27.6450451385,98.0
2016-10-27,3,0,18.0,24.0,0,43.0,67.6923076923,20.0,1.29367327668,113.0,28.6474179676,97.0
2016-10-28,4,0,15.0,19.0,0,43.0,69.6153846154,20.0,1.35869565217,113.0,29.6921084091,139.0
2016-10-29,5,1,12.0,15.0,0,43.0,78.0,20.0,1.47363776748,139.0,32.5718141485,68.0
2016-10-30,6,1,14.0,18.0,1,43.0,81.0769230769,20.0,1.35111111111,139.0,29.4421506804,70.0
2016-10-31,0,0,12.0,17.0,0,44.0,79.7692307692,20.0,1.24438454627,139.0,29.5274418547,145.0
