time_stamp,dayofweek,holiday,lt,ht,sunny,m2M,w2A,m1L,d3w3,m1Lar,w2Std,pay_sum
2016-08-01,0,0,25.0,29.0,1,90.0,112.153846154,58.0,1.01599247413,149.0,18.6541237093,145.0
2016-08-02,1,0,25.0,31.0,0,91.0,115.769230769,58.0,1.03580759182,149.0,20.0620339722,128.0
2016-08-03,2,0,25.0,30.0,1,91.0,115.307692308,58.0,1.08181818182,149.0,19.7031220306,146.0
2016-08-04,3,0,25.0,30.0,1,91.0,117.0,58.0,1.23982837698,149.0,21.2602916255,135.0
2016-08-05,4,0,25.0,30.0,1,93.0,118.923076923,58.0,1.19748206705,149.0,21.6669245926,112.0
2016-08-06,5,1,26.0,30.0,0,95.0,119.0,58.0,1.13616652212,149.0,21.6404180253,88.0
2016-08-07,6,1,26.0,30.0,1,95.0,118.769230769,58.0,0.959335624284,149.0,21.9515334882,89.0
2016-08-08,0,0,26.0,29.0,0,95.0,116.076923077,58.0,0.837317108504,149.0,23.2526641599,142.0
2016-08-09,1,0,26.0,30.0,1,95.0,120.0,66.0,0.906894100924,149.0,22.9916372757,133.0
2016-08-10,2,0,27.0,31.0,1,97.0,122.384615385,66.0,1.03526734926,149.0,22.6054399904,135.0
2016-08-11,3,0,27.0,31.0,1,98.0,121.307692308,66.0,1.16065109696,149.0,21.6240059456,154.0
2016-08-12,4,0,27.0,32.0,1,98.0,123.0,66.0,1.17271085174,154.0,23.1981431618,136.0
2016-08-13,5,1,27.0,31.0,1,98.0,125.153846154,66.0,1.16886688669,154.0,23.0045017462,107.0
2016-08-14,6,1,26.0,31.0,1,100.0,126.923076923,66.0,1.08469945355,154.0,20.5218890211,96.0
2016-08-15,0,0,26.0,32.0,1,100.0,123.153846154,66.0,0.936981757877,154.0,21.3391880526,135.0
2016-08-16,1,0,25.0,32.0,1,102.0,123.692307692,84.0,0.917480998914,154.0,21.542032671,146.0
2016-08-17,2,0,26.0,30.0,1,102.0,123.692307692,84.0,1.00533333333,154.0,21.542032671,144.0
2016-08-18,3,0,26.0,31.0,1,102.0,124.384615385,84.0,1.13560454242,154.0,22.0333260227,151.0
2016-08-19,4,0,25.0,30.0,0,102.0,127.384615385,84.0,1.16945107399,154.0,22.7850776455,149.0
2016-08-20,5,1,25.0,29.0,0,103.0,132.076923077,84.0,1.15851272016,154.0,20.3411728671,111.0
2016-08-21,6,1,26.0,30.0,0,104.0,133.769230769,84.0,1.06119287374,154.0,17.3876784231,92.0
2016-08-22,0,0,24.0,32.0,1,104.0,129.923076923,84.0,0.92790299196,154.0,20.4091289471,139.0
2016-08-23,1,0,25.0,31.0,1,106.0,130.384615385,84.0,0.897637795276,154.0,20.5409102545,146.0
2016-08-24,2,0,25.0,31.0,1,107.0,131.230769231,84.0,0.989501312336,154.0,20.936364559,139.0
2016-08-25,3,0,22.0,30.0,0,108.0,130.076923077,84.0,1.11111111111,154.0,20.0440343646,151.0
2016-08-26,4,0,21.0,29.0,1,108.0,131.230769231,84.0,1.12530649116,154.0,20.7703703391,154.0
2016-08-27,5,1,19.0,29.0,1,110.0,134.846153846,84.0,1.11740279351,154.0,20.3237116305,118.0
2016-08-28,6,1,20.0,29.0,1,111.0,136.538461538,84.0,1.05302464526,154.0,17.7747244255,74.0
2016-08-29,0,0,22.0,29.0,1,111.0,131.846153846,74.0,0.883780332056,154.0,24.3842513926,142.0
2016-08-30,1,0,22.0,29.0,1,111.0,131.538461538,74.0,0.850197276314,154.0,24.2284492174,138.0
2016-08-31,2,0,22.0,30.0,1,111.0,131.076923077,74.0,0.900076277651,154.0,24.0431072434,149.0
2016-09-01,3,0,22.0,29.0,1,112.0,130.923076923,74.0,1.09285441345,154.0,23.921221793,116.0
2016-09-02,4,0,21.0,29.0,1,116.0,128.384615385,74.0,1.03452701835,154.0,23.6172637689,147.0
2016-09-03,5,1,23.0,29.0,1,116.0,131.153846154,74.0,1.04158766275,154.0,23.5268950969,95.0
2016-09-04,6,1,23.0,29.0,1,116.0,131.384615385,74.0,0.905412240769,154.0,23.1534628131,84.0
2016-09-05,0,0,23.0,30.0,1,116.0,127.153846154,74.0,0.840747904578,154.0,26.1999593477,165.0
2016-09-06,1,0,24.0,30.0,1,118.0,128.615384615,74.0,0.880696364567,165.0,27.6976490575,156.0
2016-09-07,2,0,21.0,26.0,0,124.0,129.923076923,74.0,1.03211009174,165.0,28.5454065777,153.0
2016-09-08,3,0,22.0,29.0,1,124.0,130.076923077,74.0,1.20702826585,165.0,28.6637308712,155.0
2016-09-09,4,0,24.0,30.0,1,128.0,130.153846154,74.0,1.17886178862,165.0,28.7290958219,127.0
2016-09-10,5,1,21.0,27.0,0,128.0,130.846153846,74.0,1.09848484848,165.0,28.5356623135,98.0
2016-09-11,6,1,22.0,27.0,1,128.0,132.692307692,74.0,0.957420005039,165.0,25.4025577615,91.0
2016-09-12,0,0,20.0,28.0,1,128.0,128.769230769,74.0,0.810880164229,165.0,27.5126651846,172.0
2016-09-13,1,0,21.0,27.0,1,132.0,131.384615385,74.0,0.917174796748,172.0,29.7878097461,168.0
2016-09-14,2,0,21.0,28.0,1,133.0,132.846153846,74.0,1.0830506345,172.0,31.0554000107,161.0
2016-09-15,3,1,22.0,27.0,1,134.0,136.307692308,74.0,1.25422455877,172.0,31.4896432678,57.0
2016-09-16,4,1,22.0,27.0,1,134.0,129.384615385,57.0,1.00285788516,172.0,37.6656106396,52.0
2016-09-17,5,1,20.0,29.0,1,134.0,126.076923077,52.0,0.72,172.0,42.1598816566,114.0
2016-09-18,6,0,19.0,27.0,1,133.0,128.384615385,52.0,0.58530183727,172.0,40.5852160683,148.0
2016-09-19,0,0,17.0,26.0,1,135.0,127.076923077,52.0,0.822204765645,172.0,39.6474105051,136.0
2016-09-20,1,0,19.0,26.0,1,135.0,125.538461538,52.0,1.0429769392,172.0,38.8757693659,136.0
2016-09-21,2,0,19.0,24.0,1,135.0,124.230769231,52.0,1.10628210194,172.0,38.2102560661,122.0
2016-09-22,3,0,20.0,25.0,1,135.0,121.692307692,52.0,1.03534358166,172.0,37.1636394164,167.0
2016-09-23,4,0,21.0,25.0,1,136.0,124.769230769,52.0,1.10806935211,172.0,39.0820711327,139.0
2016-09-24,5,1,21.0,25.0,1,136.0,127.923076923,52.0,1.09701396899,172.0,38.4436881655,118.0
2016-09-25,6,1,22.0,25.0,1,136.0,130.0,52.0,1.07273877293,172.0,37.0986211645,115.0
2016-09-26,0,0,21.0,25.0,1,136.0,125.615384615,52.0,0.959381044487,172.0,35.1951449045,156.0
2016-09-27,1,0,16.0,25.0,1,136.0,124.692307692,52.0,1.00322372663,172.0,34.2151217477,169.0
2016-09-28,2,0,13.0,18.0,1,136.0,125.307692308,52.0,1.12777136999,172.0,34.9271431045,160.0
2016-09-29,3,0,15.0,22.0,1,138.0,133.230769231,52.0,1.24072652852,172.0,29.8461538462,159.0
2016-09-30,4,0,16.0,21.0,1,138.0,141.461538462,52.0,1.23325751832,172.0,19.145657811,138.0
2016-10-01,5,1,19.0,23.0,1,138.0,143.307692308,52.0,1.13766492407,172.0,17.4945469103,80.0
2016-10-02,6,1,15.0,21.0,0,138.0,138.076923077,52.0,0.942382202225,172.0,24.193010874,45.0
2016-10-03,0,1,18.0,24.0,1,138.0,131.076923077,45.0,0.690288713911,172.0,34.6753327053,66.0
2016-10-04,1,1,19.0,25.0,1,138.0,125.692307692,45.0,0.522286026798,172.0,38.6948309316,66.0
2016-10-05,2,1,16.0,24.0,1,138.0,121.384615385,45.0,0.503627827571,172.0,41.8542130248,63.0
2016-10-06,3,1,16.0,21.0,1,138.0,113.384615385,45.0,0.553426990209,172.0,42.3075524473,71.0
2016-10-07,4,1,15.0,22.0,1,136.0,108.153846154,45.0,0.563063063063,172.0,43.0149279166,91.0
2016-10-08,5,0,12.0,19.0,1,136.0,106.076923077,45.0,0.639658848614,172.0,43.141023736,162.0
2016-10-09,6,0,13.0,18.0,1,138.0,109.692307692,45.0,0.91564222128,172.0,45.6346437486,124.0
2016-10-10,0,0,15.0,19.0,1,136.0,107.230769231,45.0,1.07087061497,172.0,43.9005061232,158.0
2016-10-11,1,0,15.0,22.0,1,138.0,106.384615385,45.0,1.2494723512,172.0,42.7938501361,143.0
2016-10-12,2,0,16.0,20.0,1,138.0,105.076923077,45.0,1.18549511855,169.0,41.3716021862,150.0
2016-10-13,3,0,16.0,22.0,1,139.0,104.384615385,45.0,1.2670318865,169.0,40.5302137282,144.0
2016-10-14,4,0,17.0,22.0,1,139.0,104.846153846,45.0,1.22511914774,169.0,40.9424477,153.0
2016-10-15,5,1,17.0,21.0,1,139.0,110.461538462,45.0,1.2349772068,169.0,42.138262139,128.0
2016-10-16,6,1,15.0,19.0,0,139.0,116.846153846,45.0,1.16790327013,169.0,37.8007858157,111.0
2016-10-17,0,0,16.0,23.0,1,138.0,120.307692308,45.0,1.09757804844,169.0,34.9381533028,149.0
2016-10-18,1,0,16.0,21.0,1,138.0,126.692307692,45.0,1.09558096852,169.0,31.8805091538,160.0
2016-10-19,2,0,16.0,22.0,1,139.0,134.153846154,45.0,1.1859381618,169.0,27.0919975521,149.0
2016-10-20,3,0,16.0,21.0,1,139.0,140.153846154,45.0,1.29873812562,169.0,20.2022319934,180.0
2016-10-21,4,0,17.0,20.0,0,139.0,147.0,45.0,1.36230672796,180.0,17.2493032189,183.0
2016-10-22,5,1,11.0,17.0,1,139.0,148.615384615,45.0,1.36752136752,183.0,19.4245620148,105.0
2016-10-23,6,1,12.0,15.0,0,139.0,147.153846154,45.0,1.220657277,183.0,21.7921868633,94.0
2016-10-24,0,0,13.0,17.0,0,138.0,142.230769231,45.0,0.985552115583,183.0,25.6699580358,167.0
2016-10-25,1,0,13.0,17.0,1,138.0,144.076923077,45.0,0.908752327747,183.0,26.5082325049,168.0
2016-10-26,2,0,12.0,17.0,0,139.0,145.461538462,45.0,1.02508960573,183.0,27.2414146945,165.0
2016-10-27,3,0,12.0,15.0,1,142.0,147.076923077,45.0,1.15580212668,183.0,27.7251941478,183.0
2016-10-28,4,0,9.0,14.0,1,143.0,149.384615385,45.0,1.15591397849,183.0,29.3245459314,167.0
2016-10-29,5,1,8.0,13.0,1,144.0,152.384615385,45.0,1.15173879012,183.0,28.9762195908,139.0
2016-10-30,6,1,9.0,16.0,1,143.0,154.538461538,45.0,1.08811748999,183.0,26.7771871465,91.0
2016-10-31,0,0,3.0,9.0,1,143.0,150.076923077,45.0,0.90360760214,183.0,31.7064942109,148.0
