time_stamp,dayofweek,holiday,lt,ht,sunny,m2M,w2A,m1L,d3w3,m1Lar,w2Std,pay_sum
2016-08-01,0,0,27.0,33.0,1,94.0,99.9230769231,74.0,0.945322793149,124.0,11.7569065689,88.0
2016-08-02,1,0,27.0,34.0,0,93.0,99.5384615385,74.0,0.881321982974,124.0,12.0551003226,102.0
2016-08-03,2,0,26.0,30.0,0,93.0,99.5384615385,74.0,0.955734406439,124.0,12.0551003226,105.0
2016-08-04,3,0,26.0,32.0,0,93.0,100.769230769,74.0,0.992764597005,124.0,11.72868834,97.0
2016-08-05,4,0,26.0,33.0,0,93.0,99.6923076923,74.0,1.02512223908,124.0,11.3773365505,86.0
2016-08-06,5,1,27.0,32.0,0,93.0,98.2307692308,74.0,0.97461928934,124.0,11.8136416984,89.0
2016-08-07,6,1,27.0,33.0,1,93.0,98.2307692308,81.0,0.920941256137,124.0,11.8136416984,106.0
2016-08-08,0,0,26.0,32.0,0,93.0,99.6923076923,81.0,0.949966193374,124.0,11.5050799174,91.0
2016-08-09,1,0,27.0,32.0,0,93.0,98.2307692308,81.0,0.967851099831,124.0,11.3079539478,109.0
2016-08-10,2,0,27.0,34.0,1,93.0,98.7692307692,81.0,1.03186646434,124.0,11.6365065214,111.0
2016-08-11,3,0,27.0,34.0,1,93.0,97.7692307692,81.0,1.0371852593,124.0,9.84615384615,116.0
2016-08-12,4,0,28.0,34.0,1,94.0,98.1538461538,81.0,1.11776447106,124.0,10.4354879275,97.0
2016-08-13,5,1,28.0,34.0,1,95.0,99.3846153846,81.0,1.08216432866,124.0,9.21151838764,115.0
2016-08-14,6,1,27.0,34.0,1,95.0,100.923076923,81.0,1.08143752061,124.0,9.98815866962,96.0
2016-08-15,0,0,27.0,34.0,1,95.0,101.538461538,81.0,1.01099622518,124.0,9.40225328652,106.0
2016-08-16,1,0,28.0,35.0,1,96.0,101.846153846,81.0,1.042591679,124.0,9.47747251155,87.0
2016-08-17,2,0,27.0,35.0,1,96.0,100.461538462,81.0,0.957587806494,124.0,10.2026797733,101.0
2016-08-18,3,0,27.0,34.0,1,97.0,100.769230769,81.0,0.985419808949,124.0,10.1538461538,79.0
2016-08-19,4,0,28.0,35.0,1,97.0,100.230769231,79.0,0.909555442003,124.0,11.0673035153,114.0
2016-08-20,5,1,28.0,37.0,0,97.0,102.153846154,79.0,0.984924623116,124.0,11.1206402268,103.0
2016-08-21,6,1,27.0,34.0,0,97.0,101.923076923,79.0,0.987654320988,124.0,11.0694419181,123.0
2016-08-22,0,0,26.0,35.0,1,97.0,104.384615385,79.0,1.1149368749,124.0,11.8940092324,91.0
2016-08-23,1,0,25.0,33.0,1,97.0,103.0,79.0,1.04516979888,124.0,12.3163431136,114.0
2016-08-24,2,0,25.0,34.0,1,97.0,103.230769231,79.0,1.07664533071,124.0,12.4909434647,116.0
2016-08-25,3,0,26.0,35.0,1,97.0,103.230769231,79.0,1.04390243902,124.0,12.4909434647,103.0
2016-08-26,4,0,25.0,33.0,0,101.0,103.692307692,79.0,1.0740203193,124.0,12.3623785077,113.0
2016-08-27,5,1,23.0,30.0,1,101.0,103.538461538,79.0,1.05850470269,123.0,12.2324623889,115.0
2016-08-28,6,1,22.0,29.0,1,101.0,105.0,79.0,1.05079365079,123.0,12.3786416553,131.0
2016-08-29,0,0,20.0,30.0,1,102.0,106.923076923,79.0,1.11838006231,131.0,14.1935063075,93.0
2016-08-30,1,0,20.0,30.0,1,101.0,107.384615385,79.0,1.06403013183,131.0,13.6242908724,108.0
2016-08-31,2,0,22.0,33.0,1,102.0,107.923076923,79.0,1.04353292472,131.0,13.4990685631,127.0
2016-09-01,3,0,23.0,32.0,1,102.0,111.615384615,79.0,1.02564102564,131.0,11.4994211328,129.0
2016-09-02,4,0,22.0,33.0,1,102.0,112.769230769,79.0,1.1213801602,131.0,12.398224725,104.0
2016-09-03,5,1,22.0,34.0,1,102.0,112.846153846,79.0,1.11472364143,131.0,12.3403413109,90.0
2016-09-04,6,1,24.0,32.0,1,102.0,110.307692308,79.0,1.00294985251,131.0,13.3438814292,101.0
2016-09-05,0,0,24.0,29.0,0,102.0,111.076923077,79.0,0.918145035792,131.0,12.4681843627,107.0
2016-09-06,1,0,22.0,28.0,0,103.0,110.538461538,79.0,0.918902251002,131.0,12.4814655489,119.0
2016-09-07,2,0,19.0,24.0,0,103.0,110.769230769,79.0,1.0,131.0,12.6074083603,126.0
2016-09-08,3,0,21.0,29.0,1,103.0,112.538461538,79.0,1.05373447089,131.0,13.0006827313,115.0
2016-09-09,4,0,23.0,31.0,1,104.0,112.692307692,79.0,1.07719928187,131.0,13.0170575393,108.0
2016-09-10,5,1,23.0,28.0,1,104.0,112.153846154,79.0,1.04194655919,131.0,13.055185553,116.0
2016-09-11,6,1,20.0,25.0,0,104.0,111.0,79.0,1.01527403414,131.0,11.955043995,118.0
2016-09-12,0,0,20.0,28.0,1,104.0,112.923076923,79.0,1.0119840213,131.0,10.8660483119,124.0
2016-09-13,1,0,22.0,28.0,1,105.0,114.153846154,79.0,1.05464722345,131.0,11.1413723353,115.0
2016-09-14,2,0,21.0,24.0,0,105.0,113.230769231,79.0,1.05216622458,131.0,10.5185100302,126.0
2016-09-15,3,1,24.0,26.0,0,106.0,113.0,79.0,1.06491611962,131.0,10.1980390272,100.0
2016-09-16,4,1,21.0,26.0,0,106.0,112.692307692,79.0,1.00058685446,131.0,10.5201975368,65.0
2016-09-17,5,1,22.0,26.0,1,106.0,110.769230769,65.0,0.873087308731,131.0,15.566995887,84.0
2016-09-18,6,0,22.0,27.0,0,106.0,109.461538462,65.0,0.763218390805,131.0,16.9824134582,104.0
2016-09-19,0,0,19.0,26.0,1,106.0,109.230769231,65.0,0.771576700213,131.0,17.0345975824,87.0
2016-09-20,1,0,19.0,26.0,1,105.0,106.769230769,65.0,0.846805234796,131.0,17.7424039918,96.0
2016-09-21,2,0,19.0,26.0,0,105.0,104.461538462,65.0,0.896594814121,131.0,17.0276489394,118.0
2016-09-22,3,0,19.0,27.0,1,106.0,104.692307692,65.0,0.945203328623,131.0,17.1884783207,86.0
2016-09-23,4,0,20.0,28.0,1,106.0,103.0,65.0,0.950118764846,131.0,17.8498006884,95.0
2016-09-24,5,1,21.0,28.0,1,105.0,101.384615385,65.0,0.944707740916,131.0,17.5479056894,108.0
2016-09-25,6,1,22.0,28.0,1,106.0,100.615384615,65.0,0.910092898756,131.0,17.0137431396,92.0
2016-09-26,0,0,23.0,29.0,1,105.0,98.1538461538,65.0,0.93561687282,131.0,15.7179278036,110.0
2016-09-27,1,0,23.0,29.0,0,105.0,97.7692307692,65.0,0.987418378723,129.0,15.3580539941,88.0
2016-09-28,2,0,22.0,28.0,0,105.0,94.8461538462,65.0,0.940794809408,129.0,13.1666604249,111.0
2016-09-29,3,0,22.0,24.0,0,106.0,95.6923076923,65.0,1.00438810336,129.0,13.8084957983,114.0
2016-09-30,4,0,23.0,28.0,0,106.0,99.4615384615,65.0,1.01442229784,129.0,11.3924089748,104.0
2016-10-01,5,1,23.0,28.0,1,106.0,101.0,65.0,1.07253463733,126.0,10.5173848753,105.0
2016-10-02,6,1,22.0,30.0,1,106.0,101.076923077,65.0,1.05971128609,126.0,10.5426718148,81.0
2016-10-03,0,1,20.0,25.0,0,106.0,100.615384615,65.0,0.972012736719,126.0,11.2560305993,74.0
2016-10-04,1,1,21.0,26.0,1,106.0,98.9230769231,65.0,0.889801505818,126.0,13.2923433048,82.0
2016-10-05,2,1,21.0,26.0,1,106.0,96.1538461538,65.0,0.829831932773,126.0,12.7692307692,90.0
2016-10-06,3,1,20.0,26.0,1,106.0,96.4615384615,65.0,0.865892291447,126.0,12.5674511498,95.0
2016-10-07,4,1,20.0,24.0,0,106.0,96.4615384615,65.0,0.925155925156,126.0,12.5674511498,118.0
2016-10-08,5,0,16.0,21.0,0,106.0,97.2307692308,65.0,1.03166496425,126.0,13.5200924334,94.0
2016-10-09,6,0,16.0,21.0,1,105.0,97.3846153846,65.0,1.05065023956,126.0,13.470985696,124.0
2016-10-10,0,0,16.0,21.0,1,105.0,98.4615384615,65.0,1.12846347607,126.0,14.9183180358,95.0
2016-10-11,1,0,18.0,23.0,1,105.0,99.0,65.0,1.05174731183,126.0,14.6550070204,88.0
2016-10-12,2,0,19.0,21.0,0,104.0,97.2307692308,65.0,1.04742408734,126.0,14.4868844989,110.0
2016-10-13,3,0,19.0,23.0,1,105.0,96.9230769231,65.0,0.987529491068,126.0,14.1663824081,94.0
2016-10-14,4,0,19.0,20.0,0,104.0,96.1538461538,65.0,0.98465688754,124.0,14.0320849586,85.0
2016-10-15,5,1,20.0,24.0,0,104.0,94.6153846154,65.0,0.986011600136,124.0,14.0741905713,93.0
2016-10-16,6,1,19.0,25.0,1,104.0,95.5384615385,74.0,0.927536231884,124.0,13.5340902034,111.0
2016-10-17,0,0,19.0,24.0,1,105.0,98.3846153846,74.0,0.985003408316,124.0,12.5608577704,107.0
2016-10-18,1,0,19.0,25.0,1,105.0,100.307692308,74.0,1.04978902954,124.0,11.7955964103,89.0
2016-10-19,2,0,20.0,23.0,0,105.0,100.230769231,74.0,1.0479604028,124.0,11.8656183745,95.0
2016-10-20,3,0,21.0,23.0,0,104.0,100.230769231,74.0,1.00310237849,124.0,11.8656183745,122.0
2016-10-21,4,0,22.0,25.0,0,105.0,100.538461538,74.0,1.04508196721,124.0,12.3638143518,105.0
2016-10-22,5,1,20.0,23.0,0,105.0,101.384615385,74.0,1.09972677596,124.0,12.2633817744,103.0
2016-10-23,6,1,18.0,23.0,0,104.0,99.7692307692,74.0,1.11448834853,124.0,10.4230059606,129.0
2016-10-24,0,0,19.0,23.0,1,105.0,102.384615385,74.0,1.10727780516,129.0,12.8753698172,117.0
2016-10-25,1,0,20.0,22.0,1,105.0,104.615384615,74.0,1.12726098191,129.0,12.7009294726,117.0
2016-10-26,2,0,19.0,22.0,0,105.0,105.153846154,74.0,1.15734098517,129.0,13.0610763713,108.0
2016-10-27,3,0,17.0,23.0,0,105.0,106.230769231,74.0,1.08365019011,129.0,12.6682756167,113.0
2016-10-28,4,0,14.0,18.0,0,105.0,108.384615385,74.0,1.07352707639,129.0,11.1668359374,105.0
2016-10-29,5,1,12.0,16.0,0,105.0,109.307692308,74.0,1.03001579779,129.0,10.3208870771,107.0
2016-10-30,6,1,14.0,18.0,1,105.0,109.0,74.0,1.03519668737,129.0,10.3254726098,107.0
2016-10-31,0,0,13.0,15.0,0,105.0,109.0,74.0,1.01029295329,129.0,10.3254726098,116.0
