time_stamp,dayofweek,holiday,lt,ht,sunny,m2M,w2A,m1L,d3w3,m1Lar,w2Std,pay_sum
2016-08-01,0,0,27.0,37.0,1,408.0,376.769230769,80.0,0.80492044391,518.0,134.648347613,444.0
2016-08-02,1,0,27.0,35.0,0,408.0,379.307692308,85.0,0.770015524507,518.0,135.577615928,498.0
2016-08-03,2,0,26.0,32.0,0,411.0,380.923076923,85.0,0.9453197405,518.0,136.85110468,462.0
2016-08-04,3,0,27.0,33.0,0,413.0,381.538461538,85.0,1.2369499141,518.0,137.195882078,436.0
2016-08-05,4,0,26.0,33.0,0,417.0,378.769230769,85.0,1.24337564017,518.0,135.697148004,465.0
2016-08-06,5,1,26.0,34.0,0,417.0,397.538461538,85.0,1.16585407578,518.0,129.300850961,146.0
2016-08-07,6,1,27.0,35.0,1,417.0,400.615384615,85.0,0.891670924885,518.0,122.630488405,92.0
2016-08-08,0,0,26.0,34.0,0,417.0,372.384615385,85.0,0.629843659006,518.0,145.963925186,478.0
2016-08-09,1,0,26.0,30.0,0,418.0,375.846153846,92.0,0.635766293731,518.0,147.881369375,425.0
2016-08-10,2,0,27.0,35.0,0,419.0,373.769230769,92.0,0.889663805436,518.0,146.984119418,458.0
2016-08-11,3,0,27.0,36.0,1,422.0,369.769230769,92.0,1.21626452189,518.0,143.897481587,484.0
2016-08-12,4,0,27.0,36.0,1,425.0,370.153846154,92.0,1.21966452534,518.0,144.195298202,483.0
2016-08-13,5,1,27.0,35.0,1,433.0,384.615384615,92.0,1.22834238428,518.0,145.355552651,198.0
2016-08-14,6,1,28.0,35.0,1,433.0,389.923076923,92.0,0.992418434279,510.0,136.941010062,110.0
2016-08-15,0,0,27.0,36.0,1,433.0,364.230769231,92.0,0.705273951228,510.0,154.580899331,456.0
2016-08-16,1,0,26.0,36.0,1,436.0,361.0,92.0,0.679111111111,510.0,152.171461997,446.0
2016-08-17,2,0,28.0,37.0,1,439.0,359.769230769,92.0,0.900275776176,510.0,151.412403641,475.0
2016-08-18,3,0,28.0,37.0,1,439.0,362.769230769,92.0,1.23072797962,510.0,153.26806775,460.0
2016-08-19,4,0,28.0,38.0,1,439.0,362.384615385,92.0,1.23745519713,510.0,153.017112397,474.0
2016-08-20,5,1,27.0,37.0,0,442.0,387.615384615,92.0,1.23288270552,510.0,141.895160898,211.0
2016-08-21,6,1,27.0,35.0,0,439.0,396.769230769,92.0,0.991213262347,510.0,125.410190879,112.0
2016-08-22,0,0,27.0,36.0,1,439.0,368.615384615,92.0,0.721038585064,510.0,143.754886719,558.0
2016-08-23,1,0,27.0,35.0,0,439.0,378.846153846,92.0,0.790595414367,558.0,151.905256988,502.0
2016-08-24,2,0,27.0,35.0,1,444.0,382.230769231,92.0,1.04610166466,558.0,154.105435359,541.0
2016-08-25,3,0,26.0,35.0,1,444.0,386.615384615,92.0,1.40920693601,558.0,157.707391399,526.0
2016-08-26,4,0,25.0,34.0,0,444.0,389.923076923,92.0,1.37000654879,558.0,160.126614104,599.0
2016-08-27,5,1,23.0,31.0,1,446.0,420.769230769,92.0,1.37322782723,599.0,158.802322133,227.0
2016-08-28,6,1,21.0,31.0,1,446.0,429.769230769,92.0,1.0961125299,599.0,143.514220065,236.0
2016-08-29,0,0,21.0,32.0,1,446.0,412.846153846,92.0,0.887106878837,599.0,152.135489287,506.0
2016-08-30,1,0,21.0,32.0,1,446.0,417.461538462,92.0,0.801290002481,599.0,153.970334498,451.0
2016-08-31,2,0,21.0,33.0,1,448.0,415.615384615,92.0,0.987378439892,599.0,153.412234224,395.0
2016-09-01,3,0,23.0,33.0,0,448.0,410.615384615,92.0,1.13147543728,599.0,152.942693371,242.0
2016-09-02,4,0,22.0,34.0,1,446.0,392.769230769,92.0,0.938942826321,599.0,157.958686832,221.0
2016-09-03,5,1,23.0,35.0,1,446.0,393.538461538,92.0,0.738255033557,599.0,157.093610204,98.0
2016-09-04,6,1,24.0,32.0,1,446.0,392.461538462,92.0,0.483453981386,599.0,159.05568226,73.0
2016-09-05,0,0,24.0,30.0,0,446.0,355.153846154,73.0,0.355410490049,599.0,172.189897923,231.0
2016-09-06,1,0,23.0,28.0,0,446.0,334.307692308,73.0,0.375455309611,599.0,169.533924273,257.0
2016-09-07,2,0,21.0,27.0,0,446.0,312.461538462,73.0,0.540462427746,599.0,159.492761053,339.0
2016-09-08,3,0,22.0,30.0,1,446.0,298.076923077,73.0,0.81090356425,599.0,147.572387212,554.0
2016-09-09,4,0,22.0,29.0,1,448.0,294.615384615,73.0,1.114503077,599.0,140.847729269,510.0
2016-09-10,5,1,22.0,28.0,0,451.0,316.384615385,73.0,1.30305563295,599.0,150.269777125,273.0
2016-09-11,6,1,21.0,25.0,0,448.0,319.230769231,73.0,1.21451605578,599.0,149.065888295,219.0
2016-09-12,0,0,21.0,27.0,1,446.0,297.153846154,73.0,0.954285714286,599.0,140.793272432,495.0
2016-09-13,1,0,21.0,28.0,0,446.0,300.538461538,73.0,0.940940940941,599.0,144.919402207,442.0
2016-09-14,2,0,21.0,25.0,0,446.0,304.153846154,73.0,1.11788028237,599.0,147.788750563,458.0
2016-09-15,3,1,22.0,25.0,0,451.0,320.769230769,73.0,1.36243773806,599.0,151.950474647,56.0
2016-09-16,4,1,23.0,27.0,0,446.0,308.076923077,56.0,1.01437742055,599.0,165.996043298,117.0
2016-09-17,5,1,22.0,27.0,1,446.0,309.538461538,56.0,0.681462281981,599.0,164.214032655,146.0
2016-09-18,6,0,22.0,26.0,0,444.0,315.153846154,56.0,0.349608197709,599.0,157.124568981,418.0
2016-09-19,0,0,20.0,27.0,1,442.0,329.538461538,56.0,0.757297748123,599.0,157.321628121,453.0
2016-09-20,1,0,19.0,26.0,1,442.0,344.615384615,56.0,1.13056528264,599.0,159.030010937,401.0
2016-09-21,2,0,19.0,26.0,1,442.0,349.384615385,56.0,1.41262701982,599.0,159.718280087,435.0
2016-09-22,3,0,20.0,27.0,1,442.0,340.230769231,56.0,1.38691629008,599.0,150.895355409,494.0
2016-09-23,4,0,20.0,29.0,1,442.0,339.0,56.0,1.37063945999,599.0,149.565010306,469.0
2016-09-24,5,1,21.0,30.0,1,444.0,354.076923077,56.0,1.36257309942,599.0,152.010860714,160.0
2016-09-25,6,1,21.0,30.0,1,442.0,349.538461538,56.0,1.08079495693,554.0,156.781874632,131.0
2016-09-26,0,0,24.0,31.0,1,436.0,321.538461538,56.0,0.742151262145,554.0,160.756679672,472.0
2016-09-27,1,0,23.0,28.0,0,436.0,323.846153846,56.0,0.722332670643,554.0,162.673266753,482.0
2016-09-28,2,0,22.0,28.0,0,442.0,325.692307692,56.0,1.0067269775,554.0,164.313202155,454.0
2016-09-29,3,0,22.0,25.0,0,444.0,356.307692308,56.0,1.32486473771,554.0,147.421105167,474.0
2016-09-30,4,0,22.0,29.0,0,446.0,383.769230769,56.0,1.33352248546,554.0,132.812275757,238.0
2016-10-01,5,1,23.0,30.0,0,442.0,390.846153846,56.0,1.10825967113,554.0,121.962066078,91.0
2016-10-02,6,1,22.0,30.0,1,436.0,365.692307692,56.0,0.777422790202,554.0,145.262830555,54.0
2016-10-03,0,1,21.0,27.0,0,435.0,335.0,54.0,0.396172743729,554.0,164.457148966,74.0
2016-10-04,1,1,20.0,27.0,1,425.0,309.846153846,54.0,0.240250123416,554.0,176.970160959,86.0
2016-10-05,2,1,21.0,27.0,1,425.0,283.0,54.0,0.250073035349,554.0,182.338231782,107.0
2016-10-06,3,1,22.0,27.0,0,425.0,253.230769231,54.0,0.309242529534,554.0,176.97203336,122.0
2016-10-07,4,1,20.0,23.0,0,418.0,226.538461538,54.0,0.364520048603,554.0,168.374863547,127.0
2016-10-08,5,0,17.0,22.0,0,401.0,224.0,54.0,0.413328689191,510.0,169.60315672,397.0
2016-10-09,6,0,16.0,22.0,1,397.0,244.461538462,54.0,0.752782147643,495.0,173.157383007,406.0
2016-10-10,0,0,15.0,21.0,1,397.0,239.384615385,54.0,1.0927035601,495.0,167.279378683,425.0
2016-10-11,1,0,17.0,23.0,1,397.0,235.0,54.0,1.43676143676,495.0,161.510180675,406.0
2016-10-12,2,0,18.0,25.0,1,401.0,231.307692308,54.0,1.45469512554,494.0,156.945548919,432.0
2016-10-13,3,0,18.0,23.0,1,406.0,228.076923077,54.0,1.50169431068,494.0,152.279329138,370.0
2016-10-14,4,0,19.0,22.0,0,401.0,238.230769231,54.0,1.46211571048,494.0,156.932201846,426.0
2016-10-15,5,1,20.0,23.0,0,401.0,264.0,54.0,1.41785013278,494.0,158.140152056,126.0
2016-10-16,6,1,20.0,26.0,0,397.0,269.538461538,54.0,1.06546484082,494.0,151.823082964,90.0
2016-10-17,0,0,20.0,24.0,0,395.0,270.769230769,54.0,0.794505290514,494.0,150.290054866,454.0
2016-10-18,1,0,20.0,24.0,0,395.0,299.076923077,54.0,0.833488834982,494.0,147.452449461,410.0
2016-10-19,2,0,20.0,24.0,0,397.0,322.384615385,54.0,1.19661335842,494.0,138.951313256,462.0
2016-10-20,3,0,21.0,25.0,0,401.0,348.538461538,54.0,1.66698095418,494.0,130.514729723,429.0
2016-10-21,4,0,21.0,25.0,0,401.0,371.769230769,54.0,1.57869190632,494.0,114.965649616,452.0
2016-10-22,5,1,20.0,23.0,0,401.0,376.0,54.0,1.5291773413,482.0,116.813460763,179.0
2016-10-23,6,1,17.0,23.0,0,397.0,358.538461538,54.0,1.18171683389,482.0,127.50120083,104.0
2016-10-24,0,0,19.0,24.0,1,395.0,333.846153846,54.0,0.8153078203,482.0,142.446128092,427.0
2016-10-25,1,0,19.0,23.0,1,395.0,335.461538462,54.0,0.745289455729,482.0,143.371285283,392.0
2016-10-26,2,0,19.0,24.0,0,395.0,332.384615385,54.0,0.927265420936,482.0,141.685751122,454.0
2016-10-27,3,0,18.0,24.0,0,397.0,338.846153846,54.0,1.21794871795,474.0,145.12744858,449.0
2016-10-28,4,0,15.0,19.0,0,397.0,340.615384615,54.0,1.18427069044,474.0,146.314486617,417.0
2016-10-29,5,1,12.0,15.0,0,397.0,363.0,54.0,1.20383036936,462.0,133.46391042,181.0
2016-10-30,6,1,14.0,18.0,1,397.0,370.0,54.0,0.985179957657,462.0,120.741937141,86.0
2016-10-31,0,0,12.0,17.0,0,397.0,341.692307692,54.0,0.675956122146,462.0,139.423198939,440.0
