time_stamp,dayofweek,holiday,lt,ht,sunny,m2M,w2A,m1L,d3w3,m1Lar,w2Std,pay_sum
2016-08-01,0,0,25.0,34.0,0,56.0,72.5384615385,41.0,1.35040160643,120.0,19.6766764885,87.0
2016-08-02,1,0,24.0,27.0,0,56.0,75.0,41.0,1.20329936924,120.0,19.3271431292,56.0
2016-08-03,2,0,26.0,30.0,0,56.0,74.1538461538,41.0,1.10623781676,120.0,19.8914212427,75.0
2016-08-04,3,0,26.0,33.0,0,56.0,75.7692307692,41.0,1.03958035289,120.0,19.0228762937,69.0
2016-08-05,4,0,27.0,34.0,0,57.0,76.4615384615,41.0,0.954426151277,120.0,18.5953484035,64.0
2016-08-06,5,1,27.0,35.0,1,57.0,76.0769230769,41.0,0.980669495521,120.0,18.7963234476,89.0
2016-08-07,6,1,27.0,36.0,1,59.0,78.7692307692,41.0,1.01369863014,120.0,17.9278633424,67.0
2016-08-08,0,0,28.0,36.0,0,59.0,79.0769230769,41.0,1.01149425287,120.0,17.6872902584,93.0
2016-08-09,1,0,27.0,35.0,1,59.0,81.1538461538,41.0,1.11559139785,120.0,17.6148807452,77.0
2016-08-10,2,0,28.0,32.0,0,60.0,77.8461538462,41.0,1.05473965287,120.0,13.5864533995,78.0
2016-08-11,3,0,26.0,33.0,0,60.0,78.7692307692,43.0,1.08628996934,120.0,13.1509218522,90.0
2016-08-12,4,0,26.0,28.0,0,60.0,77.3846153846,43.0,1.05240549828,120.0,10.7240811802,71.0
2016-08-13,5,1,25.0,31.0,0,61.0,76.9230769231,43.0,1.02531102531,120.0,10.8589667908,81.0
2016-08-14,6,1,26.0,32.0,0,62.0,76.6923076923,43.0,1.02045119123,120.0,10.7373153455,69.0
2016-08-15,0,0,26.0,31.0,0,63.0,75.3076923077,43.0,0.928376391514,120.0,10.4762340223,63.0
2016-08-16,1,0,25.0,32.0,0,63.0,75.8461538462,54.0,0.896464646465,120.0,9.61446149415,68.0
2016-08-17,2,0,26.0,31.0,0,63.0,75.3076923077,54.0,0.870322019147,120.0,9.84014239566,81.0
2016-08-18,3,0,25.0,29.0,0,63.0,76.2307692308,54.0,0.913596207714,120.0,9.76771641806,75.0
2016-08-19,4,0,26.0,31.0,0,64.0,77.0769230769,54.0,0.986349625716,120.0,9.12698061507,73.0
2016-08-20,5,1,27.0,34.0,1,64.0,75.8461538462,54.0,1.01103752759,120.0,8.49294869376,85.0
2016-08-21,6,1,26.0,35.0,0,66.0,77.2307692308,54.0,1.02801676594,120.0,8.40470423361,77.0
2016-08-22,0,0,27.0,35.0,1,66.0,76.0,54.0,1.04374861204,120.0,7.07106781187,67.0
2016-08-23,1,0,27.0,35.0,1,67.0,75.2307692308,56.0,1.00970017637,120.0,7.454000951,67.0
2016-08-24,2,0,28.0,36.0,1,67.0,74.3846153846,56.0,0.935283687943,120.0,7.71151448299,68.0
2016-08-25,3,0,27.0,35.0,0,67.0,72.6923076923,56.0,0.895985806165,120.0,6.40173792971,93.0
2016-08-26,4,0,26.0,35.0,0,67.0,74.3846153846,56.0,0.992167101828,108.0,8.34393802561,89.0
2016-08-27,5,1,25.0,32.0,0,68.0,75.0,56.0,1.08790252393,108.0,9.07235869593,75.0
2016-08-28,6,1,26.0,33.0,1,68.0,75.4615384615,56.0,1.11255411255,93.0,8.90648324464,54.0
2016-08-29,0,0,25.0,32.0,1,68.0,74.7692307692,54.0,0.968243393293,93.0,10.115896448,84.0
2016-08-30,1,0,26.0,34.0,1,68.0,76.0,54.0,0.941644562334,93.0,10.1904933073,85.0
2016-08-31,2,0,26.0,33.0,0,68.0,76.3076923077,54.0,0.981298129813,93.0,10.3951513504,77.0
2016-09-01,3,0,25.0,33.0,0,69.0,76.4615384615,54.0,1.09187749667,93.0,10.3894575605,97.0
2016-09-02,4,0,28.0,33.0,0,69.0,78.3076923077,54.0,1.13001745201,97.0,11.6644404751,90.0
2016-09-03,5,1,25.0,29.0,0,69.0,78.6923076923,54.0,1.14508783344,97.0,11.9575184934,79.0
2016-09-04,6,1,26.0,32.0,0,70.0,78.8461538462,54.0,1.14630467572,97.0,11.9476174248,59.0
2016-09-05,0,0,26.0,31.0,0,70.0,78.2307692308,54.0,0.98509397278,97.0,12.7228071779,77.0
2016-09-06,1,0,26.0,32.0,0,71.0,79.0,54.0,0.9235395189,97.0,12.3163431136,65.0
2016-09-07,2,0,26.0,32.0,0,71.0,78.7692307692,54.0,0.872395833333,97.0,12.5462458139,84.0
2016-09-08,3,0,26.0,32.0,0,73.0,78.0769230769,54.0,0.975188781014,97.0,11.9772960764,60.0
2016-09-09,4,0,26.0,32.0,0,71.0,75.8461538462,54.0,0.909486510009,97.0,12.4273034011,75.0
2016-09-10,5,1,25.0,30.0,0,73.0,75.8461538462,54.0,0.95926412615,97.0,12.4273034011,66.0
2016-09-11,6,1,26.0,30.0,0,73.0,76.7692307692,54.0,0.886829913964,97.0,11.1503973448,45.0
2016-09-12,0,0,25.0,32.0,1,73.0,73.7692307692,45.0,0.832773673606,97.0,13.7457901032,61.0
2016-09-13,1,0,26.0,34.0,1,73.0,71.9230769231,45.0,0.773207462351,97.0,13.7251119567,75.0
2016-09-14,2,0,26.0,34.0,1,75.0,71.7692307692,45.0,0.809843400447,97.0,13.6784718341,77.0
2016-09-15,3,1,26.0,33.0,1,75.0,70.2307692308,45.0,0.963364993216,97.0,11.7417980942,49.0
2016-09-16,4,1,26.0,34.0,1,75.0,67.0769230769,45.0,0.934449093445,97.0,11.5122779839,75.0
2016-09-17,5,1,26.0,33.0,1,75.0,66.7692307692,45.0,0.934449093445,97.0,11.2397224586,50.0
2016-09-18,6,0,25.0,32.0,1,75.0,66.0769230769,45.0,0.811188811189,97.0,11.9515788366,64.0
2016-09-19,0,0,24.0,31.0,1,75.0,65.0769230769,45.0,0.893617021277,97.0,11.5323060504,77.0
2016-09-20,1,0,23.0,30.0,1,75.0,66.0,45.0,0.908226343319,97.0,11.9614766261,86.0
2016-09-21,2,0,25.0,31.0,1,75.0,66.1538461538,45.0,1.0725253957,97.0,12.2024345228,74.0
2016-09-22,3,0,25.0,32.0,1,75.0,67.2307692308,45.0,1.13832853026,97.0,12.2295596886,86.0
2016-09-23,4,0,25.0,32.0,1,75.0,68.0769230769,45.0,1.18497109827,97.0,13.0882304055,84.0
2016-09-24,5,1,25.0,32.0,1,75.0,69.4615384615,45.0,1.1711063115,97.0,13.7315772225,78.0
2016-09-25,6,1,26.0,33.0,1,75.0,72.0,45.0,1.17424242424,97.0,11.903457804,50.0
2016-09-26,0,0,27.0,35.0,1,75.0,71.1538461538,45.0,1.02341298576,97.0,12.996130512,85.0
2016-09-27,1,0,28.0,35.0,1,75.0,71.9230769231,45.0,1.01356174161,97.0,13.4876669503,97.0
2016-09-28,2,0,27.0,35.0,1,75.0,73.4615384615,45.0,1.09382366808,97.0,15.0313282315,84.0
2016-09-29,3,0,22.0,25.0,0,75.0,76.1538461538,45.0,1.23319425127,97.0,13.4613186795,84.0
2016-09-30,4,0,20.0,24.0,0,75.0,76.8461538462,45.0,1.22091683944,97.0,13.6147327093,90.0
2016-10-01,5,1,20.0,25.0,0,77.0,79.9230769231,45.0,1.16927260367,97.0,11.5656090894,54.0
2016-10-02,6,1,23.0,30.0,1,77.0,79.1538461538,45.0,1.02702702703,97.0,12.8592747364,41.0
2016-10-03,0,1,26.0,32.0,1,77.0,76.3846153846,41.0,0.844748858447,97.0,16.4107772353,62.0
2016-10-04,1,1,25.0,31.0,1,77.0,74.5384615385,41.0,0.72333563695,97.0,16.5743796014,60.0
2016-10-05,2,1,25.0,32.0,1,75.0,73.4615384615,41.0,0.759906759907,97.0,17.0231308004,58.0
2016-10-06,3,1,26.0,33.0,1,75.0,71.3076923077,41.0,0.833912439194,97.0,17.0717247805,73.0
2016-10-07,4,1,26.0,33.0,1,75.0,70.4615384615,41.0,0.886105311993,97.0,16.6900033858,61.0
2016-10-08,5,0,24.0,31.0,1,75.0,69.1538461538,41.0,0.883977900552,97.0,16.7140942544,81.0
2016-10-09,6,0,23.0,28.0,1,75.0,71.5384615385,41.0,0.978384527873,97.0,16.0077643883,81.0
2016-10-10,0,0,24.0,28.0,1,75.0,71.2307692308,41.0,1.01202632176,97.0,15.7829208867,80.0
2016-10-11,1,0,24.0,29.0,1,75.0,69.9230769231,41.0,1.10275689223,97.0,14.2205784717,76.0
2016-10-12,2,0,21.0,25.0,0,75.0,69.3076923077,41.0,1.07849829352,97.0,13.7638579978,76.0
2016-10-13,3,0,23.0,28.0,1,75.0,68.6923076923,41.0,1.06300114548,97.0,13.2629304998,95.0
2016-10-14,4,0,23.0,30.0,1,76.0,69.0769230769,41.0,1.12323783538,97.0,13.9309370079,81.0
2016-10-15,5,1,22.0,30.0,1,76.0,71.1538461538,41.0,1.14363512594,97.0,13.5354017521,87.0
2016-10-16,6,1,24.0,32.0,1,76.0,74.6923076923,41.0,1.16423196104,97.0,10.9571516188,62.0
2016-10-17,0,0,24.0,32.0,1,76.0,74.6923076923,41.0,1.03394021128,97.0,10.9571516188,60.0
2016-10-18,1,0,22.0,24.0,0,76.0,74.6923076923,41.0,0.963577685569,97.0,10.9571516188,65.0
2016-10-19,2,0,23.0,26.0,0,76.0,75.2307692308,41.0,0.873627657089,97.0,10.2743432967,68.0
2016-10-20,3,0,24.0,30.0,1,75.0,74.8461538462,41.0,0.911882825419,97.0,10.4428566225,89.0
2016-10-21,4,0,23.0,28.0,0,76.0,77.0,41.0,1.04964539007,97.0,10.2507035406,78.0
2016-10-22,5,1,24.0,30.0,1,76.0,76.7692307692,41.0,1.09251510925,97.0,10.1916545509,99.0
2016-10-23,6,1,25.0,31.0,1,77.0,78.1538461538,41.0,1.18856121537,99.0,11.7724982895,75.0
2016-10-24,0,0,25.0,29.0,0,76.0,77.7692307692,41.0,1.11627906977,99.0,11.787567415,75.0
2016-10-25,1,0,25.0,30.0,0,76.0,77.6923076923,41.0,1.09210526316,99.0,11.8021159471,79.0
2016-10-26,2,0,25.0,32.0,1,76.0,77.9230769231,41.0,0.99069868051,99.0,11.7960980411,78.0
2016-10-27,3,0,24.0,32.0,1,77.0,76.6153846154,41.0,1.00043122035,99.0,10.7240811802,74.0
2016-10-28,4,0,23.0,32.0,1,76.0,76.0769230769,41.0,0.987812700449,99.0,10.6659886372,54.0
2016-10-29,5,1,20.0,27.0,1,76.0,73.5384615385,41.0,0.896431679721,99.0,11.6461640077,67.0
2016-10-30,6,1,19.0,27.0,1,75.0,73.9230769231,41.0,0.856389986825,99.0,11.3372194289,37.0
2016-10-31,0,0,19.0,26.0,1,75.0,72.1538461538,37.0,0.714124293785,99.0,14.675181319,70.0
