time_stamp,dayofweek,holiday,lt,ht,sunny,m2M,w2A,m1L,d3w3,m1Lar,w2Std,pay_sum
2016-08-01,0,0,27.0,35.0,1,199.0,241.615384615,125.0,0.950998686848,290.0,32.5801696684,251.0
2016-08-02,1,0,26.0,36.0,0,201.0,242.384615385,175.0,0.894863840055,290.0,32.6744747743,231.0
2016-08-03,2,0,25.0,30.0,0,208.0,243.076923077,175.0,0.911930043723,290.0,32.3287477177,185.0
2016-08-04,3,0,25.0,32.0,0,208.0,238.153846154,175.0,0.935155976165,290.0,35.7444910308,186.0
2016-08-05,4,0,26.0,32.0,0,208.0,230.384615385,175.0,0.859754355898,290.0,35.2562890441,188.0
2016-08-06,5,1,26.0,34.0,0,208.0,226.692307692,175.0,0.808037004915,290.0,36.9477481678,182.0
2016-08-07,6,1,26.0,34.0,0,208.0,225.615384615,175.0,0.80492218603,290.0,38.0152569808,126.0
2016-08-08,0,0,26.0,34.0,1,208.0,213.615384615,126.0,0.736451373422,290.0,42.6606258051,204.0
2016-08-09,1,0,27.0,34.0,1,208.0,211.0,126.0,0.766524440452,290.0,42.1243580184,327.0
2016-08-10,2,0,27.0,34.0,1,213.0,217.692307692,126.0,0.960947784116,327.0,51.9620936029,259.0
2016-08-11,3,0,27.0,35.0,1,215.0,217.461538462,126.0,1.15294804437,327.0,51.7711166647,268.0
2016-08-12,4,0,28.0,35.0,1,216.0,215.769230769,126.0,1.25155711878,327.0,49.6900451974,266.0
2016-08-13,5,1,28.0,36.0,1,222.0,219.076923077,126.0,1.15454611633,327.0,51.4609060557,201.0
2016-08-14,6,1,27.0,36.0,1,222.0,221.076923077,126.0,1.06893542757,327.0,50.1987764768,179.0
2016-08-15,0,0,27.0,36.0,1,222.0,215.538461538,126.0,0.961094993677,327.0,50.5623992016,248.0
2016-08-16,1,0,27.0,36.0,1,223.0,216.846153846,126.0,0.93223484005,327.0,51.1616535395,211.0
2016-08-17,2,0,27.0,35.0,1,223.0,218.846153846,126.0,0.953234722845,327.0,50.3798588477,249.0
2016-08-18,3,0,27.0,36.0,1,226.0,223.692307692,126.0,1.06091256462,327.0,50.0159737797,225.0
2016-08-19,4,0,29.0,37.0,1,226.0,226.538461538,126.0,1.04166666667,327.0,48.9452054454,228.0
2016-08-20,5,1,27.0,36.0,0,228.0,230.076923077,126.0,1.06630211893,327.0,47.2301428172,215.0
2016-08-21,6,1,27.0,33.0,0,226.0,236.923076923,126.0,1.00549409197,327.0,36.9874438954,133.0
2016-08-22,0,0,27.0,34.0,1,226.0,231.461538462,126.0,0.89074460682,327.0,45.6687325869,213.0
2016-08-23,1,0,25.0,34.0,1,226.0,222.692307692,126.0,0.87118565106,327.0,36.5079224603,224.0
2016-08-24,2,0,24.0,34.0,1,226.0,220.0,126.0,0.877192982456,327.0,34.9901084924,203.0
2016-08-25,3,0,25.0,34.0,1,226.0,215.0,126.0,0.981068444853,327.0,32.315749911,213.0
2016-08-26,4,0,23.0,29.0,1,226.0,210.923076923,126.0,0.975461057766,327.0,28.7735496553,196.0
2016-08-27,5,1,20.0,29.0,1,226.0,210.538461538,126.0,0.929808568824,327.0,28.9365762278,219.0
2016-08-28,6,1,19.0,30.0,1,226.0,213.615384615,126.0,0.934315257011,327.0,27.5109445677,214.0
2016-08-29,0,0,20.0,31.0,1,226.0,211.0,126.0,0.933719290433,327.0,25.6724935111,194.0
2016-08-30,1,0,21.0,31.0,1,226.0,209.692307692,126.0,0.959155575952,327.0,26.0690934468,196.0
2016-08-31,2,0,22.0,32.0,1,226.0,205.615384615,126.0,0.937524253007,327.0,23.633543507,206.0
2016-09-01,3,0,22.0,33.0,1,226.0,204.153846154,126.0,0.938656587133,327.0,22.9676901951,202.0
2016-09-02,4,0,22.0,34.0,1,225.0,202.153846154,126.0,0.965859118893,327.0,21.9118729805,184.0
2016-09-03,5,1,23.0,34.0,1,225.0,199.769230769,126.0,0.950545921644,327.0,22.0703554959,178.0
2016-09-04,6,1,22.0,33.0,1,224.0,203.230769231,126.0,0.905805829921,327.0,12.9861100124,173.0
2016-09-05,0,0,24.0,33.0,1,223.0,200.153846154,126.0,0.875040889761,327.0,14.9040322569,192.0
2016-09-06,1,0,22.0,26.0,0,222.0,197.692307692,133.0,0.892284939611,327.0,13.3208027905,168.0
2016-09-07,2,0,20.0,26.0,1,219.0,195.0,133.0,0.893695506372,327.0,15.3572834136,206.0
2016-09-08,3,0,21.0,30.0,1,216.0,194.461538462,133.0,0.95358436526,268.0,14.8304021659,168.0
2016-09-09,4,0,23.0,32.0,1,215.0,192.307692308,133.0,0.92720896416,268.0,16.4006782945,207.0
2016-09-10,5,1,21.0,30.0,1,214.0,191.384615385,133.0,0.99597154367,266.0,15.1634097116,199.0
2016-09-11,6,1,20.0,28.0,1,213.0,190.230769231,133.0,0.967551622419,249.0,13.9181886872,164.0
2016-09-12,0,0,20.0,30.0,1,213.0,187.923076923,133.0,0.972862263185,249.0,15.4991887553,168.0
2016-09-13,1,0,21.0,30.0,1,211.0,185.769230769,133.0,0.919480519481,249.0,16.1586073569,193.0
2016-09-14,2,0,22.0,28.0,1,207.0,184.769230769,133.0,0.911458333333,249.0,15.2525097363,215.0
2016-09-15,3,1,21.0,23.0,0,211.0,185.769230769,133.0,0.999479437793,249.0,16.7063039514,112.0
2016-09-16,4,1,21.0,23.0,0,207.0,180.230769231,112.0,0.922476494589,228.0,25.8223333455,131.0
2016-09-17,5,1,21.0,27.0,1,206.0,176.615384615,112.0,0.831970935513,228.0,28.978874166,146.0
2016-09-18,6,0,20.0,28.0,1,206.0,174.538461538,112.0,0.719970386822,224.0,30.1090719388,163.0
2016-09-19,0,0,17.0,26.0,1,204.0,172.307692308,112.0,0.821431905162,224.0,29.8054837892,186.0
2016-09-20,1,0,18.0,26.0,1,203.0,173.692307692,112.0,0.926705981466,224.0,29.9907283503,195.0
2016-09-21,2,0,17.0,24.0,1,202.0,172.846153846,112.0,1.02159624413,224.0,29.2123423701,174.0
2016-09-22,3,0,19.0,27.0,1,202.0,173.307692308,112.0,1.05053946621,219.0,29.1795097111,176.0
2016-09-23,4,0,19.0,28.0,1,201.0,170.923076923,112.0,1.03395940049,219.0,27.5498472381,228.0
2016-09-24,5,1,21.0,29.0,1,201.0,173.153846154,112.0,1.08118219229,228.0,30.7241978148,226.0
2016-09-25,6,1,21.0,28.0,1,201.0,177.923076923,112.0,1.16118330108,228.0,33.6096633047,161.0
2016-09-26,0,0,23.0,30.0,1,199.0,177.384615385,112.0,1.14333519241,228.0,33.8197449418,193.0
2016-09-27,1,0,23.0,30.0,0,196.0,177.384615385,112.0,1.07080217853,228.0,33.8197449418,223.0
2016-09-28,2,0,19.0,23.0,0,196.0,178.0,112.0,1.06027195884,228.0,34.5632085405,196.0
2016-09-29,3,0,17.0,19.0,0,196.0,184.461538462,112.0,1.11597374179,228.0,29.0294688062,200.0
2016-09-30,4,0,18.0,21.0,0,196.0,189.769230769,112.0,1.13090344387,228.0,24.7639745976,222.0
2016-10-01,5,1,20.0,24.0,0,196.0,195.615384615,112.0,1.1220043573,228.0,22.6190473224,181.0
2016-10-02,6,1,20.0,24.0,0,196.0,197.0,112.0,1.08972621307,228.0,21.0786074566,177.0
2016-10-03,0,1,18.0,26.0,1,196.0,196.307692308,112.0,1.04561023977,228.0,21.5705804472,142.0
2016-10-04,1,1,20.0,25.0,1,196.0,192.230769231,112.0,0.91399323645,228.0,25.9886183554,122.0
2016-10-05,2,1,20.0,26.0,1,196.0,188.230769231,112.0,0.827236916151,228.0,31.8316577933,171.0
2016-10-06,3,1,19.0,25.0,1,196.0,187.846153846,112.0,0.802657071686,228.0,32.0068409847,154.0
2016-10-07,4,1,17.0,20.0,0,196.0,182.153846154,112.0,0.819581958196,228.0,30.9213547167,147.0
2016-10-08,5,0,14.0,22.0,1,196.0,176.076923077,112.0,0.865181926496,228.0,29.4343115806,160.0
2016-10-09,6,0,13.0,21.0,1,195.0,176.0,112.0,0.845716382315,228.0,29.4748915311,190.0
2016-10-10,0,0,16.0,21.0,1,194.0,175.769230769,112.0,0.910756826095,228.0,29.3523786119,185.0
2016-10-11,1,0,16.0,20.0,1,193.0,172.846153846,112.0,0.98309445057,228.0,26.2293029141,173.0
2016-10-12,2,0,16.0,19.0,1,193.0,171.076923077,112.0,1.0072603621,228.0,25.369459345,180.0
2016-10-13,3,0,17.0,20.0,1,193.0,169.538461538,112.0,0.987790324061,228.0,24.1457605281,184.0
2016-10-14,4,0,16.0,18.0,1,192.0,166.615384615,112.0,0.998048508503,228.0,19.4641226621,199.0
2016-10-15,5,1,18.0,21.0,0,192.0,168.0,122.0,1.0543071161,228.0,21.0164770524,229.0
2016-10-16,6,1,17.0,23.0,1,192.0,172.0,122.0,1.12458654906,229.0,26.5648698038,202.0
2016-10-17,0,0,18.0,22.0,1,192.0,176.615384615,122.0,1.15479791037,229.0,26.1608587884,168.0
2016-10-18,1,0,18.0,23.0,1,190.0,180.153846154,122.0,1.11483342639,229.0,21.1690854199,202.0
2016-10-19,2,0,19.0,22.0,1,190.0,182.538461538,122.0,1.06280193237,229.0,21.7418964024,210.0
2016-10-20,3,0,19.0,21.0,0,192.0,186.846153846,122.0,1.07467111358,229.0,21.2017639101,175.0
2016-10-21,4,0,19.0,21.0,0,190.0,189.0,122.0,1.10203698489,229.0,18.2630353868,212.0
2016-10-22,5,1,18.0,21.0,0,190.0,193.0,122.0,1.11111111111,229.0,17.1329641784,209.0
2016-10-23,6,1,15.0,18.0,1,190.0,194.461538462,122.0,1.09942814979,229.0,17.6182396074,163.0
2016-10-24,0,0,16.0,20.0,1,186.0,192.769230769,122.0,1.07106831729,229.0,19.4111539948,187.0
2016-10-25,1,0,14.0,17.0,1,186.0,193.846153846,122.0,1.00720720721,229.0,18.6582469036,179.0
2016-10-26,2,0,16.0,18.0,0,185.0,193.769230769,122.0,0.951096727796,229.0,18.7171408326,188.0
2016-10-27,3,0,15.0,17.0,0,185.0,194.076923077,122.0,0.986994477107,229.0,18.5864364874,199.0
2016-10-28,4,0,11.0,15.0,0,185.0,194.076923077,122.0,0.994552802671,229.0,18.5864364874,196.0
2016-10-29,5,1,8.0,12.0,0,185.0,191.538461538,122.0,1.01479547433,229.0,15.6677787175,212.0
2016-10-30,6,1,10.0,17.0,1,185.0,192.307692308,122.0,1.05053651783,229.0,16.3912951353,191.0
2016-10-31,0,0,10.0,15.0,0,185.0,194.076923077,122.0,1.0350786245,229.0,14.8399748002,157.0
