time_stamp,dayofweek,holiday,lt,ht,sunny,m2M,w2A,m1L,d3w3,m1Lar,w2Std,pay_sum
2016-08-01,0,0,25.0,32.0,0,53.0,235.230769231,38.0,0.487276664862,672.0,170.680607635,108.0
2016-08-02,1,0,26.0,33.0,1,53.0,218.307692308,38.0,0.409792442789,672.0,171.54787832,71.0
2016-08-03,2,0,26.0,33.0,1,53.0,217.692307692,38.0,0.445151033386,672.0,172.060089958,55.0
2016-08-04,3,0,26.0,33.0,1,54.0,198.538461538,38.0,0.412480169223,672.0,175.216619946,48.0
2016-08-05,4,0,27.0,32.0,1,54.0,150.538461538,38.0,0.307040762308,672.0,113.563005477,60.0
2016-08-06,5,1,25.0,32.0,1,55.0,149.307692308,44.0,0.286946571605,672.0,114.447424688,60.0
2016-08-07,6,1,24.0,29.0,0,55.0,148.076923077,44.0,0.297555791711,672.0,115.311925822,46.0
2016-08-08,0,0,24.0,30.0,0,55.0,127.384615385,44.0,0.315649362997,672.0,107.363178376,58.0
2016-08-09,1,0,25.0,31.0,0,55.0,103.307692308,44.0,0.337865677792,672.0,82.1718505192,54.0
2016-08-10,2,0,26.0,33.0,1,55.0,83.4615384615,44.0,0.328039032492,672.0,56.5258489333,53.0
2016-08-11,3,0,27.0,35.0,1,54.0,67.9230769231,46.0,0.371621621622,672.0,27.5972728264,57.0
2016-08-12,4,0,26.0,35.0,0,55.0,61.0,46.0,0.466240227434,672.0,15.5514035973,54.0
2016-08-13,5,1,26.0,33.0,1,55.0,61.3076923077,46.0,0.470655761228,672.0,15.3692230692,76.0
2016-08-14,6,1,24.0,32.0,1,55.0,61.5384615385,46.0,0.536662361888,672.0,15.5643348946,71.0
2016-08-15,0,0,23.0,27.0,0,57.0,58.6923076923,46.0,0.644540644541,672.0,8.65922909506,106.0
2016-08-16,1,0,24.0,31.0,1,57.0,61.3846153846,46.0,0.92980521867,672.0,15.1075043071,120.0
2016-08-17,2,0,23.0,30.0,0,57.0,66.3846153846,46.0,1.22071516646,672.0,21.549722331,128.0
2016-08-18,3,0,22.0,27.0,0,58.0,72.5384615385,46.0,1.57859531773,672.0,26.3164627756,128.0
2016-08-19,4,0,23.0,27.0,1,58.0,77.7692307692,46.0,1.6982836495,672.0,29.828107153,190.0
2016-08-20,5,1,23.0,31.0,1,58.0,87.7692307692,46.0,1.8399339934,672.0,41.6453041884,87.0
2016-08-21,6,1,24.0,33.0,1,59.0,90.9230769231,46.0,1.65644171779,371.0,39.8776234506,76.0
2016-08-22,0,0,25.0,33.0,1,60.0,92.3076923077,46.0,1.47267417605,371.0,39.0135767599,144.0
2016-08-23,1,0,23.0,31.0,1,60.0,99.2307692308,46.0,1.22481547975,371.0,39.5827348652,141.0
2016-08-24,2,0,23.0,30.0,0,60.0,106.0,46.0,1.369759059,371.0,38.6104808409,124.0
2016-08-25,3,0,20.0,27.0,1,63.0,111.153846154,46.0,1.48754318967,312.0,36.1170025033,146.0
2016-08-26,4,0,20.0,28.0,1,65.0,118.230769231,46.0,1.42782699323,255.0,33.1132180119,105.0
2016-08-27,5,1,21.0,31.0,1,71.0,120.461538462,46.0,1.27291242363,190.0,31.1092748589,93.0
2016-08-28,6,1,21.0,31.0,1,71.0,122.153846154,46.0,1.14039449693,190.0,28.8919636254,84.0
2016-08-29,0,0,21.0,31.0,1,73.0,120.461538462,46.0,0.922925871379,190.0,30.3938642204,75.0
2016-08-30,1,0,21.0,31.0,1,75.0,117.0,46.0,0.816326530612,190.0,32.7226103905,117.0
2016-08-31,2,0,19.0,31.0,1,76.0,116.153846154,46.0,0.867106503299,190.0,32.569089059,81.0
2016-09-01,3,0,20.0,27.0,1,76.0,112.538461538,46.0,0.848089468779,190.0,33.6443283244,80.0
2016-09-02,4,0,20.0,28.0,1,76.0,104.076923077,46.0,0.85328422345,190.0,26.0811206061,96.0
2016-09-03,5,1,22.0,30.0,1,76.0,104.769230769,46.0,0.781630170316,190.0,25.7357992094,91.0
2016-09-04,6,1,22.0,30.0,0,79.0,105.923076923,46.0,0.804701627486,190.0,24.736959388,70.0
2016-09-05,0,0,21.0,31.0,1,79.0,100.230769231,46.0,0.78737745098,190.0,23.8171038934,65.0
2016-09-06,1,0,22.0,32.0,1,79.0,94.3846153846,53.0,0.710356749961,190.0,22.3762871105,39.0
2016-09-07,2,0,21.0,30.0,1,79.0,87.8461538462,39.0,0.570866141732,190.0,25.0287408757,50.0
2016-09-08,3,0,20.0,32.0,1,79.0,80.4615384615,39.0,0.525417946093,190.0,20.5411983195,69.0
2016-09-09,4,0,21.0,31.0,1,79.0,77.6923076923,39.0,0.574649936352,190.0,19.443743765,63.0
2016-09-10,5,1,20.0,30.0,0,79.0,75.3846153846,39.0,0.670720471715,190.0,19.2694994607,87.0
2016-09-11,6,1,17.0,25.0,0,80.0,75.6153846154,39.0,0.802197802198,190.0,19.3888884179,97.0
2016-09-12,0,0,19.0,27.0,1,81.0,77.3076923077,39.0,0.928746004888,190.0,20.2042821637,60.0
2016-09-13,1,0,20.0,28.0,1,81.0,72.9230769231,39.0,0.961386918834,190.0,17.0540387207,73.0
2016-09-14,2,0,22.0,31.0,1,81.0,72.3076923077,39.0,0.934389599837,190.0,16.8950817394,60.0
2016-09-15,3,1,22.0,32.0,1,80.0,70.7692307692,39.0,0.827438370847,190.0,17.0345975824,112.0
2016-09-16,4,1,19.0,30.0,1,80.0,72.0,39.0,1.04566794708,190.0,19.2473774437,97.0
2016-09-17,5,1,17.0,26.0,1,80.0,72.4615384615,39.0,1.14516815666,190.0,19.7624951111,79.0
2016-09-18,6,0,17.0,24.0,1,80.0,73.1538461538,39.0,1.22998078155,146.0,19.8216903488,63.0
2016-09-19,0,0,15.0,24.0,1,79.0,73.0,39.0,1.02862061545,146.0,19.8920161797,68.0
2016-09-20,1,0,17.0,26.0,1,76.0,75.2307692308,39.0,0.933333333333,146.0,17.4274489335,64.0
2016-09-21,2,0,18.0,28.0,1,76.0,76.3076923077,39.0,0.876601483479,146.0,16.2262115365,54.0
2016-09-22,3,0,19.0,28.0,1,76.0,75.1538461538,39.0,0.851063829787,146.0,17.2084333254,71.0
2016-09-23,4,0,20.0,29.0,1,76.0,75.7692307692,39.0,0.879888268156,146.0,16.9031351036,98.0
2016-09-24,5,1,19.0,29.0,1,76.0,76.6153846154,39.0,1.03312485522,117.0,17.7006669215,117.0
2016-09-25,6,1,20.0,27.0,1,76.0,78.1538461538,39.0,1.28308658591,117.0,20.1106407114,111.0
2016-09-26,0,0,19.0,27.0,0,76.0,82.0769230769,39.0,1.41862489121,117.0,21.1349566012,44.0
2016-09-27,1,0,14.0,22.0,1,75.0,79.8461538462,39.0,1.17978746476,117.0,23.3858805326,63.0
2016-09-28,2,0,12.0,22.0,1,75.0,80.0769230769,39.0,0.937634408602,117.0,23.2029889933,73.0
2016-09-29,3,0,14.0,24.0,1,75.0,77.0769230769,39.0,0.772200772201,117.0,21.3269837691,83.0
2016-09-30,4,0,16.0,26.0,1,75.0,76.0,39.0,0.927573062262,117.0,20.6360401687,97.0
2016-10-01,5,1,18.0,27.0,1,76.0,77.3846153846,39.0,1.06481481481,117.0,21.3812947062,114.0
2016-10-02,6,1,19.0,28.0,1,76.0,81.3076923077,39.0,1.22423485322,117.0,22.999614095,119.0
2016-10-03,0,1,18.0,27.0,1,79.0,85.2307692308,39.0,1.32530120482,119.0,24.6830799916,86.0
2016-10-04,1,1,14.0,23.0,0,80.0,86.9230769231,39.0,1.27116955569,119.0,23.9115727966,96.0
2016-10-05,2,1,13.0,23.0,1,81.0,90.1538461538,39.0,1.17417593134,119.0,22.0064541367,102.0
2016-10-06,3,1,14.0,22.0,1,83.0,92.5384615385,44.0,1.11438100844,119.0,21.4749062311,108.0
2016-10-07,4,1,12.0,18.0,0,84.0,93.3076923077,44.0,1.19298245614,119.0,21.8328778729,61.0
2016-10-08,5,0,8.0,18.0,1,84.0,89.0,44.0,1.06776989756,119.0,22.2537810098,80.0
2016-10-09,6,0,11.0,20.0,1,84.0,86.6153846154,44.0,0.971328262142,119.0,21.413649355,79.0
2016-10-10,0,0,10.0,22.0,1,84.0,89.3076923077,44.0,0.852713178295,119.0,17.7780530879,66.0
2016-10-11,1,0,11.0,19.0,1,84.0,89.5384615385,44.0,0.871080139373,119.0,17.4515389871,77.0
2016-10-12,2,0,14.0,21.0,1,84.0,89.8461538462,44.0,0.848137535817,119.0,17.1905437058,77.0
2016-10-13,3,0,14.0,24.0,1,84.0,89.3846153846,44.0,0.837616600038,119.0,17.4467914685,71.0
2016-10-14,4,0,15.0,25.0,1,83.0,87.3846153846,44.0,0.870069605568,119.0,17.9423798333,94.0
2016-10-15,5,1,13.0,24.0,0,83.0,85.8461538462,44.0,0.948461689202,119.0,16.3840736639,106.0
2016-10-16,6,1,12.0,22.0,1,83.0,84.8461538462,44.0,1.06525157233,119.0,14.6331875377,85.0
2016-10-17,0,0,12.0,21.0,1,83.0,84.7692307692,44.0,1.09383995394,119.0,14.6295477934,72.0
2016-10-18,1,0,14.0,23.0,1,81.0,82.9230769231,44.0,1.00420007637,119.0,14.6101205095,56.0
2016-10-19,2,0,15.0,24.0,1,80.0,79.3846153846,44.0,0.821283979179,119.0,15.1227717318,64.0
2016-10-20,3,0,11.0,16.0,1,80.0,76.0,44.0,0.748538011696,119.0,13.1324612492,72.0
2016-10-21,4,0,11.0,16.0,0,80.0,76.8461538462,44.0,0.759643916914,119.0,12.476723891,65.0
2016-10-22,5,1,8.0,12.0,1,79.0,75.6923076923,44.0,0.819070904645,119.0,12.8205641025,112.0
2016-10-23,6,1,8.0,16.0,1,79.0,78.2307692308,44.0,1.0190300798,119.0,16.0774751469,89.0
2016-10-24,0,0,7.0,15.0,0,79.0,80.0,44.0,1.08660130719,119.0,15.898717897,49.0
2016-10-25,1,0,10.0,19.0,1,79.0,77.8461538462,44.0,1.05152471083,119.0,17.9265430785,68.0
2016-10-26,2,0,8.0,15.0,1,77.0,77.1538461538,49.0,0.885450247152,119.0,18.1186098713,72.0
2016-10-27,3,0,8.0,13.0,0,77.0,77.2307692308,49.0,0.831683168317,119.0,18.0944268775,61.0
2016-10-28,4,0,4.0,14.0,1,77.0,74.6923076923,49.0,0.884488448845,119.0,17.8772937867,69.0
2016-10-29,5,1,5.0,14.0,1,73.0,71.8461538462,49.0,0.895390070922,119.0,15.4464143404,95.0
2016-10-30,6,1,6.0,15.0,1,73.0,72.6153846154,49.0,0.986842105263,119.0,16.307329459,85.0
2016-10-31,0,0,0.0,8.0,1,73.0,73.6153846154,49.0,1.07862248213,119.0,16.6342485509,47.0
