time_stamp,dayofweek,holiday,lt,ht,sunny,m2M,w2A,m1L,d3w3,m1Lar,w2Std,pay_sum
2016-08-01,0,0,27.0,35.0,1,40.0,39.5384615385,18.0,1.45991561181,80.0,15.1180757049,30.0
2016-08-02,1,0,26.0,36.0,0,40.0,39.6153846154,18.0,1.34182590234,80.0,15.0667155399,29.0
2016-08-03,2,0,25.0,30.0,0,38.0,38.5384615385,18.0,0.926406926407,80.0,15.2850625152,39.0
2016-08-04,3,0,25.0,32.0,0,38.0,39.0769230769,18.0,0.830156713257,80.0,15.1680917032,31.0
2016-08-05,4,0,26.0,32.0,0,38.0,39.0769230769,18.0,0.846153846154,80.0,15.1680917032,40.0
2016-08-06,5,1,26.0,34.0,0,39.0,38.9230769231,18.0,0.947459086994,80.0,15.1477926214,52.0
2016-08-07,6,1,26.0,34.0,0,39.0,38.7692307692,18.0,1.0635538262,80.0,15.0033526825,44.0
2016-08-08,0,0,26.0,34.0,1,39.0,39.9230769231,18.0,1.16388532306,80.0,14.7828462881,39.0
2016-08-09,1,0,27.0,34.0,1,39.0,41.5384615385,18.0,1.14068441065,80.0,13.3797515477,96.0
2016-08-10,2,0,27.0,34.0,1,39.0,46.0769230769,18.0,1.41726049089,96.0,19.6212660866,25.0
2016-08-11,3,0,27.0,35.0,1,39.0,46.0,18.0,1.27744510978,96.0,19.7016203941,36.0
2016-08-12,4,0,28.0,35.0,1,39.0,45.3076923077,18.0,1.24603174603,96.0,19.8818998295,48.0
2016-08-13,5,1,28.0,36.0,1,39.0,42.8461538462,18.0,0.858944050433,96.0,17.2396954901,78.0
2016-08-14,6,1,27.0,36.0,1,39.0,45.1538461538,18.0,1.24137931034,96.0,19.6188533886,50.0
2016-08-15,0,0,27.0,36.0,1,40.0,46.6923076923,18.0,1.31687242798,96.0,19.1487481631,47.0
2016-08-16,1,0,27.0,36.0,1,40.0,48.0769230769,18.0,1.26811594203,96.0,18.457691907,28.0
2016-08-17,2,0,27.0,35.0,1,39.0,47.2307692308,18.0,0.914745700695,96.0,19.0955244299,26.0
2016-08-18,3,0,27.0,36.0,1,39.0,46.8461538462,18.0,0.739114526162,96.0,19.4653386378,44.0
2016-08-19,4,0,29.0,37.0,1,39.0,47.1538461538,18.0,0.717948717949,96.0,19.3861415761,57.0
2016-08-20,5,1,27.0,36.0,0,40.0,47.5384615385,18.0,0.954528372792,96.0,19.5275560116,87.0
2016-08-21,6,1,27.0,33.0,0,40.0,50.8461538462,18.0,1.35349172066,96.0,22.118026598,64.0
2016-08-22,0,0,27.0,34.0,1,40.0,52.7692307692,18.0,1.44444444444,96.0,22.0912577424,36.0
2016-08-23,1,0,25.0,34.0,1,40.0,48.1538461538,18.0,1.28921061703,96.0,18.563181731,34.0
2016-08-24,2,0,24.0,34.0,1,39.0,48.8461538462,18.0,0.928620928621,96.0,17.840516351,40.0
2016-08-25,3,0,25.0,34.0,1,39.0,49.1538461538,25.0,0.755235152763,96.0,17.6497816672,46.0
2016-08-26,4,0,23.0,29.0,1,40.0,49.0,25.0,0.818833162743,96.0,17.6678761076,38.0
2016-08-27,5,1,20.0,29.0,1,40.0,45.9230769231,25.0,0.85842852198,96.0,15.7258314613,101.0
2016-08-28,6,1,19.0,30.0,1,40.0,49.8461538462,25.0,1.2091503268,101.0,21.540109827,62.0
2016-08-29,0,0,20.0,31.0,1,40.0,51.0,25.0,1.28475551294,101.0,21.7574036913,28.0
2016-08-30,1,0,21.0,31.0,1,40.0,51.0,25.0,1.30598290598,101.0,21.7574036913,44.0
2016-08-31,2,0,22.0,32.0,1,40.0,52.3846153846,25.0,0.898725687458,101.0,20.6678437026,19.0
2016-09-01,3,0,22.0,33.0,1,40.0,50.4615384615,19.0,0.620948481747,101.0,22.4451995368,30.0
2016-09-02,4,0,22.0,34.0,1,40.0,48.3846153846,19.0,0.646506777894,101.0,22.9867468891,48.0
2016-09-03,5,1,23.0,34.0,1,40.0,45.3846153846,19.0,0.696088984571,101.0,20.1171127365,76.0
2016-09-04,6,1,22.0,33.0,1,40.0,46.3076923077,19.0,1.07504363002,101.0,21.1964605731,70.0
2016-09-05,0,0,24.0,33.0,1,42.0,48.9230769231,19.0,1.3224267212,101.0,21.8507579114,32.0
2016-09-06,1,0,22.0,26.0,0,40.0,48.7692307692,19.0,1.20841819416,101.0,21.9620436423,20.0
2016-09-07,2,0,20.0,26.0,1,40.0,47.2307692308,19.0,0.833333333333,101.0,23.1887036363,31.0
2016-09-08,3,0,21.0,30.0,1,39.0,46.0769230769,19.0,0.574593284874,101.0,23.5909419985,29.0
2016-09-09,4,0,23.0,32.0,1,39.0,45.3846153846,19.0,0.570409982175,101.0,23.9471805359,43.0
2016-09-10,5,1,21.0,30.0,1,40.0,40.9230769231,19.0,0.770669659559,101.0,17.7783859199,125.0
2016-09-11,6,1,20.0,28.0,1,40.0,45.7692307692,19.0,1.37955182073,125.0,28.3227384762,77.0
2016-09-12,0,0,20.0,30.0,1,40.0,49.5384615385,19.0,1.64484726418,125.0,28.9604913489,22.0
2016-09-13,1,0,21.0,30.0,1,40.0,47.8461538462,19.0,1.52225620116,125.0,29.8633970808,46.0
2016-09-14,2,0,22.0,28.0,1,40.0,49.9230769231,19.0,0.979398851739,125.0,28.7012772122,48.0
2016-09-15,3,1,21.0,23.0,0,40.0,51.3076923077,19.0,0.781934614088,125.0,28.1353449088,99.0
2016-09-16,4,1,21.0,23.0,0,42.0,55.2307692308,19.0,1.2253968254,125.0,30.8274449306,97.0
2016-09-17,5,1,21.0,27.0,1,43.0,56.8461538462,19.0,1.55513065647,125.0,32.3843413107,91.0
2016-09-18,6,0,20.0,28.0,1,43.0,58.4615384615,19.0,1.77984496124,125.0,33.5045700318,35.0
2016-09-19,0,0,17.0,26.0,1,43.0,58.6923076923,19.0,1.37399876771,125.0,33.3314003384,27.0
2016-09-20,1,0,18.0,26.0,1,43.0,59.2307692308,19.0,0.957746478873,125.0,32.7535173593,35.0
2016-09-21,2,0,17.0,24.0,1,43.0,59.5384615385,19.0,0.598211532532,125.0,32.5047106281,41.0
2016-09-22,3,0,19.0,27.0,1,41.0,60.4615384615,19.0,0.628815628816,125.0,31.7868269392,38.0
2016-09-23,4,0,19.0,28.0,1,41.0,60.0769230769,19.0,0.702402957486,125.0,32.0251380552,108.0
2016-09-24,5,1,21.0,29.0,1,43.0,58.7692307692,19.0,1.11909036505,125.0,29.6028944691,131.0
2016-09-25,6,1,21.0,28.0,1,44.0,62.9230769231,19.0,1.57163120567,131.0,35.140293634,116.0
2016-09-26,0,0,23.0,30.0,1,44.0,70.1538461538,19.0,1.8797987821,131.0,35.6432022947,39.0
2016-09-27,1,0,23.0,30.0,0,44.0,69.6153846154,19.0,1.49191444966,131.0,36.0545280663,44.0
2016-09-28,2,0,19.0,23.0,0,44.0,69.3076923077,19.0,1.02762716241,131.0,36.2541978798,54.0
2016-09-29,3,0,17.0,19.0,0,44.0,65.8461538462,19.0,0.694022289767,131.0,35.3919724793,52.0
2016-09-30,4,0,18.0,21.0,0,44.0,62.3846153846,20.0,0.754716981132,131.0,34.3612896273,103.0
2016-10-01,5,1,20.0,24.0,0,44.0,63.3076923077,20.0,1.06932719366,131.0,35.266860922,164.0
2016-10-02,6,1,20.0,24.0,0,44.0,73.2307692308,20.0,1.52997601918,164.0,43.16899501,150.0
2016-10-03,0,1,18.0,26.0,1,46.0,82.6923076923,20.0,1.83135704875,164.0,45.4200643826,189.0
2016-10-04,1,1,20.0,25.0,1,46.0,94.5384615385,20.0,2.01886413807,189.0,51.1567957507,153.0
2016-10-05,2,1,20.0,26.0,1,46.0,103.153846154,20.0,1.85730464326,189.0,50.8449319066,162.0
2016-10-06,3,1,19.0,25.0,1,47.0,112.692307692,22.0,1.83706943685,189.0,49.3361852153,150.0
2016-10-07,4,1,17.0,20.0,0,48.0,115.923076923,22.0,1.64718384697,189.0,50.2891050113,106.0
2016-10-08,5,0,14.0,22.0,1,48.0,114.0,22.0,1.46898611843,189.0,50.1536101929,36.0
2016-10-09,6,0,13.0,21.0,1,48.0,107.846153846,22.0,1.02564102564,189.0,54.2697623045,53.0
2016-10-10,0,0,16.0,21.0,1,48.0,108.923076923,22.0,0.675675675676,189.0,53.017357881,37.0
2016-10-11,1,0,16.0,20.0,1,48.0,108.384615385,22.0,0.436137071651,189.0,53.7050899486,33.0
2016-10-12,2,0,16.0,19.0,1,47.0,106.769230769,27.0,0.427528675704,189.0,55.5990506922,36.0
2016-10-13,3,0,17.0,20.0,1,46.0,105.538461538,27.0,0.368823938761,189.0,56.9583051074,39.0
2016-10-14,4,0,16.0,18.0,1,46.0,100.615384615,27.0,0.38982133189,189.0,59.6664297594,75.0
2016-10-15,5,1,18.0,21.0,0,46.0,93.7692307692,27.0,0.558347292016,189.0,57.0494439347,169.0
2016-10-16,6,1,17.0,23.0,1,48.0,95.2307692308,27.0,1.02313810557,189.0,58.6910474711,131.0
2016-10-17,0,0,18.0,22.0,1,48.0,90.7692307692,27.0,1.29132231405,189.0,53.3553455561,41.0
2016-10-18,1,0,18.0,23.0,1,48.0,82.1538461538,27.0,1.17606483877,189.0,51.6256438274,33.0
2016-10-19,2,0,19.0,22.0,1,46.0,72.2307692308,33.0,0.714783821478,189.0,47.5623539661,37.0
2016-10-20,3,0,19.0,21.0,0,46.0,63.5384615385,33.0,0.390089615182,189.0,42.6246865716,43.0
2016-10-21,4,0,19.0,21.0,0,46.0,58.6923076923,33.0,0.410088913083,189.0,41.0747622595,95.0
2016-10-22,5,1,18.0,21.0,0,46.0,63.2307692308,33.0,0.65987933635,189.0,41.5732048433,126.0
2016-10-23,6,1,15.0,18.0,1,48.0,68.8461538462,33.0,1.00917431193,189.0,44.6298385075,108.0
2016-10-24,0,0,16.0,20.0,1,48.0,74.3076923077,33.0,1.31890158348,189.0,44.742656665,38.0
2016-10-25,1,0,14.0,17.0,1,48.0,74.6923076923,33.0,1.1714039621,189.0,44.4061406277,46.0
2016-10-26,2,0,16.0,18.0,0,48.0,75.4615384615,33.0,0.893854748603,189.0,43.8118624341,36.0
2016-10-27,3,0,15.0,17.0,0,46.0,75.2307692308,33.0,0.606980273141,189.0,44.0107571573,47.0
2016-10-28,4,0,11.0,15.0,0,47.0,73.0769230769,33.0,0.683081810961,189.0,44.6498540586,56.0
2016-10-29,5,1,8.0,12.0,0,48.0,64.3846153846,33.0,0.724524367996,189.0,35.1098024041,148.0
2016-10-30,6,1,10.0,17.0,1,48.0,65.6923076923,33.0,1.21785541,189.0,37.78152706,106.0
2016-10-31,0,0,10.0,15.0,0,52.0,70.6923076923,33.0,1.4322014322,189.0,38.4775351349,18.0
