time_stamp,dayofweek,holiday,lt,ht,sunny,m2M,w2A,m1L,d3w3,m1Lar,w2Std,pay_sum
2016-08-01,0,0,25.0,34.0,0,95.0,96.3846153846,23.0,0.969089390142,125.0,11.3513026127,89.0
2016-08-02,1,0,24.0,27.0,0,95.0,96.6153846154,23.0,0.928439751969,125.0,11.1668359374,60.0
2016-08-03,2,0,26.0,30.0,0,95.0,94.6923076923,23.0,0.853195164076,125.0,14.6202421078,76.0
2016-08-04,3,0,26.0,33.0,0,95.0,91.7692307692,23.0,0.788229111929,125.0,14.2621276121,109.0
2016-08-05,4,0,27.0,34.0,0,95.0,91.3846153846,23.0,0.862827962669,125.0,13.7143297407,75.0
2016-08-06,5,1,27.0,35.0,1,95.0,88.7692307692,23.0,0.932400932401,125.0,13.3425510544,85.0
2016-08-07,6,1,27.0,36.0,1,95.0,87.0769230769,23.0,0.975698222706,125.0,12.2754385067,80.0
2016-08-08,0,0,28.0,36.0,0,95.0,86.6923076923,23.0,0.875752599891,119.0,12.4120575086,45.0
2016-08-09,1,0,27.0,35.0,1,95.0,83.3846153846,45.0,0.783874580067,119.0,16.6342485509,258.0
2016-08-10,2,0,28.0,32.0,0,95.0,95.9230769231,45.0,1.30338608133,258.0,49.5432391389,156.0
2016-08-11,3,0,26.0,33.0,0,98.0,101.769230769,45.0,1.52923538231,258.0,51.7540839654,180.0
2016-08-12,4,0,26.0,28.0,0,100.0,107.769230769,45.0,1.91582002903,258.0,55.7965450352,174.0
2016-08-13,5,1,25.0,31.0,0,102.0,114.230769231,45.0,1.5947467167,258.0,58.1776508056,160.0
2016-08-14,6,1,26.0,32.0,0,102.0,119.0,45.0,1.56826849733,258.0,59.1841974751,150.0
2016-08-15,0,0,26.0,31.0,0,103.0,123.692307692,45.0,1.43407407407,258.0,59.0376472006,90.0
2016-08-16,1,0,25.0,32.0,0,103.0,126.0,45.0,1.18413262285,258.0,57.055977911,92.0
2016-08-17,2,0,26.0,31.0,0,102.0,127.230769231,45.0,0.984141099748,258.0,56.1291832036,100.0
2016-08-18,3,0,25.0,29.0,0,102.0,126.538461538,45.0,0.828558836492,258.0,56.4046034464,92.0
2016-08-19,4,0,26.0,31.0,0,102.0,127.846153846,45.0,0.838128965619,258.0,55.3823717494,111.0
2016-08-20,5,1,27.0,34.0,1,102.0,129.846153846,45.0,0.885964912281,258.0,54.2570040198,99.0
2016-08-21,6,1,26.0,35.0,0,100.0,131.307692308,45.0,0.88265380681,258.0,53.1389826708,96.0
2016-08-22,0,0,27.0,35.0,1,100.0,135.230769231,45.0,0.891608391608,258.0,48.2830657464,105.0
2016-08-23,1,0,27.0,35.0,1,100.0,123.461538462,45.0,0.857265323618,258.0,33.2209743399,80.0
2016-08-24,2,0,28.0,36.0,1,100.0,117.615384615,45.0,0.801597489659,258.0,33.6647235169,97.0
2016-08-25,3,0,27.0,35.0,0,99.0,111.230769231,45.0,0.808602150538,258.0,28.7379509096,86.0
2016-08-26,4,0,26.0,35.0,0,99.0,104.461538462,45.0,0.750570776256,258.0,22.9333998439,87.0
2016-08-27,5,1,25.0,32.0,0,99.0,98.8461538462,45.0,0.769888793841,258.0,16.750872096,98.0
2016-08-28,6,1,26.0,33.0,1,98.0,94.8461538462,45.0,0.766836445954,258.0,7.95995896632,107.0
2016-08-29,0,0,25.0,32.0,1,98.0,96.1538461538,45.0,0.805073063138,258.0,8.43842998381,91.0
2016-08-30,1,0,26.0,34.0,1,98.0,96.0769230769,45.0,0.876647415963,258.0,8.48039856158,85.0
2016-08-31,2,0,26.0,33.0,0,97.0,94.9230769231,45.0,0.865443425076,258.0,8.87920248031,90.0
2016-09-01,3,0,25.0,33.0,0,96.0,94.7692307692,45.0,0.848484848485,258.0,8.9455949293,81.0
2016-09-02,4,0,28.0,33.0,0,96.0,92.4615384615,45.0,0.854615256218,258.0,8.30769230769,71.0
2016-09-03,5,1,25.0,29.0,0,96.0,90.3076923077,45.0,0.845562543676,258.0,9.8244954099,95.0
2016-09-04,6,1,26.0,32.0,0,95.0,90.2307692308,45.0,0.888649037597,258.0,9.78345421267,74.0
2016-09-05,0,0,26.0,31.0,0,95.0,87.8461538462,45.0,0.870985302123,258.0,9.67030469527,85.0
2016-09-06,1,0,26.0,32.0,0,95.0,88.2307692308,45.0,0.925318761384,258.0,9.4474566879,71.0
2016-09-07,2,0,26.0,32.0,0,92.0,86.2307692308,71.0,0.851378863594,258.0,10.1082894098,56.0
2016-09-08,3,0,26.0,32.0,0,92.0,83.9230769231,56.0,0.800755429651,180.0,12.928570261,68.0
2016-09-09,4,0,26.0,32.0,0,92.0,82.4615384615,56.0,0.75493612079,180.0,13.5568057539,92.0
2016-09-10,5,1,25.0,30.0,0,92.0,82.0,56.0,0.839650145773,174.0,13.1148770486,100.0
2016-09-11,6,1,26.0,30.0,0,92.0,81.4615384615,56.0,1.00833818111,160.0,12.1883638368,78.0
2016-09-12,0,0,25.0,32.0,1,92.0,80.4615384615,56.0,1.06382978723,150.0,11.8945067128,80.0
2016-09-13,1,0,26.0,34.0,1,91.0,80.0769230769,56.0,1.01654846336,111.0,11.8221535098,76.0
2016-09-14,2,0,26.0,34.0,1,91.0,79.0,56.0,0.933572710952,111.0,11.5025080877,93.0
2016-09-15,3,1,26.0,33.0,1,91.0,79.9230769231,56.0,0.989272943981,111.0,12.0923468388,79.0
2016-09-16,4,1,26.0,34.0,1,90.0,80.5384615385,56.0,0.99001996008,111.0,11.8231544965,83.0
2016-09-17,5,1,26.0,33.0,1,90.0,79.6153846154,56.0,1.02719033233,111.0,11.1046661124,95.0
2016-09-18,6,0,25.0,32.0,1,91.0,81.2307692308,56.0,1.04280787178,107.0,11.6826883507,89.0
2016-09-19,0,0,24.0,31.0,1,90.0,81.5384615385,56.0,1.08470444851,107.0,11.8296588456,70.0
2016-09-20,1,0,23.0,30.0,1,90.0,81.4615384615,56.0,1.0414104141,107.0,11.9009720651,83.0
2016-09-21,2,0,25.0,31.0,1,90.0,83.5384615385,56.0,0.996499897056,107.0,9.36125718559,83.0
2016-09-22,3,0,25.0,32.0,1,89.0,84.6923076923,56.0,0.970594283364,107.0,8.23112867655,79.0
2016-09-23,4,0,25.0,32.0,1,89.0,83.6923076923,56.0,1.00266011868,107.0,8.07069356837,88.0
2016-09-24,5,1,25.0,32.0,1,89.0,82.7692307692,56.0,1.02753801891,107.0,6.72714187972,96.0
2016-09-25,6,1,26.0,33.0,1,89.0,84.1538461538,56.0,1.06650446067,107.0,7.41978803187,94.0
2016-09-26,0,0,27.0,35.0,1,90.0,85.2307692308,56.0,1.12119378907,107.0,7.74749434585,77.0
2016-09-27,1,0,28.0,35.0,1,89.0,85.3076923077,56.0,1.07293550332,100.0,7.65993186739,80.0
2016-09-28,2,0,27.0,35.0,1,89.0,84.3076923077,56.0,0.994256288374,100.0,7.43572059914,85.0
2016-09-29,3,0,22.0,25.0,0,88.0,84.7692307692,56.0,0.949019607843,100.0,7.27645144024,66.0
2016-09-30,4,0,20.0,24.0,0,87.0,83.4615384615,56.0,0.919952210275,100.0,8.83711913217,94.0
2016-10-01,5,1,20.0,25.0,0,88.0,83.3846153846,56.0,0.979216626699,100.0,8.74016776409,122.0
2016-10-02,6,1,23.0,30.0,1,89.0,85.9230769231,56.0,1.09813084112,122.0,13.4990685631,102.0
2016-10-03,0,1,26.0,32.0,1,89.0,88.3846153846,56.0,1.22260668973,122.0,13.287000365,65.0
2016-10-04,1,1,25.0,31.0,1,89.0,87.0,56.0,1.11820468176,122.0,14.6445054017,102.0
2016-10-05,2,1,25.0,32.0,1,90.0,88.4615384615,56.0,1.03541185527,122.0,15.1129866957,90.0
2016-10-06,3,1,26.0,33.0,1,90.0,89.3076923077,56.0,0.982979537196,122.0,14.8654716885,80.0
2016-10-07,4,1,26.0,33.0,1,90.0,88.6923076923,65.0,1.04214559387,122.0,15.071034957,80.0
2016-10-08,5,0,24.0,31.0,1,90.0,87.4615384615,65.0,0.966183574879,122.0,15.0773155365,89.0
2016-10-09,6,0,23.0,28.0,1,89.0,87.0769230769,65.0,0.96231884058,122.0,14.9690015003,96.0
2016-10-10,0,0,24.0,28.0,1,89.0,88.5384615385,65.0,1.00894726823,122.0,14.840772241,68.0
2016-10-11,1,0,24.0,29.0,1,89.0,87.6153846154,65.0,0.97158218126,122.0,15.6919306139,92.0
2016-10-12,2,0,21.0,25.0,0,89.0,88.1538461538,65.0,0.978032473734,122.0,15.7130330708,88.0
2016-10-13,3,0,23.0,28.0,1,88.0,89.8461538462,65.0,0.942607373622,122.0,14.3625911196,74.0
2016-10-14,4,0,23.0,30.0,1,88.0,88.3076923077,65.0,0.973180076628,122.0,14.8964870169,94.0
2016-10-15,5,1,22.0,30.0,1,88.0,86.1538461538,65.0,0.981971614883,122.0,11.5081653543,97.0
2016-10-16,6,1,24.0,32.0,1,88.0,85.7692307692,65.0,1.01474248516,122.0,11.0464323942,101.0
2016-10-17,0,0,24.0,32.0,1,88.0,88.5384615385,65.0,1.1029272899,122.0,9.95076637648,83.0
2016-10-18,1,0,22.0,24.0,0,87.0,87.0769230769,65.0,1.05957767722,122.0,9.23589601219,77.0
2016-10-19,2,0,23.0,26.0,0,86.0,86.0769230769,65.0,0.988636363636,122.0,9.5632432418,77.0
2016-10-20,3,0,24.0,30.0,1,85.0,85.8461538462,65.0,0.892151326934,122.0,9.74163273194,81.0
2016-10-21,4,0,23.0,28.0,0,85.0,85.9230769231,65.0,0.891164201744,122.0,9.69902087415,110.0
2016-10-22,5,1,24.0,30.0,1,85.0,87.5384615385,65.0,1.02329133257,122.0,11.6329464792,128.0
2016-10-23,6,1,25.0,31.0,1,85.0,90.0,65.0,1.20015048909,128.0,15.80165522,130.0
2016-10-24,0,0,25.0,29.0,0,85.0,94.7692307692,65.0,1.33551079659,130.0,17.6859520357,65.0
2016-10-25,1,0,25.0,30.0,0,85.0,92.6923076923,65.0,1.1962962963,130.0,19.3922451407,82.0
2016-10-26,2,0,25.0,32.0,1,85.0,92.2307692308,65.0,1.03050595238,130.0,19.5690251562,82.0
2016-10-27,3,0,24.0,32.0,1,83.0,92.8461538462,65.0,0.850984764028,130.0,19.106366856,84.0
2016-10-28,4,0,23.0,32.0,1,83.0,92.0769230769,65.0,0.919540229885,130.0,19.2452253358,97.0
2016-10-29,5,1,20.0,27.0,1,83.0,92.0769230769,65.0,0.970837947582,130.0,19.2452253358,104.0
2016-10-30,6,1,19.0,27.0,1,83.0,92.3076923077,65.0,1.04740904079,130.0,19.3684303617,87.0
2016-10-31,0,0,19.0,26.0,1,84.0,92.6153846154,65.0,1.04746317512,130.0,19.2495293111,83.0
