time_stamp,dayofweek,holiday,lt,ht,sunny,m2M,w2A,m1L,d3w3,m1Lar,w2Std,pay_sum
2016-08-01,0,0,28.0,34.0,1,450.0,450.0,365.0,0.895878956799,1027.0,0.0,450.0
2016-08-02,1,0,28.0,34.0,0,450.0,450.0,365.0,0.89543329022,1027.0,0.0,450.0
2016-08-03,2,0,26.0,32.0,0,450.0,450.0,365.0,0.887924230466,1027.0,0.0,450.0
2016-08-04,3,0,27.0,32.0,0,450.0,450.0,365.0,0.889591776218,1027.0,0.0,450.0
2016-08-05,4,0,27.0,33.0,0,450.0,450.0,365.0,0.894543285956,1027.0,0.0,450.0
2016-08-06,5,1,27.0,33.0,1,450.0,450.0,365.0,0.943198490882,1027.0,0.0,450.0
2016-08-07,6,1,27.0,34.0,1,450.0,450.0,365.0,1.0,1027.0,0.0,450.0
2016-08-08,0,0,27.0,34.0,0,450.0,450.0,365.0,1.0,992.0,0.0,450.0
2016-08-09,1,0,28.0,34.0,1,450.0,450.0,365.0,1.0,992.0,0.0,450.0
2016-08-10,2,0,28.0,34.0,1,450.0,450.0,365.0,1.0,992.0,0.0,450.0
2016-08-11,3,0,28.0,35.0,1,450.0,450.0,365.0,1.0,992.0,0.0,450.0
2016-08-12,4,0,28.0,34.0,1,450.0,450.0,450.0,1.0,992.0,0.0,450.0
2016-08-13,5,1,28.0,35.0,1,450.0,450.0,450.0,1.0,992.0,0.0,450.0
2016-08-14,6,1,28.0,36.0,1,450.0,450.0,450.0,1.0,992.0,0.0,450.0
2016-08-15,0,0,28.0,35.0,1,450.0,450.0,450.0,1.0,992.0,0.0,450.0
2016-08-16,1,0,28.0,35.0,1,450.0,450.0,450.0,1.0,450.0,0.0,450.0
2016-08-17,2,0,28.0,35.0,1,450.0,450.0,450.0,1.0,450.0,0.0,450.0
2016-08-18,3,0,28.0,36.0,1,450.0,450.0,450.0,1.0,450.0,0.0,396.0
2016-08-19,4,0,29.0,36.0,1,450.0,445.846153846,396.0,0.965794768612,450.0,14.3893451706,513.0
2016-08-20,5,1,28.0,37.0,0,450.0,450.692307692,396.0,1.00566100566,513.0,23.0029583896,935.0
2016-08-21,6,1,28.0,35.0,0,450.0,488.0,396.0,1.29485288954,935.0,131.071912147,1006.0
2016-08-22,0,0,28.0,35.0,1,450.0,530.769230769,396.0,1.62786069652,1006.0,189.419824259,433.0
2016-08-23,1,0,26.0,34.0,1,450.0,529.461538462,396.0,1.57746104522,1006.0,190.03061105,445.0
2016-08-24,2,0,26.0,34.0,1,450.0,529.076923077,396.0,1.25249301955,1006.0,190.196037142,423.0
2016-08-25,3,0,27.0,35.0,1,450.0,527.0,396.0,0.867246608672,1006.0,191.193015643,427.0
2016-08-26,4,0,26.0,34.0,0,450.0,525.230769231,396.0,0.865236854413,1006.0,192.002064831,518.0
2016-08-27,5,1,23.0,31.0,1,450.0,530.461538462,396.0,0.907824009556,1006.0,190.803812002,969.0
2016-08-28,6,1,22.0,30.0,1,450.0,570.384615385,396.0,1.20776147657,1006.0,221.602741743,1054.0
2016-08-29,0,0,23.0,31.0,1,450.0,616.846153846,396.0,1.5166980034,1054.0,252.636816293,396.0
2016-08-30,1,0,23.0,31.0,1,450.0,612.692307692,396.0,1.45089218773,1054.0,255.770445341,420.0
2016-08-31,2,0,25.0,34.0,1,450.0,610.384615385,396.0,1.12464291084,1054.0,257.358336973,435.0
2016-09-01,3,0,26.0,33.0,1,450.0,613.384615385,396.0,0.753387533875,1054.0,255.058828346,408.0
2016-09-02,4,0,25.0,34.0,1,450.0,605.307692308,396.0,0.763511062749,1054.0,259.72955894,514.0
2016-09-03,5,1,25.0,35.0,1,450.0,572.923076923,396.0,0.815602836879,1054.0,242.261607339,948.0
2016-09-04,6,1,25.0,33.0,1,450.0,568.461538462,396.0,1.07563991947,1054.0,234.659693168,1005.0
2016-09-05,0,0,25.0,30.0,0,450.0,612.461538462,396.0,1.35419239742,1054.0,257.63648075,426.0
2016-09-06,1,0,22.0,27.0,0,450.0,611.0,396.0,1.30847289828,1054.0,258.634282932,417.0
2016-09-07,2,0,20.0,24.0,0,450.0,610.538461538,396.0,1.01919258769,1054.0,258.974490988,421.0
2016-09-08,3,0,22.0,29.0,1,450.0,610.076923077,396.0,0.695671317317,1054.0,259.30631175,443.0
2016-09-09,4,0,23.0,31.0,1,450.0,604.307692308,396.0,0.709125633148,1054.0,262.109896099,471.0
2016-09-10,5,1,24.0,29.0,1,450.0,566.0,396.0,0.768632869851,1054.0,241.599477839,861.0
2016-09-11,6,1,23.0,26.0,0,450.0,551.153846154,396.0,1.03492507725,1054.0,215.6973828,893.0
2016-09-12,0,0,23.0,29.0,1,450.0,589.384615385,396.0,1.24712740317,1054.0,228.475731235,389.0
2016-09-13,1,0,23.0,30.0,1,450.0,587.0,389.0,1.2068480036,1054.0,230.384962116,380.0
2016-09-14,2,0,22.0,24.0,0,450.0,582.769230769,380.0,0.939381093684,1054.0,233.619728437,514.0
2016-09-15,3,1,23.0,26.0,0,450.0,590.923076923,380.0,0.719856365371,1054.0,229.185333649,879.0
2016-09-16,4,1,23.0,27.0,0,450.0,619.0,380.0,0.965449644695,1054.0,240.137780964,746.0
2016-09-17,5,1,23.0,27.0,0,450.0,603.461538462,380.0,1.18635607321,1054.0,224.363926685,911.0
2016-09-18,6,0,23.0,28.0,0,450.0,596.230769231,380.0,1.42347955432,1054.0,212.508155082,419.0
2016-09-19,0,0,21.0,27.0,0,450.0,595.692307692,380.0,1.16302521008,1054.0,212.947225176,386.0
2016-09-20,1,0,20.0,26.0,1,450.0,593.307692308,380.0,0.964099106691,1054.0,215.097610978,365.0
2016-09-21,2,0,20.0,27.0,1,450.0,589.0,365.0,0.661241098678,1054.0,219.030029553,327.0
2016-09-22,3,0,21.0,27.0,1,450.0,580.076923077,327.0,0.613458528951,1054.0,227.01354129,343.0
2016-09-23,4,0,21.0,27.0,1,450.0,570.230769231,327.0,0.597713097713,1054.0,234.193264649,441.0
2016-09-24,5,1,22.0,28.0,1,450.0,537.923076923,327.0,0.671076077437,1054.0,220.417248222,933.0
2016-09-25,6,1,23.0,29.0,1,450.0,541.0,327.0,1.04392764858,1054.0,225.571411173,1022.0
2016-09-26,0,0,24.0,31.0,1,450.0,589.692307692,327.0,1.38165671943,1054.0,254.030096526,344.0
2016-09-27,1,0,25.0,30.0,0,450.0,586.923076923,327.0,1.3341457753,1022.0,256.485255698,340.0
2016-09-28,2,0,22.0,28.0,0,450.0,573.538461538,327.0,0.997048595891,1022.0,264.360655569,348.0
2016-09-29,3,0,22.0,25.0,0,450.0,532.692307692,327.0,0.608203677511,1022.0,254.859956904,330.0
2016-09-30,4,0,23.0,28.0,0,450.0,500.692307692,327.0,0.60752543789,1022.0,252.17038947,649.0
2016-10-01,5,1,24.0,29.0,0,450.0,480.538461538,327.0,0.807251269885,1022.0,227.871628971,1038.0
2016-10-02,6,1,24.0,32.0,1,450.0,528.153846154,327.0,1.21097502402,1038.0,270.687684399,802.0
2016-10-03,0,1,22.0,26.0,1,450.0,560.153846154,327.0,1.44076871871,1038.0,276.517587743,665.0
2016-10-04,1,1,22.0,26.0,1,450.0,583.230769231,327.0,1.41501440434,1038.0,271.745116394,596.0
2016-10-05,2,1,22.0,27.0,1,450.0,603.923076923,327.0,1.15729832828,1038.0,261.494656965,597.0
2016-10-06,3,1,22.0,26.0,0,450.0,623.461538462,327.0,1.06763201747,1038.0,250.528246645,668.0
2016-10-07,4,1,20.0,25.0,0,450.0,640.923076923,327.0,1.07659377531,1038.0,245.05335731,793.0
2016-10-08,5,0,17.0,22.0,0,450.0,630.153846154,327.0,1.20287567947,1038.0,234.844579097,420.0
2016-10-09,6,0,18.0,22.0,1,450.0,583.846153846,327.0,1.09932497589,1038.0,211.172494623,520.0
2016-10-10,0,0,18.0,22.0,1,450.0,597.384615385,327.0,1.00106865379,1038.0,200.746123044,316.0
2016-10-11,1,0,19.0,25.0,1,450.0,595.538461538,316.0,0.728622810071,1038.0,203.200020966,330.0
2016-10-12,2,0,19.0,23.0,1,450.0,594.153846154,316.0,0.676236044657,1038.0,204.935954781,383.0
2016-10-13,3,0,19.0,23.0,1,450.0,598.230769231,316.0,0.594711746857,1038.0,200.110797712,376.0
2016-10-14,4,0,19.0,23.0,0,445.0,577.230769231,316.0,0.632955536181,1038.0,207.855776125,479.0
2016-10-15,5,1,21.0,25.0,1,445.0,534.230769231,316.0,0.749213265553,1038.0,160.51750628,918.0
2016-10-16,6,1,20.0,26.0,1,445.0,543.153846154,316.0,1.0832111437,1038.0,177.482326814,895.0
2016-10-17,0,0,20.0,25.0,1,471.0,560.846153846,316.0,1.33298438454,1038.0,198.916235232,346.0
2016-10-18,1,0,20.0,25.0,1,445.0,541.615384615,316.0,1.25497718488,1038.0,206.527159123,361.0
2016-10-19,2,0,20.0,24.0,0,443.0,523.461538462,316.0,0.930151541543,1038.0,211.180788529,379.0
2016-10-20,3,0,20.0,23.0,0,441.0,501.230769231,316.0,0.627872691007,1038.0,210.00335303,328.0
2016-10-21,4,0,0.0,21.0,0,441.0,465.461538462,316.0,0.635147190009,1038.0,196.422862285,359.0
2016-10-22,5,1,19.0,23.0,0,435.0,460.769230769,316.0,0.674833032634,1038.0,198.173643302,887.0
2016-10-23,6,1,18.0,23.0,1,441.0,489.0,316.0,0.988445114293,1038.0,228.431103904,1092.0
2016-10-24,0,0,20.0,24.0,1,443.0,548.692307692,316.0,1.411452202,1092.0,272.553279087,378.0
2016-10-25,1,0,18.0,22.0,1,441.0,552.384615385,316.0,1.45157813703,1092.0,269.87761855,381.0
2016-10-26,2,0,19.0,21.0,0,435.0,552.230769231,316.0,1.16316335187,1092.0,269.974686519,281.0
2016-10-27,3,0,18.0,22.0,0,426.0,544.923076923,281.0,0.678275614687,1092.0,275.86743236,397.0
2016-10-28,4,0,15.0,20.0,0,426.0,538.615384615,281.0,0.718501933645,1092.0,278.229992981,490.0
2016-10-29,5,1,13.0,17.0,1,435.0,505.692307692,281.0,0.786849905686,1092.0,255.808637797,917.0
2016-10-30,6,1,14.0,18.0,1,441.0,507.384615385,281.0,1.16843162019,1092.0,258.437773633,936.0
2016-10-31,0,0,13.0,17.0,0,443.0,552.769230769,281.0,1.43132044351,1092.0,277.233629286,372.0
