time_stamp,dayofweek,holiday,lt,ht,sunny,m2M,w2A,m1L,d3w3,m1Lar,w2Std,pay_sum
2016-08-01,0,0,25.0,35.0,0,108.0,116.538461538,79.0,1.0872803098,146.0,12.6102240852,222.0
2016-08-02,1,0,25.0,29.0,0,108.0,125.307692308,79.0,1.33728311468,222.0,30.5296441446,325.0
2016-08-03,2,0,25.0,31.0,0,108.0,142.384615385,79.0,1.73632610939,325.0,60.5773992655,284.0
2016-08-04,3,0,26.0,32.0,1,108.0,155.307692308,79.0,1.99711607787,325.0,70.6523281944,447.0
2016-08-05,4,0,26.0,34.0,1,109.0,181.0,79.0,2.26512226512,447.0,103.628775333,538.0
2016-08-06,5,1,27.0,35.0,1,109.0,211.153846154,79.0,2.40340909091,538.0,139.782713883,182.0
2016-08-07,6,1,27.0,36.0,1,109.0,217.384615385,79.0,2.16592427617,538.0,136.50051477,150.0
2016-08-08,0,0,27.0,35.0,0,109.0,220.461538462,79.0,1.5834015834,538.0,134.481119856,368.0
2016-08-09,1,0,25.0,34.0,0,109.0,238.384615385,79.0,1.18956580848,538.0,137.391937095,384.0
2016-08-10,2,0,26.0,31.0,0,109.0,259.538461538,79.0,1.4303837615,538.0,137.012416835,296.0
2016-08-11,3,0,26.0,32.0,0,110.0,273.923076923,79.0,1.59367396594,538.0,130.094321722,219.0
2016-08-12,4,0,26.0,30.0,0,110.0,282.076923077,79.0,1.33481811433,538.0,122.874208058,192.0
2016-08-13,5,1,25.0,32.0,0,113.0,287.153846154,79.0,1.03909465021,538.0,117.569518652,209.0
2016-08-14,6,1,26.0,32.0,0,113.0,293.538461538,79.0,0.890037324146,538.0,110.697519522,175.0
2016-08-15,0,0,25.0,31.0,0,113.0,289.923076923,79.0,0.81545975791,538.0,113.701675475,297.0
2016-08-16,1,0,25.0,31.0,0,116.0,287.769230769,79.0,0.932046807637,538.0,113.281238752,351.0
2016-08-17,2,0,25.0,31.0,0,116.0,292.923076923,101.0,1.0730816872,538.0,114.509967009,301.0
2016-08-18,3,0,25.0,30.0,0,118.0,281.692307692,101.0,1.19258561106,538.0,105.665935574,316.0
2016-08-19,4,0,26.0,32.0,0,119.0,264.615384615,101.0,1.17162914549,538.0,76.8820659907,431.0
2016-08-20,5,1,26.0,34.0,1,119.0,283.769230769,101.0,1.20190377889,538.0,84.5487149938,169.0
2016-08-21,6,1,27.0,35.0,0,119.0,285.230769231,101.0,1.04280510018,538.0,82.359581056,161.0
2016-08-22,0,0,27.0,35.0,1,126.0,269.307692308,101.0,0.875467356917,538.0,84.7924022498,310.0
2016-08-23,1,0,27.0,35.0,1,126.0,263.615384615,109.0,0.738177623991,538.0,79.2013388208,329.0
2016-08-24,2,0,28.0,36.0,1,126.0,266.153846154,109.0,0.915593705293,538.0,80.7130207338,300.0
2016-08-25,3,0,27.0,36.0,1,126.0,272.384615385,109.0,1.10250088059,538.0,79.955312963,278.0
2016-08-26,4,0,25.0,35.0,0,126.0,279.0,109.0,1.1160329765,538.0,76.5144531344,258.0
2016-08-27,5,1,24.0,32.0,0,127.0,282.769230769,113.0,1.01443999515,538.0,74.1434719842,226.0
2016-08-28,6,1,26.0,33.0,1,135.0,286.692307692,126.0,0.912028725314,538.0,69.543992292,227.0
2016-08-29,0,0,26.0,33.0,1,146.0,281.307692308,126.0,0.873088966661,538.0,71.2270309702,249.0
2016-08-30,1,0,25.0,32.0,1,146.0,273.461538462,150.0,0.884019644881,538.0,68.6906279405,253.0
2016-08-31,2,0,25.0,33.0,0,150.0,269.769230769,150.0,0.925537992763,538.0,68.4005778722,166.0
2016-09-01,3,0,25.0,32.0,0,161.0,258.230769231,150.0,0.856739771707,538.0,72.1762307413,188.0
2016-09-02,4,0,25.0,31.0,0,166.0,239.538461538,150.0,0.779104094468,538.0,54.2524233909,251.0
2016-09-03,5,1,25.0,31.0,0,169.0,245.846153846,150.0,0.770308123249,538.0,50.3080451646,199.0
2016-09-04,6,1,26.0,31.0,0,175.0,248.769230769,150.0,0.808618504436,431.0,46.2321131252,215.0
2016-09-05,0,0,26.0,32.0,0,182.0,241.461538462,150.0,0.856186429767,431.0,43.3972976553,181.0
2016-09-06,1,0,26.0,33.0,0,182.0,230.076923077,161.0,0.792066027689,431.0,38.0191480875,218.0
2016-09-07,2,0,25.0,31.0,0,188.0,223.769230769,161.0,0.831133671743,431.0,32.2613220344,167.0
2016-09-08,3,0,26.0,32.0,0,188.0,215.230769231,161.0,0.790061418202,431.0,31.4573064673,171.0
2016-09-09,4,0,26.0,32.0,0,188.0,208.538461538,161.0,0.820785355772,431.0,30.8958931416,203.0
2016-09-10,5,1,25.0,30.0,0,192.0,206.769230769,161.0,0.792673992674,431.0,30.5013337568,219.0
2016-09-11,6,1,25.0,30.0,0,199.0,206.153846154,161.0,0.857928240741,431.0,30.1658139516,214.0
2016-09-12,0,0,24.0,33.0,1,203.0,203.461538462,161.0,0.939716312057,431.0,27.6811943512,140.0
2016-09-13,1,0,26.0,35.0,1,203.0,194.769230769,140.0,0.88364561647,431.0,28.4906296233,165.0
2016-09-14,2,0,26.0,35.0,1,203.0,194.692307692,140.0,0.826170009551,431.0,28.5694420273,205.0
2016-09-15,3,1,25.0,34.0,1,205.0,196.0,140.0,0.826245443499,431.0,28.6222076233,199.0
2016-09-16,4,1,25.0,34.0,1,205.0,192.0,140.0,0.935239973702,431.0,23.9004344988,191.0
2016-09-17,5,1,25.0,34.0,1,205.0,191.384615385,140.0,0.986487606731,431.0,23.8151162776,176.0
2016-09-18,6,0,25.0,33.0,1,205.0,188.384615385,140.0,0.950461796809,329.0,23.0969144178,125.0
2016-09-19,0,0,23.0,32.0,1,205.0,184.076923077,125.0,0.852834113365,329.0,28.6315091046,129.0
2016-09-20,1,0,24.0,31.0,1,205.0,177.230769231,125.0,0.770195235536,329.0,30.2938273635,141.0
2016-09-21,2,0,24.0,31.0,1,205.0,175.230769231,125.0,0.712289243531,329.0,31.7275755969,162.0
2016-09-22,3,0,24.0,32.0,1,205.0,174.538461538,125.0,0.784527376737,300.0,31.9100065921,147.0
2016-09-23,4,0,25.0,32.0,1,205.0,170.230769231,125.0,0.841042893188,278.0,31.5549675381,217.0
2016-09-24,5,1,25.0,32.0,1,209.0,170.076923077,125.0,0.978149697815,258.0,31.3208250664,236.0
2016-09-25,6,1,26.0,33.0,1,214.0,171.769230769,125.0,1.10926234054,253.0,34.1177910867,203.0
2016-09-26,0,0,26.0,34.0,1,214.0,176.615384615,125.0,1.20543917677,253.0,33.73320314,167.0
2016-09-27,1,0,27.0,35.0,1,214.0,176.769230769,125.0,1.1294380766,253.0,33.6844037093,144.0
2016-09-28,2,0,28.0,34.0,1,214.0,172.076923077,125.0,0.964171825174,253.0,33.6736864594,123.0
2016-09-29,3,0,21.0,28.0,0,214.0,166.230769231,123.0,0.82525194904,251.0,35.0607250049,137.0
2016-09-30,4,0,20.0,26.0,0,209.0,162.076923077,123.0,0.782945736434,251.0,35.07894731,174.0
2016-10-01,5,1,20.0,28.0,0,205.0,161.923076923,123.0,0.852233676976,251.0,35.0218866479,179.0
2016-10-02,6,1,23.0,31.0,1,203.0,166.076923077,123.0,0.972222222222,236.0,33.5684410822,162.0
2016-10-03,0,1,24.0,33.0,1,203.0,168.615384615,123.0,1.01517839543,236.0,31.8736410547,147.0
2016-10-04,1,1,24.0,32.0,1,199.0,169.076923077,123.0,0.967102655569,236.0,31.5118086253,162.0
2016-10-05,2,1,23.0,33.0,1,199.0,169.076923077,123.0,0.945498343872,236.0,31.5118086253,142.0
2016-10-06,3,1,25.0,32.0,1,199.0,168.692307692,123.0,0.921160130719,236.0,31.8080411105,146.0
2016-10-07,4,1,25.0,31.0,1,199.0,163.230769231,123.0,0.931966449208,236.0,29.0176440918,158.0
2016-10-08,5,0,24.0,31.0,0,192.0,157.230769231,123.0,0.928876392794,236.0,20.0198126717,160.0
2016-10-09,6,0,22.0,30.0,1,191.0,153.923076923,123.0,0.955912649361,236.0,15.1427135992,129.0
2016-10-10,0,0,22.0,30.0,1,188.0,151.0,123.0,0.920889987639,236.0,15.9807576599,131.0
2016-10-11,1,0,21.0,28.0,0,181.0,150.0,123.0,0.867947923125,236.0,16.7745228065,127.0
2016-10-12,2,0,20.0,25.0,0,179.0,150.307692308,123.0,0.808523973676,236.0,16.3066037373,106.0
2016-10-13,3,0,22.0,28.0,1,179.0,147.923076923,106.0,0.77037037037,236.0,19.9401471272,150.0
2016-10-14,4,0,20.0,30.0,1,176.0,146.076923077,106.0,0.828197642988,236.0,18.4993203138,169.0
2016-10-15,5,1,21.0,31.0,1,174.0,145.307692308,106.0,0.939434129089,236.0,17.2822034536,197.0
2016-10-16,6,1,24.0,32.0,1,174.0,148.0,106.0,1.14285714286,236.0,21.8068443737,183.0
2016-10-17,0,0,23.0,32.0,1,174.0,150.769230769,106.0,1.20951751487,236.0,23.7070383776,132.0
2016-10-18,1,0,23.0,26.0,0,171.0,148.461538462,106.0,1.13249281132,236.0,23.9602728398,119.0
2016-10-19,2,0,23.0,27.0,0,171.0,146.692307692,106.0,0.961240310078,236.0,25.189694521,127.0
2016-10-20,3,0,24.0,31.0,1,171.0,145.230769231,106.0,0.84,236.0,25.7328100835,162.0
2016-10-21,4,0,24.0,27.0,0,169.0,145.538461538,106.0,0.91030789826,236.0,25.9069797088,169.0
2016-10-22,5,1,24.0,30.0,1,169.0,146.230769231,106.0,1.02529661966,236.0,26.3997489678,210.0
2016-10-23,6,1,24.0,31.0,1,169.0,152.461538462,106.0,1.19189248733,236.0,30.7911460416,144.0
2016-10-24,0,0,24.0,30.0,1,167.0,153.461538462,106.0,1.15337964494,210.0,30.2848410535,113.0
2016-10-25,1,0,24.0,31.0,1,167.0,152.384615385,106.0,1.04685048195,210.0,31.4337850129,120.0
2016-10-26,2,0,25.0,32.0,1,166.0,153.461538462,106.0,0.851400180668,210.0,30.034890953,160.0
2016-10-27,3,0,24.0,33.0,1,165.0,154.230769231,106.0,0.883344571814,210.0,30.0644278589,138.0
2016-10-28,4,0,22.0,33.0,1,162.0,151.846153846,106.0,0.945915365467,210.0,30.0277977723,190.0
2016-10-29,5,1,20.0,29.0,1,162.0,151.307692308,106.0,1.09318996416,210.0,29.2663750755,106.0
2016-10-30,6,1,19.0,28.0,1,162.0,145.384615385,106.0,0.979794559205,210.0,30.0346939428,146.0
2016-10-31,0,0,19.0,27.0,1,162.0,146.461538462,106.0,0.992812219227,210.0,29.7854259267,130.0
