time_stamp,dayofweek,holiday,lt,ht,sunny,m2M,w2A,m1L,d3w3,m1Lar,w2Std,pay_sum
2016-08-01,0,0,24.0,30.0,1,253.0,319.846153846,210.0,1.284233497,478.0,87.5994785319,311.0
2016-08-02,1,0,24.0,33.0,1,257.0,327.615384615,210.0,1.31654017977,478.0,81.7995095542,313.0
2016-08-03,2,0,25.0,34.0,1,257.0,334.076923077,210.0,1.17490271336,478.0,76.9269999,320.0
2016-08-04,3,0,25.0,33.0,1,263.0,336.384615385,210.0,0.989206748402,478.0,76.0147136178,307.0
2016-08-05,4,0,25.0,32.0,1,265.0,338.0,210.0,0.980699008868,478.0,75.1449880615,367.0
2016-08-06,5,1,24.0,33.0,1,265.0,332.615384615,210.0,1.03898818856,478.0,70.203592349,432.0
2016-08-07,6,1,23.0,31.0,1,265.0,332.538461538,210.0,1.1422669765,478.0,70.0940196995,454.0
2016-08-08,0,0,24.0,32.0,1,265.0,344.461538462,210.0,1.2538777144,478.0,76.2845033004,350.0
2016-08-09,1,0,25.0,33.0,1,273.0,350.230769231,210.0,1.21140840929,478.0,73.6020002301,315.0
2016-08-10,2,0,26.0,33.0,1,274.0,355.538461538,210.0,1.08304297329,478.0,68.1825777257,316.0
2016-08-11,3,0,27.0,34.0,1,275.0,358.615384615,210.0,0.945906855655,478.0,65.3682332418,310.0
2016-08-12,4,0,25.0,29.0,0,276.0,362.076923077,210.0,0.904199096762,478.0,61.3896277113,320.0
2016-08-13,5,1,24.0,31.0,0,279.0,353.307692308,210.0,0.924595611592,478.0,58.5667070237,458.0
2016-08-14,6,1,24.0,33.0,1,286.0,351.769230769,210.0,1.05949946441,478.0,55.4508151375,539.0
2016-08-15,0,0,21.0,29.0,0,290.0,369.307692308,210.0,1.23906294101,539.0,73.0472814377,322.0
2016-08-16,1,0,23.0,31.0,1,296.0,370.0,210.0,1.23276788635,539.0,72.5513081046,290.0
2016-08-17,2,0,23.0,28.0,0,290.0,367.692307692,210.0,1.06915610051,539.0,74.5544556945,286.0
2016-08-18,3,0,22.0,24.0,0,290.0,366.076923077,229.0,0.832985483048,539.0,76.0642052059,302.0
2016-08-19,4,0,22.0,32.0,1,290.0,361.076923077,246.0,0.810262089332,539.0,77.9521169974,498.0
2016-08-20,5,1,23.0,31.0,1,299.0,366.153846154,246.0,0.993413830955,539.0,84.2969532745,689.0
2016-08-21,6,1,23.0,34.0,1,302.0,384.230769231,246.0,1.32373205316,689.0,119.177407414,605.0
2016-08-22,0,0,23.0,32.0,1,307.0,403.846153846,246.0,1.53299970059,689.0,132.202552142,368.0
2016-08-23,1,0,24.0,30.0,0,310.0,407.923076923,246.0,1.41182466871,689.0,130.201891478,306.0
2016-08-24,2,0,24.0,31.0,0,307.0,407.153846154,246.0,1.08841800698,689.0,130.770995463,304.0
2016-08-25,3,0,18.0,30.0,1,306.0,406.692307692,246.0,0.832588430596,689.0,131.12318613,349.0
2016-08-26,4,0,17.0,29.0,1,307.0,408.923076923,265.0,0.818294295832,689.0,129.870030616,358.0
2016-08-27,5,1,20.0,32.0,1,310.0,401.230769231,265.0,0.870913554723,689.0,129.696778826,492.0
2016-08-28,6,1,18.0,31.0,1,311.0,397.615384615,286.0,1.02781706742,689.0,126.419654303,502.0
2016-08-29,0,0,19.0,31.0,1,313.0,411.461538462,286.0,1.13675537058,689.0,127.234257231,370.0
2016-08-30,1,0,19.0,31.0,1,315.0,417.615384615,286.0,1.13894455578,689.0,123.077548075,341.0
2016-08-31,2,0,19.0,33.0,1,315.0,421.846153846,286.0,1.00969742373,689.0,119.370042727,360.0
2016-09-01,3,0,19.0,27.0,1,315.0,426.307692308,286.0,0.885966000745,689.0,115.839002742,311.0
2016-09-02,4,0,19.0,28.0,1,315.0,411.923076923,286.0,0.838095238095,689.0,117.639907893,309.0
2016-09-03,5,1,20.0,30.0,1,315.0,382.692307692,286.0,0.82689954858,689.0,88.8485181171,471.0
2016-09-04,6,1,18.0,29.0,0,316.0,372.384615385,286.0,0.92855015107,689.0,67.7206234484,503.0
2016-09-05,0,0,20.0,31.0,1,320.0,382.769230769,286.0,1.0672988936,689.0,76.0861392878,320.0
2016-09-06,1,0,21.0,30.0,1,320.0,383.846153846,286.0,1.07243494116,689.0,75.0844100933,318.0
2016-09-07,2,0,19.0,31.0,1,320.0,384.923076923,286.0,0.941885421826,689.0,74.0243842761,260.0
2016-09-08,3,0,18.0,31.0,1,318.0,378.076923077,260.0,0.745166376234,689.0,80.8326490953,322.0
2016-09-09,4,0,19.0,31.0,1,320.0,375.307692308,260.0,0.763553066938,689.0,82.0800590562,353.0
2016-09-10,5,1,18.0,30.0,1,320.0,364.615384615,260.0,0.828680315519,689.0,74.9241036101,493.0
2016-09-11,6,1,18.0,25.0,0,320.0,363.923076923,260.0,1.05083220873,689.0,73.6827519098,522.0
2016-09-12,0,0,18.0,27.0,1,322.0,375.615384615,260.0,1.20571126388,689.0,84.9221711211,311.0
2016-09-13,1,0,19.0,27.0,1,322.0,373.307692308,260.0,1.16792178623,689.0,86.2290194017,290.0
2016-09-14,2,0,20.0,30.0,1,320.0,367.923076923,260.0,0.990955217295,689.0,89.0319402829,385.0
2016-09-15,3,1,21.0,30.0,1,320.0,373.615384615,260.0,0.865937733281,689.0,87.5640762849,475.0
2016-09-16,4,1,20.0,30.0,0,322.0,386.384615385,260.0,0.994637605951,689.0,89.2968588142,378.0
2016-09-17,5,1,17.0,24.0,1,322.0,379.230769231,260.0,1.08682293038,689.0,85.8918406138,403.0
2016-09-18,6,0,15.0,22.0,0,341.0,371.538461538,260.0,1.11718923727,689.0,78.6341239144,313.0
2016-09-19,0,0,13.0,25.0,1,341.0,371.0,260.0,0.980550327149,605.0,79.0082761001,287.0
2016-09-20,1,0,14.0,26.0,1,341.0,368.615384615,260.0,0.905561574576,522.0,81.0142802811,292.0
2016-09-21,2,0,16.0,23.0,0,322.0,371.076923077,260.0,0.812830326226,522.0,78.1108300759,269.0
2016-09-22,3,0,17.0,26.0,0,322.0,367.0,260.0,0.777197323802,522.0,81.8591661143,271.0
2016-09-23,4,0,19.0,27.0,1,322.0,360.692307692,260.0,0.766537681961,522.0,85.7611931384,295.0
2016-09-24,5,1,20.0,29.0,1,322.0,345.461538462,260.0,0.788479697828,522.0,78.1562688904,416.0
2016-09-25,6,1,19.0,27.0,1,322.0,337.307692308,260.0,0.938859410106,522.0,63.460932398,431.0
2016-09-26,0,0,19.0,24.0,0,341.0,346.538461538,260.0,1.07472237907,522.0,67.5580837099,308.0
2016-09-27,1,0,12.0,23.0,1,341.0,347.923076923,260.0,1.08849307323,522.0,66.562245638,269.0
2016-09-28,2,0,10.0,20.0,1,322.0,339.0,260.0,0.948750529437,522.0,68.7335994424,266.0
2016-09-29,3,0,12.0,22.0,1,322.0,322.923076923,260.0,0.799772306817,522.0,58.7621824207,256.0
2016-09-30,4,0,14.0,24.0,1,322.0,313.538461538,256.0,0.760942760943,522.0,58.9584147901,393.0
2016-10-01,5,1,15.0,26.0,1,322.0,312.769230769,256.0,0.893118594436,522.0,57.8408344526,380.0
2016-10-02,6,1,16.0,26.0,1,341.0,317.923076923,256.0,1.02571770335,522.0,60.5531699462,301.0
2016-10-03,0,1,16.0,28.0,1,341.0,319.0,256.0,1.07217729859,522.0,60.1165534608,254.0
2016-10-04,1,1,11.0,19.0,0,322.0,316.076923077,254.0,0.938472347686,522.0,62.2445073739,227.0
2016-10-05,2,1,13.0,21.0,1,322.0,312.846153846,227.0,0.804030433889,522.0,65.603524945,318.0
2016-10-06,3,1,14.0,17.0,0,320.0,316.461538462,227.0,0.841894526105,522.0,64.4832898863,258.0
2016-10-07,4,1,12.0,16.0,0,320.0,313.615384615,227.0,0.86246710703,522.0,66.1624323587,392.0
2016-10-08,5,0,5.0,19.0,1,320.0,311.769230769,227.0,1.04153217129,522.0,63.5636009124,323.0
2016-10-09,6,0,8.0,18.0,1,322.0,303.461538462,227.0,1.04522505103,522.0,53.7352704463,325.0
2016-10-10,0,0,10.0,20.0,1,322.0,304.769230769,227.0,1.11039931668,522.0,54.0358198095,282.0
2016-10-11,1,0,10.0,20.0,1,322.0,305.769230769,227.0,0.994546037857,475.0,53.482065788,269.0
2016-10-12,2,0,10.0,19.0,1,322.0,306.0,227.0,0.936798203401,475.0,53.31618314,263.0
2016-10-13,3,0,12.0,22.0,1,320.0,306.538461538,227.0,0.871613663133,475.0,52.8417308641,274.0
2016-10-14,4,0,13.0,23.0,1,318.0,297.384615385,227.0,0.86596830513,475.0,47.0622148969,275.0
2016-10-15,5,1,11.0,17.0,0,318.0,289.307692308,227.0,0.892700087951,431.0,40.7815656231,407.0
2016-10-16,6,1,12.0,20.0,1,320.0,297.461538462,227.0,1.05518763797,431.0,51.4940106818,420.0
2016-10-17,0,0,9.0,21.0,1,322.0,310.230769231,227.0,1.19419159081,431.0,59.1466935758,278.0
2016-10-18,1,0,12.0,20.0,1,320.0,314.153846154,227.0,1.19569333983,431.0,55.0452207858,255.0
2016-10-19,2,0,14.0,22.0,1,318.0,309.307692308,227.0,1.03306233062,431.0,57.2234279824,237.0
2016-10-20,3,0,11.0,15.0,0,318.0,307.692307692,227.0,0.837275050291,431.0,58.9202650464,243.0
2016-10-21,4,0,11.0,11.0,0,313.0,296.230769231,227.0,0.819260993145,431.0,55.8158425899,275.0
2016-10-22,5,1,7.0,15.0,1,313.0,292.538461538,227.0,0.856591785795,431.0,55.5096878372,440.0
2016-10-23,6,1,0.0,5.0,1,318.0,301.384615385,227.0,1.06178996952,440.0,67.7842033578,471.0
2016-10-24,0,0,6.0,13.0,1,318.0,315.923076923,227.0,1.26872058194,471.0,81.0398397167,269.0
2016-10-25,1,0,10.0,17.0,1,313.0,315.923076923,227.0,1.25385187546,471.0,81.0398397167,280.0
2016-10-26,2,0,0.0,10.0,1,311.0,317.230769231,227.0,1.0904425914,471.0,80.3091659163,328.0
2016-10-27,3,0,7.0,11.0,0,311.0,321.384615385,227.0,0.927159319167,471.0,79.3565841983,201.0
2016-10-28,4,0,2.0,13.0,1,311.0,315.692307692,201.0,0.881984191878,471.0,84.9374291105,337.0
2016-10-29,5,1,2.0,12.0,1,311.0,310.307692308,201.0,0.941969870017,471.0,81.1109255805,465.0
2016-10-30,6,1,2.0,13.0,1,311.0,313.769230769,201.0,1.06662412931,471.0,86.4995810093,418.0
2016-10-31,0,0,-4.0,6.0,1,311.0,324.538461538,201.0,1.26984126984,471.0,90.0193273133,289.0
