time_stamp,dayofweek,holiday,lt,ht,sunny,m2M,w2A,m1L,d3w3,m1Lar,w2Std,pay_sum
2016-08-01,0,0,24.0,30.0,1,20.0,177.923076923,2.0,0.499290780142,284.0,114.478389992,287.0
2016-08-02,1,0,24.0,33.0,1,30.0,181.692307692,5.0,0.567928730512,287.0,117.169426713,282.0
2016-08-03,2,0,25.0,34.0,1,33.0,181.538461538,5.0,1.06256297518,287.0,117.036230672,286.0
2016-08-04,3,0,25.0,33.0,1,33.0,185.538461538,5.0,1.54304277206,287.0,119.62094966,281.0
2016-08-05,4,0,25.0,32.0,1,36.0,190.153846154,5.0,1.52890329552,287.0,122.033315851,270.0
2016-08-06,5,1,24.0,33.0,1,36.0,210.384615385,5.0,1.40802422407,287.0,111.323187481,270.0
2016-08-07,6,1,23.0,31.0,1,38.0,230.692307692,5.0,1.29454430779,287.0,95.0816528572,16.0
2016-08-08,0,0,24.0,32.0,1,38.0,211.923076923,5.0,0.925509779442,287.0,110.307585023,290.0
2016-08-09,1,0,25.0,33.0,1,39.0,213.307692308,5.0,0.946512201134,290.0,111.162656026,290.0
2016-08-10,2,0,26.0,33.0,1,41.0,216.230769231,5.0,0.977930921323,290.0,112.631566723,298.0
2016-08-11,3,0,27.0,34.0,1,46.0,218.0,5.0,1.4183022373,298.0,113.716246049,315.0
2016-08-12,4,0,25.0,29.0,0,48.0,223.384615385,5.0,1.42620232172,315.0,116.490698514,345.0
2016-08-13,5,1,24.0,31.0,0,48.0,249.307692308,5.0,1.40089200848,345.0,102.309774415,5.0
2016-08-14,6,1,24.0,33.0,1,48.0,248.846153846,5.0,0.972648822583,345.0,103.39159775,7.0
2016-08-15,0,0,21.0,29.0,0,48.0,227.307692308,5.0,0.552845528455,345.0,120.884805061,313.0
2016-08-16,1,0,23.0,31.0,1,49.0,229.692307692,5.0,0.498542721276,345.0,122.23834512,301.0
2016-08-17,2,0,23.0,28.0,0,164.0,230.846153846,5.0,0.941979522184,345.0,122.833750157,293.0
2016-08-18,3,0,22.0,24.0,0,188.0,231.769230769,5.0,1.37019412342,345.0,123.251558796,339.0
2016-08-19,4,0,22.0,32.0,1,220.0,237.076923077,5.0,1.38007543821,345.0,126.233277058,314.0
2016-08-20,5,1,23.0,31.0,1,221.0,240.461538462,5.0,1.31034005125,345.0,127.652542464,3.0
2016-08-21,6,1,23.0,34.0,1,221.0,239.461538462,3.0,0.910163024627,345.0,129.445334696,9.0
2016-08-22,0,0,23.0,32.0,1,221.0,217.846153846,3.0,0.480082468154,345.0,142.04920391,338.0
2016-08-23,1,0,24.0,30.0,0,231.0,221.538461538,3.0,0.509127936577,345.0,144.479764558,305.0
2016-08-24,2,0,24.0,31.0,0,234.0,222.076923077,3.0,0.94451687672,345.0,144.776465118,286.0
2016-08-25,3,0,18.0,30.0,1,235.0,219.846153846,3.0,1.34433109037,345.0,143.545675472,305.0
2016-08-26,4,0,17.0,29.0,1,238.0,216.769230769,3.0,1.28680166595,345.0,141.240195764,288.0
2016-08-27,5,1,20.0,32.0,1,238.0,238.538461538,3.0,1.25751072961,345.0,128.122906968,16.0
2016-08-28,6,1,18.0,31.0,1,238.0,239.230769231,3.0,0.871244635193,345.0,126.888293602,9.0
2016-08-29,0,0,19.0,31.0,1,238.0,215.846153846,3.0,0.476516708533,345.0,138.6094936,304.0
2016-08-30,1,0,19.0,31.0,1,239.0,216.076923077,3.0,0.499279156233,345.0,138.753495611,297.0
2016-08-31,2,0,19.0,33.0,1,245.0,216.384615385,3.0,0.925925925926,345.0,138.928060222,328.0
2016-09-01,3,0,19.0,27.0,1,252.0,215.538461538,3.0,1.40597805524,345.0,138.21032767,307.0
2016-09-02,4,0,19.0,28.0,1,260.0,215.0,3.0,1.42279215327,345.0,137.838813335,308.0
2016-09-03,5,1,20.0,30.0,1,270.0,238.461538462,3.0,1.34618129907,345.0,125.128620218,5.0
2016-09-04,6,1,18.0,29.0,0,270.0,238.153846154,3.0,0.885461296772,345.0,125.696120835,3.0
2016-09-05,0,0,20.0,31.0,1,270.0,212.384615385,3.0,0.48340217225,345.0,136.463316266,291.0
2016-09-06,1,0,21.0,30.0,1,270.0,211.307692308,3.0,0.458448328734,345.0,135.781716576,276.0
2016-09-07,2,0,19.0,31.0,1,272.0,210.538461538,3.0,0.877395520665,345.0,135.384134615,291.0
2016-09-08,3,0,18.0,31.0,1,273.0,209.461538462,3.0,1.33551249124,345.0,134.682313033,276.0
2016-09-09,4,0,19.0,31.0,1,275.0,208.538461538,3.0,1.32391048292,345.0,134.181057579,286.0
2016-09-10,5,1,18.0,30.0,1,276.0,229.307692308,3.0,1.25588928151,345.0,123.219868912,11.0
2016-09-11,6,1,18.0,25.0,0,276.0,229.461538462,3.0,0.843267108168,339.0,122.945651148,3.0
2016-09-12,0,0,18.0,27.0,1,276.0,206.307692308,3.0,0.476758045292,339.0,134.525596429,301.0
2016-09-13,1,0,19.0,27.0,1,276.0,206.615384615,3.0,0.50107372942,339.0,134.737087842,302.0
2016-09-14,2,0,20.0,30.0,1,281.0,204.615384615,3.0,0.960304254813,339.0,133.103510016,250.0
2016-09-15,3,1,21.0,30.0,1,281.0,200.230769231,3.0,1.36962106615,339.0,130.573382755,250.0
2016-09-16,4,1,20.0,30.0,0,281.0,195.769230769,3.0,1.29962728893,339.0,127.775737342,250.0
2016-09-17,5,1,17.0,24.0,1,281.0,214.615384615,3.0,1.14995400184,338.0,115.750752423,3.0
2016-09-18,6,0,15.0,22.0,0,276.0,214.615384615,3.0,0.772301550745,338.0,115.750752423,232.0
2016-09-19,0,0,13.0,25.0,1,276.0,210.076923077,3.0,0.757220921155,338.0,113.807165881,302.0
2016-09-20,1,0,14.0,26.0,1,281.0,212.076923077,3.0,0.837426900585,338.0,115.168412829,263.0
2016-09-21,2,0,16.0,23.0,0,281.0,209.923076923,3.0,1.26207442597,328.0,113.927413827,280.0
2016-09-22,3,0,17.0,26.0,0,281.0,210.230769231,3.0,1.34672085425,328.0,114.11071132,266.0
2016-09-23,4,0,19.0,27.0,1,281.0,208.692307692,3.0,1.30242292522,328.0,113.210073359,278.0
2016-09-24,5,1,20.0,29.0,1,281.0,229.230769231,3.0,1.24452499622,328.0,98.7819306477,4.0
2016-09-25,6,1,19.0,27.0,1,281.0,229.307692308,3.0,0.827482068705,328.0,98.6059637886,9.0
2016-09-26,0,0,19.0,24.0,0,281.0,206.846153846,3.0,0.469392692959,328.0,112.056885385,347.0
2016-09-27,1,0,12.0,23.0,1,282.0,210.307692308,3.0,0.570884871551,347.0,115.582394597,282.0
2016-09-28,2,0,10.0,20.0,1,282.0,212.769230769,3.0,1.01390544299,347.0,116.736490799,306.0
2016-09-29,3,0,12.0,22.0,1,286.0,217.076923077,3.0,1.47534516765,347.0,119.041338352,264.0
2016-09-30,4,0,14.0,24.0,1,282.0,218.153846154,3.0,1.35141565548,347.0,119.397104819,236.0
2016-10-01,5,1,15.0,26.0,1,282.0,236.076923077,3.0,1.21348991268,347.0,101.970932162,236.0
2016-10-02,6,1,16.0,26.0,1,281.0,236.384615385,3.0,1.05270685833,347.0,101.964200702,236.0
2016-10-03,0,1,16.0,28.0,1,280.0,231.307692308,3.0,1.02697998259,347.0,100.198560266,236.0
2016-10-04,1,1,11.0,19.0,0,280.0,229.230769231,3.0,1.04194260486,347.0,99.7991474036,236.0
2016-10-05,2,1,13.0,21.0,1,280.0,225.846153846,3.0,1.04517271922,347.0,98.7606634195,236.0
2016-10-06,3,1,14.0,17.0,0,280.0,223.538461538,3.0,1.04842292315,347.0,98.1440192814,1.0
2016-10-07,4,1,12.0,16.0,0,278.0,202.230769231,1.0,0.741437416725,347.0,112.958231795,1.0
2016-10-08,5,0,5.0,19.0,1,276.0,202.0,1.0,0.37324551086,347.0,113.365304691,225.0
2016-10-09,6,0,8.0,18.0,1,276.0,218.615384615,1.0,0.35658184103,347.0,98.7471818188,225.0
2016-10-10,0,0,10.0,20.0,1,266.0,209.230769231,1.0,0.721542276618,347.0,91.6415708879,294.0
2016-10-11,1,0,10.0,20.0,1,266.0,210.153846154,1.0,1.18151500715,347.0,92.4269742128,285.0
2016-10-12,2,0,10.0,19.0,1,276.0,208.538461538,1.0,1.27527956222,347.0,90.9087584717,314.0
2016-10-13,3,0,12.0,22.0,1,276.0,212.384615385,1.0,1.40045479495,347.0,94.1729492938,316.0
2016-10-14,4,0,13.0,23.0,1,276.0,218.538461538,1.0,1.42224294707,347.0,98.0491363353,314.0
2016-10-15,5,1,11.0,17.0,0,276.0,224.538461538,1.0,1.36841342321,347.0,101.267821136,314.0
2016-10-16,6,1,12.0,20.0,1,276.0,230.538461538,1.0,1.28330614464,347.0,104.041866857,7.0
2016-10-17,0,0,9.0,21.0,1,276.0,212.923076923,1.0,0.927548933684,347.0,119.816180709,302.0
2016-10-18,1,0,12.0,20.0,1,276.0,218.0,1.0,0.906050029087,347.0,122.063665607,282.0
2016-10-19,2,0,14.0,22.0,1,276.0,221.538461538,1.0,0.864035087719,347.0,123.195663875,296.0
2016-10-20,3,0,11.0,15.0,0,278.0,244.230769231,1.0,1.27758420441,347.0,106.524214543,275.0
2016-10-21,4,0,11.0,11.0,0,276.0,265.307692308,1.0,1.22795652487,347.0,80.1569466402,289.0
2016-10-22,5,1,7.0,15.0,1,276.0,270.230769231,1.0,1.22402504981,347.0,79.4927706884,1.0
2016-10-23,6,1,0.0,5.0,1,276.0,253.0,1.0,0.846632201993,347.0,106.960812378,11.0
2016-10-24,0,0,6.0,13.0,1,275.0,231.230769231,1.0,0.475063131313,347.0,123.864164959,276.0
2016-10-25,1,0,10.0,17.0,1,275.0,230.538461538,1.0,0.450281425891,347.0,123.58654108,254.0
2016-10-26,2,0,0.0,10.0,1,275.0,225.923076923,1.0,0.842285536354,316.0,121.485967242,263.0
2016-10-27,3,0,7.0,11.0,0,275.0,221.846153846,1.0,1.16343896714,316.0,119.263667918,286.0
2016-10-28,4,0,2.0,13.0,1,275.0,219.692307692,1.0,1.1085801063,316.0,117.824109205,249.0
2016-10-29,5,1,2.0,12.0,1,266.0,214.692307692,1.0,1.09622913662,316.0,115.062781937,8.0
2016-10-30,6,1,2.0,13.0,1,264.0,214.769230769,1.0,0.780845556514,316.0,114.924158166,1.0
2016-10-31,0,0,-4.0,6.0,1,263.0,191.615384615,1.0,0.39603960396,316.0,124.905218504,300.0
