time_stamp,dayofweek,holiday,lt,ht,sunny,m2M,w2A,m1L,d3w3,m1Lar,w2Std,pay_sum
2016-08-01,0,0,27.0,37.0,1,59.0,75.9230769231,43.0,0.937137555092,109.0,12.8749102369,66.0
2016-08-02,1,0,26.0,36.0,0,61.0,75.4615384615,43.0,0.937718684395,109.0,13.1126209585,48.0
2016-08-03,2,0,25.0,31.0,0,61.0,73.7692307692,43.0,0.86935979211,109.0,14.9930950577,81.0
2016-08-04,3,0,25.0,29.0,0,62.0,75.2307692308,43.0,0.905923344948,109.0,14.6977436581,66.0
2016-08-05,4,0,25.0,31.0,0,62.0,75.7692307692,43.0,0.901525658807,109.0,14.213503039,59.0
2016-08-06,5,1,24.0,32.0,0,62.0,74.2307692308,48.0,0.9556947344,109.0,14.8487442937,69.0
2016-08-07,6,1,25.0,32.0,0,62.0,72.9230769231,48.0,0.888278388278,109.0,14.4991328041,78.0
2016-08-08,0,0,26.0,32.0,0,63.0,72.3076923077,48.0,0.94452086199,109.0,14.0951962105,67.0
2016-08-09,1,0,26.0,32.0,0,64.0,69.0769230769,48.0,0.984587071544,109.0,9.31881090517,59.0
2016-08-10,2,0,26.0,34.0,0,64.0,67.0769230769,48.0,0.945757997218,109.0,8.43492317654,51.0
2016-08-11,3,0,27.0,35.0,0,64.0,65.0769230769,48.0,0.826909600561,109.0,8.91378826884,94.0
2016-08-12,4,0,28.0,38.0,1,64.0,67.1538461538,48.0,0.93023255814,109.0,11.7986058749,88.0
2016-08-13,5,1,28.0,37.0,1,65.0,68.9230769231,48.0,1.05597099479,109.0,13.0056883322,63.0
2016-08-14,6,1,28.0,37.0,1,65.0,68.3846153846,48.0,1.12799263352,109.0,13.0945582446,81.0
2016-08-15,0,0,28.0,37.0,1,65.0,69.5384615385,48.0,1.07184107184,109.0,13.4885443396,63.0
2016-08-16,1,0,27.0,37.0,1,65.0,70.6923076923,48.0,0.987831066571,109.0,12.1742768882,73.0
2016-08-17,2,0,27.0,36.0,1,65.0,70.0769230769,48.0,1.04452466907,109.0,11.8351597335,74.0
2016-08-18,3,0,28.0,37.0,1,65.0,70.6923076923,48.0,1.01302460203,109.0,11.8151442283,70.0
2016-08-19,4,0,27.0,37.0,1,65.0,71.5384615385,48.0,1.04452466907,109.0,11.3314768174,62.0
2016-08-20,5,1,26.0,36.0,1,65.0,71.0,48.0,0.993728895321,109.0,11.6023870223,86.0
2016-08-21,6,1,26.0,34.0,1,65.0,71.6153846154,48.0,1.03958035289,109.0,12.1562801847,99.0
2016-08-22,0,0,27.0,33.0,1,65.0,74.0769230769,48.0,1.15071045889,109.0,14.0628344799,73.0
2016-08-23,1,0,27.0,34.0,1,65.0,75.1538461538,48.0,1.18131868132,109.0,13.3868256354,88.0
2016-08-24,2,0,27.0,34.0,1,66.0,78.0,48.0,1.18478013215,109.0,11.786563406,79.0
2016-08-25,3,0,24.0,35.0,0,66.0,76.8461538462,48.0,1.08401084011,99.0,10.8616909991,80.0
2016-08-26,4,0,21.0,27.0,0,66.0,76.2307692308,48.0,1.09997773324,99.0,10.4303834737,64.0
2016-08-27,5,1,18.0,27.0,1,66.0,76.3076923077,48.0,0.996425379803,99.0,10.33578262,60.0
2016-08-28,6,1,18.0,30.0,1,66.0,74.6923076923,48.0,0.922659430122,99.0,11.089736179,65.0
2016-08-29,0,0,19.0,31.0,1,66.0,74.8461538462,48.0,0.85597826087,99.0,10.9393162059,86.0
2016-08-30,1,0,20.0,31.0,1,66.0,75.8461538462,48.0,0.938403380031,99.0,11.3126624347,82.0
2016-08-31,2,0,21.0,32.0,1,67.0,76.4615384615,48.0,1.01525054466,99.0,11.4126474015,78.0
2016-09-01,3,0,21.0,31.0,1,67.0,77.0769230769,51.0,1.08322324967,99.0,11.2623370881,125.0
2016-09-02,4,0,22.0,33.0,1,69.0,81.9230769231,51.0,1.22501611863,125.0,16.2028560562,83.0
2016-09-03,5,1,22.0,33.0,1,70.0,81.6923076923,51.0,1.2136643327,125.0,16.164465374,72.0
2016-09-04,6,1,22.0,31.0,1,70.0,79.6153846154,51.0,1.19504908237,125.0,15.5293194736,91.0
2016-09-05,0,0,23.0,32.0,1,70.0,81.0,51.0,1.03144654088,125.0,15.6794819381,133.0
2016-09-06,1,0,21.0,31.0,1,72.0,84.4615384615,51.0,1.19595959596,133.0,20.9307112769,65.0
2016-09-07,2,0,23.0,32.0,1,72.0,83.3846153846,51.0,1.17408084501,133.0,21.5354393484,62.0
2016-09-08,3,0,22.0,32.0,1,72.0,82.0,51.0,1.06144111043,133.0,22.2745111316,79.0
2016-09-09,4,0,21.0,31.0,0,72.0,83.1538461538,60.0,0.832323232323,133.0,21.6931260075,87.0
2016-09-10,5,1,22.0,32.0,1,72.0,85.2307692308,60.0,0.920654149001,133.0,20.6440673026,80.0
2016-09-11,6,1,20.0,31.0,1,73.0,86.3846153846,60.0,1.00490196078,133.0,19.8863635595,82.0
2016-09-12,0,0,22.0,33.0,1,73.0,86.0769230769,60.0,1.01157830591,133.0,19.9208492963,71.0
2016-09-13,1,0,21.0,32.0,1,73.0,85.2307692308,60.0,0.956486042693,133.0,20.3059439807,62.0
2016-09-14,2,0,21.0,31.0,1,73.0,84.0,60.0,0.891931134619,133.0,21.1732777885,79.0
2016-09-15,3,1,23.0,31.0,0,74.0,80.4615384615,60.0,0.8800332088,133.0,17.5613885232,67.0
2016-09-16,4,1,22.0,30.0,0,73.0,79.2307692308,60.0,0.861818935156,133.0,17.8978032436,56.0
2016-09-17,5,1,21.0,32.0,1,73.0,78.0,56.0,0.839044652129,133.0,18.8761143329,61.0
2016-09-18,6,0,20.0,31.0,1,73.0,75.6923076923,56.0,0.766187799292,133.0,18.9792786415,55.0
2016-09-19,0,0,18.0,29.0,1,73.0,69.6923076923,55.0,0.730360934183,133.0,10.2235370621,53.0
2016-09-20,1,0,18.0,27.0,1,73.0,68.7692307692,53.0,0.731126973827,133.0,11.1089281222,60.0
2016-09-21,2,0,17.0,28.0,1,73.0,68.6153846154,53.0,0.735390676297,133.0,11.2149519807,74.0
2016-09-22,3,0,17.0,30.0,1,73.0,68.2307692308,53.0,0.846920289855,133.0,10.9344469534,80.0
2016-09-23,4,0,18.0,31.0,1,73.0,67.6923076923,53.0,0.97118221012,133.0,10.1404340325,65.0
2016-09-24,5,1,22.0,32.0,1,72.0,66.5384615385,53.0,0.998632010944,133.0,9.50801592678,89.0
2016-09-25,6,1,23.0,30.0,1,72.0,67.0769230769,53.0,1.06849315068,133.0,10.5134458851,70.0
2016-09-26,0,0,23.0,33.0,1,71.0,67.0,53.0,1.06895728943,133.0,10.4880884817,87.0
2016-09-27,1,0,22.0,32.0,1,72.0,68.9230769231,53.0,1.15574348132,133.0,11.625314146,66.0
2016-09-28,2,0,16.0,25.0,0,72.0,67.9230769231,53.0,1.04474115718,133.0,11.269165135,58.0
2016-09-29,3,0,15.0,18.0,0,72.0,67.2307692308,53.0,1.00332857822,133.0,11.5768591871,55.0
2016-09-30,4,0,17.0,20.0,0,72.0,67.1538461538,53.0,0.87104622871,133.0,11.6542904206,57.0
2016-10-01,5,1,17.0,20.0,0,72.0,66.8461538462,53.0,0.841375897055,133.0,11.8636234823,58.0
2016-10-02,6,1,16.0,23.0,0,71.0,67.0769230769,53.0,0.856638951877,133.0,11.6583515028,80.0
2016-10-03,0,1,18.0,29.0,1,72.0,69.1538461538,53.0,0.975975975976,133.0,11.3669301305,54.0
2016-10-04,1,1,17.0,30.0,1,72.0,68.6923076923,53.0,0.966767371601,133.0,11.8411577876,72.0
2016-10-05,2,1,18.0,30.0,1,72.0,68.5384615385,53.0,1.04277398127,89.0,11.7840530093,76.0
2016-10-06,3,1,19.0,29.0,1,72.0,68.2307692308,53.0,1.01558572147,89.0,11.5302534908,79.0
2016-10-07,4,1,19.0,27.0,1,73.0,69.3076923077,53.0,1.12181863108,89.0,11.8281581594,80.0
2016-10-08,5,0,16.0,26.0,1,73.0,68.6153846154,53.0,1.14522417154,89.0,10.8807413601,69.0
2016-10-09,6,0,16.0,24.0,1,73.0,68.5384615385,53.0,1.0998552822,89.0,10.8742135674,66.0
2016-10-10,0,0,16.0,23.0,1,73.0,66.9230769231,53.0,1.027479092,89.0,9.48246591153,68.0
2016-10-11,1,0,16.0,21.0,1,72.0,67.0769230769,53.0,0.964599667379,89.0,9.48246591153,60.0
2016-10-12,2,0,16.0,19.0,1,72.0,67.2307692308,53.0,0.931125509959,89.0,9.34923975645,65.0
2016-10-13,3,0,15.0,18.0,0,72.0,68.0,53.0,0.936438622028,89.0,8.70013262498,66.0
2016-10-14,4,0,15.0,19.0,1,72.0,68.6923076923,53.0,0.926060606061,89.0,8.13713817945,85.0
2016-10-15,5,1,16.0,23.0,1,72.0,70.7692307692,53.0,1.05032822757,89.0,8.57683683986,64.0
2016-10-16,6,1,16.0,24.0,1,71.0,69.5384615385,53.0,1.05006105006,89.0,8.30769230769,64.0
2016-10-17,0,0,16.0,23.0,1,71.0,70.3076923077,53.0,1.05812220566,89.0,7.22585757896,62.0
2016-10-18,1,0,18.0,25.0,1,71.0,69.5384615385,53.0,0.946686596911,89.0,7.53060815417,90.0
2016-10-19,2,0,18.0,24.0,0,71.0,70.6153846154,54.0,1.05109489051,90.0,9.19480172153,64.0
2016-10-20,3,0,19.0,23.0,0,70.0,69.4615384615,54.0,1.04423495286,90.0,9.00952815819,66.0
2016-10-21,4,0,18.0,24.0,0,69.0,68.3846153846,54.0,1.05667627281,90.0,8.50826260434,79.0
2016-10-22,5,1,16.0,21.0,0,69.0,69.1538461538,54.0,0.988881003075,90.0,8.96871617471,62.0
2016-10-23,6,1,15.0,18.0,1,68.0,68.8461538462,54.0,0.992092020129,90.0,9.13864283684,68.0
2016-10-24,0,0,12.0,16.0,0,68.0,68.8461538462,54.0,0.991696322657,90.0,9.13864283684,58.0
2016-10-25,1,0,12.0,16.0,0,68.0,68.6923076923,54.0,0.901030433741,90.0,9.30165093191,47.0
2016-10-26,2,0,13.0,16.0,0,68.0,67.3076923077,47.0,0.846793930494,90.0,10.9431019044,66.0
2016-10-27,3,0,12.0,16.0,0,68.0,67.3076923077,47.0,0.845070422535,90.0,10.9431019044,51.0
2016-10-28,4,0,9.0,14.0,0,67.0,64.6923076923,47.0,0.828282828283,90.0,10.4541829345,61.0
2016-10-29,5,1,7.0,11.0,0,66.0,64.4615384615,47.0,0.904471544715,90.0,10.4999295574,47.0
2016-10-30,6,1,9.0,15.0,0,66.0,63.1538461538,47.0,0.819798917247,90.0,11.4880952016,66.0
2016-10-31,0,0,9.0,14.0,0,66.0,63.4615384615,47.0,0.898528272657,90.0,11.5066227393,53.0
