time_stamp,dayofweek,holiday,lt,ht,sunny,m2M,w2A,m1L,d3w3,m1Lar,w2Std,pay_sum
2016-08-01,0,0,27.0,35.0,1,98.0,115.538461538,18.0,0.788432267884,152.0,40.5398481736,122.0
2016-08-02,1,0,27.0,35.0,0,102.0,114.692307692,18.0,0.69774527727,152.0,40.2805251959,116.0
2016-08-03,2,0,26.0,32.0,0,105.0,114.230769231,18.0,0.820793433653,152.0,40.2284894192,129.0
2016-08-04,3,0,26.0,33.0,0,105.0,113.076923077,18.0,1.10558819099,152.0,39.5677832012,144.0
2016-08-05,4,0,26.0,33.0,0,106.0,113.384615385,18.0,1.16606714628,152.0,39.7908734444,135.0
2016-08-06,5,1,26.0,34.0,0,107.0,116.615384615,18.0,1.18055555556,152.0,39.7095967117,57.0
2016-08-07,6,1,27.0,35.0,1,107.0,118.0,18.0,0.960137162452,152.0,37.2145546382,31.0
2016-08-08,0,0,27.0,34.0,0,107.0,108.692307692,18.0,0.664877757901,152.0,42.3272681984,97.0
2016-08-09,1,0,27.0,35.0,1,107.0,104.615384615,28.0,0.560606060606,152.0,40.6723085943,135.0
2016-08-10,2,0,28.0,34.0,0,107.0,104.384615385,28.0,0.79228799518,152.0,40.4903378057,123.0
2016-08-11,3,0,27.0,35.0,1,107.0,103.692307692,28.0,1.0796836983,152.0,40.0871830954,139.0
2016-08-12,4,0,28.0,36.0,1,109.0,102.692307692,28.0,1.20797200669,152.0,39.017519961,158.0
2016-08-13,5,1,28.0,36.0,1,111.0,109.076923077,28.0,1.24113475177,158.0,40.7175289005,73.0
2016-08-14,6,1,28.0,36.0,1,109.0,112.230769231,28.0,1.07714701601,158.0,35.9318882292,34.0
2016-08-15,0,0,27.0,36.0,1,109.0,105.461538462,28.0,0.813382443217,158.0,41.3365462898,142.0
2016-08-16,1,0,27.0,36.0,1,109.0,107.461538462,31.0,0.767097966728,158.0,42.4130157537,128.0
2016-08-17,2,0,28.0,35.0,1,111.0,107.384615385,31.0,0.940885174868,158.0,42.3747719967,128.0
2016-08-18,3,0,28.0,35.0,1,112.0,106.153846154,31.0,1.23410852713,158.0,41.5170885185,139.0
2016-08-19,4,0,29.0,36.0,1,116.0,106.461538462,31.0,1.23225705818,158.0,41.7439362425,129.0
2016-08-20,5,1,27.0,37.0,0,117.0,112.0,31.0,1.20492925605,158.0,39.5318761352,63.0
2016-08-21,6,1,27.0,33.0,0,117.0,114.461538462,31.0,0.993099309931,158.0,35.1668886763,26.0
2016-08-22,0,0,27.0,35.0,1,116.0,109.0,26.0,0.683599874569,158.0,42.2538118444,123.0
2016-08-23,1,0,26.0,34.0,1,116.0,108.076923077,26.0,0.662603531802,158.0,41.8044192336,112.0
2016-08-24,2,0,25.0,34.0,1,116.0,107.230769231,26.0,0.822306238185,158.0,41.6046481245,134.0
2016-08-25,3,0,26.0,35.0,1,117.0,106.846153846,26.0,1.16809116809,158.0,41.3313927139,123.0
2016-08-26,4,0,24.0,30.0,0,121.0,104.153846154,26.0,1.17478510029,158.0,38.9849007336,134.0
2016-08-27,5,1,21.0,30.0,1,122.0,108.846153846,26.0,1.20067557193,158.0,38.6221262886,62.0
2016-08-28,6,1,19.0,30.0,1,122.0,111.0,26.0,0.96578867696,158.0,34.9989010816,28.0
2016-08-29,0,0,21.0,31.0,1,122.0,102.230769231,26.0,0.700109392093,158.0,40.0502642768,101.0
2016-08-30,1,0,21.0,30.0,1,122.0,100.153846154,26.0,0.606638081626,158.0,39.3541047685,117.0
2016-08-31,2,0,23.0,33.0,1,122.0,99.3076923077,26.0,0.783564261825,158.0,38.8614592849,119.0
2016-09-01,3,0,23.0,33.0,1,122.0,97.7692307692,26.0,1.08377552661,158.0,37.6362220089,126.0
2016-09-02,4,0,23.0,34.0,1,122.0,97.5384615385,26.0,1.18242691491,158.0,37.452771048,130.0
2016-09-03,5,1,23.0,34.0,1,123.0,102.692307692,26.0,1.19161105815,158.0,36.9519118177,54.0
2016-09-04,6,1,23.0,32.0,1,123.0,104.846153846,26.0,0.975763298709,158.0,33.0264373212,52.0
2016-09-05,0,0,24.0,33.0,1,122.0,99.3846153846,26.0,0.77580539119,158.0,35.3608615922,107.0
2016-09-06,1,0,21.0,26.0,0,122.0,99.0,26.0,0.707523667165,158.0,35.2485678923,132.0
2016-09-07,2,0,20.0,26.0,1,123.0,98.8461538462,26.0,0.964694181999,158.0,35.0995203865,126.0
2016-09-08,3,0,21.0,30.0,1,123.0,99.0769230769,26.0,1.21788455122,158.0,35.267028704,119.0
2016-09-09,4,0,23.0,32.0,1,123.0,97.9230769231,26.0,1.26425217975,158.0,34.3387234619,118.0
2016-09-10,5,1,22.0,29.0,1,123.0,102.230769231,26.0,1.18453255017,158.0,33.0504366226,60.0
2016-09-11,6,1,21.0,28.0,1,123.0,104.692307692,26.0,0.953298025999,142.0,28.2771574444,32.0
2016-09-12,0,0,20.0,30.0,1,123.0,99.3846153846,26.0,0.704934541793,142.0,34.305277597,134.0
2016-09-13,1,0,20.0,31.0,1,123.0,100.692307692,26.0,0.750332005312,142.0,35.2624983089,118.0
2016-09-14,2,0,21.0,27.0,1,123.0,100.615384615,26.0,0.95046854083,139.0,35.2235464548,78.0
2016-09-15,3,1,21.0,24.0,0,123.0,96.9230769231,26.0,1.12994350282,139.0,34.8832371876,78.0
2016-09-16,4,1,22.0,25.0,0,122.0,92.9230769231,26.0,0.965979199718,139.0,33.8263928327,78.0
2016-09-17,5,1,21.0,26.0,1,122.0,94.7692307692,26.0,0.818038804405,134.0,32.2708581234,78.0
2016-09-18,6,0,21.0,28.0,1,119.0,96.7692307692,26.0,0.797138477261,134.0,30.3039825922,102.0
2016-09-19,0,0,18.0,26.0,1,119.0,96.3846153846,26.0,0.878447395301,134.0,30.2032562216,106.0
2016-09-20,1,0,18.0,26.0,1,118.0,94.3846153846,28.0,0.979284369115,134.0,28.5967681378,93.0
2016-09-21,2,0,18.0,25.0,0,118.0,91.8461538462,28.0,1.04459482908,134.0,27.1033524859,93.0
2016-09-22,3,0,19.0,27.0,1,118.0,89.8461538462,28.0,1.03107344633,134.0,25.9610541265,128.0
2016-09-23,4,0,20.0,27.0,1,118.0,90.6153846154,28.0,1.10993283846,134.0,26.9145041296,119.0
2016-09-24,5,1,21.0,29.0,1,118.0,95.1538461538,28.0,1.16179736887,134.0,26.337589849,52.0
2016-09-25,6,1,22.0,28.0,1,118.0,96.6923076923,28.0,1.02169827439,134.0,22.9728422118,36.0
2016-09-26,0,0,22.0,30.0,1,117.0,89.1538461538,28.0,0.734042553191,134.0,25.4402653404,122.0
2016-09-27,1,0,23.0,30.0,1,117.0,89.4615384615,32.0,0.748663101604,134.0,25.8088100182,116.0
2016-09-28,2,0,19.0,25.0,0,117.0,92.3846153846,32.0,0.982078853047,134.0,26.4881351132,118.0
2016-09-29,3,0,18.0,22.0,0,118.0,95.4615384615,32.0,1.2766720459,134.0,26.9575603342,99.0
2016-09-30,4,0,20.0,23.0,0,117.0,97.0769230769,32.0,1.20652173913,134.0,26.4879117232,108.0
2016-10-01,5,1,21.0,25.0,0,117.0,99.3846153846,32.0,1.14759887006,134.0,26.0282050019,108.0
2016-10-02,6,1,21.0,25.0,0,116.0,99.8461538462,32.0,1.06924643585,134.0,26.1235118202,108.0
2016-10-03,0,1,19.0,26.0,1,112.0,100.0,32.0,1.11455108359,134.0,26.1651559257,108.0
2016-10-04,1,1,19.0,25.0,1,108.0,101.153846154,32.0,1.12033195021,134.0,26.1617635075,108.0
2016-10-05,2,1,20.0,27.0,1,108.0,102.307692308,32.0,1.10316649642,134.0,26.107424866,108.0
2016-10-06,3,1,19.0,25.0,1,108.0,100.769230769,32.0,1.08651911469,134.0,25.1186533389,108.0
2016-10-07,4,1,18.0,21.0,0,108.0,99.9230769231,32.0,1.0703666997,134.0,24.6715704918,108.0
2016-10-08,5,0,15.0,23.0,1,108.0,104.230769231,32.0,1.0546875,134.0,20.4569109863,95.0
2016-10-09,6,0,13.0,22.0,1,108.0,108.769230769,32.0,1.01584190756,134.0,6.80671440173,70.0
2016-10-10,0,0,15.0,22.0,1,108.0,104.769230769,32.0,0.907730673317,134.0,11.5102218528,91.0
2016-10-11,1,0,16.0,22.0,1,108.0,102.846153846,36.0,0.852055250458,134.0,11.5615154307,85.0
2016-10-12,2,0,16.0,20.0,0,108.0,100.307692308,36.0,0.822055137845,128.0,11.5783924444,103.0
2016-10-13,3,0,17.0,20.0,0,108.0,100.615384615,36.0,0.944162436548,128.0,11.5926930669,87.0
2016-10-14,4,0,17.0,20.0,0,108.0,99.0,36.0,0.945992432061,128.0,11.9099182972,83.0
2016-10-15,5,1,19.0,21.0,0,108.0,97.0769230769,36.0,0.924327069578,128.0,12.3129796335,56.0
2016-10-16,6,1,18.0,24.0,1,108.0,93.0769230769,36.0,0.757499581029,128.0,16.007025085,36.0
2016-10-17,0,0,18.0,24.0,1,107.0,87.5384615385,36.0,0.613067087056,128.0,21.4246995657,90.0
2016-10-18,1,0,18.0,24.0,1,106.0,86.1538461538,36.0,0.646421594743,128.0,20.6242805146,109.0
2016-10-19,2,0,19.0,23.0,1,107.0,86.2307692308,36.0,0.838686652391,128.0,20.7073151183,87.0
2016-10-20,3,0,19.0,22.0,0,107.0,84.6153846154,36.0,1.02729885057,128.0,19.7427239237,90.0
2016-10-21,4,0,19.0,22.0,0,106.0,83.2307692308,36.0,1.03735944868,128.0,18.6553924815,91.0
2016-10-22,5,1,19.0,22.0,0,103.0,82.9230769231,36.0,0.981145890536,122.0,18.4910021298,51.0
2016-10-23,6,1,16.0,21.0,1,102.0,81.4615384615,36.0,0.876795162509,122.0,20.1326958897,30.0
2016-10-24,0,0,17.0,22.0,1,101.0,76.7692307692,30.0,0.680110715698,122.0,24.0836805459,75.0
2016-10-25,1,0,17.0,19.0,1,99.0,76.0,30.0,0.629159104658,122.0,23.9679272876,70.0
2016-10-26,2,0,16.0,19.0,0,99.0,73.4615384615,30.0,0.722394220846,118.0,22.6872223767,84.0
2016-10-27,3,0,16.0,19.0,0,99.0,73.2307692308,30.0,0.959564215378,118.0,22.5632575599,99.0
2016-10-28,4,0,12.0,16.0,0,99.0,74.4615384615,30.0,1.06616097767,109.0,23.480320351,92.0
2016-10-29,5,1,9.0,13.0,0,95.0,77.2307692308,30.0,1.1610724087,109.0,23.2615689865,50.0
2016-10-30,6,1,12.0,18.0,1,93.0,78.3076923077,30.0,1.03057515501,109.0,21.5919665096,23.0
2016-10-31,0,0,10.0,15.0,0,93.0,73.1538461538,23.0,0.737759892689,109.0,25.7766923755,91.0
