time_stamp,dayofweek,holiday,lt,ht,sunny,m2M,w2A,m1L,d3w3,m1Lar,w2Std,pay_sum
2016-08-01,0,0,28.0,34.0,1,66.0,66.0,66.0,1.0,66.0,0.0,66.0
2016-08-02,1,0,28.0,34.0,0,66.0,66.0,66.0,1.0,66.0,0.0,66.0
2016-08-03,2,0,26.0,32.0,0,66.0,66.0,66.0,1.0,66.0,0.0,66.0
2016-08-04,3,0,27.0,32.0,0,66.0,66.0,66.0,1.0,66.0,0.0,66.0
2016-08-05,4,0,27.0,33.0,0,66.0,66.0,66.0,1.0,66.0,0.0,67.0
2016-08-06,5,1,27.0,33.0,1,66.0,66.0769230769,66.0,1.00428967954,67.0,0.266469355011,78.0
2016-08-07,6,1,27.0,34.0,1,66.0,67.0,66.0,1.05526381595,78.0,3.18651002726,76.0
2016-08-08,0,0,27.0,34.0,0,66.0,67.7692307692,66.0,1.0970464135,78.0,3.96433806976,77.0
2016-08-09,1,0,28.0,34.0,1,66.0,68.6153846154,66.0,1.13737075332,78.0,4.61666648865,86.0
2016-08-10,2,0,28.0,34.0,1,66.0,70.1538461538,66.0,1.15963124697,86.0,6.45512502228,63.0
2016-08-11,3,0,28.0,35.0,1,66.0,69.9230769231,63.0,1.0989545344,86.0,6.65017684509,80.0
2016-08-12,4,0,28.0,34.0,1,66.0,71.0,63.0,1.10228640193,86.0,7.04927710424,63.0
2016-08-13,5,1,28.0,35.0,1,66.0,70.7692307692,63.0,0.993728895321,86.0,7.25527761388,72.0
2016-08-14,6,1,28.0,36.0,1,66.0,71.2307692308,63.0,1.03266090298,86.0,7.12691373655,60.0
2016-08-15,0,0,28.0,35.0,1,66.0,70.7692307692,60.0,0.940665701881,86.0,7.62741861922,76.0
2016-08-16,1,0,28.0,35.0,1,66.0,71.5384615385,60.0,0.996168582375,86.0,7.61188730883,66.0
2016-08-17,2,0,28.0,35.0,1,66.0,71.5384615385,60.0,0.967432950192,86.0,7.61188730883,65.0
2016-08-18,3,0,28.0,36.0,1,66.0,71.4615384615,60.0,0.992092020129,86.0,7.67228162449,91.0
2016-08-19,4,0,29.0,36.0,1,66.0,73.3076923077,60.0,1.04519774011,91.0,9.1263322769,62.0
2016-08-20,5,1,28.0,37.0,0,66.0,72.0769230769,60.0,1.02927289896,91.0,9.48246591153,63.0
2016-08-21,6,1,28.0,35.0,0,66.0,71.0769230769,60.0,1.02200141945,91.0,9.69902087415,81.0
2016-08-22,0,0,28.0,35.0,1,66.0,71.3846153846,60.0,0.964419475655,91.0,9.94243788042,94.0
2016-08-23,1,0,26.0,34.0,1,66.0,72.0,60.0,1.0927456382,94.0,11.0174686469,96.0
2016-08-24,2,0,26.0,34.0,1,66.0,74.5384615385,60.0,1.21907332434,96.0,12.3700344171,78.0
2016-08-25,3,0,27.0,35.0,1,66.0,74.3846153846,60.0,1.19589468987,96.0,12.3134601869,87.0
2016-08-26,4,0,26.0,34.0,0,66.0,76.2307692308,60.0,1.14927344782,96.0,12.267241218,83.0
2016-08-27,5,1,23.0,31.0,1,66.0,77.0769230769,60.0,1.08843537415,96.0,12.3254679328,92.0
2016-08-28,6,1,22.0,30.0,1,66.0,79.5384615385,60.0,1.13789359392,96.0,11.855640557,72.0
2016-08-29,0,0,23.0,31.0,1,66.0,79.2307692308,60.0,1.07625272331,96.0,11.9945747105,88.0
2016-08-30,1,0,23.0,31.0,1,66.0,80.9230769231,60.0,1.09660574413,96.0,11.5522993946,72.0
2016-08-31,2,0,25.0,34.0,1,66.0,81.4615384615,60.0,1.00367726584,96.0,10.9447239457,68.0
2016-09-01,3,0,26.0,33.0,1,66.0,79.6923076923,60.0,0.994113799869,96.0,11.1174472401,64.0
2016-09-02,4,0,25.0,34.0,1,66.0,79.8461538462,60.0,0.888888888889,96.0,10.8829164208,97.0
2016-09-03,5,1,25.0,35.0,1,66.0,82.4615384615,60.0,0.98177920686,97.0,10.6019982486,72.0
2016-09-04,6,1,25.0,33.0,1,66.0,81.7692307692,60.0,0.991278451393,97.0,10.9625505606,81.0
2016-09-05,0,0,25.0,30.0,0,66.0,80.7692307692,60.0,1.06022052587,97.0,10.3786307542,90.0
2016-09-06,1,0,22.0,27.0,0,66.0,80.3076923077,60.0,1.01503759398,97.0,9.80882346418,75.0
2016-09-07,2,0,20.0,24.0,0,66.0,80.0769230769,60.0,1.02117061021,97.0,9.89530998824,48.0
2016-09-08,3,0,22.0,29.0,1,66.0,77.0769230769,48.0,0.908509277031,97.0,12.8210256308,79.0
2016-09-09,4,0,23.0,31.0,1,66.0,76.7692307692,48.0,0.852320675105,97.0,12.7228071779,52.0
2016-09-10,5,1,24.0,29.0,1,66.0,73.6923076923,48.0,0.760569364776,97.0,13.4815236264,68.0
2016-09-11,6,1,23.0,26.0,0,66.0,73.3846153846,48.0,0.852613538989,97.0,13.5620424009,63.0
2016-09-12,0,0,23.0,29.0,1,66.0,71.4615384615,48.0,0.8,97.0,13.1184859857,84.0
2016-09-13,1,0,23.0,30.0,1,66.0,72.3846153846,48.0,0.947345230227,97.0,13.5393356361,68.0
2016-09-14,2,0,22.0,24.0,0,66.0,72.3846153846,48.0,0.953648259037,97.0,13.5393356361,64.0
2016-09-15,3,1,23.0,26.0,0,66.0,72.3846153846,48.0,0.972972972973,97.0,13.5393356361,49.0
2016-09-16,4,1,23.0,27.0,0,66.0,68.6923076923,48.0,0.83448593822,97.0,12.8505289648,52.0
2016-09-17,5,1,23.0,27.0,0,66.0,67.1538461538,48.0,0.782361308677,97.0,13.5410836622,72.0
2016-09-18,6,0,23.0,28.0,0,67.0,66.4615384615,48.0,0.820293978189,97.0,13.0361354857,85.0
2016-09-19,0,0,21.0,27.0,0,68.0,66.0769230769,48.0,0.993110002376,97.0,12.393928653,90.0
2016-09-20,1,0,20.0,26.0,1,68.0,67.2307692308,48.0,1.15880835093,97.0,13.7904863871,85.0
2016-09-21,2,0,20.0,27.0,1,68.0,70.0769230769,48.0,1.20537783959,97.0,13.3385591337,66.0
2016-09-22,3,0,21.0,27.0,1,68.0,69.0769230769,48.0,1.11574074074,97.0,13.1175838445,81.0
2016-09-23,4,0,21.0,27.0,1,72.0,71.3076923077,48.0,1.0861423221,97.0,12.4738780312,82.0
2016-09-24,5,1,22.0,28.0,1,72.0,72.3846153846,48.0,1.06462110646,97.0,12.7432543938,94.0
2016-09-25,6,1,23.0,29.0,1,72.0,74.7692307692,48.0,1.18405897259,97.0,13.6334083224,76.0
2016-09-26,0,0,24.0,31.0,1,72.0,74.1538461538,48.0,1.17236566643,97.0,13.381078224,91.0
2016-09-27,1,0,25.0,30.0,0,72.0,75.9230769231,48.0,1.20082815735,97.0,13.9585184273,72.0
2016-09-28,2,0,22.0,28.0,0,72.0,76.5384615385,48.0,1.08169269065,97.0,13.5908078925,94.0
2016-09-29,3,0,22.0,25.0,0,75.0,80.0,48.0,1.15143369176,97.0,11.7407901713,62.0
2016-09-30,4,0,23.0,28.0,0,75.0,80.7692307692,48.0,1.01468624833,97.0,10.0930581335,86.0
2016-10-01,5,1,24.0,29.0,0,76.0,81.8461538462,48.0,1.06420404573,97.0,9.84374970649,63.0
2016-10-02,6,1,24.0,32.0,1,76.0,80.1538461538,48.0,0.927880386983,94.0,10.9814259537,64.0
2016-10-03,0,1,22.0,26.0,1,76.0,78.1538461538,48.0,0.949197860963,94.0,11.3669301305,56.0
2016-10-04,1,1,22.0,26.0,1,76.0,75.9230769231,48.0,0.822102425876,94.0,12.584859881,59.0
2016-10-05,2,1,22.0,27.0,1,75.0,75.3846153846,48.0,0.806851476223,94.0,13.1356148961,60.0
2016-10-06,3,1,22.0,26.0,0,72.0,73.7692307692,48.0,0.782997762864,94.0,13.6277649059,60.0
2016-10-07,4,1,20.0,25.0,0,72.0,72.0769230769,49.0,0.796617712506,94.0,13.8645177367,80.0
2016-10-08,5,0,17.0,22.0,0,72.0,71.0,49.0,0.885347498893,94.0,12.6064696455,89.0
2016-10-09,6,0,18.0,22.0,1,72.0,72.0,49.0,1.01103752759,94.0,13.4507649196,90.0
2016-10-10,0,0,18.0,22.0,1,72.0,71.9230769231,49.0,1.14348785872,94.0,13.344324858,84.0
2016-10-11,1,0,19.0,25.0,1,75.0,72.8461538462,49.0,1.16191738458,94.0,13.7272673837,90.0
2016-10-12,2,0,19.0,23.0,1,76.0,72.5384615385,49.0,1.14807566862,94.0,13.287445692,93.0
2016-10-13,3,0,19.0,23.0,1,76.0,74.9230769231,49.0,1.15210355987,94.0,13.9474924047,92.0
2016-10-14,4,0,19.0,23.0,0,78.0,75.3846153846,49.0,1.17899249732,94.0,14.3983891275,73.0
2016-10-15,5,1,21.0,25.0,1,78.0,76.1538461538,52.0,1.12125162973,94.0,13.9771580354,73.0
2016-10-16,6,1,20.0,26.0,1,78.0,76.8461538462,56.0,1.03635967777,94.0,13.5751251806,92.0
2016-10-17,0,0,20.0,25.0,1,78.0,79.6153846154,56.0,1.03568320279,94.0,12.6827469819,99.0
2016-10-18,1,0,20.0,25.0,1,79.0,82.6923076923,56.0,1.12892880051,99.0,12.1489766292,96.0
2016-10-19,2,0,20.0,24.0,0,80.0,85.4615384615,56.0,1.22571001495,99.0,10.6743069284,65.0
2016-10-20,3,0,20.0,23.0,0,79.0,85.8461538462,56.0,1.10826939471,99.0,9.80459981411,79.0
2016-10-21,4,0,0.0,21.0,0,79.0,85.7692307692,56.0,1.02761721259,99.0,9.85396324917,73.0
2016-10-22,5,1,19.0,23.0,0,78.0,84.5384615385,56.0,0.923207828122,99.0,10.3597994086,57.0
2016-10-23,6,1,18.0,23.0,1,76.0,82.0,56.0,0.893162393162,99.0,12.5268941451,95.0
2016-10-24,0,0,20.0,24.0,1,76.0,82.8461538462,56.0,0.93808630394,99.0,12.996130512,95.0
2016-10-25,1,0,18.0,22.0,1,76.0,83.2307692308,56.0,1.00713557594,99.0,13.2731878158,95.0
2016-10-26,2,0,19.0,21.0,0,76.0,83.3846153846,56.0,1.1377245509,99.0,13.3965464065,62.0
2016-10-27,3,0,18.0,22.0,0,76.0,81.0769230769,56.0,1.004784689,99.0,14.2691789342,79.0
2016-10-28,4,0,15.0,20.0,0,76.0,81.5384615385,56.0,0.941551964891,99.0,14.0964555535,63.0
2016-10-29,5,1,13.0,17.0,1,76.0,80.7692307692,56.0,0.826747720365,99.0,14.7968491768,69.0
2016-10-30,6,1,14.0,18.0,1,76.0,79.0,56.0,0.866174055829,99.0,14.723084961,102.0
2016-10-31,0,0,13.0,17.0,0,79.0,79.2307692308,56.0,0.95006090134,102.0,15.0545359694,97.0
