time_stamp,dayofweek,holiday,lt,ht,sunny,m2M,w2A,m1L,d3w3,m1Lar,w2Std,pay_sum
2016-08-01,0,0,28.0,34.0,1,188.0,238.076923077,147.0,0.829685219929,317.0,48.5187696249,287.0
2016-08-02,1,0,28.0,34.0,0,189.0,239.230769231,147.0,0.849740932642,317.0,49.4806160122,270.0
2016-08-03,2,0,26.0,32.0,0,189.0,239.923076923,147.0,1.01297096973,317.0,49.8419988772,421.0
2016-08-04,3,0,27.0,32.0,0,189.0,252.461538462,147.0,1.29570747218,421.0,69.4557029664,437.0
2016-08-05,4,0,27.0,33.0,0,189.0,263.923076923,147.0,1.44754571704,437.0,84.9420268712,522.0
2016-08-06,5,1,27.0,33.0,1,193.0,290.538461538,147.0,1.66154957558,522.0,105.049889528,173.0
2016-08-07,6,1,27.0,34.0,1,193.0,291.230769231,147.0,1.36665459375,522.0,104.240220974,156.0
2016-08-08,0,0,27.0,34.0,0,189.0,281.615384615,147.0,1.05826027482,522.0,110.327859974,256.0
2016-08-09,1,0,28.0,34.0,1,189.0,280.923076923,147.0,0.729653882133,522.0,110.458110082,274.0
2016-08-10,2,0,28.0,34.0,1,189.0,281.384615385,147.0,0.853552320518,522.0,110.415675073,299.0
2016-08-11,3,0,28.0,35.0,1,210.0,284.0,147.0,1.02364635426,522.0,110.39927536,276.0
2016-08-12,4,0,28.0,34.0,1,238.0,284.538461538,147.0,1.05067755708,522.0,110.34185717,242.0
2016-08-13,5,1,28.0,35.0,1,242.0,291.846153846,147.0,0.998838559814,522.0,103.951798115,195.0
2016-08-14,6,1,28.0,36.0,1,242.0,292.923076923,147.0,0.86676391928,522.0,102.864706916,187.0
2016-08-15,0,0,28.0,35.0,1,242.0,285.230769231,147.0,0.771799628942,522.0,106.688009453,197.0
2016-08-16,1,0,28.0,35.0,1,242.0,279.615384615,147.0,0.725291243893,522.0,109.232665206,217.0
2016-08-17,2,0,28.0,35.0,1,238.0,263.923076923,147.0,0.760134066907,522.0,102.222578823,199.0
2016-08-18,3,0,28.0,36.0,1,238.0,245.615384615,147.0,0.785142491194,522.0,90.1900032509,193.0
2016-08-19,4,0,29.0,36.0,1,238.0,220.307692308,147.0,0.791577305518,522.0,42.7863828363,171.0
2016-08-20,5,1,28.0,37.0,0,238.0,220.153846154,147.0,0.728378290963,522.0,42.9594552212,183.0
2016-08-21,6,1,28.0,35.0,0,238.0,222.230769231,147.0,0.707403815066,522.0,40.3830768938,176.0
2016-08-22,0,0,28.0,35.0,1,238.0,216.076923077,147.0,0.700502246894,522.0,40.8608549526,158.0
2016-08-23,1,0,26.0,34.0,1,238.0,207.153846154,147.0,0.698837523655,522.0,39.8918656714,173.0
2016-08-24,2,0,26.0,34.0,1,238.0,197.461538462,147.0,0.721605465414,522.0,30.6308426379,166.0
2016-08-25,3,0,27.0,35.0,1,238.0,189.0,147.0,0.750811994864,522.0,21.6404180253,152.0
2016-08-26,4,0,26.0,34.0,0,238.0,182.076923077,147.0,0.809629812845,522.0,17.5957229876,164.0
2016-08-27,5,1,23.0,31.0,1,238.0,179.692307692,147.0,0.796562551644,522.0,17.7823794176,160.0
2016-08-28,6,1,22.0,30.0,1,238.0,177.615384615,147.0,0.785867591217,522.0,18.3744741904,297.0
2016-08-29,0,0,23.0,31.0,1,242.0,185.307692308,152.0,1.01495464575,522.0,36.6865823625,155.0
2016-08-30,1,0,23.0,31.0,1,242.0,180.538461538,152.0,1.0303030303,522.0,36.2843797386,136.0
2016-08-31,2,0,25.0,34.0,1,242.0,175.692307692,136.0,1.03239399526,522.0,37.6755064595,144.0
2016-09-01,3,0,26.0,33.0,1,242.0,171.923076923,136.0,0.791268758527,522.0,38.2028221641,127.0
2016-09-02,4,0,25.0,34.0,1,238.0,168.538461538,127.0,0.764319248826,522.0,40.0396253433,252.0
2016-09-03,5,1,25.0,35.0,1,238.0,173.846153846,127.0,0.966638942796,522.0,45.7683904254,490.0
2016-09-04,6,1,25.0,33.0,1,238.0,198.0,127.0,1.48167092924,490.0,95.9150264958,436.0
2016-09-05,0,0,25.0,30.0,0,238.0,219.384615385,127.0,1.89282558046,490.0,113.914636367,167.0
2016-09-06,1,0,22.0,27.0,0,217.0,218.923076923,127.0,1.77766935025,490.0,114.113615138,156.0
2016-09-07,2,0,20.0,24.0,0,217.0,218.153846154,127.0,1.24753451677,490.0,114.500820389,139.0
2016-09-08,3,0,22.0,29.0,1,217.0,217.153846154,127.0,0.769615192404,490.0,115.129255891,157.0
2016-09-09,4,0,23.0,31.0,1,199.0,216.615384615,127.0,0.755600133735,490.0,115.392666386,228.0
2016-09-10,5,1,24.0,29.0,1,199.0,221.846153846,127.0,0.866187288206,490.0,114.243226464,394.0
2016-09-11,6,1,23.0,26.0,0,199.0,229.307692308,127.0,1.22167333177,490.0,121.824201597,425.0
2016-09-12,0,0,23.0,29.0,1,199.0,250.076923077,127.0,1.54493138557,490.0,130.11856223,139.0
2016-09-13,1,0,23.0,30.0,1,197.0,250.307692308,127.0,1.42432352067,490.0,129.91854526,164.0
2016-09-14,2,0,22.0,24.0,0,197.0,251.846153846,127.0,1.08284991819,490.0,128.763854313,127.0
2016-09-15,3,1,23.0,26.0,0,197.0,251.846153846,127.0,0.643183008002,490.0,128.763854313,319.0
2016-09-16,4,1,23.0,27.0,0,197.0,257.0,127.0,0.881757733449,490.0,130.001775136,197.0
2016-09-17,5,1,23.0,27.0,0,197.0,234.461538462,127.0,0.922062092206,490.0,111.773545366,407.0
2016-09-18,6,0,23.0,28.0,0,197.0,232.230769231,127.0,1.29298872312,490.0,107.953090843,145.0
2016-09-19,0,0,21.0,27.0,0,195.0,230.538461538,127.0,1.05144942795,490.0,109.128446115,153.0
2016-09-20,1,0,20.0,26.0,1,193.0,230.307692308,127.0,0.986151909358,490.0,109.288879451,151.0
2016-09-21,2,0,20.0,27.0,1,193.0,231.230769231,127.0,0.627138766674,490.0,108.562037455,139.0
2016-09-22,3,0,21.0,27.0,1,193.0,229.846153846,127.0,0.617206548241,490.0,109.609689461,166.0
2016-09-23,4,0,21.0,27.0,1,187.0,225.076923077,127.0,0.646946158757,490.0,110.92718439,249.0
2016-09-24,5,1,22.0,28.0,1,187.0,213.923076923,127.0,0.828473156872,490.0,100.147169812,436.0
2016-09-25,6,1,23.0,29.0,1,187.0,214.769230769,127.0,1.27261851353,490.0,101.957120584,494.0
2016-09-26,0,0,24.0,31.0,1,187.0,242.076923077,127.0,1.64263322884,494.0,123.311027355,140.0
2016-09-27,1,0,25.0,30.0,0,183.0,240.230769231,127.0,1.49577130076,494.0,124.6386493,151.0
2016-09-28,2,0,22.0,28.0,0,183.0,242.076923077,127.0,1.09461061145,494.0,123.116243719,124.0
2016-09-29,3,0,22.0,25.0,0,183.0,227.076923077,124.0,0.582701488346,494.0,124.699306974,120.0
2016-09-30,4,0,23.0,28.0,0,176.0,221.153846154,120.0,0.567528735632,494.0,127.777960152,166.0
2016-10-01,5,1,24.0,29.0,0,173.0,202.615384615,120.0,0.619522514355,494.0,116.450411012,133.0
2016-10-02,6,1,24.0,32.0,1,173.0,201.692307692,120.0,0.677993527508,494.0,116.949946305,114.0
2016-10-03,0,1,22.0,26.0,1,171.0,198.692307692,114.0,0.672364672365,494.0,118.648404064,103.0
2016-10-04,1,1,22.0,26.0,1,167.0,195.0,103.0,0.578416790613,494.0,120.802445212,140.0
2016-10-05,2,1,22.0,27.0,1,166.0,195.076923077,103.0,0.588089943168,494.0,120.767074944,131.0
2016-10-06,3,1,22.0,26.0,0,166.0,192.384615385,103.0,0.64610866373,494.0,121.771247371,165.0
2016-10-07,4,1,20.0,25.0,0,166.0,185.923076923,103.0,0.759515721627,494.0,120.820567237,335.0
2016-10-08,5,0,17.0,22.0,0,166.0,178.153846154,103.0,1.12028406569,494.0,106.939843732,141.0
2016-10-09,6,0,18.0,22.0,1,166.0,151.0,103.0,1.13925175509,494.0,55.9574013803,121.0
2016-10-10,0,0,18.0,22.0,1,165.0,149.538461538,103.0,1.07018015596,494.0,56.4713887865,114.0
2016-10-11,1,0,19.0,25.0,1,164.0,146.692307692,103.0,0.680789426037,494.0,57.2529940304,115.0
2016-10-12,2,0,19.0,23.0,1,164.0,146.0,103.0,0.63787133224,494.0,57.576704691,122.0
2016-10-13,3,0,19.0,23.0,1,160.0,146.153846154,103.0,0.647482014388,494.0,57.5096595951,128.0
2016-10-14,4,0,19.0,23.0,0,158.0,143.230769231,103.0,0.696631357954,494.0,57.3922453166,269.0
2016-10-15,5,1,21.0,25.0,1,158.0,153.692307692,103.0,1.040288635,494.0,66.2807369805,394.0
2016-10-16,6,1,20.0,26.0,1,158.0,175.230769231,103.0,1.63463525522,494.0,90.8304878044,445.0
2016-10-17,0,0,20.0,25.0,1,158.0,201.538461538,103.0,2.09194751251,494.0,112.937433587,181.0
2016-10-18,1,0,20.0,25.0,1,158.0,204.692307692,103.0,1.90957596181,494.0,111.741036202,191.0
2016-10-19,2,0,20.0,24.0,0,158.0,209.307692308,103.0,1.5012862918,494.0,109.824604652,177.0
2016-10-20,3,0,20.0,23.0,0,158.0,210.230769231,103.0,0.993215739484,494.0,109.498264016,155.0
2016-10-21,4,0,0.0,21.0,0,157.0,196.384615385,103.0,0.949011068772,494.0,104.092812477,215.0
2016-10-22,5,1,19.0,23.0,0,157.0,202.076923077,103.0,0.970891018814,494.0,102.925261561,382.0
2016-10-23,6,1,18.0,23.0,1,157.0,222.153846154,103.0,1.24585818423,494.0,110.340623772,474.0
2016-10-24,0,0,20.0,24.0,1,160.0,249.846153846,103.0,1.62457337884,494.0,124.04580181,157.0
2016-10-25,1,0,18.0,22.0,1,157.0,253.076923077,103.0,1.53067391961,474.0,121.001246998,184.0
2016-10-26,2,0,19.0,21.0,0,157.0,257.846153846,103.0,1.21687196715,474.0,116.893012329,149.0
2016-10-27,3,0,18.0,22.0,0,157.0,259.461538462,103.0,0.734247396419,474.0,115.220601379,204.0
2016-10-28,4,0,15.0,20.0,0,157.0,254.461538462,103.0,0.829087540528,474.0,116.105134972,275.0
2016-10-29,5,1,13.0,17.0,1,164.0,245.307692308,103.0,0.94040131776,474.0,109.230444203,447.0
2016-10-30,6,1,14.0,18.0,1,165.0,245.461538462,103.0,1.2920329287,474.0,109.512637405,482.0
2016-10-31,0,0,13.0,17.0,0,166.0,268.615384615,103.0,1.55978753725,482.0,124.262463211,193.0
