time_stamp,dayofweek,holiday,lt,ht,sunny,m2M,w2A,m1L,d3w3,m1Lar,w2Std,pay_sum
2016-08-01,0,0,27.0,37.0,1,62.0,53.4615384615,31.0,1.09389243391,77.0,10.993812138,77.0
2016-08-02,1,0,26.0,36.0,0,62.0,56.3076923077,31.0,1.10623353819,77.0,11.8930142093,59.0
2016-08-03,2,0,25.0,31.0,0,62.0,57.0,31.0,1.11210228962,77.0,11.7669681083,53.0
2016-08-04,3,0,25.0,29.0,0,61.0,57.4615384615,31.0,1.13615870153,77.0,11.4798511423,42.0
2016-08-05,4,0,25.0,31.0,0,61.0,57.0,31.0,0.92575894199,77.0,11.9614766261,62.0
2016-08-06,5,1,24.0,32.0,0,61.0,59.3846153846,31.0,0.948927168329,77.0,9.3441751625,45.0
2016-08-07,6,1,25.0,32.0,0,61.0,57.5384615385,31.0,0.920605498919,77.0,9.62860629435,43.0
2016-08-08,0,0,26.0,32.0,0,61.0,57.2307692308,31.0,0.92936802974,77.0,10.016554345,43.0
2016-08-09,1,0,26.0,32.0,0,61.0,56.0769230769,31.0,0.809391411801,77.0,10.7019878704,34.0
2016-08-10,2,0,26.0,34.0,0,61.0,54.3076923077,31.0,0.752587017874,77.0,12.1995246779,47.0
2016-08-11,3,0,27.0,35.0,0,61.0,52.6923076923,31.0,0.777673251803,77.0,11.6578439449,42.0
2016-08-12,4,0,28.0,38.0,1,61.0,50.6923076923,31.0,0.77578051088,77.0,11.0758546493,44.0
2016-08-13,5,1,28.0,37.0,1,59.0,49.3846153846,31.0,0.828660436137,77.0,10.7813119049,63.0
2016-08-14,6,1,28.0,37.0,1,61.0,50.3076923077,31.0,0.9335839599,77.0,11.3773365505,62.0
2016-08-15,0,0,28.0,37.0,1,61.0,49.1538461538,31.0,1.04417670683,77.0,9.15546204225,60.0
2016-08-16,1,0,27.0,37.0,1,60.0,49.2307692308,31.0,1.14091890225,77.0,9.24166024174,46.0
2016-08-17,2,0,27.0,36.0,1,59.0,48.6923076923,31.0,1.04672897196,77.0,9.21023356744,56.0
2016-08-18,3,0,28.0,37.0,1,59.0,49.7692307692,31.0,1.02079395085,77.0,9.18321081903,61.0
2016-08-19,4,0,27.0,37.0,1,60.0,49.6923076923,31.0,1.03393593403,77.0,9.08409104199,72.0
2016-08-20,5,1,26.0,36.0,1,60.0,51.7692307692,31.0,1.18644067797,77.0,10.7141448286,68.0
2016-08-21,6,1,26.0,34.0,1,60.0,53.6923076923,31.0,1.24189063948,77.0,11.2001690604,68.0
2016-08-22,0,0,27.0,33.0,1,60.0,55.6153846154,34.0,1.29595015576,77.0,11.3445240029,69.0
2016-08-23,1,0,27.0,34.0,1,60.0,58.3076923077,34.0,1.26543209877,77.0,9.96443379367,67.0
2016-08-24,2,0,27.0,34.0,1,60.0,59.8461538462,34.0,1.24314442413,77.0,9.63843391242,70.0
2016-08-25,3,0,24.0,35.0,0,60.0,62.0,34.0,1.22400475342,77.0,8.46713101896,59.0
2016-08-26,4,0,21.0,27.0,0,59.0,63.1538461538,34.0,1.16770926422,77.0,6.79192001681,61.0
2016-08-27,5,1,18.0,27.0,1,60.0,63.0,34.0,1.11600587372,77.0,6.81627012827,89.0
2016-08-28,6,1,18.0,30.0,1,60.0,65.0769230769,34.0,1.17979113745,89.0,9.69902087415,90.0
2016-08-29,0,0,19.0,31.0,1,60.0,67.3846153846,34.0,1.30293159609,90.0,11.5993266485,69.0
2016-08-30,1,0,20.0,31.0,1,61.0,69.1538461538,34.0,1.30905252045,90.0,9.82027850025,80.0
2016-08-31,2,0,21.0,32.0,1,61.0,71.0,34.0,1.22942386831,90.0,9.42174244868,83.0
2016-09-01,3,0,21.0,31.0,1,61.0,72.6923076923,34.0,1.15681874844,90.0,9.4493354702,103.0
2016-09-02,4,0,22.0,33.0,1,61.0,75.0769230769,34.0,1.27029608405,103.0,12.4187298896,95.0
2016-09-03,5,1,22.0,33.0,1,61.0,77.1538461538,34.0,1.31185807656,103.0,13.2887815836,92.0
2016-09-04,6,1,22.0,31.0,1,61.0,79.0,34.0,1.3260173754,103.0,13.5533135318,102.0
2016-09-05,0,0,23.0,32.0,1,61.0,81.5384615385,34.0,1.28444444444,103.0,14.4999489899,91.0
2016-09-06,1,0,21.0,31.0,1,61.0,83.3846153846,34.0,1.22977346278,103.0,14.0523113978,72.0
2016-09-07,2,0,23.0,32.0,1,62.0,83.5384615385,34.0,1.13175314969,103.0,13.9152123985,92.0
2016-09-08,3,0,22.0,32.0,1,62.0,86.0769230769,42.0,1.06783919598,103.0,12.0987064691,84.0
2016-09-09,4,0,21.0,31.0,0,62.0,87.8461538462,42.0,1.03075644223,103.0,9.75741259719,83.0
2016-09-10,5,1,22.0,32.0,1,62.0,87.3846153846,44.0,1.06650195594,103.0,9.83352555557,109.0
2016-09-11,6,1,20.0,31.0,1,62.0,88.8461538462,46.0,1.10843373494,109.0,11.4007162653,96.0
2016-09-12,0,0,22.0,33.0,1,62.0,90.9230769231,46.0,1.13811499704,109.0,9.96502760397,76.0
2016-09-13,1,0,21.0,32.0,1,63.0,90.6153846154,46.0,1.10455974843,109.0,10.3518000036,99.0
2016-09-14,2,0,21.0,31.0,1,63.0,91.8461538462,46.0,1.04734299517,109.0,10.3243264176,103.0
2016-09-15,3,1,23.0,31.0,0,63.0,91.8461538462,56.0,1.04767288487,109.0,10.3243264176,76.0
2016-09-16,4,1,22.0,30.0,0,67.0,90.3846153846,59.0,1.03886397608,109.0,11.0908032694,68.0
2016-09-17,5,1,21.0,32.0,1,68.0,88.5384615385,59.0,0.934013991303,109.0,12.5674511498,82.0
2016-09-18,6,0,20.0,31.0,1,68.0,87.0,59.0,0.858499525166,109.0,12.0384000981,81.0
2016-09-19,0,0,18.0,29.0,1,68.0,86.2307692308,59.0,0.871533672892,109.0,12.0776579884,70.0
2016-09-20,1,0,18.0,27.0,1,68.0,86.0769230769,59.0,0.884082716752,109.0,12.2691704845,73.0
2016-09-21,2,0,17.0,28.0,1,68.0,84.6153846154,59.0,0.854798702538,109.0,12.6036530818,92.0
2016-09-22,3,0,17.0,30.0,1,68.0,85.2307692308,59.0,0.902457757296,109.0,12.7530017351,75.0
2016-09-23,4,0,18.0,31.0,1,69.0,84.6153846154,59.0,0.932400932401,109.0,13.0356815734,94.0
2016-09-24,5,1,22.0,32.0,1,69.0,83.4615384615,61.0,1.01280558789,109.0,11.3856548382,123.0
2016-09-25,6,1,23.0,30.0,1,70.0,85.5384615385,68.0,1.11941728963,123.0,15.2800291211,101.0
2016-09-26,0,0,23.0,33.0,1,70.0,87.4615384615,68.0,1.21212121212,123.0,15.5297005004,109.0
2016-09-27,1,0,22.0,32.0,1,72.0,88.2307692308,68.0,1.24300111982,123.0,16.3102320228,67.0
2016-09-28,2,0,16.0,25.0,0,72.0,85.4615384615,67.0,1.04864660231,123.0,16.6207256373,41.0
2016-09-29,3,0,15.0,18.0,0,72.0,82.7692307692,41.0,0.842064415988,123.0,20.3513516699,49.0
2016-09-30,4,0,17.0,20.0,0,70.0,81.3076923077,41.0,0.621536025337,123.0,21.976857112,54.0
2016-10-01,5,1,17.0,20.0,0,70.0,79.1538461538,41.0,0.589318600368,123.0,23.1445163927,50.0
2016-10-02,6,1,16.0,23.0,0,70.0,76.7692307692,41.0,0.644346178143,123.0,24.3946836773,43.0
2016-10-03,0,1,18.0,29.0,1,70.0,74.6923076923,41.0,0.632258064516,123.0,25.9804204839,51.0
2016-10-04,1,1,17.0,30.0,1,70.0,73.0,41.0,0.639147802929,123.0,26.7409222555,47.0
2016-10-05,2,1,18.0,30.0,1,70.0,69.5384615385,41.0,0.650069156293,123.0,26.9689718712,44.0
2016-10-06,3,1,19.0,29.0,1,70.0,67.1538461538,41.0,0.669495520981,123.0,27.7401296482,48.0
2016-10-07,4,1,19.0,27.0,1,70.0,63.6153846154,41.0,0.664753706361,123.0,27.0143507775,64.0
2016-10-08,5,0,16.0,26.0,1,70.0,59.0769230769,41.0,0.755813953488,123.0,20.9264703131,34.0
2016-10-09,6,0,16.0,24.0,1,70.0,53.9230769231,34.0,0.732380235766,123.0,18.0147868258,63.0
2016-10-10,0,0,16.0,23.0,1,70.0,50.3846153846,34.0,0.811901159859,123.0,9.21986535475,61.0
2016-10-11,1,0,16.0,21.0,1,70.0,49.9230769231,34.0,0.804071246819,123.0,8.49852058131,46.0
2016-10-12,2,0,16.0,19.0,1,70.0,50.3076923077,34.0,0.896624472574,123.0,8.19366185991,52.0
2016-10-13,3,0,15.0,18.0,0,70.0,50.5384615385,34.0,0.85414987913,123.0,8.19582806269,61.0
2016-10-14,4,0,15.0,19.0,1,70.0,51.0769230769,34.0,0.877483443709,123.0,8.62430856503,59.0
2016-10-15,5,1,16.0,23.0,1,70.0,51.7692307692,34.0,1.00233100233,123.0,8.86786633043,69.0
2016-10-16,6,1,16.0,24.0,1,70.0,53.7692307692,34.0,1.13309352518,123.0,9.56881028015,89.0
2016-10-17,0,0,16.0,23.0,1,72.0,56.6923076923,34.0,1.32478632479,123.0,13.3381155132,72.0
2016-10-18,1,0,18.0,25.0,1,72.0,58.6153846154,34.0,1.39775144333,123.0,13.6016880261,56.0
2016-10-19,2,0,18.0,24.0,0,72.0,59.5384615385,34.0,1.30095923261,123.0,12.9710647485,66.0
2016-10-20,3,0,19.0,23.0,0,72.0,60.9230769231,34.0,1.14555653971,123.0,12.6214807035,90.0
2016-10-21,4,0,18.0,24.0,0,72.0,62.9230769231,34.0,1.21316165951,123.0,14.8192262772,64.0
2016-10-22,5,1,16.0,21.0,0,72.0,65.2307692308,34.0,1.24399208369,123.0,12.2484149439,87.0
2016-10-23,6,1,15.0,18.0,1,73.0,67.0769230769,34.0,1.31370945762,123.0,13.5161529487,60.0
2016-10-24,0,0,12.0,16.0,0,73.0,67.0,34.0,1.14177489177,109.0,13.5533135318,66.0
2016-10-25,1,0,12.0,16.0,0,73.0,68.5384615385,34.0,1.13509192646,109.0,12.1441051519,44.0
2016-10-26,2,0,13.0,16.0,0,72.0,67.9230769231,34.0,0.905941913136,90.0,13.1293068448,54.0
2016-10-27,3,0,12.0,16.0,0,72.0,67.3846153846,34.0,0.86979581013,90.0,13.5393356361,61.0
2016-10-28,4,0,9.0,14.0,0,72.0,67.5384615385,34.0,0.845295055821,90.0,13.4542837594,58.0
2016-10-29,5,1,7.0,11.0,0,70.0,66.6923076923,34.0,0.902451747522,90.0,13.6797695403,65.0
2016-10-30,6,1,9.0,15.0,0,69.0,64.8461538462,34.0,0.958333333333,90.0,12.0693263711,67.0
2016-10-31,0,0,9.0,14.0,0,68.0,64.4615384615,34.0,0.984966303784,90.0,11.913892244,55.0
