time_stamp,dayofweek,holiday,lt,ht,sunny,m2M,w2A,m1L,d3w3,m1Lar,w2Std,pay_sum
2016-08-01,0,0,25.0,29.0,1,52.0,51.9230769231,33.0,1.22568093385,72.0,9.06779201741,35.0
2016-08-02,1,0,25.0,31.0,0,52.0,52.0769230769,33.0,1.06375949785,72.0,8.75707659739,71.0
2016-08-03,2,0,25.0,30.0,1,52.0,54.4615384615,33.0,1.11435050211,72.0,9.34480838685,41.0
2016-08-04,3,0,25.0,30.0,1,52.0,53.7692307692,33.0,0.96837944664,72.0,9.9626521504,50.0
2016-08-05,4,0,25.0,30.0,1,52.0,53.7692307692,33.0,1.05778648384,72.0,9.9626521504,44.0
2016-08-06,5,1,26.0,30.0,0,52.0,53.1538461538,33.0,0.898203592814,72.0,10.2944806261,73.0
2016-08-07,6,1,26.0,30.0,1,52.0,53.9230769231,33.0,1.08617886179,73.0,11.3236412903,57.0
2016-08-08,0,0,26.0,29.0,0,53.0,54.3846153846,33.0,1.10898661568,73.0,11.3173689626,32.0
2016-08-09,1,0,26.0,30.0,1,53.0,53.1538461538,32.0,1.03349282297,73.0,12.7269922354,247.0
2016-08-10,2,0,27.0,31.0,1,53.0,68.0769230769,32.0,1.78913738019,247.0,53.1955196761,189.0
2016-08-11,3,0,27.0,31.0,1,53.0,79.0769230769,32.0,2.24299065421,247.0,61.6122634377,261.0
2016-08-12,4,0,27.0,32.0,1,53.0,94.3076923077,32.0,2.90054099043,261.0,78.0388311778,258.0
2016-08-13,5,1,27.0,31.0,1,54.0,109.538461538,32.0,2.61061946903,261.0,88.479998074,303.0
2016-08-14,6,1,26.0,31.0,1,54.0,127.769230769,32.0,2.67578125,303.0,101.141297847,285.0
2016-08-15,0,0,26.0,32.0,1,54.0,147.0,32.0,2.47151621385,303.0,105.353617002,77.0
2016-08-16,1,0,25.0,32.0,1,55.0,147.461538462,32.0,1.91836145969,303.0,105.032313991,67.0
2016-08-17,2,0,26.0,30.0,1,55.0,149.461538462,32.0,1.23010752688,303.0,103.217928813,80.0
2016-08-18,3,0,26.0,31.0,1,56.0,151.769230769,32.0,0.633036597428,303.0,101.285699383,78.0
2016-08-19,4,0,25.0,30.0,0,57.0,154.384615385,32.0,0.631844987363,303.0,98.8795214557,99.0
2016-08-20,5,1,25.0,29.0,0,57.0,156.384615385,32.0,0.710042823594,303.0,97.4660007478,106.0
2016-08-21,6,1,26.0,30.0,0,57.0,160.153846154,32.0,0.769126239978,303.0,94.4505130123,89.0
2016-08-22,0,0,24.0,32.0,1,57.0,164.538461538,32.0,0.781810929398,303.0,89.5979184035,84.0
2016-08-23,1,0,25.0,31.0,1,58.0,152.0,32.0,0.738095238095,303.0,88.5802547889,71.0
2016-08-24,2,0,25.0,31.0,1,58.0,142.923076923,32.0,0.637908496732,303.0,90.3518434859,68.0
2016-08-25,3,0,22.0,30.0,0,58.0,128.076923077,32.0,0.578920041537,303.0,85.4539565978,64.0
2016-08-26,4,0,21.0,29.0,1,58.0,113.153846154,32.0,0.522926326636,303.0,78.0836298749,70.0
2016-08-27,5,1,19.0,29.0,1,60.0,95.2307692308,32.0,0.520954223082,303.0,56.0949111173,70.0
2016-08-28,6,1,20.0,29.0,1,60.0,78.6923076923,32.0,0.523479599692,303.0,12.3249878476,63.0
2016-08-29,0,0,22.0,29.0,1,61.0,77.6153846154,32.0,0.514771142386,303.0,13.017966647,46.0
2016-08-30,1,0,22.0,29.0,1,61.0,76.0,32.0,0.4914881933,303.0,15.3322184656,49.0
2016-08-31,2,0,22.0,30.0,1,60.0,73.6153846154,32.0,0.460372960373,303.0,16.8593204605,60.0
2016-09-01,3,0,22.0,29.0,1,60.0,72.2307692308,32.0,0.49512857371,303.0,17.1784921258,49.0
2016-09-02,4,0,21.0,29.0,1,60.0,68.3846153846,32.0,0.560880369187,303.0,16.3308978581,60.0
2016-09-03,5,1,23.0,29.0,1,60.0,64.8461538462,32.0,0.689092762487,303.0,12.2778484324,57.0
2016-09-04,6,1,23.0,29.0,1,60.0,62.3846153846,32.0,0.786543473111,303.0,10.2246945528,60.0
2016-09-05,0,0,23.0,30.0,1,60.0,60.5384615385,32.0,0.848920863309,303.0,8.10142802811,57.0
2016-09-06,1,0,24.0,30.0,1,60.0,59.4615384615,32.0,0.840579710145,303.0,7.55100996419,50.0
2016-09-07,2,0,21.0,26.0,0,60.0,58.0769230769,46.0,0.824691358025,303.0,7.50857497964,52.0
2016-09-08,3,0,22.0,29.0,1,60.0,57.1538461538,46.0,0.800604229607,303.0,7.4611419403,57.0
2016-09-09,4,0,24.0,30.0,1,60.0,56.1538461538,46.0,0.826833073323,303.0,6.47891436592,41.0
2016-09-10,5,1,21.0,27.0,0,60.0,53.9230769231,41.0,0.821692686935,303.0,6.31800283027,59.0
2016-09-11,6,1,22.0,27.0,1,60.0,53.6153846154,41.0,0.881774782365,303.0,5.95545595411,61.0
2016-09-12,0,0,20.0,28.0,1,60.0,54.7692307692,41.0,0.922107674685,285.0,5.81977855981,37.0
2016-09-13,1,0,21.0,27.0,1,60.0,53.8461538462,37.0,0.926253687316,106.0,7.39902440395,34.0
2016-09-14,2,0,21.0,28.0,1,60.0,51.8461538462,34.0,0.802919708029,106.0,8.83912764445,65.0
2016-09-15,3,1,22.0,27.0,1,60.0,53.0769230769,34.0,0.826496505621,106.0,9.44996164796,64.0
2016-09-16,4,1,22.0,27.0,1,60.0,53.3846153846,34.0,0.996028108769,106.0,9.73130129284,41.0
2016-09-17,5,1,20.0,29.0,1,60.0,52.1538461538,34.0,1.06716886378,106.0,10.1968785106,54.0
2016-09-18,6,0,19.0,27.0,1,60.0,51.6923076923,34.0,1.00664767331,106.0,9.96443379367,42.0
2016-09-19,0,0,17.0,26.0,1,60.0,50.5384615385,34.0,0.870670479822,89.0,10.14976608,47.0
2016-09-20,1,0,19.0,26.0,1,60.0,50.3076923077,34.0,0.910538045209,84.0,10.1933961683,41.0
2016-09-21,2,0,19.0,24.0,1,60.0,49.4615384615,34.0,0.843060959792,71.0,10.4705843244,43.0
2016-09-22,3,0,20.0,25.0,1,60.0,48.3846153846,34.0,0.85453359426,70.0,10.3592282274,38.0
2016-09-23,4,0,21.0,25.0,1,60.0,48.1538461538,34.0,0.813333333333,70.0,10.5527696244,47.0
2016-09-24,5,1,21.0,25.0,1,60.0,47.2307692308,34.0,0.861952861953,70.0,10.077803837,55.0
2016-09-25,6,1,22.0,25.0,1,60.0,46.7692307692,34.0,0.947546531303,70.0,9.56076796202,62.0
2016-09-26,0,0,21.0,25.0,1,60.0,48.6923076923,34.0,1.10437710438,65.0,9.91024811755,39.0
2016-09-27,1,0,16.0,25.0,1,60.0,49.0769230769,34.0,1.06230847804,65.0,9.41734519557,45.0
2016-09-28,2,0,13.0,18.0,1,60.0,47.5384615385,34.0,1.00137174211,65.0,8.25194974271,44.0
2016-09-29,3,0,15.0,22.0,1,59.0,46.0,34.0,0.889815780327,65.0,6.77097879528,32.0
2016-09-30,4,0,16.0,21.0,1,59.0,45.3076923077,32.0,0.849122807018,65.0,7.64988300951,49.0
2016-10-01,5,1,19.0,23.0,1,57.0,44.9230769231,32.0,0.886524822695,65.0,7.32184863649,56.0
2016-10-02,6,1,15.0,21.0,0,57.0,46.0,32.0,0.976827094474,65.0,7.82500921602,41.0
2016-10-03,0,1,18.0,24.0,1,57.0,45.5384615385,32.0,1.03656372027,65.0,7.92867613952,68.0
2016-10-04,1,1,19.0,25.0,1,59.0,47.6153846154,32.0,1.13052415211,68.0,9.78647781017,49.0
2016-10-05,2,1,16.0,24.0,1,57.0,48.0769230769,32.0,1.10066179032,68.0,9.69902087415,44.0
2016-10-06,3,1,16.0,21.0,1,57.0,48.5384615385,32.0,1.14549982213,68.0,9.34480838685,46.0
2016-10-07,4,1,15.0,22.0,1,57.0,48.4615384615,32.0,0.983722576079,68.0,9.36125718559,41.0
2016-10-08,5,0,12.0,19.0,1,57.0,47.3846153846,32.0,0.940078937926,68.0,9.35240373494,29.0
2016-10-09,6,0,13.0,18.0,1,57.0,44.8461538462,29.0,0.844250363901,68.0,9.51796805922,54.0
2016-10-10,0,0,15.0,19.0,1,56.0,46.0,29.0,0.895630191405,68.0,9.64763821238,32.0
2016-10-11,1,0,15.0,22.0,1,55.0,45.0,29.0,0.838803792852,68.0,10.347797982,36.0
2016-10-12,2,0,16.0,20.0,1,54.0,44.3846153846,29.0,0.896729143697,68.0,10.6231855395,28.0
2016-10-13,3,0,16.0,22.0,1,54.0,44.0769230769,28.0,0.713489409142,68.0,11.0276682692,33.0
2016-10-14,4,0,17.0,22.0,1,52.0,42.8461538462,28.0,0.73235183088,68.0,11.2990547858,47.0
2016-10-15,5,1,17.0,21.0,1,50.0,42.1538461538,28.0,0.822857142857,68.0,10.7334570662,55.0
2016-10-16,6,1,15.0,19.0,0,50.0,43.2307692308,28.0,1.03686635945,68.0,11.2534018525,25.0
2016-10-17,0,0,16.0,23.0,1,49.0,39.9230769231,25.0,0.991412958626,68.0,9.69902087415,38.0
2016-10-18,1,0,16.0,21.0,1,49.0,39.0769230769,25.0,0.928768201495,68.0,9.34354189523,33.0
2016-10-19,2,0,16.0,22.0,1,49.0,38.2307692308,25.0,0.765550239234,68.0,9.3574638753,54.0
2016-10-20,3,0,16.0,21.0,1,49.0,38.8461538462,25.0,0.971250971251,68.0,10.083086782,17.0
2016-10-21,4,0,17.0,20.0,0,49.0,37.0,17.0,0.839386602098,68.0,11.6023870223,41.0
2016-10-22,5,1,11.0,17.0,1,47.0,37.9230769231,17.0,0.92067406494,68.0,11.4048676414,48.0
2016-10-23,6,1,12.0,15.0,0,47.0,37.4615384615,17.0,0.863895680522,68.0,10.8529711254,40.0
2016-10-24,0,0,13.0,17.0,0,47.0,38.0769230769,17.0,1.08860759494,68.0,10.7521843109,42.0
2016-10-25,1,0,13.0,17.0,1,47.0,38.5384615385,17.0,1.10685398042,68.0,10.7818607258,44.0
2016-10-26,2,0,12.0,17.0,0,46.0,39.7692307692,17.0,1.07279693487,68.0,10.4156232219,36.0
2016-10-27,3,0,12.0,15.0,1,46.0,40.0,17.0,1.05217766279,68.0,10.295630141,42.0
2016-10-28,4,0,9.0,14.0,1,45.0,39.6153846154,17.0,1.05081826012,68.0,10.1188207092,30.0
2016-10-29,5,1,8.0,13.0,1,44.0,37.6923076923,17.0,0.929032258065,68.0,9.35936072262,61.0
2016-10-30,6,1,9.0,16.0,1,44.0,40.4615384615,17.0,1.13384484228,68.0,10.4558808231,43.0
2016-10-31,0,0,3.0,9.0,1,44.0,40.8461538462,17.0,1.12652374947,68.0,10.4502201217,32.0
