time_stamp,dayofweek,holiday,lt,ht,sunny,m2M,w2A,m1L,d3w3,m1Lar,w2Std,pay_sum
2016-08-01,0,0,27.0,32.0,0,86.0,92.6153846154,69.0,0.921526277898,118.0,10.6376577927,76.0
2016-08-02,1,0,26.0,34.0,0,86.0,91.0,69.0,0.871459694989,118.0,11.4152394766,110.0
2016-08-03,2,0,26.0,36.0,1,86.0,91.7692307692,69.0,0.956537552282,118.0,12.2985543,113.0
2016-08-04,3,0,26.0,37.0,1,87.0,92.0769230769,69.0,1.06823865666,118.0,12.7669135988,110.0
2016-08-05,4,0,26.0,35.0,0,88.0,94.6153846154,69.0,1.19483315393,118.0,12.7974664652,109.0
2016-08-06,5,1,26.0,35.0,0,88.0,97.2307692308,69.0,1.1716957826,118.0,11.9688945968,86.0
2016-08-07,6,1,26.0,34.0,0,88.0,96.3076923077,69.0,1.0701754386,118.0,12.3312274976,76.0
2016-08-08,0,0,26.0,35.0,0,88.0,95.3846153846,69.0,0.958952583156,118.0,13.3274641915,98.0
2016-08-09,1,0,26.0,33.0,0,88.0,94.8461538462,75.0,0.919540229885,118.0,13.0669645339,86.0
2016-08-10,2,0,26.0,34.0,1,88.0,93.7692307692,75.0,0.926420808837,118.0,13.1742980905,82.0
2016-08-11,3,0,26.0,30.0,0,88.0,92.4615384615,75.0,0.961677512654,118.0,13.431394822,99.0
2016-08-12,4,0,26.0,32.0,0,88.0,93.0,75.0,0.953912111468,118.0,13.5419575906,115.0
2016-08-13,5,1,26.0,30.0,0,89.0,95.1538461538,75.0,1.03532703743,118.0,14.6016129449,87.0
2016-08-14,6,1,27.0,33.0,0,89.0,95.9230769231,75.0,1.05892700088,115.0,13.8700648241,78.0
2016-08-15,0,0,27.0,34.0,0,89.0,96.0769230769,75.0,0.990274093722,115.0,13.6576917661,114.0
2016-08-16,1,0,26.0,34.0,1,90.0,96.3846153846,75.0,0.982048574446,115.0,14.008450535,82.0
2016-08-17,2,0,26.0,34.0,0,90.0,94.0,75.0,0.973702914001,115.0,13.6099511105,80.0
2016-08-18,3,0,26.0,33.0,0,90.0,91.6923076923,75.0,0.99084544965,115.0,13.2397107532,86.0
2016-08-19,4,0,27.0,35.0,0,90.0,89.9230769231,75.0,0.893210877003,115.0,12.3129796335,121.0
2016-08-20,5,1,27.0,36.0,0,91.0,92.6153846154,75.0,1.01503094607,121.0,14.7467778047,77.0
2016-08-21,6,1,26.0,35.0,1,90.0,92.6923076923,75.0,1.00442086649,121.0,14.6622729657,82.0
2016-08-22,0,0,26.0,35.0,1,89.0,91.4615384615,76.0,0.987132028909,121.0,14.8355881095,110.0
2016-08-23,1,0,26.0,35.0,1,89.0,93.3076923077,76.0,0.948351842059,121.0,15.5186469245,114.0
2016-08-24,2,0,27.0,36.0,1,91.0,95.7692307692,76.0,1.07822410148,121.0,16.0583256439,111.0
2016-08-25,3,0,27.0,36.0,0,92.0,96.6923076923,76.0,1.17978517345,121.0,16.5547326042,107.0
2016-08-26,4,0,26.0,35.0,0,92.0,96.0769230769,76.0,1.17045654856,121.0,16.0022187811,128.0
2016-08-27,5,1,26.0,34.0,0,92.0,99.2307692308,76.0,1.19330919124,128.0,17.8375310734,93.0
2016-08-28,6,1,24.0,29.0,0,92.0,100.384615385,76.0,1.12136752137,128.0,16.8866741342,60.0
2016-08-29,0,0,22.0,33.0,1,92.0,96.2307692308,60.0,0.979776847978,128.0,19.4705056872,98.0
2016-08-30,1,0,23.0,33.0,1,92.0,97.4615384615,60.0,0.869715869716,128.0,19.0328274492,91.0
2016-08-31,2,0,25.0,34.0,1,92.0,98.3076923077,60.0,0.858768753233,128.0,18.4740342326,90.0
2016-09-01,3,0,25.0,33.0,0,92.0,98.6153846154,60.0,0.966735966736,128.0,18.2989636593,96.0
2016-09-02,4,0,26.0,31.0,0,93.0,96.6923076923,60.0,0.969378827647,128.0,17.121217675,123.0
2016-09-03,5,1,25.0,32.0,1,93.0,100.230769231,60.0,1.06130860381,128.0,17.4362745057,89.0
2016-09-04,6,1,24.0,33.0,1,92.0,100.769230769,60.0,1.05191256831,128.0,16.9667269232,86.0
2016-09-05,0,0,26.0,32.0,1,92.0,98.9230769231,60.0,1.03257103257,128.0,17.1664320851,103.0
2016-09-06,1,0,25.0,32.0,0,92.0,98.0769230769,60.0,0.952870608398,128.0,16.666232736,121.0
2016-09-07,2,0,26.0,32.0,0,92.0,98.8461538462,60.0,1.04061765693,128.0,17.4569631417,111.0
2016-09-08,3,0,25.0,30.0,0,93.0,99.1538461538,60.0,1.1105585944,128.0,17.6323398414,106.0
2016-09-09,4,0,25.0,32.0,1,96.0,97.4615384615,60.0,1.1289245157,128.0,15.7363634965,88.0
2016-09-10,5,1,24.0,30.0,1,96.0,97.0769230769,60.0,1.01312074406,128.0,15.9009508108,91.0
2016-09-11,6,1,24.0,28.0,0,93.0,99.4615384615,60.0,0.94246031746,128.0,12.0103505657,81.0
2016-09-12,0,0,22.0,28.0,1,93.0,98.1538461538,60.0,0.872336856232,128.0,12.9842872726,116.0
2016-09-13,1,0,25.0,31.0,1,93.0,100.076923077,60.0,0.965309200603,128.0,13.6182091812,110.0
2016-09-14,2,0,25.0,28.0,0,96.0,101.615384615,60.0,1.02951039571,128.0,13.5222805401,102.0
2016-09-15,3,1,24.0,27.0,0,97.0,102.076923077,60.0,1.1027063372,128.0,13.4247849916,55.0
2016-09-16,4,1,25.0,31.0,0,97.0,96.8461538462,55.0,0.931937172775,128.0,17.0196544928,76.0
2016-09-17,5,1,24.0,31.0,0,96.0,95.8461538462,55.0,0.820567001233,128.0,17.8146273255,83.0
2016-09-18,6,0,22.0,33.0,1,93.0,95.6153846154,55.0,0.744606819763,128.0,17.9595205587,94.0
2016-09-19,0,0,21.0,31.0,1,93.0,94.9230769231,55.0,0.882147838215,128.0,17.8345452961,98.0
2016-09-20,1,0,21.0,29.0,1,94.0,93.1538461538,55.0,0.955358693764,128.0,16.2283993895,109.0
2016-09-21,2,0,22.0,28.0,1,96.0,93.0,55.0,1.03543171655,128.0,16.0671667121,106.0
2016-09-22,3,0,22.0,29.0,1,96.0,93.0,55.0,1.07118412047,128.0,16.0671667121,115.0
2016-09-23,4,0,22.0,29.0,1,98.0,95.0769230769,55.0,1.13402061856,128.0,17.0043502961,111.0
2016-09-24,5,1,21.0,30.0,1,98.0,96.6153846154,55.0,1.12810057764,128.0,17.4644186035,115.0
2016-09-25,6,1,22.0,30.0,1,98.0,99.2307692308,55.0,1.14180478821,123.0,17.4759344249,96.0
2016-09-26,0,0,25.0,33.0,1,96.0,97.6923076923,55.0,1.08198924731,123.0,16.7991969377,115.0
2016-09-27,1,0,25.0,31.0,0,98.0,98.0769230769,55.0,1.09875294911,123.0,17.1305464391,114.0
2016-09-28,2,0,25.0,27.0,0,98.0,99.0,55.0,1.09372370856,123.0,17.6330109999,98.0
2016-09-29,3,0,25.0,30.0,0,98.0,102.307692308,55.0,1.10491637101,123.0,12.293742094,132.0
2016-09-30,4,0,25.0,32.0,0,98.0,106.615384615,55.0,1.13700214841,132.0,12.1309423918,91.0
2016-10-01,5,1,25.0,31.0,0,98.0,107.230769231,55.0,1.06098165592,132.0,11.0742518147,64.0
2016-10-02,6,1,24.0,31.0,1,98.0,104.923076923,55.0,0.956666666667,132.0,15.7356114421,45.0
2016-10-03,0,1,25.0,32.0,0,98.0,100.846153846,45.0,0.691204423708,132.0,22.4391352975,55.0
2016-10-04,1,1,25.0,32.0,0,96.0,96.6923076923,45.0,0.583422269655,132.0,25.3540608654,73.0
2016-10-05,2,1,25.0,31.0,1,96.0,94.1538461538,45.0,0.625112917796,132.0,25.9403047068,76.0
2016-10-06,3,1,24.0,28.0,0,96.0,91.1538461538,45.0,0.728831725616,132.0,25.6090313211,100.0
2016-10-07,4,1,25.0,29.0,0,96.0,90.3076923077,45.0,0.878306878307,132.0,25.116297545,103.0
2016-10-08,5,0,22.0,31.0,0,98.0,89.3846153846,45.0,0.973821989529,132.0,24.4022018601,86.0
2016-10-09,6,0,21.0,24.0,0,98.0,88.6153846154,45.0,1.01296880477,132.0,24.3390741924,90.0
2016-10-10,0,0,18.0,21.0,0,96.0,86.6923076923,45.0,0.982048574446,132.0,23.1363337811,106.0
2016-10-11,1,0,19.0,24.0,0,96.0,86.0769230769,45.0,0.994182971973,132.0,22.4994411502,92.0
2016-10-12,2,0,20.0,23.0,1,96.0,85.6153846154,45.0,1.02290889718,132.0,22.3108751045,118.0
2016-10-13,3,0,20.0,27.0,1,98.0,84.5384615385,45.0,1.12056737589,132.0,20.2925351361,101.0
2016-10-14,4,0,21.0,28.0,1,98.0,85.3076923077,45.0,1.10873440285,132.0,20.708172357,129.0
2016-10-15,5,1,23.0,28.0,1,98.0,90.3076923077,45.0,1.23142250531,132.0,22.7101624673,95.0
2016-10-16,6,1,24.0,28.0,1,98.0,94.1538461538,45.0,1.15064613206,132.0,18.5673251205,80.0
2016-10-17,0,0,23.0,27.0,0,98.0,96.0769230769,45.0,1.09668109668,132.0,15.4444988387,131.0
2016-10-18,1,0,23.0,26.0,0,98.0,100.538461538,45.0,1.09383378016,132.0,16.4766285975,128.0
2016-10-19,2,0,23.0,26.0,0,98.0,104.538461538,45.0,1.1926121372,132.0,16.3453845973,117.0
2016-10-20,3,0,25.0,28.0,0,100.0,105.846153846,45.0,1.33333333333,132.0,16.6079042991,113.0
2016-10-21,4,0,25.0,32.0,0,100.0,106.615384615,45.0,1.25481948826,132.0,16.6896488489,127.0
2016-10-22,5,1,24.0,30.0,0,100.0,109.769230769,45.0,1.21119592875,132.0,16.3667291322,94.0
2016-10-23,6,1,22.0,30.0,0,98.0,110.076923077,45.0,1.10559417411,132.0,16.0262358864,93.0
2016-10-24,0,0,21.0,26.0,0,98.0,109.076923077,45.0,1.02014294997,132.0,16.6431392123,110.0
2016-10-25,1,0,23.0,30.0,1,98.0,110.461538462,45.0,0.947821924366,132.0,15.896856896,118.0
2016-10-26,2,0,24.0,31.0,1,98.0,110.461538462,45.0,1.00422336931,132.0,15.896856896,127.0
2016-10-27,3,0,24.0,31.0,1,100.0,112.461538462,45.0,1.09669447019,132.0,16.2130782187,123.0
2016-10-28,4,0,22.0,33.0,1,101.0,112.0,45.0,1.12641567187,132.0,15.8162525952,113.0
2016-10-29,5,1,19.0,23.0,1,102.0,113.384615385,45.0,1.09750566893,131.0,15.0360513512,77.0
2016-10-30,6,1,18.0,22.0,1,102.0,113.153846154,45.0,0.951946472019,131.0,15.5605326874,81.0
2016-10-31,0,0,19.0,27.0,1,102.0,109.307692308,45.0,0.833717889555,131.0,16.8037752873,115.0
