time_stamp,dayofweek,holiday,lt,ht,sunny,m2M,w2A,m1L,d3w3,m1Lar,w2Std,pay_sum
2016-08-01,0,0,28.0,35.0,1,263.0,285.307692308,235.0,1.07705627706,365.0,32.6293511461,293.0
2016-08-02,1,0,29.0,36.0,0,263.0,288.923076923,235.0,1.0832901629,365.0,30.6153846154,279.0
2016-08-03,2,0,26.0,32.0,0,263.0,290.846153846,235.0,1.02987556626,365.0,29.1094648997,254.0
2016-08-04,3,0,27.0,34.0,0,263.0,292.307692308,235.0,0.949752788318,365.0,26.6411613728,297.0
2016-08-05,4,0,27.0,34.0,0,269.0,294.230769231,235.0,0.957821245168,365.0,26.0004551622,288.0
2016-08-06,5,1,27.0,34.0,0,270.0,291.615384615,235.0,0.972246364216,365.0,24.7558492281,358.0
2016-08-07,6,1,27.0,34.0,1,272.0,293.153846154,235.0,1.09067777007,365.0,27.9995773425,387.0
2016-08-08,0,0,27.0,32.0,0,277.0,303.230769231,235.0,1.17419721512,387.0,35.4078519022,173.0
2016-08-09,1,0,27.0,30.0,0,272.0,295.769230769,173.0,1.05662983425,387.0,49.1702753331,525.0
2016-08-10,2,0,27.0,35.0,1,277.0,314.692307692,173.0,1.19302875364,525.0,77.9747341874,454.0
2016-08-11,3,0,28.0,34.0,0,279.0,326.230769231,173.0,1.22254059217,525.0,86.2029393093,448.0
2016-08-12,4,0,28.0,35.0,1,279.0,338.769230769,173.0,1.47310828946,525.0,91.0140765496,455.0
2016-08-13,5,1,28.0,35.0,1,280.0,349.0,173.0,1.37257876903,525.0,95.8981831864,493.0
2016-08-14,6,1,28.0,35.0,1,280.0,361.846153846,173.0,1.37958296274,525.0,102.887426274,503.0
2016-08-15,0,0,29.0,35.0,1,285.0,378.0,173.0,1.38328804995,525.0,107.205051546,285.0
2016-08-16,1,0,29.0,36.0,1,285.0,378.461538462,173.0,1.21860730594,525.0,106.789955869,280.0
2016-08-17,2,0,29.0,35.0,1,285.0,380.461538462,173.0,1.01583678128,525.0,104.662545931,297.0
2016-08-18,3,0,29.0,36.0,1,286.0,380.461538462,173.0,0.820717890127,525.0,104.662545931,288.0
2016-08-19,4,0,29.0,38.0,1,288.0,380.461538462,173.0,0.823221508446,525.0,104.662545931,303.0
2016-08-20,5,1,29.0,37.0,0,288.0,376.230769231,173.0,0.847409103922,525.0,106.579081398,358.0
2016-08-21,6,1,28.0,34.0,0,288.0,374.0,173.0,0.901491403059,525.0,106.633809042,333.0
2016-08-22,0,0,29.0,35.0,1,289.0,386.307692308,173.0,0.938887314631,525.0,90.7790085998,290.0
2016-08-23,1,0,27.0,33.0,0,290.0,368.230769231,173.0,0.925166218701,525.0,84.5450756844,293.0
2016-08-24,2,0,27.0,35.0,1,290.0,355.846153846,173.0,0.859125867567,525.0,82.8491178671,250.0
2016-08-25,3,0,27.0,35.0,1,289.0,340.615384615,173.0,0.786479724307,525.0,82.7075835622,282.0
2016-08-26,4,0,25.0,34.0,0,289.0,327.307692308,173.0,0.779588944011,525.0,76.9499183939,268.0
2016-08-27,5,1,24.0,31.0,1,289.0,310.0,173.0,0.76573342905,525.0,61.485457943,330.0
2016-08-28,6,1,21.0,31.0,1,290.0,296.692307692,173.0,0.849256900212,525.0,27.7277550906,313.0
2016-08-29,0,0,22.0,31.0,1,290.0,298.846153846,173.0,0.861710177828,525.0,27.8231949552,263.0
2016-08-30,1,0,22.0,33.0,1,290.0,297.538461538,173.0,0.89006778662,525.0,29.0506596896,260.0
2016-08-31,2,0,23.0,34.0,1,290.0,294.692307692,173.0,0.845469255663,525.0,30.7280493646,260.0
2016-09-01,3,0,23.0,31.0,1,289.0,292.538461538,173.0,0.81511555278,525.0,32.0735102409,256.0
2016-09-02,4,0,23.0,34.0,1,289.0,288.923076923,173.0,0.83373623422,525.0,33.3154192494,245.0
2016-09-03,5,1,23.0,33.0,1,289.0,280.230769231,173.0,0.851659112529,525.0,28.5607418729,305.0
2016-09-04,6,1,24.0,31.0,1,289.0,278.076923077,173.0,0.933032355154,525.0,25.3785540549,285.0
2016-09-05,0,0,24.0,28.0,0,289.0,277.692307692,173.0,0.966602998206,525.0,25.2324108284,288.0
2016-09-06,1,0,23.0,28.0,0,288.0,277.307692308,173.0,1.01497023293,525.0,25.0334687212,301.0
2016-09-07,2,0,21.0,26.0,0,288.0,281.230769231,245.0,1.0096459308,525.0,24.4356418315,252.0
2016-09-08,3,0,21.0,29.0,1,288.0,278.923076923,245.0,0.977622784074,503.0,25.6408974356,242.0
2016-09-09,4,0,24.0,31.0,1,288.0,276.923076923,242.0,0.934085301375,503.0,27.3705668373,243.0
2016-09-10,5,1,23.0,28.0,1,288.0,270.230769231,242.0,0.883852011753,503.0,24.00369794,237.0
2016-09-11,6,1,20.0,23.0,0,288.0,264.384615385,237.0,0.881078772347,503.0,22.050775188,226.0
2016-09-12,0,0,21.0,27.0,1,288.0,261.538461538,226.0,0.871766376489,503.0,24.3171841254,203.0
2016-09-13,1,0,22.0,27.0,1,288.0,257.153846154,203.0,0.836315690337,358.0,28.9052727526,176.0
2016-09-14,2,0,21.0,23.0,0,286.0,250.692307692,176.0,0.770455269023,358.0,36.0520662277,223.0
2016-09-15,3,1,24.0,26.0,0,285.0,248.153846154,176.0,0.775373518805,358.0,36.7441175906,235.0
2016-09-16,4,1,22.0,28.0,0,285.0,247.384615385,176.0,0.821829023268,358.0,36.9064064931,295.0
2016-09-17,5,1,23.0,29.0,1,285.0,246.615384615,176.0,0.982772122161,358.0,35.7846947549,266.0
2016-09-18,6,0,22.0,25.0,0,285.0,245.153846154,176.0,1.04854113153,358.0,34.5539626,210.0
2016-09-19,0,0,20.0,27.0,1,285.0,239.153846154,176.0,1.02635782748,333.0,33.3440022374,185.0
2016-09-20,1,0,20.0,26.0,1,285.0,230.230769231,176.0,0.893303601595,330.0,31.0412971729,217.0
2016-09-21,2,0,20.0,26.0,1,285.0,227.538461538,176.0,0.834355828221,330.0,30.5503755098,207.0
2016-09-22,3,0,19.0,28.0,1,285.0,224.846153846,176.0,0.838669696344,330.0,30.6991509626,220.0
2016-09-23,4,0,21.0,29.0,1,285.0,223.076923077,176.0,0.891472868217,330.0,30.261581479,240.0
2016-09-24,5,1,21.0,29.0,1,285.0,223.307692308,176.0,0.93594331018,330.0,30.3780908282,322.0
2016-09-25,6,1,22.0,30.0,1,285.0,230.692307692,176.0,1.0888331941,330.0,40.2117178012,310.0
2016-09-26,0,0,24.0,30.0,1,285.0,238.923076923,176.0,1.20859320859,322.0,44.4305188572,196.0
2016-09-27,1,0,25.0,28.0,0,285.0,240.461538462,176.0,1.17321997875,322.0,42.5307407098,203.0
2016-09-28,2,0,23.0,28.0,0,282.0,238.923076923,176.0,1.01517754868,322.0,43.4855617745,169.0
2016-09-29,3,0,23.0,25.0,0,280.0,233.846153846,169.0,0.826241908502,322.0,47.3300134958,191.0
2016-09-30,4,0,22.0,29.0,0,279.0,225.846153846,169.0,0.828367542117,322.0,45.0518439029,258.0
2016-10-01,5,1,23.0,27.0,0,268.0,225.230769231,169.0,0.905096660808,322.0,44.5510145722,332.0
2016-10-02,6,1,23.0,31.0,1,280.0,234.615384615,169.0,1.11779018177,332.0,52.4954774045,335.0
2016-10-03,0,1,20.0,25.0,0,280.0,246.153846154,169.0,1.28740431454,335.0,56.6430743324,290.0
2016-10-04,1,1,20.0,26.0,1,280.0,251.769230769,169.0,1.30097879282,335.0,57.0912277327,277.0
2016-10-05,2,1,22.0,27.0,1,277.0,257.153846154,169.0,1.21285464569,335.0,55.9035517708,277.0
2016-10-06,3,1,22.0,27.0,0,277.0,261.538461538,169.0,1.12533333333,335.0,55.0462957387,284.0
2016-10-07,4,1,20.0,27.0,0,277.0,264.923076923,169.0,1.11979688648,335.0,54.9705677032,223.0
2016-10-08,5,0,17.0,21.0,0,277.0,257.307692308,169.0,1.05674619221,335.0,53.3700933474,223.0
2016-10-09,6,0,16.0,22.0,1,268.0,250.615384615,169.0,0.981380654702,335.0,51.7739739512,216.0
2016-10-10,0,0,17.0,22.0,1,266.0,252.153846154,169.0,0.884435537742,335.0,50.4073348659,196.0
2016-10-11,1,0,18.0,23.0,1,263.0,251.615384615,169.0,0.85194874891,335.0,50.9638461016,227.0
2016-10-12,2,0,19.0,24.0,1,260.0,256.076923077,169.0,0.853878532772,335.0,45.8147801789,218.0
2016-10-13,3,0,18.0,23.0,1,260.0,258.153846154,169.0,0.856894592607,335.0,43.3640158406,234.0
2016-10-14,4,0,20.0,21.0,0,258.0,256.307692308,169.0,0.90878672288,335.0,43.8395406619,223.0
2016-10-15,5,1,20.0,24.0,0,256.0,247.923076923,169.0,0.921753379762,335.0,38.6810658084,296.0
2016-10-16,6,1,20.0,26.0,1,256.0,244.923076923,169.0,1.0312243221,335.0,32.890170471,307.0
2016-10-17,0,0,19.0,22.0,0,256.0,246.230769231,169.0,1.10597844279,335.0,34.9310394176,104.0
2016-10-18,1,0,20.0,24.0,0,252.0,232.923076923,104.0,0.965846994536,335.0,50.2630947935,188.0
2016-10-19,2,0,19.0,22.0,0,250.0,226.076923077,104.0,0.815132339933,335.0,49.8528010762,192.0
2016-10-20,3,0,21.0,25.0,0,245.0,219.0,104.0,0.658503401361,335.0,47.6073685312,183.0
2016-10-21,4,0,22.0,27.0,0,243.0,215.923076923,104.0,0.777892918826,335.0,48.5330363907,224.0
2016-10-22,5,1,19.0,23.0,0,242.0,216.0,104.0,0.846583280334,335.0,48.5449831045,280.0
2016-10-23,6,1,18.0,21.0,0,242.0,220.923076923,104.0,0.982410982411,335.0,51.4534315795,289.0
2016-10-24,0,0,19.0,23.0,1,242.0,228.076923077,104.0,1.13423442752,335.0,53.8979970207,182.0
2016-10-25,1,0,21.0,24.0,1,240.0,224.615384615,104.0,1.09651043948,335.0,55.2832405562,196.0
2016-10-26,2,0,20.0,26.0,0,237.0,222.923076923,104.0,0.991452991453,335.0,55.7942119116,216.0
2016-10-27,3,0,20.0,25.0,1,235.0,221.538461538,104.0,0.896536110482,335.0,55.7254470039,203.0
2016-10-28,4,0,14.0,21.0,0,234.0,220.0,104.0,0.932453945872,335.0,55.9395277888,241.0
2016-10-29,5,1,12.0,15.0,0,234.0,215.769230769,104.0,0.996602491506,335.0,51.970633492,276.0
2016-10-30,6,1,14.0,17.0,1,234.0,213.384615385,104.0,1.07262569832,335.0,48.3123466646,291.0
2016-10-31,0,0,14.0,16.0,0,234.0,227.769230769,104.0,1.17870167761,335.0,40.8678053582,155.0
