time_stamp,dayofweek,holiday,lt,ht,sunny,m2M,w2A,m1L,d3w3,m1Lar,w2Std,pay_sum
2016-08-01,0,0,28.0,34.0,1,54.0,59.9230769231,19.0,0.689458689459,101.0,23.7015466502,78.0
2016-08-02,1,0,28.0,34.0,0,54.0,61.0769230769,19.0,0.75654152446,101.0,24.1834703193,90.0
2016-08-03,2,0,26.0,32.0,0,55.0,61.6923076923,19.0,1.038023869,101.0,24.801937317,86.0
2016-08-04,3,0,27.0,32.0,0,56.0,62.0,19.0,1.38457345326,101.0,25.0752713,72.0
2016-08-05,4,0,27.0,33.0,0,56.0,63.0,19.0,1.35186699373,101.0,25.1946270218,87.0
2016-08-06,5,1,27.0,33.0,1,56.0,66.6923076923,19.0,1.27008812856,101.0,24.9226020847,39.0
2016-08-07,6,1,27.0,34.0,1,55.0,68.0769230769,19.0,1.02167182663,101.0,22.7510322284,24.0
2016-08-08,0,0,27.0,34.0,0,55.0,64.0,19.0,0.796812749004,101.0,25.3832167447,79.0
2016-08-09,1,0,28.0,34.0,1,56.0,62.3076923077,19.0,0.744820351429,101.0,23.5253860113,91.0
2016-08-10,2,0,28.0,34.0,1,56.0,64.2307692308,19.0,1.01041666667,101.0,24.7391121231,71.0
2016-08-11,3,0,28.0,35.0,1,56.0,64.4615384615,19.0,1.26608878382,101.0,24.7871411596,83.0
2016-08-12,4,0,28.0,34.0,1,56.0,65.7692307692,19.0,1.26321216808,101.0,25.2773959411,77.0
2016-08-13,5,1,28.0,35.0,1,56.0,68.9230769231,19.0,1.15702479339,101.0,23.8858230836,29.0
2016-08-14,6,1,28.0,36.0,1,56.0,69.6923076923,19.0,0.941000746826,101.0,22.3791957489,31.0
2016-08-15,0,0,28.0,35.0,1,56.0,66.0769230769,19.0,0.706367620521,101.0,24.4460521855,73.0
2016-08-16,1,0,28.0,35.0,1,59.0,64.7692307692,19.0,0.70092226614,101.0,23.5703655079,78.0
2016-08-17,2,0,28.0,35.0,1,61.0,64.1538461538,19.0,0.950143565649,101.0,23.1079278898,61.0
2016-08-18,3,0,28.0,36.0,1,61.0,63.3076923077,19.0,1.11286089239,101.0,23.0063021981,77.0
2016-08-19,4,0,29.0,36.0,1,61.0,62.5384615385,19.0,1.12412177986,101.0,22.3593566187,64.0
2016-08-20,5,1,28.0,37.0,0,61.0,64.4615384615,19.0,1.02877514642,101.0,21.302276457,47.0
2016-08-21,6,1,28.0,35.0,0,61.0,66.2307692308,19.0,0.937422089255,101.0,18.6595153954,39.0
2016-08-22,0,0,28.0,35.0,1,61.0,63.1538461538,19.0,0.770416024653,101.0,19.5756762486,86.0
2016-08-23,1,0,26.0,34.0,1,61.0,62.7692307692,19.0,0.886141164348,101.0,19.0673052679,67.0
2016-08-24,2,0,26.0,34.0,1,62.0,62.4615384615,19.0,1.00392156863,101.0,18.963995784,54.0
2016-08-25,3,0,27.0,35.0,1,62.0,60.2307692308,19.0,1.09785202864,91.0,18.1029272863,59.0
2016-08-26,4,0,26.0,34.0,0,62.0,58.8461538462,19.0,0.976403580146,91.0,17.4437388099,66.0
2016-08-27,5,1,23.0,31.0,1,63.0,61.6923076923,19.0,0.950106157113,91.0,15.2183321404,32.0
2016-08-28,6,1,22.0,30.0,1,63.0,61.7692307692,19.0,0.82805907173,91.0,15.0647517591,21.0
2016-08-29,0,0,23.0,31.0,1,62.0,57.7692307692,19.0,0.657822001106,91.0,18.1411298357,72.0
2016-08-30,1,0,23.0,31.0,1,63.0,57.3076923077,21.0,0.702049985959,91.0,17.6913043194,61.0
2016-08-31,2,0,25.0,34.0,1,63.0,57.3076923077,21.0,0.872274143302,91.0,17.6913043194,66.0
2016-09-01,3,0,26.0,33.0,1,64.0,56.4615384615,21.0,1.14367816092,91.0,16.9778832812,75.0
2016-09-02,4,0,25.0,34.0,1,64.0,57.3076923077,21.0,1.16292458261,91.0,17.5953867004,74.0
2016-09-03,5,1,25.0,35.0,1,66.0,59.3846153846,21.0,1.19146577999,91.0,17.8478115941,27.0
2016-09-04,6,1,25.0,33.0,1,64.0,58.4615384615,21.0,0.978593272171,91.0,19.1416396075,18.0
2016-09-05,0,0,25.0,30.0,0,64.0,53.2307692308,18.0,0.693473193473,91.0,20.1652932846,71.0
2016-09-06,1,0,22.0,27.0,0,66.0,53.5384615385,18.0,0.680152447962,91.0,20.4021695099,67.0
2016-09-07,2,0,20.0,24.0,0,66.0,54.5384615385,18.0,0.909886264217,91.0,20.716457169,80.0
2016-09-08,3,0,22.0,29.0,1,66.0,56.1538461538,18.0,1.26817917394,86.0,21.7921868633,69.0
2016-09-09,4,0,23.0,31.0,1,66.0,56.3846153846,18.0,1.25108601216,86.0,21.9107927797,78.0
2016-09-10,5,1,24.0,29.0,1,66.0,59.9230769231,18.0,1.28031584884,86.0,21.3954040301,35.0
2016-09-11,6,1,23.0,26.0,0,66.0,61.0,18.0,1.02999434069,86.0,19.6938100388,30.0
2016-09-12,0,0,23.0,29.0,1,66.0,57.7692307692,18.0,0.849673202614,86.0,21.0243589353,59.0
2016-09-13,1,0,23.0,30.0,1,66.0,57.6153846154,18.0,0.742070616397,86.0,21.0074655651,74.0
2016-09-14,2,0,22.0,24.0,0,66.0,58.2307692308,18.0,0.958259847149,86.0,21.3583125455,64.0
2016-09-15,3,1,23.0,26.0,0,66.0,57.3846153846,18.0,1.15305823822,86.0,20.8899624831,29.0
2016-09-16,4,1,23.0,27.0,0,66.0,53.9230769231,18.0,1.01028433152,86.0,21.5672884015,29.0
2016-09-17,5,1,23.0,27.0,0,66.0,54.0769230769,18.0,0.740066727328,86.0,21.3810179597,26.0
2016-09-18,6,0,23.0,28.0,0,66.0,54.6923076923,18.0,0.507246376812,86.0,20.4276758548,57.0
2016-09-19,0,0,21.0,27.0,0,66.0,53.6153846154,18.0,0.685644322008,86.0,19.9018300726,78.0
2016-09-20,1,0,20.0,26.0,1,66.0,54.4615384615,18.0,0.970464135021,86.0,20.6718514843,68.0
2016-09-21,2,0,20.0,27.0,1,66.0,53.5384615385,18.0,1.22141997593,80.0,19.758602351,60.0
2016-09-22,3,0,21.0,27.0,1,66.0,52.8461538462,18.0,1.25648063434,80.0,19.3583460587,85.0
2016-09-23,4,0,21.0,27.0,1,66.0,53.3846153846,18.0,1.28623188406,85.0,20.1324019796,67.0
2016-09-24,5,1,22.0,28.0,1,66.0,55.8461538462,18.0,1.23543123543,85.0,19.6853954215,29.0
2016-09-25,6,1,23.0,29.0,1,66.0,55.7692307692,18.0,1.04473304473,85.0,19.7879289007,23.0
2016-09-26,0,0,24.0,31.0,1,66.0,53.0,18.0,0.716651610961,85.0,21.5799051827,72.0
2016-09-27,1,0,25.0,30.0,0,66.0,52.8461538462,18.0,0.743405275779,85.0,21.4362961563,66.0
2016-09-28,2,0,22.0,28.0,0,66.0,53.0,18.0,0.977534911961,85.0,21.5227965012,84.0
2016-09-29,3,0,22.0,25.0,0,67.0,57.2307692308,18.0,1.32973944295,85.0,21.7932729429,83.0
2016-09-30,4,0,23.0,28.0,0,67.0,61.3846153846,18.0,1.38938580799,85.0,21.1534265693,58.0
2016-10-01,5,1,24.0,29.0,0,66.0,63.8461538462,18.0,1.31463628396,85.0,18.6004390099,24.0
2016-10-02,6,1,24.0,32.0,1,66.0,61.3076923077,18.0,0.969162995595,85.0,21.402316968,26.0
2016-10-03,0,1,22.0,26.0,1,66.0,57.3076923077,18.0,0.65335753176,85.0,22.7270919842,31.0
2016-10-04,1,1,22.0,26.0,1,64.0,54.4615384615,23.0,0.509915014164,85.0,23.5130581874,31.0
2016-10-05,2,1,22.0,27.0,1,64.0,52.2307692308,23.0,0.571799870045,85.0,24.2460269423,24.0
2016-10-06,3,1,22.0,26.0,0,64.0,47.5384615385,23.0,0.561540972902,85.0,23.3357282513,16.0
2016-10-07,4,1,20.0,25.0,0,64.0,43.6153846154,16.0,0.469576719577,85.0,24.0113385445,28.0
2016-10-08,5,0,17.0,22.0,0,61.0,43.5384615385,16.0,0.448844884488,85.0,24.059590714,47.0
2016-10-09,6,0,18.0,22.0,1,61.0,45.3846153846,16.0,0.606666666667,85.0,23.3222853529,51.0
2016-10-10,0,0,18.0,22.0,1,60.0,43.7692307692,16.0,0.863309352518,85.0,22.1190966784,76.0
2016-10-11,1,0,19.0,25.0,1,60.0,44.5384615385,16.0,1.18246687054,85.0,23.0338058735,75.0
2016-10-12,2,0,19.0,23.0,1,61.0,43.8461538462,16.0,1.35207496653,85.0,21.9469505639,80.0
2016-10-13,3,0,19.0,23.0,1,61.0,43.6153846154,16.0,1.55398587286,85.0,21.546152473,82.0
2016-10-14,4,0,19.0,23.0,0,61.0,45.4615384615,16.0,1.57057654076,85.0,23.6272833967,71.0
2016-10-15,5,1,21.0,25.0,1,61.0,49.0769230769,16.0,1.48218829517,85.0,23.6625687482,36.0
2016-10-16,6,1,20.0,26.0,1,61.0,49.8461538462,16.0,1.18755890669,85.0,23.0546045921,28.0
2016-10-17,0,0,20.0,25.0,1,60.0,49.6153846154,16.0,0.884955752212,85.0,23.2562264997,72.0
2016-10-18,1,0,20.0,25.0,1,60.0,52.7692307692,16.0,0.886282176605,85.0,23.2979162031,92.0
2016-10-19,2,0,20.0,24.0,0,61.0,58.0,16.0,1.24151309408,92.0,23.8778945084,83.0
2016-10-20,3,0,20.0,23.0,0,64.0,63.1538461538,16.0,1.59715486583,92.0,21.3536023041,88.0
2016-10-21,4,0,0.0,21.0,0,64.0,67.7692307692,16.0,1.65252906063,92.0,19.6748720889,89.0
2016-10-22,5,1,19.0,23.0,0,64.0,71.0,16.0,1.53937240971,92.0,19.4461781889,30.0
2016-10-23,6,1,18.0,23.0,1,64.0,69.3846153846,16.0,1.22123893805,92.0,21.773443463,25.0
2016-10-24,0,0,20.0,24.0,1,64.0,65.4615384615,16.0,0.85409252669,92.0,24.6346078785,79.0
2016-10-25,1,0,18.0,22.0,1,64.0,65.7692307692,16.0,0.762229806598,92.0,24.776396479,83.0
2016-10-26,2,0,19.0,21.0,0,66.0,66.0,16.0,1.0127267804,92.0,24.9214149493,97.0
2016-10-27,3,0,18.0,22.0,0,66.0,67.1538461538,16.0,1.31605691057,97.0,25.9610541265,89.0
2016-10-28,4,0,15.0,20.0,0,66.0,68.5384615385,16.0,1.30614226754,97.0,26.6013747031,97.0
2016-10-29,5,1,13.0,17.0,1,67.0,73.2307692308,16.0,1.32583743265,97.0,25.8163747862,35.0
2016-10-30,6,1,14.0,18.0,1,67.0,73.7692307692,16.0,1.04714522625,97.0,24.9249761859,39.0
2016-10-31,0,0,13.0,17.0,0,66.0,71.2307692308,16.0,0.832116788321,97.0,26.6000400409,103.0
