time_stamp,dayofweek,holiday,lt,ht,sunny,m2M,w2A,m1L,d3w3,m1Lar,w2Std,pay_sum
2016-08-01,0,0,27.0,32.0,0,57.0,57.5384615385,40.0,1.00138312586,80.0,10.8529711254,48.0
2016-08-02,1,0,26.0,34.0,0,57.0,56.7692307692,40.0,0.977550440466,80.0,11.1434965246,50.0
2016-08-03,2,0,26.0,36.0,1,57.0,57.2307692308,40.0,0.959770114943,80.0,10.7213220063,45.0
2016-08-04,3,0,26.0,37.0,1,57.0,56.0769230769,40.0,0.830429732869,80.0,11.1594150554,42.0
2016-08-05,4,0,26.0,35.0,0,57.0,54.6923076923,40.0,0.806119446896,80.0,11.6907893751,74.0
2016-08-06,5,1,26.0,35.0,0,57.0,54.7692307692,40.0,0.938228438228,80.0,11.8136416984,88.0
2016-08-07,6,1,26.0,34.0,0,57.0,55.3846153846,40.0,1.16239316239,88.0,13.2347936634,84.0
2016-08-08,0,0,26.0,35.0,0,57.0,58.7692307692,40.0,1.39100932994,88.0,14.4390168329,45.0
2016-08-09,1,0,26.0,33.0,0,57.0,58.4615384615,40.0,1.24070897656,88.0,14.6844521891,78.0
2016-08-10,2,0,26.0,34.0,1,57.0,60.4615384615,40.0,1.15,88.0,15.4203431301,65.0
2016-08-11,3,0,26.0,30.0,0,57.0,61.5384615385,40.0,1.04011065007,88.0,15.2093866999,47.0
2016-08-12,4,0,26.0,32.0,0,57.0,60.7692307692,40.0,1.06263982103,88.0,15.6655125682,81.0
2016-08-13,5,1,26.0,30.0,0,58.0,62.7692307692,40.0,1.07222222222,88.0,16.4417566259,72.0
2016-08-14,6,1,27.0,33.0,0,58.0,63.0,40.0,1.11856823266,88.0,16.5482976117,75.0
2016-08-15,0,0,27.0,34.0,0,59.0,65.0769230769,40.0,1.23879380603,88.0,16.2265761992,43.0
2016-08-16,1,0,26.0,34.0,1,59.0,64.5384615385,40.0,1.0374010374,88.0,16.8231314409,48.0
2016-08-17,2,0,26.0,34.0,0,59.0,64.7692307692,40.0,0.909339906875,88.0,16.5722374245,53.0
2016-08-18,3,0,26.0,33.0,0,58.0,65.6153846154,40.0,0.78753076292,88.0,15.6428330187,101.0
2016-08-19,4,0,27.0,35.0,0,59.0,67.6923076923,40.0,1.06624439166,101.0,18.2013719491,65.0
2016-08-20,5,1,27.0,36.0,0,59.0,65.9230769231,40.0,1.14689709348,101.0,17.2335162645,83.0
2016-08-21,6,1,26.0,35.0,1,60.0,65.8461538462,40.0,1.28982128982,101.0,17.1547084985,74.0
2016-08-22,0,0,26.0,35.0,1,60.0,68.0769230769,40.0,1.12718964204,101.0,16.1553112889,51.0
2016-08-23,1,0,26.0,35.0,1,60.0,66.0,40.0,1.05530187722,101.0,16.4784241218,65.0
2016-08-24,2,0,27.0,36.0,1,60.0,66.0,42.0,0.949525237381,101.0,16.4784241218,57.0
2016-08-25,3,0,27.0,36.0,0,59.0,66.7692307692,42.0,0.854954287126,101.0,15.7926655136,63.0
2016-08-26,4,0,26.0,35.0,0,60.0,65.3846153846,42.0,0.921773791729,101.0,15.2645313443,62.0
2016-08-27,5,1,26.0,34.0,0,60.0,64.6153846154,42.0,0.924796747967,101.0,15.1634097116,74.0
2016-08-28,6,1,24.0,29.0,0,62.0,64.5384615385,42.0,1.01894521249,101.0,15.1129866957,69.0
2016-08-29,0,0,22.0,33.0,1,62.0,66.5384615385,42.0,1.03066867773,101.0,13.7930605998,58.0
2016-08-30,1,0,23.0,33.0,1,62.0,67.3076923077,42.0,1.02603369066,101.0,12.9933984148,56.0
2016-08-31,2,0,25.0,34.0,1,60.0,67.5384615385,42.0,0.940632228219,101.0,12.761814343,59.0
2016-09-01,3,0,25.0,33.0,0,60.0,64.3076923077,42.0,0.881079704609,101.0,8.4797007874,53.0
2016-09-02,4,0,26.0,31.0,0,60.0,63.3846153846,42.0,0.874316939891,101.0,8.99177796689,63.0
2016-09-03,5,1,25.0,32.0,1,60.0,61.8461538462,43.0,0.917190775681,101.0,6.99281118607,80.0
2016-09-04,6,1,24.0,33.0,1,62.0,62.3076923077,43.0,1.02323153224,101.0,7.91672635709,72.0
2016-09-05,0,0,26.0,32.0,1,62.0,63.9230769231,43.0,1.09749872384,101.0,7.57994863451,45.0
2016-09-06,1,0,25.0,32.0,0,62.0,62.3846153846,43.0,1.00793041699,101.0,9.08539370078,33.0
2016-09-07,2,0,26.0,32.0,0,62.0,60.5384615385,33.0,0.779423226812,101.0,11.9718604981,52.0
2016-09-08,3,0,25.0,30.0,0,60.0,59.6923076923,33.0,0.702323068612,101.0,12.1553066308,48.0
2016-09-09,4,0,25.0,32.0,1,60.0,58.6153846154,33.0,0.728567515749,101.0,12.5179161545,60.0
2016-09-10,5,1,24.0,30.0,1,60.0,57.5384615385,33.0,0.893355667225,101.0,11.7251562864,71.0
2016-09-11,6,1,24.0,28.0,0,60.0,57.6923076923,33.0,1.00195913798,101.0,11.8865445285,66.0
2016-09-12,0,0,22.0,28.0,1,60.0,58.3076923077,33.0,1.08899944721,101.0,12.091857498,54.0
2016-09-13,1,0,25.0,31.0,1,60.0,58.1538461538,33.0,1.06555090656,101.0,12.1328933314,47.0
2016-09-14,2,0,25.0,28.0,0,60.0,57.2307692308,33.0,0.939521800281,101.0,12.4847836379,69.0
2016-09-15,3,1,24.0,27.0,0,60.0,58.4615384615,33.0,0.951581304226,101.0,12.7919168264,54.0
2016-09-16,4,1,25.0,31.0,0,59.0,57.7692307692,33.0,0.958016342632,101.0,12.7710842028,93.0
2016-09-17,5,1,24.0,31.0,0,60.0,58.7692307692,33.0,1.19800332779,93.0,14.8176290336,53.0
2016-09-18,6,0,22.0,33.0,1,60.0,57.3076923077,33.0,1.12422709387,93.0,14.3708284403,67.0
2016-09-19,0,0,21.0,31.0,1,60.0,59.0,33.0,1.18828451883,93.0,14.1149130083,40.0
2016-09-20,1,0,21.0,29.0,1,59.0,59.5384615385,33.0,0.904721515409,93.0,13.2177932792,51.0
2016-09-21,2,0,22.0,28.0,1,58.0,59.4615384615,33.0,0.89951608312,93.0,13.2642688605,23.0
2016-09-22,3,0,22.0,29.0,1,57.0,57.5384615385,23.0,0.666082383874,93.0,16.2604540793,52.0
2016-09-23,4,0,22.0,29.0,1,57.0,56.9230769231,23.0,0.743362831858,93.0,16.3069666021,63.0
2016-09-24,5,1,21.0,30.0,1,58.0,56.3076923077,23.0,0.826594788859,93.0,15.9102512449,87.0
2016-09-25,6,1,22.0,30.0,1,59.0,57.9230769231,23.0,1.1938534279,93.0,17.7697302627,60.0
2016-09-26,0,0,25.0,33.0,1,60.0,58.3846153846,23.0,1.22484689414,93.0,17.7397357605,33.0
2016-09-27,1,0,25.0,31.0,0,60.0,57.3076923077,23.0,1.0498687664,93.0,18.7919156734,24.0
2016-09-28,2,0,25.0,27.0,0,60.0,53.8461538462,23.0,0.699551569507,93.0,20.3954978209,79.0
2016-09-29,3,0,25.0,30.0,0,60.0,55.7692307692,23.0,0.791157649796,93.0,21.4696703645,81.0
2016-09-30,4,0,25.0,32.0,0,60.0,54.8461538462,23.0,1.05112824907,93.0,20.0608541648,72.0
2016-10-01,5,1,25.0,31.0,0,62.0,56.3076923077,23.0,1.32420091324,93.0,20.5590504696,97.0
2016-10-02,6,1,24.0,31.0,1,63.0,58.6153846154,23.0,1.39004726161,97.0,23.1501402605,91.0
2016-10-03,0,1,25.0,32.0,0,63.0,62.5384615385,23.0,1.40237324703,97.0,23.9699022321,65.0
2016-10-04,1,1,25.0,32.0,0,63.0,63.6153846154,23.0,1.34502923977,97.0,23.7407097993,80.0
2016-10-05,2,1,25.0,31.0,1,63.0,68.0,23.0,1.24374176548,97.0,20.9321247405,77.0
2016-10-06,3,1,24.0,28.0,0,63.0,69.9230769231,23.0,1.14906832298,97.0,20.5181403358,63.0
2016-10-07,4,1,25.0,29.0,0,63.0,69.9230769231,23.0,1.16587175411,97.0,20.5181403358,58.0
2016-10-08,5,0,22.0,31.0,0,63.0,67.6923076923,23.0,1.04513064133,97.0,20.112700218,30.0
2016-10-09,6,0,21.0,24.0,0,63.0,65.3846153846,23.0,0.821098423056,97.0,22.4483628375,41.0
2016-10-10,0,0,18.0,21.0,0,63.0,66.0,23.0,0.700896495518,97.0,21.6475260622,42.0
2016-10-11,1,0,19.0,24.0,0,62.0,67.3846153846,23.0,0.618500273673,97.0,19.3730124004,42.0
2016-10-12,2,0,20.0,23.0,1,60.0,64.5384615385,23.0,0.673672864457,97.0,20.1594237731,42.0
2016-10-13,3,0,20.0,27.0,1,60.0,61.5384615385,23.0,0.684596577017,97.0,20.3870825793,30.0
2016-10-14,4,0,21.0,28.0,1,60.0,58.3076923077,23.0,0.636515912898,97.0,21.7552278965,52.0
2016-10-15,5,1,23.0,28.0,1,60.0,54.8461538462,23.0,0.713258556227,97.0,18.6870837905,50.0
2016-10-16,6,1,24.0,28.0,1,60.0,51.6923076923,23.0,0.765883376849,97.0,15.508730124,48.0
2016-10-17,0,0,23.0,27.0,0,59.0,50.3846153846,23.0,0.85910652921,97.0,15.0411663906,26.0
2016-10-18,1,0,23.0,26.0,0,58.0,46.2307692308,23.0,0.708976558033,97.0,13.6840943387,55.0
2016-10-19,2,0,23.0,26.0,0,58.0,44.5384615385,23.0,0.753064798599,97.0,10.8387863684,34.0
2016-10-20,3,0,25.0,28.0,0,57.0,42.3076923077,23.0,0.700152207002,97.0,9.73798759328,36.0
2016-10-21,4,0,25.0,32.0,0,57.0,40.6153846154,24.0,0.786905886056,97.0,8.7225478065,44.0
2016-10-22,5,1,24.0,30.0,0,56.0,41.6923076923,24.0,0.755467196819,97.0,8.19366185991,49.0
2016-10-23,6,1,22.0,30.0,0,55.0,42.3076923077,24.0,0.892116182573,97.0,8.41596116714,63.0
2016-10-24,0,0,21.0,26.0,0,55.0,43.9230769231,24.0,1.08108108108,97.0,10.0572326708,33.0
2016-10-25,1,0,23.0,30.0,1,54.0,43.2307692308,24.0,1.05646630237,97.0,10.467193042,58.0
2016-10-26,2,0,24.0,31.0,1,54.0,44.4615384615,24.0,1.14583333333,97.0,11.1673658117,33.0
2016-10-27,3,0,24.0,31.0,1,54.0,44.6923076923,26.0,0.954580446497,97.0,10.8937852105,39.0
2016-10-28,4,0,22.0,33.0,1,53.0,43.6923076923,26.0,1.02321920504,97.0,10.7730762365,52.0
2016-10-29,5,1,19.0,23.0,1,53.0,43.8461538462,26.0,0.951285001918,97.0,10.8758458829,65.0
2016-10-30,6,1,18.0,22.0,1,53.0,45.1538461538,26.0,1.16461366181,97.0,12.2339134807,54.0
2016-10-31,0,0,19.0,27.0,1,53.0,47.3076923077,26.0,1.25966850829,91.0,11.0827975876,26.0
