time_stamp,dayofweek,holiday,lt,ht,sunny,m2M,w2A,m1L,d3w3,m1Lar,w2Std,pay_sum
2016-08-01,0,0,24.0,30.0,1,82.0,122.692307692,61.0,1.4464612354,235.0,48.575689734,99.0
2016-08-02,1,0,24.0,33.0,1,85.0,124.692307692,61.0,1.38401559454,235.0,46.9981744578,103.0
2016-08-03,2,0,25.0,34.0,1,85.0,126.692307692,66.0,1.00759144237,235.0,45.4539236106,95.0
2016-08-04,3,0,25.0,33.0,1,85.0,125.615384615,66.0,0.810147299509,235.0,46.0226339993,92.0
2016-08-05,4,0,25.0,32.0,1,87.0,120.769230769,66.0,0.795283148224,235.0,45.9902227839,163.0
2016-08-06,5,1,24.0,33.0,1,88.0,118.923076923,66.0,0.966984390109,235.0,43.7201969495,265.0
2016-08-07,6,1,23.0,31.0,1,88.0,128.307692308,66.0,1.3922356091,265.0,58.4825873038,139.0
2016-08-08,0,0,24.0,32.0,1,89.0,132.846153846,66.0,1.48177185417,265.0,56.8234054619,118.0
2016-08-09,1,0,25.0,33.0,1,92.0,136.0,66.0,1.3405238829,265.0,54.7357287336,144.0
2016-08-10,2,0,26.0,33.0,1,92.0,140.0,66.0,1.00388033546,265.0,53.2541078228,67.0
2016-08-11,3,0,27.0,34.0,1,92.0,138.384615385,66.0,0.836830726186,265.0,55.0936803043,94.0
2016-08-12,4,0,25.0,29.0,0,94.0,136.692307692,66.0,0.794270833333,265.0,56.0842561418,148.0
2016-08-13,5,1,24.0,31.0,0,94.0,130.0,67.0,0.81713605712,265.0,48.6526147609,188.0
2016-08-14,6,1,24.0,33.0,1,95.0,131.923076923,67.0,1.11717329176,265.0,50.3823252562,165.0
2016-08-15,0,0,21.0,29.0,0,96.0,137.0,67.0,1.2599019238,265.0,50.1336674839,88.0
2016-08-16,1,0,23.0,31.0,1,96.0,135.846153846,67.0,1.10443275733,265.0,51.0668433057,90.0
2016-08-17,2,0,23.0,28.0,0,95.0,135.461538462,67.0,0.859649122807,265.0,51.390833341,90.0
2016-08-18,3,0,22.0,24.0,0,94.0,135.307692308,67.0,0.671174555472,265.0,51.5235340035,93.0
2016-08-19,4,0,22.0,32.0,1,94.0,129.923076923,67.0,0.689655172414,265.0,52.0036412016,102.0
2016-08-20,5,1,23.0,31.0,1,95.0,117.384615385,67.0,0.758180367119,265.0,34.6932457659,199.0
2016-08-21,6,1,23.0,34.0,1,97.0,122.0,67.0,1.03330710726,265.0,40.7279907529,147.0
2016-08-22,0,0,23.0,32.0,1,99.0,124.230769231,67.0,1.15315315315,265.0,41.238805187,78.0
2016-08-23,1,0,24.0,30.0,0,99.0,119.153846154,67.0,1.102014295,265.0,42.5347751915,108.0
2016-08-24,2,0,24.0,31.0,0,99.0,122.307692308,67.0,0.861132660978,265.0,39.994970098,102.0
2016-08-25,3,0,18.0,30.0,1,99.0,122.923076923,67.0,0.741885625966,265.0,39.6144137297,111.0
2016-08-26,4,0,17.0,29.0,1,102.0,120.076923077,67.0,0.843848580442,265.0,39.0354110214,100.0
2016-08-27,5,1,20.0,32.0,1,102.0,113.307692308,67.0,0.880078729088,265.0,33.971446416,185.0
2016-08-28,6,1,18.0,31.0,1,102.0,114.846153846,67.0,1.09226313612,265.0,36.6266950857,132.0
2016-08-29,0,0,19.0,31.0,1,103.0,118.230769231,67.0,1.14356232003,265.0,36.0174185342,80.0
2016-08-30,1,0,19.0,31.0,1,103.0,117.461538462,67.0,1.11815237291,265.0,36.7122184327,90.0
2016-08-31,2,0,19.0,33.0,1,102.0,117.461538462,67.0,0.84239888424,265.0,36.7122184327,93.0
2016-09-01,3,0,19.0,27.0,1,102.0,117.461538462,67.0,0.733919352588,265.0,36.7122184327,78.0
2016-09-02,4,0,19.0,28.0,1,102.0,115.615384615,67.0,0.750323415265,265.0,38.0233500356,111.0
2016-09-03,5,1,20.0,30.0,1,102.0,108.846153846,67.0,0.838537020517,265.0,29.4405428301,143.0
2016-09-04,6,1,18.0,29.0,0,103.0,108.538461538,67.0,0.996996996997,265.0,29.0586022868,134.0
2016-09-05,0,0,20.0,31.0,1,105.0,112.846153846,67.0,1.14151220947,199.0,28.3544763902,89.0
2016-09-06,1,0,21.0,30.0,1,103.0,111.384615385,67.0,1.07726269316,199.0,29.0478079712,65.0
2016-09-07,2,0,19.0,31.0,1,102.0,108.538461538,65.0,0.857142857143,199.0,31.5341460462,75.0
2016-09-08,3,0,18.0,31.0,1,102.0,105.769230769,65.0,0.687068706871,199.0,32.7535173593,89.0
2016-09-09,4,0,19.0,31.0,1,102.0,104.923076923,65.0,0.691112117097,199.0,33.032528347,118.0
2016-09-10,5,1,18.0,30.0,1,102.0,99.7692307692,65.0,0.883458646617,199.0,24.1761288692,139.0
2016-09-11,6,1,18.0,25.0,0,103.0,100.307692308,65.0,1.08805031447,199.0,24.9534477821,115.0
2016-09-12,0,0,18.0,27.0,1,105.0,103.0,65.0,1.14974501623,199.0,24.5011773657,74.0
2016-09-13,1,0,19.0,27.0,1,103.0,101.769230769,65.0,1.02998900926,199.0,25.504611487,65.0
2016-09-14,2,0,20.0,30.0,1,102.0,99.6153846154,65.0,0.811760945989,199.0,27.2750617613,96.0
2016-09-15,3,1,21.0,30.0,1,102.0,101.0,65.0,0.756478351843,199.0,26.5909180563,108.0
2016-09-16,4,1,20.0,30.0,0,102.0,100.769230769,65.0,0.862594195928,199.0,26.5160440435,119.0
2016-09-17,5,1,17.0,24.0,1,103.0,98.9230769231,65.0,1.06971352873,199.0,24.2501753791,127.0
2016-09-18,6,0,15.0,22.0,0,108.0,98.3846153846,65.0,1.17529880478,199.0,23.5324275826,78.0
2016-09-19,0,0,13.0,25.0,1,103.0,97.5384615385,65.0,1.07676969093,185.0,24.0467985543,51.0
2016-09-20,1,0,14.0,26.0,1,102.0,96.4615384615,51.0,0.867649550924,185.0,25.7341897232,66.0
2016-09-21,2,0,16.0,23.0,0,102.0,95.7692307692,51.0,0.670103092784,185.0,26.4143138531,60.0
2016-09-22,3,0,17.0,26.0,0,100.0,93.5384615385,51.0,0.613943808533,185.0,28.0648024418,70.0
2016-09-23,4,0,19.0,27.0,1,100.0,89.8461538462,51.0,0.694665957824,185.0,27.7595337853,98.0
2016-09-24,5,1,20.0,29.0,1,100.0,86.6923076923,51.0,0.82788671024,185.0,24.0812235039,177.0
2016-09-25,6,1,19.0,27.0,1,102.0,91.4615384615,51.0,1.22405534859,185.0,33.5091615133,138.0
2016-09-26,0,0,19.0,24.0,0,102.0,96.3846153846,51.0,1.42807745505,177.0,35.2388301158,77.0
2016-09-27,1,0,12.0,23.0,1,102.0,97.3076923077,51.0,1.3470790378,177.0,34.5551612874,81.0
2016-09-28,2,0,10.0,20.0,1,100.0,96.1538461538,51.0,1.01404590613,177.0,34.8289140577,92.0
2016-09-29,3,0,12.0,22.0,1,99.0,94.9230769231,51.0,0.85513938772,177.0,34.6708956607,85.0
2016-09-30,4,0,14.0,24.0,1,98.0,92.3076923077,51.0,0.897703549061,177.0,34.0325288181,141.0
2016-10-01,5,1,15.0,26.0,1,98.0,93.3846153846,51.0,1.10531803962,177.0,35.310792557,117.0
2016-10-02,6,1,16.0,26.0,1,100.0,96.3846153846,51.0,1.19097222222,177.0,35.5323004983,101.0
2016-10-03,0,1,16.0,28.0,1,101.0,100.230769231,51.0,1.22924156822,177.0,33.0294829745,97.0
2016-10-04,1,1,11.0,19.0,0,100.0,102.615384615,51.0,1.0611419909,177.0,31.5583427018,104.0
2016-10-05,2,1,13.0,21.0,1,100.0,106.0,51.0,1.01325280993,177.0,29.0675605602,89.0
2016-10-06,3,1,14.0,17.0,0,98.0,107.461538462,51.0,0.982384823848,177.0,27.6645159688,118.0
2016-10-07,4,1,12.0,16.0,0,98.0,109.0,51.0,1.05405863413,177.0,27.6516795985,123.0
2016-10-08,5,0,5.0,19.0,1,98.0,104.846153846,51.0,1.12073357106,177.0,20.1679340075,82.0
2016-10-09,6,0,8.0,18.0,1,98.0,100.538461538,51.0,1.09472970683,177.0,18.541493528,100.0
2016-10-10,0,0,10.0,20.0,1,100.0,102.307692308,51.0,1.0085978836,177.0,17.2643902759,88.0
2016-10-11,1,0,10.0,20.0,1,98.0,102.846153846,51.0,0.883218842002,177.0,16.6910669514,79.0
2016-10-12,2,0,10.0,19.0,1,97.0,101.846153846,51.0,0.865337870685,177.0,17.6715597407,119.0
2016-10-13,3,0,12.0,22.0,1,97.0,104.461538462,51.0,0.905349794239,177.0,17.4999577345,74.0
2016-10-14,4,0,13.0,23.0,1,97.0,99.3076923077,51.0,0.870957412744,177.0,15.7596593842,96.0
2016-10-15,5,1,11.0,17.0,0,97.0,97.6923076923,51.0,0.96285190738,177.0,14.9171280768,146.0
2016-10-16,6,1,12.0,20.0,1,98.0,101.153846154,51.0,1.04861456778,177.0,19.7283324331,125.0
2016-10-17,0,0,9.0,21.0,1,100.0,103.307692308,51.0,1.18943445147,177.0,20.6635487882,85.0
2016-10-18,1,0,12.0,20.0,1,98.0,101.846153846,51.0,1.15154455766,177.0,21.2271457331,84.0
2016-10-19,2,0,14.0,22.0,1,97.0,101.461538462,60.0,0.954700438383,177.0,21.4999655979,70.0
2016-10-20,3,0,11.0,15.0,0,96.0,97.7692307692,60.0,0.781812234217,177.0,22.4436177193,65.0
2016-10-21,4,0,11.0,11.0,0,96.0,93.3076923077,65.0,0.744138634047,177.0,22.7473907731,114.0
2016-10-22,5,1,7.0,15.0,1,96.0,95.7692307692,65.0,0.847371107708,177.0,23.1189361152,121.0
2016-10-23,6,1,0.0,5.0,1,96.0,97.3846153846,65.0,1.01061141991,177.0,24.0721302676,128.0
2016-10-24,0,0,6.0,13.0,1,96.0,100.461538462,65.0,1.2039800995,146.0,25.2056629309,61.0
2016-10-25,1,0,10.0,17.0,1,96.0,99.0769230769,61.0,1.05066937807,146.0,26.7911051211,69.0
2016-10-26,2,0,0.0,10.0,1,93.0,95.2307692308,61.0,0.883410374936,146.0,27.2401113918,83.0
2016-10-27,3,0,7.0,11.0,0,92.0,95.9230769231,61.0,0.742677824268,146.0,26.8025875285,90.0
2016-10-28,4,0,2.0,13.0,1,92.0,95.4615384615,61.0,0.858612737272,146.0,26.8489088293,117.0
2016-10-29,5,1,2.0,12.0,1,93.0,93.2307692308,61.0,1.0101010101,146.0,23.5605728223,195.0
2016-10-30,6,1,2.0,13.0,1,96.0,98.6153846154,61.0,1.33399701344,195.0,35.286821383,195.0
2016-10-31,0,0,-4.0,6.0,1,96.0,107.076923077,61.0,1.59735349716,195.0,43.2887648214,84.0
