time_stamp,dayofweek,holiday,lt,ht,sunny,m2M,w2A,m1L,d3w3,m1Lar,w2Std,pay_sum
2016-08-01,0,0,24.0,30.0,1,79.0,94.7692307692,52.0,1.10278372591,190.0,31.3004149546,58.0
2016-08-02,1,0,24.0,33.0,1,79.0,93.9230769231,52.0,1.07329371511,190.0,32.1234674306,64.0
2016-08-03,2,0,25.0,34.0,1,78.0,94.8461538462,52.0,0.88768115942,190.0,31.0603535416,61.0
2016-08-04,3,0,25.0,33.0,1,77.0,93.9230769231,52.0,0.669593852909,190.0,31.8638003877,59.0
2016-08-05,4,0,25.0,32.0,1,77.0,91.5384615385,52.0,0.691469372416,190.0,33.2001283237,83.0
2016-08-06,5,1,24.0,33.0,1,78.0,85.2307692308,52.0,0.775549188157,190.0,25.5528226535,130.0
2016-08-07,6,1,23.0,31.0,1,78.0,84.4615384615,52.0,1.03441718958,190.0,23.9955617198,135.0
2016-08-08,0,0,24.0,32.0,1,78.0,89.4615384615,52.0,1.27332601537,190.0,27.0401848668,77.0
2016-08-09,1,0,25.0,33.0,1,77.0,88.5384615385,52.0,1.24590163934,165.0,27.244238303,168.0
2016-08-10,2,0,26.0,33.0,1,77.0,94.3076923077,52.0,1.3018156903,168.0,34.5418021341,95.0
2016-08-11,3,0,27.0,34.0,1,78.0,95.3076923077,52.0,1.15176151762,168.0,34.3587064666,73.0
2016-08-12,4,0,25.0,29.0,0,78.0,95.6153846154,52.0,1.14812916453,168.0,34.1389433876,84.0
2016-08-13,5,1,24.0,31.0,0,79.0,93.0769230769,52.0,0.898395721925,168.0,33.6782548846,117.0
2016-08-14,6,1,24.0,33.0,1,82.0,92.6153846154,52.0,0.988991156831,168.0,33.3040502539,136.0
2016-08-15,0,0,21.0,29.0,0,83.0,98.6153846154,52.0,1.17442063077,168.0,33.5525728958,51.0
2016-08-16,1,0,23.0,31.0,1,83.0,97.6153846154,51.0,1.08088888889,168.0,34.7419906908,77.0
2016-08-17,2,0,23.0,28.0,0,82.0,98.8461538462,51.0,0.94674556213,168.0,33.6905514119,43.0
2016-08-18,3,0,22.0,24.0,0,79.0,97.6153846154,43.0,0.626373626374,168.0,35.3739114245,49.0
2016-08-19,4,0,22.0,32.0,1,79.0,95.0,43.0,0.625925925926,168.0,37.5479181027,90.0
2016-08-20,5,1,23.0,31.0,1,82.0,91.9230769231,43.0,0.684339161497,168.0,36.1672642858,126.0
2016-08-21,6,1,23.0,34.0,1,83.0,91.2307692308,43.0,0.994744744745,168.0,35.4143687617,138.0
2016-08-22,0,0,23.0,32.0,1,84.0,95.9230769231,43.0,1.27155172414,168.0,37.213441613,49.0
2016-08-23,1,0,24.0,30.0,0,83.0,86.7692307692,43.0,1.13344196994,168.0,32.7229720442,71.0
2016-08-24,2,0,24.0,31.0,0,82.0,84.9230769231,43.0,0.929227444625,168.0,32.8831533638,53.0
2016-08-25,3,0,18.0,30.0,1,79.0,83.3846153846,43.0,0.625112917796,168.0,33.8583893968,77.0
2016-08-26,4,0,17.0,29.0,1,79.0,82.8461538462,43.0,0.728656878738,168.0,33.8999572358,53.0
2016-08-27,5,1,20.0,32.0,1,79.0,77.9230769231,43.0,0.692395005675,168.0,33.2229335491,110.0
2016-08-28,6,1,18.0,31.0,1,82.0,75.9230769231,43.0,0.921128382268,168.0,30.3225266312,113.0
2016-08-29,0,0,19.0,31.0,1,83.0,80.6923076923,43.0,1.03778905809,168.0,30.8978082752,46.0
2016-08-30,1,0,19.0,31.0,1,82.0,78.3076923077,43.0,1.08621037755,168.0,32.2571032497,53.0
2016-08-31,2,0,19.0,33.0,1,79.0,79.0769230769,43.0,0.878392376217,168.0,31.5166904219,55.0
2016-09-01,3,0,19.0,27.0,1,77.0,79.5384615385,43.0,0.64529645925,168.0,31.1142198128,44.0
2016-09-02,4,0,19.0,28.0,1,77.0,76.0,43.0,0.653341929938,168.0,32.315749911,64.0
2016-09-03,5,1,20.0,30.0,1,77.0,71.2307692308,43.0,0.725411659991,168.0,28.9884694482,155.0
2016-09-04,6,1,18.0,29.0,0,79.0,72.5384615385,43.0,1.15578993628,168.0,32.178864025,118.0
2016-09-05,0,0,20.0,31.0,1,79.0,77.8461538462,43.0,1.41835016835,168.0,33.52116703,30.0
2016-09-06,1,0,21.0,30.0,1,77.0,74.6923076923,30.0,1.31424853611,168.0,35.8638120917,41.0
2016-09-07,2,0,19.0,31.0,1,77.0,73.7692307692,30.0,0.820846905537,168.0,36.5579705003,37.0
2016-09-08,3,0,18.0,31.0,1,77.0,70.6923076923,30.0,0.472751149048,155.0,37.8181572495,50.0
2016-09-09,4,0,19.0,31.0,1,77.0,70.4615384615,30.0,0.57541020454,155.0,37.9343874536,47.0
2016-09-10,5,1,18.0,30.0,1,77.0,65.6153846154,30.0,0.636277302944,155.0,36.5735054619,103.0
2016-09-11,6,1,18.0,25.0,0,77.0,64.8461538462,30.0,0.973946919893,155.0,35.6626202796,146.0
2016-09-12,0,0,18.0,27.0,1,77.0,72.5384615385,30.0,1.34606639382,155.0,41.1332083407,46.0
2016-09-13,1,0,19.0,27.0,1,77.0,72.0,30.0,1.36479296785,155.0,41.4302008016,47.0
2016-09-14,2,0,20.0,30.0,1,73.0,71.3846153846,30.0,1.11033681765,155.0,41.7364228712,53.0
2016-09-15,3,1,21.0,30.0,1,73.0,72.0769230769,30.0,0.689818095913,155.0,41.349284318,105.0
2016-09-16,4,1,20.0,30.0,0,73.0,75.2307692308,30.0,0.934153565733,155.0,42.168442167,96.0
2016-09-17,5,1,17.0,24.0,1,77.0,70.6923076923,30.0,1.16862203819,155.0,36.0733965801,94.0
2016-09-18,6,0,15.0,22.0,0,77.0,68.8461538462,30.0,1.37529137529,155.0,34.1689155944,46.0
2016-09-19,0,0,13.0,25.0,1,77.0,70.0769230769,30.0,1.10023310023,155.0,33.0162233745,26.0
2016-09-20,1,0,14.0,26.0,1,77.0,68.9230769231,26.0,0.788785934901,155.0,34.2512471159,41.0
2016-09-21,2,0,16.0,23.0,0,73.0,69.2307692308,26.0,0.542356611471,155.0,33.9799801833,35.0
2016-09-22,3,0,17.0,26.0,0,71.0,68.0769230769,26.0,0.492753623188,155.0,34.8567652378,47.0
2016-09-23,4,0,19.0,27.0,1,71.0,68.0769230769,26.0,0.601614086574,155.0,34.8567652378,54.0
2016-09-24,5,1,20.0,29.0,1,69.0,64.3076923077,26.0,0.718436344427,155.0,33.4994480216,128.0
2016-09-25,6,1,19.0,27.0,1,69.0,62.9230769231,26.0,1.20020964361,155.0,30.3149151877,96.0
2016-09-26,0,0,19.0,24.0,0,69.0,66.7692307692,26.0,1.38515196811,155.0,31.0858707606,33.0
2016-09-27,1,0,12.0,23.0,1,64.0,65.6923076923,26.0,1.28822055138,155.0,31.9816885478,32.0
2016-09-28,2,0,10.0,20.0,1,64.0,64.0769230769,26.0,0.810062893082,155.0,33.0930193393,42.0
2016-09-29,3,0,12.0,22.0,1,61.0,59.2307692308,26.0,0.541635029107,155.0,31.3102437063,59.0
2016-09-30,4,0,14.0,24.0,1,61.0,56.3846153846,26.0,0.667168296965,155.0,29.4658562813,194.0
2016-10-01,5,1,15.0,26.0,1,61.0,64.0769230769,26.0,1.38497652582,194.0,46.4434503761,100.0
2016-10-02,6,1,16.0,26.0,1,64.0,68.2307692308,26.0,1.71276079573,194.0,47.0517781012,75.0
2016-10-03,0,1,16.0,28.0,1,71.0,72.0,26.0,1.75338560228,194.0,45.4532727095,67.0
2016-10-04,1,1,11.0,19.0,0,67.0,74.0,26.0,1.13375497775,194.0,44.6094160464,73.0
2016-10-05,2,1,13.0,21.0,1,67.0,76.9230769231,26.0,0.993300993301,194.0,43.1802332599,76.0
2016-10-06,3,1,14.0,17.0,0,67.0,79.1538461538,26.0,1.01838755304,194.0,42.3172017285,75.0
2016-10-07,4,1,12.0,16.0,0,67.0,80.7692307692,26.0,1.07202680067,194.0,41.7228103009,78.0
2016-10-08,5,0,5.0,19.0,1,67.0,76.9230769231,26.0,1.10869038974,194.0,39.4334132791,49.0
2016-10-09,6,0,8.0,18.0,1,64.0,73.3076923077,26.0,0.975845410628,194.0,39.6724756657,46.0
2016-10-10,0,0,10.0,20.0,1,59.0,74.3076923077,26.0,0.82380952381,194.0,38.7980661996,41.0
2016-10-11,1,0,10.0,20.0,1,55.0,75.0,26.0,0.647619047619,194.0,38.111173407,42.0
2016-10-12,2,0,10.0,19.0,1,54.0,75.0,26.0,0.611229566453,194.0,38.111173407,62.0
2016-10-13,3,0,12.0,22.0,1,54.0,75.2307692308,26.0,0.679793717768,194.0,38.0225719321,51.0
2016-10-14,4,0,13.0,23.0,1,54.0,64.2307692308,26.0,0.728212356119,194.0,16.8758081113,75.0
2016-10-15,5,1,11.0,17.0,0,54.0,62.3076923077,26.0,0.917520741825,194.0,13.8418796822,108.0
2016-10-16,6,1,12.0,20.0,1,55.0,64.8461538462,26.0,1.1320754717,194.0,18.2581747923,105.0
2016-10-17,0,0,9.0,21.0,1,59.0,67.7692307692,26.0,1.32413793103,194.0,21.1774693271,35.0
2016-10-18,1,0,12.0,20.0,1,55.0,64.8461538462,26.0,1.13787565955,194.0,22.8131074127,42.0
2016-10-19,2,0,14.0,22.0,1,54.0,62.2307692308,32.0,0.835053911448,194.0,23.327612711,64.0
2016-10-20,3,0,11.0,15.0,0,54.0,61.3846153846,32.0,0.644718792867,194.0,23.0469035515,49.0
2016-10-21,4,0,11.0,11.0,0,54.0,59.1538461538,32.0,0.787001777101,194.0,22.7320382309,86.0
2016-10-22,5,1,7.0,15.0,1,54.0,62.0,32.0,1.02129843469,194.0,23.5829142846,182.0
2016-10-23,6,1,0.0,5.0,1,55.0,72.4615384615,32.0,1.5030820294,194.0,39.1753756736,157.0
2016-10-24,0,0,6.0,13.0,1,55.0,81.3846153846,32.0,1.89393939394,194.0,43.9169468981,31.0
2016-10-25,1,0,10.0,17.0,1,55.0,80.5384615385,31.0,1.6964695094,194.0,44.7653976683,41.0
2016-10-26,2,0,0.0,10.0,1,54.0,78.9230769231,31.0,1.07587502936,194.0,45.7727858994,55.0
2016-10-27,3,0,7.0,11.0,0,54.0,79.2307692308,31.0,0.605194186324,194.0,45.5971555222,47.0
2016-10-28,4,0,2.0,13.0,1,54.0,77.0769230769,31.0,0.696881091618,194.0,46.4003672705,84.0
2016-10-29,5,1,2.0,12.0,1,55.0,75.2307692308,31.0,0.88382038489,194.0,45.6039030822,154.0
2016-10-30,6,1,2.0,13.0,1,55.0,79.0,31.0,1.2574454004,182.0,49.7455061751,135.0
2016-10-31,0,0,-4.0,6.0,1,59.0,86.6923076923,31.0,1.54932502596,182.0,50.0774548004,58.0
