time_stamp,dayofweek,holiday,lt,ht,sunny,m2M,w2A,m1L,d3w3,m1Lar,w2Std,pay_sum
2016-08-01,0,0,28.0,34.0,1,208.0,228.692307692,155.0,1.21344074316,367.0,64.2403954095,170.0
2016-08-02,1,0,28.0,34.0,0,205.0,229.846153846,155.0,0.941176470588,367.0,63.0297196736,192.0
2016-08-03,2,0,26.0,32.0,0,205.0,230.076923077,155.0,0.87057626626,367.0,62.8850740985,175.0
2016-08-04,3,0,27.0,32.0,0,205.0,226.461538462,155.0,0.788025533788,367.0,64.573887774,235.0
2016-08-05,4,0,27.0,33.0,0,208.0,216.384615385,155.0,0.909846595632,367.0,50.7551262459,328.0
2016-08-06,5,1,27.0,33.0,1,211.0,225.307692308,155.0,1.09187749667,367.0,58.7646997851,200.0
2016-08-07,6,1,27.0,34.0,1,208.0,220.769230769,155.0,1.13821138211,367.0,58.2635310744,249.0
2016-08-08,0,0,27.0,34.0,0,208.0,224.153846154,155.0,1.14551083591,367.0,58.5265832485,85.0
2016-08-09,1,0,28.0,34.0,1,208.0,218.384615385,85.0,0.799640610961,367.0,67.5648275152,196.0
2016-08-10,2,0,28.0,34.0,1,205.0,220.384615385,85.0,0.792404874038,367.0,66.4790753216,212.0
2016-08-11,3,0,28.0,35.0,1,205.0,221.384615385,85.0,0.738742788642,367.0,66.2472506966,268.0
2016-08-12,4,0,28.0,34.0,1,208.0,214.461538462,85.0,1.03577721597,367.0,55.4278677265,426.0
2016-08-13,5,1,28.0,35.0,1,211.0,228.692307692,85.0,1.32311062432,426.0,79.1059509727,276.0
2016-08-14,6,1,28.0,36.0,1,211.0,231.692307692,85.0,1.41131965663,426.0,80.0974258833,332.0
2016-08-15,0,0,28.0,35.0,1,212.0,244.153846154,85.0,1.46386352375,426.0,82.1067280611,298.0
2016-08-16,1,0,28.0,35.0,1,212.0,252.307692308,85.0,1.24613162781,426.0,81.7852578547,291.0
2016-08-17,2,0,28.0,35.0,1,212.0,261.230769231,85.0,1.23590982287,426.0,79.1494728552,269.0
2016-08-18,3,0,28.0,36.0,1,217.0,263.846153846,85.0,1.13537117904,426.0,78.8004745728,325.0
2016-08-19,4,0,29.0,36.0,1,219.0,263.615384615,85.0,1.17882117882,426.0,78.6164383491,477.0
2016-08-20,5,1,28.0,37.0,0,222.0,284.923076923,85.0,1.36233543217,477.0,94.4339097656,296.0
2016-08-21,6,1,28.0,35.0,0,222.0,288.538461538,85.0,1.38113207547,477.0,93.887506652,335.0
2016-08-22,0,0,28.0,35.0,1,224.0,307.769230769,85.0,1.351631595,477.0,73.6500601558,217.0
2016-08-23,1,0,26.0,34.0,1,222.0,309.384615385,85.0,1.02975106254,477.0,71.3760770756,248.0
2016-08-24,2,0,26.0,34.0,1,224.0,312.153846154,85.0,0.958715321469,477.0,68.170426877,248.0
2016-08-25,3,0,27.0,35.0,1,224.0,310.615384615,85.0,0.852462936394,477.0,69.364742165,284.0
2016-08-26,4,0,26.0,34.0,0,225.0,299.692307692,85.0,0.939985538684,477.0,61.0124635633,392.0
2016-08-27,5,1,23.0,31.0,1,228.0,308.615384615,85.0,1.07617051013,477.0,65.2315856262,267.0
2016-08-28,6,1,22.0,30.0,1,233.0,303.615384615,85.0,1.0948566121,477.0,65.7366991069,255.0
2016-08-29,0,0,23.0,31.0,1,233.0,300.307692308,85.0,1.03067207939,477.0,67.0056078197,219.0
2016-08-30,1,0,23.0,31.0,1,228.0,294.769230769,85.0,0.832350463353,477.0,70.4339885678,233.0
2016-08-31,2,0,25.0,34.0,1,233.0,292.0,85.0,0.791358853817,477.0,72.0811508488,288.0
2016-09-01,3,0,26.0,33.0,1,233.0,289.153846154,85.0,0.8255243195,477.0,71.4496553836,287.0
2016-09-02,4,0,25.0,34.0,1,235.0,274.538461538,85.0,0.922848495232,477.0,46.6634684731,346.0
2016-09-03,5,1,25.0,35.0,1,237.0,278.384615385,85.0,1.0394447266,477.0,50.2004266938,290.0
2016-09-04,6,1,25.0,33.0,1,237.0,274.923076923,85.0,1.04916169366,477.0,47.6646321686,301.0
2016-09-05,0,0,25.0,30.0,0,241.0,281.384615385,85.0,1.06453078846,477.0,44.9932276298,282.0
2016-09-06,1,0,22.0,27.0,0,241.0,284.0,85.0,0.993343573989,477.0,43.9527718562,299.0
2016-09-07,2,0,20.0,24.0,0,248.0,287.923076923,196.0,0.998471726949,477.0,42.8260552225,290.0
2016-09-08,3,0,22.0,29.0,1,248.0,288.384615385,212.0,0.991914360551,477.0,42.813618361,289.0
2016-09-09,4,0,23.0,31.0,1,249.0,280.461538462,217.0,1.03306271326,477.0,30.7311302569,371.0
2016-09-10,5,1,24.0,29.0,1,255.0,288.461538462,217.0,1.1031759856,477.0,38.6913136438,333.0
2016-09-11,6,1,23.0,26.0,0,259.0,294.461538462,217.0,1.15351106465,477.0,39.0829795428,280.0
2016-09-12,0,0,23.0,29.0,1,267.0,299.153846154,217.0,1.13064460531,477.0,32.9167858835,223.0
2016-09-13,1,0,23.0,30.0,1,259.0,298.384615385,217.0,0.964745254169,477.0,34.5310082758,297.0
2016-09-14,2,0,22.0,24.0,0,267.0,299.076923077,217.0,0.915436548804,477.0,34.405861617,586.0
2016-09-15,3,1,23.0,26.0,0,268.0,322.076923077,217.0,1.20322019147,586.0,83.5237981181,288.0
2016-09-16,4,1,23.0,27.0,0,269.0,317.615384615,217.0,1.29592740151,586.0,83.6756912238,192.0
2016-09-17,5,1,23.0,27.0,0,269.0,310.076923077,192.0,1.19459853197,586.0,89.9995397753,328.0
2016-09-18,6,0,23.0,28.0,0,276.0,312.153846154,192.0,0.894497951954,586.0,90.0776128201,275.0
2016-09-19,0,0,21.0,27.0,0,276.0,311.615384615,192.0,0.871997367555,586.0,90.2769571601,236.0
2016-09-20,1,0,20.0,26.0,1,275.0,306.769230769,192.0,0.919804856657,586.0,92.4879649935,235.0
2016-09-21,2,0,20.0,27.0,1,275.0,302.538461538,192.0,0.82503870825,586.0,94.396557454,232.0
2016-09-22,3,0,21.0,27.0,1,275.0,298.153846154,192.0,0.784642000112,586.0,96.2295701825,209.0
2016-09-23,4,0,21.0,27.0,1,275.0,285.692307692,192.0,0.772218414439,586.0,96.4782834196,347.0
2016-09-24,5,1,22.0,28.0,1,276.0,286.769230769,192.0,0.89145313649,586.0,97.0766183099,221.0
2016-09-25,6,1,23.0,29.0,1,276.0,282.230769231,192.0,0.891106141407,586.0,98.6533588232,262.0
2016-09-26,0,0,24.0,31.0,1,276.0,285.230769231,192.0,0.955175786869,586.0,97.3914811044,211.0
2016-09-27,1,0,25.0,30.0,0,275.0,278.615384615,192.0,0.810984516506,586.0,99.2700578155,218.0
2016-09-28,2,0,22.0,28.0,0,275.0,250.307692308,192.0,0.817799869815,586.0,45.4725354394,229.0
2016-09-29,3,0,22.0,25.0,0,275.0,245.769230769,192.0,0.787128416771,586.0,44.4161333235,382.0
2016-09-30,4,0,23.0,28.0,0,276.0,260.384615385,192.0,0.989732569245,586.0,54.44621688,660.0
2016-10-01,5,1,24.0,29.0,0,280.0,285.923076923,192.0,1.43348559183,660.0,119.350461015,474.0
2016-10-02,6,1,24.0,32.0,1,282.0,301.230769231,192.0,1.65547365547,660.0,129.31366389,306.0
2016-10-03,0,1,22.0,26.0,1,284.0,306.615384615,192.0,1.55138978668,660.0,127.935403449,326.0
2016-10-04,1,1,22.0,26.0,1,284.0,313.615384615,192.0,1.18599538899,660.0,126.304600356,266.0
2016-10-05,2,1,22.0,27.0,1,284.0,316.230769231,192.0,1.01520547171,660.0,124.93207622,315.0
2016-10-06,3,1,22.0,26.0,0,287.0,324.384615385,192.0,1.02070672969,660.0,121.066757466,289.0
2016-10-07,4,1,20.0,25.0,0,288.0,319.923076923,192.0,0.963295133699,660.0,121.219737882,320.0
2016-10-08,5,0,17.0,22.0,0,288.0,327.538461538,192.0,1.02444703143,660.0,117.828176978,246.0
2016-10-09,6,0,18.0,22.0,1,288.0,326.307692308,192.0,0.952540106952,660.0,118.587445577,184.0
2016-10-10,0,0,18.0,22.0,1,288.0,324.230769231,184.0,0.842886041807,660.0,120.804453462,257.0
2016-10-11,1,0,19.0,25.0,1,288.0,327.230769231,184.0,0.769230769231,660.0,118.593133701,243.0
2016-10-12,2,0,19.0,23.0,1,288.0,328.307692308,184.0,0.764459346186,660.0,117.75684505,232.0
2016-10-13,3,0,19.0,23.0,1,287.0,316.769230769,184.0,0.814963259853,660.0,119.269671073,203.0
2016-10-14,4,0,19.0,23.0,0,284.0,281.615384615,184.0,0.773442847365,660.0,70.1641355477,420.0
2016-10-15,5,1,21.0,25.0,1,284.0,277.461538462,184.0,0.943240112527,660.0,59.4288396509,241.0
2016-10-16,6,1,20.0,26.0,1,284.0,272.461538462,184.0,0.956492859515,660.0,59.5516781196,267.0
2016-10-17,0,0,20.0,25.0,1,282.0,267.923076923,184.0,1.01787868816,660.0,57.5118202412,209.0
2016-10-18,1,0,20.0,25.0,1,280.0,263.538461538,184.0,0.787609161312,660.0,59.625259728,211.0
2016-10-19,2,0,20.0,24.0,0,275.0,255.538461538,184.0,0.756899686002,660.0,59.158997475,240.0
2016-10-20,3,0,20.0,23.0,0,267.0,251.769230769,184.0,0.744626840413,660.0,58.4638663504,171.0
2016-10-21,4,0,0.0,21.0,0,267.0,240.307692308,171.0,0.765067650677,660.0,58.5693338182,403.0
2016-10-22,5,1,19.0,23.0,0,275.0,252.384615385,171.0,1.01451984795,660.0,72.9251865972,257.0
2016-10-23,6,1,18.0,23.0,1,275.0,258.0,171.0,1.04528301887,660.0,70.2030023465,266.0
2016-10-24,0,0,20.0,24.0,1,267.0,258.692307692,171.0,1.17811704835,660.0,70.2340971492,239.0
2016-10-25,1,0,18.0,22.0,1,267.0,258.384615385,171.0,0.974486859774,660.0,70.3108903498,237.0
2016-10-26,2,0,19.0,21.0,0,266.0,258.769230769,171.0,0.963323596235,660.0,70.1790609207,233.0
2016-10-27,3,0,18.0,22.0,0,266.0,261.076923077,171.0,0.930629388987,660.0,68.7866954247,218.0
2016-10-28,4,0,15.0,20.0,0,266.0,245.538461538,171.0,0.921572567142,660.0,51.8661226096,386.0
2016-10-29,5,1,13.0,17.0,1,267.0,256.692307692,171.0,1.09048270471,660.0,63.8885864556,256.0
2016-10-30,6,1,14.0,18.0,1,266.0,255.846153846,171.0,1.10490139397,474.0,63.819271449,246.0
2016-10-31,0,0,13.0,17.0,0,266.0,258.692307692,171.0,1.14329857088,420.0,62.4775462625,163.0
