time_stamp,dayofweek,holiday,lt,ht,sunny,m2M,w2A,m1L,d3w3,m1Lar,w2Std,pay_sum
2016-08-01,0,0,26.0,32.0,0,398.0,454.692307692,321.0,1.12558139535,556.0,59.7203542359,536.0
2016-08-02,1,0,25.0,28.0,0,403.0,469.230769231,321.0,1.17400897816,556.0,54.5120365624,471.0
2016-08-03,2,0,26.0,31.0,0,403.0,473.692307692,321.0,1.17558515843,556.0,52.0449282468,437.0
2016-08-04,3,0,27.0,31.0,0,403.0,476.692307692,321.0,1.076326774,556.0,48.6057682797,414.0
2016-08-05,4,0,27.0,32.0,0,406.0,472.615384615,321.0,0.975897833389,556.0,51.3907182005,407.0
2016-08-06,5,1,28.0,34.0,1,407.0,463.307692308,321.0,0.931541338072,556.0,51.4742424241,535.0
2016-08-07,6,1,28.0,35.0,1,407.0,461.692307692,321.0,0.993515770964,556.0,48.800038801,483.0
2016-08-08,0,0,28.0,34.0,1,410.0,462.230769231,327.0,1.03328257559,556.0,48.9931766774,378.0
2016-08-09,1,0,27.0,33.0,1,410.0,460.307692308,327.0,1.00885275519,556.0,51.6964284072,441.0
2016-08-10,2,0,25.0,28.0,0,413.0,460.769230769,327.0,0.938074138117,556.0,51.4948150432,419.0
2016-08-11,3,0,26.0,31.0,0,414.0,459.461538462,327.0,0.889943210409,556.0,52.316515093,479.0
2016-08-12,4,0,26.0,30.0,0,418.0,462.076923077,327.0,0.961303754756,556.0,52.3780070383,467.0
2016-08-13,5,1,26.0,31.0,0,419.0,463.230769231,327.0,0.986449864499,556.0,52.3084841569,526.0
2016-08-14,6,1,26.0,31.0,0,424.0,461.0,347.0,1.06724669204,556.0,48.8514230956,510.0
2016-08-15,0,0,26.0,30.0,0,431.0,459.0,347.0,1.08570809405,556.0,46.2002330996,455.0
2016-08-16,1,0,25.0,29.0,0,435.0,457.769230769,347.0,1.0710052796,556.0,46.0771157053,471.0
2016-08-17,2,0,25.0,29.0,0,435.0,460.384615385,347.0,1.02751243247,556.0,45.7880375065,454.0
2016-08-18,3,0,26.0,30.0,0,435.0,463.461538462,378.0,0.985538296733,556.0,43.8715176301,421.0
2016-08-19,4,0,26.0,31.0,0,435.0,464.538461538,378.0,0.963734650771,556.0,42.6264911936,498.0
2016-08-20,5,1,27.0,33.0,1,436.0,461.692307692,378.0,0.978233764383,556.0,38.8990500485,564.0
2016-08-21,6,1,26.0,31.0,0,436.0,467.923076923,378.0,1.05559114528,564.0,47.3764978062,665.0
2016-08-22,0,0,26.0,33.0,1,437.0,490.0,378.0,1.21256801826,665.0,64.2087940299,487.0
2016-08-23,1,0,27.0,34.0,1,437.0,493.538461538,378.0,1.20281778993,665.0,62.6597839185,448.0
2016-08-24,2,0,28.0,34.0,1,437.0,495.769230769,378.0,1.12021284044,665.0,60.4434304455,484.0
2016-08-25,3,0,28.0,34.0,1,437.0,496.153846154,378.0,0.98623853211,665.0,60.3513382094,506.0
2016-08-26,4,0,26.0,33.0,0,439.0,499.153846154,378.0,0.98923399718,665.0,59.7943220276,412.0
2016-08-27,5,1,26.0,31.0,0,437.0,490.384615385,378.0,0.976867335563,665.0,63.4611188797,514.0
2016-08-28,6,1,26.0,31.0,1,439.0,490.692307692,378.0,0.994548043199,665.0,63.565090341,634.0
2016-08-29,0,0,25.0,31.0,1,441.0,504.461538462,378.0,1.05530187722,665.0,73.0254069429,532.0
2016-08-30,1,0,25.0,30.0,1,445.0,509.153846154,378.0,1.12608083652,665.0,72.6835566568,474.0
2016-08-31,2,0,26.0,30.0,1,447.0,510.692307692,378.0,1.09322401093,665.0,71.7049345104,541.0
2016-09-01,3,0,25.0,30.0,0,447.0,519.923076923,378.0,1.02487661069,665.0,67.1433157661,469.0
2016-09-02,4,0,25.0,29.0,0,448.0,517.692307692,378.0,0.982944196059,665.0,68.3063062922,536.0
2016-09-03,5,1,26.0,31.0,0,452.0,515.538461538,378.0,1.02299421009,665.0,67.2453777475,641.0
2016-09-04,6,1,26.0,32.0,0,454.0,513.692307692,378.0,1.07518453197,665.0,63.3323159889,717.0
2016-09-05,0,0,26.0,30.0,0,455.0,531.384615385,378.0,1.20621576869,717.0,82.5996260576,470.0
2016-09-06,1,0,26.0,29.0,0,467.0,533.076923077,378.0,1.16429413076,717.0,81.0853885524,458.0
2016-09-07,2,0,26.0,30.0,0,467.0,531.076923077,412.0,1.04733708974,717.0,82.5781322687,480.0
2016-09-08,3,0,25.0,29.0,0,467.0,529.076923077,412.0,0.891421335866,717.0,83.4712862085,454.0
2016-09-09,4,0,26.0,31.0,0,467.0,532.307692308,412.0,0.884989509823,717.0,79.6003330254,491.0
2016-09-10,5,1,25.0,29.0,0,469.0,530.538461538,412.0,0.91232113704,717.0,80.2406144855,486.0
2016-09-11,6,1,25.0,31.0,0,470.0,519.153846154,412.0,0.93218682822,717.0,75.0874834944,531.0
2016-09-12,0,0,25.0,32.0,0,471.0,519.076923077,412.0,0.978141013167,717.0,75.0747950518,505.0
2016-09-13,1,0,27.0,33.0,1,471.0,521.461538462,412.0,0.981777132721,717.0,74.0910203057,413.0
2016-09-14,2,0,26.0,33.0,1,471.0,511.615384615,412.0,0.941153546376,717.0,79.1712248247,450.0
2016-09-15,3,1,27.0,33.0,1,471.0,510.153846154,412.0,0.8934169279,717.0,80.1141936467,528.0
2016-09-16,4,1,27.0,33.0,1,474.0,509.538461538,412.0,0.898230659951,717.0,79.9438412355,461.0
2016-09-17,5,1,26.0,32.0,1,474.0,495.692307692,412.0,0.934021354623,717.0,71.0713451025,517.0
2016-09-18,6,0,25.0,32.0,1,476.0,480.307692308,412.0,0.98877289738,717.0,32.8923292797,468.0
2016-09-19,0,0,25.0,32.0,1,476.0,480.153846154,412.0,0.955401387512,717.0,32.9448166901,359.0
2016-09-20,1,0,23.0,28.0,0,476.0,472.538461538,359.0,0.898245614035,717.0,46.0294477392,404.0
2016-09-21,2,0,24.0,31.0,1,474.0,466.692307692,359.0,0.834180388968,717.0,49.4125250633,429.0
2016-09-22,3,0,25.0,31.0,1,471.0,464.769230769,359.0,0.811049874124,717.0,50.3467267993,404.0
2016-09-23,4,0,26.0,31.0,1,471.0,458.076923077,359.0,0.853162287054,717.0,52.1646233476,465.0
2016-09-24,5,1,26.0,31.0,1,471.0,456.461538462,359.0,0.911837021426,717.0,51.5969817015,499.0
2016-09-25,6,1,26.0,32.0,1,471.0,454.0,359.0,0.983606557377,717.0,48.6621002424,524.0
2016-09-26,0,0,27.0,33.0,1,474.0,455.461538462,359.0,1.06369290157,717.0,50.4252918601,399.0
2016-09-27,1,0,27.0,33.0,1,474.0,454.384615385,359.0,1.02298478472,717.0,51.4595262341,461.0
2016-09-28,2,0,26.0,32.0,1,474.0,455.230769231,359.0,0.997693194925,717.0,51.470908656,441.0
2016-09-29,3,0,24.0,29.0,1,471.0,448.538461538,359.0,0.939180653312,717.0,47.0394521564,403.0
2016-09-30,4,0,23.0,26.0,0,471.0,444.076923077,359.0,0.951131518531,717.0,48.3774606426,497.0
2016-10-01,5,1,23.0,28.0,0,471.0,442.538461538,359.0,0.976195675912,717.0,46.3076923077,463.0
2016-10-02,6,1,24.0,30.0,0,471.0,442.153846154,359.0,0.999633296663,717.0,46.1149836385,423.0
2016-10-03,0,1,24.0,30.0,0,471.0,447.076923077,359.0,1.02353463588,717.0,39.98357651,407.0
2016-10-04,1,1,25.0,32.0,1,471.0,447.307692308,359.0,0.957564985559,531.0,39.7422166843,414.0
2016-10-05,2,1,25.0,30.0,1,470.0,446.153846154,359.0,0.924975834635,531.0,40.4681187981,418.0
2016-10-06,3,1,26.0,32.0,1,469.0,447.230769231,359.0,0.932700993677,531.0,39.5068715467,463.0
2016-10-07,4,1,25.0,31.0,0,469.0,447.076923077,359.0,0.974636863099,531.0,39.4412153395,490.0
2016-10-08,5,0,24.0,30.0,1,470.0,446.384615385,359.0,1.03499037482,531.0,38.5936193641,520.0
2016-10-09,6,0,22.0,28.0,1,471.0,446.076923077,359.0,1.10548238208,531.0,37.9847368911,528.0
2016-10-10,0,0,23.0,28.0,1,471.0,456.0,359.0,1.13271468552,531.0,41.1114807098,471.0
2016-10-11,1,0,21.0,26.0,1,471.0,456.769230769,359.0,1.11050188252,528.0,41.2910007818,481.0
2016-10-12,2,0,22.0,26.0,0,471.0,459.846153846,359.0,1.07585505034,528.0,41.4911411376,467.0
2016-10-13,3,0,23.0,28.0,1,471.0,464.769230769,359.0,1.02447476716,528.0,38.1135022434,419.0
2016-10-14,4,0,24.0,30.0,1,471.0,458.769230769,359.0,0.991873458134,528.0,38.7023232182,431.0
2016-10-15,5,1,24.0,31.0,1,470.0,456.307692308,359.0,0.962719298246,528.0,39.3668830274,500.0
2016-10-16,6,1,24.0,31.0,1,471.0,462.230769231,359.0,0.98944591029,528.0,39.7011021861,522.0
2016-10-17,0,0,24.0,31.0,1,474.0,471.076923077,359.0,1.05072856781,528.0,39.218248379,403.0
2016-10-18,1,0,23.0,27.0,0,471.0,470.230769231,359.0,1.03700469381,528.0,40.5370748559,290.0
2016-10-19,2,0,24.0,27.0,0,470.0,460.384615385,290.0,0.899001109878,528.0,61.9286667329,415.0
2016-10-20,3,0,24.0,30.0,0,469.0,456.692307692,290.0,0.818739377817,528.0,63.0828327438,585.0
2016-10-21,4,0,24.0,27.0,0,469.0,464.0,290.0,0.944017563117,585.0,71.4638154808,349.0
2016-10-22,5,1,24.0,30.0,0,469.0,450.846153846,290.0,0.999703571958,585.0,75.5654033107,543.0
2016-10-23,6,1,25.0,30.0,1,469.0,452.0,290.0,1.0801521135,585.0,76.8384919565,532.0
2016-10-24,0,0,25.0,31.0,0,469.0,456.692307692,290.0,1.02730584713,585.0,79.6660188299,464.0
2016-10-25,1,0,25.0,30.0,1,469.0,455.384615385,290.0,1.10429447853,585.0,79.3953481117,484.0
2016-10-26,2,0,25.0,31.0,1,469.0,456.692307692,290.0,1.05446902497,585.0,79.7152476635,494.0
2016-10-27,3,0,26.0,31.0,1,469.0,462.461538462,290.0,1.0240022724,585.0,79.4922496315,464.0
2016-10-28,4,0,24.0,32.0,1,468.0,465.0,290.0,1.0268461155,585.0,78.9722443939,464.0
2016-10-29,5,1,22.0,29.0,1,467.0,462.230769231,290.0,1.01869761444,585.0,78.3249187641,511.0
2016-10-30,6,1,20.0,25.0,1,467.0,461.384615385,290.0,1.032762766,585.0,77.731825441,534.0
2016-10-31,0,0,21.0,27.0,1,467.0,471.461538462,290.0,1.07570573139,585.0,78.0006068858,423.0
