time_stamp,dayofweek,holiday,lt,ht,sunny,m2M,w2A,m1L,d3w3,m1Lar,w2Std,pay_sum
2016-08-01,0,0,28.0,34.0,1,178.0,177.769230769,123.0,0.90926240332,207.0,27.2259882809,265.0
2016-08-02,1,0,28.0,34.0,0,179.0,182.384615385,123.0,1.00593912398,265.0,35.3303932385,288.0
2016-08-03,2,0,26.0,32.0,0,180.0,189.0,123.0,1.21179528547,288.0,45.0879482448,379.0
2016-08-04,3,0,27.0,32.0,0,183.0,202.923076923,123.0,1.59234580557,379.0,67.895237783,444.0
2016-08-05,4,0,27.0,33.0,0,183.0,221.769230769,123.0,1.77745780338,444.0,93.4024821332,502.0
2016-08-06,5,1,27.0,33.0,1,183.0,247.153846154,123.0,1.95730851614,502.0,118.024668969,210.0
2016-08-07,6,1,27.0,34.0,1,183.0,253.461538462,123.0,1.68304578875,502.0,113.596191285,125.0
2016-08-08,0,0,27.0,34.0,0,183.0,249.615384615,123.0,1.23342175066,502.0,116.983587581,370.0
2016-08-09,1,0,28.0,34.0,1,183.0,264.846153846,123.0,1.00234591597,502.0,118.762753909,334.0
2016-08-10,2,0,28.0,34.0,1,184.0,275.0,123.0,1.14637350481,502.0,118.598222843,286.0
2016-08-11,3,0,28.0,35.0,1,185.0,283.461538462,123.0,1.34446934202,502.0,115.10571421,241.0
2016-08-12,4,0,28.0,34.0,1,185.0,286.230769231,123.0,1.1593617451,502.0,113.608067053,248.0
2016-08-13,5,1,28.0,35.0,1,185.0,293.461538462,123.0,1.02778330349,502.0,107.805105762,202.0
2016-08-14,6,1,28.0,36.0,1,187.0,299.538461538,123.0,0.90309089721,502.0,99.9666216484,163.0
2016-08-15,0,0,28.0,35.0,1,185.0,291.692307692,123.0,0.803039234951,502.0,106.179372628,248.0
2016-08-16,1,0,28.0,35.0,1,185.0,288.615384615,123.0,0.791222975153,502.0,106.819429565,271.0
2016-08-17,2,0,28.0,35.0,1,187.0,280.307692308,123.0,0.868679149153,502.0,103.618668214,334.0
2016-08-18,3,0,28.0,36.0,1,191.0,271.846153846,123.0,1.05464886251,502.0,93.9458486853,336.0
2016-08-19,4,0,29.0,36.0,1,191.0,259.076923077,123.0,1.13585611684,502.0,70.0334662182,396.0
2016-08-20,5,1,28.0,37.0,0,196.0,273.384615385,123.0,1.23272622145,502.0,77.1806457022,209.0
2016-08-21,6,1,28.0,35.0,0,198.0,279.846153846,123.0,1.07218139349,502.0,67.3816297196,170.0
2016-08-22,0,0,28.0,35.0,1,198.0,264.461538462,123.0,0.897614083855,502.0,67.8716156653,385.0
2016-08-23,1,0,26.0,34.0,1,199.0,268.384615385,123.0,0.870209009625,502.0,73.0537615117,326.0
2016-08-24,2,0,26.0,34.0,1,200.0,271.461538462,123.0,1.01264367816,502.0,74.5577890319,363.0
2016-08-25,3,0,27.0,35.0,1,200.0,280.846153846,123.0,1.25196712712,502.0,77.7430146789,303.0
2016-08-26,4,0,26.0,34.0,0,202.0,285.076923077,123.0,1.19806763285,502.0,77.3358922926,300.0
2016-08-27,5,1,23.0,31.0,1,202.0,292.615384615,123.0,1.14795008913,502.0,73.554311134,210.0
2016-08-28,6,1,22.0,30.0,1,202.0,296.230769231,123.0,0.951712028095,502.0,68.0431467709,206.0
2016-08-29,0,0,23.0,31.0,1,203.0,293.0,123.0,0.863014524197,502.0,71.1812421272,249.0
2016-08-30,1,0,23.0,31.0,1,204.0,291.307692308,125.0,0.814053127678,502.0,71.9416265672,267.0
2016-08-31,2,0,25.0,34.0,1,205.0,286.153846154,125.0,0.886923407653,502.0,71.0934879132,242.0
2016-09-01,3,0,26.0,33.0,1,205.0,278.923076923,125.0,0.930975190371,502.0,70.4332324736,298.0
2016-09-02,4,0,25.0,34.0,1,206.0,271.384615385,125.0,0.982110259219,502.0,62.270549233,281.0
2016-09-03,5,1,25.0,35.0,1,207.0,276.923076923,125.0,0.984943914582,502.0,59.6211907843,237.0
2016-09-04,6,1,25.0,33.0,1,207.0,282.076923077,125.0,0.966080625111,396.0,52.6431550645,205.0
2016-09-05,0,0,25.0,30.0,0,207.0,268.230769231,125.0,0.862562634216,396.0,47.1350822247,252.0
2016-09-06,1,0,22.0,27.0,0,209.0,262.538461538,163.0,0.830789489436,396.0,44.1912197764,241.0
2016-09-07,2,0,20.0,24.0,0,210.0,253.153846154,163.0,0.849768687607,396.0,33.5280506071,220.0
2016-09-08,3,0,22.0,29.0,1,210.0,246.769230769,163.0,0.886815920398,396.0,31.2536861731,267.0
2016-09-09,4,0,23.0,31.0,1,220.0,244.230769231,163.0,0.927802204805,396.0,27.997675305,246.0
2016-09-10,5,1,24.0,29.0,1,237.0,247.0,163.0,0.927613262465,396.0,26.1974749224,240.0
2016-09-11,6,1,23.0,26.0,0,240.0,249.615384615,163.0,0.940427126265,396.0,23.5356961674,186.0
2016-09-12,0,0,23.0,29.0,1,240.0,244.769230769,163.0,0.871764934812,396.0,29.0123417933,238.0
2016-09-13,1,0,23.0,30.0,1,240.0,242.538461538,170.0,0.876394113377,396.0,28.3239919628,242.0
2016-09-14,2,0,22.0,24.0,0,241.0,242.538461538,170.0,0.90060851927,396.0,28.3239919628,202.0
2016-09-15,3,1,23.0,26.0,0,241.0,235.153846154,170.0,0.941533788914,396.0,25.2490552873,87.0
2016-09-16,4,1,23.0,27.0,0,241.0,220.230769231,87.0,0.766897746967,396.0,44.0631606921,143.0
2016-09-17,5,1,23.0,27.0,0,241.0,213.0,87.0,0.633106177182,396.0,48.2334068718,179.0
2016-09-18,6,0,23.0,28.0,0,241.0,211.0,87.0,0.602978033319,385.0,49.0556983281,209.0
2016-09-19,0,0,21.0,27.0,0,241.0,207.692307692,87.0,0.789825970549,385.0,47.6079899813,224.0
2016-09-20,1,0,20.0,26.0,1,241.0,206.384615385,87.0,0.919125929263,385.0,46.9034006665,225.0
2016-09-21,2,0,20.0,27.0,1,241.0,206.769230769,87.0,0.992009648726,363.0,47.0337912016,204.0
2016-09-22,3,0,21.0,27.0,1,241.0,201.923076923,87.0,1.00585335798,363.0,43.7061191605,223.0
2016-09-23,4,0,21.0,27.0,1,241.0,200.153846154,87.0,1.01795472287,303.0,42.3299242287,252.0
2016-09-24,5,1,22.0,28.0,1,241.0,201.076923077,87.0,1.0563982886,300.0,43.3083071414,250.0
2016-09-25,6,1,23.0,29.0,1,242.0,206.0,87.0,1.11624326405,298.0,44.9221548904,213.0
2016-09-26,0,0,24.0,31.0,1,242.0,204.076923077,87.0,1.11085217121,298.0,44.0375041885,210.0
2016-09-27,1,0,25.0,30.0,0,242.0,201.615384615,87.0,1.05320813772,298.0,42.7236890901,233.0
2016-09-28,2,0,22.0,28.0,0,242.0,204.0,87.0,1.02348077073,298.0,43.5360151528,221.0
2016-09-29,3,0,22.0,25.0,0,242.0,214.307692308,87.0,1.0472360224,298.0,27.5384615385,212.0
2016-09-30,4,0,23.0,28.0,0,241.0,219.615384615,87.0,1.05890770332,298.0,18.4246426186,278.0
2016-10-01,5,1,24.0,29.0,0,241.0,227.230769231,87.0,1.12030252895,281.0,20.4155063471,153.0
2016-10-02,6,1,24.0,32.0,1,241.0,222.923076923,87.0,1.02112116881,278.0,28.2229081489,115.0
2016-10-03,0,1,22.0,26.0,1,240.0,214.538461538,87.0,0.893251533742,278.0,40.2752364929,126.0
2016-10-04,1,1,22.0,26.0,1,238.0,206.923076923,87.0,0.663467205523,278.0,46.4616658175,134.0
2016-10-05,2,1,22.0,27.0,1,238.0,201.538461538,87.0,0.642508352609,278.0,50.3795064938,161.0
2016-10-06,3,1,22.0,26.0,0,238.0,196.769230769,87.0,0.707860445565,278.0,51.052241488,132.0
2016-10-07,4,1,20.0,25.0,0,237.0,187.538461538,87.0,0.719946046198,278.0,51.0800508774,146.0
2016-10-08,5,0,17.0,22.0,0,233.0,179.538461538,87.0,0.746408229193,278.0,48.762557175,205.0
2016-10-09,6,0,18.0,22.0,1,225.0,178.923076923,87.0,0.822057697217,278.0,48.3854102906,219.0
2016-10-10,0,0,18.0,22.0,1,224.0,179.615384615,87.0,0.971370143149,278.0,48.8869000253,230.0
2016-10-11,1,0,19.0,25.0,1,224.0,179.384615385,87.0,1.11309675772,278.0,48.640816133,212.0
2016-10-12,2,0,19.0,23.0,1,224.0,178.692307692,87.0,1.12271762208,278.0,48.1046689168,233.0
2016-10-13,3,0,19.0,23.0,1,225.0,180.307692308,87.0,1.14358322745,278.0,49.5275907805,272.0
2016-10-14,4,0,19.0,23.0,0,225.0,179.846153846,87.0,1.20859671302,278.0,48.634976578,294.0
2016-10-15,5,1,21.0,25.0,1,225.0,190.692307692,115.0,1.33199966658,294.0,56.5214521771,197.0
2016-10-16,6,1,20.0,26.0,1,224.0,197.0,115.0,1.27709431752,294.0,52.1270636928,230.0
2016-10-17,0,0,20.0,25.0,1,224.0,205.0,115.0,1.2007660921,294.0,48.4688639152,246.0
2016-10-18,1,0,20.0,25.0,1,224.0,213.615384615,115.0,1.11719787517,294.0,44.9059503707,272.0
2016-10-19,2,0,20.0,24.0,0,225.0,222.153846154,115.0,1.22612900582,294.0,44.641901934,246.0
2016-10-20,3,0,20.0,23.0,0,230.0,230.923076923,115.0,1.2419735024,294.0,36.5312543499,226.0
2016-10-21,4,0,0.0,21.0,0,226.0,237.076923077,115.0,1.22499382564,294.0,27.2720243768,217.0
2016-10-22,5,1,19.0,23.0,0,225.0,238.0,115.0,1.11678418024,294.0,26.3584755016,166.0
2016-10-23,6,1,18.0,23.0,1,224.0,233.923076923,115.0,0.97502401537,294.0,32.3905530826,195.0
2016-10-24,0,0,20.0,24.0,1,223.0,231.230769231,115.0,0.91030789826,294.0,34.0184426138,215.0
2016-10-25,1,0,18.0,22.0,1,221.0,231.461538462,115.0,0.890125173853,294.0,33.8971643575,207.0
2016-10-26,2,0,19.0,21.0,0,221.0,229.461538462,115.0,0.943425076453,294.0,34.5088960317,237.0
2016-10-27,3,0,18.0,22.0,0,223.0,226.769230769,115.0,0.983949234789,294.0,32.3850721693,237.0
2016-10-28,4,0,15.0,20.0,0,223.0,222.384615385,115.0,0.996488147498,294.0,26.2664994638,218.0
2016-10-29,5,1,13.0,17.0,1,221.0,224.0,115.0,1.00970307142,294.0,25.2830134523,230.0
2016-10-30,6,1,14.0,18.0,1,221.0,224.0,115.0,0.997088791849,294.0,25.2830134523,208.0
2016-10-31,0,0,13.0,17.0,0,220.0,221.076923077,115.0,0.959485154307,294.0,24.761824024,225.0
