time_stamp,dayofweek,holiday,lt,ht,sunny,m2M,w2A,m1L,d3w3,m1Lar,w2Std,pay_sum
2016-08-01,0,0,25.0,32.0,0,74.0,133.307692308,74.0,1.43639863764,193.0,32.9414039572,80.0
2016-08-02,1,0,26.0,33.0,1,74.0,133.769230769,74.0,1.34987446463,193.0,32.1394888815,72.0
2016-08-03,2,0,26.0,33.0,1,74.0,128.769230769,72.0,0.993348115299,193.0,36.0643737399,99.0
2016-08-04,3,0,26.0,33.0,1,74.0,126.230769231,72.0,0.733918128655,193.0,36.8993513517,78.0
2016-08-05,4,0,27.0,32.0,1,74.0,123.769230769,72.0,0.726795096322,193.0,38.9124339356,106.0
2016-08-06,5,1,25.0,32.0,1,74.0,118.076923077,72.0,0.814622913069,193.0,35.5364634803,167.0
2016-08-07,6,1,24.0,29.0,0,74.0,119.923076923,72.0,0.971357409714,193.0,37.3599158673,185.0
2016-08-08,0,0,24.0,30.0,0,74.0,125.384615385,72.0,1.21164021164,193.0,41.0975171654,110.0
2016-08-09,1,0,25.0,31.0,0,74.0,124.692307692,72.0,1.20500782473,193.0,41.2746609088,94.0
2016-08-10,2,0,26.0,33.0,1,74.0,122.461538462,72.0,1.03196710439,193.0,42.0816338243,126.0
2016-08-11,3,0,27.0,35.0,1,74.0,123.230769231,72.0,0.877542879936,193.0,42.0478735329,116.0
2016-08-12,4,0,26.0,35.0,0,74.0,123.846153846,72.0,0.891364902507,193.0,41.8786638422,118.0
2016-08-13,5,1,26.0,33.0,1,74.0,118.076923077,72.0,0.979192166463,193.0,36.8144234662,212.0
2016-08-14,6,1,24.0,32.0,1,74.0,120.230769231,72.0,1.17989417989,212.0,41.1697309387,282.0
2016-08-15,0,0,23.0,27.0,0,74.0,135.769230769,72.0,1.51785714286,282.0,57.8102384413,105.0
2016-08-16,1,0,24.0,31.0,1,74.0,138.307692308,72.0,1.49339316879,282.0,55.6380951609,89.0
2016-08-17,2,0,23.0,30.0,0,74.0,137.538461538,72.0,1.20202020202,282.0,56.2420803103,94.0
2016-08-18,3,0,22.0,27.0,0,74.0,138.769230769,72.0,0.733384262796,282.0,55.0889544229,68.0
2016-08-19,4,0,23.0,27.0,1,74.0,135.846153846,68.0,0.649081975692,282.0,57.6966152238,118.0
2016-08-20,5,1,23.0,31.0,1,74.0,132.076923077,68.0,0.745771740578,282.0,57.1360879338,187.0
2016-08-21,6,1,24.0,33.0,1,78.0,132.230769231,68.0,0.992285182229,282.0,57.2808920297,195.0
2016-08-22,0,0,25.0,33.0,1,80.0,138.769230769,68.0,1.27177921913,282.0,59.1895960792,124.0
2016-08-23,1,0,23.0,31.0,1,89.0,141.076923077,68.0,1.26200274348,282.0,57.9714273632,87.0
2016-08-24,2,0,23.0,30.0,0,89.0,138.076923077,68.0,1.01716146812,282.0,59.6585947621,121.0
2016-08-25,3,0,20.0,27.0,1,94.0,138.461538462,68.0,0.818540433925,282.0,59.5310072853,123.0
2016-08-26,4,0,20.0,28.0,1,94.0,138.846153846,68.0,0.810976356732,282.0,59.413603925,105.0
2016-08-27,5,1,21.0,31.0,1,99.0,130.615384615,68.0,0.875015670051,282.0,56.0240861135,196.0
2016-08-28,6,1,21.0,31.0,1,105.0,124.0,68.0,1.05867665418,282.0,40.7544240166,246.0
2016-08-29,0,0,21.0,31.0,1,105.0,134.846153846,68.0,1.29959610359,282.0,51.5794326241,121.0
2016-08-30,1,0,21.0,31.0,1,106.0,137.307692308,68.0,1.32486174844,282.0,50.0743825422,103.0
2016-08-31,2,0,19.0,31.0,1,106.0,138.0,68.0,1.11506524318,282.0,49.5300996287,119.0
2016-09-01,3,0,20.0,27.0,1,108.0,141.923076923,68.0,0.812892522811,282.0,45.7021486424,104.0
2016-09-02,4,0,20.0,28.0,1,108.0,140.846153846,68.0,0.776467786114,282.0,46.4126079586,116.0
2016-09-03,5,1,22.0,30.0,1,110.0,135.384615385,68.0,0.836108028117,282.0,44.8099207105,228.0
2016-09-04,6,1,22.0,30.0,0,110.0,137.923076923,68.0,1.12746948534,282.0,48.8663192778,252.0
2016-09-05,0,0,21.0,31.0,1,114.0,147.769230769,68.0,1.42107773009,282.0,57.2459657244,118.0
2016-09-06,1,0,22.0,32.0,1,116.0,150.153846154,68.0,1.41120943953,282.0,55.2767111259,94.0
2016-09-07,2,0,21.0,30.0,1,116.0,148.076923077,68.0,1.09498525074,282.0,56.8188234498,126.0
2016-09-08,3,0,20.0,32.0,1,116.0,148.307692308,68.0,0.781593247774,282.0,56.7225156969,115.0
2016-09-09,4,0,21.0,31.0,1,116.0,149.076923077,68.0,0.775462962963,282.0,56.195348204,133.0
2016-09-10,5,1,20.0,30.0,0,116.0,144.230769231,68.0,0.882283557443,282.0,54.6346661522,229.0
2016-09-11,6,1,17.0,25.0,0,118.0,142.923076923,68.0,1.11188811189,282.0,52.3383394382,197.0
2016-09-12,0,0,19.0,27.0,1,118.0,148.769230769,68.0,1.2705989317,282.0,53.7875505272,113.0
2016-09-13,1,0,20.0,28.0,1,118.0,149.538461538,68.0,1.21437422553,252.0,53.195742144,97.0
2016-09-14,2,0,22.0,31.0,1,118.0,147.846153846,68.0,0.924474730267,252.0,54.4749005772,132.0
2016-09-15,3,1,22.0,32.0,1,118.0,150.0,68.0,0.774456521739,252.0,53.2382164644,246.0
2016-09-16,4,1,19.0,30.0,1,119.0,160.0,68.0,1.0264721772,252.0,57.9163853526,148.0
2016-09-17,5,1,17.0,26.0,1,119.0,153.846153846,87.0,1.15464822742,252.0,54.5144245609,138.0
2016-09-18,6,0,17.0,24.0,1,119.0,145.076923077,87.0,1.21087970866,252.0,46.6170347512,108.0
2016-09-19,0,0,15.0,24.0,1,119.0,144.307692308,87.0,0.90077732053,252.0,47.1370907614,96.0
2016-09-20,1,0,17.0,26.0,1,119.0,144.461538462,87.0,0.783774492953,252.0,46.9756326107,74.0
2016-09-21,2,0,18.0,28.0,1,118.0,140.461538462,74.0,0.647113594041,252.0,50.4618902427,101.0
2016-09-22,3,0,19.0,28.0,1,118.0,139.384615385,74.0,0.631480834207,252.0,51.1386327869,102.0
2016-09-23,4,0,20.0,29.0,1,118.0,137.0,74.0,0.648635991102,252.0,52.0945885275,98.0
2016-09-24,5,1,19.0,29.0,1,118.0,126.923076923,74.0,0.738559685928,252.0,45.5875515034,203.0
2016-09-25,6,1,20.0,27.0,1,118.0,127.384615385,74.0,1.00699650175,252.0,46.3191910078,199.0
2016-09-26,0,0,19.0,27.0,0,118.0,134.0,74.0,1.21256214381,252.0,49.8026876012,91.0
2016-09-27,1,0,14.0,22.0,1,118.0,133.538461538,74.0,1.19689244962,252.0,50.1698888924,92.0
2016-09-28,2,0,12.0,22.0,1,118.0,130.461538462,74.0,0.939036381514,252.0,51.3818516069,105.0
2016-09-29,3,0,14.0,24.0,1,116.0,119.615384615,74.0,0.710584752036,252.0,39.3124338552,109.0
2016-09-30,4,0,16.0,26.0,1,116.0,116.615384615,74.0,0.761762509335,252.0,38.5118132956,132.0
2016-10-01,5,1,18.0,27.0,1,118.0,116.153846154,74.0,0.893710448147,252.0,38.2880703531,161.0
2016-10-02,6,1,19.0,28.0,1,118.0,120.230769231,74.0,1.05304518664,252.0,39.9868321521,126.0
2016-10-03,0,1,18.0,27.0,1,118.0,122.538461538,74.0,1.09199895752,252.0,39.3829627057,95.0
2016-10-04,1,1,14.0,23.0,0,118.0,124.153846154,74.0,0.996348461137,246.0,37.7559901592,97.0
2016-10-05,2,1,13.0,23.0,1,118.0,123.846153846,74.0,0.840936136454,246.0,37.9591808168,119.0
2016-10-06,3,1,14.0,22.0,1,118.0,125.153846154,74.0,0.866054023949,246.0,37.4737778142,132.0
2016-10-07,4,1,12.0,18.0,0,118.0,127.769230769,74.0,0.975609756098,246.0,36.6651245865,139.0
2016-10-08,5,0,8.0,18.0,1,119.0,122.846153846,74.0,1.09289617486,246.0,29.9071541579,112.0
2016-10-09,6,0,11.0,20.0,1,118.0,116.153846154,74.0,1.07147852847,246.0,20.3123537774,88.0
2016-10-10,0,0,10.0,22.0,1,118.0,115.923076923,74.0,0.951578947368,246.0,20.6116529344,78.0
2016-10-11,1,0,11.0,19.0,1,118.0,114.846153846,74.0,0.779038811826,246.0,22.1423581325,86.0
2016-10-12,2,0,14.0,21.0,1,118.0,113.384615385,74.0,0.710659898477,246.0,23.3387708514,113.0
2016-10-13,3,0,14.0,24.0,1,116.0,113.692307692,74.0,0.777543859649,246.0,23.3052804033,71.0
2016-10-14,4,0,15.0,25.0,1,116.0,109.0,71.0,0.76660988075,246.0,25.2098881699,121.0
2016-10-15,5,1,13.0,24.0,0,118.0,105.923076923,71.0,0.897322741983,203.0,20.715885909,165.0
2016-10-16,6,1,12.0,22.0,1,118.0,108.923076923,71.0,1.06630824373,203.0,25.6438972751,200.0
2016-10-17,0,0,12.0,21.0,1,119.0,117.0,71.0,1.3840239214,203.0,34.8645731587,89.0
2016-10-18,1,0,14.0,23.0,1,119.0,116.384615385,71.0,1.29455374964,203.0,35.2802809633,90.0
2016-10-19,2,0,15.0,24.0,1,118.0,114.153846154,71.0,1.08767398479,203.0,35.9547710621,112.0
2016-10-20,3,0,11.0,16.0,1,116.0,112.615384615,71.0,0.834049871023,203.0,35.584219626,59.0
2016-10-21,4,0,11.0,16.0,0,115.0,106.461538462,59.0,0.772303595206,203.0,37.3622915304,80.0
2016-10-22,5,1,8.0,12.0,1,115.0,104.0,59.0,0.770411295273,203.0,37.9655714482,211.0
2016-10-23,6,1,8.0,16.0,1,115.0,113.461538462,59.0,1.03382070595,211.0,47.0410874165,221.0
2016-10-24,0,0,7.0,15.0,0,115.0,124.461538462,59.0,1.43236816338,221.0,53.7094969179,81.0
2016-10-25,1,0,10.0,19.0,1,115.0,124.076923077,59.0,1.44486692015,221.0,54.0006574582,90.0
2016-10-26,2,0,8.0,15.0,1,113.0,122.307692308,59.0,1.11776447106,221.0,54.7067491482,104.0
2016-10-27,3,0,8.0,13.0,0,113.0,124.846153846,59.0,0.793650793651,221.0,53.0063075403,55.0
2016-10-28,4,0,4.0,14.0,1,112.0,119.769230769,55.0,0.745732255166,221.0,56.1962958623,110.0
2016-10-29,5,1,5.0,14.0,1,112.0,115.538461538,55.0,0.806354916067,221.0,54.6817581517,215.0
2016-10-30,6,1,6.0,15.0,1,112.0,116.692307692,55.0,1.07755565008,221.0,56.5772237612,196.0
2016-10-31,0,0,0.0,8.0,1,113.0,124.923076923,55.0,1.40677737276,221.0,59.6495683632,115.0
