time_stamp,dayofweek,holiday,lt,ht,sunny,m2M,w2A,m1L,d3w3,m1Lar,w2Std,pay_sum
2016-08-01,0,0,27.0,35.0,1,72.0,100.384615385,17.0,0.819643172584,139.0,27.8913784902,107.0
2016-08-02,1,0,27.0,34.0,0,72.0,101.153846154,17.0,0.779993004547,139.0,27.9253018821,100.0
2016-08-03,2,0,26.0,32.0,0,74.0,102.692307692,17.0,1.05046343975,139.0,27.2605226413,80.0
2016-08-04,3,0,26.0,33.0,0,78.0,101.692307692,17.0,0.988292011019,139.0,27.8302121814,116.0
2016-08-05,4,0,26.0,34.0,0,79.0,102.615384615,17.0,1.00016894746,139.0,28.0892491384,86.0
2016-08-06,5,1,26.0,32.0,1,79.0,100.153846154,17.0,0.951417004049,139.0,28.0352694184,119.0
2016-08-07,6,1,27.0,34.0,1,80.0,98.6153846154,17.0,1.07375815354,139.0,26.3600468703,121.0
2016-08-08,0,0,27.0,33.0,1,80.0,100.0,17.0,1.06850213045,139.0,27.0185121722,108.0
2016-08-09,1,0,27.0,32.0,0,80.0,99.0769230769,17.0,1.13447432763,139.0,26.5198373892,111.0
2016-08-10,2,0,27.0,35.0,0,80.0,99.6153846154,17.0,1.09184328838,139.0,26.6848803677,88.0
2016-08-11,3,0,27.0,35.0,1,83.0,97.5384615385,17.0,0.98825044262,139.0,26.4563948489,93.0
2016-08-12,4,0,27.0,35.0,1,83.0,95.7692307692,17.0,0.94498381877,139.0,25.9263864584,115.0
2016-08-13,5,1,27.0,35.0,1,83.0,103.307692308,17.0,0.959325879112,139.0,12.9042903741,132.0
2016-08-14,6,1,27.0,35.0,1,85.0,105.846153846,17.0,1.10569105691,139.0,14.8988701371,111.0
2016-08-15,0,0,27.0,36.0,1,86.0,106.153846154,17.0,1.15970197603,139.0,14.9606980187,120.0
2016-08-16,1,0,28.0,36.0,1,86.0,107.692307692,17.0,1.175898931,139.0,15.2738318973,104.0
2016-08-17,2,0,28.0,36.0,1,88.0,109.538461538,17.0,1.08519598316,139.0,13.1126209585,91.0
2016-08-18,3,0,28.0,37.0,1,88.0,107.615384615,17.0,1.03244837758,139.0,13.8371765769,106.0
2016-08-19,4,0,28.0,37.0,1,91.0,109.153846154,17.0,0.991436100132,139.0,12.3838986892,102.0
2016-08-20,5,1,28.0,37.0,0,91.0,107.846153846,17.0,0.945155681998,139.0,12.1708741475,129.0
2016-08-21,6,1,27.0,33.0,0,93.0,108.461538462,17.0,1.05033504753,139.0,12.9947645352,131.0
2016-08-22,0,0,27.0,35.0,1,93.0,110.230769231,17.0,1.11573431962,139.0,14.3105869694,107.0
2016-08-23,1,0,26.0,35.0,1,96.0,109.923076923,17.0,1.12749615975,132.0,14.3337232184,112.0
2016-08-24,2,0,26.0,34.0,1,97.0,111.769230769,17.0,1.05964274902,132.0,12.8611151936,106.0
2016-08-25,3,0,26.0,34.0,1,99.0,112.769230769,17.0,0.988442822384,132.0,11.8266572828,103.0
2016-08-26,4,0,25.0,32.0,0,100.0,111.846153846,17.0,0.968764146673,132.0,12.0820665186,90.0
2016-08-27,5,1,22.0,29.0,1,100.0,108.615384615,17.0,0.914373088685,132.0,11.8745912418,106.0
2016-08-28,6,1,20.0,30.0,1,102.0,108.230769231,17.0,0.920708237105,132.0,11.8720994589,104.0
2016-08-29,0,0,21.0,32.0,1,102.0,107.0,80.0,0.925497454882,132.0,11.4084988563,109.0
2016-08-30,1,0,19.0,32.0,1,102.0,107.384615385,80.0,0.985023930832,132.0,11.3851351233,104.0
2016-08-31,2,0,21.0,32.0,1,103.0,108.384615385,80.0,0.971647509579,132.0,10.4332195897,105.0
2016-09-01,3,0,22.0,33.0,1,103.0,108.307692308,80.0,0.969364426155,132.0,10.4541829345,118.0
2016-09-02,4,0,22.0,34.0,1,104.0,109.538461538,86.0,0.995433789954,132.0,10.5802092797,110.0
2016-09-03,5,1,22.0,34.0,1,104.0,108.076923077,86.0,1.02398523985,132.0,8.98256035507,136.0
2016-09-04,6,1,24.0,34.0,1,104.0,108.461538462,88.0,1.10655114759,136.0,10.0047326079,128.0
2016-09-05,0,0,22.0,30.0,1,104.0,110.076923077,88.0,1.13281841587,136.0,11.2555048991,102.0
2016-09-06,1,0,21.0,26.0,0,104.0,109.307692308,88.0,1.10959527058,136.0,11.4380244084,131.0
2016-09-07,2,0,20.0,26.0,1,104.0,111.230769231,88.0,1.07488462111,136.0,12.7469685455,108.0
2016-09-08,3,0,21.0,30.0,1,105.0,111.615384615,88.0,1.0144280827,136.0,12.5669803088,115.0
2016-09-09,4,0,22.0,31.0,1,106.0,113.538461538,90.0,1.04702750665,136.0,10.9165744459,98.0
2016-09-10,5,1,23.0,28.0,1,106.0,112.923076923,90.0,0.962663067926,136.0,11.5323060504,111.0
2016-09-11,6,1,20.0,25.0,0,106.0,113.461538462,90.0,0.980481162052,136.0,11.2633878263,112.0
2016-09-12,0,0,20.0,28.0,1,106.0,113.692307692,90.0,0.969202898551,136.0,11.2001690604,89.0
2016-09-13,1,0,21.0,28.0,1,106.0,112.538461538,89.0,0.951945080092,136.0,12.7979288265,110.0
2016-09-14,2,0,21.0,25.0,0,107.0,112.923076923,89.0,0.947160042637,136.0,12.639751327,125.0
2016-09-15,3,1,22.0,24.0,0,107.0,113.461538462,89.0,0.976933514247,136.0,12.9888436426,144.0
2016-09-16,4,1,20.0,26.0,0,108.0,116.076923077,89.0,1.11552612215,144.0,15.2540614438,93.0
2016-09-17,5,1,22.0,27.0,0,108.0,112.769230769,89.0,1.07164002368,144.0,15.237372306,89.0
2016-09-18,6,0,21.0,26.0,1,108.0,109.769230769,89.0,0.971539263895,144.0,15.7731702396,67.0
2016-09-19,0,0,19.0,26.0,1,108.0,107.076923077,67.0,0.756264236902,144.0,19.4321760865,73.0
2016-09-20,1,0,18.0,26.0,1,108.0,102.615384615,67.0,0.705483672212,144.0,20.0750072767,94.0
2016-09-21,2,0,18.0,25.0,1,107.0,101.538461538,67.0,0.72457036693,144.0,20.1326958897,76.0
2016-09-22,3,0,18.0,27.0,1,107.0,98.5384615385,67.0,0.76740881099,144.0,20.7979857923,69.0
2016-09-23,4,0,19.0,28.0,1,107.0,96.3076923077,67.0,0.769726247987,144.0,22.2412804535,83.0
2016-09-24,5,1,21.0,29.0,1,106.0,94.1538461538,67.0,0.753594447199,144.0,22.0692830522,123.0
2016-09-25,6,1,21.0,29.0,1,107.0,95.0,67.0,0.911199469848,144.0,22.9313356315,116.0
2016-09-26,0,0,23.0,30.0,1,107.0,97.0769230769,67.0,1.05955906548,144.0,23.5092830714,59.0
2016-09-27,1,0,23.0,29.0,0,106.0,93.1538461538,59.0,1.01671784374,144.0,25.2185711602,75.0
2016-09-28,2,0,21.0,26.0,0,106.0,89.3076923077,59.0,0.86760367864,144.0,23.8436723275,10.0
2016-09-29,3,0,21.0,24.0,0,106.0,79.0,10.0,0.528634361233,144.0,26.7581763205,6.0
2016-09-30,4,0,20.0,26.0,0,106.0,72.3076923077,6.0,0.351894818252,144.0,32.6505615817,81.0
2016-10-01,5,1,22.0,27.0,1,106.0,71.6923076923,6.0,0.381739472649,144.0,32.4046165168,97.0
2016-10-02,6,1,21.0,30.0,1,106.0,74.0,6.0,0.730593607306,144.0,33.0500785522,105.0
2016-10-03,0,1,19.0,25.0,1,106.0,76.4615384615,6.0,1.11307767945,144.0,34.0601625738,104.0
2016-10-04,1,1,19.0,26.0,1,106.0,77.2307692308,6.0,1.20781527531,144.0,34.5568736258,82.0
2016-10-05,2,1,21.0,26.0,1,105.0,77.6923076923,6.0,1.17861482382,144.0,34.5774150731,85.0
2016-10-06,3,1,21.0,26.0,0,105.0,78.9230769231,6.0,1.1384162991,144.0,34.5308369175,73.0
2016-10-07,4,1,19.0,23.0,0,104.0,78.1538461538,6.0,1.02105934907,144.0,34.5428299447,92.0
2016-10-08,5,0,15.0,21.0,1,104.0,75.7692307692,6.0,1.06157112527,144.0,32.3660644839,85.0
2016-10-09,6,0,15.0,22.0,1,104.0,73.3846153846,6.0,1.04953820319,144.0,30.3962003231,90.0
2016-10-10,0,0,14.0,22.0,1,104.0,75.7692307692,6.0,1.10903426791,144.0,30.3901650239,64.0
2016-10-11,1,0,16.0,23.0,1,104.0,74.9230769231,6.0,1.01164021164,144.0,30.5525059742,94.0
2016-10-12,2,0,18.0,22.0,0,104.0,81.3846153846,6.0,1.03787403222,144.0,24.4022018601,87.0
2016-10-13,3,0,18.0,21.0,1,103.0,87.6153846154,6.0,1.01386302504,144.0,11.0421462625,80.0
2016-10-14,4,0,18.0,21.0,0,102.0,87.5384615385,6.0,1.08208955224,144.0,11.091336776,90.0
2016-10-15,5,1,19.0,23.0,0,102.0,87.0,6.0,1.08783068783,123.0,10.7846044113,95.0
2016-10-16,6,1,18.0,24.0,1,102.0,86.2307692308,6.0,1.13685113685,123.0,9.78345421267,113.0
2016-10-17,0,0,18.0,22.0,1,102.0,86.9230769231,6.0,1.23548922056,123.0,11.2281345698,72.0
2016-10-18,1,0,19.0,24.0,1,98.0,86.1538461538,6.0,1.16303219107,123.0,11.8636234823,92.0
2016-10-19,2,0,19.0,22.0,0,97.0,86.6923076923,6.0,1.09464532701,123.0,11.9575184934,82.0
2016-10-20,3,0,20.0,22.0,0,95.0,87.3846153846,6.0,0.93023255814,123.0,11.391889568,86.0
2016-10-21,4,0,20.0,24.0,0,94.0,86.9230769231,6.0,0.980392156863,123.0,11.3168461118,70.0
2016-10-22,5,1,19.0,22.0,0,94.0,85.7692307692,6.0,0.911353628183,123.0,12.1854506318,89.0
2016-10-23,6,1,17.0,22.0,0,93.0,85.6923076923,6.0,0.946859903382,123.0,12.1616333378,120.0
2016-10-24,0,0,19.0,23.0,1,93.0,90.0,6.0,1.06835152211,120.0,13.5533135318,75.0
2016-10-25,1,0,19.0,22.0,0,93.0,88.5384615385,6.0,1.09188773549,120.0,14.0582052942,109.0
2016-10-26,2,0,18.0,21.0,0,93.0,90.2307692308,6.0,1.15282518013,120.0,15.0596447305,50.0
2016-10-27,3,0,15.0,22.0,0,92.0,87.9230769231,6.0,0.899135446686,120.0,18.3825232154,77.0
2016-10-28,4,0,13.0,18.0,0,92.0,86.9230769231,6.0,0.914728682171,120.0,18.5947119797,85.0
2016-10-29,5,1,11.0,14.0,0,90.0,86.1538461538,50.0,0.821705426357,120.0,18.4509585069,101.0
2016-10-30,6,1,14.0,18.0,1,90.0,85.2307692308,50.0,1.01290198344,120.0,17.3522503358,113.0
2016-10-31,0,0,12.0,15.0,0,90.0,88.3846153846,50.0,1.11985018727,120.0,18.3577209141,81.0
