time_stamp,dayofweek,holiday,lt,ht,sunny,m2M,w2A,m1L,d3w3,m1Lar,w2Std,pay_sum
2016-08-01,0,0,28.0,35.0,0,7.0,25.2307692308,7.0,1.78603006189,36.0,11.1503973448,36.0
2016-08-02,1,0,26.0,31.0,0,7.0,27.4615384615,7.0,1.67487684729,36.0,10.1345971391,38.0
2016-08-03,2,0,26.0,33.0,0,7.0,29.8461538462,7.0,1.60183066362,38.0,8.56510050995,30.0
2016-08-04,3,0,26.0,34.0,1,7.0,31.1538461538,7.0,1.50724637681,38.0,7.05850445966,38.0
2016-08-05,4,0,27.0,35.0,1,7.0,33.3846153846,7.0,1.43923964698,38.0,3.27081409623,33.0
2016-08-06,5,1,27.0,33.0,0,7.0,33.3846153846,7.0,1.3023855577,38.0,3.27081409623,26.0
2016-08-07,6,1,27.0,33.0,0,7.0,32.9230769231,7.0,1.20646766169,38.0,3.81215744411,43.0
2016-08-08,0,0,26.0,33.0,0,7.0,34.2307692308,7.0,1.18881118881,43.0,4.11664251085,41.0
2016-08-09,1,0,26.0,33.0,0,7.0,34.9230769231,7.0,1.2101210121,43.0,4.42825783527,29.0
2016-08-10,2,0,27.0,33.0,1,7.0,34.3846153846,7.0,1.19957537155,43.0,4.68284038622,34.0
2016-08-11,3,0,26.0,29.0,0,7.0,34.5384615385,7.0,1.06831022085,43.0,4.63457548658,45.0
2016-08-12,4,0,26.0,31.0,0,7.0,35.3076923077,7.0,1.05109489051,45.0,5.41201818441,44.0
2016-08-13,5,1,26.0,29.0,0,7.0,36.0,7.0,1.17816091954,45.0,5.88348405415,42.0
2016-08-14,6,1,26.0,32.0,0,7.0,36.8461538462,7.0,1.23701605288,45.0,5.89453663405,39.0
2016-08-15,0,0,26.0,33.0,1,7.0,37.0769230769,7.0,1.15901715345,45.0,5.91557967069,47.0
2016-08-16,1,0,27.0,31.0,0,7.0,37.7692307692,7.0,1.16257947321,47.0,6.48256651636,38.0
2016-08-17,2,0,26.0,31.0,0,7.0,38.3846153846,7.0,1.1231884058,47.0,6.08324889839,47.0
2016-08-18,3,0,26.0,31.0,0,7.0,39.0769230769,7.0,1.17177097204,47.0,6.49806525598,35.0
2016-08-19,4,0,26.0,32.0,1,7.0,39.2307692308,9.0,1.06524633822,47.0,6.37487672465,46.0
2016-08-20,5,1,26.0,33.0,0,9.0,40.7692307692,9.0,1.1198600175,47.0,5.32272119754,55.0
2016-08-21,6,1,26.0,33.0,1,13.0,41.6923076923,26.0,1.15351993215,55.0,6.5325765371,49.0
2016-08-22,0,0,26.0,34.0,1,26.0,42.3076923077,26.0,1.25156445557,55.0,6.80932183887,37.0
2016-08-23,1,0,26.0,34.0,1,26.0,42.9230769231,26.0,1.17794486216,55.0,5.8764397707,52.0
2016-08-24,2,0,27.0,34.0,1,29.0,44.3076923077,26.0,1.12195121951,55.0,5.72960752293,69.0
2016-08-25,3,0,27.0,33.0,1,30.0,46.1538461538,26.0,1.23775949863,69.0,8.73407257061,50.0
2016-08-26,4,0,27.0,33.0,0,31.0,46.6153846154,26.0,1.3133640553,69.0,8.76653129841,46.0
2016-08-27,5,1,26.0,33.0,1,32.0,46.9230769231,26.0,1.23873873874,69.0,8.66879051507,49.0
2016-08-28,6,1,26.0,31.0,0,32.0,47.6923076923,26.0,1.08128262491,69.0,8.37013569768,45.0
2016-08-29,0,0,24.0,32.0,1,32.0,47.5384615385,26.0,1.03934669636,69.0,8.39977458137,50.0
2016-08-30,1,0,24.0,31.0,1,33.0,48.4615384615,26.0,1.04461371055,69.0,7.94805621729,50.0
2016-08-31,2,0,24.0,32.0,1,33.0,48.6923076923,26.0,1.03386809269,69.0,7.94582246684,50.0
2016-09-01,3,0,26.0,32.0,0,34.0,49.8461538462,26.0,1.06382978723,69.0,6.89309748222,59.0
2016-09-02,4,0,26.0,32.0,0,35.0,50.8461538462,26.0,1.10994764398,69.0,7.19878359218,56.0
2016-09-03,5,1,23.0,29.0,1,35.0,50.9230769231,26.0,1.13519091847,69.0,7.24793380066,59.0
2016-09-04,6,1,26.0,31.0,1,35.0,51.6923076923,26.0,1.17290192113,69.0,7.52825054133,74.0
2016-09-05,0,0,26.0,32.0,0,36.0,54.5384615385,29.0,1.24015748031,74.0,8.38143905962,58.0
2016-09-06,1,0,26.0,31.0,0,36.0,55.0,29.0,1.22908622909,74.0,8.39413714813,25.0
2016-09-07,2,0,26.0,30.0,0,36.0,51.6153846154,25.0,1.0322156476,74.0,10.6376577927,36.0
2016-09-08,3,0,26.0,30.0,0,36.0,50.5384615385,25.0,0.781609195402,74.0,11.4261197708,51.0
2016-09-09,4,0,25.0,30.0,0,37.0,50.9230769231,25.0,0.732026143791,74.0,11.3507813249,42.0
2016-09-10,5,1,26.0,31.0,0,38.0,50.3846153846,25.0,0.854021847071,74.0,11.5926930669,55.0
2016-09-11,6,1,26.0,30.0,0,38.0,51.1538461538,25.0,0.974004606779,74.0,11.5415380514,56.0
2016-09-12,0,0,24.0,28.0,0,38.0,51.6153846154,25.0,0.988372093023,74.0,11.6059564385,44.0
2016-09-13,1,0,25.0,31.0,1,39.0,51.1538461538,25.0,1.00911458333,74.0,11.7790306108,55.0
2016-09-14,2,0,26.0,30.0,0,41.0,51.5384615385,25.0,1.02310231023,74.0,11.8166465672,79.0
2016-09-15,3,1,24.0,27.0,0,42.0,53.0769230769,25.0,1.14212383702,79.0,13.8200608841,85.0
2016-09-16,4,1,25.0,31.0,0,42.0,55.3076923077,25.0,1.35435992579,85.0,16.2404273124,71.0
2016-09-17,5,1,26.0,32.0,0,43.0,56.2307692308,25.0,1.42424242424,85.0,16.7568761829,48.0
2016-09-18,6,0,24.0,31.0,1,44.0,54.2307692308,25.0,1.23300090662,85.0,16.053534699,78.0
2016-09-19,0,0,24.0,31.0,1,44.0,55.7692307692,25.0,1.16121426466,85.0,17.2544480158,63.0
2016-09-20,1,0,23.0,29.0,1,45.0,58.6923076923,25.0,1.1013986014,85.0,14.8447588025,54.0
2016-09-21,2,0,23.0,29.0,1,45.0,60.0769230769,25.0,1.13240418118,85.0,13.4362399643,58.0
2016-09-22,3,0,23.0,29.0,1,46.0,60.6153846154,25.0,1.01714617844,85.0,13.1998744839,75.0
2016-09-23,4,0,23.0,29.0,1,46.0,63.1538461538,25.0,1.06918238994,85.0,12.5320889894,61.0
2016-09-24,5,1,24.0,30.0,1,47.0,63.6153846154,25.0,1.10730593607,85.0,12.3321871635,50.0
2016-09-25,6,1,24.0,31.0,1,47.0,63.1538461538,25.0,1.08391608392,85.0,12.7148983108,87.0
2016-09-26,0,0,26.0,32.0,1,48.0,66.4615384615,25.0,1.12531969309,87.0,12.8937395937,72.0
2016-09-27,1,0,26.0,32.0,0,49.0,67.7692307692,25.0,1.14207650273,87.0,12.5216971457,58.0
2016-09-28,2,0,24.0,27.0,0,49.0,66.1538461538,25.0,1.16478797638,87.0,12.3216267273,57.0
2016-09-29,3,0,25.0,29.0,0,50.0,64.0,25.0,0.998931623932,87.0,11.2386695079,55.0
2016-09-30,4,0,25.0,30.0,0,50.0,62.7692307692,25.0,0.898757599789,87.0,11.2807108761,84.0
2016-10-01,5,1,25.0,32.0,1,50.0,65.5384615385,25.0,1.01291989664,87.0,11.7251562864,73.0
2016-10-02,6,1,25.0,32.0,0,50.0,65.1538461538,25.0,1.08135679674,87.0,11.3872138407,74.0
2016-10-03,0,1,24.0,32.0,1,50.0,66.0,25.0,1.15183246073,87.0,11.6023870223,70.0
2016-10-04,1,1,25.0,30.0,0,51.0,67.2307692308,25.0,1.07001972387,87.0,11.1020015254,58.0
2016-10-05,2,1,26.0,30.0,1,52.0,67.2307692308,25.0,1.01177059855,87.0,11.1020015254,69.0
2016-10-06,3,1,25.0,29.0,0,54.0,66.7692307692,36.0,0.998732572877,87.0,10.8921555835,67.0
2016-10-07,4,1,25.0,30.0,1,55.0,67.2307692308,42.0,0.986524281719,87.0,10.7642845784,62.0
2016-10-08,5,0,22.0,28.0,0,55.0,68.1538461538,42.0,0.996226415094,87.0,9.70999606945,64.0
2016-10-09,6,0,20.0,22.0,0,55.0,66.3846153846,44.0,0.981439105009,87.0,8.0721597676,69.0
2016-10-10,0,0,19.0,22.0,0,55.0,66.1538461538,44.0,0.987091875475,87.0,7.95028934013,51.0
2016-10-11,1,0,20.0,25.0,1,55.0,65.6153846154,44.0,0.933536276002,87.0,8.68720067808,68.0
2016-10-12,2,0,22.0,25.0,1,56.0,66.4615384615,48.0,0.946626384693,87.0,8.33542380091,65.0
2016-10-13,3,0,22.0,26.0,1,56.0,67.2307692308,48.0,0.933536276002,87.0,7.67767839663,64.0
2016-10-14,4,0,23.0,28.0,1,57.0,65.6923076923,48.0,0.99721589471,87.0,5.97925407471,55.0
2016-10-15,5,1,24.0,27.0,1,57.0,64.3076923077,48.0,0.927887039839,87.0,6.20650546275,61.0
2016-10-16,6,1,25.0,28.0,1,58.0,63.3076923077,48.0,0.925925925926,87.0,5.57997264102,93.0
2016-10-17,0,0,24.0,28.0,1,58.0,65.0769230769,50.0,1.05796001012,93.0,9.61138378304,74.0
2016-10-18,1,0,25.0,27.0,0,58.0,66.3076923077,50.0,1.14028507127,93.0,9.65070436158,80.0
2016-10-19,2,0,25.0,29.0,1,58.0,67.1538461538,50.0,1.21435594887,93.0,10.3094143223,69.0
2016-10-20,3,0,25.0,29.0,1,59.0,67.3076923077,50.0,1.08515815085,93.0,10.3208870771,86.0
2016-10-21,4,0,25.0,29.0,0,59.0,69.1538461538,50.0,1.14188532556,93.0,11.3058606575,67.0
2016-10-22,5,1,25.0,29.0,1,61.0,69.3846153846,50.0,1.08345534407,93.0,11.2286615514,79.0
2016-10-23,6,1,24.0,30.0,0,61.0,70.1538461538,50.0,1.1281303185,93.0,11.5148476315,79.0
2016-10-24,0,0,23.0,26.0,0,61.0,72.3076923077,51.0,1.08695652174,93.0,10.2835538259,79.0
2016-10-25,1,0,23.0,30.0,1,62.0,73.1538461538,51.0,1.12776588151,93.0,10.346654263,73.0
2016-10-26,2,0,24.0,31.0,1,63.0,73.7692307692,51.0,1.09608540925,93.0,10.077803837,71.0
2016-10-27,3,0,24.0,31.0,1,64.0,74.3076923077,51.0,1.05512183582,93.0,9.72217619976,74.0
2016-10-28,4,0,24.0,31.0,1,64.0,75.7692307692,51.0,1.02275392916,93.0,7.9822287822,58.0
2016-10-29,5,1,21.0,24.0,1,64.0,75.5384615385,51.0,0.956419316843,93.0,8.43632607437,64.0
2016-10-30,6,1,20.0,24.0,1,64.0,73.3076923077,51.0,0.926713947991,93.0,7.27889061057,85.0
2016-10-31,0,0,21.0,27.0,1,65.0,74.1538461538,51.0,0.95567867036,93.0,7.92120963807,89.0
