time_stamp,dayofweek,holiday,lt,ht,sunny,m2M,w2A,m1L,d3w3,m1Lar,w2Std,pay_sum
2016-08-01,0,0,29.0,37.0,0,20.0,10.0,10.0,1.0,27.0,0.0,10.0
2016-08-02,1,0,29.0,36.0,0,20.0,10.0,10.0,1.0,27.0,0.0,10.0
2016-08-03,2,0,29.0,35.0,0,20.0,10.0,10.0,1.0,24.0,0.0,10.0
2016-08-04,3,0,27.0,34.0,0,19.0,10.0,10.0,1.0,22.0,0.0,10.0
2016-08-05,4,0,27.0,34.0,0,18.0,10.0,10.0,1.0,22.0,0.0,10.0
2016-08-06,5,1,26.0,31.0,0,17.0,10.0,10.0,1.0,22.0,0.0,10.0
2016-08-07,6,1,27.0,31.0,0,15.0,10.0,10.0,1.0,22.0,0.0,10.0
2016-08-08,0,0,27.0,32.0,0,13.0,10.0,10.0,1.0,11.0,0.0,10.0
2016-08-09,1,0,27.0,32.0,0,11.0,10.0,10.0,1.0,10.0,0.0,10.0
2016-08-10,2,0,27.0,33.0,0,10.0,10.0,10.0,1.0,10.0,0.0,10.0
2016-08-11,3,0,27.0,34.0,1,10.0,10.0,10.0,1.0,10.0,0.0,10.0
2016-08-12,4,0,29.0,35.0,0,10.0,10.0,10.0,1.0,10.0,0.0,10.0
2016-08-13,5,1,28.0,36.0,0,10.0,10.0,10.0,1.0,10.0,0.0,10.0
2016-08-14,6,1,28.0,36.0,0,10.0,10.0,10.0,1.0,10.0,0.0,10.0
2016-08-15,0,0,28.0,35.0,0,10.0,10.0,10.0,1.0,10.0,0.0,2.0
2016-08-16,1,0,28.0,36.0,1,10.0,9.38461538462,2.0,0.763888888889,10.0,2.13175484008,2.0
2016-08-17,2,0,28.0,36.0,1,10.0,8.76923076923,2.0,0.507246376812,10.0,2.88640969835,1.0
2016-08-18,3,0,29.0,37.0,1,10.0,8.07692307692,1.0,0.190476190476,10.0,3.51833742339,1.0
2016-08-19,4,0,29.0,36.0,1,10.0,7.38461538462,1.0,0.160642570281,10.0,3.93286862497,3.0
2016-08-20,5,1,28.0,35.0,0,10.0,6.84615384615,1.0,0.20964360587,10.0,4.01623922529,3.0
2016-08-21,6,1,28.0,36.0,0,10.0,6.30769230769,1.0,0.30701754386,10.0,4.02653917794,3.0
2016-08-22,0,0,28.0,33.0,0,10.0,5.76923076923,1.0,0.413793103448,10.0,3.96433806976,3.0
2016-08-23,1,0,28.0,34.0,0,10.0,5.23076923077,1.0,0.434782608696,10.0,3.82610157398,1.0
2016-08-24,2,0,29.0,35.0,1,10.0,4.53846153846,1.0,0.361757105943,10.0,3.71308258035,2.0
2016-08-25,3,0,27.0,36.0,1,10.0,3.92307692308,1.0,0.330578512397,10.0,3.40726686005,2.0
2016-08-26,4,0,21.0,26.0,0,10.0,3.30769230769,1.0,0.294985250737,10.0,2.94525995678,6.0
2016-08-27,5,1,20.0,23.0,0,10.0,3.0,1.0,0.611620795107,10.0,2.38585575681,7.0
2016-08-28,6,1,19.0,29.0,1,10.0,2.76923076923,1.0,0.943396226415,10.0,1.76084971419,6.0
2016-08-29,0,0,20.0,30.0,1,10.0,3.07692307692,1.0,1.24183006536,10.0,1.9399261866,6.0
2016-08-30,1,0,23.0,31.0,1,10.0,3.38461538462,1.0,1.2925170068,10.0,2.05832125542,8.0
2016-08-31,2,0,23.0,26.0,0,10.0,3.92307692308,1.0,1.38888888889,10.0,2.26890480058,6.0
2016-09-01,3,0,21.0,29.0,1,10.0,4.30769230769,1.0,1.44927536232,10.0,2.16207220347,31.0
2016-09-02,4,0,22.0,33.0,1,10.0,6.46153846154,1.0,2.65486725664,31.0,7.39662485,57.0
2016-09-03,5,1,24.0,34.0,1,10.0,10.6153846154,1.0,3.91666666667,57.0,15.2645313443,71.0
2016-09-04,6,1,25.0,30.0,1,10.0,15.8461538462,1.0,4.7963800905,71.0,21.9469505639,136.0
2016-09-05,0,0,25.0,30.0,1,10.0,26.0769230769,1.0,4.95774647887,136.0,38.4036487418,108.0
2016-09-06,1,0,24.0,30.0,1,10.0,34.3076923077,1.0,4.55531453362,136.0,43.3010652123,90.0
2016-09-07,2,0,24.0,31.0,1,10.0,41.0769230769,1.0,4.04848484848,136.0,44.5808885208,71.0
2016-09-08,3,0,24.0,32.0,1,10.0,46.3846153846,1.0,2.89247311828,136.0,43.7115342313,65.0
2016-09-09,4,0,22.0,27.0,0,10.0,50.9230769231,1.0,2.2091886608,136.0,42.3237731677,75.0
2016-09-10,5,1,20.0,24.0,0,10.0,56.1538461538,1.0,1.86560565871,136.0,40.7446950843,66.0
2016-09-11,6,1,21.0,30.0,1,10.0,60.7692307692,1.0,1.68094655243,136.0,38.1155204531,96.0
2016-09-12,0,0,23.0,31.0,1,10.0,67.6923076923,1.0,1.73626373626,136.0,35.631413572,53.0
2016-09-13,1,0,24.0,32.0,1,10.0,71.1538461538,1.0,1.48995148995,136.0,31.6248348219,53.0
2016-09-14,2,0,24.0,31.0,1,10.0,74.7692307692,1.0,1.32938466601,136.0,26.1891164892,61.0
2016-09-15,3,1,24.0,29.0,1,10.0,77.0769230769,1.0,1.03855721393,136.0,23.4043439047,56.0
2016-09-16,4,1,23.0,28.0,1,10.0,77.0,1.0,1.0101010101,136.0,23.4717506148,47.0
2016-09-17,5,1,22.0,30.0,1,10.0,75.1538461538,1.0,0.940906483075,136.0,24.7785457879,36.0
2016-09-18,6,0,21.0,30.0,1,10.0,67.4615384615,1.0,0.7774049217,136.0,19.696213555,58.0
2016-09-19,0,0,22.0,30.0,1,10.0,63.6153846154,1.0,0.755627009646,136.0,15.9254921988,61.0
2016-09-20,1,0,21.0,25.0,1,10.0,61.3846153846,1.0,0.796710357235,136.0,13.9864685241,94.0
2016-09-21,2,0,20.0,27.0,1,10.0,63.1538461538,1.0,1.02527075812,136.0,16.3464705852,75.0
2016-09-22,3,0,20.0,29.0,1,10.0,63.9230769231,2.0,1.0730114299,136.0,16.6477604798,51.0
2016-09-23,4,0,22.0,31.0,1,10.0,62.0769230769,2.0,1.03068634341,136.0,16.6477604798,82.0
2016-09-24,5,1,24.0,32.0,1,10.0,63.3076923077,6.0,0.966992096699,136.0,17.4637409658,45.0
2016-09-25,6,1,25.0,33.0,1,10.0,59.3846153846,6.0,0.883593943907,136.0,15.269569847,47.0
2016-09-26,0,0,26.0,35.0,1,10.0,58.9230769231,6.0,0.904836193448,136.0,15.5437919265,74.0
2016-09-27,1,0,22.0,27.0,1,10.0,60.5384615385,6.0,0.874144286467,136.0,15.9306930875,83.0
2016-09-28,2,0,16.0,25.0,0,10.0,62.2307692308,6.0,1.0641627543,136.0,17.021045101,78.0
2016-09-29,3,0,15.0,17.0,0,10.0,63.9230769231,6.0,1.21352956365,136.0,17.4067252187,47.0
2016-09-30,4,0,16.0,18.0,0,10.0,63.9230769231,31.0,1.09791501715,136.0,17.4067252187,55.0
2016-10-01,5,1,17.0,19.0,0,31.0,65.3846153846,36.0,0.958466453674,136.0,15.7164218943,42.0
2016-10-02,6,1,18.0,24.0,1,36.0,64.1538461538,36.0,0.801335559265,136.0,16.8333284512,33.0
2016-10-03,0,1,19.0,29.0,1,36.0,62.0,33.0,0.73571024335,136.0,18.7780559328,33.0
2016-10-04,1,1,20.0,30.0,1,36.0,57.3076923077,33.0,0.621761658031,108.0,17.7910289208,24.0
2016-10-05,2,1,21.0,29.0,1,36.0,53.3846153846,24.0,0.535236396075,96.0,19.0365577914,29.0
2016-10-06,3,1,21.0,27.0,1,36.0,51.6923076923,24.0,0.524070688605,96.0,20.1203479683,41.0
2016-10-07,4,1,21.0,28.0,1,41.0,48.5384615385,24.0,0.575980392157,96.0,18.2487739719,64.0
2016-10-08,5,0,18.0,25.0,1,42.0,50.0,24.0,0.800477897252,96.0,18.6630033035,88.0
2016-10-09,6,0,16.0,24.0,1,45.0,53.1538461538,24.0,1.12274578243,96.0,21.1836154169,69.0
2016-10-10,0,0,17.0,24.0,1,47.0,52.7692307692,24.0,1.27671865973,96.0,20.844308746,68.0
2016-10-11,1,0,17.0,23.0,1,47.0,51.6153846154,24.0,1.32978723404,94.0,19.5114895601,78.0
2016-10-12,2,0,17.0,21.0,1,47.0,51.6153846154,24.0,1.26731506042,94.0,19.5114895601,80.0
2016-10-13,3,0,17.0,20.0,1,51.0,54.1538461538,24.0,1.29885057471,94.0,20.8468634566,87.0
2016-10-14,4,0,17.0,20.0,1,53.0,56.6153846154,24.0,1.40200286123,94.0,22.615646257,104.0
2016-10-15,5,1,18.0,23.0,1,53.0,61.3846153846,24.0,1.47603485839,104.0,25.3969666921,69.0
2016-10-16,6,1,18.0,24.0,1,55.0,64.1538461538,24.0,1.39111824505,104.0,24.0795034253,77.0
2016-10-17,0,0,19.0,26.0,1,56.0,67.5384615385,24.0,1.33440085402,104.0,22.5033856756,85.0
2016-10-18,1,0,20.0,25.0,1,57.0,72.2307692308,24.0,1.23101518785,104.0,19.0269195783,85.0
2016-10-19,2,0,20.0,23.0,0,58.0,76.5384615385,24.0,1.30895601484,104.0,14.5687515151,85.0
2016-10-20,3,0,19.0,23.0,0,61.0,79.9230769231,24.0,1.31172839506,104.0,10.4473886208,95.0
2016-10-21,4,0,19.0,25.0,0,61.0,82.3076923077,24.0,1.32235528942,104.0,10.0719306482,121.0
2016-10-22,5,1,18.0,20.0,0,64.0,84.8461538462,24.0,1.41813898704,121.0,14.410712649,76.0
2016-10-23,6,1,15.0,19.0,0,65.0,85.3846153846,24.0,1.33516232282,121.0,13.931361751,65.0
2016-10-24,0,0,14.0,17.0,0,65.0,85.1538461538,24.0,1.17225950783,121.0,14.2388750304,106.0
2016-10-25,1,0,14.0,16.0,0,66.0,87.3076923077,24.0,1.04749787956,121.0,15.0863392888,70.0
2016-10-26,2,0,14.0,17.0,0,68.0,86.5384615385,24.0,0.996073568919,121.0,15.6825007063,103.0
2016-10-27,3,0,14.0,18.0,1,69.0,87.7692307692,24.0,1.11044776119,121.0,16.2866337182,85.0
2016-10-28,4,0,11.0,16.0,0,69.0,86.3076923077,24.0,1.0141509434,121.0,15.6026852491,129.0
2016-10-29,5,1,10.0,12.0,0,70.0,90.9230769231,24.0,1.21665707158,129.0,18.4201459046,84.0
2016-10-30,6,1,11.0,15.0,1,71.0,91.4615384615,24.0,1.13394216134,129.0,18.1048883523,102.0
2016-10-31,0,0,11.0,14.0,0,71.0,92.7692307692,24.0,1.1758118701,129.0,18.2046226004,97.0
