time_stamp,dayofweek,holiday,lt,ht,sunny,m2M,w2A,m1L,d3w3,m1Lar,w2Std,pay_sum
2016-08-01,0,0,27.0,37.0,1,20.0,20.0,20.0,1.0,20.0,0.0,20.0
2016-08-02,1,0,27.0,35.0,0,20.0,20.0,20.0,1.0,20.0,0.0,20.0
2016-08-03,2,0,26.0,32.0,0,20.0,20.0,20.0,1.0,20.0,0.0,20.0
2016-08-04,3,0,27.0,33.0,0,20.0,20.0,20.0,1.0,20.0,0.0,20.0
2016-08-05,4,0,26.0,33.0,0,20.0,20.0,20.0,1.0,20.0,0.0,20.0
2016-08-06,5,1,26.0,34.0,0,20.0,20.0,20.0,1.0,20.0,0.0,20.0
2016-08-07,6,1,27.0,35.0,1,20.0,20.0,20.0,1.0,20.0,0.0,20.0
2016-08-08,0,0,26.0,34.0,0,20.0,20.0,20.0,1.0,20.0,0.0,20.0
2016-08-09,1,0,26.0,30.0,0,20.0,20.0,20.0,1.0,20.0,0.0,20.0
2016-08-10,2,0,27.0,35.0,0,20.0,20.0,20.0,1.0,20.0,0.0,20.0
2016-08-11,3,0,27.0,36.0,1,20.0,20.0,20.0,1.0,20.0,0.0,20.0
2016-08-12,4,0,27.0,36.0,1,20.0,20.0,20.0,1.0,20.0,0.0,20.0
2016-08-13,5,1,27.0,35.0,1,20.0,20.0,20.0,1.0,20.0,0.0,20.0
2016-08-14,6,1,28.0,35.0,1,20.0,20.0,20.0,1.0,20.0,0.0,20.0
2016-08-15,0,0,27.0,36.0,1,20.0,20.0,20.0,1.0,20.0,0.0,20.0
2016-08-16,1,0,26.0,36.0,1,20.0,20.0,20.0,1.0,20.0,0.0,20.0
2016-08-17,2,0,28.0,37.0,1,20.0,20.0,20.0,1.0,20.0,0.0,20.0
2016-08-18,3,0,28.0,37.0,1,20.0,20.0,20.0,1.0,20.0,0.0,20.0
2016-08-19,4,0,28.0,38.0,1,20.0,20.0,20.0,1.0,20.0,0.0,20.0
2016-08-20,5,1,27.0,37.0,0,20.0,20.0,20.0,1.0,20.0,0.0,20.0
2016-08-21,6,1,27.0,35.0,0,20.0,20.0,20.0,1.0,20.0,0.0,20.0
2016-08-22,0,0,27.0,36.0,1,20.0,20.0,20.0,1.0,20.0,0.0,20.0
2016-08-23,1,0,27.0,35.0,0,20.0,20.0,20.0,1.0,20.0,0.0,20.0
2016-08-24,2,0,27.0,35.0,1,20.0,20.0,20.0,1.0,20.0,0.0,20.0
2016-08-25,3,0,26.0,35.0,1,20.0,20.0,20.0,1.0,20.0,0.0,20.0
2016-08-26,4,0,25.0,34.0,0,20.0,20.0,20.0,1.0,20.0,0.0,20.0
2016-08-27,5,1,23.0,31.0,1,20.0,20.0,20.0,1.0,20.0,0.0,20.0
2016-08-28,6,1,21.0,31.0,1,20.0,20.0,20.0,1.0,20.0,0.0,20.0
2016-08-29,0,0,21.0,32.0,1,20.0,20.0,20.0,1.0,20.0,0.0,20.0
2016-08-30,1,0,21.0,32.0,1,20.0,20.0,20.0,1.0,20.0,0.0,20.0
2016-08-31,2,0,21.0,33.0,1,20.0,20.0,20.0,1.0,20.0,0.0,20.0
2016-09-01,3,0,23.0,33.0,0,20.0,20.0,20.0,1.0,20.0,0.0,20.0
2016-09-02,4,0,22.0,34.0,1,20.0,20.0,20.0,1.0,20.0,0.0,20.0
2016-09-03,5,1,23.0,35.0,1,20.0,20.0,20.0,1.0,20.0,0.0,20.0
2016-09-04,6,1,24.0,32.0,1,20.0,20.0,20.0,1.0,20.0,0.0,20.0
2016-09-05,0,0,24.0,30.0,0,20.0,20.0,20.0,1.0,20.0,0.0,20.0
2016-09-06,1,0,23.0,28.0,0,20.0,20.0,20.0,1.0,20.0,0.0,20.0
2016-09-07,2,0,21.0,27.0,0,20.0,20.0,20.0,1.0,20.0,0.0,20.0
2016-09-08,3,0,22.0,30.0,1,20.0,20.0,20.0,1.0,20.0,0.0,20.0
2016-09-09,4,0,22.0,29.0,1,20.0,20.0,20.0,1.0,20.0,0.0,20.0
2016-09-10,5,1,22.0,28.0,0,20.0,20.0,20.0,1.0,20.0,0.0,20.0
2016-09-11,6,1,21.0,25.0,0,20.0,20.0,20.0,1.0,20.0,0.0,71.0
2016-09-12,0,0,21.0,27.0,1,20.0,23.9230769231,20.0,1.64079822616,71.0,13.5899371055,110.0
2016-09-13,1,0,21.0,28.0,0,20.0,30.8461538462,20.0,2.47689463956,110.0,26.5615284368,92.0
2016-09-14,2,0,21.0,25.0,0,20.0,36.3846153846,20.0,2.96900489396,110.0,30.8782683391,101.0
2016-09-15,3,1,22.0,25.0,0,20.0,42.6153846154,20.0,2.91066282421,110.0,34.8591417467,81.0
2016-09-16,4,1,23.0,27.0,0,20.0,47.3076923077,20.0,2.41942604857,110.0,35.5968551234,87.0
2016-09-17,5,1,22.0,27.0,1,20.0,52.4615384615,20.0,2.18167072182,110.0,36.1165110007,114.0
2016-09-18,6,0,22.0,26.0,0,20.0,59.6923076923,20.0,2.05240174672,114.0,38.2409056366,106.0
2016-09-19,0,0,20.0,27.0,1,20.0,66.3076923077,20.0,2.04258150366,114.0,38.2409056366,114.0
2016-09-20,1,0,19.0,26.0,1,20.0,73.5384615385,20.0,2.03163017032,114.0,37.6841435428,95.0
2016-09-21,2,0,19.0,26.0,1,20.0,79.3076923077,20.0,1.79333902647,114.0,34.6662873595,90.0
2016-09-22,3,0,20.0,27.0,1,20.0,84.6923076923,20.0,1.60623153371,114.0,30.1824824778,115.0
2016-09-23,4,0,20.0,29.0,1,20.0,92.0,20.0,1.49700598802,115.0,24.6233160299,102.0
2016-09-24,5,1,21.0,30.0,1,20.0,98.3076923077,20.0,1.44334743771,115.0,13.2455195059,151.0
2016-09-25,6,1,21.0,30.0,1,20.0,104.461538462,20.0,1.58381751668,151.0,17.1402153501,146.0
2016-09-26,0,0,24.0,31.0,1,20.0,107.230769231,20.0,1.58805970149,151.0,20.4079692057,123.0
2016-09-27,1,0,23.0,28.0,0,20.0,109.615384615,20.0,1.57480314961,151.0,20.2998236504,122.0
2016-09-28,2,0,22.0,28.0,0,20.0,111.230769231,20.0,1.3865248227,151.0,20.3853410611,148.0
2016-09-29,3,0,22.0,25.0,0,20.0,116.384615385,20.0,1.30478087649,151.0,20.5596260874,158.0
2016-09-30,4,0,22.0,29.0,0,20.0,121.846153846,20.0,1.32960546754,158.0,21.439884306,124.0
2016-10-01,5,1,23.0,30.0,0,20.0,122.615384615,20.0,1.27407407407,158.0,21.3236541158,82.0
2016-10-02,6,1,22.0,30.0,1,20.0,120.769230769,20.0,1.07327141383,158.0,23.599719184,105.0
2016-10-03,0,1,21.0,27.0,0,20.0,120.076923077,20.0,0.919030732861,158.0,23.9180058934,107.0
2016-10-04,1,1,20.0,27.0,1,20.0,121.0,20.0,0.863055922501,158.0,23.1516738056,63.0
2016-10-05,2,1,21.0,27.0,1,20.0,118.923076923,20.0,0.821018062397,158.0,26.7681255298,63.0
2016-10-06,3,1,22.0,27.0,0,20.0,114.923076923,20.0,0.701279157261,158.0,30.6580684284,63.0
2016-10-07,4,1,20.0,23.0,0,20.0,111.923076923,20.0,0.575079872204,158.0,33.5478109763,126.0
2016-10-08,5,0,17.0,22.0,0,20.0,110.0,20.0,0.762596459374,158.0,31.9302123629,133.0
2016-10-09,6,0,16.0,22.0,1,20.0,109.0,20.0,0.962630792227,158.0,30.9764178293,129.0
2016-10-10,0,0,15.0,21.0,1,20.0,109.461538462,63.0,1.15219005197,158.0,31.2252742419,139.0
2016-10-11,1,0,17.0,23.0,1,63.0,110.769230769,63.0,1.16790447066,158.0,32.0676060994,128.0
2016-10-12,2,0,18.0,25.0,1,63.0,109.230769231,63.0,1.13450795015,158.0,30.6949102425,154.0
2016-10-13,3,0,18.0,23.0,1,63.0,108.923076923,63.0,1.18624964779,158.0,30.2208830968,152.0
2016-10-14,4,0,19.0,22.0,0,71.0,111.076923077,63.0,1.19757174393,158.0,32.1545822514,155.0
2016-10-15,5,1,20.0,23.0,0,81.0,116.692307692,63.0,1.26997245179,158.0,32.9507432282,178.0
2016-10-16,6,1,20.0,26.0,0,82.0,122.307692308,63.0,1.318651441,178.0,36.5079224603,160.0
2016-10-17,0,0,20.0,24.0,0,87.0,126.384615385,63.0,1.32047676443,178.0,37.5162292298,186.0
2016-10-18,1,0,20.0,24.0,0,90.0,135.846153846,63.0,1.36832484659,186.0,35.8089936143,179.0
2016-10-19,2,0,20.0,24.0,0,92.0,144.769230769,63.0,1.35448916409,186.0,30.6221484604,199.0
2016-10-20,3,0,21.0,25.0,0,95.0,155.230769231,63.0,1.43238095238,199.0,23.2417192736,185.0
2016-10-21,4,0,21.0,25.0,0,101.0,159.769230769,63.0,1.39736907421,199.0,22.8478372858,164.0
2016-10-22,5,1,20.0,23.0,0,102.0,162.153846154,63.0,1.31984585742,199.0,21.507945415,186.0
2016-10-23,6,1,17.0,23.0,0,105.0,166.538461538,63.0,1.2519012519,199.0,20.0638035531,203.0
2016-10-24,0,0,19.0,24.0,1,106.0,171.461538462,63.0,1.25183927561,203.0,20.5486865933,224.0
2016-10-25,1,0,19.0,23.0,1,107.0,178.846153846,63.0,1.31573298991,224.0,20.8505530414,187.0
2016-10-26,2,0,19.0,24.0,0,110.0,181.384615385,63.0,1.26728586171,224.0,19.6450755683,187.0
2016-10-27,3,0,18.0,24.0,0,114.0,184.076923077,63.0,1.18863049096,224.0,17.7394022034,187.0
2016-10-28,4,0,15.0,19.0,0,114.0,186.538461538,63.0,1.09516837482,224.0,15.6284522813,174.0
2016-10-29,5,1,12.0,15.0,0,115.0,186.230769231,63.0,1.05709876543,224.0,15.8315840412,162.0
2016-10-30,6,1,14.0,18.0,1,122.0,186.384615385,63.0,0.999331231489,224.0,15.5837117211,206.0
2016-10-31,0,0,12.0,17.0,0,123.0,187.923076923,63.0,1.01612298463,224.0,16.4338372244,186.0
