time_stamp,dayofweek,holiday,lt,ht,sunny,m2M,w2A,m1L,d3w3,m1Lar,w2Std,pay_sum
2016-08-01,0,0,27.0,37.0,1,85.0,91.1538461538,65.0,1.02281089036,112.0,10.4059609681,90.0
2016-08-02,1,0,26.0,36.0,0,85.0,93.0769230769,65.0,1.01583833971,112.0,7.21602424588,81.0
2016-08-03,2,0,25.0,31.0,0,85.0,92.7692307692,65.0,0.978660779985,112.0,7.62741861922,101.0
2016-08-04,3,0,25.0,29.0,0,85.0,93.7692307692,65.0,0.994697385262,112.0,7.78710814452,89.0
2016-08-05,4,0,25.0,31.0,0,88.0,93.2307692308,65.0,0.99981553219,112.0,7.85595165027,119.0
2016-08-06,5,1,24.0,32.0,0,88.0,94.3846153846,65.0,1.11713665944,119.0,10.1264198362,73.0
2016-08-07,6,1,25.0,32.0,0,88.0,93.8461538462,65.0,1.02256186317,119.0,11.0233748416,94.0
2016-08-08,0,0,26.0,32.0,0,89.0,93.0769230769,65.0,1.04075691412,119.0,10.6298674893,103.0
2016-08-09,1,0,26.0,32.0,0,89.0,93.9230769231,65.0,0.96256684492,119.0,10.9436426116,94.0
2016-08-10,2,0,26.0,34.0,0,89.0,93.1538461538,65.0,1.03246407664,119.0,10.5527696244,74.0
2016-08-11,3,0,27.0,35.0,0,89.0,92.0,65.0,0.96872207328,119.0,11.7014134583,100.0
2016-08-12,4,0,28.0,38.0,1,89.0,92.8461538462,65.0,0.95594792224,119.0,11.850648498,98.0
2016-08-13,5,1,28.0,37.0,1,90.0,93.1538461538,65.0,0.973340490249,119.0,11.928286703,100.0
2016-08-14,6,1,28.0,37.0,1,90.0,93.5384615385,65.0,1.05505399186,119.0,12.0614795917,92.0
2016-08-15,0,0,28.0,37.0,1,90.0,93.6923076923,65.0,1.03331551755,119.0,12.0280736701,88.0
2016-08-16,1,0,27.0,37.0,1,90.0,94.2307692308,65.0,0.999821460453,119.0,11.59677572,114.0
2016-08-17,2,0,27.0,36.0,1,91.0,95.2307692308,65.0,1.0442194992,119.0,12.6500461912,116.0
2016-08-18,3,0,28.0,37.0,1,92.0,97.3076923077,73.0,1.11344537815,119.0,13.6347103176,103.0
2016-08-19,4,0,27.0,37.0,1,92.0,96.0769230769,73.0,1.157455683,119.0,12.2754385067,115.0
2016-08-20,5,1,26.0,36.0,1,92.0,99.3076923077,73.0,1.14835826027,119.0,11.2618116823,113.0
2016-08-21,6,1,26.0,34.0,1,92.0,100.769230769,73.0,1.12757622211,119.0,11.7024247728,104.0
2016-08-22,0,0,27.0,33.0,1,92.0,100.846153846,73.0,1.12294943345,119.0,11.7201086491,102.0
2016-08-23,1,0,27.0,34.0,1,92.0,101.461538462,73.0,1.06760374833,119.0,11.5533237616,96.0
2016-08-24,2,0,27.0,34.0,1,94.0,103.153846154,73.0,1.01325280993,119.0,8.65444442376,102.0
2016-08-25,3,0,24.0,35.0,0,94.0,103.307692308,73.0,1.0,119.0,8.61469777482,103.0
2016-08-26,4,0,21.0,27.0,0,94.0,103.692307692,73.0,1.01142473118,119.0,8.4797007874,88.0
2016-08-27,5,1,18.0,27.0,1,94.0,102.769230769,73.0,0.977155244289,119.0,9.43115823015,82.0
2016-08-28,6,1,18.0,30.0,1,94.0,102.0,73.0,0.915953699044,119.0,10.6120396068,99.0
2016-08-29,0,0,19.0,31.0,1,94.0,102.846153846,73.0,0.904353672886,119.0,9.87495786823,102.0
2016-08-30,1,0,20.0,31.0,1,94.0,101.923076923,73.0,0.947597522183,119.0,9.33530551156,86.0
2016-08-31,2,0,21.0,32.0,1,94.0,99.6153846154,73.0,0.955233815943,119.0,9.27808386666,101.0
2016-09-01,3,0,21.0,31.0,1,94.0,99.4615384615,73.0,0.961410512309,119.0,9.23717726294,97.0
2016-09-02,4,0,22.0,33.0,1,94.0,98.0769230769,73.0,0.945248793476,119.0,8.08095137641,129.0
2016-09-03,5,1,22.0,33.0,1,95.0,99.3076923077,73.0,1.07283464567,129.0,10.9641697247,92.0
2016-09-04,6,1,22.0,31.0,1,94.0,98.3846153846,73.0,1.04330708661,129.0,11.035177748,116.0
2016-09-05,0,0,23.0,32.0,1,95.0,99.4615384615,74.0,1.09061488673,129.0,11.9782840984,95.0
2016-09-06,1,0,21.0,31.0,1,95.0,99.3846153846,74.0,0.989710926017,129.0,12.0034511803,94.0
2016-09-07,2,0,23.0,32.0,1,95.0,98.7692307692,74.0,1.00709922404,129.0,12.058535733,79.0
2016-09-08,3,0,22.0,32.0,1,95.0,96.9230769231,74.0,0.895572263993,129.0,13.06470017,101.0
2016-09-09,4,0,21.0,31.0,0,95.0,97.9230769231,79.0,0.922093218913,129.0,12.839012294,93.0
2016-09-10,5,1,22.0,32.0,1,95.0,98.7692307692,79.0,0.92809790923,129.0,12.1031073324,85.0
2016-09-11,6,1,20.0,31.0,1,95.0,97.6923076923,79.0,0.957775489186,129.0,12.6453677465,110.0
2016-09-12,0,0,22.0,33.0,1,95.0,98.3076923077,79.0,0.984615384615,129.0,13.0288709906,90.0
2016-09-13,1,0,21.0,32.0,1,95.0,98.6153846154,79.0,0.977366255144,129.0,12.7794213276,109.0
2016-09-14,2,0,21.0,31.0,1,95.0,99.2307692308,79.0,1.05586878524,129.0,13.0687757425,130.0
2016-09-15,3,1,23.0,31.0,0,96.0,101.769230769,79.0,1.10886417256,130.0,15.3880765337,107.0
2016-09-16,4,1,22.0,30.0,0,96.0,100.076923077,79.0,1.15506593223,130.0,13.3788670238,71.0
2016-09-17,5,1,21.0,32.0,1,96.0,98.4615384615,71.0,1.03390399463,130.0,15.3753818445,96.0
2016-09-18,6,0,20.0,31.0,1,96.0,96.9230769231,71.0,0.921163220709,130.0,14.5203387249,120.0
2016-09-19,0,0,18.0,29.0,1,97.0,98.8461538462,71.0,0.95618857238,130.0,15.7423786388,96.0
2016-09-20,1,0,18.0,27.0,1,97.0,99.0,71.0,1.03431128792,130.0,15.7039926329,89.0
2016-09-21,2,0,17.0,28.0,1,96.0,99.7692307692,71.0,1.01717525429,130.0,14.9314013261,48.0
2016-09-22,3,0,17.0,30.0,1,96.0,95.6923076923,48.0,0.796581196581,130.0,20.306818163,128.0
2016-09-23,4,0,18.0,31.0,1,96.0,98.3846153846,48.0,0.906447750983,130.0,22.0193567346,92.0
2016-09-24,5,1,22.0,32.0,1,96.0,98.9230769231,48.0,0.916709423636,130.0,21.7696384849,114.0
2016-09-25,6,1,23.0,30.0,1,96.0,99.2307692308,48.0,1.14363978771,130.0,21.9515334882,119.0
2016-09-26,0,0,23.0,33.0,1,97.0,101.461538462,48.0,1.09927278877,130.0,22.3696751622,117.0
2016-09-27,1,0,22.0,32.0,1,98.0,102.076923077,48.0,1.17017719826,130.0,22.6765264551,108.0
2016-09-28,2,0,16.0,25.0,0,99.0,100.384615385,48.0,1.13362992256,130.0,21.3092196065,79.0
2016-09-29,3,0,15.0,18.0,0,99.0,98.2307692308,48.0,1.01282691987,130.0,21.9375121167,95.0
2016-09-30,4,0,17.0,20.0,0,99.0,100.076923077,48.0,0.938592111832,130.0,20.5331309706,85.0
2016-10-01,5,1,17.0,20.0,0,99.0,99.2307692308,48.0,0.862040272924,130.0,20.9069507991,92.0
2016-10-02,6,1,16.0,23.0,0,98.0,97.0769230769,48.0,0.913518052057,130.0,20.0823747388,79.0
2016-10-03,0,1,18.0,29.0,1,98.0,95.7692307692,48.0,0.864572779466,130.0,20.6552427547,93.0
2016-10-04,1,1,17.0,30.0,1,97.0,96.0769230769,48.0,0.898876404494,130.0,20.5817751289,74.0
2016-10-05,2,1,18.0,30.0,1,97.0,98.0769230769,48.0,0.862250262881,130.0,16.7123240499,96.0
2016-10-06,3,1,19.0,29.0,1,97.0,95.6153846154,48.0,0.927199012868,130.0,14.3072787368,108.0
2016-10-07,4,1,19.0,27.0,1,97.0,96.8461538462,48.0,0.961272475795,130.0,14.6279298385,85.0
2016-10-08,5,0,16.0,26.0,1,97.0,94.6153846154,48.0,1.00504260129,130.0,14.0413590266,89.0
2016-10-09,6,0,16.0,24.0,1,97.0,92.3076923077,48.0,0.996818663839,130.0,12.1869073213,97.0
2016-10-10,0,0,16.0,23.0,1,97.0,90.7692307692,48.0,0.957428016252,130.0,10.0472257645,96.0
2016-10-11,1,0,16.0,21.0,1,96.0,89.8461538462,48.0,0.992608236536,130.0,8.90847611803,73.0
2016-10-12,2,0,16.0,19.0,1,96.0,89.3846153846,48.0,0.924092409241,130.0,9.58796089285,77.0
2016-10-13,3,0,15.0,18.0,0,96.0,88.0,48.0,0.877944325482,130.0,9.96918328574,97.0
2016-10-14,4,0,15.0,19.0,1,96.0,88.9230769231,48.0,0.879159992881,128.0,10.2015197847,105.0
2016-10-15,5,1,16.0,23.0,1,96.0,89.9230769231,48.0,0.997854077253,128.0,11.0555349066,101.0
2016-10-16,6,1,16.0,24.0,1,96.0,91.6153846154,48.0,1.09425785482,128.0,10.9371523613,99.0
2016-10-17,0,0,16.0,23.0,1,96.0,92.0769230769,48.0,1.11232676878,128.0,11.111058514,93.0
2016-10-18,1,0,18.0,25.0,1,96.0,93.5384615385,48.0,1.07740393455,128.0,9.81063304329,103.0
2016-10-19,2,0,18.0,24.0,0,96.0,94.0769230769,48.0,1.07058610053,128.0,10.1182359245,99.0
2016-10-20,3,0,19.0,23.0,0,96.0,93.3846153846,48.0,1.06826000362,128.0,9.42613765049,73.0
2016-10-21,4,0,18.0,24.0,0,96.0,92.4615384615,73.0,1.00236923638,128.0,10.703093619,101.0
2016-10-22,5,1,16.0,21.0,0,96.0,93.3846153846,73.0,0.990206746464,119.0,10.8807413601,93.0
2016-10-23,6,1,15.0,18.0,1,96.0,93.0769230769,73.0,0.961123110151,119.0,10.8305944042,98.0
2016-10-24,0,0,12.0,16.0,0,96.0,93.2307692308,73.0,1.04828576557,119.0,10.885091047,85.0
2016-10-25,1,0,12.0,16.0,0,96.0,94.1538461538,73.0,0.985010706638,117.0,9.55829204124,88.0
2016-10-26,2,0,13.0,16.0,0,96.0,95.0,73.0,0.971326164875,108.0,8.42158399133,102.0
2016-10-27,3,0,12.0,16.0,0,96.0,95.3846153846,73.0,0.988852930601,108.0,8.6160714012,96.0
2016-10-28,4,0,9.0,14.0,0,96.0,94.6923076923,73.0,1.02234137623,108.0,8.16544892906,81.0
2016-10-29,5,1,7.0,11.0,0,96.0,93.1538461538,73.0,1.00161550889,108.0,8.69877227276,89.0
2016-10-30,6,1,9.0,15.0,0,96.0,92.3846153846,73.0,0.959076978547,108.0,8.5892460629,100.0
2016-10-31,0,0,9.0,14.0,0,96.0,92.9230769231,73.0,0.971397733405,108.0,8.82706971556,84.0
