time_stamp,dayofweek,holiday,lt,ht,sunny,m2M,w2A,m1L,d3w3,m1Lar,w2Std,pay_sum
2016-08-01,0,0,25.0,35.0,0,30.0,32.5384615385,16.0,1.54011847065,52.0,10.1951374882,24.0
2016-08-02,1,0,25.0,29.0,0,30.0,32.3846153846,16.0,1.23456790123,52.0,10.3071182389,13.0
2016-08-03,2,0,25.0,31.0,0,30.0,30.6153846154,13.0,0.907103825137,52.0,11.4457816317,44.0
2016-08-04,3,0,26.0,32.0,1,30.0,32.0769230769,13.0,0.859872611465,52.0,11.8416574883,38.0
2016-08-05,4,0,26.0,34.0,1,30.0,32.3846153846,13.0,1.00688924218,52.0,11.9391950607,43.0
2016-08-06,5,1,27.0,35.0,1,30.0,33.3846153846,13.0,1.31648235914,52.0,12.2382657239,40.0
2016-08-07,6,1,27.0,36.0,1,30.0,34.0,13.0,1.24102564103,52.0,12.3537599384,30.0
2016-08-08,0,0,27.0,35.0,0,30.0,33.4615384615,13.0,1.15012722646,52.0,12.3638143518,30.0
2016-08-09,1,0,25.0,34.0,0,30.0,34.5384615385,13.0,1.01163378857,52.0,11.3653683457,38.0
2016-08-10,2,0,26.0,31.0,0,30.0,35.7692307692,13.0,0.988401412002,52.0,10.7928312829,27.0
2016-08-11,3,0,26.0,32.0,0,30.0,36.1538461538,13.0,0.95525389643,52.0,10.376349987,31.0
2016-08-12,4,0,26.0,30.0,0,30.0,34.5384615385,13.0,0.969696969697,52.0,9.36947075605,47.0
2016-08-13,5,1,25.0,32.0,0,30.0,34.6923076923,13.0,1.03397341211,52.0,9.55457695706,34.0
2016-08-14,6,1,26.0,32.0,0,30.0,33.7692307692,13.0,1.09965635739,52.0,8.97992501385,37.0
2016-08-15,0,0,25.0,31.0,0,30.0,34.7692307692,13.0,1.15856651939,52.0,8.54988840371,39.0
2016-08-16,1,0,25.0,31.0,0,30.0,36.7692307692,13.0,1.04463437797,52.0,5.83298111081,33.0
2016-08-17,2,0,25.0,31.0,0,31.0,35.9230769231,13.0,1.01916783544,52.0,5.51168742082,21.0
2016-08-18,3,0,25.0,30.0,0,31.0,34.6153846154,13.0,0.870786516854,52.0,6.74295600025,29.0
2016-08-19,4,0,26.0,32.0,0,31.0,33.5384615385,13.0,0.803096274794,52.0,6.42848689716,47.0
2016-08-20,5,1,26.0,34.0,1,32.0,34.0769230769,13.0,0.935841775205,52.0,7.19467258529,57.0
2016-08-21,6,1,27.0,35.0,0,32.0,36.1538461538,13.0,1.26305792972,57.0,9.305466994,31.0
2016-08-22,0,0,27.0,35.0,1,32.0,36.2307692308,13.0,1.26939351199,57.0,9.25829230103,46.0
2016-08-23,1,0,27.0,35.0,1,32.0,36.8461538462,13.0,1.20395327942,57.0,9.61446149415,33.0
2016-08-24,2,0,28.0,36.0,1,32.0,37.3076923077,13.0,1.00319197446,57.0,9.2685125799,38.0
2016-08-25,3,0,27.0,36.0,1,33.0,37.8461538462,13.0,1.06703146375,57.0,9.0879984582,23.0
2016-08-26,4,0,25.0,35.0,0,33.0,36.0,13.0,0.881387716831,57.0,9.47060228773,45.0
2016-08-27,5,1,24.0,32.0,0,33.0,36.8461538462,13.0,0.98696461825,57.0,9.74163273194,78.0
2016-08-28,6,1,26.0,33.0,1,33.0,40.0,13.0,1.2739965096,78.0,14.6707453536,45.0
2016-08-29,0,0,26.0,33.0,1,33.0,40.4615384615,13.0,1.4377406932,78.0,14.7262997839,32.0
2016-08-30,1,0,25.0,32.0,1,33.0,40.3846153846,13.0,1.33678309616,78.0,14.7676281182,43.0
2016-08-31,2,0,25.0,33.0,0,33.0,42.0769230769,13.0,1.01394169835,78.0,13.6689515577,47.0
2016-09-01,3,0,25.0,32.0,0,33.0,43.4615384615,21.0,1.01035196687,78.0,13.1769926802,28.0
2016-09-02,4,0,25.0,31.0,0,33.0,42.0,21.0,1.00084817642,78.0,13.7449291349,47.0
2016-09-03,5,1,25.0,31.0,0,33.0,41.2307692308,21.0,1.01793909053,78.0,13.1509218522,65.0
2016-09-04,6,1,26.0,31.0,0,34.0,43.8461538462,21.0,1.12857718662,78.0,14.1955906147,38.0
2016-09-05,0,0,26.0,32.0,0,34.0,43.2307692308,21.0,1.21065375303,78.0,14.2621276121,48.0
2016-09-06,1,0,26.0,33.0,0,34.0,44.3846153846,21.0,1.19698771304,78.0,13.9919672644,41.0
2016-09-07,2,0,25.0,31.0,0,34.0,44.6153846154,21.0,0.98335269067,78.0,13.9092579105,53.0
2016-09-08,3,0,26.0,32.0,0,36.0,46.9230769231,21.0,1.06967984934,78.0,12.5542609283,46.0
2016-09-09,4,0,26.0,32.0,0,37.0,47.0,21.0,1.05580693816,78.0,12.5453025226,62.0
2016-09-10,5,1,25.0,30.0,0,37.0,45.7692307692,21.0,1.20734908136,78.0,9.9626521504,38.0
2016-09-11,6,1,25.0,30.0,0,37.0,45.2307692308,21.0,1.08630952381,78.0,10.1765480482,37.0
2016-09-12,0,0,24.0,33.0,1,37.0,45.6153846154,21.0,1.02968808719,78.0,9.75498658705,37.0
2016-09-13,1,0,26.0,35.0,1,37.0,45.1538461538,21.0,0.838009726899,78.0,10.0065067588,32.0
2016-09-14,2,0,26.0,35.0,1,37.0,44.0,21.0,0.798493408663,78.0,10.5757341989,60.0
2016-09-15,3,1,25.0,34.0,1,37.0,46.4615384615,21.0,0.932754880694,78.0,10.2852798819,100.0
2016-09-16,4,1,25.0,34.0,1,38.0,50.5384615385,23.0,1.31013306039,100.0,17.5963955427,33.0
2016-09-17,5,1,25.0,34.0,1,38.0,48.0769230769,23.0,1.38054363376,100.0,17.6393857318,34.0
2016-09-18,6,0,25.0,33.0,1,38.0,47.7692307692,23.0,1.20883098082,100.0,17.8461538462,25.0
2016-09-19,0,0,23.0,32.0,1,38.0,46.0,23.0,0.671043034282,100.0,18.847566666,41.0
2016-09-20,1,0,24.0,31.0,1,38.0,46.0,23.0,0.730994152047,100.0,18.847566666,26.0
2016-09-21,2,0,24.0,31.0,1,38.0,43.9230769231,23.0,0.68836513281,100.0,19.4400915575,45.0
2016-09-22,3,0,24.0,32.0,1,38.0,43.8461538462,23.0,0.822320117474,100.0,19.4336985428,65.0
2016-09-23,4,0,25.0,32.0,1,38.0,44.0769230769,23.0,0.979121670266,100.0,19.6643431249,109.0
2016-09-24,5,1,25.0,32.0,1,38.0,49.5384615385,25.0,1.50515463918,109.0,26.0432048855,176.0
2016-09-25,6,1,26.0,33.0,1,39.0,60.2307692308,25.0,2.10589651023,176.0,42.2140221803,69.0
2016-09-26,0,0,26.0,34.0,1,40.0,62.6923076923,25.0,2.09034543844,176.0,41.7177044419,116.0
2016-09-27,1,0,27.0,35.0,1,40.0,69.1538461538,25.0,1.99889258029,176.0,42.9505013024,46.0
2016-09-28,2,0,28.0,34.0,1,40.0,68.0769230769,25.0,1.2865497076,176.0,43.3402664762,34.0
2016-09-29,3,0,21.0,28.0,0,39.0,63.0,25.0,1.10267229255,176.0,43.1687208698,61.0
2016-09-30,4,0,20.0,26.0,0,40.0,65.1538461538,25.0,0.793918918919,176.0,42.308111886,100.0
2016-10-01,5,1,20.0,28.0,0,41.0,70.2307692308,25.0,1.04333868379,176.0,42.2249540623,286.0
2016-10-02,6,1,23.0,31.0,1,41.0,90.3076923077,25.0,1.99331103679,286.0,69.3091009846,138.0
2016-10-03,0,1,24.0,33.0,1,41.0,97.7692307692,25.0,2.1888053467,286.0,68.8187741001,118.0
2016-10-04,1,1,24.0,32.0,1,41.0,104.846153846,25.0,2.14823622671,286.0,65.7358889846,40.0
2016-10-05,2,1,23.0,33.0,1,41.0,104.461538462,25.0,1.18732450862,286.0,66.0985457592,74.0
2016-10-06,3,1,25.0,32.0,1,43.0,105.153846154,25.0,0.945395273024,286.0,65.7276971871,56.0
2016-10-07,4,1,25.0,31.0,1,45.0,101.076923077,25.0,0.683142455294,286.0,66.9942150642,50.0
2016-10-08,5,0,24.0,31.0,0,45.0,91.3846153846,25.0,0.716417910448,286.0,64.5225523621,23.0
2016-10-09,6,0,22.0,30.0,1,45.0,87.8461538462,23.0,0.514046622833,286.0,66.8716867232,26.0
2016-10-10,0,0,22.0,30.0,1,45.0,80.9230769231,23.0,0.398069963812,286.0,68.2432995172,39.0
2016-10-11,1,0,21.0,28.0,0,45.0,80.3846153846,23.0,0.351087173349,286.0,68.5436845113,39.0
2016-10-12,2,0,20.0,25.0,0,45.0,80.7692307692,23.0,0.416416416416,286.0,68.2959102798,36.0
2016-10-13,3,0,22.0,28.0,1,45.0,78.8461538462,23.0,0.464547677262,286.0,69.1718552746,30.0
2016-10-14,4,0,20.0,30.0,1,45.0,73.4615384615,23.0,0.449582530507,286.0,70.0347335636,33.0
2016-10-15,5,1,21.0,31.0,1,45.0,54.0,23.0,0.46676096181,286.0,34.310796686,35.0
2016-10-16,6,1,24.0,32.0,1,45.0,46.0769230769,23.0,0.473429951691,286.0,24.4837828225,33.0
2016-10-17,0,0,23.0,32.0,1,45.0,39.5384615385,23.0,0.519146748908,286.0,13.1126209585,39.0
2016-10-18,1,0,23.0,26.0,0,43.0,39.4615384615,23.0,0.552971576227,286.0,13.1126209585,25.0
2016-10-19,2,0,23.0,27.0,0,41.0,35.6923076923,23.0,0.504813947437,286.0,9.05865175386,33.0
2016-10-20,3,0,24.0,31.0,1,41.0,33.9230769231,23.0,0.516094706039,286.0,6.91110075237,57.0
2016-10-21,4,0,24.0,27.0,0,41.0,34.4615384615,23.0,0.633608815427,286.0,8.2798679348,44.0
2016-10-22,5,1,24.0,30.0,1,43.0,36.0769230769,23.0,0.922865013774,286.0,7.92718340184,31.0
2016-10-23,6,1,24.0,31.0,1,43.0,36.4615384615,23.0,1.02206736353,286.0,7.54081595886,43.0
2016-10-24,0,0,24.0,30.0,1,43.0,36.7692307692,23.0,1.00084817642,286.0,7.71765056073,48.0
2016-10-25,1,0,24.0,31.0,1,43.0,37.4615384615,23.0,1.02434928631,286.0,8.27057234198,40.0
2016-10-26,2,0,25.0,32.0,1,43.0,37.7692307692,23.0,1.14912280702,286.0,8.28486893405,57.0
2016-10-27,3,0,24.0,33.0,1,43.0,39.8461538462,23.0,1.27025843189,286.0,9.38776744039,40.0
2016-10-28,4,0,22.0,33.0,1,43.0,40.3846153846,23.0,1.21615623613,286.0,9.17805460817,77.0
2016-10-29,5,1,20.0,29.0,1,43.0,43.6153846154,23.0,1.44099378882,286.0,13.2173456054,69.0
2016-10-30,6,1,19.0,28.0,1,43.0,46.3846153846,23.0,1.46226415094,286.0,14.4197432045,48.0
2016-10-31,0,0,19.0,27.0,1,44.0,47.0769230769,23.0,1.50914041229,138.0,14.2637870603,60.0
