time_stamp,dayofweek,holiday,lt,ht,sunny,m2M,w2A,m1L,d3w3,m1Lar,w2Std,pay_sum
2016-08-01,0,0,27.0,37.0,1,48.0,42.8461538462,31.0,0.844969566774,85.0,12.1708741475,44.0
2016-08-02,1,0,27.0,36.0,0,48.0,43.4615384615,31.0,0.842255531763,85.0,12.0103505657,30.0
2016-08-03,2,0,27.0,34.0,0,48.0,43.2307692308,30.0,0.827838827839,85.0,12.2358480021,33.0
2016-08-04,3,0,27.0,34.0,0,48.0,42.3846153846,30.0,0.792592592593,85.0,12.5302002043,32.0
2016-08-05,4,0,27.0,34.0,0,48.0,40.8461538462,30.0,0.725467735777,85.0,12.482887695,31.0
2016-08-06,5,1,25.0,33.0,0,48.0,37.3076923077,30.0,0.781440781441,85.0,7.08611443257,40.0
2016-08-07,6,1,26.0,31.0,0,46.0,36.3846153846,30.0,0.850888062784,85.0,5.77179430225,40.0
2016-08-08,0,0,26.0,34.0,0,46.0,37.0769230769,30.0,0.91697645601,85.0,5.62222975835,38.0
2016-08-09,1,0,26.0,33.0,1,46.0,37.3076923077,30.0,0.972393901937,85.0,5.59374121929,156.0
2016-08-10,2,0,26.0,34.0,0,46.0,46.9230769231,30.0,1.67381974249,156.0,31.9289151288,118.0
2016-08-11,3,0,26.0,35.0,1,46.0,52.3076923077,30.0,2.0675944334,156.0,37.134650241,81.0
2016-08-12,4,0,27.0,33.0,0,46.0,55.1538461538,30.0,2.28663446055,156.0,37.8007858157,80.0
2016-08-13,5,1,27.0,35.0,1,48.0,58.6153846154,30.0,1.79190751445,156.0,37.8570966044,105.0
2016-08-14,6,1,27.0,35.0,0,48.0,63.6923076923,30.0,1.62542010388,156.0,39.2847291047,102.0
2016-08-15,0,0,28.0,36.0,1,48.0,68.1538461538,30.0,1.64658634538,156.0,40.0803925857,63.0
2016-08-16,1,0,27.0,37.0,1,48.0,70.6923076923,30.0,1.51260504202,156.0,38.6012845848,58.0
2016-08-17,2,0,28.0,37.0,1,48.0,72.6153846154,30.0,1.22158312791,156.0,37.275561104,52.0
2016-08-18,3,0,28.0,37.0,1,48.0,74.1538461538,30.0,0.944580944581,156.0,35.9569104385,70.0
2016-08-19,4,0,28.0,37.0,1,48.0,77.1538461538,30.0,0.962309542903,156.0,33.7931403004,43.0
2016-08-20,5,1,27.0,36.0,0,48.0,77.3846153846,30.0,0.876494023904,156.0,33.5479873557,61.0
2016-08-21,6,1,26.0,34.0,0,48.0,79.0,30.0,0.908379013312,156.0,32.1869538789,56.0
2016-08-22,0,0,27.0,35.0,0,48.0,80.3846153846,30.0,0.827514869408,156.0,30.7484545241,53.0
2016-08-23,1,0,26.0,34.0,0,51.0,72.4615384615,30.0,0.863821138211,156.0,22.3731136192,42.0
2016-08-24,2,0,27.0,36.0,1,48.0,66.6153846154,30.0,0.762048952814,156.0,19.4483080598,62.0
2016-08-25,3,0,26.0,37.0,1,48.0,65.1538461538,30.0,0.774734764372,156.0,19.0216320332,54.0
2016-08-26,4,0,22.0,29.0,0,51.0,63.1538461538,30.0,0.766618146531,156.0,18.7199858393,49.0
2016-08-27,5,1,20.0,25.0,0,49.0,58.8461538462,30.0,0.795372378886,156.0,14.5805252298,74.0
2016-08-28,6,1,20.0,29.0,1,51.0,56.6923076923,30.0,0.832745236415,156.0,9.07561920231,56.0
2016-08-29,0,0,19.0,32.0,1,51.0,56.1538461538,30.0,0.831591173055,156.0,8.8911897088,40.0
2016-08-30,1,0,22.0,32.0,1,51.0,54.7692307692,30.0,0.859236795552,156.0,9.84615384615,41.0
2016-08-31,2,0,22.0,25.0,0,51.0,53.9230769231,30.0,0.735373054214,156.0,10.4988024113,34.0
2016-09-01,3,0,22.0,24.0,0,51.0,51.1538461538,31.0,0.641562064156,156.0,10.639882546,42.0
2016-09-02,4,0,21.0,33.0,1,49.0,51.0769230769,31.0,0.674157303371,156.0,10.7019878704,38.0
2016-09-03,5,1,24.0,34.0,1,48.0,49.3076923077,31.0,0.697247706422,156.0,10.8158332328,57.0
2016-09-04,6,1,23.0,32.0,1,48.0,49.3846153846,34.0,0.874003189793,156.0,10.8665928532,45.0
2016-09-05,0,0,24.0,31.0,1,48.0,48.7692307692,34.0,0.908795845505,156.0,10.8709482012,34.0
2016-09-06,1,0,22.0,29.0,1,48.0,48.1538461538,34.0,0.90395480226,156.0,11.4478493368,31.0
2016-09-07,2,0,22.0,32.0,1,45.0,45.7692307692,31.0,0.746775288527,156.0,11.5435886045,33.0
2016-09-08,3,0,22.0,30.0,1,44.0,44.1538461538,31.0,0.691358024691,118.0,11.7463326771,35.0
2016-09-09,4,0,24.0,31.0,0,44.0,43.0769230769,31.0,0.704375667022,105.0,11.8935117313,37.0
2016-09-10,5,1,21.0,24.0,0,44.0,40.2307692308,31.0,0.766703176342,105.0,7.91448376424,46.0
2016-09-11,6,1,21.0,27.0,1,44.0,39.4615384615,31.0,0.871170173496,105.0,6.74383347517,59.0
2016-09-12,0,0,21.0,31.0,1,44.0,40.9230769231,31.0,1.04143747708,102.0,8.52563138615,35.0
2016-09-13,1,0,21.0,32.0,1,44.0,40.4615384615,31.0,1.0347376201,74.0,8.67015557145,43.0
2016-09-14,2,0,22.0,32.0,1,44.0,41.1538461538,31.0,1.03435258588,74.0,8.48388657167,53.0
2016-09-15,3,1,24.0,29.0,0,44.0,42.0,31.0,0.990173847317,74.0,9.05538513814,52.0
2016-09-16,4,1,22.0,28.0,1,44.0,43.0769230769,31.0,1.11487758945,74.0,9.34354189523,48.0
2016-09-17,5,1,21.0,31.0,1,44.0,42.3846153846,31.0,1.18742724098,74.0,8.5892460629,49.0
2016-09-18,6,0,21.0,31.0,1,45.0,42.6923076923,31.0,1.16588419405,74.0,8.74761167743,35.0
2016-09-19,0,0,20.0,30.0,1,45.0,42.7692307692,31.0,1.03896103896,74.0,8.67493157724,28.0
2016-09-20,1,0,19.0,28.0,1,44.0,42.5384615385,28.0,0.895283772982,74.0,9.018062086,49.0
2016-09-21,2,0,19.0,29.0,1,44.0,43.7692307692,28.0,0.879466038477,74.0,8.71915527096,33.0
2016-09-22,3,0,19.0,30.0,1,44.0,43.6153846154,28.0,0.873015873016,74.0,8.88852727733,40.0
2016-09-23,4,0,21.0,31.0,1,44.0,43.8461538462,28.0,0.965954077593,74.0,8.75166932512,46.0
2016-09-24,5,1,22.0,32.0,1,44.0,43.8461538462,28.0,0.954673084637,74.0,8.75166932512,70.0
2016-09-25,6,1,25.0,34.0,1,45.0,44.6923076923,28.0,1.21495327103,74.0,10.5275069398,60.0
2016-09-26,0,0,25.0,35.0,1,45.0,46.6153846154,28.0,1.33030990174,70.0,10.8595116871,33.0
2016-09-27,1,0,21.0,30.0,1,45.0,45.8461538462,28.0,1.22926093514,70.0,11.427673253,41.0
2016-09-28,2,0,18.0,25.0,1,45.0,44.9230769231,28.0,1.00149476831,70.0,11.2964360511,32.0
2016-09-29,3,0,15.0,17.0,0,45.0,43.3846153846,28.0,0.79490063742,70.0,11.5860556874,33.0
2016-09-30,4,0,15.0,17.0,0,45.0,42.2307692308,28.0,0.798493408663,70.0,11.8136416984,49.0
2016-10-01,5,1,17.0,19.0,0,46.0,42.2307692308,28.0,0.855855855856,70.0,11.8136416984,64.0
2016-10-02,6,1,18.0,24.0,0,46.0,44.4615384615,28.0,1.0899589399,70.0,12.9235347904,52.0
2016-10-03,0,1,20.0,29.0,1,48.0,46.3076923077,28.0,1.20879120879,70.0,12.1299668043,62.0
2016-10-04,1,1,18.0,29.0,1,49.0,47.3076923077,28.0,1.27735916756,70.0,12.8265626751,60.0
2016-10-05,2,1,19.0,30.0,1,49.0,49.3846153846,28.0,1.23931623932,70.0,12.5240596855,58.0
2016-10-06,3,1,21.0,29.0,1,49.0,50.7692307692,28.0,1.27388535032,70.0,12.4044275356,57.0
2016-10-07,4,1,22.0,27.0,1,49.0,51.6153846154,28.0,1.2267788293,70.0,12.4253986875,55.0
2016-10-08,5,0,19.0,25.0,1,49.0,50.4615384615,28.0,1.18425635667,70.0,11.3110931568,39.0
2016-10-09,6,0,17.0,25.0,1,49.0,48.8461538462,28.0,1.0475199445,70.0,11.3330432728,48.0
2016-10-10,0,0,17.0,24.0,1,49.0,50.0,28.0,0.965001698947,70.0,10.384900281,35.0
2016-10-11,1,0,17.0,22.0,1,49.0,49.5384615385,28.0,0.841089279559,70.0,10.8954145938,30.0
2016-10-12,2,0,17.0,22.0,1,48.0,49.3846153846,28.0,0.781466113416,70.0,11.1530503695,42.0
2016-10-13,3,0,16.0,19.0,1,48.0,50.0769230769,28.0,0.738440303658,70.0,10.3660803249,37.0
2016-10-14,4,0,16.0,22.0,1,46.0,49.1538461538,28.0,0.759317311041,70.0,10.9393162059,51.0
2016-10-15,5,1,18.0,24.0,1,46.0,48.1538461538,28.0,0.92395167022,70.0,10.0983330981,61.0
2016-10-16,6,1,18.0,24.0,1,46.0,48.8461538462,28.0,1.0578629748,70.0,10.6326503957,60.0
2016-10-17,0,0,19.0,25.0,1,46.0,48.6923076923,28.0,1.18702553485,70.0,10.4541829345,32.0
2016-10-18,1,0,20.0,23.0,1,46.0,46.5384615385,28.0,1.065830721,70.0,10.7818607258,42.0
2016-10-19,2,0,19.0,22.0,0,46.0,45.3076923077,30.0,0.92381937263,70.0,10.3059700054,28.0
2016-10-20,3,0,20.0,25.0,0,45.0,43.0769230769,28.0,0.706860706861,70.0,10.6659886372,42.0
2016-10-21,4,0,20.0,25.0,1,43.0,42.0769230769,28.0,0.78184991274,70.0,10.0954029025,66.0
2016-10-22,5,1,18.0,21.0,0,45.0,44.1538461538,28.0,0.947405085336,70.0,11.870105656,52.0
2016-10-23,6,1,16.0,20.0,1,45.0,44.4615384615,28.0,1.11459421804,70.0,12.0167535909,45.0
2016-10-24,0,0,15.0,17.0,0,45.0,45.2307692308,28.0,1.15602836879,66.0,11.7024247728,37.0
2016-10-25,1,0,13.0,17.0,1,43.0,45.7692307692,28.0,0.974191203199,66.0,11.1365914282,33.0
2016-10-26,2,0,15.0,20.0,0,42.0,45.0769230769,28.0,0.859491778774,66.0,11.6186954018,40.0
2016-10-27,3,0,15.0,23.0,1,42.0,45.3076923077,28.0,0.838095238095,66.0,11.4850043728,37.0
2016-10-28,4,0,11.0,15.0,0,42.0,44.2307692308,28.0,0.855698171918,66.0,11.5569083313,39.0
2016-10-29,5,1,10.0,12.0,0,42.0,42.5384615385,28.0,0.902372617658,66.0,10.5437942712,57.0
2016-10-30,6,1,10.0,14.0,1,42.0,42.3076923077,28.0,1.02386451116,66.0,10.185847009,44.0
2016-10-31,0,0,11.0,14.0,0,43.0,43.2307692308,28.0,1.06666666667,66.0,9.74406206682,28.0
