time_stamp,dayofweek,holiday,lt,ht,sunny,m2M,w2A,m1L,d3w3,m1Lar,w2Std,pay_sum
2016-08-01,0,0,26.0,32.0,0,11.0,21.3846153846,11.0,3.15492957746,84.0,21.244142945,46.0
2016-08-02,1,0,25.0,28.0,0,11.0,24.0769230769,11.0,2.22222222222,84.0,21.9631213225,34.0
2016-08-03,2,0,26.0,31.0,0,11.0,25.8461538462,11.0,2.01775625504,84.0,21.7639297705,63.0
2016-08-04,3,0,27.0,31.0,0,11.0,29.8461538462,11.0,2.05017921147,84.0,23.3858805326,67.0
2016-08-05,4,0,27.0,32.0,0,11.0,34.1538461538,11.0,2.09852847089,84.0,24.6415726079,67.0
2016-08-06,5,1,28.0,34.0,1,11.0,38.4615384615,11.0,2.27614095898,84.0,25.1078148564,47.0
2016-08-07,6,1,28.0,35.0,1,11.0,41.2307692308,11.0,1.96846112017,84.0,23.8816113557,60.0
2016-08-08,0,0,28.0,34.0,1,11.0,45.0,11.0,1.75226586103,84.0,22.6478051237,63.0
2016-08-09,1,0,27.0,33.0,1,11.0,49.0,11.0,1.5873015873,84.0,20.806803621,62.0
2016-08-10,2,0,25.0,28.0,0,11.0,52.9230769231,11.0,1.61220043573,84.0,17.8733214961,60.0
2016-08-11,3,0,26.0,31.0,0,11.0,56.6923076923,11.0,1.51515151515,84.0,13.1873168402,80.0
2016-08-12,4,0,26.0,30.0,0,11.0,56.3846153846,11.0,1.52510381276,84.0,12.5792164458,56.0
2016-08-13,5,1,26.0,31.0,0,11.0,57.6923076923,11.0,1.40804597701,84.0,11.5451262803,73.0
2016-08-14,6,1,26.0,31.0,0,11.0,59.8461538462,11.0,1.40740740741,84.0,11.5880983629,64.0
2016-08-15,0,0,26.0,30.0,0,11.0,61.2307692308,11.0,1.23362096516,84.0,10.9062709283,61.0
2016-08-16,1,0,25.0,29.0,0,11.0,63.3076923077,11.0,1.2076852699,84.0,7.58931045195,54.0
2016-08-17,2,0,25.0,29.0,0,11.0,62.6153846154,11.0,1.05046948357,84.0,7.98593438046,64.0
2016-08-18,3,0,26.0,30.0,0,11.0,62.3846153846,11.0,1.0036445192,84.0,7.89876778646,50.0
2016-08-19,4,0,26.0,31.0,0,11.0,61.0769230769,11.0,0.969696969697,84.0,8.41666422559,71.0
2016-08-20,5,1,27.0,33.0,1,11.0,62.9230769231,11.0,1.03903397922,84.0,7.73067355471,85.0
2016-08-21,6,1,26.0,31.0,0,11.0,64.8461538462,11.0,1.11926107036,85.0,9.63843391242,48.0
2016-08-22,0,0,26.0,33.0,1,11.0,63.6923076923,11.0,1.10659072417,85.0,10.6365452415,73.0
2016-08-23,1,0,27.0,34.0,1,11.0,64.5384615385,11.0,1.08307045216,85.0,10.9024724409,82.0
2016-08-24,2,0,28.0,34.0,1,11.0,66.2307692308,11.0,1.05154105154,85.0,11.7417980942,80.0
2016-08-25,3,0,28.0,34.0,1,11.0,66.2307692308,11.0,1.20512820513,85.0,11.7417980942,91.0
2016-08-26,4,0,26.0,33.0,0,11.0,68.9230769231,11.0,1.27391742195,91.0,13.0293251402,84.0
2016-08-27,5,1,26.0,31.0,0,11.0,69.7692307692,34.0,1.24908155768,91.0,13.6108206171,63.0
2016-08-28,6,1,26.0,31.0,1,34.0,69.6923076923,34.0,1.16324535679,91.0,13.6459890719,51.0
2016-08-29,0,0,25.0,31.0,1,39.0,68.9230769231,34.0,0.976331360947,91.0,14.3765917565,62.0
2016-08-30,1,0,25.0,30.0,1,45.0,69.5384615385,34.0,0.867850098619,91.0,13.8875449711,68.0
2016-08-31,2,0,26.0,30.0,1,46.0,69.8461538462,34.0,0.887254901961,91.0,13.8054958613,69.0
2016-09-01,3,0,25.0,30.0,0,47.0,71.3076923077,47.0,0.98344452681,91.0,12.5782756271,59.0
2016-09-02,4,0,25.0,29.0,0,48.0,70.3846153846,47.0,0.966469428008,91.0,13.0002275811,75.0
2016-09-03,5,1,26.0,31.0,0,50.0,69.6153846154,47.0,0.999507631709,91.0,12.3944060679,70.0
2016-09-04,6,1,26.0,32.0,0,51.0,71.3076923077,47.0,1.0,91.0,10.715801527,58.0
2016-09-05,0,0,26.0,30.0,0,54.0,70.1538461538,48.0,0.997297961189,91.0,11.2649637498,81.0
2016-09-06,1,0,26.0,29.0,0,56.0,70.0769230769,48.0,1.00674373796,91.0,11.1869535171,83.0
2016-09-07,2,0,26.0,30.0,0,58.0,70.3076923077,48.0,1.05488239487,91.0,11.4178309632,78.0
2016-09-08,3,0,25.0,29.0,0,59.0,69.3076923077,48.0,1.1274167249,91.0,10.0489924132,92.0
2016-09-09,4,0,26.0,31.0,0,60.0,69.9230769231,48.0,1.16161616162,92.0,11.1179794682,92.0
2016-09-10,5,1,25.0,29.0,0,60.0,72.1538461538,48.0,1.19716700937,92.0,12.3465732016,79.0
2016-09-11,6,1,25.0,31.0,0,61.0,74.3076923077,48.0,1.17673378076,92.0,10.8158332328,56.0
2016-09-12,0,0,25.0,32.0,0,61.0,73.8461538462,48.0,1.02738176058,92.0,11.4411279288,96.0
2016-09-13,1,0,27.0,33.0,1,62.0,76.0,48.0,1.03564223268,96.0,12.703724469,80.0
2016-09-14,2,0,26.0,33.0,1,62.0,76.8461538462,48.0,1.04012553239,96.0,12.5749822073,85.0
2016-09-15,3,1,27.0,33.0,1,63.0,78.8461538462,48.0,1.1748818366,96.0,11.6079956121,42.0
2016-09-16,4,1,27.0,33.0,1,63.0,76.3076923077,42.0,0.958999305073,96.0,15.2183321404,58.0
2016-09-17,5,1,26.0,32.0,1,63.0,75.3846153846,42.0,0.860065086007,96.0,15.9206612809,72.0
2016-09-18,6,0,25.0,32.0,1,63.0,76.4615384615,42.0,0.788087056128,96.0,15.1637999328,62.0
2016-09-19,0,0,25.0,32.0,1,63.0,75.0,42.0,0.879725085911,96.0,15.5662356499,74.0
2016-09-20,1,0,23.0,28.0,0,63.0,74.3076923077,42.0,0.949121606206,96.0,15.3942277663,75.0
2016-09-21,2,0,24.0,31.0,1,64.0,74.0769230769,42.0,0.958872983413,96.0,15.359595039,90.0
2016-09-22,3,0,25.0,31.0,1,64.0,73.9230769231,42.0,1.06364040943,96.0,15.1883636555,91.0
2016-09-23,4,0,26.0,31.0,1,67.0,73.8461538462,42.0,1.1272567151,96.0,15.0988851032,83.0
2016-09-24,5,1,26.0,31.0,1,67.0,74.1538461538,42.0,1.15258677145,96.0,15.2408668936,102.0
2016-09-25,6,1,26.0,32.0,1,68.0,77.6923076923,42.0,1.17122851687,102.0,15.9392337205,74.0
2016-09-26,0,0,27.0,33.0,1,69.0,76.0,42.0,1.10400682012,102.0,15.04863909,101.0
2016-09-27,1,0,27.0,33.0,1,69.0,77.6153846154,42.0,1.16729877792,102.0,16.4529093127,118.0
2016-09-28,2,0,26.0,32.0,1,70.0,80.1538461538,42.0,1.20427455816,118.0,19.6345306259,115.0
2016-09-29,3,0,24.0,29.0,1,71.0,85.7692307692,42.0,1.35359675785,118.0,18.314155291,108.0
2016-09-30,4,0,23.0,26.0,0,72.0,89.6153846154,42.0,1.36865342163,118.0,17.3006823411,77.0
2016-10-01,5,1,23.0,28.0,0,73.0,90.0,42.0,1.20554550934,118.0,16.9569590888,43.0
2016-10-02,6,1,24.0,30.0,0,73.0,88.5384615385,42.0,0.923450789793,118.0,19.8750534963,49.0
2016-10-03,0,1,24.0,30.0,0,73.0,86.6153846154,42.0,0.70460704607,118.0,22.255642194,55.0
2016-10-04,1,1,25.0,32.0,1,73.0,85.0769230769,42.0,0.622617534943,118.0,23.6528142364,70.0
2016-10-05,2,1,25.0,30.0,1,73.0,83.5384615385,42.0,0.744066709429,118.0,23.9313614149,87.0
2016-10-06,3,1,26.0,32.0,1,73.0,83.2307692308,42.0,0.881130507066,118.0,23.8590535829,102.0
2016-10-07,4,1,25.0,31.0,0,74.0,84.6923076923,42.0,1.04773462783,118.0,24.3764849343,97.0
2016-10-08,5,0,24.0,30.0,1,74.0,84.3076923077,42.0,1.13966925682,118.0,24.1386527423,99.0
2016-10-09,6,0,22.0,28.0,1,75.0,86.2307692308,42.0,1.16179337232,118.0,24.2365072571,86.0
2016-10-10,0,0,23.0,28.0,1,75.0,85.0769230769,42.0,1.09175377468,118.0,23.8600455814,111.0
2016-10-11,1,0,21.0,26.0,1,75.0,84.5384615385,42.0,1.12248767539,118.0,23.1802813569,104.0
2016-10-12,2,0,22.0,26.0,0,77.0,83.6923076923,42.0,1.1324303988,118.0,22.2343622329,107.0
2016-10-13,3,0,23.0,28.0,1,78.0,83.6153846154,42.0,1.20059656972,118.0,22.1517092987,113.0
2016-10-14,4,0,24.0,30.0,1,79.0,86.3846153846,42.0,1.18811881188,118.0,23.3684154413,95.0
2016-10-15,5,1,24.0,31.0,1,80.0,90.3846153846,43.0,1.15958034235,118.0,19.7738695545,104.0
2016-10-16,6,1,24.0,31.0,1,80.0,94.6153846154,43.0,1.12982074959,118.0,15.9881613006,87.0
2016-10-17,0,0,24.0,31.0,1,81.0,97.0769230769,43.0,1.04360518154,118.0,11.5456387934,149.0
2016-10-18,1,0,23.0,27.0,0,82.0,103.153846154,43.0,1.21994976677,149.0,15.7277126991,100.0
2016-10-19,2,0,24.0,27.0,0,82.0,104.153846154,43.0,1.21540965817,149.0,15.0682863803,94.0
2016-10-20,3,0,24.0,30.0,0,83.0,103.538461538,43.0,1.25022781119,149.0,15.3051795386,126.0
2016-10-21,4,0,24.0,27.0,0,83.0,105.769230769,43.0,1.13596024139,149.0,16.2724583087,55.0
2016-10-22,5,1,24.0,30.0,0,83.0,102.384615385,43.0,0.970017636684,149.0,21.1679673147,92.0
2016-10-23,6,1,25.0,30.0,1,84.0,102.846153846,43.0,0.941541645111,149.0,20.8689911807,94.0
2016-10-24,0,0,25.0,31.0,0,84.0,101.538461538,43.0,0.814739688979,149.0,20.8497016567,93.0
2016-10-25,1,0,25.0,30.0,1,85.0,100.692307692,43.0,0.932330827068,149.0,20.9555743103,117.0
2016-10-26,2,0,25.0,31.0,1,86.0,101.461538462,43.0,1.00082304527,149.0,21.3527709771,124.0
2016-10-27,3,0,26.0,31.0,1,87.0,102.307692308,43.0,1.08777072138,149.0,22.0013447679,106.0
2016-10-28,4,0,24.0,32.0,1,87.0,103.153846154,43.0,1.12516212711,149.0,21.9153832654,103.0
2016-10-29,5,1,22.0,29.0,1,90.0,103.076923077,43.0,1.07766990291,149.0,21.9140332224,97.0
2016-10-30,6,1,20.0,25.0,1,91.0,103.846153846,43.0,0.985031385804,149.0,21.507945415,61.0
2016-10-31,0,0,21.0,27.0,1,91.0,97.0769230769,49.0,0.860959920831,149.0,20.0286776646,96.0
