time_stamp,dayofweek,holiday,lt,ht,sunny,m2M,w2A,m1L,d3w3,m1Lar,w2Std,pay_sum
2016-08-01,0,0,27.0,37.0,1,17.0,3.0,1.0,1.0,27.0,0.0,3.0
2016-08-02,1,0,26.0,36.0,0,15.0,3.0,1.0,1.0,22.0,0.0,3.0
2016-08-03,2,0,25.0,31.0,0,11.0,3.0,1.0,1.0,22.0,0.0,3.0
2016-08-04,3,0,25.0,29.0,0,10.0,3.0,1.0,1.0,3.0,0.0,3.0
2016-08-05,4,0,25.0,31.0,0,3.0,3.0,1.0,1.0,3.0,0.0,3.0
2016-08-06,5,1,24.0,32.0,0,3.0,3.0,1.0,1.0,3.0,0.0,17.0
2016-08-07,6,1,25.0,32.0,0,3.0,4.07692307692,1.0,2.07207207207,17.0,3.73057097015,46.0
2016-08-08,0,0,26.0,32.0,0,3.0,7.38461538462,1.0,3.76068376068,46.0,11.7508655101,27.0
2016-08-09,1,0,26.0,32.0,0,3.0,9.23076923077,3.0,4.25531914894,46.0,12.7590320718,66.0
2016-08-10,2,0,26.0,34.0,0,3.0,14.0769230769,3.0,4.54248366013,66.0,19.6016543198,35.0
2016-08-11,3,0,27.0,35.0,0,3.0,16.5384615385,3.0,3.61581920904,66.0,20.0599692638,35.0
2016-08-12,4,0,28.0,38.0,1,3.0,19.0,3.0,3.38308457711,66.0,20.2104314269,51.0
2016-08-13,5,1,28.0,37.0,1,3.0,22.6923076923,3.0,2.55274261603,66.0,21.3050539883,39.0
2016-08-14,6,1,28.0,37.0,1,3.0,25.4615384615,3.0,2.36742424242,66.0,20.9012895613,38.0
2016-08-15,0,0,28.0,37.0,1,3.0,28.1538461538,3.0,2.20499569337,66.0,20.0723543284,37.0
2016-08-16,1,0,27.0,37.0,1,3.0,30.7692307692,3.0,1.80522565321,66.0,18.7991564711,49.0
2016-08-17,2,0,27.0,36.0,1,3.0,34.3076923077,3.0,1.77016416845,66.0,17.5252987043,38.0
2016-08-18,3,0,28.0,37.0,1,3.0,37.0,3.0,1.64674634794,66.0,15.0179379922,25.0
2016-08-19,4,0,27.0,37.0,1,3.0,38.6923076923,3.0,1.42493638677,66.0,12.0344672656,35.0
2016-08-20,5,1,26.0,36.0,1,3.0,40.0769230769,3.0,1.17505995204,66.0,10.3809110202,45.0
2016-08-21,6,1,26.0,34.0,1,3.0,40.0,3.0,1.17056856187,66.0,10.340361547,28.0
2016-08-22,0,0,27.0,33.0,1,3.0,40.0769230769,3.0,1.15569823435,66.0,10.2466620341,29.0
2016-08-23,1,0,27.0,34.0,1,3.0,37.2307692308,3.0,1.04776579353,66.0,7.39182340525,25.0
2016-08-24,2,0,27.0,34.0,1,3.0,36.4615384615,3.0,0.814704421262,66.0,8.07289276735,21.0
2016-08-25,3,0,24.0,35.0,0,3.0,35.3846153846,3.0,0.725689404935,66.0,9.06844454085,33.0
2016-08-26,4,0,21.0,27.0,0,3.0,34.0,3.0,0.732498840983,66.0,7.87400787401,45.0
2016-08-27,5,1,18.0,27.0,1,3.0,34.4615384615,3.0,0.883534136546,66.0,8.31694641278,78.0
2016-08-28,6,1,18.0,30.0,1,3.0,37.5384615385,3.0,1.3350449294,78.0,14.3023149531,88.0
2016-08-29,0,0,19.0,31.0,1,3.0,41.4615384615,3.0,1.6746031746,88.0,19.6218692147,39.0
2016-08-30,1,0,20.0,31.0,1,3.0,40.6923076923,3.0,1.68101681017,88.0,19.5069400486,48.0
2016-08-31,2,0,21.0,32.0,1,3.0,41.4615384615,3.0,1.41242937853,88.0,19.5826272482,52.0
2016-09-01,3,0,21.0,31.0,1,3.0,43.5384615385,3.0,1.09924871491,88.0,19.1536916892,42.0
2016-09-02,4,0,22.0,33.0,1,3.0,44.0769230769,3.0,1.13509192646,88.0,19.0038924695,37.0
2016-09-03,5,1,22.0,33.0,1,3.0,43.4615384615,3.0,1.04967948718,88.0,19.0933552059,72.0
2016-09-04,6,1,22.0,31.0,1,3.0,46.8461538462,17.0,1.16243264049,88.0,19.9339144863,61.0
2016-09-05,0,0,23.0,32.0,1,17.0,49.3076923077,21.0,1.2734082397,88.0,19.5502689944,38.0
2016-09-06,1,0,21.0,31.0,1,21.0,50.3076923077,21.0,1.29692832765,88.0,18.5902564032,45.0
2016-09-07,2,0,23.0,32.0,1,25.0,52.1538461538,21.0,1.0835214447,88.0,16.68184713,27.0
2016-09-08,3,0,22.0,32.0,1,25.0,51.6923076923,21.0,0.825825825826,88.0,17.2777518809,39.0
2016-09-09,4,0,21.0,31.0,0,27.0,51.2307692308,21.0,0.829596412556,88.0,17.5286747323,31.0
2016-09-10,5,1,22.0,32.0,1,27.0,47.6153846154,21.0,0.736522399393,88.0,16.4482333002,43.0
2016-09-11,6,1,20.0,31.0,1,28.0,44.1538461538,21.0,0.843598357596,88.0,11.6079956121,45.0
2016-09-12,0,0,22.0,33.0,1,29.0,44.6153846154,21.0,0.872753942061,88.0,11.5127919593,29.0
2016-09-13,1,0,21.0,32.0,1,29.0,43.1538461538,21.0,0.854326396495,88.0,12.1771927663,37.0
2016-09-14,2,0,21.0,31.0,1,31.0,42.0,21.0,0.796555435953,88.0,11.9935880305,43.0
2016-09-15,3,1,23.0,31.0,0,33.0,42.0769230769,21.0,0.773872914448,88.0,11.9965478269,110.0
2016-09-16,4,1,22.0,30.0,0,35.0,47.6923076923,21.0,1.26162018592,110.0,21.5705804472,107.0
2016-09-17,5,1,21.0,32.0,1,35.0,50.3846153846,21.0,1.67796063246,110.0,26.1373250987,63.0
2016-09-18,6,0,20.0,31.0,1,35.0,50.5384615385,21.0,1.85185185185,110.0,26.2051532942,30.0
2016-09-19,0,0,18.0,29.0,1,35.0,49.9230769231,21.0,1.33466800133,110.0,26.5835736975,27.0
2016-09-20,1,0,18.0,27.0,1,35.0,48.5384615385,21.0,0.81799591002,110.0,27.2639953746,37.0
2016-09-21,2,0,17.0,28.0,1,37.0,49.3076923077,21.0,0.650744202146,110.0,26.7822691501,38.0
2016-09-22,3,0,17.0,30.0,1,37.0,49.2307692308,21.0,0.709071949948,110.0,26.8131823095,38.0
2016-09-23,4,0,18.0,31.0,1,37.0,49.7692307692,27.0,0.784722222222,110.0,26.5102414061,33.0
2016-09-24,5,1,22.0,32.0,1,37.0,49.0,27.0,0.788997466522,110.0,26.8385486252,40.0
2016-09-25,6,1,23.0,30.0,1,37.0,48.6153846154,27.0,0.822222222222,110.0,26.9287906025,59.0
2016-09-26,0,0,23.0,33.0,1,38.0,50.9230769231,27.0,0.955483170467,110.0,26.4297662566,23.0
2016-09-27,1,0,22.0,32.0,1,38.0,49.8461538462,23.0,0.904708935855,110.0,27.2477131118,40.0
2016-09-28,2,0,16.0,25.0,0,38.0,49.6153846154,23.0,0.891812865497,110.0,27.3173330761,56.0
2016-09-29,3,0,15.0,18.0,0,38.0,45.4615384615,23.0,0.853964836742,110.0,21.2516619608,74.0
2016-09-30,4,0,17.0,20.0,0,38.0,42.9230769231,23.0,1.16598079561,110.0,14.715044831,68.0
2016-10-01,5,1,17.0,20.0,0,38.0,43.3076923077,23.0,1.32397191575,110.0,15.2889332293,271.0
2016-10-02,6,1,16.0,23.0,0,39.0,61.8461538462,23.0,2.25129463069,271.0,62.1646030296,202.0
2016-10-03,0,1,18.0,29.0,1,39.0,75.3076923077,23.0,2.58357211079,271.0,71.4200840266,155.0
2016-10-04,1,1,17.0,30.0,1,39.0,84.3846153846,23.0,2.76530162924,271.0,73.4444200756,109.0
2016-10-05,2,1,18.0,30.0,1,40.0,89.8461538462,23.0,1.96624472574,271.0,72.4248641472,89.0
2016-10-06,3,1,19.0,29.0,1,40.0,93.7692307692,23.0,1.50951464614,271.0,70.8749210784,58.0
2016-10-07,4,1,19.0,27.0,1,40.0,95.6923076923,23.0,1.13024282561,271.0,69.5262923321,53.0
2016-10-08,5,0,16.0,26.0,1,40.0,96.6923076923,23.0,0.888888888889,271.0,68.8078535493,35.0
2016-10-09,6,0,16.0,24.0,1,40.0,94.8461538462,23.0,0.646733111849,271.0,70.1041490639,45.0
2016-10-10,0,0,16.0,23.0,1,42.0,96.5384615385,23.0,0.582184285402,271.0,68.5987389261,31.0
2016-10-11,1,0,16.0,21.0,1,40.0,95.8461538462,23.0,0.487804878049,271.0,69.2085434409,38.0
2016-10-12,2,0,16.0,19.0,1,40.0,94.4615384615,23.0,0.500988793672,271.0,70.1653162013,47.0
2016-10-13,3,0,15.0,18.0,0,42.0,92.3846153846,23.0,0.506771515946,271.0,71.1331778714,42.0
2016-10-14,4,0,15.0,19.0,1,42.0,90.3846153846,23.0,0.551574375679,271.0,72.1489255334,50.0
2016-10-15,5,1,16.0,23.0,1,42.0,73.3846153846,23.0,0.59978425027,271.0,50.3243914886,85.0
2016-10-16,6,1,16.0,24.0,1,43.0,64.3846153846,23.0,0.751113940165,271.0,34.4886569124,58.0
2016-10-17,0,0,16.0,23.0,1,43.0,56.9230769231,23.0,0.801162308012,271.0,22.4789184604,61.0
2016-10-18,1,0,18.0,25.0,1,45.0,53.2307692308,23.0,0.835894283958,271.0,16.8621280077,30.0
2016-10-19,2,0,18.0,24.0,0,43.0,48.6923076923,23.0,0.620445554862,271.0,14.3815299036,27.0
2016-10-20,3,0,19.0,23.0,0,43.0,46.3076923077,23.0,0.506220506221,271.0,15.1879740655,37.0
2016-10-21,4,0,18.0,24.0,0,43.0,45.0769230769,23.0,0.41146859269,271.0,15.2439725211,32.0
2016-10-22,5,1,16.0,21.0,0,43.0,44.8461538462,23.0,0.498442367601,271.0,15.4165054099,70.0
2016-10-23,6,1,15.0,18.0,1,45.0,46.7692307692,23.0,0.804398148148,271.0,16.8118723899,92.0
2016-10-24,0,0,12.0,16.0,0,45.0,51.4615384615,23.0,1.18763391491,271.0,19.9715774371,46.0
2016-10-25,1,0,12.0,16.0,0,45.0,52.0769230769,23.0,1.35152696556,271.0,19.6682545409,61.0
2016-10-26,2,0,13.0,16.0,0,45.0,53.1538461538,27.0,1.3293253173,271.0,19.7439227411,48.0
2016-10-27,3,0,12.0,16.0,0,45.0,53.6153846154,27.0,1.04588394062,271.0,19.5469394084,39.0
2016-10-28,4,0,9.0,14.0,0,45.0,52.7692307692,27.0,1.01300479124,271.0,19.9196611268,2.0
2016-10-29,5,1,7.0,11.0,0,45.0,46.3846153846,2.0,0.630534891959,271.0,21.7805080874,111.0
2016-10-30,6,1,9.0,15.0,0,45.0,50.4615384615,2.0,1.00628930818,271.0,27.722846409,101.0
2016-10-31,0,0,9.0,14.0,0,45.0,53.5384615385,2.0,1.32466728567,202.0,30.7736535283,39.0
