time_stamp,dayofweek,holiday,lt,ht,sunny,m2M,w2A,m1L,d3w3,m1Lar,w2Std,pay_sum
2016-08-01,0,0,28.0,34.0,1,196.0,215.615384615,151.0,1.13176186159,367.0,37.3126880081,197.0
2016-08-02,1,0,28.0,34.0,0,197.0,215.769230769,151.0,1.11840615803,367.0,37.2314049533,220.0
2016-08-03,2,0,26.0,32.0,0,197.0,217.846153846,151.0,1.01766253288,367.0,36.65188872,197.0
2016-08-04,3,0,27.0,32.0,0,197.0,218.461538462,155.0,0.923586040915,367.0,36.2270943751,217.0
2016-08-05,4,0,27.0,33.0,0,197.0,219.384615385,155.0,0.950667266457,367.0,36.0246463956,270.0
2016-08-06,5,1,27.0,33.0,1,200.0,220.230769231,155.0,1.03448275862,367.0,37.0595235267,350.0
2016-08-07,6,1,27.0,34.0,1,202.0,226.230769231,155.0,1.25562556256,367.0,49.2609282622,388.0
2016-08-08,0,0,27.0,34.0,0,202.0,240.307692308,155.0,1.44765187419,388.0,64.8600678566,270.0
2016-08-09,1,0,28.0,34.0,1,202.0,248.0,155.0,1.42463430146,388.0,61.9292400182,229.0
2016-08-10,2,0,28.0,34.0,1,202.0,250.769230769,170.0,1.24412651659,388.0,60.188363105,212.0
2016-08-11,3,0,28.0,35.0,1,203.0,253.769230769,170.0,0.992462311558,388.0,57.13163457,201.0
2016-08-12,4,0,28.0,34.0,1,203.0,253.461538462,170.0,0.896898575021,388.0,57.4035852333,236.0
2016-08-13,5,1,28.0,35.0,1,205.0,249.769230769,170.0,0.911068996982,388.0,56.8617132864,399.0
2016-08-14,6,1,28.0,36.0,1,205.0,260.461538462,170.0,1.14301339896,399.0,69.4545954448,411.0
2016-08-15,0,0,28.0,35.0,1,205.0,276.923076923,170.0,1.37216319035,411.0,77.3716918403,248.0
2016-08-16,1,0,28.0,35.0,1,211.0,279.076923077,170.0,1.3669250646,411.0,76.13698337,253.0
2016-08-17,2,0,28.0,35.0,1,211.0,283.384615385,170.0,1.16475095785,411.0,72.8861477411,235.0
2016-08-18,3,0,28.0,36.0,1,211.0,284.769230769,170.0,0.92894105768,411.0,71.7743835235,251.0
2016-08-19,4,0,29.0,36.0,1,212.0,283.307692308,170.0,0.924674674675,411.0,72.2521062939,375.0
2016-08-20,5,1,28.0,37.0,0,212.0,285.230769231,170.0,1.05923602141,411.0,74.3051440875,561.0
2016-08-21,6,1,28.0,35.0,0,216.0,298.538461538,170.0,1.38344988345,561.0,101.890299519,535.0
2016-08-22,0,0,28.0,35.0,1,217.0,318.923076923,170.0,1.61879608232,561.0,119.182769494,281.0
2016-08-23,1,0,26.0,34.0,1,219.0,322.923076923,170.0,1.50024513809,561.0,116.949339156,238.0
2016-08-24,2,0,26.0,34.0,1,220.0,324.923076923,170.0,1.14069264069,561.0,115.245197823,244.0
2016-08-25,3,0,27.0,35.0,1,220.0,328.230769231,173.0,0.822153978773,561.0,112.218299513,221.0
2016-08-26,4,0,26.0,34.0,0,221.0,327.076923077,173.0,0.763549473227,561.0,113.233225308,250.0
2016-08-27,5,1,23.0,31.0,1,227.0,315.615384615,197.0,0.789444628464,561.0,112.913539736,557.0
2016-08-28,6,1,22.0,30.0,1,229.0,326.846153846,197.0,1.10412974599,561.0,128.084014588,415.0
2016-08-29,0,0,23.0,31.0,1,235.0,339.692307692,197.0,1.2825356843,561.0,127.906446951,253.0
2016-08-30,1,0,23.0,31.0,1,236.0,339.692307692,197.0,1.2808448348,561.0,127.906446951,227.0
2016-08-31,2,0,25.0,34.0,1,236.0,339.076923077,197.0,0.933604548062,561.0,128.426849301,235.0
2016-09-01,3,0,26.0,33.0,1,235.0,337.846153846,197.0,0.741893644617,561.0,129.338462453,205.0
2016-09-02,4,0,25.0,34.0,1,235.0,324.769230769,201.0,0.695443645084,561.0,133.449589356,227.0
2016-09-03,5,1,25.0,35.0,1,235.0,299.076923077,201.0,0.714668381014,561.0,116.581738601,371.0
2016-09-04,6,1,25.0,33.0,1,236.0,286.461538462,201.0,0.865954922894,561.0,97.7167140924,442.0
2016-09-05,0,0,25.0,30.0,0,238.0,298.846153846,201.0,1.08741112505,561.0,106.084035016,260.0
2016-09-06,1,0,22.0,27.0,0,238.0,300.538461538,201.0,1.12068515327,561.0,105.272259027,236.0
2016-09-07,2,0,20.0,24.0,0,236.0,299.923076923,201.0,0.979532163743,561.0,105.623760103,218.0
2016-09-08,3,0,22.0,29.0,1,236.0,299.692307692,201.0,0.749488269564,561.0,105.799072713,256.0
2016-09-09,4,0,23.0,31.0,1,236.0,300.153846154,201.0,0.759520753102,561.0,105.594176816,260.0
2016-09-10,5,1,24.0,29.0,1,238.0,277.307692308,205.0,0.825043556455,561.0,75.3498349908,356.0
2016-09-11,6,1,23.0,26.0,0,244.0,272.769230769,205.0,1.01066295781,561.0,68.3735822198,315.0
2016-09-12,0,0,23.0,29.0,1,248.0,277.538461538,205.0,1.0727042286,561.0,68.9878644675,224.0
2016-09-13,1,0,23.0,30.0,1,248.0,277.307692308,205.0,1.03372603373,561.0,69.1613326999,233.0
2016-09-14,2,0,22.0,24.0,0,244.0,277.153846154,205.0,0.893363420702,561.0,69.2574307636,262.0
2016-09-15,3,1,23.0,26.0,0,244.0,281.538461538,205.0,0.826151901643,561.0,66.2914490188,336.0
2016-09-16,4,1,23.0,27.0,0,248.0,289.923076923,205.0,0.94089673913,561.0,65.7541593168,272.0
2016-09-17,5,1,23.0,27.0,0,250.0,282.307692308,205.0,1.03515973586,561.0,61.5197086811,317.0
2016-09-18,6,0,23.0,28.0,0,251.0,272.692307692,205.0,1.12019376325,561.0,42.6981977919,222.0
2016-09-19,0,0,21.0,27.0,0,251.0,269.769230769,205.0,0.987699427597,557.0,44.7199040975,188.0
2016-09-20,1,0,20.0,26.0,1,251.0,266.076923077,188.0,0.891750996627,557.0,49.1206701571,167.0
2016-09-21,2,0,20.0,27.0,1,250.0,262.153846154,167.0,0.716725669213,557.0,54.5412280952,188.0
2016-09-22,3,0,21.0,27.0,1,248.0,256.923076923,167.0,0.676635514019,557.0,58.0297821924,227.0
2016-09-23,4,0,21.0,27.0,1,248.0,254.384615385,167.0,0.72523364486,557.0,58.5590280257,245.0
2016-09-24,5,1,22.0,28.0,1,248.0,245.846153846,167.0,0.842266462481,557.0,50.682793551,380.0
2016-09-25,6,1,23.0,29.0,1,250.0,250.846153846,167.0,1.10034870205,557.0,59.668115637,373.0
2016-09-26,0,0,24.0,31.0,1,251.0,262.307692308,167.0,1.26129541864,442.0,67.2405379279,154.0
2016-09-27,1,0,25.0,30.0,0,251.0,256.230769231,154.0,1.16438795815,442.0,72.9427107616,172.0
2016-09-28,2,0,22.0,28.0,0,250.0,249.307692308,154.0,0.905381775792,442.0,76.2620831439,179.0
2016-09-29,3,0,22.0,25.0,0,248.0,237.230769231,154.0,0.664036817883,442.0,73.9741678885,148.0
2016-09-30,4,0,23.0,28.0,0,248.0,227.692307692,148.0,0.67096947694,442.0,76.8158483401,270.0
2016-10-01,5,1,24.0,29.0,0,250.0,224.076923077,148.0,0.816912972085,442.0,73.5646879529,351.0
2016-10-02,6,1,24.0,32.0,1,251.0,234.0,148.0,1.04455311057,442.0,80.9453756935,294.0
2016-10-03,0,1,22.0,26.0,1,253.0,242.153846154,148.0,1.22539172358,442.0,81.239291511,269.0
2016-10-04,1,1,22.0,26.0,1,253.0,250.0,148.0,1.21526392767,380.0,78.4807668746,220.0
2016-10-05,2,1,22.0,27.0,1,251.0,252.461538462,148.0,1.04987932422,380.0,76.9851288183,244.0
2016-10-06,3,1,22.0,26.0,0,250.0,253.769230769,148.0,1.00136612022,380.0,76.6853248885,207.0
2016-10-07,4,1,20.0,25.0,0,248.0,250.846153846,148.0,0.929041190723,380.0,77.6816443558,260.0
2016-10-08,5,0,17.0,22.0,0,250.0,241.615384615,148.0,0.996216897856,380.0,68.3560120158,246.0
2016-10-09,6,0,18.0,22.0,1,250.0,231.846153846,148.0,0.994005297644,380.0,57.0153098924,224.0
2016-10-10,0,0,18.0,22.0,1,250.0,237.230769231,148.0,1.0101010101,380.0,52.5388557255,183.0
2016-10-11,1,0,19.0,25.0,1,250.0,238.076923077,148.0,0.90056543925,380.0,51.5609594982,214.0
2016-10-12,2,0,19.0,23.0,1,248.0,240.769230769,148.0,0.851851851852,380.0,49.2687353605,204.0
2016-10-13,3,0,19.0,23.0,1,246.0,245.076923077,148.0,0.828337123561,380.0,43.0213927795,183.0
2016-10-14,4,0,19.0,23.0,0,245.0,238.384615385,148.0,0.839092495637,380.0,45.328779212,192.0
2016-10-15,5,1,21.0,25.0,1,244.0,226.153846154,148.0,0.841508611293,380.0,33.0915888775,304.0
2016-10-16,6,1,20.0,26.0,1,245.0,226.923076923,148.0,1.00191825291,380.0,34.7351773333,339.0
2016-10-17,0,0,20.0,25.0,1,245.0,232.307692308,148.0,1.18364164718,380.0,44.8062231519,201.0
2016-10-18,1,0,20.0,25.0,1,244.0,230.846153846,148.0,1.18906734291,380.0,45.4885381233,216.0
2016-10-19,2,0,20.0,24.0,0,244.0,228.692307692,148.0,1.05682533026,380.0,45.4776100708,170.0
2016-10-20,3,0,20.0,23.0,0,238.0,225.846153846,148.0,0.816809295206,380.0,47.842443586,186.0
2016-10-21,4,0,0.0,21.0,0,236.0,220.153846154,148.0,0.810140924864,380.0,47.842443586,173.0
2016-10-22,5,1,19.0,23.0,0,235.0,214.538461538,148.0,0.778685508206,380.0,48.7546690224,248.0
2016-10-23,6,1,18.0,23.0,1,235.0,216.384615385,148.0,0.902669343446,380.0,49.5262765712,366.0
2016-10-24,0,0,20.0,24.0,1,236.0,230.461538462,148.0,1.14556040757,373.0,62.3767897966,206.0
2016-10-25,1,0,18.0,22.0,1,235.0,229.846153846,148.0,1.19725507373,366.0,62.5753037472,198.0
2016-10-26,2,0,19.0,21.0,0,233.0,229.384615385,148.0,1.13569321534,366.0,62.7860083158,137.0
2016-10-27,3,0,18.0,22.0,0,227.0,225.846153846,137.0,0.810486891386,366.0,66.48753053,182.0
2016-10-28,4,0,15.0,20.0,0,227.0,225.076923077,137.0,0.78835010674,366.0,66.9310340097,214.0
2016-10-29,5,1,13.0,17.0,1,227.0,218.153846154,137.0,0.818740399386,366.0,62.9454539861,295.0
2016-10-30,6,1,14.0,18.0,1,227.0,214.769230769,137.0,1.04435879997,366.0,57.2849206177,320.0
2016-10-31,0,0,13.0,17.0,0,227.0,223.923076923,137.0,1.21518616242,366.0,63.5216032767,183.0
