time_stamp,dayofweek,holiday,lt,ht,sunny,m2M,w2A,m1L,d3w3,m1Lar,w2Std,pay_sum
2016-08-01,0,0,25.0,32.0,0,84.0,84.0,60.0,1.05716041795,102.0,8.96145592567,66.0
2016-08-02,1,0,26.0,33.0,1,84.0,83.3846153846,60.0,0.974295190713,102.0,9.85696521824,82.0
2016-08-03,2,0,26.0,33.0,1,84.0,83.9230769231,60.0,0.972657065331,102.0,9.57128348006,68.0
2016-08-04,3,0,26.0,33.0,1,84.0,83.0,60.0,0.909665192672,102.0,10.4439898064,66.0
2016-08-05,4,0,27.0,32.0,1,84.0,80.2307692308,60.0,0.918367346939,102.0,9.79131362409,99.0
2016-08-06,5,1,25.0,32.0,1,84.0,80.9230769231,60.0,0.973266499582,102.0,10.7307003031,81.0
2016-08-07,6,1,24.0,29.0,0,84.0,81.5384615385,60.0,1.01610904585,102.0,10.485267207,65.0
2016-08-08,0,0,24.0,30.0,0,84.0,81.0769230769,60.0,1.00885320156,102.0,11.0555349066,75.0
2016-08-09,1,0,25.0,31.0,0,83.0,79.8461538462,60.0,0.909465020576,102.0,10.7692307692,262.0
2016-08-10,2,0,26.0,33.0,1,83.0,93.6153846154,60.0,1.48312119535,262.0,49.7788006493,216.0
2016-08-11,3,0,27.0,35.0,1,84.0,102.923076923,60.0,1.8974095042,262.0,59.525639645,216.0
2016-08-12,4,0,26.0,35.0,0,84.0,112.692307692,60.0,2.24923027062,262.0,66.4569086707,186.0
2016-08-13,5,1,26.0,33.0,1,84.0,120.538461538,60.0,1.91360891779,262.0,68.5931319556,183.0
2016-08-14,6,1,24.0,32.0,1,84.0,128.076923077,60.0,1.72337604949,262.0,69.6501825482,168.0
2016-08-15,0,0,23.0,27.0,0,85.0,135.923076923,60.0,1.51694915254,262.0,67.939409135,103.0
2016-08-16,1,0,24.0,31.0,1,85.0,137.538461538,60.0,1.27599775155,262.0,66.8794729743,107.0
2016-08-17,2,0,23.0,30.0,0,85.0,140.538461538,65.0,1.05175292154,262.0,64.5262205316,114.0
2016-08-18,3,0,22.0,27.0,0,87.0,144.230769231,65.0,0.894409937888,262.0,61.4556173137,94.0
2016-08-19,4,0,23.0,27.0,1,88.0,143.846153846,65.0,0.867768595041,262.0,61.7524165256,104.0
2016-08-20,5,1,23.0,31.0,1,88.0,145.615384615,65.0,0.852459016393,262.0,60.2374001655,110.0
2016-08-21,6,1,24.0,33.0,1,88.0,149.076923077,65.0,0.832995267072,262.0,56.6941341946,108.0
2016-08-22,0,0,25.0,33.0,1,88.0,151.615384615,65.0,0.85626911315,262.0,53.9950688084,81.0
2016-08-23,1,0,23.0,31.0,1,87.0,137.692307692,65.0,0.795424314977,262.0,46.5607702411,105.0
2016-08-24,2,0,23.0,30.0,0,87.0,129.153846154,65.0,0.770743216673,262.0,41.2978787942,90.0
2016-08-25,3,0,20.0,27.0,1,87.0,119.461538462,65.0,0.716790027269,262.0,33.901702668,108.0
2016-08-26,4,0,20.0,28.0,1,88.0,113.461538462,65.0,0.784161490683,262.0,27.9797052401,106.0
2016-08-27,5,1,21.0,31.0,1,89.0,107.538461538,65.0,0.77918749199,262.0,19.4960168895,110.0
2016-08-28,6,1,21.0,31.0,1,90.0,103.076923077,65.0,0.816326530612,262.0,8.91378826884,117.0
2016-08-29,0,0,21.0,31.0,1,90.0,104.153846154,65.0,0.825892857143,262.0,9.65438245522,85.0
2016-08-30,1,0,21.0,31.0,1,90.0,102.461538462,65.0,0.828355236957,262.0,10.8600565561,100.0
2016-08-31,2,0,19.0,31.0,1,90.0,101.384615385,65.0,0.840640222686,262.0,10.3443664455,82.0
2016-09-01,3,0,20.0,27.0,1,89.0,100.461538462,65.0,0.78726227333,262.0,11.4395762739,93.0
2016-09-02,4,0,20.0,28.0,1,90.0,99.6153846154,65.0,0.845633456335,262.0,11.5528115894,103.0
2016-09-03,5,1,22.0,30.0,1,90.0,99.0769230769,65.0,0.887611749681,262.0,11.2144243548,152.0
2016-09-04,6,1,22.0,30.0,0,90.0,102.461538462,65.0,1.11969111969,262.0,17.9898064496,132.0
2016-09-05,0,0,21.0,31.0,1,90.0,106.384615385,65.0,1.22798667301,262.0,18.4371633958,85.0
2016-09-06,1,0,22.0,32.0,1,90.0,104.846153846,75.0,1.18326118326,262.0,19.3026349491,116.0
2016-09-07,2,0,21.0,30.0,1,90.0,106.846153846,81.0,1.06679481019,262.0,19.0054492341,102.0
2016-09-08,3,0,20.0,32.0,1,91.0,106.384615385,81.0,0.96696984203,216.0,19.0446376929,94.0
2016-09-09,4,0,21.0,31.0,1,93.0,105.461538462,81.0,1.00048100048,216.0,19.3295922382,127.0
2016-09-10,5,1,20.0,30.0,0,93.0,106.769230769,81.0,1.02735368957,186.0,20.1500289985,130.0
2016-09-11,6,1,17.0,25.0,0,94.0,107.769230769,81.0,1.10481586402,183.0,20.9400383739,142.0
2016-09-12,0,0,19.0,27.0,1,94.0,112.153846154,81.0,1.2207434603,168.0,21.6682900317,101.0
2016-09-13,1,0,20.0,28.0,1,95.0,112.230769231,81.0,1.14329501916,152.0,21.6267421571,119.0
2016-09-14,2,0,22.0,31.0,1,99.0,115.076923077,81.0,1.09497882638,152.0,19.8201976954,100.0
2016-09-15,3,1,22.0,32.0,1,100.0,115.615384615,81.0,0.971463266545,152.0,19.3014087232,137.0
2016-09-16,4,1,19.0,30.0,1,100.0,118.230769231,81.0,1.06570872624,152.0,19.7139304365,100.0
2016-09-17,5,1,17.0,26.0,1,100.0,114.230769231,81.0,1.0133814464,152.0,17.62059043,110.0
2016-09-18,6,0,17.0,24.0,1,101.0,112.538461538,81.0,1.0467571644,152.0,16.8733535248,77.0
2016-09-19,0,0,15.0,24.0,1,101.0,111.923076923,77.0,0.868907054193,152.0,17.9763157792,78.0
2016-09-20,1,0,17.0,26.0,1,100.0,109.0,77.0,0.810397553517,152.0,20.0461007143,97.0
2016-09-21,2,0,18.0,28.0,1,100.0,108.615384615,77.0,0.765375854214,152.0,20.223894708,72.0
2016-09-22,3,0,19.0,28.0,1,100.0,106.923076923,72.0,0.757436369212,152.0,22.2000053308,81.0
2016-09-23,4,0,20.0,29.0,1,100.0,103.384615385,72.0,0.774473358116,152.0,22.3831614648,117.0
2016-09-24,5,1,19.0,29.0,1,101.0,102.384615385,72.0,0.850259801606,152.0,21.4423680579,144.0
2016-09-25,6,1,20.0,27.0,1,102.0,102.538461538,72.0,1.07092531705,152.0,21.7312797762,120.0
2016-09-26,0,0,19.0,27.0,0,103.0,104.0,72.0,1.17375231054,152.0,22.2122627255,62.0
2016-09-27,1,0,14.0,22.0,1,103.0,99.6153846154,62.0,1.03001579779,152.0,24.342234464,106.0
2016-09-28,2,0,12.0,22.0,1,103.0,100.076923077,62.0,0.908230842006,152.0,24.4019593742,85.0
2016-09-29,3,0,14.0,24.0,1,103.0,96.0769230769,62.0,0.80126682502,152.0,22.1826735521,103.0
2016-09-30,4,0,16.0,26.0,1,103.0,96.3076923077,62.0,0.941854877463,152.0,22.2378216123,131.0
2016-10-01,5,1,18.0,27.0,1,104.0,97.9230769231,62.0,1.02145373039,152.0,23.8761597816,103.0
2016-10-02,6,1,19.0,28.0,1,104.0,99.9230769231,62.0,1.09968999837,152.0,23.1166325018,94.0
2016-10-03,0,1,18.0,27.0,1,104.0,101.153846154,62.0,1.07400130976,144.0,22.3291673821,82.0
2016-10-04,1,1,14.0,23.0,0,104.0,100.0,62.0,0.930465232616,144.0,22.8944064381,84.0
2016-10-05,2,1,13.0,23.0,1,104.0,100.923076923,62.0,0.874096486805,144.0,21.9701249549,91.0
2016-10-06,3,1,14.0,22.0,1,104.0,101.692307692,62.0,0.884529340905,144.0,21.4274612279,117.0
2016-10-07,4,1,12.0,18.0,0,105.0,101.692307692,62.0,0.996247014671,144.0,21.4274612279,79.0
2016-10-08,5,0,8.0,18.0,1,104.0,96.6923076923,62.0,0.994973132259,144.0,18.3319167464,71.0
2016-10-09,6,0,11.0,20.0,1,103.0,92.9230769231,62.0,0.928534167971,144.0,18.1890141758,78.0
2016-10-10,0,0,10.0,22.0,1,103.0,94.1538461538,62.0,0.792905581638,144.0,16.5196673176,80.0
2016-10-11,1,0,11.0,19.0,1,103.0,92.1538461538,62.0,0.80350877193,144.0,16.5382826466,85.0
2016-10-12,2,0,14.0,21.0,1,103.0,92.1538461538,62.0,0.846837428123,144.0,16.5382826466,80.0
2016-10-13,3,0,14.0,24.0,1,102.0,90.3846153846,62.0,0.854253835425,144.0,16.5135769854,70.0
2016-10-14,4,0,15.0,25.0,1,101.0,85.6923076923,62.0,0.840035746202,144.0,12.4800432407,102.0
2016-10-15,5,1,13.0,24.0,0,101.0,85.6153846154,62.0,0.92155787164,144.0,12.375773241,139.0
2016-10-16,6,1,12.0,22.0,1,101.0,89.0769230769,62.0,1.12558812885,144.0,18.8412866556,127.0
2016-10-17,0,0,12.0,21.0,1,102.0,92.5384615385,62.0,1.28648837616,144.0,21.2081819647,80.0
2016-10-18,1,0,14.0,23.0,1,101.0,92.2307692308,62.0,1.2262980684,144.0,21.3583125455,100.0
2016-10-19,2,0,15.0,24.0,1,100.0,92.9230769231,62.0,1.07946554149,144.0,21.45285184,90.0
2016-10-20,3,0,11.0,16.0,1,100.0,90.8461538462,62.0,0.955921402018,144.0,20.2972000867,93.0
2016-10-21,4,0,11.0,16.0,0,100.0,91.9230769231,62.0,1.02258355917,144.0,20.0094652159,129.0
2016-10-22,5,1,8.0,12.0,1,100.0,96.3846153846,62.0,1.1117049706,144.0,21.273090483,142.0
2016-10-23,6,1,8.0,16.0,1,100.0,101.307692308,62.0,1.26454750738,144.0,23.7142755298,115.0
2016-10-24,0,0,7.0,15.0,0,100.0,104.0,62.0,1.31830601093,142.0,23.1217513311,80.0
2016-10-25,1,0,10.0,19.0,1,100.0,103.615384615,62.0,1.15331964408,142.0,23.473515228,101.0
2016-10-26,2,0,8.0,15.0,1,100.0,105.230769231,70.0,1.00783112019,142.0,22.4949698519,74.0
2016-10-27,3,0,8.0,13.0,0,100.0,105.538461538,70.0,0.88772845953,142.0,22.033594576,79.0
2016-10-28,4,0,4.0,14.0,1,100.0,103.769230769,70.0,0.884247171453,142.0,23.1422153256,107.0
2016-10-29,5,1,5.0,14.0,1,100.0,101.307692308,70.0,0.888433282078,142.0,20.8525394705,135.0
2016-10-30,6,1,6.0,15.0,1,100.0,101.923076923,70.0,1.06573705179,142.0,21.7023980896,114.0
2016-10-31,0,0,0.0,8.0,1,101.0,104.538461538,70.0,1.16225922298,142.0,20.938060246,67.0
