time_stamp,dayofweek,holiday,lt,ht,sunny,m2M,w2A,m1L,d3w3,m1Lar,w2Std,pay_sum
2016-08-01,0,0,28.0,34.0,1,25.0,57.3076923077,25.0,1.40906269398,95.0,15.1778412136,33.0
2016-08-02,1,0,28.0,34.0,0,25.0,56.5384615385,25.0,1.28773875539,95.0,16.1083608707,57.0
2016-08-03,2,0,26.0,32.0,0,25.0,57.7692307692,25.0,1.10712148414,95.0,15.4728240481,51.0
2016-08-04,3,0,27.0,32.0,0,25.0,57.1538461538,25.0,0.834813499112,95.0,15.5704164948,64.0
2016-08-05,4,0,27.0,33.0,0,25.0,58.1538461538,25.0,1.01206237129,95.0,15.5605326874,59.0
2016-08-06,5,1,27.0,33.0,1,25.0,57.3076923077,25.0,1.03479036574,95.0,15.1879740655,81.0
2016-08-07,6,1,27.0,34.0,1,25.0,59.1538461538,25.0,1.20674356699,95.0,16.4449952819,79.0
2016-08-08,0,0,27.0,34.0,0,25.0,61.6153846154,25.0,1.24893071001,95.0,16.8319223343,46.0
2016-08-09,1,0,28.0,34.0,1,25.0,61.6153846154,25.0,1.17178612059,95.0,16.8319223343,54.0
2016-08-10,2,0,28.0,34.0,1,25.0,61.9230769231,25.0,1.0070323488,95.0,16.6523804649,46.0
2016-08-11,3,0,28.0,35.0,1,25.0,61.3076923077,25.0,0.830489192264,95.0,17.0762300622,49.0
2016-08-12,4,0,28.0,34.0,1,25.0,61.1538461538,33.0,0.849002849003,95.0,17.177114264,57.0
2016-08-13,5,1,28.0,35.0,1,33.0,59.3076923077,33.0,0.875828291559,95.0,16.2072377725,63.0
2016-08-14,6,1,28.0,36.0,1,37.0,56.8461538462,33.0,0.968758956721,95.0,12.6360056605,54.0
2016-08-15,0,0,28.0,35.0,1,39.0,58.4615384615,33.0,0.991452991453,95.0,10.6743069284,58.0
2016-08-16,1,0,28.0,35.0,1,41.0,58.5384615385,33.0,0.987027636774,95.0,10.6670981175,48.0
2016-08-17,2,0,28.0,35.0,1,43.0,58.3076923077,33.0,0.90395480226,95.0,10.8584218671,44.0
2016-08-18,3,0,28.0,36.0,1,44.0,56.7692307692,33.0,0.854700854701,95.0,11.3486959343,61.0
2016-08-19,4,0,29.0,36.0,1,46.0,56.9230769231,33.0,0.864406779661,95.0,11.3913701375,70.0
2016-08-20,5,1,28.0,37.0,0,46.0,56.0769230769,33.0,0.998003992016,95.0,9.87975037416,87.0
2016-08-21,6,1,28.0,35.0,0,46.0,56.6923076923,33.0,1.25179443009,95.0,11.4178309632,76.0
2016-08-22,0,0,28.0,35.0,1,47.0,59.0,33.0,1.29014396456,95.0,12.0384000981,57.0
2016-08-23,1,0,26.0,34.0,1,48.0,59.2307692308,33.0,1.21816168328,95.0,11.9688945968,57.0
2016-08-24,2,0,26.0,34.0,1,49.0,60.0769230769,33.0,1.04683195592,95.0,11.3778566216,49.0
2016-08-25,3,0,27.0,35.0,1,49.0,60.0769230769,33.0,0.909344490934,95.0,11.3778566216,61.0
2016-08-26,4,0,26.0,34.0,0,50.0,60.3846153846,33.0,0.930103035366,95.0,11.3445240029,77.0
2016-08-27,5,1,23.0,31.0,1,51.0,61.4615384615,33.0,1.04498463258,95.0,12.1757349146,92.0
2016-08-28,6,1,22.0,30.0,1,51.0,64.3846153846,33.0,1.27142067441,95.0,14.393045658,56.0
2016-08-29,0,0,23.0,31.0,1,51.0,64.2307692308,33.0,1.23355263158,95.0,14.4709462035,42.0
2016-08-30,1,0,23.0,31.0,1,51.0,63.7692307692,33.0,1.05204872647,92.0,15.0647517591,49.0
2016-08-31,2,0,25.0,34.0,1,51.0,64.1538461538,42.0,0.811930405965,92.0,14.61214539,59.0
2016-09-01,3,0,26.0,33.0,1,54.0,64.0,42.0,0.821692686935,92.0,14.6550070204,53.0
2016-09-02,4,0,25.0,34.0,1,54.0,62.6923076923,42.0,0.884858477604,92.0,14.8188269825,55.0
2016-09-03,5,1,25.0,35.0,1,54.0,60.2307692308,42.0,0.923928077455,92.0,13.1392181371,85.0
2016-09-04,6,1,25.0,33.0,1,54.0,60.9230769231,42.0,1.04099244876,92.0,14.1500831118,114.0
2016-09-05,0,0,25.0,30.0,0,55.0,65.3076923077,42.0,1.31062951496,114.0,19.9128277766,61.0
2016-09-06,1,0,22.0,27.0,0,56.0,65.6153846154,42.0,1.3282247765,114.0,19.8127327418,48.0
2016-09-07,2,0,20.0,24.0,0,56.0,65.5384615385,42.0,1.13572701808,114.0,19.8789234526,59.0
2016-09-08,3,0,22.0,29.0,1,57.0,65.3846153846,42.0,0.856924254017,114.0,19.9211463276,69.0
2016-09-09,4,0,23.0,31.0,1,57.0,64.7692307692,42.0,0.89841755998,114.0,19.6748720889,79.0
2016-09-10,5,1,24.0,29.0,1,57.0,63.7692307692,42.0,1.06317411402,114.0,18.5644567185,88.0
2016-09-11,6,1,23.0,26.0,0,57.0,66.2307692308,42.0,1.2010178117,114.0,19.4705056872,107.0
2016-09-12,0,0,23.0,29.0,1,57.0,71.2307692308,42.0,1.3431372549,114.0,20.8995908909,52.0
2016-09-13,1,0,23.0,30.0,1,57.0,71.4615384615,42.0,1.21525215252,114.0,20.6681299985,71.0
2016-09-14,2,0,22.0,24.0,0,57.0,72.3846153846,42.0,1.11353183249,114.0,20.356584501,68.0
2016-09-15,3,1,23.0,26.0,0,57.0,73.5384615385,42.0,0.920038535645,114.0,19.6375440444,38.0
2016-09-16,4,1,23.0,27.0,0,57.0,72.2307692308,38.0,0.877323420074,114.0,21.3222666069,85.0
2016-09-17,5,1,23.0,27.0,0,57.0,72.2307692308,38.0,0.951669157947,114.0,21.3222666069,124.0
2016-09-18,6,0,23.0,28.0,0,58.0,73.0,38.0,1.17117117117,124.0,22.9346898824,65.0
2016-09-19,0,0,21.0,27.0,0,58.0,73.3076923077,38.0,1.27828318171,124.0,22.7980586737,61.0
2016-09-20,1,0,20.0,26.0,1,59.0,74.3076923077,38.0,1.15660421004,124.0,21.9348146715,51.0
2016-09-21,2,0,20.0,27.0,1,58.0,73.6923076923,38.0,0.823447313329,124.0,22.4615384615,56.0
2016-09-22,3,0,21.0,27.0,1,58.0,72.6923076923,38.0,0.779944289694,124.0,22.9326257861,53.0
2016-09-23,4,0,21.0,27.0,1,58.0,70.6923076923,38.0,0.743840074384,124.0,23.423803197,82.0
2016-09-24,5,1,22.0,28.0,1,59.0,70.2307692308,38.0,0.889820638248,124.0,23.1355665128,101.0
2016-09-25,6,1,23.0,29.0,1,59.0,69.7692307692,38.0,1.10954395863,124.0,22.4470448497,99.0
2016-09-26,0,0,24.0,31.0,1,59.0,73.3846153846,38.0,1.29120879121,124.0,23.070255447,54.0
2016-09-27,1,0,25.0,30.0,0,59.0,72.0769230769,38.0,1.15823073415,124.0,23.6430557001,63.0
2016-09-28,2,0,22.0,28.0,0,59.0,71.6923076923,38.0,0.982264665757,124.0,23.7466908314,67.0
2016-09-29,3,0,22.0,25.0,0,59.0,73.9230769231,38.0,0.837887067395,124.0,21.7554998827,72.0
2016-09-30,4,0,23.0,28.0,0,61.0,72.9230769231,38.0,0.924273621597,124.0,21.5208719385,89.0
2016-10-01,5,1,24.0,29.0,0,61.0,70.2307692308,38.0,1.04252400549,124.0,16.5861566288,68.0
2016-10-02,6,1,24.0,32.0,1,61.0,70.4615384615,38.0,1.07587502936,124.0,16.5325570856,52.0
2016-10-03,0,1,22.0,26.0,1,61.0,69.7692307692,38.0,0.981912144703,124.0,17.0932008352,53.0
2016-10-04,1,1,22.0,26.0,1,61.0,69.9230769231,38.0,0.823221508446,124.0,16.9318159254,60.0
2016-10-05,2,1,22.0,27.0,1,61.0,70.2307692308,38.0,0.789662598708,124.0,16.7109077512,60.0
2016-10-06,3,1,22.0,26.0,0,60.0,70.7692307692,38.0,0.81507656066,124.0,16.2535385314,67.0
2016-10-07,4,1,20.0,25.0,0,61.0,69.6153846154,38.0,0.892388451444,124.0,15.944801234,85.0
2016-10-08,5,0,17.0,22.0,0,61.0,68.3846153846,38.0,1.04074619539,124.0,13.9699593168,68.0
2016-10-09,6,0,18.0,22.0,1,61.0,66.0,38.0,1.07763899094,124.0,10.8344180916,56.0
2016-10-10,0,0,18.0,22.0,1,61.0,66.1538461538,38.0,1.02753195674,124.0,10.6759698089,46.0
2016-10-11,1,0,19.0,25.0,1,61.0,64.8461538462,38.0,0.838884776709,124.0,11.9476174248,65.0
2016-10-12,2,0,19.0,23.0,1,61.0,64.6923076923,38.0,0.81862745098,124.0,11.9317586258,52.0
2016-10-13,3,0,19.0,23.0,1,61.0,63.1538461538,38.0,0.799607554574,124.0,12.1771927663,52.0
2016-10-14,4,0,19.0,23.0,0,61.0,60.3076923077,38.0,0.847755204414,124.0,9.9180070531,73.0
2016-10-15,5,1,21.0,25.0,1,61.0,60.6923076923,46.0,0.906994619523,124.0,10.2985033669,98.0
2016-10-16,6,1,20.0,26.0,1,63.0,64.2307692308,46.0,1.14358974359,124.0,13.9568226831,98.0
2016-10-17,0,0,20.0,25.0,1,65.0,67.6923076923,46.0,1.33432539683,101.0,16.1501827348,55.0
2016-10-18,1,0,20.0,25.0,1,63.0,67.3076923077,46.0,1.25249500998,101.0,16.3866015409,68.0
2016-10-19,2,0,20.0,24.0,0,63.0,67.9230769231,46.0,1.10196958364,101.0,16.2502617184,71.0
2016-10-20,3,0,20.0,23.0,0,63.0,68.2307692308,46.0,0.968063872255,101.0,16.2677304273,52.0
2016-10-21,4,0,0.0,21.0,0,63.0,65.6923076923,46.0,0.980241211188,101.0,16.0258666651,78.0
2016-10-22,5,1,19.0,23.0,0,65.0,66.4615384615,46.0,1.02368220015,101.0,16.3547940966,89.0
2016-10-23,6,1,18.0,23.0,1,65.0,69.0,46.0,1.08469539376,101.0,17.0790019525,87.0
2016-10-24,0,0,20.0,24.0,1,67.0,72.1538461538,46.0,1.2270531401,99.0,16.3087808055,57.0
2016-10-25,1,0,18.0,22.0,1,65.0,71.5384615385,46.0,1.12805616074,98.0,16.7130321542,46.0
2016-10-26,2,0,19.0,21.0,0,65.0,71.0769230769,46.0,0.929322572756,98.0,17.3181165189,57.0
2016-10-27,3,0,18.0,22.0,0,65.0,71.4615384615,46.0,0.788371520079,98.0,16.9415982563,63.0
2016-10-28,4,0,15.0,20.0,0,65.0,70.6923076923,46.0,0.831455046331,98.0,17.0807341555,83.0
2016-10-29,5,1,13.0,17.0,1,65.0,69.5384615385,46.0,1.0054482417,98.0,15.6432112807,75.0
2016-10-30,6,1,14.0,18.0,1,67.0,67.7692307692,46.0,1.07936507937,98.0,13.4744992552,84.0
2016-10-31,0,0,13.0,17.0,0,67.0,70.0,46.0,1.14991684486,98.0,13.5759969176,46.0
