time_stamp,dayofweek,holiday,lt,ht,sunny,m2M,w2A,m1L,d3w3,m1Lar,w2Std,pay_sum
2016-08-01,0,0,27.0,34.0,0,1.0,1.0,1.0,1.0,1.0,0.0,1.0
2016-08-02,1,0,27.0,34.0,0,1.0,1.0,1.0,1.0,1.0,0.0,1.0
2016-08-03,2,0,25.0,32.0,0,1.0,1.0,1.0,1.0,1.0,0.0,39.0
2016-08-04,3,0,25.0,32.0,0,1.0,3.92307692308,1.0,4.71264367816,39.0,10.1258354904,42.0
2016-08-05,4,0,26.0,34.0,1,1.0,7.07692307692,1.0,5.52188552189,42.0,14.2637870603,49.0
2016-08-06,5,1,27.0,33.0,0,1.0,10.7692307692,1.0,5.89569160998,49.0,17.9493040197,58.0
2016-08-07,6,1,26.0,32.0,0,1.0,15.1538461538,1.0,4.86928104575,58.0,21.6149739901,51.0
2016-08-08,0,0,26.0,33.0,0,1.0,19.0,1.0,4.1469816273,58.0,23.1483509963,42.0
2016-08-09,1,0,26.0,31.0,0,1.0,22.1538461538,1.0,3.41242937853,58.0,23.2737757799,73.0
2016-08-10,2,0,26.0,33.0,1,1.0,27.6923076923,1.0,3.01544050863,73.0,25.9893013947,55.0
2016-08-11,3,0,27.0,34.0,1,1.0,31.8461538462,1.0,2.69200316706,73.0,25.704971545,31.0
2016-08-12,4,0,27.0,34.0,1,1.0,34.1538461538,1.0,2.35033259424,73.0,24.1305620255,59.0
2016-08-13,5,1,26.0,33.0,1,1.0,38.6153846154,1.0,1.8991486575,73.0,22.9197209727,89.0
2016-08-14,6,1,26.0,33.0,1,1.0,45.3846153846,1.0,1.99888330542,89.0,23.7892621593,82.0
2016-08-15,0,0,26.0,34.0,1,1.0,51.6153846154,1.0,2.26155358899,89.0,21.8791733128,66.0
2016-08-16,1,0,27.0,35.0,1,1.0,56.6153846154,1.0,2.1265141319,89.0,16.5089181565,50.0
2016-08-17,2,0,27.0,35.0,1,1.0,57.4615384615,1.0,1.66666666667,89.0,15.8532471055,47.0
2016-08-18,3,0,27.0,35.0,1,1.0,57.8461538462,1.0,1.29673826571,89.0,15.5308435248,55.0
2016-08-19,4,0,27.0,35.0,1,1.0,58.3076923077,1.0,1.13602391629,89.0,15.3491899831,69.0
2016-08-20,5,1,27.0,37.0,1,1.0,59.1538461538,1.0,1.1875,89.0,15.6098891429,82.0
2016-08-21,6,1,26.0,34.0,1,1.0,61.5384615385,1.0,1.31924431636,89.0,16.5232488173,79.0
2016-08-22,0,0,26.0,35.0,1,1.0,64.3846153846,1.0,1.37027107536,89.0,16.0936607756,44.0
2016-08-23,1,0,25.0,34.0,1,1.0,62.1538461538,1.0,1.17613310384,89.0,16.7416852099,66.0
2016-08-24,2,0,25.0,34.0,1,1.0,63.0,1.0,1.05971404542,89.0,16.6363827429,41.0
2016-08-25,3,0,25.0,34.0,1,1.0,63.7692307692,1.0,0.847362514029,89.0,15.3179324079,62.0
2016-08-26,4,0,26.0,34.0,1,1.0,64.0,1.0,0.938107132945,89.0,15.2668570137,74.0
2016-08-27,5,1,23.0,31.0,1,1.0,62.8461538462,1.0,0.969597370583,89.0,13.8333273924,136.0
2016-08-28,6,1,22.0,30.0,1,1.0,67.0,1.0,1.39272913466,136.0,23.6122523606,105.0
2016-08-29,0,0,22.0,30.0,1,1.0,70.0,1.0,1.53846153846,136.0,25.6814809063,34.0
2016-08-30,1,0,19.0,32.0,1,1.0,68.7692307692,1.0,1.38260432378,136.0,26.9619499585,43.0
2016-08-31,2,0,23.0,33.0,1,1.0,68.4615384615,1.0,0.923389142567,136.0,27.2301173325,35.0
2016-09-01,3,0,23.0,32.0,1,1.0,66.9230769231,31.0,0.566514921598,136.0,28.4833596183,24.0
2016-09-02,4,0,23.0,33.0,1,24.0,63.4615384615,24.0,0.530007794232,136.0,30.6709970358,50.0
2016-09-03,5,1,22.0,32.0,1,31.0,61.0,24.0,0.584137191854,136.0,30.3669861223,81.0
2016-09-04,6,1,24.0,31.0,0,34.0,61.1538461538,24.0,0.83132207026,136.0,30.4627039404,82.0
2016-09-05,0,0,23.0,30.0,0,35.0,64.0769230769,24.0,1.12787926926,136.0,30.4995877361,23.0
2016-09-06,1,0,23.0,29.0,0,35.0,60.7692307692,23.0,1.00649350649,136.0,32.3850721693,53.0
2016-09-07,2,0,21.0,26.0,0,39.0,61.6923076923,23.0,0.850834679591,136.0,31.9768777409,45.0
2016-09-08,3,0,20.0,29.0,1,41.0,60.3846153846,23.0,0.656894679696,136.0,32.2836907182,40.0
2016-09-09,4,0,22.0,31.0,1,41.0,57.7692307692,23.0,0.767306088407,136.0,32.4515113934,44.0
2016-09-10,5,1,23.0,28.0,1,42.0,50.6923076923,23.0,0.740740740741,136.0,23.3843623468,70.0
2016-09-11,6,1,21.0,26.0,0,42.0,48.0,23.0,0.891203703704,136.0,18.4765964232,74.0
2016-09-12,0,0,21.0,26.0,0,43.0,51.0769230769,23.0,1.06034968979,136.0,19.2052137891,33.0
2016-09-13,1,0,22.0,26.0,0,43.0,50.3076923077,23.0,1.02697998259,136.0,19.7070257499,45.0
2016-09-14,2,0,22.0,26.0,0,44.0,51.0769230769,23.0,0.878866724487,136.0,19.2851538693,55.0
2016-09-15,3,1,24.0,26.0,0,44.0,53.4615384615,23.0,0.773705642816,136.0,17.6356953784,71.0
2016-09-16,4,1,24.0,29.0,0,45.0,55.0769230769,23.0,0.997375328084,136.0,18.197470401,82.0
2016-09-17,5,1,23.0,28.0,0,45.0,55.1538461538,23.0,1.27333945516,136.0,18.3086619006,82.0
2016-09-18,6,0,22.0,26.0,0,47.0,55.1538461538,23.0,1.46966854284,136.0,18.3086619006,38.0
2016-09-19,0,0,20.0,26.0,1,47.0,56.3076923077,23.0,1.25856697819,136.0,16.642783677,41.0
2016-09-20,1,0,19.0,26.0,1,47.0,55.3846153846,23.0,1.0049937578,136.0,17.126400949,44.0
2016-09-21,2,0,19.0,26.0,1,47.0,55.3076923077,23.0,0.761374187558,136.0,17.175047264,37.0
2016-09-22,3,0,18.0,27.0,1,47.0,55.0769230769,23.0,0.746177370031,136.0,17.3978846568,48.0
2016-09-23,4,0,21.0,28.0,1,48.0,55.3846153846,23.0,0.790441176471,136.0,17.233859613,50.0
2016-09-24,5,1,20.0,29.0,1,49.0,53.8461538462,23.0,0.85146641438,136.0,16.7462792829,75.0
2016-09-25,6,1,21.0,30.0,1,50.0,53.9230769231,23.0,1.09841269841,136.0,16.8407086388,77.0
2016-09-26,0,0,24.0,30.0,1,50.0,57.3076923077,23.0,1.21980676329,105.0,16.7165722259,46.0
2016-09-27,1,0,24.0,31.0,0,50.0,57.3846153846,23.0,1.2032816773,82.0,16.6619717253,50.0
2016-09-28,2,0,23.0,29.0,0,50.0,57.0,23.0,1.04658197217,82.0,16.7699364707,48.0
2016-09-29,3,0,23.0,27.0,0,50.0,55.2307692308,23.0,0.864864864865,82.0,16.4089743089,44.0
2016-09-30,4,0,25.0,31.0,0,50.0,52.3076923077,23.0,0.852852852853,82.0,14.6727618678,101.0
2016-10-01,5,1,24.0,32.0,1,50.0,53.7692307692,23.0,1.12766579024,101.0,18.1029272863,72.0
2016-10-02,6,1,23.0,32.0,1,51.0,56.3846153846,23.0,1.27011998829,101.0,18.0918105636,69.0
2016-10-03,0,1,22.0,27.0,0,53.0,58.5384615385,23.0,1.37304964539,101.0,17.7963496024,57.0
2016-10-04,1,1,22.0,26.0,0,55.0,59.5384615385,23.0,1.11204717776,101.0,17.3099143873,74.0
2016-10-05,2,1,22.0,26.0,1,55.0,62.3846153846,33.0,1.10558319514,101.0,16.3873237198,49.0
2016-10-06,3,1,23.0,27.0,0,55.0,62.4615384615,33.0,1.01351351351,101.0,16.3218371167,69.0
2016-10-07,4,1,21.0,26.0,0,55.0,63.9230769231,33.0,1.09308283518,101.0,15.9877912,56.0
2016-10-08,5,0,19.0,22.0,0,55.0,62.4615384615,33.0,1.01310043668,101.0,15.7754209239,38.0
2016-10-09,6,0,18.0,20.0,1,55.0,59.4615384615,33.0,0.949053857351,101.0,16.4205096174,24.0
2016-10-10,0,0,18.0,21.0,1,55.0,57.7692307692,24.0,0.697399527187,101.0,18.6965807082,22.0
2016-10-11,1,0,19.0,23.0,1,53.0,55.6153846154,22.0,0.506329113924,101.0,20.9451241307,30.0
2016-10-12,2,0,19.0,24.0,1,50.0,54.2307692308,22.0,0.461025174401,101.0,21.9725487691,32.0
2016-10-13,3,0,19.0,24.0,1,50.0,53.3076923077,22.0,0.517082179132,101.0,22.6253248694,18.0
2016-10-14,4,0,20.0,24.0,0,50.0,46.9230769231,18.0,0.507453219156,101.0,19.8007829622,48.0
2016-10-15,5,1,20.0,24.0,1,50.0,45.0769230769,18.0,0.638020833333,101.0,18.4493549542,56.0
2016-10-16,6,1,21.0,26.0,0,50.0,44.0769230769,18.0,0.810900631439,101.0,17.4508608492,39.0
2016-10-17,0,0,20.0,24.0,1,50.0,42.6923076923,18.0,0.957161981258,101.0,17.0807341555,30.0
2016-10-18,1,0,20.0,25.0,1,49.0,39.3076923077,18.0,0.853825136612,101.0,14.7407578105,31.0
2016-10-19,2,0,20.0,24.0,0,48.0,37.9230769231,18.0,0.69516857838,101.0,14.6101205095,35.0
2016-10-20,3,0,23.0,26.0,0,48.0,35.3076923077,18.0,0.673684210526,101.0,11.5317929448,37.0
2016-10-21,4,0,23.0,27.0,0,48.0,33.8461538462,18.0,0.775018811136,101.0,9.906067712,38.0
2016-10-22,5,1,21.0,25.0,0,48.0,33.8461538462,18.0,0.860719874804,101.0,9.906067712,53.0
2016-10-23,6,1,19.0,22.0,0,48.0,36.0769230769,18.0,1.02073365231,101.0,10.6731981975,49.0
2016-10-24,0,0,20.0,24.0,1,48.0,38.1538461538,18.0,1.12721417069,101.0,10.3540861785,25.0
2016-10-25,1,0,20.0,26.0,1,48.0,37.7692307692,18.0,1.08686350021,101.0,10.735661967,32.0
2016-10-26,2,0,22.0,28.0,0,46.0,37.7692307692,18.0,0.92738407699,101.0,10.735661967,28.0
2016-10-27,3,0,21.0,26.0,1,45.0,38.5384615385,18.0,0.78594544614,101.0,9.58857801774,33.0
2016-10-28,4,0,17.0,22.0,0,45.0,37.3846153846,18.0,0.888252148997,101.0,9.27808386666,33.0
2016-10-29,5,1,13.0,16.0,0,45.0,35.6153846154,18.0,0.904280904281,101.0,7.60099650895,50.0
2016-10-30,6,1,14.0,19.0,1,46.0,36.4615384615,18.0,1.07556791841,74.0,8.49085829326,57.0
2016-10-31,0,0,14.0,20.0,0,48.0,38.5384615385,18.0,1.23784261715,74.0,9.84975895539,31.0
