time_stamp,dayofweek,holiday,lt,ht,sunny,m2M,w2A,m1L,d3w3,m1Lar,w2Std,pay_sum
2016-08-01,0,0,27.0,37.0,1,81.0,102.230769231,59.0,1.27504553734,151.0,27.5657363857,86.0
2016-08-02,1,0,27.0,35.0,0,82.0,101.692307692,59.0,1.22798353909,151.0,27.8080912834,88.0
2016-08-03,2,0,26.0,32.0,0,82.0,101.153846154,59.0,1.01456390116,151.0,27.9995773425,88.0
2016-08-04,3,0,27.0,33.0,0,82.0,101.615384615,59.0,0.856629066536,151.0,27.7281818915,75.0
2016-08-05,4,0,26.0,33.0,0,82.0,99.9230769231,59.0,0.832090170728,151.0,28.6153846154,95.0
2016-08-06,5,1,26.0,34.0,0,86.0,97.2307692308,59.0,0.867372667675,151.0,27.27397702,140.0
2016-08-07,6,1,27.0,35.0,1,86.0,96.9230769231,59.0,1.04271779347,151.0,26.7623775489,139.0
2016-08-08,0,0,26.0,34.0,0,86.0,103.076923077,59.0,1.22222222222,151.0,26.5314371975,86.0
2016-08-09,1,0,26.0,30.0,0,86.0,103.384615385,59.0,1.19691752746,151.0,26.3074673855,169.0
2016-08-10,2,0,27.0,35.0,0,86.0,109.692307692,59.0,1.24663819016,169.0,31.029476347,114.0
2016-08-11,3,0,27.0,36.0,1,86.0,112.692307692,59.0,1.15007012623,169.0,29.3713220032,74.0
2016-08-12,4,0,27.0,36.0,1,86.0,110.846153846,59.0,1.1247637051,169.0,30.9487073269,108.0
2016-08-13,5,1,27.0,35.0,1,87.0,107.538461538,59.0,0.942375039796,169.0,28.6963288582,135.0
2016-08-14,6,1,28.0,35.0,1,87.0,107.461538462,59.0,1.0135891287,169.0,28.6211739388,157.0
2016-08-15,0,0,27.0,36.0,1,88.0,112.923076923,59.0,1.22156054359,169.0,30.7031983763,106.0
2016-08-16,1,0,26.0,36.0,1,88.0,114.307692308,59.0,1.20223531189,169.0,29.944524645,98.0
2016-08-17,2,0,28.0,37.0,1,88.0,115.076923077,59.0,1.08506161707,169.0,29.381997467,83.0
2016-08-18,3,0,28.0,37.0,1,88.0,115.692307692,59.0,0.859538784067,169.0,28.6098009441,105.0
2016-08-19,4,0,28.0,38.0,1,88.0,116.461538462,59.0,0.853858784893,169.0,28.1742254951,106.0
2016-08-20,5,1,27.0,37.0,0,93.0,113.846153846,59.0,0.895795246801,169.0,27.4362089606,164.0
2016-08-21,6,1,27.0,35.0,0,95.0,115.769230769,59.0,1.12815884477,169.0,29.8976558025,171.0
2016-08-22,0,0,27.0,36.0,1,95.0,122.307692308,59.0,1.2777053455,171.0,31.8998061614,131.0
2016-08-23,1,0,27.0,35.0,0,97.0,119.384615385,59.0,1.32536973834,171.0,29.1060090585,111.0
2016-08-24,2,0,27.0,35.0,1,97.0,119.153846154,74.0,1.16321644839,171.0,29.1596300331,101.0
2016-08-25,3,0,26.0,35.0,1,97.0,121.230769231,74.0,0.9555648419,171.0,26.7298560995,101.0
2016-08-26,4,0,25.0,34.0,0,97.0,120.692307692,74.0,0.869806863971,171.0,27.0594349119,132.0
2016-08-27,5,1,23.0,31.0,1,98.0,120.461538462,74.0,0.931270040429,171.0,26.9489985103,182.0
2016-08-28,6,1,21.0,31.0,1,98.0,122.384615385,74.0,1.13667488359,182.0,30.1854230269,154.0
2016-08-29,0,0,21.0,32.0,1,99.0,126.076923077,74.0,1.24700239808,182.0,30.8830586829,86.0
2016-08-30,1,0,21.0,32.0,1,99.0,125.153846154,74.0,1.16301501998,182.0,31.8719702122,103.0
2016-08-31,2,0,21.0,33.0,1,99.0,126.692307692,74.0,0.949612403101,182.0,30.2410434684,95.0
2016-09-01,3,0,23.0,33.0,0,98.0,125.923076923,74.0,0.779470289557,182.0,30.9029785432,123.0
2016-09-02,4,0,22.0,34.0,1,99.0,127.230769231,74.0,0.875613747954,182.0,30.3876337352,101.0
2016-09-03,5,1,23.0,35.0,1,101.0,122.384615385,74.0,0.882434301521,182.0,29.1350660031,123.0
2016-09-04,6,1,24.0,32.0,1,101.0,118.692307692,74.0,0.973625140292,182.0,25.5625465668,103.0
2016-09-05,0,0,24.0,30.0,0,101.0,116.538461538,74.0,0.918668352297,182.0,25.6143450933,129.0
2016-09-06,1,0,23.0,28.0,0,103.0,117.923076923,74.0,0.984470327232,182.0,25.7636044375,130.0
2016-09-07,2,0,21.0,27.0,0,103.0,120.153846154,74.0,0.984632122943,182.0,25.4553792225,146.0
2016-09-08,3,0,22.0,30.0,1,103.0,123.615384615,74.0,1.0834670947,182.0,25.674106865,121.0
2016-09-09,4,0,22.0,29.0,1,103.0,122.769230769,74.0,1.05571067677,182.0,25.5648612392,92.0
2016-09-10,5,1,22.0,28.0,0,103.0,115.846153846,83.0,0.98288843258,182.0,20.2136517229,132.0
2016-09-11,6,1,21.0,25.0,0,105.0,114.153846154,83.0,0.959933222037,182.0,17.7150355689,119.0
2016-09-12,0,0,21.0,27.0,1,106.0,116.692307692,83.0,0.959172259508,182.0,15.7547776167,84.0
2016-09-13,1,0,21.0,28.0,0,106.0,115.230769231,83.0,0.947532173667,182.0,17.7163715948,76.0
2016-09-14,2,0,21.0,25.0,0,105.0,113.769230769,76.0,0.797598627787,182.0,19.9659473418,141.0
2016-09-15,3,1,22.0,25.0,0,105.0,115.153846154,76.0,0.845980888139,182.0,21.1472717056,188.0
2016-09-16,4,1,23.0,27.0,0,106.0,121.846153846,76.0,1.11202635914,188.0,28.1994166711,203.0
2016-09-17,5,1,22.0,27.0,1,106.0,128.0,76.0,1.4482101538,203.0,35.5506139728,153.0
2016-09-18,6,0,22.0,26.0,0,108.0,131.846153846,76.0,1.48148148148,203.0,35.341947519,100.0
2016-09-19,0,0,20.0,27.0,1,108.0,129.615384615,76.0,1.23476848091,203.0,36.3519938328,86.0
2016-09-20,1,0,19.0,26.0,1,108.0,126.230769231,76.0,0.924335378323,203.0,38.1619098179,111.0
2016-09-21,2,0,19.0,26.0,1,108.0,123.538461538,76.0,0.80455099553,203.0,37.9059877239,106.0
2016-09-22,3,0,20.0,27.0,1,106.0,122.384615385,76.0,0.82651391162,203.0,38.1929080439,92.0
2016-09-23,4,0,20.0,29.0,1,106.0,122.384615385,76.0,0.845995893224,203.0,38.1929080439,111.0
2016-09-24,5,1,21.0,30.0,1,108.0,120.769230769,76.0,0.850185720182,203.0,38.1961613983,151.0
2016-09-25,6,1,21.0,30.0,1,111.0,123.230769231,76.0,0.955078915419,203.0,39.0249502954,166.0
2016-09-26,0,0,24.0,31.0,1,111.0,129.538461538,76.0,1.13769271664,203.0,38.8005063104,109.0
2016-09-27,1,0,23.0,28.0,0,111.0,132.076923077,76.0,1.14193807801,203.0,36.2076522691,101.0
2016-09-28,2,0,22.0,28.0,0,111.0,129.0,76.0,1.02648102648,203.0,37.0093543269,92.0
2016-09-29,3,0,22.0,25.0,0,109.0,121.615384615,76.0,0.834369388037,203.0,33.9514097624,120.0
2016-09-30,4,0,22.0,29.0,0,111.0,115.230769231,76.0,0.854840912194,203.0,24.5487077716,139.0
2016-10-01,5,1,23.0,30.0,0,111.0,114.153846154,76.0,0.955882352941,203.0,23.134543449,190.0
2016-10-02,6,1,22.0,30.0,1,111.0,121.076923077,76.0,1.18830223634,203.0,30.238695379,149.0
2016-10-03,0,1,21.0,27.0,0,114.0,125.923076923,76.0,1.23323013416,203.0,29.2613200671,177.0
2016-10-04,1,1,20.0,27.0,1,119.0,131.0,76.0,1.28119180633,203.0,31.8433666562,175.0
2016-10-05,2,1,21.0,27.0,1,119.0,136.307692308,76.0,1.22839279147,203.0,32.9647471735,172.0
2016-10-06,3,1,22.0,27.0,0,119.0,142.461538462,76.0,1.2923911703,203.0,31.5560926328,188.0
2016-10-07,4,1,20.0,23.0,0,120.0,148.384615385,76.0,1.32688492063,203.0,32.3122707379,151.0
2016-10-08,5,0,17.0,22.0,0,120.0,148.384615385,76.0,1.26830479027,203.0,32.3122707379,110.0
2016-10-09,6,0,16.0,22.0,1,120.0,144.076923077,76.0,1.11028684471,203.0,33.3915271115,122.0
2016-10-10,0,0,15.0,21.0,1,121.0,145.076923077,76.0,0.934602244998,203.0,32.5090792962,107.0
2016-10-11,1,0,17.0,23.0,1,121.0,145.538461538,76.0,0.828445747801,203.0,31.9172376495,100.0
2016-10-12,2,0,18.0,25.0,1,120.0,146.153846154,76.0,0.805780063679,203.0,30.9412499222,115.0
2016-10-13,3,0,18.0,23.0,1,119.0,145.769230769,86.0,0.782027929569,203.0,31.293041365,107.0
2016-10-14,4,0,19.0,22.0,0,119.0,143.307692308,86.0,0.783169159674,203.0,32.9437390232,122.0
2016-10-15,5,1,20.0,23.0,0,120.0,138.076923077,86.0,0.845624385447,203.0,30.416244492,205.0
2016-10-16,6,1,20.0,26.0,0,121.0,142.384615385,86.0,1.05173876166,205.0,35.2410129548,158.0
2016-10-17,0,0,20.0,24.0,0,122.0,140.923076923,86.0,1.15476190476,205.0,34.1522868667,128.0
2016-10-18,1,0,20.0,24.0,0,122.0,137.307692308,86.0,1.1578823252,205.0,32.8150636502,103.0
2016-10-19,2,0,20.0,24.0,0,122.0,132.0,92.0,0.913789053324,205.0,32.3514355882,116.0
2016-10-20,3,0,21.0,25.0,0,121.0,126.461538462,92.0,0.816278522701,205.0,28.1851444357,112.0
2016-10-21,4,0,21.0,25.0,0,120.0,123.461538462,92.0,0.786129913312,205.0,27.4803856893,148.0
2016-10-22,5,1,20.0,23.0,0,121.0,126.384615385,92.0,0.906570223026,205.0,27.9106774758,197.0
2016-10-23,6,1,17.0,23.0,0,122.0,132.153846154,92.0,1.08306671407,205.0,33.5830684305,209.0
2016-10-24,0,0,19.0,24.0,1,122.0,140.0,92.0,1.29818394845,209.0,38.3646471878,128.0
2016-10-25,1,0,19.0,23.0,1,122.0,142.153846154,92.0,1.27233738385,209.0,36.8131376086,117.0
2016-10-26,2,0,19.0,24.0,0,122.0,142.307692308,92.0,1.1034147527,209.0,36.7033526353,126.0
2016-10-27,3,0,18.0,24.0,0,122.0,143.769230769,92.0,0.922541340296,209.0,35.630915371,132.0
2016-10-28,4,0,15.0,19.0,0,122.0,144.538461538,100.0,0.939143501127,209.0,35.2586386242,149.0
2016-10-29,5,1,12.0,15.0,0,123.0,140.230769231,100.0,1.00456621005,209.0,30.7399861022,187.0
2016-10-30,6,1,14.0,18.0,1,123.0,142.461538462,100.0,1.12798264642,209.0,32.9232566494,187.0
2016-10-31,0,0,12.0,17.0,0,126.0,147.0,100.0,1.22511126728,209.0,34.6387955022,123.0
