time_stamp,dayofweek,holiday,lt,ht,sunny,m2M,w2A,m1L,d3w3,m1Lar,w2Std,pay_sum
2016-08-01,0,0,25.0,35.0,0,45.0,43.8461538462,29.0,1.23694779116,58.0,6.80323626436,36.0
2016-08-02,1,0,25.0,29.0,0,45.0,43.1538461538,29.0,1.06024096386,58.0,7.10196239236,36.0
2016-08-03,2,0,25.0,31.0,0,45.0,43.3846153846,29.0,0.926147704591,58.0,6.81105957575,39.0
2016-08-04,3,0,26.0,32.0,1,44.0,43.6153846154,29.0,0.88622754491,58.0,6.60464244113,53.0
2016-08-05,4,0,26.0,34.0,1,44.0,44.2307692308,29.0,1.00986193294,58.0,7.06185687233,50.0
2016-08-06,5,1,27.0,35.0,1,44.0,45.3076923077,29.0,1.1007751938,58.0,6.78669076927,44.0
2016-08-07,6,1,27.0,36.0,1,44.0,45.3846153846,29.0,1.12773302647,58.0,6.76573336224,49.0
2016-08-08,0,0,27.0,35.0,0,44.0,45.6153846154,30.0,1.08703914861,58.0,6.83360994293,34.0
2016-08-09,1,0,25.0,34.0,0,43.0,44.3846153846,30.0,0.977675134719,58.0,7.35410363244,55.0
2016-08-10,2,0,26.0,31.0,0,43.0,45.1538461538,31.0,1.03603603604,58.0,7.88226981997,39.0
2016-08-11,3,0,26.0,32.0,0,43.0,45.3076923077,31.0,0.95772540217,58.0,7.73985306345,49.0
2016-08-12,4,0,26.0,30.0,0,43.0,44.6153846154,33.0,1.06517690875,58.0,6.93417913215,49.0
2016-08-13,5,1,25.0,32.0,0,43.0,44.3846153846,33.0,1.00587371512,58.0,6.73153841759,35.0
2016-08-14,6,1,26.0,32.0,0,43.0,43.6923076923,33.0,0.985185185185,58.0,7.18314924919,46.0
2016-08-15,0,0,25.0,31.0,0,43.0,44.4615384615,33.0,0.962962962963,58.0,6.8457216804,47.0
2016-08-16,1,0,25.0,31.0,0,43.0,45.3076923077,33.0,0.951319212189,58.0,6.41374264175,42.0
2016-08-17,2,0,25.0,31.0,0,43.0,45.5384615385,33.0,1.0067114094,58.0,6.23409218134,45.0
2016-08-18,3,0,25.0,30.0,0,43.0,44.9230769231,33.0,0.990391722099,58.0,5.85020102826,40.0
2016-08-19,4,0,26.0,32.0,0,42.0,44.1538461538,34.0,0.957767722474,58.0,5.78919622222,44.0
2016-08-20,5,1,26.0,34.0,1,42.0,44.1538461538,34.0,0.981735159817,58.0,5.78919622222,44.0
2016-08-21,6,1,27.0,35.0,0,42.0,43.7692307692,34.0,0.974124809741,58.0,5.6180183497,43.0
2016-08-22,0,0,27.0,35.0,1,42.0,44.4615384615,34.0,0.989052472631,58.0,4.87718999512,48.0
2016-08-23,1,0,27.0,35.0,1,42.0,43.9230769231,34.0,1.00558659218,58.0,3.98963153227,59.0
2016-08-24,2,0,28.0,36.0,1,42.0,45.4615384615,34.0,1.09289617486,59.0,5.40107374817,41.0
2016-08-25,3,0,27.0,36.0,1,42.0,44.8461538462,34.0,1.09265411591,59.0,5.41857423549,44.0
2016-08-26,4,0,25.0,35.0,0,42.0,44.4615384615,34.0,1.07023411371,59.0,5.28590847465,51.0
2016-08-27,5,1,24.0,32.0,0,42.0,45.6923076923,34.0,1.00294985251,59.0,4.77790773947,41.0
2016-08-28,6,1,26.0,33.0,1,41.0,45.3076923077,34.0,1.0119047619,59.0,4.93628037143,51.0
2016-08-29,0,0,26.0,33.0,1,41.0,45.6153846154,34.0,1.04417670683,59.0,5.15212370758,43.0
2016-08-30,1,0,25.0,32.0,1,42.0,45.6923076923,34.0,0.998890122087,59.0,5.10481846863,42.0
2016-08-31,2,0,25.0,33.0,0,42.0,45.4615384615,34.0,1.00294985251,59.0,5.19786027893,56.0
2016-09-01,3,0,25.0,32.0,0,43.0,46.6923076923,34.0,1.03183315038,59.0,5.63484509902,69.0
2016-09-02,4,0,25.0,31.0,0,43.0,48.6153846154,34.0,1.19584675976,69.0,8.1101879096,66.0
2016-09-03,5,1,25.0,31.0,0,43.0,50.3076923077,34.0,1.32363132363,69.0,9.19351456513,58.0
2016-09-04,6,1,26.0,31.0,0,43.0,51.4615384615,34.0,1.32101300479,69.0,9.14511542271,46.0
2016-09-05,0,0,26.0,32.0,0,44.0,51.3076923077,34.0,1.16478245975,69.0,9.21858169789,69.0
2016-09-06,1,0,26.0,33.0,0,44.0,52.0769230769,34.0,1.15333333333,69.0,10.1939766413,63.0
2016-09-07,2,0,25.0,31.0,0,44.0,53.7692307692,35.0,1.1656843484,69.0,10.0395666942,69.0
2016-09-08,3,0,26.0,32.0,0,44.0,55.6923076923,35.0,1.27984718243,69.0,10.372927896,55.0
2016-09-09,4,0,26.0,32.0,0,44.0,56.0,35.0,1.17832388154,69.0,10.2881559983,51.0
2016-09-10,5,1,25.0,30.0,0,45.0,56.7692307692,35.0,1.09546165884,69.0,9.47996954031,55.0
2016-09-11,6,1,25.0,30.0,0,45.0,57.0769230769,35.0,0.996595481275,69.0,9.35177102488,64.0
2016-09-12,0,0,24.0,33.0,1,45.0,58.6923076923,40.0,1.03690149436,69.0,8.56095443443,58.0
2016-09-13,1,0,26.0,35.0,1,45.0,59.9230769231,40.0,1.08058608059,69.0,7.09779530734,58.0
2016-09-14,2,0,26.0,35.0,1,46.0,60.0769230769,40.0,1.08205590622,69.0,7.03246907578,77.0
2016-09-15,3,1,25.0,34.0,1,46.0,60.6923076923,40.0,1.12667834209,77.0,8.06115677311,65.0
2016-09-16,4,1,25.0,34.0,1,46.0,60.6153846154,40.0,1.15340253749,77.0,8.01477924777,47.0
2016-09-17,5,1,25.0,34.0,1,47.0,59.7692307692,41.0,1.0843373494,77.0,8.78945037359,58.0
2016-09-18,6,0,25.0,33.0,1,47.0,60.6923076923,41.0,0.969489592244,77.0,7.87776437815,71.0
2016-09-19,0,0,23.0,32.0,1,48.0,60.8461538462,41.0,0.980228348649,77.0,8.05601689944,58.0
2016-09-20,1,0,24.0,31.0,1,49.0,60.4615384615,41.0,1.02775487771,77.0,8.06335857316,60.0
2016-09-21,2,0,24.0,31.0,1,49.0,59.7692307692,41.0,1.03533278554,77.0,7.67767839663,53.0
2016-09-22,3,0,24.0,32.0,1,49.0,59.6153846154,41.0,0.949208992506,77.0,7.7909065488,73.0
2016-09-23,4,0,25.0,32.0,1,50.0,61.3076923077,41.0,1.02649006623,77.0,8.11820949741,49.0
2016-09-24,5,1,25.0,32.0,1,49.0,60.8461538462,41.0,0.973033083125,77.0,8.61881799719,56.0
2016-09-25,6,1,26.0,33.0,1,50.0,60.2307692308,41.0,0.98152743314,77.0,8.65717884545,51.0
2016-09-26,0,0,26.0,34.0,1,51.0,59.6923076923,42.0,0.873215785055,77.0,8.99046174381,66.0
2016-09-27,1,0,27.0,35.0,1,51.0,60.3076923077,42.0,0.965940815187,77.0,9.1263322769,74.0
2016-09-28,2,0,28.0,34.0,1,51.0,60.0769230769,42.0,1.06199610787,77.0,8.73068451331,64.0
2016-09-29,3,0,21.0,28.0,0,51.0,60.0,46.0,1.12582781457,77.0,8.69128652953,60.0
2016-09-30,4,0,20.0,26.0,0,51.0,61.0,46.0,1.08463434675,77.0,7.84464540553,73.0
2016-10-01,5,1,20.0,28.0,0,51.0,62.1538461538,46.0,1.06342780027,77.0,8.40188764364,79.0
2016-10-02,6,1,23.0,31.0,1,53.0,62.7692307692,46.0,1.13066666667,79.0,9.2748945352,56.0
2016-10-03,0,1,24.0,33.0,1,53.0,62.6153846154,46.0,1.11111111111,79.0,9.36883919859,61.0
2016-10-04,1,1,24.0,32.0,1,55.0,62.6923076923,47.0,1.04449773515,79.0,9.35113827201,66.0
2016-10-05,2,1,23.0,33.0,1,55.0,63.6923076923,47.0,0.983870967742,79.0,8.94757909144,68.0
2016-10-06,3,1,25.0,32.0,1,55.0,63.3076923077,47.0,1.04585679807,79.0,8.64144410461,78.0
2016-10-07,4,1,25.0,31.0,1,56.0,65.5384615385,47.0,1.10936682365,79.0,8.39977458137,63.0
2016-10-08,5,0,24.0,31.0,0,56.0,66.0769230769,47.0,1.08939275476,79.0,7.98519339838,93.0
2016-10-09,6,0,22.0,30.0,1,56.0,69.3076923077,47.0,1.19907763259,93.0,9.57066524,51.0
2016-10-10,0,0,22.0,30.0,1,56.0,68.1538461538,47.0,1.06646058733,93.0,10.7334570662,57.0
2016-10-11,1,0,21.0,28.0,0,57.0,66.8461538462,47.0,1.03795507359,93.0,10.9744188831,57.0
2016-10-12,2,0,20.0,25.0,0,57.0,66.3076923077,47.0,0.849420849421,93.0,11.2686400475,83.0
2016-10-13,3,0,22.0,28.0,1,58.0,68.0769230769,47.0,1.00638569604,93.0,11.9258061393,60.0
2016-10-14,4,0,20.0,30.0,1,58.0,67.0769230769,47.0,1.01317122594,93.0,12.0157687322,69.0
2016-10-15,5,1,21.0,31.0,1,58.0,66.3076923077,47.0,1.06345623276,93.0,11.5384615385,59.0
2016-10-16,6,1,24.0,32.0,1,58.0,66.5384615385,49.0,0.937422089255,93.0,11.35859813,72.0
2016-10-17,0,0,23.0,32.0,1,58.0,67.3846153846,49.0,0.992802184165,93.0,11.3241638274,61.0
2016-10-18,1,0,23.0,26.0,0,59.0,67.0,49.0,0.962406015038,93.0,11.4488830493,72.0
2016-10-19,2,0,23.0,27.0,0,59.0,67.3076923077,49.0,1.02142501246,93.0,11.5251204925,50.0
2016-10-20,3,0,24.0,31.0,1,59.0,65.1538461538,49.0,0.918674698795,93.0,11.9347337558,66.0
2016-10-21,4,0,24.0,27.0,0,60.0,65.3846153846,49.0,0.948776179662,93.0,11.9198506801,59.0
2016-10-22,5,1,24.0,30.0,1,60.0,62.7692307692,49.0,0.896746092749,93.0,8.9283803868,75.0
2016-10-23,6,1,24.0,31.0,1,60.0,64.6153846154,50.0,1.0101010101,93.0,8.78406302992,61.0
2016-10-24,0,0,24.0,30.0,1,60.0,64.9230769231,50.0,0.984848484848,93.0,8.57959599606,53.0
2016-10-25,1,0,24.0,31.0,1,60.0,64.6153846154,50.0,0.964039785769,93.0,8.92307692308,64.0
2016-10-26,2,0,25.0,32.0,1,61.0,63.1538461538,50.0,0.910718853927,93.0,7.17738064334,61.0
2016-10-27,3,0,24.0,33.0,1,61.0,63.2307692308,50.0,0.922757905651,93.0,7.14846778799,58.0
2016-10-28,4,0,22.0,33.0,1,61.0,62.3846153846,50.0,0.952380952381,93.0,7.06604515149,71.0
2016-10-29,5,1,20.0,29.0,1,61.0,63.3076923077,50.0,1.00608948901,93.0,7.34202461476,61.0
2016-10-30,6,1,19.0,28.0,1,61.0,62.4615384615,50.0,0.998161281849,93.0,6.9128129042,66.0
2016-10-31,0,0,19.0,27.0,1,61.0,62.8461538462,50.0,1.03286384977,93.0,6.95973202232,64.0
