time_stamp,dayofweek,holiday,lt,ht,sunny,m2M,w2A,m1L,d3w3,m1Lar,w2Std,pay_sum
2016-08-01,0,0,25.0,35.0,0,45.0,43.2307692308,24.0,1.09236947791,54.0,8.45034224299,135.0
2016-08-02,1,0,25.0,29.0,0,45.0,50.6153846154,24.0,1.69540229885,135.0,25.7548754504,146.0
2016-08-03,2,0,25.0,31.0,0,45.0,58.3076923077,24.0,2.08888888889,146.0,36.0883203254,239.0
2016-08-04,3,0,26.0,32.0,1,45.0,74.1538461538,24.0,2.77555377635,239.0,59.2749086284,358.0
2016-08-05,4,0,26.0,34.0,1,45.0,97.6153846154,24.0,3.17725037417,358.0,95.5313387658,459.0
2016-08-06,5,1,27.0,35.0,1,45.0,129.076923077,24.0,3.55017650025,459.0,134.194154142,75.0
2016-08-07,6,1,27.0,36.0,1,45.0,130.923076923,24.0,2.95854063018,459.0,133.269225219,66.0
2016-08-08,0,0,27.0,35.0,0,45.0,133.461538462,24.0,1.96078431373,459.0,131.684714015,338.0
2016-08-09,1,0,25.0,34.0,0,45.0,156.846153846,24.0,1.36525580733,459.0,138.748719276,246.0
2016-08-10,2,0,26.0,31.0,0,46.0,171.615384615,24.0,1.70670867796,459.0,137.225551815,191.0
2016-08-11,3,0,26.0,32.0,0,46.0,183.769230769,24.0,1.91570881226,459.0,131.278420423,115.0
2016-08-12,4,0,26.0,30.0,0,46.0,189.923076923,33.0,1.33381660022,459.0,125.926389694,95.0
2016-08-13,5,1,25.0,32.0,0,47.0,193.153846154,33.0,0.953399904898,459.0,122.873822808,71.0
2016-08-14,6,1,26.0,32.0,0,48.0,194.923076923,33.0,0.663361661945,459.0,120.921119577,59.0
2016-08-15,0,0,25.0,31.0,0,48.0,189.076923077,33.0,0.526315789474,459.0,125.430005942,159.0
2016-08-16,1,0,25.0,31.0,0,48.0,190.076923077,33.0,0.647619047619,459.0,125.134058291,160.0
2016-08-17,2,0,25.0,31.0,0,48.0,184.0,33.0,0.817916260954,459.0,124.527414343,193.0
2016-08-18,3,0,25.0,30.0,0,48.0,171.307692308,33.0,1.05317288903,459.0,114.119629954,218.0
2016-08-19,4,0,26.0,32.0,0,48.0,152.769230769,33.0,1.11176012461,459.0,80.5024164436,242.0
2016-08-20,5,1,26.0,34.0,1,48.0,165.615384615,33.0,1.20490820186,459.0,80.3918657017,63.0
2016-08-21,6,1,27.0,35.0,0,48.0,165.384615385,33.0,0.961043733921,459.0,80.6812707859,74.0
2016-08-22,0,0,27.0,35.0,1,48.0,145.076923077,33.0,0.708345014485,459.0,66.6892466692,222.0
2016-08-23,1,0,27.0,35.0,1,50.0,143.230769231,33.0,0.656967700613,459.0,64.1538461538,185.0
2016-08-24,2,0,28.0,36.0,1,51.0,142.769230769,33.0,0.893470790378,459.0,63.8292841476,248.0
2016-08-25,3,0,27.0,36.0,1,53.0,153.0,33.0,1.2551499473,459.0,69.0072459963,236.0
2016-08-26,4,0,25.0,35.0,0,53.0,163.846153846,33.0,1.36977886978,459.0,70.110732366,231.0
2016-08-27,5,1,24.0,32.0,0,53.0,176.153846154,35.0,1.39703008988,459.0,66.6919971601,118.0
2016-08-28,6,1,26.0,33.0,1,54.0,180.692307692,48.0,1.12586605081,459.0,60.2627383475,107.0
2016-08-29,0,0,26.0,33.0,1,54.0,176.692307692,48.0,0.940303124033,459.0,63.2229079897,180.0
2016-08-30,1,0,25.0,32.0,1,54.0,178.230769231,59.0,0.852541837701,459.0,63.0410779952,149.0
2016-08-31,2,0,25.0,33.0,0,59.0,174.846153846,59.0,0.930133333333,459.0,63.3377347168,167.0
2016-09-01,3,0,25.0,32.0,0,63.0,170.923076923,59.0,1.04081418529,459.0,62.1108952891,137.0
2016-09-02,4,0,25.0,31.0,0,66.0,162.846153846,59.0,0.938179558869,459.0,59.0968516067,175.0
2016-09-03,5,1,25.0,31.0,0,71.0,171.461538462,59.0,0.960979035009,459.0,51.6014540413,128.0
2016-09-04,6,1,26.0,31.0,0,74.0,175.615384615,59.0,0.864779874214,338.0,45.3881354567,134.0
2016-09-05,0,0,26.0,32.0,0,75.0,168.846153846,59.0,0.865260865261,338.0,44.519392756,97.0
2016-09-06,1,0,26.0,33.0,0,95.0,162.076923077,59.0,0.724374495561,338.0,48.0951965272,97.0
2016-09-07,2,0,25.0,31.0,0,97.0,150.461538462,59.0,0.681629260183,248.0,44.0010758341,78.0
2016-09-08,3,0,26.0,32.0,0,97.0,138.307692308,59.0,0.591047370708,248.0,40.3663695046,83.0
2016-09-09,4,0,26.0,32.0,0,97.0,126.923076923,59.0,0.59126847714,248.0,32.7753695947,135.0
2016-09-10,5,1,25.0,30.0,0,97.0,128.230769231,59.0,0.661970256066,248.0,32.7323736387,91.0
2016-09-11,6,1,25.0,30.0,0,97.0,127.0,59.0,0.687124749833,248.0,33.7912141517,65.0
2016-09-12,0,0,24.0,33.0,1,97.0,118.153846154,59.0,0.682858148539,248.0,33.8113457377,73.0
2016-09-13,1,0,26.0,35.0,1,97.0,112.307692308,63.0,0.559423476243,248.0,34.5351206196,64.0
2016-09-14,2,0,26.0,35.0,1,97.0,104.384615385,63.0,0.52914210871,248.0,32.8529086911,102.0
2016-09-15,3,1,25.0,34.0,1,102.0,101.692307692,63.0,0.660859947463,248.0,31.4749830216,106.0
2016-09-16,4,1,25.0,34.0,1,106.0,96.3846153846,63.0,0.793234179061,248.0,23.4636821215,120.0
2016-09-17,5,1,25.0,34.0,1,107.0,95.7692307692,63.0,0.955710955711,248.0,22.7195403737,103.0
2016-09-18,6,0,25.0,33.0,1,107.0,93.3846153846,63.0,0.960303561004,248.0,20.0520033971,76.0
2016-09-19,0,0,23.0,32.0,1,107.0,91.7692307692,64.0,0.914373088685,248.0,20.5357243927,65.0
2016-09-20,1,0,24.0,31.0,1,107.0,89.3076923077,64.0,0.776081424936,248.0,21.6488927249,70.0
2016-09-21,2,0,24.0,31.0,1,107.0,88.6923076923,64.0,0.703685175921,248.0,22.0711597945,59.0
2016-09-22,3,0,24.0,32.0,1,107.0,86.8461538462,59.0,0.673260454624,248.0,23.4318854222,66.0
2016-09-23,4,0,25.0,32.0,1,107.0,81.5384615385,59.0,0.717439293598,236.0,19.3891935986,99.0
2016-09-24,5,1,25.0,32.0,1,107.0,82.1538461538,59.0,0.837539727052,231.0,19.802277079,101.0
2016-09-25,6,1,26.0,33.0,1,107.0,84.9230769231,59.0,1.01333333333,180.0,19.7268327157,103.0
2016-09-26,0,0,26.0,34.0,1,107.0,87.2307692308,59.0,1.15034168565,180.0,19.9505305353,69.0
2016-09-27,1,0,27.0,35.0,1,107.0,87.6153846154,59.0,1.05324074074,180.0,19.5430037119,51.0
2016-09-28,2,0,28.0,34.0,1,107.0,83.6923076923,51.0,0.873995688811,175.0,21.3014431269,63.0
2016-09-29,3,0,21.0,28.0,0,107.0,80.3846153846,51.0,0.725758477097,175.0,20.9157226894,51.0
2016-09-30,4,0,20.0,26.0,0,106.0,75.0769230769,51.0,0.688791484033,175.0,18.8412866556,66.0
2016-10-01,5,1,20.0,28.0,0,103.0,72.2307692308,51.0,0.763358778626,175.0,17.1246733653,62.0
2016-10-02,6,1,23.0,31.0,1,103.0,71.1538461538,51.0,0.760569364776,135.0,17.2931562891,68.0
2016-10-03,0,1,24.0,33.0,1,102.0,71.3846153846,51.0,0.835464620631,135.0,17.2293955496,78.0
2016-10-04,1,1,24.0,32.0,1,101.0,72.0,51.0,0.878749471905,135.0,17.3116234852,55.0
2016-10-05,2,1,23.0,33.0,1,101.0,71.6923076923,51.0,0.875244937949,135.0,17.5735142293,55.0
2016-10-06,3,1,25.0,32.0,1,101.0,70.8461538462,51.0,0.846846846847,135.0,18.0846137487,73.0
2016-10-07,4,1,25.0,31.0,1,99.0,68.8461538462,51.0,0.851360781577,135.0,16.1999342536,55.0
2016-10-08,5,0,24.0,31.0,0,97.0,65.3076923077,51.0,0.880866425993,135.0,13.6064725287,75.0
2016-10-09,6,0,22.0,30.0,1,97.0,63.1538461538,51.0,0.977842003854,120.0,8.85651567054,76.0
2016-10-10,0,0,22.0,30.0,1,95.0,63.6923076923,51.0,0.984468339307,120.0,9.39217854129,53.0
2016-10-11,1,0,21.0,28.0,0,91.0,63.8461538462,51.0,0.986937590711,120.0,9.19737549393,59.0
2016-10-12,2,0,20.0,25.0,0,91.0,63.5384615385,51.0,0.909530720851,120.0,9.28700816787,51.0
2016-10-13,3,0,22.0,28.0,1,91.0,63.5384615385,51.0,0.797260943996,120.0,9.28700816787,63.0
2016-10-14,4,0,20.0,30.0,1,83.0,63.3076923077,51.0,0.869128359709,120.0,9.26020946253,68.0
2016-10-15,5,1,21.0,31.0,1,78.0,63.7692307692,51.0,0.937660999485,120.0,9.33276977729,76.0
2016-10-16,6,1,24.0,32.0,1,78.0,64.3846153846,51.0,1.08918705604,103.0,9.84134497952,78.0
2016-10-17,0,0,23.0,32.0,1,78.0,64.3846153846,51.0,1.15987460815,103.0,9.84134497952,57.0
2016-10-18,1,0,23.0,26.0,0,76.0,64.5384615385,51.0,1.09724388976,103.0,9.70816773187,46.0
2016-10-19,2,0,23.0,27.0,0,76.0,63.8461538462,46.0,0.953886693017,103.0,10.639882546,39.0
2016-10-20,3,0,24.0,31.0,1,76.0,61.2307692308,39.0,0.755520085129,103.0,12.1411813274,60.0
2016-10-21,4,0,24.0,27.0,0,76.0,61.6153846154,39.0,0.77519379845,103.0,12.0162611716,52.0
2016-10-22,5,1,24.0,30.0,1,76.0,59.8461538462,39.0,0.813796820264,103.0,11.6013669874,102.0
2016-10-23,6,1,24.0,31.0,1,76.0,61.8461538462,39.0,1.12247574089,103.0,15.7228210125,95.0
2016-10-24,0,0,24.0,30.0,1,76.0,65.0769230769,39.0,1.28881987578,103.0,17.7567388658,68.0
2016-10-25,1,0,24.0,31.0,1,75.0,65.7692307692,39.0,1.35792979759,102.0,17.6816021122,45.0
2016-10-26,2,0,25.0,32.0,1,73.0,65.3076923077,39.0,1.07410276272,102.0,18.1336262884,67.0
2016-10-27,3,0,24.0,33.0,1,73.0,65.6153846154,39.0,0.933852140078,102.0,18.1257931881,73.0
2016-10-28,4,0,22.0,33.0,1,73.0,66.0,39.0,0.946533640317,102.0,18.2250883716,85.0
2016-10-29,5,1,20.0,29.0,1,73.0,66.6923076923,39.0,1.1424219345,102.0,18.7550387707,102.0
2016-10-30,6,1,19.0,28.0,1,73.0,68.5384615385,39.0,1.29449838188,102.0,20.8423215325,92.0
2016-10-31,0,0,19.0,27.0,1,73.0,71.2307692308,39.0,1.34978229318,102.0,21.4302225343,48.0
