time_stamp,dayofweek,holiday,lt,ht,sunny,m2M,w2A,m1L,d3w3,m1Lar,w2Std,pay_sum
2016-08-01,0,0,24.0,30.0,0,129.0,115.538461538,88.0,1.02798559158,226.0,17.5963955427,95.0
2016-08-02,1,0,23.0,31.0,1,129.0,114.307692308,88.0,0.939445387663,226.0,18.4114705692,106.0
2016-08-03,2,0,23.0,31.0,1,128.0,114.384615385,88.0,0.922378317014,226.0,18.3744741904,83.0
2016-08-04,3,0,24.0,31.0,0,128.0,114.0,83.0,0.823188405797,226.0,18.9655558234,100.0
2016-08-05,4,0,24.0,33.0,0,128.0,110.076923077,83.0,0.855535820012,226.0,15.9396049486,120.0
2016-08-06,5,1,24.0,30.0,0,127.0,109.0,83.0,0.903803131991,226.0,14.7126319352,103.0
2016-08-07,6,1,23.0,28.0,0,127.0,106.846153846,83.0,0.973038108149,189.0,13.3176929964,122.0
2016-08-08,0,0,24.0,29.0,0,126.0,107.538461538,83.0,1.03092783505,189.0,13.8431620699,75.0
2016-08-09,1,0,24.0,32.0,1,125.0,106.153846154,75.0,0.911161731207,151.0,15.9655694632,107.0
2016-08-10,2,0,26.0,34.0,1,124.0,106.230769231,75.0,0.922470034896,151.0,15.9670518745,118.0
2016-08-11,3,0,27.0,35.0,1,122.0,107.692307692,75.0,0.898069151325,151.0,16.1072588289,127.0
2016-08-12,4,0,26.0,35.0,1,124.0,107.153846154,75.0,1.06521410198,151.0,15.3163871711,148.0
2016-08-13,5,1,26.0,34.0,1,125.0,109.846153846,75.0,1.18177717636,151.0,18.7897113985,134.0
2016-08-14,6,1,24.0,33.0,0,126.0,110.615384615,75.0,1.22822822823,151.0,19.5430037119,147.0
2016-08-15,0,0,24.0,29.0,0,127.0,114.615384615,75.0,1.26885536823,151.0,21.189759724,105.0
2016-08-16,1,0,23.0,27.0,0,126.0,114.538461538,75.0,1.13562812592,151.0,21.2226851945,116.0
2016-08-17,2,0,23.0,27.0,0,125.0,117.076923077,75.0,1.07791446983,151.0,19.1731444332,128.0
2016-08-18,3,0,26.0,32.0,1,125.0,119.230769231,75.0,1.00939985539,151.0,18.7006945414,119.0
2016-08-19,4,0,24.0,29.0,0,125.0,119.153846154,75.0,1.05676855895,151.0,18.699428843,146.0
2016-08-20,5,1,22.0,28.0,0,125.0,122.461538462,75.0,1.12785191563,151.0,19.3415272033,128.0
2016-08-21,6,1,22.0,30.0,1,125.0,122.923076923,75.0,1.12591319295,148.0,19.3965164932,117.0
2016-08-22,0,0,22.0,32.0,1,124.0,126.153846154,75.0,1.10969206755,148.0,13.849999466,97.0
2016-08-23,1,0,24.0,32.0,1,122.0,125.384615385,75.0,0.974358974359,148.0,15.1125951625,109.0
2016-08-24,2,0,26.0,33.0,1,120.0,124.692307692,75.0,0.9101155255,148.0,15.6322379685,105.0
2016-08-25,3,0,19.0,26.0,0,119.0,123.0,75.0,0.874455222831,148.0,16.4597410953,104.0
2016-08-26,4,0,17.0,26.0,1,119.0,119.615384615,75.0,0.900212314225,148.0,15.4647910854,149.0
2016-08-27,5,1,17.0,28.0,1,120.0,120.769230769,75.0,0.994030265167,149.0,16.9803227574,165.0
2016-08-28,6,1,17.0,28.0,1,122.0,122.153846154,75.0,1.14020731042,165.0,19.5953140154,138.0
2016-08-29,0,0,18.0,29.0,1,122.0,124.692307692,75.0,1.20196782343,165.0,19.3445862647,89.0
2016-08-30,1,0,20.0,30.0,1,120.0,122.615384615,75.0,1.04995312709,165.0,21.4961122121,91.0
2016-08-31,2,0,20.0,32.0,1,119.0,119.769230769,75.0,0.861088545898,165.0,22.9921519927,30.0
2016-09-01,3,0,19.0,30.0,1,118.0,112.923076923,30.0,0.591966173362,165.0,33.1905026695,99.0
2016-09-02,4,0,19.0,30.0,1,118.0,109.307692308,30.0,0.633275762809,165.0,31.9263205025,127.0
2016-09-03,5,1,22.0,32.0,1,118.0,109.230769231,30.0,0.739136711419,165.0,31.8823651428,148.0
2016-09-04,6,1,22.0,30.0,1,118.0,111.615384615,30.0,1.07936507937,165.0,33.4929119058,115.0
2016-09-05,0,0,22.0,31.0,1,117.0,113.0,30.0,1.12068965517,165.0,33.2311253542,102.0
2016-09-06,1,0,19.0,31.0,1,116.0,112.461538462,30.0,1.05521827118,165.0,33.3480835215,102.0
2016-09-07,2,0,19.0,26.0,1,115.0,112.230769231,30.0,0.932748538012,165.0,33.4092429545,78.0
2016-09-08,3,0,20.0,32.0,1,113.0,110.230769231,30.0,0.839660562751,165.0,34.5991414881,103.0
2016-09-09,4,0,22.0,32.0,1,113.0,106.692307692,30.0,0.859137826351,165.0,32.7564077475,120.0
2016-09-10,5,1,19.0,29.0,1,113.0,103.230769231,30.0,0.917123705058,165.0,28.514918757,126.0
2016-09-11,6,1,19.0,30.0,1,115.0,102.307692308,30.0,1.05901987559,165.0,27.5524244791,116.0
2016-09-12,0,0,19.0,28.0,1,115.0,104.384615385,30.0,1.08904933815,165.0,27.4885667465,92.0
2016-09-13,1,0,19.0,28.0,0,113.0,104.461538462,30.0,1.01258147643,165.0,27.452379425,102.0
2016-09-14,2,0,20.0,30.0,1,113.0,110.0,30.0,0.941105039466,165.0,17.2314560303,247.0
2016-09-15,3,1,20.0,31.0,1,113.0,121.384615385,30.0,1.25694741342,247.0,40.0221831979,235.0
2016-09-16,4,1,19.0,31.0,1,113.0,129.692307692,30.0,1.60549828179,247.0,50.2323594989,155.0
2016-09-17,5,1,18.0,29.0,1,115.0,130.230769231,30.0,1.75845410628,247.0,50.4627110558,223.0
2016-09-18,6,0,17.0,26.0,1,116.0,138.538461538,30.0,1.63466666667,247.0,55.8715771757,127.0
2016-09-19,0,0,15.0,25.0,1,116.0,140.461538462,30.0,1.32650380877,247.0,55.0043570087,72.0
2016-09-20,1,0,14.0,26.0,1,116.0,138.153846154,30.0,1.11684530899,247.0,57.1567966937,76.0
2016-09-21,2,0,17.0,27.0,1,115.0,138.0,30.0,0.714749837557,247.0,57.3209587123,86.0
2016-09-22,3,0,21.0,29.0,1,113.0,136.692307692,30.0,0.611285266458,247.0,58.2902348536,61.0
2016-09-23,4,0,22.0,30.0,1,113.0,132.153846154,30.0,0.598015553768,247.0,61.6152405645,125.0
2016-09-24,5,1,21.0,30.0,1,115.0,132.076923077,30.0,0.736229530383,247.0,61.6234989375,113.0
2016-09-25,6,1,21.0,29.0,1,115.0,131.846153846,30.0,0.809968847352,247.0,61.6888546895,112.0
2016-09-26,0,0,20.0,29.0,1,115.0,133.384615385,30.0,0.944287063267,247.0,60.9205516182,104.0
2016-09-27,1,0,16.0,26.0,0,113.0,133.538461538,30.0,0.886911982747,247.0,60.8435767226,87.0
2016-09-28,2,0,11.0,22.0,1,113.0,121.230769231,30.0,0.813859790492,247.0,52.2187025826,58.0
2016-09-29,3,0,13.0,24.0,1,112.0,107.615384615,30.0,0.681165367255,247.0,43.0501290296,167.0
2016-09-30,4,0,15.0,26.0,1,113.0,108.538461538,58.0,0.837359098229,247.0,44.1703265947,306.0
2016-10-01,5,1,19.0,28.0,1,115.0,114.923076923,58.0,1.32882882883,306.0,62.4640961962,408.0
2016-10-02,6,1,19.0,28.0,1,116.0,136.538461538,58.0,1.98691926026,408.0,100.152664533,265.0
2016-10-03,0,1,21.0,31.0,1,116.0,151.384615385,58.0,2.08586342815,408.0,103.726369662,244.0
2016-10-04,1,1,19.0,30.0,1,116.0,164.307692308,58.0,1.8689493529,408.0,103.994367167,202.0
2016-10-05,2,1,15.0,26.0,1,117.0,173.230769231,58.0,1.46931184129,408.0,101.84690913,232.0
2016-10-06,3,1,17.0,24.0,1,117.0,186.384615385,58.0,1.40242010549,408.0,97.4502148725,260.0
2016-10-07,4,1,12.0,20.0,0,118.0,196.769230769,58.0,1.39022435897,408.0,97.5485313899,270.0
2016-10-08,5,0,9.0,21.0,1,119.0,208.846153846,58.0,1.50518518519,408.0,96.1383987592,156.0
2016-10-09,6,0,12.0,19.0,1,120.0,212.230769231,58.0,1.34351743047,408.0,93.4049527975,104.0
2016-10-10,0,0,13.0,21.0,1,119.0,212.230769231,58.0,1.02832751261,408.0,93.4049527975,90.0
2016-10-11,1,0,13.0,23.0,1,117.0,212.461538462,58.0,0.676328502415,408.0,93.0984717586,84.0
2016-10-12,2,0,16.0,23.0,1,116.0,214.461538462,58.0,0.53750966744,408.0,89.9859949656,85.0
2016-10-13,3,0,14.0,25.0,1,116.0,208.153846154,58.0,0.497311827957,408.0,95.7792704036,88.0
2016-10-14,4,0,15.0,24.0,1,116.0,191.384615385,58.0,0.498786996604,408.0,96.262892013,135.0
2016-10-15,5,1,14.0,19.0,0,116.0,170.384615385,58.0,0.593963937904,408.0,73.8965372995,127.0
2016-10-16,6,1,13.0,21.0,1,116.0,159.769230769,58.0,0.672043010753,408.0,69.312174362,129.0
2016-10-17,0,0,14.0,23.0,1,116.0,150.923076923,58.0,0.74540081975,408.0,65.2149835762,77.0
2016-10-18,1,0,15.0,25.0,1,115.0,141.307692308,58.0,0.63665041583,408.0,66.183177755,86.0
2016-10-19,2,0,15.0,25.0,1,113.0,130.076923077,58.0,0.55381697487,408.0,62.1022253267,92.0
2016-10-20,3,0,15.0,22.0,1,112.0,117.153846154,58.0,0.494186046512,408.0,50.0274480873,93.0
2016-10-21,4,0,15.0,20.0,0,112.0,103.538461538,58.0,0.559859518645,408.0,23.7733379573,178.0
2016-10-22,5,1,10.0,14.0,0,113.0,105.230769231,58.0,0.807474140807,408.0,27.876524025,139.0
2016-10-23,6,1,8.0,13.0,0,115.0,107.923076923,58.0,0.952049227911,408.0,29.2823431662,164.0
2016-10-24,0,0,8.0,15.0,0,116.0,113.615384615,58.0,1.14893108802,408.0,32.2836907182,111.0
2016-10-25,1,0,10.0,19.0,1,115.0,115.692307692,58.0,1.02222222222,408.0,31.1605880644,134.0
2016-10-26,2,0,11.0,16.0,1,115.0,119.461538462,58.0,1.04791186267,408.0,30.1677754327,84.0
2016-10-27,3,0,10.0,14.0,0,113.0,119.153846154,58.0,0.904094531465,408.0,30.5056013869,117.0
2016-10-28,4,0,7.0,14.0,1,115.0,117.769230769,77.0,0.982548760815,408.0,30.1614982441,189.0
2016-10-29,5,1,7.0,14.0,1,116.0,122.538461538,77.0,1.12749349523,408.0,35.6470203407,184.0
2016-10-30,6,1,6.0,17.0,1,117.0,126.769230769,77.0,1.36909751327,408.0,39.2450954234,197.0
2016-10-31,0,0,0.0,8.0,1,120.0,136.0,77.0,1.52426795026,270.0,40.5443726533,84.0
