time_stamp,dayofweek,holiday,lt,ht,sunny,m2M,w2A,m1L,d3w3,m1Lar,w2Std,pay_sum
2016-08-01,0,0,27.0,37.0,1,219.0,214.461538462,12.0,0.683840749415,311.0,107.053987376,313.0
2016-08-02,1,0,27.0,35.0,0,219.0,219.769230769,12.0,0.713680154143,313.0,110.05533842,311.0
2016-08-03,2,0,26.0,32.0,0,220.0,222.538461538,12.0,0.993911719939,313.0,111.848534521,311.0
2016-08-04,3,0,27.0,33.0,0,220.0,222.538461538,12.0,1.41731089889,313.0,111.848534521,316.0
2016-08-05,4,0,26.0,33.0,0,221.0,226.538461538,12.0,1.41382168965,316.0,114.165612083,294.0
2016-08-06,5,1,26.0,34.0,0,227.0,243.461538462,12.0,1.32842925141,316.0,106.337355318,87.0
2016-08-07,6,1,27.0,35.0,1,227.0,248.923076923,12.0,0.990760483298,316.0,95.8175040524,27.0
2016-08-08,0,0,26.0,34.0,0,227.0,230.923076923,12.0,0.611648302226,316.0,112.402067828,300.0
2016-08-09,1,0,26.0,30.0,0,228.0,231.153846154,16.0,0.612924716855,316.0,112.540485812,276.0
2016-08-10,2,0,27.0,35.0,0,229.0,228.846153846,16.0,0.892539964476,316.0,111.282624363,312.0
2016-08-11,3,0,27.0,36.0,1,231.0,229.615384615,16.0,1.3140954495,316.0,111.818904733,296.0
2016-08-12,4,0,27.0,36.0,1,235.0,230.230769231,16.0,1.29894937918,316.0,112.160018823,323.0
2016-08-13,5,1,27.0,35.0,1,237.0,245.769230769,16.0,1.29683799972,323.0,109.921058279,103.0
2016-08-14,6,1,28.0,35.0,1,237.0,251.461538462,16.0,0.987755660442,323.0,100.018164031,27.0
2016-08-15,0,0,27.0,36.0,1,237.0,229.461538462,16.0,0.651002371201,323.0,114.472445717,331.0
2016-08-16,1,0,26.0,36.0,1,240.0,231.0,16.0,0.657678864398,331.0,115.685914308,314.0
2016-08-17,2,0,28.0,37.0,1,244.0,231.230769231,16.0,0.957060457167,331.0,115.848145861,307.0
2016-08-18,3,0,28.0,37.0,1,247.0,230.538461538,16.0,1.35438896002,331.0,115.365383013,312.0
2016-08-19,4,0,28.0,38.0,1,248.0,231.923076923,16.0,1.32059447983,331.0,116.223565424,346.0
2016-08-20,5,1,27.0,37.0,0,256.0,251.846153846,16.0,1.30361364404,346.0,111.787467409,108.0
2016-08-21,6,1,27.0,35.0,0,256.0,258.076923077,16.0,1.0184815849,346.0,100.798703852,24.0
2016-08-22,0,0,27.0,36.0,1,256.0,236.846153846,16.0,0.67442680776,346.0,117.427454629,291.0
2016-08-23,1,0,27.0,35.0,0,256.0,238.0,24.0,0.599362380446,346.0,117.879338569,283.0
2016-08-24,2,0,27.0,35.0,1,258.0,235.769230769,24.0,0.852398260994,346.0,116.726606186,322.0
2016-08-25,3,0,26.0,35.0,1,261.0,237.769230769,24.0,1.27553562531,346.0,117.957719835,306.0
2016-08-26,4,0,25.0,34.0,0,264.0,236.461538462,24.0,1.29357472488,346.0,117.096682857,293.0
2016-08-27,5,1,23.0,31.0,1,270.0,251.076923077,24.0,1.25280554989,346.0,111.237418676,131.0
2016-08-28,6,1,21.0,31.0,1,270.0,259.076923077,24.0,0.972360972361,346.0,97.7575191194,98.0
2016-08-29,0,0,21.0,32.0,1,270.0,241.153846154,24.0,0.724547158026,346.0,104.082693569,308.0
2016-08-30,1,0,21.0,32.0,1,272.0,240.692307692,24.0,0.740434332989,346.0,103.771483125,313.0
2016-08-31,2,0,21.0,33.0,1,275.0,241.153846154,24.0,0.9911772815,346.0,104.078259131,277.0
2016-09-01,3,0,23.0,33.0,0,276.0,238.461538462,24.0,1.24282056605,346.0,102.653723665,277.0
2016-09-02,4,0,22.0,34.0,1,277.0,233.153846154,24.0,1.21148606162,346.0,98.6624752561,277.0
2016-09-03,5,1,23.0,35.0,1,277.0,246.153846154,24.0,1.12032355915,346.0,92.2403600582,277.0
2016-09-04,6,1,24.0,32.0,1,277.0,265.615384615,24.0,1.06641000962,346.0,66.3806487807,277.0
2016-09-05,0,0,24.0,30.0,0,277.0,264.538461538,24.0,1.07761135966,346.0,66.0729380011,277.0
2016-09-06,1,0,23.0,28.0,0,277.0,264.076923077,24.0,1.08542319749,346.0,65.9632316446,277.0
2016-09-07,2,0,21.0,27.0,0,277.0,260.615384615,24.0,1.0918407568,346.0,63.9838182206,277.0
2016-09-08,3,0,22.0,30.0,1,277.0,258.384615385,24.0,1.09942448899,346.0,62.8582513542,122.0
2016-09-09,4,0,22.0,29.0,1,277.0,245.230769231,24.0,0.935964001385,346.0,71.5317614728,238.0
2016-09-10,5,1,22.0,28.0,0,277.0,253.461538462,24.0,0.858779912369,346.0,63.634310272,189.0
2016-09-11,6,1,21.0,25.0,0,277.0,260.461538462,24.0,0.716242661448,346.0,49.6070953123,97.0
2016-09-12,0,0,21.0,27.0,1,277.0,244.230769231,24.0,0.710604827773,346.0,63.8666324896,257.0
2016-09-13,1,0,21.0,28.0,0,277.0,239.923076923,24.0,0.740286298569,346.0,60.9027743949,203.0
2016-09-14,2,0,21.0,25.0,0,277.0,234.230769231,24.0,0.778313421365,346.0,60.6289520154,263.0
2016-09-15,3,1,22.0,25.0,0,277.0,233.153846154,24.0,1.01945854484,346.0,59.9805688457,263.0
2016-09-16,4,1,23.0,27.0,0,277.0,232.076923077,24.0,1.03448275862,346.0,59.3055472026,41.0
2016-09-17,5,1,22.0,27.0,1,277.0,213.923076923,24.0,0.8203125,346.0,76.4253900002,49.0
2016-09-18,6,0,22.0,26.0,0,277.0,196.384615385,24.0,0.516195072019,322.0,85.5538862684,179.0
2016-09-19,0,0,20.0,27.0,1,277.0,188.846153846,24.0,0.404815650865,322.0,82.3770376462,245.0
2016-09-20,1,0,19.0,26.0,1,277.0,186.384615385,41.0,0.722909980131,322.0,80.1542152656,269.0
2016-09-21,2,0,19.0,26.0,1,277.0,185.769230769,41.0,1.06109324759,322.0,79.4840611464,242.0
2016-09-22,3,0,20.0,27.0,1,277.0,195.0,41.0,1.16693679092,322.0,78.5042869971,244.0
2016-09-23,4,0,20.0,29.0,1,277.0,195.461538462,41.0,1.17436615337,313.0,78.7729115727,272.0
2016-09-24,5,1,21.0,30.0,1,277.0,201.846153846,41.0,1.18040956163,313.0,81.3131138575,121.0
2016-09-25,6,1,21.0,30.0,1,277.0,203.692307692,41.0,1.02949494949,313.0,79.1555281275,30.0
2016-09-26,0,0,24.0,31.0,1,277.0,186.230769231,30.0,0.727178958226,313.0,89.7930559643,258.0
2016-09-27,1,0,23.0,28.0,0,276.0,190.461538462,30.0,0.70657337825,313.0,91.7577206013,262.0
2016-09-28,2,0,22.0,28.0,0,276.0,190.384615385,30.0,0.953867499133,313.0,91.6972765819,256.0
2016-09-29,3,0,22.0,25.0,0,276.0,189.846153846,30.0,1.30048600637,277.0,91.2889294441,276.0
2016-09-30,4,0,22.0,29.0,0,276.0,207.923076923,30.0,1.31806108898,277.0,82.9072341081,330.0
2016-10-01,5,1,23.0,30.0,0,276.0,229.538461538,30.0,1.38240718467,330.0,74.8995382389,330.0
2016-10-02,6,1,22.0,30.0,1,276.0,241.153846154,30.0,1.42141230068,330.0,77.8132341462,7.0
2016-10-03,0,1,21.0,27.0,0,272.0,222.846153846,7.0,1.07407407407,330.0,99.6801393333,11.0
2016-10-04,1,1,20.0,27.0,1,269.0,203.0,7.0,0.587639311044,330.0,113.272306345,17.0
2016-10-05,2,1,21.0,27.0,1,269.0,185.692307692,7.0,0.0630289933369,330.0,122.781472303,19.0
2016-10-06,3,1,22.0,27.0,0,269.0,168.384615385,7.0,0.0906111432427,330.0,129.041161269,57.0
2016-10-07,4,1,20.0,23.0,0,263.0,151.846153846,7.0,0.178468624064,330.0,128.477981444,69.0
2016-10-08,5,0,17.0,22.0,0,263.0,147.846153846,7.0,0.276664758634,330.0,130.174348267,237.0
2016-10-09,6,0,16.0,22.0,1,262.0,163.769230769,7.0,0.681306306306,330.0,127.416430438,227.0
2016-10-10,0,0,15.0,21.0,1,258.0,161.384615385,7.0,1.00547066591,330.0,125.911775255,235.0
2016-10-11,1,0,17.0,23.0,1,257.0,159.307692308,7.0,1.33142857143,330.0,124.449176908,258.0
2016-10-12,2,0,18.0,25.0,1,258.0,159.461538462,7.0,1.36518771331,330.0,124.569792229,267.0
2016-10-13,3,0,18.0,23.0,1,258.0,158.769230769,7.0,1.43166619572,330.0,123.943631013,267.0
2016-10-14,4,0,19.0,22.0,0,258.0,153.923076923,7.0,1.49405772496,330.0,118.254914706,311.0
2016-10-15,5,1,20.0,23.0,0,258.0,152.461538462,7.0,1.5127103473,330.0,116.168720393,91.0
2016-10-16,6,1,20.0,26.0,0,258.0,158.923076923,7.0,1.17833553501,330.0,110.074423452,27.0
2016-10-17,0,0,20.0,24.0,0,257.0,160.153846154,7.0,0.804727068092,330.0,108.491648848,270.0
2016-10-18,1,0,20.0,24.0,0,257.0,179.615384615,7.0,0.726183791877,330.0,103.650699253,251.0
2016-10-19,2,0,20.0,24.0,0,257.0,197.461538462,7.0,1.02708274763,330.0,93.981680199,286.0
2016-10-20,3,0,21.0,25.0,0,258.0,215.076923077,7.0,1.50827025512,330.0,87.2216112409,277.0
2016-10-21,4,0,21.0,25.0,0,258.0,231.076923077,7.0,1.5442989945,330.0,77.4928895383,300.0
2016-10-22,5,1,20.0,23.0,0,258.0,235.923076923,7.0,1.65135859166,330.0,79.6516082589,92.0
2016-10-23,6,1,17.0,23.0,0,257.0,225.538461538,7.0,1.24964976184,330.0,88.4521734173,38.0
2016-10-24,0,0,19.0,24.0,1,256.0,210.384615385,7.0,0.797182054134,330.0,101.452936009,264.0
2016-10-25,1,0,19.0,23.0,1,256.0,210.846153846,7.0,0.683493798248,330.0,101.681891704,268.0
2016-10-26,2,0,19.0,24.0,0,257.0,210.923076923,7.0,0.928641251222,330.0,101.724712631,257.0
2016-10-27,3,0,18.0,24.0,0,257.0,210.153846154,7.0,1.22553588071,330.0,101.3348191,269.0
2016-10-28,4,0,15.0,19.0,0,257.0,206.923076923,7.0,1.17839121401,330.0,98.7034887845,288.0
2016-10-29,5,1,12.0,15.0,0,257.0,222.076923077,7.0,1.19451170299,330.0,94.7875856351,93.0
2016-10-30,6,1,14.0,18.0,1,257.0,227.153846154,7.0,0.98283813412,330.0,85.5172912375,43.0
2016-10-31,0,0,12.0,17.0,0,256.0,209.692307692,7.0,0.670302742866,311.0,97.343471683,270.0
