time_stamp,dayofweek,holiday,lt,ht,sunny,m2M,w2A,m1L,d3w3,m1Lar,w2Std,pay_sum
2016-08-01,0,0,28.0,34.0,1,428.0,524.384615385,323.0,1.15771542442,757.0,125.175899906,461.0
2016-08-02,1,0,28.0,34.0,0,432.0,525.692307692,323.0,1.12458301257,757.0,124.415794579,415.0
2016-08-03,2,0,26.0,32.0,0,428.0,522.230769231,323.0,1.0237822714,757.0,126.798540301,331.0
2016-08-04,3,0,27.0,32.0,0,425.0,516.0,323.0,0.774164582131,757.0,133.855835194,447.0
2016-08-05,4,0,27.0,33.0,0,428.0,511.923076923,323.0,0.769851256735,757.0,135.082573914,622.0
2016-08-06,5,1,27.0,33.0,1,432.0,501.538461538,323.0,0.911458333333,757.0,120.213665795,847.0
2016-08-07,6,1,27.0,34.0,1,436.0,510.692307692,323.0,1.2310460036,847.0,140.010101073,820.0
2016-08-08,0,0,27.0,34.0,0,436.0,537.846153846,323.0,1.41821561338,847.0,161.486768286,328.0
2016-08-09,1,0,28.0,34.0,1,436.0,532.153846154,323.0,1.24953025179,847.0,167.37192401,410.0
2016-08-10,2,0,28.0,34.0,1,432.0,531.846153846,323.0,0.980429173746,847.0,167.592383779,471.0
2016-08-11,3,0,28.0,35.0,1,436.0,534.846153846,323.0,0.756594386558,847.0,166.120830053,452.0
2016-08-12,4,0,28.0,34.0,1,440.0,530.461538462,328.0,0.837969511237,847.0,167.491729019,521.0
2016-08-13,5,1,28.0,35.0,1,444.0,527.615384615,328.0,0.928408396824,847.0,167.313863723,763.0
2016-08-14,6,1,28.0,36.0,1,447.0,529.846153846,328.0,1.11239266949,847.0,170.218794115,826.0
2016-08-15,0,0,28.0,35.0,1,452.0,557.923076923,328.0,1.30694663817,847.0,185.925320632,437.0
2016-08-16,1,0,28.0,35.0,1,452.0,559.615384615,328.0,1.25084892264,847.0,184.712890917,374.0
2016-08-17,2,0,28.0,35.0,1,447.0,562.923076923,328.0,1.0144388672,847.0,180.935798872,405.0
2016-08-18,3,0,28.0,36.0,1,444.0,559.692307692,328.0,0.755443730003,847.0,183.335918935,406.0
2016-08-19,4,0,29.0,36.0,1,444.0,543.076923077,328.0,0.743319533308,847.0,186.693274379,472.0
2016-08-20,5,1,28.0,37.0,0,447.0,514.230769231,328.0,0.811357743629,847.0,165.243947333,722.0
2016-08-21,6,1,28.0,35.0,0,452.0,506.692307692,328.0,1.01297879076,847.0,152.896840343,756.0
2016-08-22,0,0,28.0,35.0,1,460.0,539.615384615,328.0,1.20092378753,847.0,156.902487337,498.0
2016-08-23,1,0,26.0,34.0,1,460.0,546.384615385,328.0,1.20767632319,847.0,153.014598832,508.0
2016-08-24,2,0,26.0,34.0,1,460.0,549.230769231,328.0,1.05969027214,847.0,151.926173289,460.0
2016-08-25,3,0,27.0,35.0,1,460.0,549.846153846,328.0,0.880639154202,847.0,151.546817419,479.0
2016-08-26,4,0,26.0,34.0,0,460.0,546.615384615,328.0,0.880572037122,847.0,152.57156629,530.0
2016-08-27,5,1,23.0,31.0,1,461.0,528.692307692,328.0,0.920599110108,847.0,139.199018904,530.0
2016-08-28,6,1,22.0,30.0,1,467.0,505.923076923,328.0,0.991495941245,847.0,109.812050297,530.0
2016-08-29,0,0,23.0,31.0,1,471.0,513.076923077,328.0,1.00473933649,847.0,108.104978565,530.0
2016-08-30,1,0,23.0,31.0,1,472.0,525.076923077,328.0,0.993439550141,847.0,100.383465953,530.0
2016-08-31,2,0,25.0,34.0,1,472.0,534.692307692,328.0,0.987976512257,847.0,94.2185549384,530.0
2016-09-01,3,0,26.0,33.0,1,472.0,544.230769231,328.0,0.980845748126,847.0,86.6825808481,530.0
2016-09-02,4,0,25.0,34.0,1,479.0,548.692307692,328.0,0.980029585799,847.0,84.3102189402,530.0
2016-09-03,5,1,25.0,35.0,1,488.0,533.923076923,328.0,1.00160634981,847.0,67.8714413018,530.0
2016-09-04,6,1,25.0,33.0,1,498.0,516.538461538,328.0,1.03042675221,847.0,22.6227094365,530.0
2016-09-05,0,0,25.0,30.0,0,500.0,519.0,328.0,1.02119460501,826.0,22.2087993649,530.0
2016-09-06,1,0,22.0,27.0,0,508.0,520.692307692,328.0,1.00607441154,826.0,22.1442286817,530.0
2016-09-07,2,0,20.0,24.0,0,508.0,526.076923077,374.0,0.994278210299,826.0,13.5899371055,530.0
2016-09-08,3,0,22.0,29.0,1,508.0,530.0,374.0,0.982846546129,826.0,0.0,530.0
2016-09-09,4,0,23.0,31.0,1,509.0,530.0,374.0,0.977589228073,826.0,0.0,530.0
2016-09-10,5,1,24.0,29.0,1,510.0,530.0,374.0,0.99521171721,826.0,0.0,530.0
2016-09-11,6,1,23.0,26.0,0,521.0,530.0,374.0,1.01678657074,826.0,0.0,530.0
2016-09-12,0,0,23.0,29.0,1,530.0,530.0,374.0,1.01367505021,826.0,0.0,530.0
2016-09-13,1,0,23.0,30.0,1,530.0,530.0,374.0,1.01154690333,756.0,0.0,530.0
2016-09-14,2,0,22.0,24.0,0,530.0,530.0,374.0,1.00483458148,756.0,0.0,530.0
2016-09-15,3,1,23.0,26.0,0,530.0,530.0,405.0,1.0,756.0,0.0,530.0
2016-09-16,4,1,23.0,27.0,0,530.0,530.0,406.0,1.0,756.0,0.0,530.0
2016-09-17,5,1,23.0,27.0,0,530.0,530.0,460.0,1.0,756.0,0.0,530.0
2016-09-18,6,0,23.0,28.0,0,530.0,530.0,460.0,1.0,756.0,0.0,530.0
2016-09-19,0,0,21.0,27.0,0,530.0,530.0,460.0,1.0,756.0,0.0,530.0
2016-09-20,1,0,20.0,26.0,1,530.0,530.0,460.0,1.0,530.0,0.0,530.0
2016-09-21,2,0,20.0,27.0,1,530.0,530.0,460.0,1.0,530.0,0.0,530.0
2016-09-22,3,0,21.0,27.0,1,530.0,530.0,460.0,1.0,530.0,0.0,530.0
2016-09-23,4,0,21.0,27.0,1,530.0,530.0,479.0,1.0,530.0,0.0,530.0
2016-09-24,5,1,22.0,28.0,1,530.0,530.0,530.0,1.0,530.0,0.0,530.0
2016-09-25,6,1,23.0,29.0,1,530.0,530.0,530.0,1.0,530.0,0.0,530.0
2016-09-26,0,0,24.0,31.0,1,530.0,530.0,530.0,1.0,530.0,0.0,530.0
2016-09-27,1,0,25.0,30.0,0,530.0,530.0,530.0,1.0,530.0,0.0,530.0
2016-09-28,2,0,22.0,28.0,0,530.0,530.0,530.0,1.0,530.0,0.0,530.0
2016-09-29,3,0,22.0,25.0,0,530.0,530.0,530.0,1.0,530.0,0.0,530.0
2016-09-30,4,0,23.0,28.0,0,530.0,530.0,530.0,1.0,530.0,0.0,530.0
2016-10-01,5,1,24.0,29.0,0,530.0,530.0,530.0,1.0,530.0,0.0,530.0
2016-10-02,6,1,24.0,32.0,1,530.0,530.0,530.0,1.0,530.0,0.0,530.0
2016-10-03,0,1,22.0,26.0,1,530.0,530.0,530.0,1.0,530.0,0.0,530.0
2016-10-04,1,1,22.0,26.0,1,530.0,530.0,530.0,1.0,530.0,0.0,530.0
2016-10-05,2,1,22.0,27.0,1,530.0,530.0,530.0,1.0,530.0,0.0,530.0
2016-10-06,3,1,22.0,26.0,0,530.0,530.0,530.0,1.0,530.0,0.0,530.0
2016-10-07,4,1,20.0,25.0,0,530.0,530.0,530.0,1.0,530.0,0.0,530.0
2016-10-08,5,0,17.0,22.0,0,530.0,530.0,530.0,1.0,530.0,0.0,302.0
2016-10-09,6,0,18.0,22.0,1,530.0,512.461538462,302.0,0.875433860393,530.0,60.7550129424,397.0
2016-10-10,0,0,18.0,22.0,1,530.0,502.230769231,302.0,0.80020835368,530.0,67.7372228612,387.0
2016-10-11,1,0,19.0,25.0,1,530.0,491.230769231,302.0,0.717115689382,530.0,73.6845186184,452.0
2016-10-12,2,0,19.0,23.0,1,530.0,485.230769231,302.0,0.822519464963,530.0,73.4586789617,403.0
2016-10-13,3,0,19.0,23.0,1,530.0,475.461538462,302.0,0.837124658781,530.0,75.2775534882,414.0
2016-10-14,4,0,19.0,23.0,0,530.0,466.538461538,302.0,0.86547314578,530.0,75.1589243226,469.0
2016-10-15,5,1,21.0,25.0,1,530.0,461.846153846,302.0,0.882574977695,530.0,72.9212917665,690.0
2016-10-16,6,1,20.0,26.0,1,530.0,474.153846154,302.0,1.06204847748,690.0,93.8770440964,763.0
2016-10-17,0,0,20.0,25.0,1,530.0,492.076923077,302.0,1.26776821345,763.0,121.118163243,410.0
2016-10-18,1,0,20.0,25.0,1,530.0,482.846153846,302.0,1.24361670171,763.0,122.441726267,417.0
2016-10-19,2,0,20.0,24.0,0,530.0,474.153846154,302.0,1.07352643306,763.0,122.796170169,324.0
2016-10-20,3,0,20.0,23.0,0,530.0,458.307692308,302.0,0.793683629844,763.0,127.758416622,365.0
2016-10-21,4,0,0.0,21.0,0,530.0,445.615384615,302.0,0.775895331299,763.0,128.200887109,363.0
2016-10-22,5,1,19.0,23.0,0,530.0,450.307692308,302.0,0.751213938875,763.0,123.902805963,594.0
2016-10-23,6,1,18.0,23.0,1,530.0,465.461538462,302.0,0.937588652482,763.0,128.420951672,858.0
2016-10-24,0,0,20.0,24.0,1,530.0,501.692307692,302.0,1.24383223684,858.0,162.967851769,438.0
2016-10-25,1,0,18.0,22.0,1,530.0,500.615384615,302.0,1.30759651308,858.0,163.338505735,379.0
2016-10-26,2,0,19.0,21.0,0,530.0,498.769230769,302.0,1.17729748726,858.0,164.562428578,307.0
2016-10-27,3,0,18.0,22.0,0,530.0,490.538461538,302.0,0.809040524005,858.0,171.140794662,398.0
2016-10-28,4,0,15.0,20.0,0,530.0,485.076923077,302.0,0.791529755385,858.0,172.865203839,413.0
2016-10-29,5,1,13.0,17.0,1,530.0,463.769230769,302.0,0.806550517621,858.0,163.088062029,633.0
2016-10-30,6,1,14.0,18.0,1,530.0,453.769230769,302.0,1.01579262073,858.0,147.692588141,712.0
2016-10-31,0,0,13.0,17.0,0,530.0,477.0,302.0,1.19567435217,858.0,162.035608622,381.0
