time_stamp,dayofweek,holiday,lt,ht,sunny,m2M,w2A,m1L,d3w3,m1Lar,w2Std,pay_sum
2016-08-01,0,0,24.0,30.0,1,32.0,37.9230769231,29.0,1.0182767624,54.0,4.28703839787,50.0
2016-08-02,1,0,24.0,33.0,1,34.0,39.0,29.0,1.06910039113,54.0,5.30601980338,45.0
2016-08-03,2,0,25.0,34.0,1,34.0,39.6153846154,29.0,1.11979166667,54.0,5.49878953867,40.0
2016-08-04,3,0,25.0,33.0,1,36.0,40.3846153846,29.0,1.16279069767,54.0,4.74809211139,55.0
2016-08-05,4,0,25.0,32.0,1,36.0,41.6153846154,29.0,1.17845117845,55.0,6.10848667572,59.0
2016-08-06,5,1,24.0,33.0,1,36.0,42.8461538462,29.0,1.26126126126,59.0,7.67459499153,69.0
2016-08-07,6,1,23.0,31.0,1,37.0,44.9230769231,29.0,1.42857142857,69.0,10.3512283809,36.0
2016-08-08,0,0,24.0,32.0,1,37.0,45.3076923077,29.0,1.29083038174,69.0,9.91024811755,50.0
2016-08-09,1,0,25.0,33.0,1,37.0,46.3076923077,29.0,1.20015485869,69.0,9.67458697496,45.0
2016-08-10,2,0,26.0,33.0,1,37.0,46.4615384615,29.0,1.00498657461,69.0,9.63659199746,33.0
2016-08-11,3,0,27.0,34.0,1,37.0,46.0769230769,29.0,0.978593272171,69.0,10.0572326708,61.0
2016-08-12,4,0,25.0,29.0,0,37.0,47.3846153846,29.0,1.0365398956,69.0,10.7813119049,50.0
2016-08-13,5,1,24.0,31.0,0,37.0,48.2307692308,29.0,1.06548279689,69.0,10.5185100302,34.0
2016-08-14,6,1,24.0,33.0,1,37.0,48.2307692308,29.0,1.08249346771,69.0,10.5185100302,51.0
2016-08-15,0,0,21.0,29.0,0,38.0,48.3076923077,29.0,0.985761226725,69.0,10.5348112712,62.0
2016-08-16,1,0,23.0,31.0,1,38.0,49.6153846154,30.0,1.0447761194,69.0,11.0838653459,53.0
2016-08-17,2,0,23.0,28.0,0,39.0,50.6153846154,30.0,1.16736990155,69.0,10.7527346185,55.0
2016-08-18,3,0,22.0,24.0,0,39.0,50.6153846154,30.0,1.17443868739,69.0,10.7527346185,65.0
2016-08-19,4,0,22.0,32.0,1,39.0,51.0769230769,30.0,1.16970926302,69.0,11.2212815562,54.0
2016-08-20,5,1,23.0,31.0,1,40.0,49.9230769231,31.0,1.15884115884,69.0,10.0265918626,48.0
2016-08-21,6,1,23.0,34.0,1,41.0,50.8461538462,31.0,1.09688013136,69.0,9.22243213246,45.0
2016-08-22,0,0,23.0,32.0,1,42.0,50.4615384615,31.0,0.970297029703,69.0,9.3530364022,74.0
2016-08-23,1,0,24.0,30.0,0,43.0,52.6923076923,31.0,1.07154315047,74.0,11.0827975876,35.0
2016-08-24,2,0,24.0,31.0,0,43.0,52.8461538462,33.0,0.992907801418,74.0,10.8191152336,57.0
2016-08-25,3,0,18.0,30.0,1,43.0,52.5384615385,33.0,1.06821106821,74.0,10.6382140246,72.0
2016-08-26,4,0,17.0,29.0,1,43.0,54.2307692308,33.0,1.0422624722,74.0,11.787567415,8.0
2016-08-27,5,1,20.0,32.0,1,43.0,52.2307692308,8.0,0.924426450742,74.0,16.3667291322,59.0
2016-08-28,6,1,18.0,31.0,1,44.0,52.8461538462,8.0,0.916584240026,74.0,16.4590220938,44.0
2016-08-29,0,0,19.0,31.0,1,44.0,51.4615384615,8.0,0.73631840796,74.0,16.3876847974,62.0
2016-08-30,1,0,19.0,31.0,1,44.0,52.1538461538,8.0,1.07632093933,74.0,16.6264208362,47.0
2016-08-31,2,0,19.0,33.0,1,44.0,51.5384615385,8.0,0.984555984556,74.0,16.6577096247,53.0
2016-09-01,3,0,19.0,27.0,1,44.0,50.6153846154,8.0,1.05058365759,74.0,16.2127132524,49.0
2016-09-02,4,0,19.0,28.0,1,45.0,50.2307692308,8.0,0.967218435573,74.0,16.1871451664,51.0
2016-09-03,5,1,20.0,30.0,1,45.0,50.4615384615,8.0,0.977011494253,74.0,16.1750776225,65.0
2016-09-04,6,1,18.0,29.0,0,45.0,52.0,8.0,1.03969754253,74.0,16.5296935613,49.0
2016-09-05,0,0,20.0,31.0,1,45.0,50.0769230769,8.0,1.05263157895,74.0,15.2641436982,64.0
2016-09-06,1,0,21.0,30.0,1,45.0,52.3076923077,8.0,1.12373737374,74.0,15.0147856123,46.0
2016-09-07,2,0,19.0,31.0,1,45.0,51.4615384615,8.0,1.01241642789,74.0,15.0364448776,56.0
2016-09-08,3,0,18.0,31.0,1,45.0,50.2307692308,8.0,1.06615285806,74.0,13.9181886872,50.0
2016-09-09,4,0,19.0,31.0,1,46.0,53.4615384615,8.0,0.980012894907,74.0,6.7893058965,63.0
2016-09-10,5,1,18.0,30.0,1,46.0,53.7692307692,8.0,1.07403876708,74.0,7.11611222891,58.0
2016-09-11,6,1,18.0,25.0,0,47.0,54.8461538462,8.0,1.07344632768,74.0,6.59657433062,35.0
2016-09-12,0,0,18.0,27.0,1,47.0,52.7692307692,8.0,1.01661779081,74.0,8.0970445335,57.0
2016-09-13,1,0,19.0,27.0,1,48.0,53.5384615385,8.0,0.956937799043,74.0,7.9866752938,62.0
2016-09-14,2,0,20.0,30.0,1,49.0,54.2307692308,8.0,0.977777777778,74.0,8.29414850411,64.0
2016-09-15,3,1,21.0,30.0,1,49.0,55.3846153846,8.0,1.17082533589,74.0,8.52632540149,40.0
2016-09-16,4,1,20.0,30.0,0,49.0,54.5384615385,8.0,1.03041589075,74.0,9.41860176309,37.0
2016-09-17,5,1,17.0,24.0,1,49.0,52.3846153846,8.0,0.893536121673,74.0,9.96562137889,48.0
2016-09-18,6,0,15.0,22.0,0,49.0,52.3076923077,8.0,0.789141414141,74.0,9.99526515125,70.0
2016-09-19,0,0,13.0,25.0,1,50.0,52.7692307692,8.0,0.971177944862,74.0,10.6421068342,63.0
2016-09-20,1,0,14.0,26.0,1,50.0,54.0769230769,8.0,1.11728395062,74.0,10.7736254769,54.0
2016-09-21,2,0,16.0,23.0,0,50.0,53.9230769231,8.0,1.15325316065,72.0,10.7593361138,71.0
2016-09-22,3,0,17.0,26.0,0,50.0,55.5384615385,8.0,1.13629495316,72.0,11.5932034772,60.0
2016-09-23,4,0,19.0,27.0,1,51.0,55.3076923077,8.0,1.10911270983,72.0,11.4716011583,51.0
2016-09-24,5,1,20.0,29.0,1,51.0,54.7692307692,8.0,1.1050394657,71.0,11.4968480373,53.0
2016-09-25,6,1,19.0,27.0,1,51.0,56.1538461538,35.0,0.992135511192,71.0,10.0218695772,64.0
2016-09-26,0,0,19.0,24.0,0,53.0,56.6923076923,35.0,1.01633393829,71.0,10.2385742351,50.0
2016-09-27,1,0,12.0,23.0,1,53.0,55.7692307692,35.0,1.0066305003,71.0,10.2593585506,52.0
2016-09-28,2,0,10.0,20.0,1,53.0,54.8461538462,35.0,1.00423472474,71.0,10.014191114,68.0
2016-09-29,3,0,12.0,22.0,1,53.0,57.0,35.0,1.0119047619,71.0,9.59166304663,46.0
2016-09-30,4,0,14.0,24.0,1,53.0,57.6923076923,35.0,1.00332426715,71.0,8.37013569768,60.0
2016-10-01,5,1,15.0,26.0,1,53.0,58.6153846154,35.0,1.04977375566,71.0,7.89876778646,39.0
2016-10-02,6,1,16.0,26.0,1,53.0,56.2307692308,35.0,0.871656146679,71.0,8.73678207046,34.0
2016-10-03,0,1,16.0,28.0,1,53.0,54.0,34.0,0.816451810927,71.0,10.2881559983,36.0
2016-10-04,1,1,11.0,19.0,0,53.0,52.6153846154,34.0,0.685534591195,71.0,11.3513026127,28.0
2016-10-05,2,1,13.0,21.0,1,52.0,49.3076923077,28.0,0.638020833333,71.0,11.7694821492,33.0
2016-10-06,3,1,14.0,17.0,0,52.0,47.2307692308,28.0,0.635857096034,71.0,12.0776579884,40.0
2016-10-07,4,1,12.0,16.0,0,52.0,46.3846153846,28.0,0.660130718954,71.0,12.1689292971,47.0
2016-10-08,5,0,5.0,19.0,1,52.0,45.9230769231,28.0,0.785083415113,71.0,12.0221688717,66.0
2016-10-09,6,0,8.0,18.0,1,53.0,46.0769230769,28.0,1.00492610837,71.0,12.2628992585,42.0
2016-10-10,0,0,10.0,20.0,1,52.0,45.4615384615,28.0,1.03957075788,71.0,12.2513131768,47.0
2016-10-11,1,0,10.0,20.0,1,52.0,45.0769230769,28.0,1.04694360014,71.0,12.1177653339,67.0
2016-10-12,2,0,10.0,19.0,1,53.0,45.0,28.0,1.05798575788,71.0,11.9743315214,50.0
2016-10-13,3,0,12.0,22.0,1,53.0,45.3076923077,28.0,1.12367249058,71.0,12.0472442772,59.0
2016-10-14,4,0,13.0,23.0,1,53.0,45.2307692308,28.0,1.19605844376,71.0,11.9560338558,70.0
2016-10-15,5,1,11.0,17.0,0,53.0,47.6153846154,28.0,1.1957247829,71.0,13.470985696,70.0
2016-10-16,6,1,12.0,20.0,1,53.0,50.3846153846,28.0,1.3213811421,71.0,14.0741905713,68.0
2016-10-17,0,0,9.0,21.0,1,53.0,52.8461538462,28.0,1.35681669928,71.0,14.1412987862,50.0
2016-10-18,1,0,12.0,20.0,1,52.0,54.5384615385,28.0,1.22875816993,71.0,12.2575903305,64.0
2016-10-19,2,0,14.0,22.0,1,53.0,56.9230769231,28.0,1.19422572178,71.0,10.7593361138,58.0
2016-10-20,3,0,11.0,15.0,0,53.0,58.3076923077,28.0,1.11543450065,71.0,9.58672652389,61.0
2016-10-21,4,0,11.0,11.0,0,53.0,59.3846153846,28.0,1.18561710398,70.0,9.02593239623,55.0
2016-10-22,5,1,7.0,15.0,1,54.0,58.5384615385,28.0,1.11004784689,70.0,8.88053519364,79.0
2016-10-23,6,1,0.0,5.0,1,54.0,61.3846153846,28.0,1.19266055046,79.0,9.05146364313,72.0
2016-10-24,0,0,6.0,13.0,1,54.0,63.3076923077,28.0,1.21965660154,79.0,8.42509635083,80.0
2016-10-25,1,0,10.0,17.0,1,55.0,64.3076923077,28.0,1.30730050934,80.0,9.50614874202,69.0
2016-10-26,2,0,0.0,10.0,1,55.0,65.7692307692,28.0,1.21361889072,80.0,8.61263692448,70.0
2016-10-27,3,0,7.0,11.0,0,56.0,66.6153846154,28.0,1.17363344051,80.0,8.44473856715,65.0
2016-10-28,4,0,2.0,13.0,1,56.0,66.2307692308,28.0,1.07765451664,80.0,8.39554686132,77.0
2016-10-29,5,1,2.0,12.0,1,57.0,66.7692307692,28.0,1.11023828227,80.0,8.83310073751,51.0
2016-10-30,6,1,2.0,13.0,1,57.0,65.4615384615,28.0,1.00364014561,80.0,9.76347498522,68.0
2016-10-31,0,0,-4.0,6.0,1,58.0,66.8461538462,28.0,1.00281401893,80.0,8.68992479251,86.0
