time_stamp,dayofweek,holiday,lt,ht,sunny,m2M,w2A,m1L,d3w3,m1Lar,w2Std,pay_sum
2016-08-01,0,0,27.0,35.0,1,84.0,83.0,72.0,0.991801639672,99.0,6.27571632442,95.0
2016-08-02,1,0,26.0,36.0,0,84.0,83.8461538462,72.0,1.02900278109,99.0,7.04759810526,78.0
2016-08-03,2,0,25.0,30.0,0,84.0,83.3846153846,72.0,1.02073365231,99.0,7.21684420205,66.0
2016-08-04,3,0,25.0,32.0,0,84.0,82.0,66.0,0.963321241435,99.0,8.5664820892,86.0
2016-08-05,4,0,26.0,32.0,0,84.0,82.1538461538,66.0,0.925925925926,99.0,8.61881799719,88.0
2016-08-06,5,1,26.0,34.0,0,84.0,82.4615384615,66.0,0.963855421687,99.0,8.7496407365,83.0
2016-08-07,6,1,26.0,34.0,0,84.0,83.3076923077,66.0,1.032750653,99.0,8.21241663472,86.0
2016-08-08,0,0,26.0,34.0,1,84.0,83.7692307692,66.0,1.03150712422,99.0,8.18209909266,70.0
2016-08-09,1,0,27.0,34.0,1,84.0,83.5384615385,66.0,0.967415502935,99.0,8.51799348543,103.0
2016-08-10,2,0,27.0,34.0,1,84.0,84.7692307692,66.0,1.03641456583,103.0,9.9626521504,73.0
2016-08-11,3,0,27.0,35.0,1,84.0,82.7692307692,66.0,0.990936555891,103.0,9.50428119043,80.0
2016-08-12,4,0,28.0,35.0,1,84.0,82.4615384615,66.0,1.03371693923,103.0,9.5241828611,89.0
2016-08-13,5,1,28.0,36.0,1,84.0,83.0769230769,66.0,0.97423510467,103.0,9.66724476269,82.0
2016-08-14,6,1,27.0,36.0,1,84.0,83.0,66.0,1.0044017607,103.0,9.67152839723,94.0
2016-08-15,0,0,27.0,36.0,1,84.0,82.9230769231,66.0,1.05158730159,103.0,9.57931696988,86.0
2016-08-16,1,0,27.0,36.0,1,84.0,83.5384615385,66.0,1.03169915338,103.0,9.49992214232,95.0
2016-08-17,2,0,27.0,35.0,1,84.0,85.7692307692,66.0,1.07779737409,103.0,8.46852858124,80.0
2016-08-18,3,0,27.0,36.0,1,84.0,85.3076923077,66.0,1.03448275862,103.0,8.60576385904,92.0
2016-08-19,4,0,29.0,37.0,1,84.0,85.6153846154,66.0,1.05325443787,103.0,8.76653129841,88.0
2016-08-20,5,1,27.0,36.0,0,84.0,86.0,66.0,1.02141033196,103.0,8.75302145635,81.0
2016-08-21,6,1,27.0,33.0,0,84.0,85.6153846154,66.0,1.02654867257,103.0,8.85384281227,98.0
2016-08-22,0,0,27.0,34.0,1,84.0,87.7692307692,66.0,1.04829210836,103.0,8.17269229864,87.0
2016-08-23,1,0,25.0,34.0,1,84.0,86.5384615385,66.0,1.03885959773,103.0,6.89052174663,95.0
2016-08-24,2,0,24.0,34.0,1,84.0,88.2307692308,66.0,1.0752688172,103.0,6.0019720625,99.0
2016-08-25,3,0,25.0,34.0,1,84.0,89.6923076923,66.0,1.0710882409,103.0,6.13169088719,85.0
2016-08-26,4,0,23.0,29.0,1,84.0,89.3846153846,66.0,1.06529209622,103.0,6.25777622751,93.0
2016-08-27,5,1,20.0,29.0,1,84.0,90.2307692308,66.0,1.0516324981,103.0,5.93754476782,97.0
2016-08-28,6,1,19.0,30.0,1,84.0,90.4615384615,66.0,1.03754008678,103.0,6.13458524227,82.0
2016-08-29,0,0,20.0,31.0,1,84.0,90.1538461538,66.0,1.01929923178,103.0,6.44319741273,83.0
2016-08-30,1,0,21.0,31.0,1,84.0,89.2307692308,66.0,0.992988440402,103.0,6.54162819245,77.0
2016-08-31,2,0,22.0,32.0,1,84.0,89.0,66.0,0.915106825487,103.0,6.90596174999,97.0
2016-09-01,3,0,22.0,33.0,1,84.0,89.3846153846,66.0,0.962546816479,103.0,7.19549497457,92.0
2016-09-02,4,0,22.0,34.0,1,84.0,89.6923076923,70.0,0.994578425874,103.0,7.21520419653,93.0
2016-09-03,5,1,23.0,34.0,1,84.0,90.6153846154,70.0,1.04793756968,103.0,6.79975634788,116.0
2016-09-04,6,1,22.0,33.0,1,84.0,92.0,70.0,1.10499265786,116.0,9.47060228773,104.0
2016-09-05,0,0,24.0,33.0,1,84.0,93.3076923077,70.0,1.13776808433,116.0,9.85576454034,103.0
2016-09-06,1,0,22.0,26.0,0,84.0,93.9230769231,70.0,1.16901918205,116.0,10.1864279122,87.0
2016-09-07,2,0,20.0,26.0,1,84.0,93.0,73.0,1.06003244997,116.0,10.2281662391,90.0
2016-09-08,3,0,21.0,30.0,1,84.0,93.3846153846,73.0,1.01064789749,116.0,10.0118273252,79.0
2016-09-09,4,0,23.0,32.0,1,84.0,92.3076923077,77.0,0.928545520493,116.0,10.7229775958,87.0
2016-09-10,5,1,21.0,30.0,1,84.0,91.5384615385,77.0,0.925524222704,116.0,10.7174579694,92.0
2016-09-11,6,1,20.0,28.0,1,85.0,92.3076923077,77.0,0.935799782372,116.0,10.3580857705,83.0
2016-09-12,0,0,20.0,30.0,1,85.0,92.3076923077,77.0,0.952380952381,116.0,10.3580857705,61.0
2016-09-13,1,0,21.0,30.0,1,85.0,91.0769230769,61.0,0.874074074074,116.0,12.7729373675,66.0
2016-09-14,2,0,22.0,28.0,1,85.0,88.6923076923,61.0,0.792303338993,116.0,14.2525820354,71.0
2016-09-15,3,1,21.0,23.0,0,85.0,87.0769230769,61.0,0.752994865944,116.0,14.9587203199,57.0
2016-09-16,4,1,21.0,23.0,0,85.0,84.3076923077,57.0,0.753251795768,116.0,16.822076225,39.0
2016-09-17,5,1,21.0,27.0,1,85.0,78.3846153846,39.0,0.671087000201,116.0,18.1257931881,71.0
2016-09-18,6,0,20.0,28.0,1,85.0,75.8461538462,39.0,0.675566343042,116.0,16.6079042991,71.0
2016-09-19,0,0,17.0,26.0,1,85.0,73.3846153846,39.0,0.737571312143,116.0,14.6578330938,90.0
2016-09-20,1,0,18.0,26.0,1,86.0,73.6153846154,39.0,0.937942187184,116.0,14.8921169727,96.0
2016-09-21,2,0,17.0,24.0,1,86.0,74.0769230769,39.0,1.03964401294,116.0,15.4743536635,80.0
2016-09-22,3,0,19.0,27.0,1,86.0,74.1538461538,39.0,1.08394458028,116.0,15.5010974988,73.0
2016-09-23,4,0,19.0,28.0,1,86.0,73.0769230769,39.0,1.02722772277,116.0,15.050998119,68.0
2016-09-24,5,1,21.0,29.0,1,86.0,71.2307692308,39.0,0.93962585034,116.0,14.0556796413,71.0
2016-09-25,6,1,21.0,28.0,1,86.0,70.3076923077,39.0,0.920738327904,116.0,13.6403508605,71.0
2016-09-26,0,0,23.0,30.0,1,85.0,71.0769230769,39.0,0.931470392548,116.0,13.3731161921,78.0
2016-09-27,1,0,23.0,30.0,0,85.0,72.0,39.0,0.981704596162,116.0,13.4049359451,57.0
2016-09-28,2,0,19.0,23.0,0,85.0,70.9230769231,39.0,0.939995436915,116.0,13.9915443611,64.0
2016-09-29,3,0,17.0,19.0,0,85.0,71.4615384615,39.0,0.917473490088,116.0,13.57381747,65.0
2016-09-30,4,0,18.0,21.0,0,83.0,73.4615384615,39.0,0.870786516854,116.0,10.11940546,68.0
2016-10-01,5,1,20.0,24.0,0,83.0,73.2307692308,39.0,0.938095238095,116.0,10.2067386952,95.0
2016-10-02,6,1,20.0,24.0,0,85.0,75.0769230769,39.0,1.07648725212,116.0,11.6978731694,53.0
2016-10-03,0,1,18.0,26.0,1,83.0,72.2307692308,39.0,1.02564102564,104.0,12.2106753178,75.0
2016-10-04,1,1,20.0,25.0,1,83.0,70.6153846154,39.0,1.05213493749,103.0,10.179454886,75.0
2016-10-05,2,1,20.0,26.0,1,83.0,70.2307692308,39.0,0.955069395436,96.0,9.90845673114,49.0
2016-10-06,3,1,19.0,25.0,1,82.0,68.3846153846,39.0,0.941566122546,96.0,11.3513026127,64.0
2016-10-07,4,1,17.0,20.0,0,82.0,68.0769230769,39.0,0.874012087401,96.0,11.4116104066,76.0
2016-10-08,5,0,14.0,22.0,1,82.0,68.4615384615,39.0,0.875608061154,96.0,11.58656639,116.0
2016-10-09,6,0,13.0,21.0,1,82.0,71.9230769231,39.0,1.15004492363,116.0,17.1932971665,82.0
2016-10-10,0,0,16.0,21.0,1,82.0,72.2307692308,39.0,1.23757904246,116.0,17.3345091393,105.0
2016-10-11,1,0,16.0,20.0,1,82.0,75.9230769231,39.0,1.36026936027,116.0,18.7512524237,84.0
2016-10-12,2,0,16.0,19.0,1,83.0,77.4615384615,39.0,1.21334228789,116.0,18.5290432507,86.0
2016-10-13,3,0,17.0,20.0,1,83.0,79.0769230769,39.0,1.22059476254,116.0,18.2860246698,82.0
2016-10-14,4,0,16.0,18.0,1,82.0,80.1538461538,39.0,1.10817941953,116.0,18.012158944,86.0
2016-10-15,5,1,18.0,21.0,0,82.0,79.4615384615,39.0,1.10603091661,116.0,17.5963955427,86.0
2016-10-16,6,1,17.0,23.0,1,83.0,82.0,49.0,1.09529969815,116.0,15.8938788411,101.0
2016-10-17,0,0,18.0,22.0,1,83.0,84.0,49.0,1.15997450605,116.0,16.5110685486,94.0
2016-10-18,1,0,18.0,23.0,1,83.0,85.4615384615,49.0,1.16645911166,116.0,16.4906285023,91.0
2016-10-19,2,0,19.0,22.0,1,83.0,88.6923076923,49.0,1.16758522147,116.0,12.7121057711,90.0
2016-10-20,3,0,19.0,21.0,0,83.0,90.6923076923,49.0,1.10574989948,116.0,10.5275069398,80.0
2016-10-21,4,0,19.0,21.0,0,83.0,91.0,49.0,1.04191616766,116.0,10.1451011293,78.0
2016-10-22,5,1,18.0,21.0,0,82.0,88.0769230769,49.0,1.00020165356,116.0,7.70076458204,115.0
2016-10-23,6,1,15.0,18.0,1,82.0,90.6153846154,49.0,1.0612244898,116.0,10.2847045621,101.0
2016-10-24,0,0,16.0,20.0,1,82.0,90.3076923077,49.0,1.12578977599,116.0,9.90248310262,99.0
2016-10-25,1,0,14.0,17.0,1,82.0,91.4615384615,49.0,1.18980169972,116.0,9.97393051614,99.0
2016-10-26,2,0,16.0,18.0,0,82.0,92.4615384615,49.0,1.09825528007,116.0,10.0277720864,85.0
2016-10-27,3,0,15.0,17.0,0,83.0,92.6923076923,49.0,1.02759622367,116.0,9.8166625645,85.0
2016-10-28,4,0,11.0,15.0,0,83.0,92.6153846154,49.0,0.971996386631,116.0,9.87256074285,93.0
2016-10-29,5,1,8.0,12.0,0,84.0,93.1538461538,49.0,0.962312477131,116.0,9.68620076228,77.0
2016-10-30,6,1,10.0,17.0,1,83.0,91.3076923077,49.0,0.935608145294,116.0,10.2835538259,93.0
2016-10-31,0,0,10.0,15.0,0,83.0,91.2307692308,49.0,0.971375807941,116.0,10.2668536575,91.0
