time_stamp,dayofweek,holiday,lt,ht,sunny,m2M,w2A,m1L,d3w3,m1Lar,w2Std,pay_sum
2016-08-01,0,0,27.0,35.0,1,374.0,460.461538462,227.0,0.85894225662,809.0,121.581005212,336.0
2016-08-02,1,0,26.0,36.0,0,374.0,431.0,227.0,0.791652489509,809.0,99.8190670856,292.0
2016-08-03,2,0,25.0,30.0,0,374.0,406.769230769,227.0,0.74443186108,809.0,92.0878793045,288.0
2016-08-04,3,0,25.0,32.0,0,373.0,389.384615385,227.0,0.689006732107,809.0,91.5343890497,285.0
2016-08-05,4,0,26.0,32.0,0,373.0,360.307692308,227.0,0.65537750502,809.0,51.1113183542,322.0
2016-08-06,5,1,26.0,34.0,0,373.0,356.0,227.0,0.682450722483,809.0,51.7939705431,360.0
2016-08-07,6,1,26.0,34.0,0,371.0,357.769230769,227.0,0.742874702312,809.0,51.5067640758,344.0
2016-08-08,0,0,26.0,34.0,1,370.0,349.230769231,227.0,0.832826007549,809.0,43.2135196903,354.0
2016-08-09,1,0,27.0,34.0,1,363.0,344.846153846,227.0,0.898742779477,809.0,39.4517156765,367.0
2016-08-10,2,0,27.0,34.0,1,363.0,342.307692308,255.0,0.933228180862,809.0,36.7933618917,346.0
2016-08-11,3,0,27.0,35.0,1,363.0,340.461538462,255.0,0.956093189964,809.0,35.9499981483,360.0
2016-08-12,4,0,28.0,35.0,1,363.0,335.769230769,255.0,1.00228854327,809.0,28.2982843898,345.0
2016-08-13,5,1,28.0,36.0,1,363.0,335.153846154,285.0,0.986298798799,809.0,28.002324502,412.0
2016-08-14,6,1,27.0,36.0,1,367.0,339.307692308,285.0,1.03728467289,809.0,34.3654222806,405.0
2016-08-15,0,0,27.0,36.0,1,370.0,344.615384615,285.0,1.08664141768,809.0,38.5217989466,378.0
2016-08-16,1,0,27.0,36.0,1,370.0,351.230769231,285.0,1.12269823375,809.0,36.2346070154,419.0
2016-08-17,2,0,27.0,35.0,1,370.0,361.307692308,285.0,1.12625907707,719.0,35.4561150533,441.0
2016-08-18,3,0,27.0,36.0,1,370.0,373.307692308,285.0,1.1485295482,663.0,33.966917424,505.0
2016-08-19,4,0,29.0,37.0,1,370.0,387.384615385,285.0,1.25171939477,663.0,45.6854436699,504.0
2016-08-20,5,1,27.0,36.0,0,370.0,398.461538462,285.0,1.30260971118,663.0,54.3402604459,429.0
2016-08-21,6,1,27.0,33.0,0,370.0,405.0,285.0,1.27958711515,505.0,52.475635372,390.0
2016-08-22,0,0,27.0,34.0,1,370.0,407.769230769,285.0,1.16883116883,505.0,50.628593086,465.0
2016-08-23,1,0,25.0,34.0,1,371.0,415.307692308,285.0,1.10895193678,505.0,51.2886021457,475.0
2016-08-24,2,0,24.0,34.0,1,371.0,425.230769231,285.0,1.12151108862,505.0,49.3623242287,443.0
2016-08-25,3,0,25.0,34.0,1,371.0,431.615384615,285.0,1.1433531746,505.0,45.7477001718,438.0
2016-08-26,4,0,23.0,29.0,1,378.0,438.769230769,285.0,1.10513447433,505.0,38.3107814633,510.0
2016-08-27,5,1,20.0,29.0,1,378.0,446.307692308,285.0,1.11324529812,510.0,41.7858728711,577.0
2016-08-28,6,1,19.0,30.0,1,378.0,459.538461538,285.0,1.18727860174,577.0,52.4750715683,661.0
2016-08-29,0,0,20.0,31.0,1,378.0,481.307692308,285.0,1.31379180759,661.0,69.9311580335,528.0
2016-08-30,1,0,21.0,31.0,1,378.0,489.692307692,285.0,1.30365777138,661.0,68.4772669919,564.0
2016-08-31,2,0,22.0,32.0,1,378.0,499.153846154,285.0,1.26356002451,661.0,69.584310957,662.0
2016-09-01,3,0,22.0,33.0,1,390.0,511.230769231,285.0,1.22430461034,662.0,82.0573475322,557.0
2016-09-02,4,0,22.0,34.0,1,393.0,515.307692308,285.0,1.21752193656,662.0,82.9090183602,703.0
2016-09-03,5,1,23.0,34.0,1,398.0,536.384615385,322.0,1.27445129633,703.0,92.555628563,620.0
2016-09-04,6,1,22.0,33.0,1,400.0,554.076923077,344.0,1.220501834,703.0,84.5162356168,560.0
2016-09-05,0,0,24.0,33.0,1,405.0,561.384615385,344.0,1.20116097343,703.0,80.5104278593,421.0
2016-09-06,1,0,22.0,26.0,0,411.0,557.230769231,345.0,1.02107847827,703.0,86.0618327324,356.0
2016-09-07,2,0,20.0,26.0,1,411.0,550.538461538,345.0,0.859696502058,703.0,97.3294290103,468.0
2016-09-08,3,0,21.0,30.0,1,412.0,552.846153846,345.0,0.803407220985,703.0,94.9605960012,481.0
2016-09-09,4,0,23.0,32.0,1,419.0,550.615384615,345.0,0.844004656577,703.0,96.2724806606,599.0
2016-09-10,5,1,21.0,30.0,1,421.0,552.307692308,345.0,0.98492078641,703.0,96.9126368004,791.0
2016-09-11,6,1,20.0,28.0,1,421.0,562.307692308,356.0,1.14655146,791.0,112.98630592,616.0
2016-09-12,0,0,20.0,30.0,1,425.0,569.076923077,356.0,1.21245089151,791.0,113.363582226,395.0
2016-09-13,1,0,21.0,30.0,1,425.0,556.076923077,356.0,1.09710806697,791.0,122.520617755,486.0
2016-09-14,2,0,22.0,28.0,1,429.0,542.538461538,356.0,0.907850450287,791.0,119.761054017,632.0
2016-09-15,3,1,21.0,23.0,0,438.0,548.307692308,356.0,0.901641786598,791.0,122.102343338,364.0
2016-09-16,4,1,21.0,23.0,0,429.0,522.230769231,356.0,0.894846481297,791.0,122.479608253,366.0
2016-09-17,5,1,21.0,27.0,1,421.0,502.692307692,356.0,0.838411819021,791.0,125.545814264,586.0
2016-09-18,6,0,20.0,28.0,1,421.0,504.692307692,356.0,0.815744614908,791.0,126.645103532,422.0
2016-09-19,0,0,17.0,26.0,1,421.0,504.769230769,356.0,0.860174664288,791.0,126.59453983,422.0
2016-09-20,1,0,18.0,26.0,1,421.0,509.846153846,356.0,0.90733162019,791.0,121.757543537,408.0
2016-09-21,2,0,17.0,24.0,1,421.0,505.230769231,356.0,0.814070678501,791.0,124.365561549,447.0
2016-09-22,3,0,19.0,27.0,1,422.0,502.615384615,356.0,0.839330901443,791.0,125.202321471,467.0
2016-09-23,4,0,19.0,28.0,1,422.0,492.461538462,356.0,0.889606675415,791.0,122.292597037,583.0
2016-09-24,5,1,21.0,29.0,1,422.0,476.461538462,356.0,1.01114488349,791.0,92.0556816319,783.0
2016-09-25,6,1,21.0,28.0,1,429.0,489.307692308,356.0,1.21074011691,791.0,118.48880805,762.0
2016-09-26,0,0,23.0,30.0,1,438.0,517.538461538,356.0,1.35965752987,791.0,135.198210835,473.0
2016-09-27,1,0,23.0,30.0,0,441.0,516.538461538,356.0,1.27507661201,791.0,135.475581328,454.0
2016-09-28,2,0,19.0,23.0,0,443.0,502.846153846,356.0,1.06861535541,791.0,132.066327248,381.0
2016-09-29,3,0,17.0,19.0,0,443.0,504.153846154,356.0,0.835489125228,791.0,130.762760021,446.0
2016-09-30,4,0,18.0,21.0,0,446.0,510.307692308,356.0,0.830416180475,791.0,125.908626585,650.0
2016-10-01,5,1,20.0,24.0,0,447.0,515.230769231,356.0,0.970784449045,791.0,129.958072438,416.0
2016-10-02,6,1,20.0,24.0,0,447.0,514.769230769,356.0,1.01377853766,791.0,130.298564752,383.0
2016-10-03,0,1,18.0,26.0,1,447.0,511.769230769,356.0,0.972711710805,791.0,132.824438116,379.0
2016-10-04,1,1,20.0,25.0,1,447.0,509.538461538,356.0,0.799402823018,791.0,134.777660432,337.0
2016-10-05,2,1,20.0,26.0,1,447.0,501.076923077,337.0,0.768880959877,791.0,141.712852432,419.0
2016-10-06,3,1,19.0,25.0,1,447.0,497.384615385,337.0,0.789510294936,791.0,143.170440901,457.0
2016-10-07,4,1,17.0,20.0,0,454.0,487.692307692,337.0,0.835831180017,791.0,141.299128755,477.0
2016-10-08,5,0,14.0,22.0,1,457.0,464.153846154,337.0,0.942922851767,791.0,112.747400553,409.0
2016-10-09,6,0,13.0,21.0,1,457.0,437.0,337.0,0.937227398025,791.0,73.3799385705,471.0
2016-10-10,0,0,16.0,21.0,1,465.0,436.846153846,337.0,0.942164826772,783.0,73.306360469,411.0
2016-10-11,1,0,16.0,20.0,1,465.0,433.538461538,337.0,0.896061079299,783.0,73.4277409165,402.0
2016-10-12,2,0,16.0,19.0,1,465.0,435.153846154,337.0,0.89539748954,783.0,72.4790114488,429.0
2016-10-13,3,0,17.0,20.0,1,465.0,433.846153846,337.0,0.869565217391,783.0,72.4248641472,414.0
2016-10-14,4,0,16.0,18.0,1,465.0,415.692307692,337.0,0.887415802416,783.0,36.7703572405,633.0
2016-10-15,5,1,18.0,21.0,0,467.0,432.384615385,337.0,1.06921655982,783.0,68.599774009,739.0
2016-10-16,6,1,17.0,23.0,1,468.0,459.769230769,337.0,1.29702251271,783.0,104.881731082,763.0
2016-10-17,0,0,18.0,22.0,1,468.0,489.307692308,337.0,1.50299190426,783.0,129.223946706,439.0
2016-10-18,1,0,18.0,23.0,1,467.0,497.153846154,337.0,1.36858804865,783.0,122.668312098,411.0
2016-10-19,2,0,19.0,22.0,1,467.0,496.538461538,337.0,1.13371990863,783.0,123.078221147,497.0
2016-10-20,3,0,19.0,21.0,0,468.0,499.615384615,337.0,0.941694630872,783.0,122.550170864,353.0
2016-10-21,4,0,19.0,21.0,0,468.0,490.076923077,337.0,0.909910885016,783.0,128.614786528,573.0
2016-10-22,5,1,18.0,21.0,0,468.0,502.692307692,337.0,1.00964949624,783.0,128.085539096,665.0
2016-10-23,6,1,15.0,18.0,1,471.0,517.615384615,337.0,1.09595646483,783.0,134.65656513,655.0
2016-10-24,0,0,16.0,20.0,1,473.0,536.384615385,337.0,1.26783202733,763.0,135.490299659,449.0
2016-10-25,1,0,14.0,17.0,1,471.0,540.0,337.0,1.17160076826,763.0,132.449119404,461.0
2016-10-26,2,0,16.0,18.0,0,468.0,542.461538462,337.0,1.03218572748,763.0,130.648451011,426.0
2016-10-27,3,0,15.0,17.0,0,467.0,543.384615385,337.0,0.883860937448,763.0,129.777050514,445.0
2016-10-28,4,0,11.0,15.0,0,461.0,528.923076923,337.0,0.884021901444,763.0,129.459504532,603.0
2016-10-29,5,1,8.0,12.0,0,461.0,518.461538462,337.0,0.959729140216,763.0,116.95141357,731.0
2016-10-30,6,1,10.0,17.0,1,461.0,516.0,337.0,1.12963139347,763.0,112.010988472,669.0
2016-10-31,0,0,10.0,15.0,0,461.0,533.692307692,337.0,1.24136221375,763.0,116.5249294,392.0
