time_stamp,dayofweek,holiday,lt,ht,sunny,m2M,w2A,m1L,d3w3,m1Lar,w2Std,pay_sum
2016-08-01,0,0,27.0,37.0,1,60.0,82.3846153846,52.0,1.18345618346,110.0,14.9745345968,88.0
2016-08-02,1,0,27.0,35.0,0,61.0,84.3846153846,52.0,1.18220597197,110.0,13.8093528035,78.0
2016-08-03,2,0,26.0,32.0,0,62.0,84.3076923077,52.0,1.09483109483,110.0,13.8418796822,72.0
2016-08-04,3,0,27.0,33.0,0,62.0,83.4615384615,52.0,0.971626862625,110.0,14.2268185784,86.0
2016-08-05,4,0,26.0,33.0,0,62.0,84.9230769231,52.0,0.955272212103,110.0,13.4133202364,72.0
2016-08-06,5,1,26.0,34.0,0,63.0,82.7692307692,52.0,0.945918157516,110.0,13.0628883963,92.0
2016-08-07,6,1,27.0,35.0,1,64.0,84.0,52.0,1.02753801891,110.0,13.1207410673,84.0
2016-08-08,0,0,26.0,34.0,0,67.0,86.4615384615,52.0,1.00628930818,110.0,9.34480838685,90.0
2016-08-09,1,0,26.0,30.0,0,67.0,86.0,52.0,1.06124077399,103.0,9.00427249015,93.0
2016-08-10,2,0,27.0,35.0,0,68.0,87.0769230769,52.0,1.05637982196,103.0,8.93963980054,79.0
2016-08-11,3,0,27.0,36.0,1,68.0,86.3846153846,52.0,1.03906404918,103.0,9.18643198115,89.0
2016-08-12,4,0,27.0,36.0,1,70.0,86.6153846154,52.0,1.02172636524,103.0,9.21151838764,87.0
2016-08-13,5,1,27.0,35.0,1,72.0,85.6153846154,52.0,1.00591715976,103.0,8.37154945256,106.0
2016-08-14,6,1,28.0,35.0,1,72.0,85.8461538462,52.0,1.09302325581,106.0,8.87386962549,120.0
2016-08-15,0,0,27.0,36.0,1,72.0,88.3076923077,52.0,1.16703952274,120.0,12.730246329,101.0
2016-08-16,1,0,26.0,36.0,1,75.0,90.0769230769,52.0,1.21583937535,120.0,12.7729373675,129.0
2016-08-17,2,0,28.0,37.0,1,76.0,94.4615384615,52.0,1.26605172726,129.0,15.3403208502,101.0
2016-08-18,3,0,28.0,37.0,1,77.0,95.6153846154,52.0,1.18893678161,129.0,15.2241632916,114.0
2016-08-19,4,0,28.0,38.0,1,77.0,98.8461538462,52.0,1.21726822364,129.0,14.2981771503,125.0
2016-08-20,5,1,27.0,37.0,0,78.0,101.384615385,52.0,1.18735812816,129.0,15.7164218943,116.0
2016-08-21,6,1,27.0,35.0,0,79.0,103.846153846,52.0,1.23135622615,129.0,15.3013129343,111.0
2016-08-22,0,0,27.0,36.0,1,79.0,105.461538462,52.0,1.20651242502,129.0,14.8563137814,152.0
2016-08-23,1,0,27.0,35.0,0,79.0,110.0,52.0,1.25144460954,152.0,18.8353187063,147.0
2016-08-24,2,0,27.0,35.0,1,81.0,115.230769231,72.0,1.3053167781,152.0,18.9418293575,149.0
2016-08-25,3,0,26.0,35.0,1,83.0,119.846153846,72.0,1.38463915933,152.0,19.2946630877,158.0
2016-08-26,4,0,25.0,34.0,0,84.0,125.307692308,72.0,1.34938326646,158.0,19.2728769773,137.0
2016-08-27,5,1,23.0,31.0,1,86.0,127.692307692,72.0,1.29370629371,158.0,18.6439704231,132.0
2016-08-28,6,1,21.0,31.0,1,86.0,128.615384615,72.0,1.21860730594,158.0,18.5370251598,122.0
2016-08-29,0,0,21.0,32.0,1,87.0,130.230769231,72.0,1.10078828829,158.0,16.9031351036,143.0
2016-08-30,1,0,21.0,32.0,1,88.0,131.307692308,72.0,1.09456851392,158.0,17.2331729093,135.0
2016-08-31,2,0,21.0,33.0,1,88.0,133.923076923,72.0,1.07787658313,158.0,14.8503381907,163.0
2016-09-01,3,0,23.0,33.0,0,89.0,137.692307692,72.0,1.15384615385,163.0,15.5186469245,105.0
2016-09-02,4,0,22.0,34.0,1,90.0,136.153846154,72.0,1.04702520135,163.0,17.5580187854,107.0
2016-09-03,5,1,23.0,35.0,1,91.0,135.461538462,72.0,0.973899493572,163.0,18.4916421229,98.0
2016-09-04,6,1,24.0,32.0,1,92.0,134.461538462,79.0,0.812049770792,163.0,20.0714699343,89.0
2016-09-05,0,0,24.0,30.0,0,92.0,129.615384615,79.0,0.773786024477,163.0,22.6869615606,123.0
2016-09-06,1,0,23.0,28.0,0,93.0,127.769230769,79.0,0.817834058831,163.0,22.1677306918,123.0
2016-09-07,2,0,21.0,27.0,0,96.0,125.769230769,79.0,0.876160585851,163.0,21.3186586609,128.0
2016-09-08,3,0,22.0,30.0,1,96.0,123.461538462,79.0,0.972818311874,163.0,19.2258455235,118.0
2016-09-09,4,0,22.0,29.0,1,98.0,122.0,87.0,0.962441314554,163.0,18.8598066717,86.0
2016-09-10,5,1,22.0,28.0,0,98.0,118.461538462,86.0,0.876220638691,163.0,20.8607669474,101.0
2016-09-11,6,1,21.0,25.0,0,98.0,116.846153846,86.0,0.808161102279,163.0,21.3319772745,82.0
2016-09-12,0,0,21.0,27.0,1,98.0,112.153846154,82.0,0.733169801036,163.0,21.7674639131,94.0
2016-09-13,1,0,21.0,28.0,0,98.0,109.0,82.0,0.771695222176,163.0,21.1914351349,89.0
2016-09-14,2,0,21.0,25.0,0,98.0,103.307692308,82.0,0.757251035862,163.0,14.9377406148,71.0
2016-09-15,3,1,22.0,25.0,0,98.0,100.692307692,71.0,0.75393291778,163.0,17.2153089983,80.0
2016-09-16,4,1,23.0,27.0,0,98.0,98.6153846154,71.0,0.730927364093,163.0,17.9423798333,108.0
2016-09-17,5,1,22.0,27.0,1,100.0,99.3846153846,71.0,0.79753656659,163.0,18.1130571753,90.0
2016-09-18,6,0,22.0,26.0,0,100.0,99.4615384615,71.0,0.868885763401,163.0,18.0708664158,73.0
2016-09-19,0,0,20.0,27.0,1,100.0,95.6153846154,71.0,0.875747293585,163.0,17.9723653746,82.0
2016-09-20,1,0,19.0,26.0,1,100.0,92.4615384615,71.0,0.812603648425,163.0,16.4205096174,99.0
2016-09-21,2,0,19.0,26.0,1,99.0,90.2307692308,71.0,0.870161014046,163.0,13.0687757425,74.0
2016-09-22,3,0,20.0,27.0,1,99.0,86.8461538462,71.0,0.88772845953,163.0,10.9674073358,103.0
2016-09-23,4,0,20.0,29.0,1,100.0,88.1538461538,71.0,0.962846677132,163.0,11.7724982895,63.0
2016-09-24,5,1,21.0,30.0,1,100.0,85.2307692308,63.0,0.852878464819,163.0,12.8850172153,115.0
2016-09-25,6,1,21.0,30.0,1,101.0,87.7692307692,63.0,0.984928145811,163.0,15.0647517591,103.0
2016-09-26,0,0,24.0,31.0,1,101.0,88.4615384615,63.0,0.99539496989,163.0,15.5346529986,100.0
2016-09-27,1,0,23.0,28.0,0,101.0,89.3076923077,63.0,1.14039806347,163.0,15.8375630186,70.0
2016-09-28,2,0,22.0,28.0,0,101.0,89.2307692308,63.0,1.01054969461,163.0,15.9284643432,86.0
2016-09-29,3,0,22.0,25.0,0,101.0,89.6923076923,63.0,0.964763519879,163.0,15.7401232298,81.0
2016-09-30,4,0,22.0,29.0,0,101.0,87.6153846154,63.0,0.895691609977,128.0,14.9488279013,93.0
2016-10-01,5,1,23.0,30.0,0,101.0,87.8461538462,63.0,0.987091875475,128.0,15.0069017652,79.0
2016-10-02,6,1,22.0,30.0,1,101.0,88.3076923077,63.0,0.962160106484,128.0,14.6307611421,69.0
2016-10-03,0,1,21.0,27.0,0,101.0,87.3076923077,63.0,0.929783950617,128.0,15.4490956439,91.0
2016-10-04,1,1,20.0,27.0,1,101.0,86.6923076923,63.0,0.921001926782,128.0,15.1270751425,85.0
2016-10-05,2,1,21.0,27.0,1,101.0,87.5384615385,63.0,0.936544342508,128.0,14.6949252602,88.0
2016-10-06,3,1,22.0,27.0,0,101.0,86.3846153846,63.0,1.00456621005,128.0,14.008450535,91.0
2016-10-07,4,1,20.0,23.0,0,101.0,88.5384615385,63.0,1.0144092219,118.0,12.2951859536,73.0
2016-10-08,5,0,17.0,22.0,0,101.0,85.3076923077,63.0,0.977881257276,115.0,10.2685825206,95.0
2016-10-09,6,0,16.0,22.0,1,101.0,84.6923076923,63.0,0.992337164751,115.0,9.39217854129,97.0
2016-10-10,0,0,15.0,21.0,1,101.0,84.4615384615,63.0,1.00664767331,115.0,9.04361555179,80.0
2016-10-11,1,0,17.0,23.0,1,101.0,85.2307692308,63.0,1.044546851,115.0,8.16327466489,93.0
2016-10-12,2,0,18.0,25.0,1,100.0,85.7692307692,63.0,1.02564102564,115.0,8.42298911089,81.0
2016-10-13,3,0,18.0,23.0,1,99.0,85.7692307692,63.0,0.977110982881,115.0,8.42298911089,119.0
2016-10-14,4,0,19.0,22.0,0,99.0,87.7692307692,63.0,1.09185764859,119.0,12.1601736207,116.0
2016-10-15,5,1,20.0,23.0,0,99.0,90.6153846154,63.0,1.17690875233,119.0,13.9699593168,96.0
2016-10-16,6,1,20.0,26.0,0,98.0,92.6923076923,63.0,1.23761450738,119.0,12.5353936785,117.0
2016-10-17,0,0,20.0,24.0,0,98.0,94.6923076923,63.0,1.21851851852,119.0,14.0842771879,72.0
2016-10-18,1,0,20.0,24.0,0,97.0,93.6923076923,63.0,1.05438401776,119.0,15.1575551884,79.0
2016-10-19,2,0,20.0,24.0,0,96.0,93.0,63.0,0.995357474466,119.0,15.6007889347,65.0
2016-10-20,3,0,21.0,25.0,0,95.0,91.0,63.0,0.809443507589,119.0,17.3027343326,91.0
2016-10-21,4,0,21.0,25.0,0,94.0,92.3846153846,63.0,0.881635715626,119.0,16.5089181565,89.0
2016-10-22,5,1,20.0,23.0,0,93.0,91.9230769231,63.0,0.914008580489,119.0,16.5132186606,75.0
2016-10-23,6,1,17.0,23.0,0,93.0,90.2307692308,65.0,0.948131622978,119.0,17.0255637935,116.0
2016-10-24,0,0,19.0,24.0,1,93.0,93.0,65.0,1.0267693436,119.0,18.0341556284,104.0
2016-10-25,1,0,19.0,23.0,1,93.0,93.8461538462,65.0,1.07058610053,119.0,18.2708096484,86.0
2016-10-26,2,0,19.0,24.0,0,91.0,94.2307692308,65.0,1.11171662125,119.0,18.0476030633,105.0
2016-10-27,3,0,18.0,24.0,0,91.0,93.1538461538,65.0,1.06363800252,119.0,16.9199297773,75.0
2016-10-28,4,0,15.0,19.0,0,91.0,90.0,65.0,0.958040698721,119.0,16.1721508013,110.0
2016-10-29,5,1,12.0,15.0,0,91.0,91.0769230769,65.0,1.03608431583,119.0,16.9817165865,99.0
2016-10-30,6,1,14.0,18.0,1,91.0,89.6923076923,65.0,1.01356174161,119.0,15.4789416026,100.0
2016-10-31,0,0,12.0,17.0,0,91.0,91.8461538462,65.0,1.09110169492,119.0,14.8004477783,82.0
