time_stamp,dayofweek,holiday,lt,ht,sunny,m2M,w2A,m1L,d3w3,m1Lar,w2Std,pay_sum
2016-08-01,0,0,24.0,30.0,1,62.0,64.6153846154,42.0,0.93361482524,115.0,18.3367577939,59.0
2016-08-02,1,0,24.0,33.0,1,62.0,64.9230769231,42.0,1.0059311981,115.0,18.2059226984,52.0
2016-08-03,2,0,25.0,34.0,1,62.0,64.2307692308,42.0,0.873130728413,115.0,18.5105119663,51.0
2016-08-04,3,0,25.0,33.0,1,62.0,64.6153846154,42.0,0.787746170678,115.0,18.1766480008,47.0
2016-08-05,4,0,25.0,32.0,1,62.0,63.0,42.0,0.748502994012,115.0,18.7288342074,51.0
2016-08-06,5,1,24.0,33.0,1,62.0,58.9230769231,42.0,0.780922431866,115.0,14.6941199043,91.0
2016-08-07,6,1,23.0,31.0,1,62.0,58.6153846154,42.0,1.00079428118,115.0,13.9589423312,87.0
2016-08-08,0,0,24.0,32.0,1,62.0,61.0,42.0,1.19457485655,115.0,15.8308365103,48.0
2016-08-09,1,0,25.0,33.0,1,62.0,61.4615384615,42.0,1.1854183058,115.0,15.3503464487,58.0
2016-08-10,2,0,26.0,33.0,1,62.0,61.7692307692,42.0,1.01472134595,115.0,15.237372306,57.0
2016-08-11,3,0,27.0,34.0,1,62.0,61.5384615385,42.0,0.849622100599,115.0,15.2850625152,49.0
2016-08-12,4,0,25.0,29.0,0,62.0,61.7692307692,42.0,0.867724867725,115.0,15.0698570569,67.0
2016-08-13,5,1,24.0,31.0,0,62.0,60.5384615385,42.0,0.943036249659,115.0,13.8930828645,87.0
2016-08-14,6,1,24.0,33.0,1,63.0,61.8461538462,42.0,1.11385459534,115.0,15.4364511358,89.0
2016-08-15,0,0,21.0,29.0,0,64.0,64.1538461538,42.0,1.29807692308,104.0,17.0015662348,54.0
2016-08-16,1,0,23.0,31.0,1,64.0,64.3076923077,42.0,1.21693121693,104.0,16.8996341125,49.0
2016-08-17,2,0,23.0,28.0,0,64.0,64.1538461538,42.0,1.01992031873,104.0,17.0286914166,58.0
2016-08-18,3,0,22.0,24.0,0,63.0,65.0,42.0,0.856610800745,104.0,16.4176265501,44.0
2016-08-19,4,0,22.0,32.0,1,63.0,64.4615384615,42.0,0.804689581668,104.0,16.9733518951,61.0
2016-08-20,5,1,23.0,31.0,1,63.0,62.1538461538,42.0,0.884187686466,104.0,15.1497456381,104.0
2016-08-21,6,1,23.0,34.0,1,64.0,63.4615384615,42.0,1.10319345474,104.0,17.7487394335,116.0
2016-08-22,0,0,23.0,32.0,1,66.0,68.6923076923,42.0,1.41919191919,116.0,21.9453328327,36.0
2016-08-23,1,0,24.0,30.0,0,66.0,67.0,36.0,1.30879345603,116.0,23.4979540844,67.0
2016-08-24,2,0,24.0,31.0,0,66.0,67.7692307692,36.0,1.10606060606,116.0,23.321016755,75.0
2016-08-25,3,0,18.0,30.0,1,66.0,69.7692307692,36.0,0.880316518299,116.0,22.7330794088,55.0
2016-08-26,4,0,17.0,29.0,1,66.0,68.8461538462,36.0,0.971400394477,116.0,23.0679469723,74.0
2016-08-27,5,1,20.0,32.0,1,67.0,67.8461538462,36.0,1.01872659176,116.0,22.5349170224,104.0
2016-08-28,6,1,18.0,31.0,1,67.0,69.0,36.0,1.14891518738,116.0,23.9293832895,110.0
2016-08-29,0,0,19.0,31.0,1,68.0,73.3076923077,36.0,1.35785007072,116.0,25.8081222021,57.0
2016-08-30,1,0,19.0,31.0,1,67.0,73.9230769231,36.0,1.27860344421,116.0,25.31178363,68.0
2016-08-31,2,0,19.0,33.0,1,67.0,74.6923076923,36.0,1.10018726592,116.0,24.9657753901,70.0
2016-09-01,3,0,19.0,27.0,1,67.0,76.6923076923,36.0,0.899653979239,116.0,23.4205189964,65.0
2016-09-02,4,0,19.0,28.0,1,67.0,77.0,36.0,0.937860937861,116.0,23.2379000772,74.0
2016-09-03,5,1,20.0,30.0,1,67.0,74.6923076923,36.0,0.974358974359,116.0,21.8926914935,93.0
2016-09-04,6,1,18.0,29.0,0,68.0,72.9230769231,36.0,1.07856810786,116.0,19.253217667,100.0
2016-09-05,0,0,20.0,31.0,1,68.0,77.8461538462,36.0,1.2027027027,116.0,17.2619909443,73.0
2016-09-06,1,0,21.0,30.0,1,68.0,78.3076923077,36.0,1.17907801418,116.0,17.044668083,56.0
2016-09-07,2,0,19.0,31.0,1,67.0,76.8461538462,36.0,1.01642254771,116.0,18.0505535984,44.0
2016-09-08,3,0,18.0,31.0,1,67.0,76.0,36.0,0.767865068797,116.0,19.2713418159,59.0
2016-09-09,4,0,19.0,31.0,1,65.0,74.8461538462,36.0,0.706666666667,116.0,19.7983921408,68.0
2016-09-10,5,1,18.0,30.0,1,65.0,72.0769230769,36.0,0.77868852459,116.0,17.9591910836,87.0
2016-09-11,6,1,18.0,25.0,0,65.0,70.3076923077,36.0,0.994192799071,116.0,15.0301472196,86.0
2016-09-12,0,0,18.0,27.0,1,67.0,72.5384615385,36.0,1.08193041526,116.0,15.0415597831,67.0
2016-09-13,1,0,19.0,27.0,1,67.0,72.4615384615,36.0,1.07744107744,116.0,15.0671082653,63.0
2016-09-14,2,0,20.0,30.0,1,65.0,71.9230769231,36.0,0.977596741344,116.0,15.2691823289,53.0
2016-09-15,3,1,21.0,30.0,1,63.0,71.0,36.0,0.829367777022,116.0,16.0048069702,101.0
2016-09-16,4,1,20.0,30.0,0,63.0,73.0769230769,36.0,0.965732087227,116.0,17.8991256274,73.0
2016-09-17,5,1,17.0,24.0,1,65.0,71.5384615385,36.0,1.03158373097,116.0,16.9552142405,87.0
2016-09-18,6,0,15.0,22.0,0,67.0,70.5384615385,36.0,1.20498614958,116.0,15.574216289,72.0
2016-09-19,0,0,13.0,25.0,1,67.0,70.4615384615,36.0,1.06008681745,116.0,15.5643348946,56.0
2016-09-20,1,0,14.0,26.0,1,67.0,70.4615384615,36.0,0.990555171619,110.0,15.5643348946,54.0
2016-09-21,2,0,16.0,23.0,0,65.0,71.2307692308,44.0,0.847891917074,110.0,14.4443432961,49.0
2016-09-22,3,0,17.0,26.0,0,63.0,70.4615384615,44.0,0.749116607774,110.0,15.3152281412,63.0
2016-09-23,4,0,19.0,27.0,1,63.0,70.0769230769,44.0,0.788224121557,110.0,15.4345343976,63.0
2016-09-24,5,1,20.0,29.0,1,63.0,68.2307692308,44.0,0.849102377487,110.0,14.718663433,68.0
2016-09-25,6,1,19.0,27.0,1,65.0,66.8461538462,44.0,0.963735717834,110.0,13.7999228194,81.0
2016-09-26,0,0,19.0,24.0,0,67.0,67.9230769231,44.0,1.04691358025,110.0,14.3068651539,52.0
2016-09-27,1,0,12.0,23.0,1,67.0,67.0769230769,44.0,0.995542347697,101.0,14.886553243,53.0
2016-09-28,2,0,10.0,20.0,1,65.0,67.0769230769,44.0,0.915129151292,101.0,14.886553243,74.0
2016-09-29,3,0,12.0,22.0,1,65.0,65.0,44.0,0.87104622871,101.0,11.5091936495,44.0
2016-09-30,4,0,14.0,24.0,1,65.0,62.7692307692,44.0,0.846953937593,101.0,12.5094047461,64.0
2016-10-01,5,1,15.0,26.0,1,65.0,61.0,44.0,0.917107583774,101.0,10.4070981694,92.0
2016-10-02,6,1,16.0,26.0,1,67.0,62.5384615385,44.0,1.00326059694,101.0,13.0597171875,74.0
2016-10-03,0,1,16.0,28.0,1,67.0,63.9230769231,44.0,1.14770459082,101.0,13.2459662276,67.0
2016-10-04,1,1,11.0,19.0,0,67.0,64.9230769231,44.0,1.1592039801,101.0,12.9464075116,72.0
2016-10-05,2,1,13.0,21.0,1,67.0,66.6923076923,44.0,1.04488594555,101.0,12.1995246779,78.0
2016-10-06,3,1,14.0,17.0,0,67.0,67.8461538462,44.0,1.08283433134,101.0,12.5013608727,60.0
2016-10-07,4,1,12.0,16.0,0,67.0,67.6153846154,44.0,1.0582010582,101.0,12.6158536498,96.0
2016-10-08,5,0,5.0,19.0,1,67.0,69.7692307692,44.0,1.17117117117,101.0,14.7134362778,66.0
2016-10-09,6,0,8.0,18.0,1,67.0,68.6153846154,44.0,1.1161387632,101.0,14.3716519126,67.0
2016-10-10,0,0,10.0,20.0,1,67.0,69.7692307692,44.0,1.14185988532,101.0,13.5712016709,69.0
2016-10-11,1,0,10.0,20.0,1,68.0,71.0,44.0,0.996055226824,101.0,12.6916083723,64.0
2016-10-12,2,0,10.0,19.0,1,67.0,70.2307692308,44.0,0.975371860522,101.0,12.789141104,59.0
2016-10-13,3,0,12.0,22.0,1,67.0,71.3846153846,44.0,0.939104915627,101.0,10.9089833238,73.0
2016-10-14,4,0,13.0,23.0,1,67.0,72.0769230769,44.0,0.951687302743,101.0,10.7019878704,60.0
2016-10-15,5,1,11.0,17.0,0,67.0,69.6153846154,44.0,0.937728937729,96.0,9.44244477419,92.0
2016-10-16,6,1,12.0,20.0,1,68.0,71.0,44.0,1.09011627907,96.0,11.1493359581,117.0
2016-10-17,0,0,9.0,21.0,1,68.0,74.8461538462,44.0,1.24450613,117.0,16.4636950421,63.0
2016-10-18,1,0,12.0,20.0,1,68.0,74.1538461538,44.0,1.24971284172,117.0,16.7554636501,70.0
2016-10-19,2,0,14.0,22.0,1,68.0,73.5384615385,44.0,1.15180833909,117.0,16.7498123278,65.0
2016-10-20,3,0,11.0,15.0,0,68.0,73.9230769231,44.0,0.899182561308,117.0,16.4899108476,68.0
2016-10-21,4,0,11.0,11.0,0,68.0,71.7692307692,44.0,0.919384057971,117.0,15.247465596,54.0
2016-10-22,5,1,7.0,15.0,1,68.0,70.8461538462,44.0,0.869363086936,117.0,15.9173159404,110.0
2016-10-23,6,1,0.0,5.0,1,68.0,74.1538461538,44.0,1.05215419501,117.0,18.9527597091,133.0
2016-10-24,0,0,6.0,13.0,1,68.0,79.0769230769,44.0,1.2890625,133.0,24.4806408239,63.0
2016-10-25,1,0,10.0,17.0,1,68.0,79.0,44.0,1.33595284872,133.0,24.5294171902,71.0
2016-10-26,2,0,0.0,10.0,1,68.0,79.9230769231,44.0,1.17105263158,133.0,23.9790342349,76.0
2016-10-27,3,0,7.0,11.0,0,68.0,80.1538461538,44.0,0.911458333333,133.0,23.9256738635,49.0
2016-10-28,4,0,2.0,13.0,1,68.0,79.3076923077,44.0,0.877546451757,133.0,24.801937317,61.0
2016-10-29,5,1,2.0,12.0,1,68.0,76.9230769231,49.0,0.835579514825,133.0,24.9567673525,116.0
2016-10-30,6,1,2.0,13.0,1,68.0,76.8461538462,49.0,0.982822352685,133.0,24.8343625272,117.0
2016-10-31,0,0,-4.0,6.0,1,68.0,81.0,49.0,1.23972169513,133.0,26.6227201985,75.0
