time_stamp,dayofweek,holiday,lt,ht,sunny,m2M,w2A,m1L,d3w3,m1Lar,w2Std,pay_sum
2016-08-01,0,0,27.0,37.0,1,68.0,70.8461538462,42.0,0.896473265074,100.0,12.7088470327,87.0
2016-08-02,1,0,26.0,36.0,0,68.0,72.8461538462,42.0,1.07599193006,97.0,13.0433959349,66.0
2016-08-03,2,0,25.0,31.0,0,68.0,73.0769230769,44.0,0.97638510445,97.0,12.8928217265,53.0
2016-08-04,3,0,25.0,29.0,0,68.0,72.3076923077,44.0,0.959031657356,97.0,13.7414847221,68.0
2016-08-05,4,0,25.0,31.0,0,68.0,71.8461538462,44.0,0.861552637641,97.0,13.7776081091,54.0
2016-08-06,5,1,24.0,32.0,0,68.0,68.9230769231,44.0,0.830959164292,97.0,13.2110765791,90.0
2016-08-07,6,1,25.0,32.0,0,68.0,69.6923076923,44.0,1.00236406619,97.0,14.0951962105,80.0
2016-08-08,0,0,26.0,32.0,0,68.0,70.3846153846,44.0,1.0523843082,97.0,14.3609430885,61.0
2016-08-09,1,0,26.0,32.0,0,68.0,69.8461538462,44.0,1.08527131783,97.0,14.5699699268,57.0
2016-08-10,2,0,26.0,34.0,0,68.0,67.9230769231,44.0,0.934182590234,97.0,14.4885182045,64.0
2016-08-11,3,0,27.0,35.0,0,68.0,67.4615384615,44.0,0.858085808581,97.0,14.5105552278,69.0
2016-08-12,4,0,28.0,38.0,1,68.0,69.3846153846,44.0,0.898982730069,97.0,12.8334806211,77.0
2016-08-13,5,1,28.0,37.0,1,68.0,68.3076923077,44.0,1.00430416069,97.0,11.4917001178,86.0
2016-08-14,6,1,28.0,37.0,1,69.0,70.1538461538,44.0,1.10476190476,97.0,12.2339134807,80.0
2016-08-15,0,0,28.0,37.0,1,69.0,69.6153846154,44.0,1.14975159688,92.0,11.6192046698,61.0
2016-08-16,1,0,27.0,37.0,1,69.0,69.2307692308,44.0,1.07941036614,92.0,11.8136416984,40.0
2016-08-17,2,0,27.0,36.0,1,69.0,68.2307692308,40.0,0.887254901961,92.0,13.5655323758,60.0
2016-08-18,3,0,28.0,37.0,1,69.0,67.6153846154,40.0,0.795061728395,92.0,13.7423459062,54.0
2016-08-19,4,0,27.0,37.0,1,69.0,67.6153846154,40.0,0.754901960784,92.0,13.7423459062,70.0
2016-08-20,5,1,26.0,36.0,1,69.0,66.0769230769,40.0,0.916106547175,92.0,12.181079518,55.0
2016-08-21,6,1,26.0,34.0,1,69.0,64.1538461538,40.0,0.895895895896,92.0,11.7986058749,65.0
2016-08-22,0,0,27.0,33.0,1,68.0,64.4615384615,40.0,0.966921119593,91.0,11.7644535302,64.0
2016-08-23,1,0,27.0,34.0,1,68.0,65.0,40.0,0.937818552497,91.0,11.5691898526,63.0
2016-08-24,2,0,27.0,34.0,1,68.0,64.9230769231,40.0,0.971168437026,91.0,11.5789034851,52.0
2016-08-25,3,0,24.0,35.0,0,68.0,63.6153846154,40.0,0.916538658474,91.0,11.9970410553,41.0
2016-08-26,4,0,21.0,27.0,0,68.0,60.8461538462,40.0,0.806826997673,91.0,12.7209467103,73.0
2016-08-27,5,1,18.0,27.0,1,68.0,59.8461538462,40.0,0.870020964361,91.0,11.1137209295,81.0
2016-08-28,6,1,18.0,30.0,1,69.0,59.9230769231,40.0,1.02120974077,91.0,11.2555048991,88.0
2016-08-29,0,0,19.0,31.0,1,69.0,62.0,40.0,1.24102564103,90.0,13.5249058009,65.0
2016-08-30,1,0,20.0,31.0,1,69.0,63.9230769231,40.0,1.19266055046,90.0,11.9451408754,69.0
2016-08-31,2,0,21.0,32.0,1,69.0,64.6153846154,40.0,1.12718964204,90.0,11.9585081494,82.0
2016-09-01,3,0,21.0,31.0,1,69.0,66.7692307692,40.0,1.08597285068,90.0,12.3671640064,78.0
2016-09-02,4,0,22.0,33.0,1,70.0,67.3846153846,40.0,1.15046470736,90.0,12.7069845212,68.0
2016-09-03,5,1,22.0,33.0,1,70.0,68.3846153846,40.0,1.16119174943,90.0,12.1941881588,101.0
2016-09-04,6,1,22.0,31.0,1,70.0,71.1538461538,40.0,1.2380952381,101.0,14.8988701371,101.0
2016-09-05,0,0,23.0,32.0,1,70.0,74.0,40.0,1.31386861314,101.0,16.6871668794,88.0
2016-09-06,1,0,21.0,31.0,1,70.0,75.9230769231,40.0,1.36342266102,101.0,16.7491057785,72.0
2016-09-07,2,0,23.0,32.0,1,70.0,77.4615384615,40.0,1.21678321678,101.0,15.3403208502,64.0
2016-09-08,3,0,22.0,32.0,1,69.0,79.2307692308,40.0,1.03703703704,101.0,11.9945747105,85.0
2016-09-09,4,0,21.0,31.0,0,69.0,80.1538461538,40.0,1.0126002291,101.0,11.9411773279,67.0
2016-09-10,5,1,22.0,32.0,1,69.0,79.0769230769,40.0,0.981595092025,101.0,12.4372983615,69.0
2016-09-11,6,1,20.0,31.0,1,69.0,77.6153846154,40.0,1.00158622252,101.0,12.4192063511,78.0
2016-09-12,0,0,22.0,33.0,1,69.0,78.6153846154,40.0,0.960718294052,101.0,11.8745912418,77.0
2016-09-13,1,0,21.0,32.0,1,69.0,79.2307692308,40.0,0.996219702024,101.0,11.5635624412,49.0
2016-09-14,2,0,21.0,31.0,1,69.0,76.6923076923,40.0,0.909090909091,101.0,14.0350364631,71.0
2016-09-15,3,1,23.0,31.0,0,69.0,76.1538461538,41.0,0.860637833115,101.0,14.1086234069,66.0
2016-09-16,4,1,22.0,30.0,0,69.0,76.0,41.0,0.816326530612,101.0,14.2072570838,45.0
2016-09-17,5,1,21.0,32.0,1,69.0,71.6923076923,41.0,0.818161384581,101.0,14.4615384615,55.0
2016-09-18,6,0,20.0,31.0,1,69.0,68.1538461538,41.0,0.763218390805,101.0,12.3278680785,52.0
2016-09-19,0,0,18.0,29.0,1,69.0,65.3846153846,41.0,0.705172813732,101.0,11.5794145032,46.0
2016-09-20,1,0,18.0,27.0,1,68.0,63.3846153846,41.0,0.721357850071,101.0,12.4748267233,43.0
2016-09-21,2,0,17.0,28.0,1,68.0,61.7692307692,41.0,0.683636363636,101.0,13.5995126958,57.0
2016-09-22,3,0,17.0,30.0,1,68.0,59.6153846154,41.0,0.718857705564,101.0,11.8551414457,58.0
2016-09-23,4,0,18.0,31.0,1,67.0,58.9230769231,41.0,0.78373015873,101.0,11.664947746,63.0
2016-09-24,5,1,22.0,32.0,1,66.0,58.4615384615,43.0,0.908626850434,101.0,11.3721345308,68.0
2016-09-25,6,1,23.0,30.0,1,66.0,57.6923076923,43.0,0.989787902592,101.0,10.3134312382,62.0
2016-09-26,0,0,23.0,33.0,1,66.0,56.5384615385,43.0,1.03180967656,101.0,8.81969286588,53.0
2016-09-27,1,0,22.0,32.0,1,66.0,56.8461538462,43.0,0.99348534202,101.0,8.61881799719,50.0
2016-09-28,2,0,16.0,25.0,0,65.0,55.2307692308,43.0,0.906095551895,101.0,7.73755920722,61.0
2016-09-29,3,0,15.0,18.0,0,65.0,54.8461538462,43.0,0.918767507003,101.0,7.30485774985,62.0
2016-09-30,4,0,17.0,20.0,0,65.0,56.1538461538,43.0,0.973277074543,101.0,6.93759162208,72.0
2016-10-01,5,1,17.0,20.0,0,65.0,57.4615384615,43.0,1.09427609428,101.0,8.10142802811,78.0
2016-10-02,6,1,16.0,23.0,0,65.0,59.4615384615,43.0,1.18967452301,101.0,9.5805522935,81.0
2016-10-03,0,1,18.0,29.0,1,65.0,62.1538461538,43.0,1.29194630872,101.0,10.3094143223,91.0
2016-10-04,1,1,17.0,30.0,1,66.0,65.8461538462,43.0,1.35062128579,91.0,11.3330432728,80.0
2016-10-05,2,1,18.0,30.0,1,66.0,67.6153846154,43.0,1.3515687852,91.0,11.6059564385,90.0
2016-10-06,3,1,19.0,29.0,1,66.0,70.0769230769,43.0,1.37332280979,91.0,12.6519170847,88.0
2016-10-07,4,1,19.0,27.0,1,67.0,72.0,43.0,1.31297709924,91.0,13.3128047094,96.0
2016-10-08,5,0,16.0,26.0,1,68.0,74.1538461538,43.0,1.3520848754,96.0,14.6856610016,64.0
2016-10-09,6,0,16.0,24.0,1,68.0,74.3076923077,43.0,1.21301051602,96.0,14.5675330016,81.0
2016-10-10,0,0,16.0,23.0,1,68.0,76.4615384615,43.0,1.14926084883,96.0,13.2700668633,83.0
2016-10-11,1,0,16.0,21.0,1,68.0,79.0,43.0,1.05702364395,96.0,10.9122373085,40.0
2016-10-12,2,0,16.0,19.0,1,67.0,77.3846153846,40.0,0.957072484166,96.0,14.4410657051,48.0
2016-10-13,3,0,15.0,18.0,0,66.0,76.3076923077,40.0,0.807937632884,96.0,15.9874210908,42.0
2016-10-14,4,0,15.0,19.0,1,66.0,74.0,40.0,0.623501199041,96.0,18.4223943988,56.0
2016-10-15,5,1,16.0,23.0,1,66.0,72.3076923077,40.0,0.70633768747,96.0,18.9792786415,61.0
2016-10-16,6,1,16.0,24.0,1,66.0,70.7692307692,40.0,0.76978939724,96.0,19.0228762937,59.0
2016-10-17,0,0,16.0,23.0,1,66.0,68.3076923077,40.0,0.848397204146,96.0,18.3025202778,42.0
2016-10-18,1,0,18.0,25.0,1,65.0,65.3846153846,40.0,0.785454545455,96.0,19.2135307352,54.0
2016-10-19,2,0,18.0,24.0,0,65.0,62.6153846154,40.0,0.755360623782,96.0,18.0236530982,59.0
2016-10-20,3,0,19.0,23.0,0,65.0,60.3846153846,40.0,0.757020757021,96.0,16.4716000883,59.0
2016-10-21,4,0,18.0,24.0,0,65.0,57.5384615385,40.0,0.848126232742,96.0,12.875829381,72.0
2016-10-22,5,1,16.0,21.0,0,66.0,58.1538461538,40.0,0.941059930659,96.0,13.3523040584,74.0
2016-10-23,6,1,15.0,18.0,1,67.0,57.6153846154,40.0,1.02066218571,96.0,12.5363377154,54.0
2016-10-24,0,0,12.0,16.0,0,67.0,55.3846153846,40.0,1.02406554019,96.0,10.179454886,41.0
2016-10-25,1,0,12.0,16.0,0,66.0,55.4615384615,40.0,0.892055951438,96.0,10.0660540326,38.0
2016-10-26,2,0,13.0,16.0,0,65.0,54.6923076923,38.0,0.732177263969,96.0,10.9501290149,54.0
2016-10-27,3,0,12.0,16.0,0,64.0,55.6153846154,38.0,0.753327669216,96.0,10.329483281,46.0
2016-10-28,4,0,9.0,14.0,0,64.0,54.8461538462,38.0,0.816326530612,96.0,10.639882546,51.0
2016-10-29,5,1,7.0,11.0,0,63.0,54.0769230769,38.0,0.903650508677,96.0,10.5280689913,67.0
2016-10-30,6,1,9.0,15.0,0,63.0,54.6923076923,38.0,0.993939393939,96.0,11.0201536733,69.0
2016-10-31,0,0,9.0,14.0,0,63.0,56.7692307692,38.0,1.14794352363,96.0,10.9765753813,47.0
