time_stamp,dayofweek,holiday,lt,ht,sunny,m2M,w2A,m1L,d3w3,m1Lar,w2Std,pay_sum
2016-08-01,0,0,28.0,34.0,1,39.0,41.0769230769,5.0,0.992209922099,61.0,7.11943751518,33.0
2016-08-02,1,0,27.0,35.0,0,39.0,40.6153846154,5.0,0.967741935484,61.0,7.4269619168,16.0
2016-08-03,2,0,26.0,32.0,0,39.0,38.9230769231,5.0,0.736975857687,61.0,9.9186036429,37.0
2016-08-04,3,0,27.0,32.0,0,39.0,39.1538461538,5.0,0.725738396624,61.0,9.83593219426,12.0
2016-08-05,4,0,27.0,33.0,0,39.0,36.3846153846,5.0,0.573951434879,61.0,11.8226540138,31.0
2016-08-06,5,1,27.0,33.0,0,39.0,34.0769230769,5.0,0.721695985566,61.0,9.49057458309,48.0
2016-08-07,6,1,27.0,35.0,1,39.0,34.4615384615,5.0,0.80781180648,61.0,9.93529361275,44.0
2016-08-08,0,0,27.0,34.0,0,39.0,34.5384615385,5.0,1.08609271523,61.0,10.0047326079,42.0
2016-08-09,1,0,27.0,33.0,0,39.0,34.9230769231,12.0,1.17854001759,61.0,10.1864279122,32.0
2016-08-10,2,0,28.0,34.0,1,39.0,34.7692307692,12.0,1.04609929078,61.0,10.214272414,41.0
2016-08-11,3,0,28.0,36.0,1,39.0,35.1538461538,12.0,1.0101010101,61.0,10.346654263,28.0
2016-08-12,4,0,28.0,35.0,1,39.0,34.4615384615,12.0,0.911141181777,61.0,10.4999295574,45.0
2016-08-13,5,1,28.0,35.0,1,39.0,34.3846153846,12.0,1.05117565698,61.0,10.4184633559,54.0
2016-08-14,6,1,28.0,36.0,1,39.0,35.6153846154,12.0,1.15349682107,61.0,11.6456559186,51.0
2016-08-15,0,0,27.0,35.0,1,39.0,37.0,12.0,1.34770889488,61.0,12.3038455527,31.0
2016-08-16,1,0,28.0,36.0,1,39.0,38.1538461538,12.0,1.23188405797,61.0,10.9041005261,26.0
2016-08-17,2,0,28.0,35.0,1,39.0,37.3076923077,12.0,0.989010989011,61.0,11.3773365505,40.0
2016-08-18,3,0,28.0,35.0,1,39.0,39.4615384615,12.0,0.883424408015,61.0,8.72322615528,45.0
2016-08-19,4,0,29.0,37.0,1,39.0,40.5384615385,12.0,1.0,61.0,8.47271988493,55.0
2016-08-20,5,1,28.0,37.0,0,39.0,41.0769230769,12.0,1.246105919,61.0,9.12698061507,47.0
2016-08-21,6,1,27.0,34.0,0,39.0,41.3076923077,12.0,1.29287598945,61.0,9.23525532015,42.0
2016-08-22,0,0,28.0,35.0,1,39.0,41.3076923077,12.0,1.25162972621,55.0,9.23525532015,41.0
2016-08-23,1,0,26.0,34.0,1,39.0,42.0,12.0,1.09427609428,55.0,8.84046639911,43.0
2016-08-24,2,0,25.0,34.0,1,40.0,42.1538461538,12.0,1.05263157895,55.0,8.83912764445,47.0
2016-08-25,3,0,26.0,35.0,1,40.0,43.6153846154,12.0,1.04841936775,55.0,7.89876778646,44.0
2016-08-26,4,0,25.0,32.0,0,40.0,43.5384615385,12.0,1.05594956659,55.0,7.88977317228,44.0
2016-08-27,5,1,24.0,30.0,1,40.0,42.7692307692,12.0,1.06888361045,55.0,7.29756383116,39.0
2016-08-28,6,1,22.0,30.0,1,40.0,41.8461538462,12.0,1.01154918359,55.0,6.94867064039,49.0
2016-08-29,0,0,22.0,32.0,1,41.0,43.2307692308,12.0,1.04265402844,55.0,6.42296176774,43.0
2016-08-30,1,0,23.0,31.0,1,41.0,44.5384615385,12.0,1.02144249513,55.0,4.0877939248,36.0
2016-08-31,2,0,23.0,33.0,1,41.0,44.2307692308,12.0,1.00392156863,55.0,4.54302248007,61.0
2016-09-01,3,0,24.0,34.0,1,42.0,45.4615384615,12.0,1.05700264251,61.0,6.38044349333,55.0
2016-09-02,4,0,24.0,34.0,1,42.0,45.4615384615,12.0,1.13475177305,61.0,6.38044349333,31.0
2016-09-03,5,1,23.0,34.0,1,41.0,44.2307692308,26.0,1.12643678161,61.0,7.42297728112,56.0
2016-09-04,6,1,24.0,33.0,1,41.0,45.3076923077,26.0,1.0819047619,61.0,8.0133025496,42.0
2016-09-05,0,0,25.0,31.0,1,41.0,45.3846153846,26.0,0.97065462754,61.0,7.97629624419,43.0
2016-09-06,1,0,22.0,26.0,0,41.0,45.3846153846,26.0,1.04097452935,61.0,7.97629624419,42.0
2016-09-07,2,0,21.0,24.0,0,41.0,45.0,26.0,0.935543278085,61.0,8.00960961307,51.0
2016-09-08,3,0,23.0,30.0,1,42.0,45.5384615385,26.0,0.995243322356,61.0,8.15819912835,44.0
2016-09-09,4,0,23.0,32.0,1,42.0,45.5384615385,26.0,1.01481481481,61.0,8.15819912835,59.0
2016-09-10,5,1,23.0,29.0,1,42.0,47.0769230769,26.0,1.12573099415,61.0,8.65102518124,70.0
2016-09-11,6,1,21.0,26.0,0,42.0,48.6923076923,26.0,1.22695035461,70.0,10.6003237642,44.0
2016-09-12,0,0,22.0,29.0,1,43.0,48.7692307692,26.0,1.22304701308,70.0,10.5622975804,43.0
2016-09-13,1,0,22.0,29.0,1,43.0,49.3076923077,26.0,1.10993283846,70.0,10.0642903788,49.0
2016-09-14,2,0,22.0,24.0,0,43.0,48.3846153846,26.0,0.959435626102,70.0,9.48308990165,78.0
2016-09-15,3,1,20.0,24.0,0,43.0,50.1538461538,31.0,1.15764385427,78.0,12.2841120267,66.0
2016-09-16,4,1,22.0,26.0,0,43.0,52.8461538462,31.0,1.28538128538,78.0,11.6079956121,44.0
2016-09-17,5,1,22.0,27.0,1,43.0,51.9230769231,31.0,1.24585818423,78.0,11.7960980411,47.0
2016-09-18,6,0,22.0,27.0,1,43.0,52.3076923077,31.0,1.04249667995,78.0,11.5451262803,44.0
2016-09-19,0,0,20.0,27.0,1,43.0,52.3846153846,31.0,0.89552238806,78.0,11.4860347415,69.0
2016-09-20,1,0,19.0,26.0,1,43.0,54.4615384615,31.0,1.02761721259,78.0,11.855640557,67.0
2016-09-21,2,0,19.0,26.0,1,43.0,55.6923076923,31.0,1.14942528736,78.0,12.2561420419,59.0
2016-09-22,3,0,20.0,27.0,1,44.0,56.8461538462,31.0,1.24045801527,78.0,11.7986058749,64.0
2016-09-23,4,0,20.0,28.0,1,44.0,57.2307692308,31.0,1.17175454826,78.0,11.9431592661,96.0
2016-09-24,5,1,21.0,28.0,1,44.0,59.2307692308,31.0,1.30240856378,96.0,15.5472176395,106.0
2016-09-25,6,1,22.0,29.0,1,44.0,64.0,31.0,1.4964838256,106.0,19.2193812435,97.0
2016-09-26,0,0,24.0,30.0,1,44.0,68.1538461538,31.0,1.60882432069,106.0,20.0493474049,81.0
2016-09-27,1,0,24.0,31.0,0,44.0,70.6153846154,31.0,1.48148148148,106.0,19.5036030657,77.0
2016-09-28,2,0,22.0,27.0,0,44.0,70.5384615385,31.0,1.3036809816,106.0,19.4762790026,69.0
2016-09-29,3,0,22.0,24.0,0,44.0,70.7692307692,31.0,1.13870077753,106.0,19.4388740025,66.0
2016-09-30,4,0,22.0,26.0,0,45.0,72.4615384615,31.0,1.05788423154,106.0,17.9341332686,126.0
2016-10-01,5,1,23.0,26.0,1,45.0,78.5384615385,31.0,1.25,126.0,21.3383561641,180.0
2016-10-02,6,1,23.0,30.0,0,47.0,89.0,42.0,1.62303664921,180.0,32.3419232576,129.0
2016-10-03,0,1,20.0,25.0,1,47.0,93.6153846154,42.0,1.79677819083,180.0,33.4216384571,100.0
2016-10-04,1,1,22.0,27.0,1,47.0,96.1538461538,42.0,1.63763763764,180.0,32.5454620584,117.0
2016-10-05,2,1,22.0,27.0,1,47.0,100.615384615,42.0,1.35367762128,180.0,31.0892968511,91.0
2016-10-06,3,1,21.0,26.0,1,49.0,102.692307692,43.0,1.18758434548,180.0,29.4314970355,72.0
2016-10-07,4,1,20.0,23.0,0,49.0,100.846153846,43.0,1.06241699867,180.0,30.5257675613,59.0
2016-10-08,5,0,17.0,22.0,1,51.0,97.2307692308,43.0,0.836630864895,180.0,32.4254265049,81.0
2016-10-09,6,0,16.0,21.0,1,51.0,96.0,43.0,0.78257659653,180.0,32.7132059901,78.0
2016-10-10,0,0,15.0,22.0,1,54.0,95.7692307692,43.0,0.800734618916,180.0,32.8285847446,64.0
2016-10-11,1,0,17.0,23.0,1,55.0,94.7692307692,43.0,0.820456217807,180.0,33.5746100181,76.0
2016-10-12,2,0,18.0,21.0,1,55.0,95.3076923077,44.0,0.794605431019,180.0,33.2111765603,65.0
2016-10-13,3,0,18.0,22.0,1,56.0,95.2307692308,44.0,0.746812386157,180.0,33.2800560423,63.0
2016-10-14,4,0,18.0,21.0,0,59.0,90.3846153846,44.0,0.756816917084,180.0,33.0327074778,84.0
2016-10-15,5,1,20.0,24.0,1,59.0,83.0,44.0,0.796244131455,180.0,20.5426385842,126.0
2016-10-16,6,1,19.0,25.0,1,59.0,82.7692307692,44.0,1.0088691796,180.0,20.0351761665,94.0
2016-10-17,0,0,19.0,24.0,1,61.0,82.3076923077,44.0,1.11539167125,180.0,19.6992175377,79.0
2016-10-18,1,0,19.0,25.0,1,63.0,79.3846153846,59.0,1.09584020524,180.0,16.9639366872,74.0
2016-10-19,2,0,19.0,23.0,0,64.0,78.0769230769,59.0,0.902777777778,180.0,16.6708476018,64.0
2016-10-20,3,0,20.0,22.0,0,64.0,77.4615384615,59.0,0.793999268203,180.0,17.0276489394,66.0
2016-10-21,4,0,19.0,22.0,0,64.0,78.0,59.0,0.771850170261,180.0,16.5389982024,101.0
2016-10-22,5,1,20.0,23.0,0,65.0,79.5384615385,59.0,0.915032679739,180.0,17.6400566222,83.0
2016-10-23,6,1,17.0,22.0,1,66.0,79.9230769231,59.0,1.01812258196,180.0,17.6568205974,102.0
2016-10-24,0,0,19.0,23.0,1,66.0,82.8461538462,59.0,1.16331096197,180.0,17.9222515492,84.0
2016-10-25,1,0,17.0,20.0,1,66.0,83.4615384615,59.0,1.11664591117,180.0,17.8136308423,68.0
2016-10-26,2,0,18.0,21.0,0,67.0,83.6923076923,59.0,1.06969888398,180.0,17.5910143818,77.0
2016-10-27,3,0,18.0,21.0,0,68.0,84.7692307692,59.0,0.961376994123,180.0,16.6970925436,76.0
2016-10-28,4,0,15.0,18.0,0,69.0,84.1538461538,59.0,0.917964693666,180.0,16.8607242925,98.0
2016-10-29,5,1,10.0,15.0,0,69.0,82.0,59.0,1.03164817098,180.0,12.6369421813,127.0
2016-10-30,6,1,14.0,18.0,1,70.0,84.5384615385,59.0,1.20087771793,180.0,17.2609625572,104.0
2016-10-31,0,0,11.0,15.0,0,72.0,86.4615384615,59.0,1.28190142217,129.0,17.9169682558,90.0
