time_stamp,dayofweek,holiday,lt,ht,sunny,m2M,w2A,m1L,d3w3,m1Lar,w2Std,pay_sum
2016-08-01,0,0,22.0,32.0,1,43.0,59.3846153846,35.0,1.30096483038,100.0,15.818871211,64.0
2016-08-02,1,0,23.0,33.0,1,43.0,60.0,35.0,1.25568698817,100.0,15.8308365103,51.0
2016-08-03,2,0,25.0,33.0,1,43.0,60.8461538462,35.0,1.07604448452,100.0,15.0120267368,51.0
2016-08-04,3,0,24.0,35.0,1,43.0,61.5384615385,35.0,0.988978254394,100.0,14.3184409584,54.0
2016-08-05,4,0,23.0,31.0,1,43.0,62.3846153846,35.0,0.91388400703,100.0,13.4995068943,53.0
2016-08-06,5,1,18.0,30.0,0,43.0,61.3846153846,35.0,0.93050647821,100.0,13.6750106823,60.0
2016-08-07,6,1,15.0,26.0,1,43.0,58.3076923077,35.0,0.973193473193,100.0,7.93613561633,63.0
2016-08-08,0,0,16.0,27.0,1,43.0,59.3846153846,35.0,1.00456621005,100.0,7.54003123375,49.0
2016-08-09,1,0,21.0,29.0,1,43.0,58.9230769231,35.0,0.987654320988,100.0,7.96590367138,76.0
2016-08-10,2,0,25.0,29.0,0,43.0,60.5384615385,35.0,1.04706209969,100.0,9.06061115799,43.0
2016-08-11,3,0,26.0,32.0,1,43.0,59.4615384615,35.0,0.93489148581,100.0,10.1800361539,42.0
2016-08-12,4,0,22.0,31.0,0,43.0,57.6153846154,35.0,0.896686159844,100.0,10.9722619612,47.0
2016-08-13,5,1,19.0,31.0,1,43.0,55.1538461538,35.0,0.747028862479,100.0,9.37136517307,81.0
2016-08-14,6,1,17.0,30.0,1,43.0,56.4615384615,39.0,0.977854472246,100.0,11.4664419041,86.0
2016-08-15,0,0,16.0,27.0,1,43.0,58.1538461538,39.0,1.19286510591,100.0,13.8333273924,56.0
2016-08-16,1,0,17.0,27.0,1,43.0,58.5384615385,39.0,1.24199387357,100.0,13.6979245178,54.0
2016-08-17,2,0,16.0,28.0,1,43.0,58.7692307692,40.0,1.09253065775,100.0,13.5938552077,50.0
2016-08-18,3,0,18.0,29.0,0,43.0,58.4615384615,40.0,0.8971124194,100.0,13.742776478,78.0
2016-08-19,4,0,16.0,28.0,1,47.0,60.3846153846,42.0,1.01026922009,100.0,14.5683453553,84.0
2016-08-20,5,1,18.0,30.0,1,48.0,62.2307692308,42.0,1.17191818684,100.0,15.8655594396,61.0
2016-08-21,6,1,17.0,27.0,0,49.0,62.0769230769,42.0,1.23579939041,100.0,15.8670511945,82.0
2016-08-22,0,0,15.0,28.0,1,49.0,64.6153846154,42.0,1.23942123942,100.0,16.2079679433,63.0
2016-08-23,1,0,18.0,29.0,1,50.0,63.6153846154,42.0,1.11381454447,86.0,15.8722712327,53.0
2016-08-24,2,0,17.0,27.0,0,51.0,64.3846153846,42.0,1.06882591093,86.0,15.0769230769,58.0
2016-08-25,3,0,12.0,24.0,1,51.0,65.6153846154,42.0,0.936238902341,86.0,13.7982075845,54.0
2016-08-26,4,0,12.0,25.0,1,53.0,66.1538461538,42.0,0.887096774194,86.0,13.1841755604,51.0
2016-08-27,5,1,14.0,28.0,1,53.0,63.8461538462,42.0,0.882751150826,86.0,13.0079629686,80.0
2016-08-28,6,1,15.0,28.0,1,53.0,63.3846153846,42.0,0.988247863248,86.0,12.300959697,95.0
2016-08-29,0,0,14.0,24.0,1,53.0,66.3846153846,42.0,1.16434827409,95.0,14.6630800707,50.0
2016-08-30,1,0,18.0,21.0,0,53.0,66.0769230769,42.0,1.18296529968,95.0,14.9587203199,26.0
2016-08-31,2,0,18.0,21.0,0,53.0,64.2307692308,26.0,0.911270983213,95.0,18.0006574502,37.0
2016-09-01,3,0,18.0,23.0,0,53.0,61.0769230769,26.0,0.604601391118,95.0,18.8820693881,27.0
2016-09-02,4,0,17.0,27.0,0,53.0,56.6923076923,26.0,0.489396411093,95.0,19.6523031157,38.0
2016-09-03,5,1,18.0,28.0,1,53.0,54.9230769231,26.0,0.574809805579,95.0,20.2121880156,80.0
2016-09-04,6,1,18.0,26.0,0,54.0,54.7692307692,26.0,0.821297082979,95.0,20.0121265012,60.0
2016-09-05,0,0,17.0,25.0,0,54.0,54.5384615385,26.0,1.00479819362,95.0,19.9330239499,34.0
2016-09-06,1,0,17.0,25.0,0,54.0,53.0769230769,26.0,0.999138673557,95.0,20.6749999106,30.0
2016-09-07,2,0,16.0,25.0,1,54.0,50.9230769231,26.0,0.724510663161,95.0,21.4922581355,44.0
2016-09-08,3,0,17.0,23.0,0,54.0,50.1538461538,26.0,0.650406504065,95.0,21.5472509539,35.0
2016-09-09,4,0,15.0,21.0,0,54.0,48.9230769231,26.0,0.686830497795,95.0,21.9175431612,46.0
2016-09-10,5,1,14.0,20.0,0,54.0,46.3076923077,26.0,0.798977309044,95.0,19.997632996,61.0
2016-09-11,6,1,14.0,20.0,0,54.0,43.6923076923,26.0,0.926288323549,95.0,15.0761381271,68.0
2016-09-12,0,0,14.0,21.0,0,54.0,45.0769230769,26.0,1.13599480688,95.0,16.3634749858,39.0
2016-09-13,1,0,13.0,22.0,0,54.0,46.0769230769,26.0,1.10562685094,95.0,15.5437919265,26.0
2016-09-14,2,0,15.0,24.0,1,54.0,45.2307692308,26.0,0.903839619436,95.0,16.2960771408,38.0
2016-09-15,3,1,13.0,22.0,0,54.0,46.0769230769,26.0,0.711571675302,95.0,15.5981337072,75.0
2016-09-16,4,1,12.0,21.0,0,54.0,48.9230769231,26.0,0.936973373778,95.0,17.1619504829,69.0
2016-09-17,5,1,8.0,17.0,1,54.0,48.0769230769,26.0,1.2406271302,95.0,15.828219874,77.0
2016-09-18,6,0,8.0,19.0,1,55.0,49.3846153846,26.0,1.53472222222,95.0,17.3849557489,35.0
2016-09-19,0,0,10.0,23.0,1,55.0,49.4615384615,26.0,1.27689594356,95.0,17.3187998546,34.0
2016-09-20,1,0,11.0,25.0,1,55.0,49.7692307692,26.0,1.02133613151,95.0,17.0029583225,28.0
2016-09-21,2,0,14.0,25.0,1,54.0,48.5384615385,26.0,0.685028248588,95.0,17.9298435559,43.0
2016-09-22,3,0,14.0,24.0,1,54.0,49.1538461538,26.0,0.729166666667,95.0,17.5886596063,60.0
2016-09-23,4,0,16.0,23.0,1,54.0,50.2307692308,26.0,0.889341479973,95.0,17.7900311158,42.0
2016-09-24,5,1,14.0,23.0,0,54.0,48.7692307692,26.0,1.02401129944,95.0,17.6249554114,63.0
2016-09-25,6,1,8.0,19.0,1,54.0,48.3846153846,26.0,1.16156282999,95.0,17.2517043151,54.0
2016-09-26,0,0,8.0,19.0,0,54.0,49.5384615385,26.0,1.0961737332,95.0,17.086276025,44.0
2016-09-27,1,0,2.0,9.0,0,54.0,50.9230769231,26.0,1.09412164458,80.0,15.8039018476,27.0
2016-09-28,2,0,3.0,16.0,1,53.0,50.0769230769,26.0,0.864453665284,80.0,16.7399179231,30.0
2016-09-29,3,0,7.0,19.0,1,53.0,46.6153846154,26.0,0.702120264164,80.0,15.8577254239,39.0
2016-09-30,4,0,11.0,20.0,1,51.0,44.3076923077,26.0,0.672268907563,80.0,14.5622515978,56.0
2016-10-01,5,1,6.0,20.0,0,53.0,42.6923076923,26.0,0.879971840901,80.0,11.736757614,48.0
2016-10-02,6,1,9.0,18.0,1,53.0,43.6923076923,26.0,1.02840704782,80.0,11.591672179,63.0
2016-10-03,0,1,1.0,11.0,0,53.0,45.9230769231,26.0,1.17069751139,77.0,12.28170333,56.0
2016-10-04,1,1,2.0,11.0,1,53.0,48.0769230769,26.0,1.13489636425,77.0,11.3710938413,33.0
2016-10-05,2,1,1.0,12.0,1,51.0,47.3076923077,26.0,1.03825136612,77.0,12.0088724596,58.0
2016-10-06,3,1,0.0,11.0,1,51.0,47.1538461538,26.0,1.02189781022,77.0,11.8571377649,56.0
2016-10-07,4,1,4.0,12.0,0,53.0,48.2307692308,26.0,1.03594080338,77.0,11.975319788,47.0
2016-10-08,5,0,-1.0,8.0,0,51.0,47.0,26.0,1.17176128093,77.0,11.1906554424,23.0
2016-10-09,6,0,-1.0,9.0,1,51.0,44.6153846154,23.0,0.929203539823,77.0,12.6523847648,41.0
2016-10-10,0,0,-1.0,10.0,1,51.0,44.3846153846,23.0,0.812294182217,77.0,12.6888107071,24.0
2016-10-11,1,0,-1.0,10.0,1,51.0,44.1538461538,23.0,0.646821021683,77.0,13.0256915,25.0
2016-10-12,2,0,-1.0,12.0,1,50.0,43.7692307692,23.0,0.674915635546,77.0,13.5030130322,26.0
2016-10-13,3,0,1.0,14.0,1,50.0,42.7692307692,23.0,0.584795321637,77.0,14.2782990053,25.0
2016-10-14,4,0,4.0,17.0,1,48.0,40.3846153846,23.0,0.6046141607,77.0,14.4570369426,26.0
2016-10-15,5,1,12.0,20.0,1,47.0,38.6923076923,23.0,0.640865584686,77.0,14.7511909057,64.0
2016-10-16,6,1,3.0,18.0,0,47.0,38.7692307692,23.0,0.945334977394,77.0,14.8797944886,64.0
2016-10-17,0,0,0.0,10.0,1,47.0,39.3846153846,23.0,1.235459286,64.0,15.721315572,41.0
2016-10-18,1,0,0.0,13.0,1,46.0,40.0,23.0,1.33333333333,64.0,15.6155740799,42.0
2016-10-19,2,0,-4.0,5.0,0,44.0,38.7692307692,23.0,1.14352392065,64.0,14.7552016703,29.0
2016-10-20,3,0,-4.0,6.0,1,44.0,36.6923076923,23.0,0.881542699725,64.0,14.0678827634,46.0
2016-10-21,4,0,-3.0,4.0,0,44.0,36.6153846154,23.0,0.931899641577,64.0,14.0139406501,37.0
2016-10-22,5,1,-3.0,5.0,1,43.0,37.6923076923,23.0,0.90395480226,64.0,13.4529643024,64.0
2016-10-23,6,1,-1.0,9.0,1,43.0,39.4615384615,23.0,1.18500604595,64.0,15.1739421612,57.0
2016-10-24,0,0,0.0,9.0,1,43.0,42.0,23.0,1.27214170692,64.0,15.135287347,24.0
2016-10-25,1,0,-2.0,9.0,0,42.0,41.9230769231,23.0,1.1803011803,64.0,15.2237746177,41.0
2016-10-26,2,0,-5.0,3.0,1,42.0,43.0769230769,23.0,1.01413133832,64.0,14.5256353679,23.0
2016-10-27,3,0,-3.0,6.0,1,41.0,42.9230769231,23.0,0.762895535327,64.0,14.725496144,42.0
2016-10-28,4,0,-7.0,4.0,1,41.0,44.1538461538,23.0,0.924956369983,64.0,13.905428679,44.0
2016-10-29,5,1,-7.0,2.0,1,42.0,42.6153846154,23.0,0.925690021231,64.0,12.6766803562,111.0
2016-10-30,6,1,-10.0,0.0,0,42.0,46.2307692308,23.0,1.53606237817,111.0,21.7296459887,98.0
2016-10-31,0,0,-12.0,-3.0,1,42.0,50.6153846154,23.0,1.81557229996,111.0,25.6321266609,54.0
