time_stamp,dayofweek,holiday,lt,ht,sunny,m2M,w2A,m1L,d3w3,m1Lar,w2Std,pay_sum
2016-08-01,0,0,27.0,37.0,1,41.0,51.7692307692,25.0,1.05192629816,77.0,9.97808249001,39.0
2016-08-02,1,0,26.0,36.0,0,41.0,50.2307692308,25.0,0.796519410977,77.0,10.2818274801,36.0
2016-08-03,2,0,25.0,31.0,0,41.0,49.2307692308,25.0,0.794923179693,77.0,10.9625505606,50.0
2016-08-04,3,0,25.0,29.0,0,42.0,48.8461538462,25.0,0.816993464052,77.0,10.8404240184,32.0
2016-08-05,4,0,25.0,31.0,0,41.0,47.0769230769,25.0,0.778107484339,77.0,11.5456387934,55.0
2016-08-06,5,1,24.0,32.0,0,42.0,47.6923076923,26.0,0.90788601723,77.0,11.736757614,19.0
2016-08-07,6,1,25.0,32.0,0,41.0,46.0769230769,19.0,0.734580734581,77.0,13.9254141685,32.0
2016-08-08,0,0,26.0,32.0,0,41.0,45.0,19.0,0.754985754986,77.0,14.4222051019,41.0
2016-08-09,1,0,26.0,32.0,0,41.0,44.2307692308,19.0,0.668119099492,77.0,14.3481644291,55.0
2016-08-10,2,0,26.0,34.0,0,41.0,44.3076923077,19.0,0.923520923521,77.0,14.4029089764,36.0
2016-08-11,3,0,27.0,35.0,0,41.0,42.4615384615,19.0,0.972375690608,77.0,13.7986364132,48.0
2016-08-12,4,0,28.0,38.0,1,41.0,40.2307692308,19.0,1.03192279139,77.0,9.79916673187,66.0
2016-08-13,5,1,28.0,37.0,1,42.0,42.5384615385,19.0,1.09051254089,77.0,11.8491504701,41.0
2016-08-14,6,1,28.0,37.0,1,42.0,42.3076923077,19.0,1.12563543936,77.0,11.8476522529,28.0
2016-08-15,0,0,28.0,37.0,1,42.0,41.4615384615,19.0,1.0,77.0,12.4320639082,34.0
2016-08-16,1,0,27.0,37.0,1,42.0,41.3076923077,19.0,0.77765194413,77.0,12.5108237163,49.0
2016-08-17,2,0,27.0,36.0,1,43.0,41.2307692308,19.0,0.842824601367,77.0,12.4601138787,39.0
2016-08-18,3,0,28.0,37.0,1,43.0,41.7692307692,19.0,0.949047063399,77.0,12.1980694951,47.0
2016-08-19,4,0,27.0,37.0,1,43.0,41.1538461538,19.0,1.08827085852,77.0,11.7069746065,58.0
2016-08-20,5,1,26.0,36.0,1,43.0,44.1538461538,19.0,1.13074204947,77.0,10.5891537676,52.0
2016-08-21,6,1,26.0,34.0,1,43.0,45.6923076923,19.0,1.22131466356,77.0,10.1555942551,36.0
2016-08-22,0,0,27.0,33.0,1,43.0,45.3076923077,19.0,1.13973458236,77.0,10.4173273952,42.0
2016-08-23,1,0,27.0,34.0,1,42.0,44.3076923077,19.0,1.00775193798,77.0,10.0566443049,54.0
2016-08-24,2,0,27.0,34.0,1,42.0,45.6923076923,19.0,1.01851851852,77.0,10.0566443049,55.0
2016-08-25,3,0,24.0,35.0,0,42.0,46.2307692308,19.0,1.13491168734,77.0,10.3489415747,51.0
2016-08-26,4,0,21.0,27.0,0,43.0,45.0769230769,19.0,1.20800302001,77.0,8.80088752921,73.0
2016-08-27,5,1,18.0,27.0,1,43.0,47.5384615385,19.0,1.27356812522,77.0,11.4059052493,45.0
2016-08-28,6,1,18.0,30.0,1,44.0,48.8461538462,19.0,1.18596491228,73.0,9.97571014512,48.0
2016-08-29,0,0,19.0,31.0,1,44.0,49.9230769231,19.0,1.15639150122,73.0,9.02527679918,43.0
2016-08-30,1,0,20.0,31.0,1,43.0,49.4615384615,19.0,0.959435626102,73.0,9.21216073055,39.0
2016-08-31,2,0,21.0,32.0,1,43.0,49.4615384615,19.0,0.914205344585,73.0,9.21216073055,45.0
2016-09-01,3,0,21.0,31.0,1,44.0,49.3076923077,19.0,0.89594356261,73.0,9.2685125799,25.0
2016-09-02,4,0,22.0,33.0,1,44.0,46.7692307692,19.0,0.80383480826,73.0,10.9133217544,70.0
2016-09-03,5,1,22.0,33.0,1,45.0,48.1538461538,19.0,1.00035727045,73.0,12.5136611739,49.0
2016-09-04,6,1,22.0,31.0,1,45.0,49.1538461538,19.0,1.00628930818,73.0,12.0118284898,53.0
2016-09-05,0,0,23.0,32.0,1,46.0,50.0,25.0,1.1784857828,73.0,11.8646209703,46.0
2016-09-06,1,0,21.0,31.0,1,46.0,49.3846153846,25.0,1.01718213058,73.0,11.8486510854,61.0
2016-09-07,2,0,23.0,32.0,1,47.0,49.8461538462,25.0,1.0752688172,73.0,12.1708741475,45.0
2016-09-08,3,0,22.0,32.0,1,47.0,49.3846153846,25.0,1.02356902357,73.0,12.2319786533,50.0
2016-09-09,4,0,21.0,31.0,0,47.0,47.6153846154,25.0,1.05906313646,73.0,10.179454886,83.0
2016-09-10,5,1,22.0,32.0,1,48.0,50.5384615385,25.0,1.17143797302,83.0,13.8153503512,77.0
2016-09-11,6,1,20.0,31.0,1,48.0,52.7692307692,25.0,1.32827324478,83.0,15.4678517536,43.0
2016-09-12,0,0,22.0,33.0,1,48.0,52.7692307692,25.0,1.28278041074,83.0,15.4678517536,68.0
2016-09-13,1,0,21.0,32.0,1,49.0,55.0,25.0,1.17243529779,83.0,15.412282814,78.0
2016-09-14,2,0,21.0,31.0,1,49.0,57.5384615385,25.0,1.15384615385,83.0,16.2509899562,195.0
2016-09-15,3,1,23.0,31.0,0,49.0,70.6153846154,25.0,1.83926645092,195.0,38.277405389,60.0
2016-09-16,4,1,22.0,30.0,0,49.0,69.8461538462,25.0,1.81520850368,195.0,38.3823800798,57.0
2016-09-17,5,1,21.0,32.0,1,49.0,70.4615384615,25.0,1.68421052632,195.0,38.1063600276,77.0
2016-09-18,6,0,20.0,31.0,1,49.0,72.3076923077,25.0,1.02320675105,195.0,37.7957763521,72.0
2016-09-19,0,0,18.0,29.0,1,49.0,74.3076923077,25.0,1.0621294148,195.0,37.0309322166,56.0
2016-09-20,1,0,18.0,27.0,1,49.0,73.9230769231,25.0,1.04325699746,195.0,37.1927650915,43.0
2016-09-21,2,0,17.0,28.0,1,49.0,73.7692307692,25.0,0.871559633028,195.0,37.3160181035,35.0
2016-09-22,3,0,17.0,30.0,1,49.0,72.6153846154,25.0,0.677794638341,195.0,38.2532823359,44.0
2016-09-23,4,0,18.0,31.0,1,49.0,69.6153846154,25.0,0.62951496388,195.0,38.8459253611,62.0
2016-09-24,5,1,22.0,32.0,1,49.0,68.4615384615,25.0,0.72030651341,195.0,38.8322137973,70.0
2016-09-25,6,1,23.0,30.0,1,49.0,70.5384615385,25.0,0.887544125063,195.0,38.1305760303,54.0
2016-09-26,0,0,23.0,33.0,1,49.0,69.4615384615,25.0,0.932330827068,195.0,38.3839216833,40.0
2016-09-27,1,0,22.0,32.0,1,48.0,66.5384615385,25.0,0.835243188184,195.0,39.0632925955,50.0
2016-09-28,2,0,16.0,25.0,0,49.0,55.3846153846,25.0,0.730593607306,195.0,12.375773241,70.0
2016-09-29,3,0,15.0,18.0,0,49.0,56.1538461538,25.0,0.7996001999,195.0,12.9368058943,67.0
2016-09-30,4,0,17.0,20.0,0,50.0,56.9230769231,25.0,0.945877592312,195.0,13.2575757063,169.0
2016-10-01,5,1,17.0,20.0,0,50.0,64.0,35.0,1.44680851064,195.0,32.5718141485,84.0
2016-10-02,6,1,16.0,23.0,0,50.0,64.9230769231,35.0,1.47025040202,195.0,32.9532571951,102.0
2016-10-03,0,1,18.0,29.0,1,51.0,68.4615384615,35.0,1.59371492705,195.0,34.2493467307,96.0
2016-10-04,1,1,17.0,30.0,1,51.0,72.5384615385,35.0,1.25083166999,195.0,34.1301026269,148.0
2016-10-05,2,1,18.0,30.0,1,52.0,81.2307692308,35.0,1.58424908425,195.0,37.6689095351,162.0
2016-10-06,3,1,19.0,29.0,1,53.0,90.3076923077,35.0,1.73727000428,195.0,41.6143182005,135.0
2016-10-07,4,1,19.0,27.0,1,54.0,95.9230769231,35.0,1.81336593317,195.0,42.3346767092,112.0
2016-10-08,5,0,16.0,26.0,1,54.0,99.1538461538,35.0,1.63175743068,195.0,41.8327184314,56.0
2016-10-09,6,0,16.0,24.0,1,54.0,99.3076923077,35.0,1.22054380665,195.0,41.6697355872,56.0
2016-10-10,0,0,16.0,23.0,1,55.0,100.538461538,35.0,0.902316213494,195.0,40.1068100579,44.0
2016-10-11,1,0,16.0,21.0,1,54.0,100.076923077,35.0,0.628019323671,195.0,40.7156396684,52.0
2016-10-12,2,0,16.0,19.0,1,54.0,98.6923076923,35.0,0.605698346284,195.0,42.0007044179,50.0
2016-10-13,3,0,15.0,18.0,0,54.0,97.3846153846,35.0,0.579710144928,195.0,43.2142043271,63.0
2016-10-14,4,0,15.0,19.0,1,55.0,89.2307692308,35.0,0.654761904762,169.0,38.6963600875,64.0
2016-10-15,5,1,16.0,23.0,1,56.0,87.6923076923,35.0,0.704898446834,169.0,39.2671023306,59.0
2016-10-16,6,1,16.0,24.0,1,56.0,84.3846153846,35.0,0.738534842168,169.0,39.7308995455,53.0
2016-10-17,0,0,16.0,23.0,1,56.0,81.0769230769,35.0,0.693459416864,169.0,40.4103214889,61.0
2016-10-18,1,0,18.0,25.0,1,56.0,74.3846153846,35.0,0.677236249755,169.0,35.7029161953,77.0
2016-10-19,2,0,18.0,24.0,0,56.0,67.8461538462,35.0,0.744639376218,169.0,25.337251851,57.0
2016-10-20,3,0,19.0,23.0,0,57.0,61.8461538462,35.0,0.764705882353,169.0,16.3746809897,53.0
2016-10-21,4,0,18.0,24.0,0,57.0,57.3076923077,40.0,0.787037037037,169.0,7.74978526139,136.0
2016-10-22,5,1,16.0,21.0,0,57.0,63.4615384615,40.0,1.00244498778,169.0,22.3249270293,115.0
2016-10-23,6,1,15.0,18.0,1,59.0,68.0,40.0,1.22902769355,169.0,26.035478752,128.0
2016-10-24,0,0,12.0,16.0,0,60.0,74.4615384615,40.0,1.50307356732,169.0,29.4738877512,56.0
2016-10-25,1,0,12.0,16.0,0,59.0,74.7692307692,40.0,1.25445773023,169.0,29.2578821626,58.0
2016-10-26,2,0,13.0,16.0,0,59.0,75.3846153846,44.0,1.08641975309,169.0,28.8111582592,81.0
2016-10-27,3,0,12.0,16.0,0,60.0,76.7692307692,44.0,0.908455625437,169.0,28.6145574736,71.0
2016-10-28,4,0,9.0,14.0,0,61.0,77.3076923077,44.0,1.0071942446,169.0,28.4344985899,101.0
2016-10-29,5,1,7.0,11.0,0,61.0,80.5384615385,44.0,1.17537746806,169.0,28.5565980106,101.0
2016-10-30,6,1,9.0,15.0,0,62.0,84.2307692308,44.0,1.22972972973,162.0,27.8516781601,126.0
2016-10-31,0,0,9.0,14.0,0,63.0,89.2307692308,44.0,1.39991463935,162.0,29.0414924552,76.0
