time_stamp,dayofweek,holiday,lt,ht,sunny,m2M,w2A,m1L,d3w3,m1Lar,w2Std,pay_sum
2016-08-01,0,0,27.0,37.0,1,1.0,1.0,1.0,1.0,1.0,0.0,1.0
2016-08-02,1,0,27.0,35.0,0,1.0,1.0,1.0,1.0,1.0,0.0,1.0
2016-08-03,2,0,26.0,32.0,0,1.0,1.0,1.0,1.0,1.0,0.0,1.0
2016-08-04,3,0,27.0,33.0,0,1.0,1.0,1.0,1.0,1.0,0.0,1.0
2016-08-05,4,0,26.0,33.0,0,1.0,1.0,1.0,1.0,1.0,0.0,1.0
2016-08-06,5,1,26.0,34.0,0,1.0,1.0,1.0,1.0,1.0,0.0,1.0
2016-08-07,6,1,27.0,35.0,1,1.0,1.0,1.0,1.0,1.0,0.0,1.0
2016-08-08,0,0,26.0,34.0,0,1.0,1.0,1.0,1.0,1.0,0.0,1.0
2016-08-09,1,0,26.0,30.0,0,1.0,1.0,1.0,1.0,1.0,0.0,1.0
2016-08-10,2,0,27.0,35.0,0,1.0,1.0,1.0,1.0,1.0,0.0,1.0
2016-08-11,3,0,27.0,36.0,1,1.0,1.0,1.0,1.0,1.0,0.0,1.0
2016-08-12,4,0,27.0,36.0,1,1.0,1.0,1.0,1.0,1.0,0.0,1.0
2016-08-13,5,1,27.0,35.0,1,1.0,1.0,1.0,1.0,1.0,0.0,1.0
2016-08-14,6,1,28.0,35.0,1,1.0,1.0,1.0,1.0,1.0,0.0,1.0
2016-08-15,0,0,27.0,36.0,1,1.0,1.0,1.0,1.0,1.0,0.0,1.0
2016-08-16,1,0,26.0,36.0,1,1.0,1.0,1.0,1.0,1.0,0.0,1.0
2016-08-17,2,0,28.0,37.0,1,1.0,1.0,1.0,1.0,1.0,0.0,1.0
2016-08-18,3,0,28.0,37.0,1,1.0,1.0,1.0,1.0,1.0,0.0,1.0
2016-08-19,4,0,28.0,38.0,1,1.0,1.0,1.0,1.0,1.0,0.0,1.0
2016-08-20,5,1,27.0,37.0,0,1.0,1.0,1.0,1.0,1.0,0.0,1.0
2016-08-21,6,1,27.0,35.0,0,1.0,1.0,1.0,1.0,1.0,0.0,1.0
2016-08-22,0,0,27.0,36.0,1,1.0,1.0,1.0,1.0,1.0,0.0,1.0
2016-08-23,1,0,27.0,35.0,0,1.0,1.0,1.0,1.0,1.0,0.0,1.0
2016-08-24,2,0,27.0,35.0,1,1.0,1.0,1.0,1.0,1.0,0.0,1.0
2016-08-25,3,0,26.0,35.0,1,1.0,1.0,1.0,1.0,1.0,0.0,1.0
2016-08-26,4,0,25.0,34.0,0,1.0,1.0,1.0,1.0,1.0,0.0,1.0
2016-08-27,5,1,23.0,31.0,1,1.0,1.0,1.0,1.0,1.0,0.0,1.0
2016-08-28,6,1,21.0,31.0,1,1.0,1.0,1.0,1.0,1.0,0.0,1.0
2016-08-29,0,0,21.0,32.0,1,1.0,1.0,1.0,1.0,1.0,0.0,1.0
2016-08-30,1,0,21.0,32.0,1,1.0,1.0,1.0,1.0,1.0,0.0,1.0
2016-08-31,2,0,21.0,33.0,1,1.0,1.0,1.0,1.0,1.0,0.0,1.0
2016-09-01,3,0,23.0,33.0,0,1.0,1.0,1.0,1.0,1.0,0.0,1.0
2016-09-02,4,0,22.0,34.0,1,1.0,1.0,1.0,1.0,1.0,0.0,1.0
2016-09-03,5,1,23.0,35.0,1,1.0,1.0,1.0,1.0,1.0,0.0,1.0
2016-09-04,6,1,24.0,32.0,1,1.0,1.0,1.0,1.0,1.0,0.0,1.0
2016-09-05,0,0,24.0,30.0,0,1.0,1.0,1.0,1.0,1.0,0.0,1.0
2016-09-06,1,0,23.0,28.0,0,1.0,1.0,1.0,1.0,1.0,0.0,1.0
2016-09-07,2,0,21.0,27.0,0,1.0,1.0,1.0,1.0,1.0,0.0,1.0
2016-09-08,3,0,22.0,30.0,1,1.0,1.0,1.0,1.0,1.0,0.0,1.0
2016-09-09,4,0,22.0,29.0,1,1.0,1.0,1.0,1.0,1.0,0.0,1.0
2016-09-10,5,1,22.0,28.0,0,1.0,1.0,1.0,1.0,1.0,0.0,1.0
2016-09-11,6,1,21.0,25.0,0,1.0,1.0,1.0,1.0,1.0,0.0,1.0
2016-09-12,0,0,21.0,27.0,1,1.0,1.0,1.0,1.0,1.0,0.0,1.0
2016-09-13,1,0,21.0,28.0,0,1.0,1.0,1.0,1.0,1.0,0.0,1.0
2016-09-14,2,0,21.0,25.0,0,1.0,1.0,1.0,1.0,1.0,0.0,49.0
2016-09-15,3,1,22.0,25.0,0,1.0,4.69230769231,1.0,5.0,49.0,12.7905290405,84.0
2016-09-16,4,1,23.0,27.0,0,1.0,11.0769230769,1.0,5.91611479029,84.0,24.6091338217,167.0
2016-09-17,5,1,22.0,27.0,1,1.0,23.8461538462,1.0,6.30914826498,167.0,48.0093679221,192.0
2016-09-18,6,0,22.0,26.0,0,1.0,38.5384615385,1.0,5.81364829396,192.0,64.9918520155,216.0
2016-09-19,0,0,20.0,27.0,1,1.0,55.0769230769,1.0,5.30198248041,216.0,79.1488000186,253.0
2016-09-20,1,0,19.0,26.0,1,1.0,74.4615384615,1.0,4.51965811966,253.0,93.1513370684,277.0
2016-09-21,2,0,19.0,26.0,1,1.0,95.6923076923,1.0,3.97548627764,277.0,104.722626029,272.0
2016-09-22,3,0,20.0,27.0,1,1.0,116.538461538,1.0,3.51292159439,277.0,110.605755438,309.0
2016-09-23,4,0,20.0,29.0,1,1.0,140.230769231,1.0,3.12568306011,309.0,116.167090432,182.0
2016-09-24,5,1,21.0,30.0,1,1.0,154.153846154,1.0,2.529421515,309.0,109.288500453,179.0
2016-09-25,6,1,21.0,30.0,1,1.0,167.846153846,1.0,2.04050555809,309.0,99.9983431815,4.0
2016-09-26,0,0,24.0,31.0,1,1.0,168.076923077,1.0,1.1100973236,309.0,99.615770715,305.0
2016-09-27,1,0,23.0,28.0,0,1.0,191.461538462,1.0,1.30341880342,309.0,93.1199519104,257.0
2016-09-28,2,0,22.0,28.0,0,1.0,207.461538462,1.0,1.37112403101,309.0,84.7617615026,131.0
2016-09-29,3,0,22.0,25.0,0,1.0,211.076923077,1.0,1.60305343511,309.0,80.3037134293,1.0
2016-09-30,4,0,22.0,29.0,0,1.0,198.307692308,1.0,0.899838075411,309.0,97.6267496566,77.0
2016-10-01,5,1,23.0,30.0,0,1.0,189.461538462,1.0,0.471038990309,309.0,102.867065362,127.0
2016-10-02,6,1,22.0,30.0,1,1.0,182.615384615,1.0,0.443147427583,309.0,103.830141216,50.0
2016-10-03,0,1,21.0,27.0,0,1.0,167.0,1.0,0.54048303011,309.0,107.278214865,67.0
2016-10-04,1,1,20.0,27.0,1,1.0,150.846153846,1.0,0.508492237157,309.0,105.290693689,42.0
2016-10-05,2,1,21.0,27.0,1,1.0,133.153846154,1.0,0.332080200501,309.0,102.739286287,2.0
2016-10-06,3,1,22.0,27.0,0,1.0,109.538461538,1.0,0.237942122186,309.0,94.5634629268,32.0
2016-10-07,4,1,20.0,23.0,0,1.0,98.0,1.0,0.170308123249,309.0,94.1684252162,180.0
2016-10-08,5,0,17.0,22.0,0,1.0,98.0769230769,1.0,0.481493981325,309.0,94.2349449624,298.0
2016-10-09,6,0,16.0,22.0,1,1.0,120.692307692,1.0,1.11658456486,309.0,103.742569421,276.0
2016-10-10,0,0,15.0,21.0,1,1.0,118.461538462,1.0,1.6384180791,309.0,99.9997041416,312.0
2016-10-11,1,0,17.0,23.0,1,1.0,122.692307692,1.0,1.9035342142,312.0,106.709803901,223.0
2016-10-12,2,0,18.0,25.0,1,1.0,129.769230769,1.0,1.77035581751,312.0,110.025279505,218.0
2016-10-13,3,0,18.0,23.0,1,1.0,146.461538462,1.0,1.69422882214,312.0,105.594737183,230.0
2016-10-14,4,0,19.0,22.0,0,1.0,158.230769231,1.0,1.48566367763,312.0,105.723262738,195.0
2016-10-15,5,1,20.0,23.0,0,2.0,163.461538462,1.0,1.41614359652,312.0,105.730874164,185.0
2016-10-16,6,1,20.0,26.0,0,4.0,173.846153846,1.0,1.2676641729,312.0,100.58126921,211.0
2016-10-17,0,0,20.0,24.0,0,32.0,184.923076923,1.0,1.265253693,312.0,96.0308135952,274.0
2016-10-18,1,0,20.0,24.0,0,42.0,202.769230769,1.0,1.42659427233,312.0,89.1206216714,201.0
2016-10-19,2,0,20.0,24.0,0,49.0,218.076923077,1.0,1.42872019161,312.0,67.8805076116,210.0
2016-10-20,3,0,21.0,25.0,0,50.0,231.769230769,1.0,1.33919843597,312.0,41.9746330834,221.0
2016-10-21,4,0,21.0,25.0,0,67.0,234.923076923,1.0,1.18551866442,312.0,39.42951167,187.0
2016-10-22,5,1,20.0,23.0,0,77.0,226.384615385,1.0,1.14001106807,312.0,36.7748627808,161.0
2016-10-23,6,1,17.0,23.0,0,84.0,217.538461538,1.0,1.01834451902,312.0,37.5983129421,240.0
2016-10-24,0,0,19.0,24.0,1,127.0,212.0,1.0,1.00564391996,312.0,27.1179758718,454.0
2016-10-25,1,0,19.0,23.0,1,131.0,229.769230769,1.0,1.32250580046,454.0,70.1088755998,302.0
2016-10-26,2,0,19.0,24.0,0,161.0,236.230769231,1.0,1.44034707158,454.0,72.554651917,1.0
2016-10-27,3,0,18.0,24.0,0,161.0,218.615384615,1.0,1.10213292568,454.0,95.9547477172,1.0
2016-10-28,4,0,15.0,19.0,0,161.0,203.692307692,1.0,0.460606060606,454.0,112.180750176,215.0
2016-10-29,5,1,12.0,15.0,0,167.0,206.0,1.0,0.335109257972,454.0,112.081014655,203.0
2016-10-30,6,1,14.0,18.0,1,179.0,205.384615385,1.0,0.658184103047,454.0,112.073834496,291.0
2016-10-31,0,0,12.0,17.0,0,180.0,206.692307692,1.0,1.11926750335,454.0,112.962474787,239.0
