time_stamp,dayofweek,holiday,lt,ht,sunny,m2M,w2A,m1L,d3w3,m1Lar,w2Std,pay_sum
2016-08-01,0,0,24.0,30.0,0,1.0,1.0,1.0,1.0,1.0,0.0,1.0
2016-08-02,1,0,23.0,31.0,1,1.0,1.0,1.0,1.0,1.0,0.0,1.0
2016-08-03,2,0,23.0,31.0,1,1.0,1.0,1.0,1.0,1.0,0.0,1.0
2016-08-04,3,0,24.0,31.0,0,1.0,1.0,1.0,1.0,1.0,0.0,1.0
2016-08-05,4,0,24.0,33.0,0,1.0,1.0,1.0,1.0,1.0,0.0,1.0
2016-08-06,5,1,24.0,30.0,0,1.0,1.0,1.0,1.0,1.0,0.0,1.0
2016-08-07,6,1,23.0,28.0,0,1.0,1.0,1.0,1.0,1.0,0.0,1.0
2016-08-08,0,0,24.0,29.0,0,1.0,1.0,1.0,1.0,1.0,0.0,1.0
2016-08-09,1,0,24.0,32.0,1,1.0,1.0,1.0,1.0,1.0,0.0,1.0
2016-08-10,2,0,26.0,34.0,1,1.0,1.0,1.0,1.0,1.0,0.0,1.0
2016-08-11,3,0,27.0,35.0,1,1.0,1.0,1.0,1.0,1.0,0.0,1.0
2016-08-12,4,0,26.0,35.0,1,1.0,1.0,1.0,1.0,1.0,0.0,1.0
2016-08-13,5,1,26.0,34.0,1,1.0,1.0,1.0,1.0,1.0,0.0,1.0
2016-08-14,6,1,24.0,33.0,0,1.0,1.0,1.0,1.0,1.0,0.0,1.0
2016-08-15,0,0,24.0,29.0,0,1.0,1.0,1.0,1.0,1.0,0.0,1.0
2016-08-16,1,0,23.0,27.0,0,1.0,1.0,1.0,1.0,1.0,0.0,1.0
2016-08-17,2,0,23.0,27.0,0,1.0,1.0,1.0,1.0,1.0,0.0,1.0
2016-08-18,3,0,26.0,32.0,1,1.0,1.0,1.0,1.0,1.0,0.0,1.0
2016-08-19,4,0,24.0,29.0,0,1.0,1.0,1.0,1.0,1.0,0.0,1.0
2016-08-20,5,1,22.0,28.0,0,1.0,1.0,1.0,1.0,1.0,0.0,1.0
2016-08-21,6,1,22.0,30.0,1,1.0,1.0,1.0,1.0,1.0,0.0,1.0
2016-08-22,0,0,22.0,32.0,1,1.0,1.0,1.0,1.0,1.0,0.0,1.0
2016-08-23,1,0,24.0,32.0,1,1.0,1.0,1.0,1.0,1.0,0.0,1.0
2016-08-24,2,0,26.0,33.0,1,1.0,1.0,1.0,1.0,1.0,0.0,1.0
2016-08-25,3,0,19.0,26.0,0,1.0,1.0,1.0,1.0,1.0,0.0,1.0
2016-08-26,4,0,17.0,26.0,1,1.0,1.0,1.0,1.0,1.0,0.0,1.0
2016-08-27,5,1,17.0,28.0,1,1.0,1.0,1.0,1.0,1.0,0.0,1.0
2016-08-28,6,1,17.0,28.0,1,1.0,1.0,1.0,1.0,1.0,0.0,1.0
2016-08-29,0,0,18.0,29.0,1,1.0,1.0,1.0,1.0,1.0,0.0,1.0
2016-08-30,1,0,20.0,30.0,1,1.0,1.0,1.0,1.0,1.0,0.0,1.0
2016-08-31,2,0,20.0,32.0,1,1.0,1.0,1.0,1.0,1.0,0.0,1.0
2016-09-01,3,0,19.0,30.0,1,1.0,1.0,1.0,1.0,1.0,0.0,1.0
2016-09-02,4,0,19.0,30.0,1,1.0,1.0,1.0,1.0,1.0,0.0,1.0
2016-09-03,5,1,22.0,32.0,1,1.0,1.0,1.0,1.0,1.0,0.0,1.0
2016-09-04,6,1,22.0,30.0,1,1.0,1.0,1.0,1.0,1.0,0.0,1.0
2016-09-05,0,0,22.0,31.0,1,1.0,1.0,1.0,1.0,1.0,0.0,1.0
2016-09-06,1,0,19.0,31.0,1,1.0,1.0,1.0,1.0,1.0,0.0,1.0
2016-09-07,2,0,19.0,26.0,1,1.0,1.0,1.0,1.0,1.0,0.0,1.0
2016-09-08,3,0,20.0,32.0,1,1.0,1.0,1.0,1.0,1.0,0.0,1.0
2016-09-09,4,0,22.0,32.0,1,1.0,1.0,1.0,1.0,1.0,0.0,1.0
2016-09-10,5,1,19.0,29.0,1,1.0,1.0,1.0,1.0,1.0,0.0,1.0
2016-09-11,6,1,19.0,30.0,1,1.0,1.0,1.0,1.0,1.0,0.0,1.0
2016-09-12,0,0,19.0,28.0,1,1.0,1.0,1.0,1.0,1.0,0.0,1.0
2016-09-13,1,0,19.0,28.0,0,1.0,1.0,1.0,1.0,1.0,0.0,1.0
2016-09-14,2,0,20.0,30.0,1,1.0,1.0,1.0,1.0,1.0,0.0,1.0
2016-09-15,3,1,20.0,31.0,1,1.0,1.0,1.0,1.0,1.0,0.0,1.0
2016-09-16,4,1,19.0,31.0,1,1.0,1.0,1.0,1.0,1.0,0.0,1.0
2016-09-17,5,1,18.0,29.0,1,1.0,1.0,1.0,1.0,1.0,0.0,1.0
2016-09-18,6,0,17.0,26.0,1,1.0,1.0,1.0,1.0,1.0,0.0,1.0
2016-09-19,0,0,15.0,25.0,1,1.0,1.0,1.0,1.0,1.0,0.0,106.0
2016-09-20,1,0,14.0,26.0,1,1.0,9.07692307692,1.0,5.76,106.0,27.9792822761,142.0
2016-09-21,2,0,17.0,27.0,1,1.0,19.9230769231,1.0,6.24060150376,142.0,44.9366417876,127.0
2016-09-22,3,0,21.0,29.0,1,1.0,29.6153846154,1.0,6.37755102041,142.0,52.7235729814,157.0
2016-09-23,4,0,22.0,30.0,1,1.0,41.6153846154,1.0,5.18248175182,157.0,61.8142857045,105.0
2016-09-24,5,1,21.0,30.0,1,1.0,49.6153846154,1.0,3.97750511247,157.0,62.7627259073,82.0
2016-09-25,6,1,21.0,29.0,1,1.0,55.8461538462,1.0,3.1286948613,157.0,61.6377084307,114.0
2016-09-26,0,0,20.0,29.0,1,1.0,64.5384615385,1.0,2.3719464145,157.0,61.2568556724,135.0
2016-09-27,1,0,16.0,26.0,0,1.0,74.8461538462,1.0,2.25170068027,157.0,60.9714260363,125.0
2016-09-28,2,0,11.0,22.0,1,1.0,84.3846153846,1.0,2.25845410628,157.0,58.3141867704,168.0
2016-09-29,3,0,13.0,24.0,1,1.0,97.2307692308,1.0,2.24495148177,168.0,56.9076902281,177.0
2016-09-30,4,0,15.0,26.0,1,1.0,110.769230769,1.0,2.16539967749,177.0,53.2196520183,91.0
2016-10-01,5,1,19.0,28.0,1,1.0,117.692307692,1.0,1.89112990674,177.0,43.4464916091,91.0
2016-10-02,6,1,19.0,28.0,1,1.0,124.615384615,1.0,1.47101003893,177.0,29.1033660795,91.0
2016-10-03,0,1,21.0,31.0,1,1.0,123.461538462,1.0,1.05998835178,177.0,30.0988509482,91.0
2016-10-04,1,1,19.0,30.0,1,1.0,119.538461538,1.0,1.0071942446,177.0,30.7436432069,91.0
2016-10-05,2,1,15.0,26.0,1,1.0,116.769230769,1.0,0.959409594096,177.0,31.5574051925,91.0
2016-10-06,3,1,17.0,24.0,1,1.0,111.692307692,1.0,0.915953699044,177.0,29.944524645,91.0
2016-10-07,4,1,12.0,20.0,0,1.0,110.615384615,1.0,0.87626384208,177.0,30.4139099288,91.0
2016-10-08,5,0,9.0,21.0,1,1.0,111.307692308,1.0,0.839870789109,177.0,29.8519026977,91.0
2016-10-09,6,0,12.0,19.0,1,1.0,109.538461538,1.0,0.806380150642,177.0,30.3178428922,41.0
2016-10-10,0,0,13.0,21.0,1,1.0,102.307692308,1.0,0.678223844282,177.0,34.3273486291,115.0
2016-10-11,1,0,13.0,23.0,1,1.0,101.538461538,1.0,0.760585065435,177.0,33.9198498378,155.0
2016-10-12,2,0,16.0,23.0,1,1.0,100.538461538,1.0,0.945432436541,177.0,32.0878970345,164.0
2016-10-13,3,0,14.0,25.0,1,1.0,99.5384615385,1.0,1.31515151515,177.0,29.8112404836,132.0
2016-10-14,4,0,15.0,24.0,1,1.0,102.692307692,1.0,1.35009729082,177.0,30.8903385827,129.0
2016-10-15,5,1,14.0,19.0,0,1.0,105.615384615,1.0,1.24596892407,177.0,31.4386789249,68.0
2016-10-16,6,1,13.0,21.0,1,1.0,103.846153846,1.0,0.984440454817,177.0,32.8278637601,107.0
2016-10-17,0,0,14.0,23.0,1,1.0,105.076923077,1.0,0.921212121212,177.0,32.6224593198,181.0
2016-10-18,1,0,15.0,25.0,1,1.0,112.0,41.0,1.05200945626,181.0,38.0060723893,189.0
2016-10-19,2,0,15.0,25.0,1,41.0,119.538461538,41.0,1.39657444005,189.0,42.5415912049,196.0
2016-10-20,3,0,15.0,22.0,1,68.0,127.615384615,41.0,1.64343786295,196.0,46.1694845301,212.0
2016-10-21,4,0,15.0,20.0,0,82.0,136.923076923,41.0,1.64666942491,212.0,49.8959864864,141.0
2016-10-22,5,1,10.0,14.0,0,91.0,140.769230769,41.0,1.48358329955,212.0,48.1027007816,115.0
2016-10-23,6,1,8.0,13.0,0,91.0,146.461538462,41.0,1.25250903252,212.0,39.5836317854,129.0
2016-10-24,0,0,8.0,15.0,0,91.0,147.538461538,41.0,1.01489389746,212.0,38.8975288608,155.0
2016-10-25,1,0,10.0,19.0,1,91.0,147.538461538,41.0,1.02583879676,212.0,38.8975288608,204.0
2016-10-26,2,0,11.0,16.0,1,91.0,150.615384615,41.0,1.20226656812,212.0,41.5683653044,237.0
2016-10-27,3,0,10.0,14.0,0,91.0,158.692307692,41.0,1.39317438055,237.0,47.0112664326,182.0
2016-10-28,4,0,7.0,14.0,1,91.0,162.769230769,41.0,1.41125835315,237.0,46.5554323793,186.0
2016-10-29,5,1,7.0,14.0,1,91.0,171.846153846,41.0,1.32762782532,237.0,37.8902182503,128.0
2016-10-30,6,1,6.0,17.0,1,91.0,173.461538462,41.0,1.05813333333,237.0,35.460954442,173.0
2016-10-31,0,0,0.0,8.0,1,105.0,172.846153846,41.0,1.02000209446,237.0,35.3941458737,259.0
