time_stamp,dayofweek,holiday,lt,ht,sunny,m2M,w2A,m1L,d3w3,m1Lar,w2Std,pay_sum
2016-08-01,0,0,27.0,33.0,0,72.0,67.7692307692,5.0,1.07039751277,112.0,23.5475095732,96.0
2016-08-02,1,0,26.0,32.0,0,73.0,69.5384615385,5.0,1.0964332893,112.0,24.7094357082,65.0
2016-08-03,2,0,26.0,34.0,0,73.0,68.4615384615,5.0,1.07843137255,112.0,24.5783375059,62.0
2016-08-04,3,0,26.0,33.0,0,73.0,66.4615384615,5.0,1.02812355924,112.0,23.9570621822,80.0
2016-08-05,4,0,26.0,35.0,1,73.0,66.3846153846,5.0,0.961002785515,112.0,23.9118202555,84.0
2016-08-06,5,1,26.0,34.0,0,73.0,66.7692307692,5.0,1.05361305361,112.0,24.1506612305,62.0
2016-08-07,6,1,26.0,33.0,0,73.0,71.1538461538,5.0,1.06252938411,112.0,16.5010309881,72.0
2016-08-08,0,0,26.0,32.0,0,73.0,74.6153846154,5.0,1.03661436044,112.0,10.5066898947,88.0
2016-08-09,1,0,26.0,29.0,0,74.0,76.7692307692,5.0,1.04446012703,112.0,10.1538461538,66.0
2016-08-10,2,0,27.0,33.0,0,74.0,76.2307692308,5.0,1.07312440646,112.0,10.5185100302,85.0
2016-08-11,3,0,27.0,33.0,0,74.0,77.0,5.0,1.13728289317,112.0,10.7631851162,54.0
2016-08-12,4,0,27.0,33.0,0,74.0,74.3846153846,5.0,0.994662785056,112.0,11.8486510854,82.0
2016-08-13,5,1,26.0,31.0,0,75.0,75.1538461538,5.0,1.06995884774,96.0,11.9926012694,96.0
2016-08-14,6,1,27.0,34.0,0,75.0,76.3076923077,5.0,1.05358764759,96.0,13.1639637203,63.0
2016-08-15,0,0,27.0,35.0,1,75.0,73.7692307692,5.0,1.06826241135,96.0,12.2735102255,76.0
2016-08-16,1,0,26.0,34.0,1,76.0,74.6153846154,5.0,1.03070175439,96.0,12.0162611716,83.0
2016-08-17,2,0,27.0,34.0,1,76.0,76.2307692308,5.0,0.967320261438,96.0,11.6166581064,73.0
2016-08-18,3,0,27.0,34.0,1,76.0,75.6923076923,5.0,1.01221640489,96.0,11.591672179,95.0
2016-08-19,4,0,27.0,35.0,1,76.0,76.5384615385,5.0,1.0901194354,96.0,12.5306724273,97.0
2016-08-20,5,1,27.0,35.0,1,78.0,79.2307692308,5.0,1.13247863248,97.0,12.873071752,68.0
2016-08-21,6,1,26.0,34.0,0,78.0,78.9230769231,5.0,1.12044817927,97.0,13.0882304055,92.0
2016-08-22,0,0,27.0,35.0,1,79.0,79.2307692308,5.0,1.11039101318,97.0,13.3425510544,84.0
2016-08-23,1,0,27.0,36.0,1,79.0,80.6153846154,27.0,1.04139991464,97.0,12.8214871425,89.0
2016-08-24,2,0,27.0,35.0,1,80.0,80.9230769231,54.0,1.11181036291,97.0,12.9701523534,82.0
2016-08-25,3,0,27.0,36.0,1,81.0,83.0769230769,54.0,1.06851037084,97.0,10.3883184281,65.0
2016-08-26,4,0,27.0,36.0,1,81.0,81.7692307692,54.0,1.00084817642,97.0,11.4566329203,83.0
2016-08-27,5,1,25.0,34.0,0,81.0,80.7692307692,54.0,0.962544465369,97.0,10.7141448286,60.0
2016-08-28,6,1,22.0,32.0,1,81.0,80.5384615385,54.0,0.877082015602,97.0,11.119043848,61.0
2016-08-29,0,0,23.0,33.0,1,81.0,79.3846153846,54.0,0.875160875161,97.0,12.2508301856,81.0
2016-08-30,1,0,23.0,33.0,1,81.0,79.2307692308,54.0,0.858296154663,97.0,12.2169733514,80.0
2016-08-31,2,0,25.0,33.0,1,81.0,79.7692307692,54.0,0.946291560102,97.0,12.0840253492,67.0
2016-09-01,3,0,25.0,29.0,0,81.0,77.6153846154,54.0,0.963855421687,97.0,11.6654549948,71.0
2016-09-02,4,0,23.0,32.0,1,81.0,75.6153846154,54.0,0.928054491273,97.0,10.3220336513,81.0
2016-09-03,5,1,23.0,34.0,1,81.0,76.6153846154,54.0,0.941328175371,97.0,10.1643302518,87.0
2016-09-04,6,1,24.0,32.0,1,81.0,76.2307692308,54.0,1.01164021164,97.0,9.65683373937,84.0
2016-09-05,0,0,25.0,31.0,0,81.0,76.2307692308,54.0,1.06127605812,97.0,9.65683373937,88.0
2016-09-06,1,0,25.0,32.0,0,81.0,76.1538461538,54.0,1.08732157851,97.0,9.55829204124,90.0
2016-09-07,2,0,24.0,31.0,0,81.0,76.7692307692,54.0,1.08826583593,97.0,10.1538461538,79.0
2016-09-08,3,0,23.0,32.0,1,81.0,77.8461538462,54.0,1.07824627648,97.0,9.57437408154,69.0
2016-09-09,4,0,24.0,31.0,1,81.0,76.7692307692,54.0,1.01644245142,97.0,9.72035015319,67.0
2016-09-10,5,1,24.0,29.0,1,80.0,77.3076923077,60.0,0.918803418803,97.0,8.93897787467,55.0
2016-09-11,6,1,21.0,24.0,0,80.0,76.8461538462,55.0,0.836069161742,97.0,9.87495786823,52.0
2016-09-12,0,0,21.0,27.0,1,79.0,74.6153846154,52.0,0.778001341382,97.0,11.7770210517,51.0
2016-09-13,1,0,22.0,25.0,0,79.0,72.3846153846,51.0,0.724936912136,97.0,13.2057007593,50.0
2016-09-14,2,0,23.0,25.0,0,79.0,71.0769230769,50.0,0.717804363125,97.0,14.4566276441,49.0
2016-09-15,3,1,24.0,26.0,0,79.0,69.3846153846,49.0,0.711743772242,97.0,15.60837281,72.0
2016-09-16,4,1,24.0,30.0,0,76.0,68.6923076923,49.0,0.817790530846,97.0,15.2738318973,65.0
2016-09-17,5,1,24.0,30.0,0,76.0,67.0,49.0,0.886347390994,97.0,14.3419771194,58.0
2016-09-18,6,0,23.0,30.0,1,75.0,65.0,49.0,0.931232091691,92.0,13.6268964806,91.0
2016-09-19,0,0,20.0,30.0,1,75.0,65.2307692308,49.0,1.01469890944,92.0,14.0337716086,65.0
2016-09-20,1,0,20.0,29.0,1,73.0,63.3076923077,49.0,1.02564102564,91.0,12.0854942637,80.0
2016-09-21,2,0,20.0,28.0,1,73.0,63.3846153846,49.0,1.12060778727,91.0,12.187878351,59.0
2016-09-22,3,0,21.0,29.0,1,73.0,62.6153846154,49.0,0.977011494253,91.0,12.1245996701,55.0
2016-09-23,4,0,20.0,29.0,1,73.0,61.6923076923,49.0,0.946803318692,91.0,12.2121289984,70.0
2016-09-24,5,1,21.0,30.0,1,73.0,62.8461538462,49.0,0.909315542377,91.0,12.2339134807,65.0
2016-09-25,6,1,22.0,32.0,1,73.0,63.8461538462,49.0,0.952380952381,91.0,11.8311593414,79.0
2016-09-26,0,0,25.0,32.0,1,73.0,66.0,49.0,1.07998990664,91.0,11.845154803,65.0
2016-09-27,1,0,25.0,29.0,0,72.0,67.1538461538,49.0,1.07510288066,91.0,10.9252435554,67.0
2016-09-28,2,0,25.0,27.0,0,72.0,68.5384615385,49.0,1.09553478712,91.0,9.59659703,51.0
2016-09-29,3,0,26.0,29.0,0,72.0,66.9230769231,49.0,0.963665086888,91.0,10.5936231796,55.0
2016-09-30,4,0,25.0,30.0,0,71.0,66.1538461538,49.0,0.919723551302,91.0,11.0582106902,63.0
2016-10-01,5,1,24.0,31.0,1,71.0,66.5384615385,49.0,0.892762810354,91.0,10.8529711254,59.0
2016-10-02,6,1,23.0,32.0,1,71.0,64.0769230769,49.0,0.929866036249,91.0,8.37084260497,58.0
2016-10-03,0,1,23.0,30.0,1,70.0,63.5384615385,49.0,0.940438871473,91.0,8.51799348543,76.0
2016-10-04,1,1,22.0,32.0,1,70.0,63.2307692308,49.0,0.988223246288,91.0,7.9725861662,57.0
2016-10-05,2,1,24.0,30.0,1,70.0,63.0769230769,49.0,0.972010178117,91.0,8.07142670128,66.0
2016-10-06,3,1,24.0,28.0,0,69.0,63.9230769231,49.0,1.01738241309,91.0,7.75054874942,67.0
2016-10-07,4,1,22.0,26.0,0,68.0,63.6923076923,49.0,0.96988259316,91.0,7.60955487816,83.0
2016-10-08,5,0,19.0,26.0,0,69.0,65.0769230769,49.0,1.0818933133,91.0,9.19415816585,71.0
2016-10-09,6,0,18.0,24.0,1,69.0,64.4615384615,49.0,1.12382405289,91.0,8.48179393774,62.0
2016-10-10,0,0,19.0,21.0,0,69.0,64.2307692308,49.0,1.10091743119,91.0,8.50478459144,63.0
2016-10-11,1,0,18.0,22.0,0,68.0,63.9230769231,49.0,1.01213529564,91.0,8.47132301411,51.0
2016-10-12,2,0,17.0,23.0,1,67.0,63.9230769231,49.0,0.914523252793,91.0,8.47132301411,56.0
2016-10-13,3,0,19.0,26.0,1,67.0,64.0,49.0,0.882658359294,91.0,8.39413714813,70.0
2016-10-14,4,0,21.0,27.0,1,67.0,64.5384615385,51.0,0.919003115265,91.0,8.53603569143,32.0
2016-10-15,5,1,20.0,23.0,0,67.0,62.4615384615,32.0,0.841993072209,91.0,12.1504376915,67.0
2016-10-16,6,1,22.0,27.0,0,67.0,63.1538461538,32.0,0.909335485607,91.0,12.1328933314,61.0
2016-10-17,0,0,22.0,27.0,1,67.0,62.0,32.0,0.863697705803,91.0,11.555884282,66.0
2016-10-18,1,0,21.0,25.0,0,67.0,62.6923076923,32.0,1.04808211777,83.0,11.5050799174,52.0
2016-10-19,2,0,22.0,25.0,0,66.0,61.6153846154,32.0,0.966261808367,83.0,11.7965996505,72.0
2016-10-20,3,0,22.0,25.0,0,66.0,62.0,32.0,1.01171458999,83.0,12.0447882122,68.0
2016-10-21,4,0,24.0,27.0,0,66.0,60.8461538462,32.0,1.01829753381,83.0,10.6109243696,57.0
2016-10-22,5,1,23.0,28.0,0,66.0,59.7692307692,32.0,1.04648074369,83.0,10.2293232061,60.0
2016-10-23,6,1,20.0,27.0,1,65.0,59.6153846154,32.0,0.98117210289,83.0,10.2096369373,62.0
2016-10-24,0,0,20.0,26.0,1,65.0,59.5384615385,32.0,0.960042906946,83.0,10.1875896192,65.0
2016-10-25,1,0,23.0,28.0,1,65.0,60.6153846154,32.0,0.99653610445,83.0,9.96562137889,66.0
2016-10-26,2,0,23.0,29.0,1,65.0,61.3846153846,32.0,1.02851052491,83.0,9.96562137889,76.0
2016-10-27,3,0,23.0,29.0,1,66.0,61.8461538462,32.0,1.09523809524,83.0,10.479622379,83.0
2016-10-28,4,0,19.0,30.0,0,66.0,65.7692307692,32.0,1.19047619048,83.0,7.7673264993,76.0
2016-10-29,5,1,17.0,23.0,0,66.0,66.4615384615,32.0,1.23847167325,83.0,8.2332850217,70.0
2016-10-30,6,1,15.0,23.0,1,66.0,67.1538461538,32.0,1.19926682378,83.0,8.12258156998,61.0
2016-10-31,0,0,16.0,24.0,1,65.0,66.7692307692,32.0,1.08575924469,83.0,8.28486893405,64.0
