time_stamp,dayofweek,holiday,lt,ht,sunny,m2M,w2A,m1L,d3w3,m1Lar,w2Std,pay_sum
2016-08-01,0,0,19.0,28.0,1,180.0,187.076923077,123.0,1.16988062443,230.0,23.3319244432,167.0
2016-08-02,1,0,19.0,31.0,1,180.0,190.0,123.0,1.12367816092,230.0,17.5323876122,170.0
2016-08-03,2,0,20.0,32.0,1,180.0,189.846153846,123.0,1.00971229613,230.0,17.6976580539,178.0
2016-08-04,3,0,19.0,32.0,1,179.0,189.769230769,123.0,0.943223443223,230.0,17.7467390121,165.0
2016-08-05,4,0,20.0,30.0,1,179.0,187.846153846,123.0,0.940076965366,230.0,18.932455462,195.0
2016-08-06,5,1,21.0,30.0,1,180.0,188.615384615,123.0,0.985618759733,230.0,19.0042038327,172.0
2016-08-07,6,1,17.0,28.0,1,180.0,186.461538462,123.0,0.984638163983,230.0,19.1777731306,227.0
2016-08-08,0,0,19.0,30.0,1,180.0,190.076923077,123.0,1.06853750675,230.0,21.8613165149,106.0
2016-08-09,1,0,19.0,30.0,1,180.0,182.384615385,106.0,0.914109874197,230.0,30.70840141,350.0
2016-08-10,2,0,20.0,31.0,1,180.0,195.923076923,106.0,1.17931451265,350.0,53.9949592212,271.0
2016-08-11,3,0,20.0,32.0,0,180.0,202.923076923,106.0,1.22607302471,350.0,57.2759333785,267.0
2016-08-12,4,0,16.0,25.0,0,180.0,208.615384615,106.0,1.46898263027,350.0,59.6354804839,258.0
2016-08-13,5,1,20.0,29.0,0,181.0,210.769230769,106.0,1.29336258023,350.0,60.8619545759,190.0
2016-08-14,6,1,19.0,29.0,1,183.0,208.923076923,106.0,1.16458995032,350.0,61.0994920519,311.0
2016-08-15,0,0,16.0,27.0,0,185.0,220.0,106.0,1.19791666667,350.0,65.3970123994,195.0
2016-08-16,1,0,18.0,28.0,1,188.0,221.923076923,106.0,1.10135295514,350.0,64.2560521405,193.0
2016-08-17,2,0,16.0,24.0,0,188.0,223.076923077,106.0,1.1011342155,350.0,63.5881720236,222.0
2016-08-18,3,0,18.0,23.0,0,188.0,227.461538462,106.0,0.951489627203,350.0,61.358486824,204.0
2016-08-19,4,0,17.0,28.0,1,190.0,228.153846154,106.0,0.963049397122,350.0,61.0382555374,187.0
2016-08-20,5,1,15.0,27.0,0,190.0,229.307692308,106.0,0.963382052491,350.0,60.1004090801,237.0
2016-08-21,6,1,19.0,30.0,1,190.0,230.076923077,106.0,0.981633450567,350.0,60.129938196,233.0
2016-08-22,0,0,20.0,26.0,1,190.0,239.846153846,106.0,1.01131378435,350.0,48.3383048521,200.0
2016-08-23,1,0,19.0,25.0,0,190.0,228.307692308,106.0,1.02422991669,350.0,37.3123708407,222.0
2016-08-24,2,0,17.0,29.0,1,190.0,224.538461538,106.0,0.991297767688,350.0,35.2258982189,193.0
2016-08-25,3,0,11.0,24.0,1,190.0,218.846153846,106.0,0.924881570043,350.0,33.8568165023,180.0
2016-08-26,4,0,11.0,23.0,1,190.0,212.846153846,106.0,0.897842160857,350.0,33.2932105665,176.0
2016-08-27,5,1,11.0,26.0,1,190.0,211.769230769,106.0,0.827679782904,350.0,34.2280897828,222.0
2016-08-28,6,1,11.0,26.0,1,193.0,204.923076923,106.0,0.872386989661,350.0,19.3727069649,200.0
2016-08-29,0,0,14.0,27.0,1,193.0,205.307692308,106.0,0.88376560999,350.0,19.220920555,163.0
2016-08-30,1,0,13.0,28.0,1,193.0,203.0,106.0,0.901942645698,350.0,22.1394183789,178.0
2016-08-31,2,0,13.0,27.0,1,193.0,199.615384615,106.0,0.852438351847,350.0,22.3384403475,163.0
2016-09-01,3,0,13.0,23.0,1,190.0,196.461538462,106.0,0.814150714805,350.0,24.3045275447,154.0
2016-09-02,4,0,14.0,23.0,1,190.0,193.923076923,106.0,0.820283370619,350.0,26.7595030955,180.0
2016-09-03,5,1,13.0,27.0,0,190.0,189.538461538,106.0,0.825649970928,350.0,23.8540929712,190.0
2016-09-04,6,1,12.0,25.0,0,190.0,186.230769231,106.0,0.897567660158,350.0,20.317305417,182.0
2016-09-05,0,0,13.0,26.0,1,190.0,184.846153846,106.0,0.948698118072,350.0,19.9416308023,136.0
2016-09-06,1,0,13.0,27.0,1,190.0,178.230769231,106.0,0.886098028955,350.0,20.7666665084,142.0
2016-09-07,2,0,11.0,26.0,1,190.0,174.307692308,136.0,0.819526100125,350.0,22.362002853,151.0
2016-09-08,3,0,11.0,26.0,1,187.0,172.076923077,136.0,0.775277853077,311.0,23.1166325018,147.0
2016-09-09,4,0,12.0,26.0,1,185.0,169.846153846,136.0,0.803873207271,311.0,24.0123242519,184.0
2016-09-10,5,1,12.0,24.0,0,185.0,166.923076923,136.0,0.893585465332,311.0,19.3448921442,214.0
2016-09-11,6,1,13.0,21.0,0,187.0,168.0,136.0,1.01574876526,311.0,21.4332595604,218.0
2016-09-12,0,0,10.0,24.0,0,190.0,172.230769231,136.0,1.14232730644,311.0,25.1370209549,129.0
2016-09-13,1,0,12.0,25.0,1,190.0,168.461538462,129.0,1.06796116505,237.0,27.5474845553,175.0
2016-09-14,2,0,11.0,27.0,1,187.0,169.384615385,129.0,0.998851894374,237.0,27.5500620173,174.0
2016-09-15,3,1,13.0,28.0,1,185.0,170.923076923,129.0,0.91623538432,237.0,27.2042461009,141.0
2016-09-16,4,1,14.0,27.0,1,185.0,167.923076923,129.0,0.948784974344,237.0,28.1710750142,192.0
2016-09-17,5,1,12.0,22.0,0,187.0,168.076923077,129.0,0.99033108702,237.0,28.2964024309,162.0
2016-09-18,6,0,8.0,22.0,1,187.0,166.538461538,129.0,0.977777777778,237.0,28.0401234075,129.0
2016-09-19,0,0,6.0,22.0,1,187.0,166.0,129.0,0.963783298414,233.0,28.6812723674,121.0
2016-09-20,1,0,10.0,22.0,1,185.0,164.384615385,121.0,0.836378400325,222.0,30.5199517631,151.0
2016-09-21,2,0,11.0,22.0,0,184.0,164.384615385,121.0,0.817033414833,222.0,30.5199517631,153.0
2016-09-22,3,0,11.0,22.0,0,182.0,164.846153846,121.0,0.866197900744,222.0,30.2981242218,136.0
2016-09-23,4,0,13.0,25.0,1,182.0,161.153846154,121.0,0.908997004442,222.0,30.6615423212,175.0
2016-09-24,5,1,12.0,27.0,1,180.0,158.153846154,121.0,0.963055209631,222.0,27.0379964945,190.0
2016-09-25,6,1,12.0,22.0,0,182.0,156.0,121.0,1.03726708075,222.0,22.9983276984,169.0
2016-09-26,0,0,11.0,22.0,0,182.0,159.076923077,121.0,1.09437442361,218.0,21.8261013061,152.0
2016-09-27,1,0,3.0,16.0,1,180.0,157.307692308,121.0,1.04402901216,218.0,21.391531809,152.0
2016-09-28,2,0,4.0,16.0,1,180.0,155.615384615,121.0,0.966094771242,218.0,20.8678569964,127.0
2016-09-29,3,0,8.0,21.0,1,178.0,154.538461538,121.0,0.885737772298,218.0,21.9286092884,134.0
2016-09-30,4,0,10.0,21.0,1,178.0,150.076923077,121.0,0.862032978501,218.0,19.6330237432,155.0
2016-10-01,5,1,11.0,26.0,1,178.0,149.538461538,121.0,0.884635832004,218.0,19.3931605097,183.0
2016-10-02,6,1,12.0,24.0,1,180.0,153.692307692,121.0,1.01505376344,218.0,20.3106058516,176.0
2016-10-03,0,1,10.0,23.0,1,180.0,157.923076923,121.0,1.08886770469,218.0,18.7266225073,188.0
2016-10-04,1,1,7.0,14.0,0,180.0,160.769230769,121.0,1.15400843882,218.0,20.2110169734,167.0
2016-10-05,2,1,5.0,19.0,1,180.0,161.846153846,121.0,1.12274024738,218.0,20.1412174174,149.0
2016-10-06,3,1,8.0,18.0,0,178.0,162.846153846,121.0,1.06295476115,218.0,19.1305078699,147.0
2016-10-07,4,1,4.0,15.0,0,178.0,160.692307692,121.0,0.990586221652,218.0,19.2169180887,159.0
2016-10-08,5,0,2.0,13.0,1,176.0,158.307692308,121.0,0.974408394903,218.0,17.2554767912,116.0
2016-10-09,6,0,4.0,16.0,1,176.0,154.230769231,116.0,0.90752688172,218.0,20.2490411783,123.0
2016-10-10,0,0,2.0,19.0,1,175.0,152.0,116.0,0.855362131958,218.0,21.9018790904,130.0
2016-10-11,1,0,4.0,16.0,1,175.0,150.307692308,116.0,0.798442064265,192.0,22.6728730336,133.0
2016-10-12,2,0,6.0,18.0,1,174.0,150.769230769,116.0,0.840683872373,192.0,22.2508559772,150.0
2016-10-13,3,0,6.0,21.0,1,169.0,152.0,116.0,0.89539295393,192.0,21.7255609824,149.0
2016-10-14,4,0,7.0,22.0,1,167.0,151.538461538,116.0,0.944571990817,192.0,21.7206579608,185.0
2016-10-15,5,1,6.0,16.0,0,167.0,151.692307692,116.0,1.0600087604,192.0,21.9488377663,181.0
2016-10-16,6,1,3.0,19.0,1,167.0,152.076923077,116.0,1.12347294939,190.0,22.4103737602,185.0
2016-10-17,0,0,5.0,17.0,1,167.0,151.846153846,116.0,1.18916585734,190.0,22.0518485318,118.0
2016-10-18,1,0,7.0,21.0,1,163.0,148.076923077,116.0,1.05619203492,190.0,23.2923280154,132.0
2016-10-19,2,0,8.0,20.0,1,163.0,146.769230769,116.0,0.947712418301,190.0,23.6778177469,138.0
2016-10-20,3,0,7.0,14.0,0,162.0,146.076923077,116.0,0.844212358573,190.0,23.7922467606,124.0
2016-10-21,4,0,5.0,10.0,0,159.0,143.384615385,116.0,0.866029233982,190.0,24.1550710125,144.0
2016-10-22,5,1,4.0,12.0,1,155.0,145.538461538,116.0,0.904030282788,190.0,22.829183026,208.0
2016-10-23,6,1,4.0,14.0,1,155.0,152.076923077,116.0,1.04868913858,208.0,27.1929332971,204.0
2016-10-24,0,0,2.0,10.0,1,155.0,157.769230769,116.0,1.21849660311,208.0,29.613286639,128.0
2016-10-25,1,0,4.0,14.0,1,154.0,157.384615385,116.0,1.1988011988,208.0,29.9628961873,131.0
2016-10-26,2,0,3.0,12.0,1,153.0,155.923076923,116.0,1.03405918481,208.0,30.7407560551,116.0
2016-10-27,3,0,-1.0,8.0,0,152.0,153.384615385,116.0,0.846310088016,208.0,32.5187246924,114.0
2016-10-28,4,0,-4.0,5.0,1,152.0,147.923076923,114.0,0.827317520339,208.0,32.7119398067,140.0
2016-10-29,5,1,-1.0,6.0,1,151.0,144.769230769,114.0,0.84100465962,208.0,31.3176132457,183.0
2016-10-30,6,1,-6.0,6.0,1,151.0,144.615384615,114.0,0.973382336563,208.0,31.1239172479,186.0
2016-10-31,0,0,-9.0,1.0,1,151.0,149.846153846,114.0,1.11293320214,208.0,31.9153836884,122.0
