time_stamp,dayofweek,holiday,lt,ht,sunny,m2M,w2A,m1L,d3w3,m1Lar,w2Std,pay_sum
2016-08-01,0,0,27.0,37.0,1,58.0,78.6153846154,24.0,1.11552028219,96.0,13.6186436777,66.0
2016-08-02,1,0,26.0,36.0,0,60.0,79.7692307692,24.0,1.05544422178,96.0,11.7352450478,55.0
2016-08-03,2,0,25.0,31.0,0,60.0,80.2307692308,29.0,0.945307224848,96.0,10.5768531466,73.0
2016-08-04,3,0,25.0,29.0,0,63.0,79.0,39.0,0.863950122467,96.0,10.4144869514,47.0
2016-08-05,4,0,25.0,31.0,0,63.0,76.6153846154,47.0,0.789354984213,96.0,13.470985696,64.0
2016-08-06,5,1,24.0,32.0,0,64.0,74.8461538462,47.0,0.840182648402,96.0,13.5012600771,65.0
2016-08-07,6,1,25.0,32.0,0,64.0,72.5384615385,47.0,0.810313075506,95.0,12.3762513563,68.0
2016-08-08,0,0,26.0,32.0,0,65.0,71.6923076923,47.0,0.899543378995,95.0,12.281221534,71.0
2016-08-09,1,0,26.0,32.0,0,65.0,71.7692307692,47.0,0.918918918919,95.0,12.2735102255,108.0
2016-08-10,2,0,26.0,34.0,0,65.0,73.2307692308,47.0,1.06995884774,108.0,15.0545359694,81.0
2016-08-11,3,0,27.0,35.0,0,66.0,73.1538461538,47.0,1.13215763118,108.0,15.0120267368,88.0
2016-08-12,4,0,28.0,38.0,1,66.0,73.6153846154,47.0,1.19835604586,108.0,15.3649874792,94.0
2016-08-13,5,1,28.0,37.0,1,68.0,74.5384615385,47.0,1.13264427218,108.0,16.1798325779,106.0
2016-08-14,6,1,28.0,37.0,1,69.0,75.8461538462,47.0,1.23155869147,108.0,17.8921820222,117.0
2016-08-15,0,0,28.0,37.0,1,70.0,79.7692307692,47.0,1.32331454811,117.0,20.6775755392,113.0
2016-08-16,1,0,27.0,37.0,1,70.0,84.2307692308,47.0,1.36585365854,117.0,21.1046981505,88.0
2016-08-17,2,0,27.0,36.0,1,71.0,85.3846153846,47.0,1.29347162904,117.0,20.8678569964,99.0
2016-08-18,3,0,28.0,37.0,1,71.0,89.3846153846,47.0,1.2077294686,117.0,17.8994562081,92.0
2016-08-19,4,0,27.0,37.0,1,73.0,91.5384615385,47.0,1.11644657863,117.0,16.3312601832,90.0
2016-08-20,5,1,26.0,36.0,1,74.0,93.4615384615,47.0,1.11907606531,117.0,14.4574462295,99.0
2016-08-21,6,1,26.0,34.0,1,75.0,95.8461538462,47.0,1.11243072051,117.0,12.482887695,82.0
2016-08-22,0,0,27.0,33.0,1,76.0,96.6923076923,47.0,1.06274509804,117.0,11.0619556998,105.0
2016-08-23,1,0,27.0,34.0,1,77.0,96.4615384615,47.0,1.08952380952,117.0,10.8529711254,78.0
2016-08-24,2,0,27.0,34.0,1,78.0,96.2307692308,47.0,1.00664767331,117.0,11.2054509136,84.0
2016-08-25,3,0,24.0,35.0,0,78.0,95.9230769231,47.0,0.993303571429,117.0,11.4788202185,67.0
2016-08-26,4,0,21.0,27.0,0,78.0,93.8461538462,47.0,0.850510677809,117.0,13.838886982,50.0
2016-08-27,5,1,18.0,27.0,1,78.0,89.5384615385,47.0,0.752808988764,117.0,17.5920234749,63.0
2016-08-28,6,1,18.0,30.0,1,78.0,85.3846153846,47.0,0.676056338028,117.0,16.9820650259,90.0
2016-08-29,0,0,19.0,31.0,1,78.0,83.6153846154,47.0,0.75436640654,117.0,15.1075043071,93.0
2016-08-30,1,0,20.0,31.0,1,79.0,84.0,47.0,0.921866216976,117.0,15.2769308235,93.0
2016-08-31,2,0,21.0,32.0,1,80.0,83.5384615385,47.0,1.02735901731,117.0,14.9028411572,71.0
2016-09-01,3,0,21.0,31.0,1,80.0,81.9230769231,47.0,0.965802329951,117.0,15.0356578146,90.0
2016-09-02,4,0,22.0,33.0,1,81.0,81.9230769231,47.0,0.956685499058,117.0,15.0356578146,96.0
2016-09-03,5,1,22.0,33.0,1,81.0,81.6923076923,50.0,0.973484848485,117.0,14.7928497041,90.0
2016-09-04,6,1,22.0,31.0,1,82.0,82.3076923077,50.0,1.06174264282,117.0,14.9583247488,107.0
2016-09-05,0,0,23.0,32.0,1,82.0,82.4615384615,50.0,1.13105578074,117.0,15.1992681231,90.0
2016-09-06,1,0,21.0,31.0,1,82.0,83.3846153846,50.0,1.10661268556,117.0,15.2645313443,77.0
2016-09-07,2,0,23.0,32.0,1,82.0,82.8461538462,50.0,1.07010349541,117.0,15.3565127945,93.0
2016-09-08,3,0,22.0,32.0,1,82.0,84.8461538462,50.0,1.01483216237,117.0,14.8471502256,106.0
2016-09-09,4,0,21.0,31.0,0,82.0,89.1538461538,50.0,1.06728538283,117.0,11.9540540522,77.0
2016-09-10,5,1,22.0,32.0,1,82.0,90.2307692308,50.0,1.08108108108,117.0,10.024230998,105.0
2016-09-11,6,1,20.0,31.0,1,82.0,91.3846153846,50.0,1.11304347826,117.0,10.7670327427,135.0
2016-09-12,0,0,22.0,33.0,1,84.0,94.6153846154,50.0,1.20417853751,135.0,15.8625755089,100.0
2016-09-13,1,0,21.0,32.0,1,87.0,95.1538461538,50.0,1.27555805665,135.0,15.9173159404,108.0
2016-09-14,2,0,21.0,31.0,1,88.0,98.0,50.0,1.26966500093,135.0,14.5971546226,139.0
2016-09-15,3,1,23.0,31.0,0,88.0,101.769230769,50.0,1.23509521267,139.0,17.979278013,86.0
2016-09-16,4,1,22.0,30.0,0,88.0,101.0,50.0,1.16291251964,139.0,18.4182184054,89.0
2016-09-17,5,1,21.0,32.0,1,89.0,100.923076923,50.0,1.08182601206,139.0,18.4660250958,93.0
2016-09-18,6,0,20.0,31.0,1,89.0,99.8461538462,50.0,0.921912624699,139.0,18.4884419356,123.0
2016-09-19,0,0,18.0,29.0,1,89.0,102.384615385,50.0,1.03319783198,139.0,19.2135307352,88.0
2016-09-20,1,0,18.0,27.0,1,89.0,103.230769231,50.0,1.03243335031,139.0,18.297346786,91.0
2016-09-21,2,0,17.0,28.0,1,89.0,103.076923077,50.0,1.01529668852,139.0,18.3908904643,105.0
2016-09-22,3,0,17.0,30.0,1,89.0,103.0,50.0,0.947614280948,139.0,18.3805917708,97.0
2016-09-23,4,0,18.0,31.0,1,90.0,104.538461538,50.0,0.977155244289,139.0,16.9188805986,131.0
2016-09-24,5,1,22.0,32.0,1,90.0,106.538461538,50.0,1.08823529412,139.0,18.3328850582,184.0
2016-09-25,6,1,23.0,30.0,1,90.0,110.307692308,63.0,1.29743347504,184.0,26.8539772599,152.0
2016-09-26,0,0,23.0,33.0,1,90.0,114.307692308,71.0,1.42878996482,184.0,28.8214252981,128.0
2016-09-27,1,0,22.0,32.0,1,90.0,115.846153846,71.0,1.38714499253,184.0,28.9770364091,88.0
2016-09-28,2,0,16.0,25.0,0,90.0,111.923076923,71.0,1.10262172285,184.0,29.0290611376,37.0
2016-09-29,3,0,15.0,18.0,0,90.0,108.153846154,37.0,0.78231292517,184.0,34.7648057089,54.0
2016-09-30,4,0,17.0,20.0,0,90.0,105.461538462,37.0,0.559462416003,184.0,37.3993323359,54.0
2016-10-01,5,1,17.0,20.0,0,90.0,102.461538462,37.0,0.464297150176,184.0,39.767817264,40.0
2016-10-02,6,1,16.0,23.0,0,90.0,96.0769230769,37.0,0.496560979701,184.0,42.5250361343,51.0
2016-10-03,0,1,18.0,29.0,1,90.0,93.2307692308,37.0,0.498796009632,184.0,44.1764884319,53.0
2016-10-04,1,1,17.0,30.0,1,90.0,90.3076923077,37.0,0.509824747743,184.0,45.4657683832,86.0
2016-10-05,2,1,18.0,30.0,1,90.0,88.8461538462,37.0,0.692167577413,184.0,45.2749653253,64.0
2016-10-06,3,1,19.0,29.0,1,90.0,86.3076923077,37.0,0.748525073746,184.0,45.6700282383,86.0
2016-10-07,4,1,19.0,27.0,1,90.0,82.8461538462,37.0,0.871652816251,184.0,43.8192900161,103.0
2016-10-08,5,0,16.0,26.0,1,90.0,76.6153846154,37.0,0.929292929293,184.0,33.5479873557,90.0
2016-10-09,6,0,16.0,24.0,1,90.0,71.8461538462,37.0,1.04377104377,184.0,26.0645534538,106.0
2016-10-10,0,0,16.0,23.0,1,91.0,70.1538461538,37.0,1.10740740741,184.0,22.8838073548,88.0
2016-10-11,1,0,16.0,21.0,1,90.0,70.1538461538,37.0,1.05360786496,184.0,22.8838073548,51.0
2016-10-12,2,0,16.0,19.0,1,90.0,71.2307692308,37.0,0.937081659973,184.0,21.5911443604,60.0
2016-10-13,3,0,15.0,18.0,0,90.0,71.6923076923,37.0,0.777647518562,184.0,21.2797650919,45.0
2016-10-14,4,0,15.0,19.0,1,90.0,71.0,37.0,0.641975308642,184.0,21.9790109668,83.0
2016-10-15,5,1,16.0,23.0,1,90.0,74.3076923077,37.0,0.825104235242,184.0,20.2309154718,118.0
2016-10-16,6,1,16.0,24.0,1,90.0,79.4615384615,37.0,1.10437710438,184.0,22.0859000778,101.0
2016-10-17,0,0,16.0,23.0,1,90.0,83.1538461538,37.0,1.3808870599,184.0,21.3536023041,69.0
2016-10-18,1,0,18.0,25.0,1,90.0,81.8461538462,37.0,1.33425990271,184.0,21.6576373235,98.0
2016-10-19,2,0,18.0,24.0,0,90.0,84.4615384615,37.0,1.19111111111,184.0,21.3959571473,65.0
2016-10-20,3,0,19.0,23.0,0,90.0,82.8461538462,37.0,1.02360467681,184.0,22.002958381,47.0
2016-10-21,4,0,18.0,24.0,0,90.0,78.5384615385,37.0,0.93085106383,184.0,23.0905088214,105.0
2016-10-22,5,1,16.0,21.0,0,90.0,79.6923076923,37.0,0.922031017633,184.0,23.9916158926,94.0
2016-10-23,6,1,15.0,18.0,1,90.0,78.7692307692,37.0,1.01736972705,184.0,23.1787497046,85.0
2016-10-24,0,0,12.0,16.0,0,90.0,78.5384615385,37.0,1.15166261152,152.0,23.1005007758,62.0
2016-10-25,1,0,12.0,16.0,0,90.0,79.3846153846,37.0,0.991769547325,128.0,22.2625538017,48.0
2016-10-26,2,0,13.0,16.0,0,90.0,78.4615384615,37.0,0.810473815461,118.0,23.2730130429,57.0
2016-10-27,3,0,12.0,16.0,0,90.0,79.3846153846,37.0,0.706878306878,118.0,22.1378147123,44.0
2016-10-28,4,0,9.0,14.0,0,90.0,76.3846153846,40.0,0.655233069481,118.0,24.0081347161,57.0
2016-10-29,5,1,7.0,11.0,0,89.0,71.6923076923,40.0,0.710271971229,118.0,21.2145980777,78.0
2016-10-30,6,1,9.0,15.0,0,89.0,69.9230769231,40.0,0.820160366552,118.0,19.5938041167,83.0
2016-10-31,0,0,9.0,14.0,0,88.0,71.0,44.0,1.00229885057,118.0,19.8958828366,12.0
