time_stamp,dayofweek,holiday,lt,ht,sunny,m2M,w2A,m1L,d3w3,m1Lar,w2Std,pay_sum
2016-08-01,0,0,24.0,30.0,1,78.0,98.3846153846,52.0,0.970266040689,128.0,13.1531713727,81.0
2016-08-02,1,0,24.0,33.0,1,79.0,98.1538461538,52.0,0.920868347339,128.0,13.4269886299,99.0
2016-08-03,2,0,25.0,34.0,1,79.0,98.3076923077,76.0,0.897235263432,128.0,13.4243442205,100.0
2016-08-04,3,0,25.0,33.0,1,81.0,96.1538461538,78.0,0.964187327824,128.0,10.3911660251,102.0
2016-08-05,4,0,25.0,32.0,1,81.0,95.7692307692,78.0,1.0418830045,128.0,10.0701680236,76.0
2016-08-06,5,1,24.0,33.0,1,81.0,92.7692307692,76.0,0.964775290647,128.0,9.69658025487,101.0
2016-08-07,6,1,23.0,31.0,1,81.0,94.0,76.0,0.96875,128.0,9.64763821238,109.0
2016-08-08,0,0,24.0,32.0,1,82.0,94.7692307692,76.0,0.979284369115,128.0,10.3860397884,112.0
2016-08-09,1,0,25.0,33.0,1,83.0,96.4615384615,76.0,1.08691983122,128.0,11.2291885084,103.0
2016-08-10,2,0,26.0,33.0,1,84.0,96.3076923077,76.0,1.09035840485,128.0,11.1243642196,103.0
2016-08-11,3,0,27.0,34.0,1,84.0,97.3076923077,76.0,1.08384458078,128.0,11.0966704319,125.0
2016-08-12,4,0,25.0,29.0,0,85.0,99.4615384615,76.0,1.11786558595,128.0,13.3221353371,114.0
2016-08-13,5,1,24.0,31.0,0,86.0,100.230769231,76.0,1.15560060821,128.0,13.8405971756,85.0
2016-08-14,6,1,24.0,33.0,1,86.0,100.769230769,76.0,1.09477952357,128.0,13.0805424855,105.0
2016-08-15,0,0,21.0,29.0,0,86.0,102.615384615,76.0,1.02408623884,128.0,11.7900770634,105.0
2016-08-16,1,0,23.0,31.0,1,90.0,103.076923077,76.0,0.986292209963,128.0,11.7569065689,116.0
2016-08-17,2,0,23.0,28.0,0,90.0,104.307692308,76.0,1.08395677473,128.0,12.1995246779,120.0
2016-08-18,3,0,22.0,24.0,0,90.0,105.692307692,76.0,1.11711711712,128.0,12.8624953637,131.0
2016-08-19,4,0,22.0,32.0,1,91.0,109.923076923,76.0,1.18253584662,131.0,11.3575562002,123.0
2016-08-20,5,1,23.0,31.0,1,92.0,111.615384615,76.0,1.19412515964,131.0,11.5394871339,135.0
2016-08-21,6,1,23.0,34.0,1,94.0,113.615384615,76.0,1.20901320901,135.0,13.0651530742,101.0
2016-08-22,0,0,23.0,32.0,1,97.0,112.769230769,76.0,1.10546574288,135.0,13.4916147528,99.0
2016-08-23,1,0,24.0,30.0,0,97.0,112.461538462,76.0,1.03156274057,135.0,13.7539666145,128.0
2016-08-24,2,0,24.0,31.0,0,98.0,114.384615385,76.0,0.997112023104,135.0,14.0413590266,103.0
2016-08-25,3,0,18.0,30.0,1,99.0,112.692307692,76.0,1.00273473108,135.0,13.9856223721,145.0
2016-08-26,4,0,17.0,29.0,1,99.0,115.076923077,76.0,1.10767417882,145.0,16.4338372244,114.0
2016-08-27,5,1,20.0,32.0,1,99.0,117.307692308,76.0,1.06033977739,145.0,13.9856223721,119.0
2016-08-28,6,1,18.0,31.0,1,100.0,118.384615385,76.0,1.10236220472,145.0,13.5279679612,125.0
2016-08-29,0,0,19.0,31.0,1,101.0,119.923076923,76.0,1.03813252139,145.0,13.0470246444,134.0
2016-08-30,1,0,19.0,31.0,1,101.0,121.307692308,76.0,1.08154506438,145.0,13.5043275992,129.0
2016-08-31,2,0,19.0,33.0,1,102.0,122.0,76.0,1.09790605546,145.0,13.6494575829,151.0
2016-09-01,3,0,19.0,27.0,1,102.0,123.538461538,76.0,1.15869017632,151.0,15.5692763757,110.0
2016-09-02,4,0,19.0,28.0,1,103.0,122.538461538,76.0,1.09335576114,151.0,15.9837195277,125.0
2016-09-03,5,1,20.0,30.0,1,103.0,121.769230769,76.0,1.06424041908,151.0,15.6015474881,138.0
2016-09-04,6,1,18.0,29.0,0,103.0,124.615384615,85.0,1.01455188358,151.0,14.9127640813,99.0
2016-09-05,0,0,20.0,31.0,1,103.0,124.615384615,85.0,0.987048398091,151.0,14.9127640813,112.0
2016-09-06,1,0,21.0,30.0,1,104.0,123.384615385,85.0,0.953161272702,151.0,15.2393138425,144.0
2016-09-07,2,0,19.0,31.0,1,105.0,126.538461538,85.0,0.960108181204,151.0,14.9337788747,125.0
2016-09-08,3,0,18.0,31.0,1,105.0,125.0,85.0,1.0329402196,151.0,13.9504618065,132.0
2016-09-09,4,0,19.0,31.0,1,105.0,126.384615385,85.0,1.0831982712,151.0,13.6806346093,147.0
2016-09-10,5,1,18.0,30.0,1,105.0,128.538461538,85.0,1.08602150538,151.0,14.5264500646,135.0
2016-09-11,6,1,18.0,25.0,0,107.0,129.307692308,85.0,1.09785202864,151.0,14.5833657368,128.0
2016-09-12,0,0,18.0,27.0,1,109.0,128.846153846,99.0,1.07484598244,151.0,14.5223761239,116.0
2016-09-13,1,0,19.0,27.0,1,109.0,127.846153846,99.0,0.998287896747,151.0,14.9195078999,136.0
2016-09-14,2,0,20.0,30.0,1,110.0,126.692307692,99.0,0.988039521581,151.0,13.6064725287,108.0
2016-09-15,3,1,21.0,30.0,1,110.0,126.538461538,99.0,0.949742777998,151.0,13.8042099744,94.0
2016-09-16,4,1,20.0,30.0,0,110.0,124.153846154,94.0,0.898816646723,151.0,16.3134967899,128.0
2016-09-17,5,1,17.0,24.0,1,112.0,123.384615385,94.0,0.87440381558,151.0,15.8722712327,130.0
2016-09-18,6,0,15.0,22.0,0,112.0,125.769230769,94.0,0.93084754727,151.0,14.2782990053,136.0
2016-09-19,0,0,13.0,25.0,1,112.0,127.615384615,94.0,1.04108865108,151.0,13.92583908,122.0
2016-09-20,1,0,14.0,26.0,1,114.0,125.923076923,94.0,1.02808691044,151.0,13.1468717453,145.0
2016-09-21,2,0,16.0,23.0,0,114.0,127.461538462,94.0,1.07038512616,151.0,14.0855375071,117.0
2016-09-22,3,0,17.0,26.0,0,114.0,126.307692308,94.0,1.01708382996,151.0,14.2795422001,144.0
2016-09-23,4,0,19.0,27.0,1,116.0,126.076923077,94.0,1.06729758149,151.0,13.9640281739,137.0
2016-09-24,5,1,20.0,29.0,1,116.0,126.230769231,94.0,1.04667981591,151.0,14.0720882828,154.0
2016-09-25,6,1,19.0,27.0,1,117.0,128.230769231,94.0,1.11969111969,154.0,15.9091354798,150.0
2016-09-26,0,0,19.0,24.0,0,119.0,130.846153846,94.0,1.11872146119,154.0,16.4683666644,121.0
2016-09-27,1,0,12.0,23.0,1,120.0,129.692307692,94.0,1.08765195138,154.0,16.5918636936,133.0
2016-09-28,2,0,10.0,20.0,1,121.0,131.615384615,94.0,1.03074371731,154.0,15.3699930511,141.0
2016-09-29,3,0,12.0,22.0,1,122.0,135.230769231,94.0,1.0043224002,154.0,11.0045714008,141.0
2016-09-30,4,0,14.0,24.0,1,123.0,136.230769231,94.0,1.05759429154,154.0,10.8921555835,157.0
2016-10-01,5,1,15.0,26.0,1,125.0,138.307692308,94.0,1.10942633308,157.0,12.0216766742,136.0
2016-10-02,6,1,16.0,26.0,1,125.0,138.307692308,94.0,1.09347442681,157.0,12.0216766742,101.0
2016-10-03,0,1,16.0,28.0,1,125.0,136.692307692,94.0,0.998352970987,157.0,15.1169014702,118.0
2016-10-04,1,1,11.0,19.0,0,125.0,134.615384615,94.0,0.905727771399,157.0,15.6772174804,113.0
2016-10-05,2,1,13.0,21.0,1,125.0,134.307692308,94.0,0.845429080723,157.0,16.0546404285,120.0
2016-10-06,3,1,14.0,17.0,0,125.0,132.461538462,94.0,0.88502269289,157.0,16.2130782187,104.0
2016-10-07,4,1,12.0,16.0,0,125.0,129.923076923,94.0,0.857506361323,157.0,17.8086475903,131.0
2016-10-08,5,0,5.0,19.0,1,125.0,128.153846154,94.0,0.902963245581,157.0,16.4169057042,142.0
2016-10-09,6,0,8.0,18.0,1,125.0,127.538461538,94.0,0.956731379267,157.0,15.7216919456,118.0
2016-10-10,0,0,10.0,20.0,1,125.0,127.307692308,94.0,0.993773033422,157.0,15.8375630186,118.0
2016-10-11,1,0,10.0,20.0,1,125.0,126.153846154,94.0,0.970724191063,157.0,15.9269783403,118.0
2016-10-12,2,0,10.0,19.0,1,125.0,124.384615385,94.0,0.908740854832,157.0,15.4498616451,130.0
2016-10-13,3,0,12.0,22.0,1,128.0,123.538461538,94.0,0.944638017809,157.0,14.8044451984,140.0
2016-10-14,4,0,13.0,23.0,1,128.0,122.230769231,94.0,1.0002577984,157.0,12.3360250808,113.0
2016-10-15,5,1,11.0,17.0,0,128.0,120.461538462,101.0,1.00327439424,157.0,11.8750895356,134.0
2016-10-16,6,1,12.0,20.0,1,128.0,123.0,101.0,1.02016607355,157.0,10.9333646028,150.0
2016-10-17,0,0,9.0,21.0,1,128.0,125.461538462,101.0,1.03466249674,157.0,12.94732158,140.0
2016-10-18,1,0,12.0,20.0,1,129.0,127.538461538,101.0,1.102014295,157.0,12.94732158,151.0
2016-10-19,2,0,14.0,22.0,1,129.0,129.923076923,101.0,1.14174757282,157.0,14.1392064757,120.0
2016-10-20,3,0,11.0,15.0,0,129.0,131.153846154,101.0,1.07282693814,157.0,12.4211120142,148.0
2016-10-21,4,0,11.0,11.0,0,130.0,132.461538462,101.0,1.09757694826,157.0,13.2061488279,144.0
2016-10-22,5,1,7.0,15.0,1,130.0,132.615384615,101.0,1.07585846716,157.0,13.3274641915,162.0
2016-10-23,6,1,0.0,5.0,1,131.0,136.0,101.0,1.15786789084,162.0,14.7021714775,151.0
2016-10-24,0,0,6.0,13.0,1,131.0,138.538461538,101.0,1.15098854049,162.0,14.2160006527,142.0
2016-10-25,1,0,10.0,17.0,1,132.0,140.384615385,101.0,1.13353263577,162.0,12.9290279338,148.0
2016-10-26,2,0,0.0,10.0,1,133.0,141.769230769,101.0,1.08727810651,162.0,12.7046559978,131.0
2016-10-27,3,0,7.0,11.0,0,133.0,141.076923077,101.0,1.02770657879,162.0,13.02341996,154.0
2016-10-28,4,0,2.0,13.0,1,133.0,144.230769231,101.0,1.04817235536,162.0,10.5768531466,167.0
2016-10-29,5,1,2.0,12.0,1,134.0,146.769230769,101.0,1.08432289792,167.0,11.715563916,167.0
2016-10-30,6,1,2.0,13.0,1,134.0,148.076923077,101.0,1.15040075436,167.0,12.8928217265,85.0
2016-10-31,0,0,-4.0,6.0,1,134.0,143.846153846,85.0,0.999403697078,167.0,21.1981354545,157.0
