time_stamp,dayofweek,holiday,lt,ht,sunny,m2M,w2A,m1L,d3w3,m1Lar,w2Std,pay_sum
2016-08-01,0,0,25.0,39.0,1,54.0,55.0769230769,30.0,1.27536231884,89.0,11.6517515254,35.0
2016-08-02,1,0,26.0,38.0,1,54.0,54.0769230769,30.0,1.14764667956,89.0,12.7246673734,31.0
2016-08-03,2,0,24.0,36.0,1,53.0,53.1538461538,30.0,0.859375,89.0,13.8777417463,34.0
2016-08-04,3,0,23.0,31.0,0,52.0,51.8461538462,30.0,0.658111220796,89.0,14.7900494296,66.0
2016-08-05,4,0,23.0,31.0,0,53.0,53.2307692308,30.0,0.841361592807,89.0,15.2019930179,51.0
2016-08-06,5,1,23.0,35.0,1,52.0,52.3846153846,30.0,0.989839396919,89.0,14.9950682228,52.0
2016-08-07,6,1,22.0,33.0,1,52.0,50.6153846154,30.0,1.11001642036,89.0,13.5052039061,71.0
2016-08-08,0,0,23.0,34.0,0,52.0,51.5384615385,30.0,1.09848484848,77.0,14.4254869781,35.0
2016-08-09,1,0,23.0,33.0,0,52.0,51.3846153846,30.0,1.00990731863,77.0,14.5894506753,47.0
2016-08-10,2,0,25.0,34.0,1,51.0,51.3846153846,30.0,0.974212034384,77.0,14.5894506753,2.0
2016-08-11,3,0,24.0,37.0,1,51.0,47.8461538462,2.0,0.561122244489,77.0,19.673669064,21.0
2016-08-12,4,0,25.0,38.0,1,51.0,45.2307692308,2.0,0.480604188122,77.0,20.7777760199,50.0
2016-08-13,5,1,25.0,39.0,1,51.0,43.1538461538,2.0,0.507473062218,77.0,18.7487277675,79.0
2016-08-14,6,1,24.0,41.0,1,51.0,44.1538461538,2.0,1.03842159917,79.0,20.2288680007,59.0
2016-08-15,0,0,25.0,40.0,1,52.0,46.0,2.0,1.30148840429,79.0,20.4036195884,32.0
2016-08-16,1,0,26.0,40.0,1,51.0,46.0769230769,2.0,1.18302018093,79.0,20.3487347498,44.0
2016-08-17,2,0,26.0,40.0,1,51.0,46.8461538462,2.0,0.942408376963,79.0,20.0646882851,45.0
2016-08-18,3,0,25.0,40.0,1,51.0,45.2307692308,2.0,0.847338935574,79.0,19.2879150931,14.0
2016-08-19,4,0,26.0,41.0,1,51.0,42.3846153846,2.0,0.753750457373,79.0,20.8899624831,58.0
2016-08-20,5,1,26.0,41.0,1,51.0,42.8461538462,2.0,0.874439461883,79.0,21.1618166802,62.0
2016-08-21,6,1,27.0,42.0,1,51.0,42.1538461538,2.0,1.00600600601,79.0,20.3615253843,43.0
2016-08-22,0,0,25.0,40.0,1,50.0,42.7692307692,2.0,1.21279761905,79.0,20.2566374541,42.0
2016-08-23,1,0,27.0,42.0,1,49.0,42.3846153846,2.0,1.08048511577,79.0,20.2200907764,59.0
2016-08-24,2,0,27.0,41.0,1,49.0,46.7692307692,2.0,1.03004291845,79.0,16.8940310176,42.0
2016-08-25,3,0,25.0,38.0,0,48.0,48.3846153846,2.0,1.04992657856,79.0,15.2796418682,16.0
2016-08-26,4,0,22.0,35.0,0,48.0,45.7692307692,2.0,0.893470790378,79.0,17.5242857691,50.0
2016-08-27,5,1,21.0,30.0,1,48.0,43.5384615385,2.0,0.826636050517,79.0,14.7836468105,66.0
2016-08-28,6,1,21.0,33.0,1,48.0,44.0769230769,2.0,1.01616628176,79.0,15.4494786492,76.0
2016-08-29,0,0,19.0,32.0,1,48.0,47.4615384615,2.0,1.41124586549,79.0,17.1581574437,51.0
2016-08-30,1,0,19.0,24.0,1,48.0,48.0,2.0,1.41236736187,79.0,17.1509138577,57.0
2016-08-31,2,0,19.0,27.0,1,48.0,48.9230769231,2.0,1.26984126984,79.0,17.286996173,48.0
2016-09-01,3,0,22.0,32.0,1,48.0,51.5384615385,2.0,1.04733131923,79.0,14.0800753091,47.0
2016-09-02,4,0,21.0,34.0,1,48.0,50.6923076923,2.0,1.02356902357,79.0,13.9966183574,54.0
2016-09-03,5,1,23.0,32.0,1,49.0,50.0769230769,2.0,1.02936096718,79.0,13.6576917661,61.0
2016-09-04,6,1,21.0,30.0,1,49.0,51.4615384615,2.0,1.11685625646,79.0,13.7819022055,49.0
2016-09-05,0,0,23.0,31.0,1,49.0,52.0,2.0,1.11111111111,79.0,13.5362760474,41.0
2016-09-06,1,0,21.0,27.0,0,49.0,50.6153846154,2.0,1.02616377846,79.0,13.6693844414,40.0
2016-09-07,2,0,19.0,32.0,1,48.0,50.4615384615,2.0,0.887978142077,79.0,13.7763196191,39.0
2016-09-08,3,0,20.0,29.0,1,48.0,52.2307692308,2.0,0.799200799201,79.0,10.2668536575,47.0
2016-09-09,4,0,20.0,27.0,0,48.0,52.0,14.0,0.848484848485,79.0,10.347797982,72.0
2016-09-10,5,1,19.0,34.0,1,48.0,52.4615384615,14.0,1.05333333333,79.0,11.0705109646,73.0
2016-09-11,6,1,20.0,32.0,1,48.0,52.2307692308,14.0,1.2427184466,79.0,10.5986490152,54.0
2016-09-12,0,0,19.0,33.0,1,49.0,52.4615384615,14.0,1.27319257837,76.0,10.6019982486,43.0
2016-09-13,1,0,23.0,34.0,1,49.0,51.3846153846,14.0,1.10461338532,76.0,10.7955721802,42.0
2016-09-14,2,0,20.0,31.0,1,48.0,50.9230769231,14.0,0.90318388564,76.0,11.0555349066,41.0
2016-09-15,3,1,20.0,31.0,1,48.0,50.4615384615,14.0,0.799238820171,76.0,11.3314768174,62.0
2016-09-16,4,1,22.0,32.0,1,48.0,51.0769230769,14.0,0.909375979931,76.0,11.717584015,58.0
2016-09-17,5,1,21.0,37.0,1,49.0,50.8461538462,16.0,1.01737756714,76.0,11.5482010177,61.0
2016-09-18,6,0,20.0,32.0,1,50.0,51.7692307692,16.0,1.16025641026,76.0,11.839658559,46.0
2016-09-19,0,0,18.0,23.0,0,49.0,52.1538461538,16.0,1.06280193237,76.0,11.5615154307,37.0
2016-09-20,1,0,21.0,25.0,0,49.0,51.9230769231,16.0,0.945812807882,76.0,11.8286584093,51.0
2016-09-21,2,0,18.0,25.0,1,49.0,52.8461538462,16.0,0.877537655534,76.0,11.2376164585,64.0
2016-09-22,3,0,19.0,32.0,1,49.0,54.1538461538,16.0,0.979066022544,76.0,11.4679899241,38.0
2016-09-23,4,0,21.0,28.0,1,48.0,51.5384615385,16.0,1.00098135427,76.0,10.9657886497,50.0
2016-09-24,5,1,19.0,22.0,0,49.0,49.7692307692,37.0,1.00529100529,76.0,9.04819443233,81.0
2016-09-25,6,1,21.0,24.0,0,50.0,51.8461538462,37.0,1.08333333333,81.0,12.2966296436,70.0
2016-09-26,0,0,19.0,25.0,0,50.0,53.9230769231,37.0,1.25350795136,81.0,12.8928217265,24.0
2016-09-27,1,0,20.0,23.0,0,50.0,52.5384615385,24.0,1.10794555239,81.0,14.908001902,48.0
2016-09-28,2,0,20.0,25.0,1,49.0,53.0769230769,24.0,0.891399874451,81.0,14.6048545062,47.0
2016-09-29,3,0,18.0,27.0,1,48.0,51.9230769231,24.0,0.747018204645,81.0,14.4459818127,62.0
2016-09-30,4,0,19.0,29.0,1,49.0,52.2307692308,24.0,0.994930291508,81.0,14.6137650925,52.0
2016-10-01,5,1,19.0,31.0,1,50.0,51.5384615385,24.0,1.0410604591,81.0,14.3934567646,58.0
2016-10-02,6,1,20.0,34.0,1,50.0,52.4615384615,24.0,1.10789049919,81.0,14.3934567646,81.0
2016-10-03,0,1,20.0,35.0,1,50.0,55.8461538462,24.0,1.18670394532,81.0,15.491169464,48.0
2016-10-04,1,1,19.0,33.0,1,50.0,55.6153846154,24.0,1.15539079395,81.0,15.5837117211,53.0
2016-10-05,2,1,21.0,34.0,1,50.0,54.7692307692,24.0,1.11212954476,81.0,15.4030658594,52.0
2016-10-06,3,1,19.0,29.0,1,50.0,55.8461538462,24.0,0.943570767808,81.0,14.6646941474,35.0
2016-10-07,4,1,18.0,27.0,1,50.0,54.6923076923,24.0,0.882167611846,81.0,15.6371579918,51.0
2016-10-08,5,0,20.0,23.0,0,50.0,52.3846153846,24.0,0.87786259542,81.0,13.6750106823,37.0
2016-10-09,6,0,18.0,22.0,1,50.0,49.8461538462,24.0,0.789220404235,81.0,13.2249539993,41.0
2016-10-10,0,0,15.0,19.0,0,50.0,51.1538461538,24.0,0.824544582934,81.0,11.3058606575,41.0
2016-10-11,1,0,14.0,18.0,0,50.0,50.6153846154,24.0,0.767989674088,81.0,11.6059564385,46.0
2016-10-12,2,0,14.0,17.0,0,49.0,50.5384615385,24.0,0.840722495895,81.0,11.6329464792,29.0
2016-10-13,3,0,14.0,17.0,0,48.0,48.0,24.0,0.76872100729,81.0,12.4282556484,47.0
2016-10-14,4,0,15.0,17.0,0,48.0,47.6153846154,24.0,0.810900631439,81.0,12.375773241,57.0
2016-10-15,5,1,15.0,19.0,0,49.0,47.5384615385,24.0,0.905686074225,81.0,12.3139407216,61.0
2016-10-16,6,1,16.0,25.0,1,50.0,46.0,24.0,1.13402061856,81.0,8.77934639235,47.0
2016-10-17,0,0,16.0,25.0,1,50.0,45.9230769231,24.0,1.10775427996,81.0,8.76585630081,41.0
2016-10-18,1,0,16.0,25.0,1,49.0,45.0,24.0,1.00743745774,81.0,8.60232526704,35.0
2016-10-19,2,0,18.0,28.0,1,48.0,43.6923076923,24.0,0.841889117043,81.0,8.73000674407,67.0
2016-10-20,3,0,18.0,26.0,0,49.0,46.1538461538,24.0,0.973782771536,81.0,10.3019501802,43.0
2016-10-21,4,0,17.0,22.0,0,49.0,45.5384615385,24.0,0.996563573883,81.0,10.232793322,41.0
2016-10-22,5,1,18.0,25.0,1,48.0,45.8461538462,24.0,1.05631339629,81.0,10.0295421619,60.0
2016-10-23,6,1,18.0,23.0,0,49.0,47.3076923077,24.0,1.03004291845,81.0,10.5858004703,52.0
2016-10-24,0,0,17.0,18.0,0,50.0,48.1538461538,24.0,1.08974358974,81.0,10.4869600629,50.0
2016-10-25,1,0,16.0,22.0,0,50.0,48.4615384615,24.0,1.1575562701,81.0,10.4779283376,49.0
2016-10-26,2,0,16.0,18.0,0,49.0,50.0,29.0,1.08243727599,81.0,8.84916336767,29.0
2016-10-27,3,0,11.0,17.0,0,49.0,48.6153846154,29.0,0.923520923521,81.0,10.470019187,57.0
2016-10-28,4,0,9.0,13.0,0,49.0,48.6153846154,29.0,0.967741935484,81.0,10.470019187,62.0
2016-10-29,5,1,9.0,13.0,0,49.0,48.6923076923,29.0,1.03315881326,81.0,10.5639780924,75.0
2016-10-30,6,1,12.0,17.0,0,49.0,50.8461538462,29.0,1.30771823391,81.0,12.648175021,62.0
2016-10-31,0,0,10.0,18.0,0,50.0,52.4615384615,29.0,1.31353135314,81.0,12.6285109946,39.0
