time_stamp,dayofweek,holiday,lt,ht,sunny,m2M,w2A,m1L,d3w3,m1Lar,w2Std,pay_sum
2016-08-01,0,0,25.0,35.0,0,54.0,72.3846153846,10.0,1.21706058136,91.0,15.1024117358,77.0
2016-08-02,1,0,25.0,29.0,0,54.0,75.6923076923,10.0,1.16940746541,91.0,10.2685825206,40.0
2016-08-03,2,0,25.0,31.0,0,54.0,74.3076923077,10.0,1.04265402844,91.0,13.3208027905,52.0
2016-08-04,3,0,26.0,32.0,1,54.0,73.7692307692,10.0,0.861365953109,91.0,14.0502058356,57.0
2016-08-05,4,0,26.0,34.0,1,54.0,72.0,10.0,0.750818846057,91.0,14.5918839402,60.0
2016-08-06,5,1,27.0,35.0,1,54.0,69.6153846154,10.0,0.847117794486,91.0,13.8037813188,84.0
2016-08-07,6,1,27.0,36.0,1,54.0,69.3846153846,10.0,0.993328391401,91.0,13.5336529922,75.0
2016-08-08,0,0,27.0,35.0,0,57.0,69.3076923077,10.0,1.05339105339,91.0,13.4986302176,39.0
2016-08-09,1,0,25.0,34.0,0,57.0,66.3846153846,10.0,0.948957584472,91.0,15.4846746149,45.0
2016-08-10,2,0,26.0,31.0,0,57.0,64.7692307692,10.0,0.769230769231,91.0,16.5024652991,69.0
2016-08-11,3,0,26.0,32.0,0,58.0,63.2307692308,10.0,0.734870317003,91.0,15.0391992737,64.0
2016-08-12,4,0,26.0,30.0,0,58.0,62.2307692308,10.0,0.86491739553,91.0,14.513409429,77.0
2016-08-13,5,1,25.0,32.0,0,58.0,63.0769230769,34.0,1.03092783505,91.0,15.020301843,95.0
2016-08-14,6,1,26.0,32.0,0,58.0,64.1538461538,34.0,1.15178135676,95.0,16.6772353079,69.0
2016-08-15,0,0,25.0,31.0,0,59.0,63.5384615385,34.0,1.18224184449,95.0,16.3359696782,64.0
2016-08-16,1,0,25.0,31.0,0,59.0,65.3846153846,34.0,1.12927191679,95.0,14.861092524,62.0
2016-08-17,2,0,25.0,31.0,0,59.0,66.1538461538,34.0,0.96870342772,95.0,14.4000328731,59.0
2016-08-18,3,0,25.0,30.0,0,59.0,66.3076923077,39.0,0.940040650407,95.0,14.3118273595,61.0
2016-08-19,4,0,26.0,32.0,0,59.0,66.3846153846,39.0,0.93621399177,95.0,14.2803709365,60.0
2016-08-20,5,1,26.0,34.0,1,59.0,64.5384615385,39.0,0.93023255814,95.0,13.408466812,56.0
2016-08-21,6,1,27.0,35.0,0,59.0,63.0769230769,39.0,0.932806324111,95.0,13.2227166908,88.0
2016-08-22,0,0,27.0,35.0,1,59.0,66.8461538462,39.0,1.065830721,95.0,12.7993158101,73.0
2016-08-23,1,0,27.0,35.0,1,59.0,69.0,39.0,1.10516934046,95.0,11.1975271995,56.0
2016-08-24,2,0,28.0,36.0,1,59.0,68.0,39.0,1.10180248794,95.0,11.7211183504,89.0
2016-08-25,3,0,27.0,36.0,1,59.0,69.9230769231,39.0,1.08054522924,95.0,12.8987866958,67.0
2016-08-26,4,0,25.0,35.0,0,59.0,69.1538461538,39.0,1.04536489152,95.0,12.7511456731,47.0
2016-08-27,5,1,24.0,32.0,0,59.0,65.4615384615,39.0,1.02915082383,95.0,11.6329464792,73.0
2016-08-28,6,1,26.0,33.0,1,60.0,65.7692307692,39.0,0.949479563341,95.0,11.7745086205,93.0
2016-08-29,0,0,26.0,33.0,1,60.0,68.0,39.0,1.03877103146,95.0,13.800780357,66.0
2016-08-30,1,0,25.0,32.0,1,61.0,68.3076923077,39.0,1.11431316042,95.0,13.7078563402,57.0
2016-08-31,2,0,25.0,33.0,0,60.0,68.1538461538,39.0,1.04651162791,95.0,13.8222015047,67.0
2016-09-01,3,0,25.0,32.0,0,61.0,68.6153846154,39.0,0.918540004834,95.0,13.6750106823,43.0
2016-09-02,4,0,25.0,31.0,0,61.0,67.3076923077,39.0,0.827757125155,95.0,15.1677015925,61.0
2016-09-03,5,1,25.0,31.0,0,61.0,67.6923076923,39.0,0.869565217391,95.0,14.9377406148,61.0
2016-09-04,6,1,26.0,31.0,0,61.0,65.6153846154,39.0,0.844205679202,95.0,13.8037813188,67.0
2016-09-05,0,0,26.0,32.0,0,62.0,65.1538461538,39.0,0.964777947933,95.0,13.6485905378,66.0
2016-09-06,1,0,26.0,33.0,0,64.0,65.9230769231,39.0,0.98727735369,95.0,13.3903612777,61.0
2016-09-07,2,0,25.0,31.0,0,64.0,63.7692307692,43.0,0.985772357724,95.0,11.6431151406,66.0
2016-09-08,3,0,26.0,32.0,0,64.0,63.6923076923,43.0,0.976967856239,95.0,11.6248051457,52.0
2016-09-09,4,0,26.0,32.0,0,64.0,64.0769230769,43.0,0.911637382226,95.0,11.1387165292,54.0
2016-09-10,5,1,25.0,30.0,0,64.0,62.6153846154,43.0,0.877327212446,95.0,11.1185116709,73.0
2016-09-11,6,1,25.0,30.0,0,65.0,61.0769230769,43.0,0.923632610939,95.0,7.65065646717,56.0
2016-09-12,0,0,24.0,33.0,1,65.0,60.3076923077,43.0,0.956862745098,93.0,7.61965692126,58.0
2016-09-13,1,0,26.0,35.0,1,65.0,60.3846153846,43.0,0.976246410859,93.0,7.59086963234,59.0
2016-09-14,2,0,26.0,35.0,1,65.0,59.7692307692,43.0,0.924886394012,93.0,7.35007949883,54.0
2016-09-15,3,1,25.0,34.0,1,64.0,60.6153846154,43.0,0.923824959481,93.0,5.85121238638,65.0
2016-09-16,4,1,25.0,34.0,1,65.0,60.9230769231,43.0,0.947816826411,93.0,5.96736687791,52.0
2016-09-17,5,1,25.0,34.0,1,65.0,60.2307692308,43.0,0.926076360682,93.0,6.42296176774,50.0
2016-09-18,6,0,25.0,33.0,1,65.0,58.9230769231,43.0,0.937149270483,93.0,6.63859969551,40.0
2016-09-19,0,0,23.0,32.0,1,65.0,56.9230769231,40.0,0.814687320711,93.0,7.98519339838,93.0
2016-09-20,1,0,24.0,31.0,1,65.0,59.3846153846,40.0,1.0183639399,93.0,12.511769607,44.0
2016-09-21,2,0,24.0,31.0,1,64.0,57.6923076923,40.0,1.00425531915,93.0,12.9815526829,56.0
2016-09-22,3,0,24.0,32.0,1,64.0,58.0,40.0,1.08305274972,93.0,12.8900677327,58.0
2016-09-23,4,0,25.0,32.0,1,62.0,58.3076923077,40.0,0.888888888889,93.0,12.8385514123,60.0
2016-09-24,5,1,25.0,32.0,1,61.0,57.3076923077,40.0,0.97972972973,93.0,12.1426433276,76.0
2016-09-25,6,1,26.0,33.0,1,61.0,58.8461538462,40.0,1.08410170439,93.0,13.1081076135,86.0
2016-09-26,0,0,26.0,34.0,1,61.0,61.0,40.0,1.22011541632,93.0,14.961489025,92.0
2016-09-27,1,0,27.0,35.0,1,61.0,63.5384615385,40.0,1.36120042872,93.0,17.0592424064,79.0
2016-09-28,2,0,28.0,34.0,1,61.0,65.4615384615,40.0,1.36303367807,93.0,17.2832305768,92.0
2016-09-29,3,0,21.0,28.0,0,61.0,67.5384615385,40.0,1.35183757389,93.0,18.6696602277,74.0
2016-09-30,4,0,20.0,26.0,0,61.0,69.2307692308,40.0,1.24019235637,93.0,18.1750202461,68.0
2016-10-01,5,1,20.0,28.0,0,62.0,70.6153846154,40.0,1.18902439024,93.0,17.3228993023,98.0
2016-10-02,6,1,23.0,31.0,1,64.0,75.0769230769,40.0,1.18168389956,98.0,16.3022487286,75.0
2016-10-03,0,1,24.0,33.0,1,64.0,73.6923076923,40.0,1.17189399465,98.0,15.4640258237,56.0
2016-10-04,1,1,24.0,32.0,1,64.0,74.6153846154,40.0,1.11598440546,98.0,13.9479166437,58.0
2016-10-05,2,1,23.0,33.0,1,64.0,74.7692307692,40.0,0.918367346939,98.0,13.7513850835,71.0
2016-10-06,3,1,25.0,32.0,1,64.0,75.7692307692,40.0,0.895016932753,98.0,12.9445791812,63.0
2016-10-07,4,1,25.0,31.0,1,64.0,76.0,40.0,0.921526277898,98.0,12.6855459844,85.0
2016-10-08,5,0,24.0,31.0,0,64.0,76.6923076923,40.0,1.02528089888,98.0,12.9102500446,82.0
2016-10-09,6,0,22.0,30.0,1,64.0,76.3846153846,40.0,1.04592996817,98.0,12.7311759173,81.0
2016-10-10,0,0,22.0,30.0,1,65.0,75.5384615385,40.0,1.13709307657,98.0,12.0103505657,70.0
2016-10-11,1,0,21.0,28.0,0,65.0,74.8461538462,40.0,1.04954954955,98.0,12.0501908944,76.0
2016-10-12,2,0,20.0,25.0,0,65.0,73.6153846154,40.0,1.00888888889,98.0,11.0072595733,65.0
2016-10-13,3,0,22.0,28.0,1,65.0,72.9230769231,40.0,0.933421809334,98.0,11.2418280642,60.0
2016-10-14,4,0,20.0,30.0,1,65.0,72.3076923077,40.0,0.889183808892,98.0,11.7039415805,57.0
2016-10-15,5,1,21.0,31.0,1,65.0,69.1538461538,40.0,0.81541218638,98.0,9.70999606945,74.0
2016-10-16,6,1,24.0,32.0,1,65.0,69.0769230769,40.0,0.862691960253,98.0,9.66724476269,77.0
2016-10-17,0,0,23.0,32.0,1,66.0,70.6923076923,40.0,0.949121606206,98.0,9.08409104199,58.0
2016-10-18,1,0,23.0,26.0,0,66.0,70.6923076923,44.0,0.967592592593,98.0,9.08409104199,25.0
2016-10-19,2,0,23.0,27.0,0,66.0,67.1538461538,25.0,0.776887594076,98.0,15.1852466551,43.0
2016-10-20,3,0,24.0,31.0,1,65.0,65.6153846154,25.0,0.625931445604,98.0,16.4856042634,60.0
2016-10-21,4,0,24.0,27.0,0,65.0,63.6923076923,25.0,0.63968015992,98.0,15.5434112452,42.0
2016-10-22,5,1,24.0,30.0,1,65.0,60.6153846154,25.0,0.75639019301,98.0,15.5738363513,69.0
2016-10-23,6,1,24.0,31.0,1,65.0,59.6923076923,25.0,0.896226415094,98.0,14.6675183543,65.0
2016-10-24,0,0,24.0,30.0,1,65.0,59.3076923077,25.0,0.915951079886,98.0,14.456218334,49.0
2016-10-25,1,0,24.0,31.0,1,65.0,57.2307692308,25.0,0.959119496855,98.0,13.8350382733,52.0
2016-10-26,2,0,25.0,32.0,1,63.0,56.2307692308,25.0,0.883213620644,98.0,13.7065612932,57.0
2016-10-27,3,0,24.0,33.0,1,61.0,56.0,25.0,0.844693932104,98.0,13.6663539677,59.0
2016-10-28,4,0,22.0,33.0,1,61.0,56.1538461538,25.0,0.917280917281,98.0,13.6879854889,56.0
2016-10-29,5,1,20.0,29.0,1,61.0,54.7692307692,25.0,0.959553695955,98.0,12.6864788481,62.0
2016-10-30,6,1,19.0,28.0,1,61.0,53.6153846154,25.0,1.00340136054,98.0,11.2080909068,59.0
2016-10-31,0,0,19.0,27.0,1,61.0,53.6923076923,25.0,1.01287553648,85.0,11.2413016998,58.0
