time_stamp,dayofweek,holiday,lt,ht,sunny,m2M,w2A,m1L,d3w3,m1Lar,w2Std,pay_sum
2016-08-01,0,0,25.0,39.0,1,116.0,125.384615385,89.0,1.06167056987,171.0,16.3967091517,104.0
2016-08-02,1,0,26.0,38.0,1,116.0,126.384615385,89.0,1.03953914637,171.0,14.5630642461,100.0
2016-08-03,2,0,24.0,36.0,1,115.0,125.769230769,89.0,0.929244656843,171.0,15.4678517536,90.0
2016-08-04,3,0,23.0,31.0,0,115.0,123.615384615,89.0,0.78431372549,171.0,18.1215488451,119.0
2016-08-05,4,0,23.0,31.0,0,116.0,122.769230769,89.0,0.831651190957,171.0,18.0603852338,121.0
2016-08-06,5,1,23.0,35.0,1,118.0,120.846153846,90.0,0.896495517522,171.0,16.7692307692,167.0
2016-08-07,6,1,22.0,33.0,1,118.0,122.769230769,90.0,1.09762675297,171.0,20.1729210964,137.0
2016-08-08,0,0,23.0,34.0,0,118.0,124.230769231,90.0,1.14802809292,171.0,20.4606708896,107.0
2016-08-09,1,0,23.0,33.0,0,118.0,123.0,90.0,1.10305958132,167.0,20.972509479,324.0
2016-08-10,2,0,25.0,34.0,1,118.0,137.769230769,90.0,1.4024691358,324.0,57.6476750431,209.0
2016-08-11,3,0,24.0,37.0,1,118.0,145.076923077,90.0,1.5287232772,324.0,60.1388924951,194.0
2016-08-12,4,0,25.0,38.0,1,119.0,151.153846154,90.0,1.69760653824,324.0,60.7806221066,208.0
2016-08-13,5,1,25.0,39.0,1,120.0,155.846153846,90.0,1.39641183865,324.0,62.606028407,228.0
2016-08-14,6,1,24.0,41.0,1,121.0,162.153846154,90.0,1.3986013986,324.0,65.3662417623,229.0
2016-08-15,0,0,25.0,40.0,1,121.0,171.769230769,90.0,1.42367801327,324.0,65.2983140861,144.0
2016-08-16,1,0,26.0,40.0,1,123.0,175.153846154,90.0,1.27804359383,324.0,62.574074447,120.0
2016-08-17,2,0,26.0,40.0,1,121.0,177.461538462,90.0,1.05240687373,324.0,59.8865791882,126.0
2016-08-18,3,0,25.0,40.0,1,121.0,178.0,90.0,0.829346092504,324.0,59.3879034562,133.0
2016-08-19,4,0,26.0,41.0,1,123.0,178.923076923,90.0,0.801353208584,324.0,58.5825670295,165.0
2016-08-20,5,1,26.0,41.0,1,123.0,178.769230769,90.0,0.891411752339,324.0,58.6162931486,160.0
2016-08-21,6,1,27.0,42.0,1,125.0,180.538461538,90.0,0.958660387232,324.0,57.6683026982,144.0
2016-08-22,0,0,25.0,40.0,1,126.0,183.384615385,90.0,0.969509043928,324.0,54.8109175839,134.0
2016-08-23,1,0,27.0,42.0,1,128.0,168.769230769,90.0,0.895980362074,324.0,38.1740021202,130.0
2016-08-24,2,0,27.0,41.0,1,130.0,162.692307692,90.0,0.824492270385,324.0,37.5691866692,118.0
2016-08-25,3,0,25.0,38.0,0,128.0,156.846153846,90.0,0.772185162725,324.0,38.1512095863,116.0
2016-08-26,4,0,22.0,35.0,0,128.0,149.769230769,90.0,0.736916691973,324.0,36.5032218729,116.0
2016-08-27,5,1,21.0,30.0,1,128.0,141.153846154,90.0,0.71972033724,324.0,29.5838993473,138.0
2016-08-28,6,1,21.0,33.0,1,130.0,134.153846154,90.0,0.760612601501,324.0,15.2761561509,130.0
2016-08-29,0,0,19.0,32.0,1,130.0,133.076923077,90.0,0.783833435395,324.0,15.0356578146,92.0
2016-08-30,1,0,19.0,24.0,1,130.0,130.923076923,90.0,0.791034937376,324.0,18.3867073158,112.0
2016-08-31,2,0,19.0,27.0,1,130.0,129.846153846,90.0,0.758143230053,324.0,19.0418411919,110.0
2016-09-01,3,0,22.0,32.0,1,130.0,128.076923077,90.0,0.733730576002,324.0,19.7229329168,90.0
2016-09-02,4,0,21.0,34.0,1,130.0,122.307692308,90.0,0.760511882998,324.0,19.0359361184,91.0
2016-09-03,5,1,23.0,32.0,1,130.0,117.0,90.0,0.746728252502,324.0,17.3293881112,132.0
2016-09-04,6,1,21.0,30.0,1,130.0,116.076923077,90.0,0.834332933493,324.0,16.1457855347,118.0
2016-09-05,0,0,23.0,31.0,1,130.0,114.846153846,90.0,0.918518518519,324.0,15.321408621,102.0
2016-09-06,1,0,21.0,27.0,0,130.0,112.692307692,90.0,0.955094288428,324.0,15.0045358034,97.0
2016-09-07,2,0,19.0,32.0,1,130.0,111.076923077,90.0,0.870400878638,324.0,15.4693818606,83.0
2016-09-08,3,0,20.0,29.0,1,128.0,108.538461538,83.0,0.790580319596,229.0,17.0772695738,97.0
2016-09-09,4,0,20.0,27.0,0,126.0,107.076923077,83.0,0.799422799423,229.0,17.1888225688,98.0
2016-09-10,5,1,19.0,34.0,1,126.0,104.0,83.0,0.82443653618,229.0,14.7908495621,166.0
2016-09-11,6,1,20.0,32.0,1,126.0,106.769230769,83.0,1.06020558003,229.0,21.3258739424,112.0
2016-09-12,0,0,19.0,33.0,1,126.0,108.307692308,83.0,1.11506524318,229.0,20.9225113046,80.0
2016-09-13,1,0,23.0,34.0,1,123.0,105.846153846,80.0,1.08583560813,166.0,22.187474477,89.0
2016-09-14,2,0,20.0,31.0,1,121.0,104.230769231,80.0,0.863685262026,166.0,22.5871094829,90.0
2016-09-15,3,1,20.0,31.0,1,120.0,104.230769231,80.0,0.80572406284,166.0,22.5871094829,113.0
2016-09-16,4,1,22.0,32.0,1,119.0,105.923076923,80.0,0.909657320872,166.0,22.3553866799,96.0
2016-09-17,5,1,21.0,37.0,1,119.0,103.153846154,80.0,0.950111217032,166.0,21.150908887,119.0
2016-09-18,6,0,20.0,32.0,1,119.0,103.230769231,80.0,1.04775594953,166.0,21.2065078769,91.0
2016-09-19,0,0,18.0,23.0,0,119.0,102.384615385,80.0,0.97794822627,166.0,21.4567129949,80.0
2016-09-20,1,0,21.0,25.0,0,119.0,101.076923077,80.0,0.941252839987,166.0,22.2484624826,87.0
2016-09-21,2,0,18.0,25.0,1,118.0,101.384615385,80.0,0.846873461349,166.0,22.0228498873,92.0
2016-09-22,3,0,19.0,32.0,1,118.0,101.0,80.0,0.849319560584,166.0,22.1394183789,127.0
2016-09-23,4,0,21.0,28.0,1,118.0,103.230769231,80.0,0.985983566941,166.0,23.1621503125,97.0
2016-09-24,5,1,19.0,22.0,0,118.0,97.9230769231,80.0,1.03572599148,166.0,14.4299983393,149.0
2016-09-25,6,1,21.0,24.0,0,118.0,100.769230769,80.0,1.20419693301,166.0,19.6357360488,126.0
2016-09-26,0,0,19.0,25.0,0,118.0,104.307692308,80.0,1.18717089517,166.0,19.7187322708,87.0
2016-09-27,1,0,20.0,23.0,0,118.0,104.153846154,80.0,1.16081449415,166.0,19.8449612045,97.0
2016-09-28,2,0,20.0,25.0,1,118.0,104.692307692,80.0,0.987418378723,166.0,19.5463339682,81.0
2016-09-29,3,0,18.0,27.0,1,116.0,102.230769231,80.0,0.850585780774,166.0,20.34379076,87.0
2016-09-30,4,0,19.0,29.0,1,116.0,101.538461538,80.0,0.855114553082,166.0,20.6941663449,121.0
2016-10-01,5,1,19.0,31.0,1,118.0,101.692307692,80.0,0.953323437242,166.0,20.83039427,145.0
2016-10-02,6,1,20.0,34.0,1,118.0,105.846153846,80.0,1.14573190523,166.0,23.4974504471,119.0
2016-10-03,0,1,20.0,35.0,1,118.0,108.846153846,80.0,1.22630992196,166.0,22.4733899187,109.0
2016-10-04,1,1,19.0,33.0,1,118.0,110.538461538,80.0,1.17684177315,166.0,21.57496906,126.0
2016-10-05,2,1,21.0,34.0,1,118.0,113.153846154,80.0,1.09818520242,166.0,21.2271457331,109.0
2016-10-06,3,1,19.0,29.0,1,116.0,111.769230769,80.0,1.06915306915,166.0,20.862752404,117.0
2016-10-07,4,1,18.0,27.0,1,117.0,113.307692308,80.0,1.08341028009,166.0,20.4502571561,115.0
2016-10-08,5,0,20.0,23.0,0,116.0,110.692307692,80.0,1.05149552883,166.0,17.7086880693,79.0
2016-10-09,6,0,18.0,22.0,1,116.0,107.076923077,79.0,0.964341085271,166.0,18.9674277014,103.0
2016-10-10,0,0,15.0,19.0,0,115.0,108.307692308,79.0,0.911182696733,149.0,18.125140277,104.0
2016-10-11,1,0,14.0,18.0,0,113.0,108.846153846,79.0,0.870624048706,149.0,17.8835814424,101.0
2016-10-12,2,0,14.0,17.0,0,112.0,110.384615385,79.0,0.933757768683,149.0,16.2032212445,86.0
2016-10-13,3,0,14.0,17.0,0,112.0,110.307692308,79.0,0.898980537535,149.0,16.3160356016,85.0
2016-10-14,4,0,15.0,17.0,0,110.0,107.538461538,79.0,0.844982913948,149.0,17.2921297554,101.0
2016-10-15,5,1,15.0,19.0,0,109.0,104.153846154,79.0,0.864315220845,149.0,13.5240307706,126.0
2016-10-16,6,1,16.0,25.0,1,109.0,104.692307692,79.0,0.991420400381,149.0,14.2255707761,122.0
2016-10-17,0,0,16.0,25.0,1,109.0,105.692307692,79.0,1.09079543679,149.0,14.9325901478,104.0
2016-10-18,1,0,16.0,25.0,1,109.0,104.0,79.0,1.09657320872,149.0,13.7337316348,93.0
2016-10-19,2,0,18.0,28.0,1,104.0,102.769230769,79.0,0.988228004957,149.0,13.9457953198,81.0
2016-10-20,3,0,18.0,26.0,0,104.0,100.0,79.0,0.863622242933,149.0,14.4115338425,77.0
2016-10-21,4,0,17.0,22.0,0,103.0,97.0769230769,77.0,0.796067237552,149.0,14.9175247403,91.0
2016-10-22,5,1,18.0,25.0,1,102.0,98.0,77.0,0.810546875,149.0,14.1203617299,117.0
2016-10-23,6,1,18.0,23.0,0,102.0,99.0769230769,77.0,0.928641251222,149.0,14.9690015003,130.0
2016-10-24,0,0,17.0,18.0,0,102.0,101.076923077,77.0,1.09014675052,145.0,17.081080575,91.0
2016-10-25,1,0,16.0,22.0,0,101.0,100.307692308,77.0,1.10892388451,145.0,17.2911031609,115.0
2016-10-26,2,0,16.0,18.0,0,101.0,102.538461538,77.0,1.09911678116,145.0,17.1716017111,70.0
2016-10-27,3,0,11.0,17.0,0,101.0,101.384615385,70.0,0.924158714214,145.0,18.743361744,86.0
2016-10-28,4,0,9.0,13.0,0,101.0,100.230769231,70.0,0.920829085967,145.0,19.1879523345,102.0
2016-10-29,5,1,9.0,13.0,0,101.0,98.3846153846,70.0,0.866498740554,145.0,17.7180414855,127.0
2016-10-30,6,1,12.0,17.0,0,101.0,98.7692307692,70.0,1.04529616725,145.0,18.2721050371,132.0
2016-10-31,0,0,10.0,18.0,0,101.0,100.923076923,70.0,1.18147602684,132.0,20.2995321601,84.0
