time_stamp,dayofweek,holiday,lt,ht,sunny,m2M,w2A,m1L,d3w3,m1Lar,w2Std,pay_sum
2016-08-01,0,0,27.0,35.0,1,57.0,81.3846153846,46.0,0.997849462366,101.0,11.6192046698,79.0
2016-08-02,1,0,26.0,36.0,0,58.0,79.6923076923,52.0,0.910444586258,101.0,10.1480169748,85.0
2016-08-03,2,0,25.0,30.0,0,58.0,80.0769230769,52.0,0.958359489433,101.0,10.2466620341,88.0
2016-08-04,3,0,25.0,32.0,0,59.0,79.6153846154,52.0,1.05527638191,101.0,9.73130129284,81.0
2016-08-05,4,0,26.0,32.0,0,61.0,79.4615384615,52.0,1.06032143603,101.0,9.69230769231,92.0
2016-08-06,5,1,26.0,34.0,0,61.0,80.3076923077,52.0,1.06945298095,101.0,10.2535893557,69.0
2016-08-07,6,1,26.0,34.0,0,62.0,80.9230769231,52.0,0.99160008195,101.0,9.26915097316,67.0
2016-08-08,0,0,26.0,34.0,1,62.0,80.3846153846,52.0,0.938851142681,101.0,9.84134497952,72.0
2016-08-09,1,0,27.0,34.0,1,63.0,79.7692307692,59.0,0.872117400419,101.0,10.0930581335,87.0
2016-08-10,2,0,27.0,34.0,1,65.0,80.2307692308,59.0,0.943435608432,101.0,10.2743432967,105.0
2016-08-11,3,0,27.0,35.0,1,65.0,81.3076923077,59.0,1.09452736318,105.0,11.9446455039,96.0
2016-08-12,4,0,28.0,35.0,1,67.0,81.2307692308,61.0,1.18445404072,105.0,11.8461538462,81.0
2016-08-13,5,1,28.0,36.0,1,68.0,82.0769230769,61.0,1.15977791487,105.0,11.3981208874,75.0
2016-08-14,6,1,27.0,36.0,1,68.0,82.8461538462,61.0,1.02752293578,105.0,10.5235717383,79.0
2016-08-15,0,0,27.0,36.0,1,69.0,82.8461538462,61.0,0.955284552846,105.0,10.5235717383,95.0
2016-08-16,1,0,27.0,36.0,1,69.0,83.6153846154,61.0,1.00302114804,105.0,11.0072595733,110.0
2016-08-17,2,0,27.0,35.0,1,70.0,85.3076923077,61.0,1.12430720507,110.0,13.0524658171,101.0
2016-08-18,3,0,27.0,36.0,1,70.0,86.8461538462,61.0,1.20425029516,110.0,13.6203815255,127.0
2016-08-19,4,0,29.0,37.0,1,72.0,89.5384615385,61.0,1.30703789637,127.0,17.3276807655,95.0
2016-08-20,5,1,27.0,36.0,0,74.0,91.5384615385,61.0,1.23117972175,127.0,16.3124086068,108.0
2016-08-21,6,1,27.0,33.0,0,75.0,94.6923076923,61.0,1.22767857143,127.0,15.1879740655,74.0
2016-08-22,0,0,27.0,34.0,1,75.0,94.8461538462,61.0,1.03338929304,127.0,14.9658388125,116.0
2016-08-23,1,0,25.0,34.0,1,75.0,97.0769230769,65.0,1.09277594426,127.0,15.769793611,112.0
2016-08-24,2,0,24.0,34.0,1,76.0,97.6153846154,65.0,1.09301483894,127.0,16.1461520138,119.0
2016-08-25,3,0,25.0,34.0,1,79.0,99.3846153846,65.0,1.2304964539,127.0,17.1039287504,135.0
2016-08-26,4,0,23.0,29.0,1,79.0,103.538461538,65.0,1.26885075403,135.0,18.6242826795,123.0
2016-08-27,5,1,20.0,29.0,1,80.0,107.230769231,65.0,1.27128646097,135.0,17.3123070771,90.0
2016-08-28,6,1,19.0,30.0,1,80.0,108.076923077,65.0,1.16,135.0,16.1410205495,80.0
2016-08-29,0,0,20.0,31.0,1,80.0,106.923076923,65.0,0.972775564409,135.0,17.5124638624,132.0
2016-08-30,1,0,21.0,31.0,1,80.0,108.615384615,67.0,0.980678681604,135.0,18.7474653119,134.0
2016-08-31,2,0,22.0,32.0,1,81.0,111.153846154,67.0,1.1079090618,135.0,19.7517132805,149.0
2016-09-01,3,0,22.0,33.0,1,81.0,112.846153846,67.0,1.29586260734,149.0,21.8661879969,134.0
2016-09-02,4,0,22.0,34.0,1,81.0,115.846153846,67.0,1.27056672761,149.0,21.8872852231,115.0
2016-09-03,5,1,23.0,34.0,1,81.0,116.384615385,67.0,1.19090365051,149.0,21.773443463,87.0
2016-09-04,6,1,22.0,33.0,1,83.0,117.384615385,67.0,1.00178890877,149.0,20.0328133188,92.0
2016-09-05,0,0,24.0,33.0,1,85.0,115.538461538,67.0,0.877742946708,149.0,21.150069593,115.0
2016-09-06,1,0,22.0,26.0,0,87.0,115.769230769,72.0,0.875781948168,149.0,21.1265558231,130.0
2016-09-07,2,0,20.0,26.0,1,87.0,116.615384615,74.0,0.991030730775,149.0,21.4567129949,121.0
2016-09-08,3,0,21.0,30.0,1,88.0,115.538461538,74.0,1.07916850951,149.0,20.8497016567,101.0
2016-09-09,4,0,23.0,32.0,1,89.0,113.846153846,74.0,1.0351418909,149.0,21.067094845,124.0
2016-09-10,5,1,21.0,30.0,1,90.0,116.461538462,74.0,1.01036647686,149.0,20.0292685247,141.0
2016-09-11,6,1,20.0,28.0,1,91.0,121.153846154,74.0,1.03829787234,149.0,17.9779615249,122.0
2016-09-12,0,0,20.0,30.0,1,92.0,120.384615385,74.0,1.09507640068,149.0,17.7093563343,108.0
2016-09-13,1,0,21.0,30.0,1,92.0,118.384615385,74.0,1.05158730159,149.0,17.5259739619,136.0
2016-09-14,2,0,22.0,28.0,1,94.0,117.384615385,74.0,1.02997045167,149.0,16.0601679345,111.0
2016-09-15,3,1,21.0,23.0,0,95.0,115.615384615,74.0,1.0092395167,149.0,15.3849999952,73.0
2016-09-16,4,1,21.0,23.0,0,95.0,112.384615385,73.0,0.929557007988,149.0,19.1292706103,68.0
2016-09-17,5,1,21.0,27.0,1,94.0,110.923076923,68.0,0.739111306643,149.0,21.581550306,95.0
2016-09-18,6,0,20.0,28.0,1,95.0,111.153846154,68.0,0.687645687646,149.0,21.3931914181,124.0
2016-09-19,0,0,17.0,26.0,1,95.0,111.846153846,68.0,0.83918128655,149.0,21.6505326062,112.0
2016-09-20,1,0,18.0,26.0,1,95.0,110.461538462,68.0,0.977266017124,149.0,21.0114085663,109.0
2016-09-21,2,0,17.0,24.0,1,96.0,109.538461538,68.0,1.03697024346,149.0,20.7905873104,118.0
2016-09-22,3,0,19.0,27.0,1,97.0,110.846153846,68.0,1.02633969119,149.0,20.7469966458,128.0
2016-09-23,4,0,19.0,28.0,1,101.0,111.153846154,68.0,1.06847253574,149.0,20.9682769691,123.0
2016-09-24,5,1,21.0,29.0,1,101.0,109.769230769,68.0,1.09284762328,149.0,19.4941957679,107.0
2016-09-25,6,1,21.0,28.0,1,105.0,108.615384615,68.0,1.05325095616,149.0,19.1774645855,73.0
2016-09-26,0,0,23.0,30.0,1,105.0,105.923076923,68.0,0.908273381295,149.0,21.402593439,145.0
2016-09-27,1,0,23.0,30.0,0,107.0,106.615384615,68.0,0.967693910972,149.0,22.4826033995,121.0
2016-09-28,2,0,19.0,23.0,0,108.0,107.384615385,68.0,1.00937918714,149.0,22.7884534242,132.0
2016-09-29,3,0,17.0,19.0,0,108.0,111.923076923,68.0,1.16886930984,149.0,21.3161604944,105.0
2016-09-30,4,0,18.0,21.0,0,108.0,114.769230769,68.0,1.06026950985,145.0,17.3655443386,119.0
2016-10-01,5,1,20.0,24.0,0,109.0,116.615384615,68.0,1.06475250486,145.0,16.4154639173,92.0
2016-10-02,6,1,20.0,24.0,0,109.0,114.153846154,68.0,0.95801121722,145.0,17.4877810258,74.0
2016-10-03,0,1,18.0,26.0,1,109.0,111.230769231,68.0,0.877598152425,145.0,20.5169867564,54.0
2016-10-04,1,1,20.0,25.0,1,109.0,107.0,54.0,0.704112658025,145.0,25.5854525974,79.0
2016-10-05,2,1,20.0,26.0,1,109.0,104.0,54.0,0.672842515846,145.0,26.3934723865,77.0
2016-10-06,3,1,19.0,25.0,1,109.0,100.076923077,54.0,0.681265206813,145.0,26.3247807748,99.0
2016-10-07,4,1,17.0,20.0,0,109.0,98.2307692308,54.0,0.814956855225,145.0,25.4804716964,93.0
2016-10-08,5,0,14.0,22.0,1,109.0,97.1538461538,54.0,0.860524632118,145.0,25.3827505142,107.0
2016-10-09,6,0,13.0,21.0,1,109.0,99.7692307692,54.0,0.964360587002,145.0,24.4953805571,103.0
2016-10-10,0,0,16.0,21.0,1,109.0,96.5384615385,54.0,0.981535471331,145.0,20.8090785831,124.0
2016-10-11,1,0,16.0,20.0,1,110.0,96.7692307692,54.0,1.07412767326,145.0,21.0937608207,137.0
2016-10-12,2,0,16.0,19.0,1,111.0,97.1538461538,54.0,1.15997450605,145.0,21.7674639131,106.0
2016-10-13,3,0,17.0,20.0,1,111.0,97.2307692308,54.0,1.18196457327,145.0,21.7968023278,122.0
2016-10-14,4,0,16.0,18.0,1,112.0,97.4615384615,54.0,1.17609150959,145.0,22.0405758148,105.0
2016-10-15,5,1,18.0,21.0,0,112.0,98.4615384615,54.0,1.0740203193,145.0,22.0649927561,90.0
2016-10-16,6,1,17.0,23.0,1,112.0,99.6923076923,54.0,1.01407549584,145.0,21.0909554636,83.0
2016-10-17,0,0,18.0,22.0,1,111.0,101.923076923,54.0,0.916584240026,145.0,17.3403111429,116.0
2016-10-18,1,0,18.0,23.0,1,112.0,104.769230769,54.0,0.955214014213,145.0,16.3526231542,123.0
2016-10-19,2,0,19.0,22.0,1,112.0,108.307692308,54.0,1.06905710491,145.0,14.8706454021,115.0
2016-10-20,3,0,19.0,21.0,0,115.0,109.538461538,54.0,1.16947472745,145.0,14.7106208864,118.0
2016-10-21,4,0,19.0,21.0,0,115.0,111.461538462,54.0,1.17666501405,145.0,14.0417804296,103.0
2016-10-22,5,1,18.0,21.0,0,115.0,111.153846154,54.0,1.10453648915,145.0,14.1793248936,86.0
2016-10-23,6,1,15.0,18.0,1,112.0,109.846153846,54.0,1.00326797386,145.0,15.5852304533,68.0
2016-10-24,0,0,16.0,20.0,1,111.0,105.538461538,54.0,0.834144758195,145.0,18.5373443647,115.0
2016-10-25,1,0,14.0,17.0,1,111.0,103.846153846,54.0,0.858054226475,145.0,16.4777059356,120.0
2016-10-26,2,0,16.0,18.0,0,112.0,104.923076923,54.0,0.947022972339,137.0,17.0314710438,129.0
2016-10-27,3,0,15.0,17.0,0,115.0,105.461538462,54.0,1.12189859763,137.0,17.6618466872,128.0
2016-10-28,4,0,11.0,15.0,0,115.0,107.230769231,54.0,1.14346375493,137.0,18.6512686562,119.0
2016-10-29,5,1,8.0,12.0,0,115.0,109.461538462,54.0,1.13423831071,137.0,18.1854353583,90.0
2016-10-30,6,1,10.0,17.0,1,112.0,110.0,54.0,1.02260658474,137.0,17.4840586733,83.0
2016-10-31,0,0,10.0,15.0,0,111.0,107.461538462,54.0,0.902906617192,137.0,18.776480315,130.0
