time_stamp,dayofweek,holiday,lt,ht,sunny,m2M,w2A,m1L,d3w3,m1Lar,w2Std,pay_sum
2016-08-01,0,0,27.0,37.0,1,148.0,185.384615385,127.0,1.010326542,225.0,16.7034702131,167.0
2016-08-02,1,0,27.0,35.0,0,148.0,185.153846154,129.0,0.944706863018,225.0,16.9335631847,157.0
2016-08-03,2,0,26.0,32.0,0,150.0,182.769230769,129.0,0.923391976171,225.0,18.4772369153,150.0
2016-08-04,3,0,27.0,33.0,0,150.0,180.461538462,129.0,0.890391659622,225.0,20.4473635111,153.0
2016-08-05,4,0,26.0,33.0,0,151.0,174.923076923,129.0,0.872451398767,225.0,17.1125753961,172.0
2016-08-06,5,1,26.0,34.0,0,153.0,172.461538462,129.0,0.897072710104,225.0,14.9131608609,160.0
2016-08-07,6,1,27.0,35.0,1,153.0,171.230769231,129.0,0.912855260681,225.0,15.2272723258,129.0
2016-08-08,0,0,26.0,34.0,0,153.0,167.692307692,129.0,0.878597293692,225.0,18.8532168868,167.0
2016-08-09,1,0,26.0,30.0,0,156.0,167.923076923,129.0,0.869814020029,225.0,18.824948824,158.0
2016-08-10,2,0,27.0,35.0,0,157.0,164.769230769,129.0,0.873496873497,225.0,16.6648125201,174.0
2016-08-11,3,0,27.0,36.0,1,157.0,163.846153846,129.0,0.961742314735,225.0,15.771669605,175.0
2016-08-12,4,0,27.0,36.0,1,158.0,161.923076923,129.0,0.991493106483,225.0,12.4125342262,205.0
2016-08-13,5,1,27.0,35.0,1,160.0,164.538461538,129.0,1.08308895406,225.0,16.8414113451,182.0
2016-08-14,6,1,28.0,35.0,1,160.0,165.307692308,129.0,1.09679937549,225.0,17.3842750137,168.0
2016-08-15,0,0,27.0,36.0,1,164.0,165.384615385,129.0,1.08536227633,225.0,17.393802882,185.0
2016-08-16,1,0,26.0,36.0,1,167.0,167.538461538,129.0,1.03984450923,225.0,17.9469962544,178.0
2016-08-17,2,0,28.0,37.0,1,167.0,169.692307692,129.0,1.03842769141,225.0,17.3842750137,173.0
2016-08-18,3,0,28.0,37.0,1,167.0,171.230769231,129.0,1.05221829603,225.0,16.7109077512,200.0
2016-08-19,4,0,28.0,38.0,1,168.0,173.384615385,129.0,1.08166470357,225.0,18.3912122056,199.0
2016-08-20,5,1,27.0,37.0,0,170.0,176.384615385,129.0,1.11370716511,225.0,19.1292706103,180.0
2016-08-21,6,1,27.0,35.0,0,171.0,180.307692308,129.0,1.12470862471,205.0,13.372673718,177.0
2016-08-22,0,0,27.0,36.0,1,172.0,181.076923077,129.0,1.0768932791,205.0,12.8629553875,175.0
2016-08-23,1,0,27.0,35.0,0,172.0,182.384615385,129.0,1.02504816956,205.0,11.2080909068,167.0
2016-08-24,2,0,27.0,35.0,1,172.0,181.846153846,129.0,0.995110727639,205.0,11.7528795414,193.0
2016-08-25,3,0,26.0,35.0,1,172.0,183.230769231,129.0,1.01412188418,205.0,11.9238213167,171.0
2016-08-26,4,0,25.0,34.0,0,172.0,180.615384615,129.0,1.00682593857,205.0,10.5066898947,205.0
2016-08-27,5,1,23.0,31.0,1,173.0,182.384615385,129.0,1.06524384536,205.0,12.3633357556,156.0
2016-08-28,6,1,21.0,31.0,1,173.0,181.461538462,129.0,0.988480118915,205.0,13.7707347696,161.0
2016-08-29,0,0,21.0,32.0,1,173.0,179.615384615,129.0,0.971524288107,205.0,14.7467778047,195.0
2016-08-30,1,0,21.0,32.0,1,173.0,180.923076923,129.0,0.943170304872,205.0,15.2893202468,195.0
2016-08-31,2,0,21.0,33.0,1,173.0,182.615384615,129.0,1.00915750916,205.0,15.5342720933,161.0
2016-09-01,3,0,23.0,33.0,0,173.0,179.615384615,129.0,1.0130538702,205.0,15.6526648581,163.0
2016-09-02,4,0,22.0,34.0,1,173.0,176.846153846,129.0,0.965401785714,205.0,15.1548223036,150.0
2016-09-03,5,1,23.0,35.0,1,173.0,174.538461538,129.0,0.88963963964,205.0,16.7038244567,119.0
2016-09-04,6,1,24.0,32.0,1,173.0,170.076923077,119.0,0.822152440765,205.0,22.2691975554,91.0
2016-09-05,0,0,24.0,30.0,0,173.0,163.615384615,91.0,0.704018773834,205.0,30.5501818238,147.0
2016-09-06,1,0,23.0,28.0,0,172.0,162.076923077,91.0,0.704558910598,205.0,30.8431803669,150.0
2016-09-07,2,0,21.0,27.0,0,172.0,158.769230769,91.0,0.770988574267,205.0,29.6314641663,138.0
2016-09-08,3,0,22.0,30.0,1,172.0,156.230769231,91.0,0.880655936836,205.0,29.8873625111,148.0
2016-09-09,4,0,22.0,29.0,1,172.0,151.846153846,91.0,0.896565905819,205.0,26.3871943122,167.0
2016-09-10,5,1,22.0,28.0,0,172.0,152.692307692,91.0,0.935274078662,205.0,26.6815540298,125.0
2016-09-11,6,1,21.0,25.0,0,172.0,149.923076923,91.0,0.923302906306,205.0,27.5302953083,121.0
2016-09-12,0,0,21.0,27.0,1,171.0,144.230769231,91.0,0.881630910449,205.0,25.1706601061,136.0
2016-09-13,1,0,21.0,28.0,0,171.0,139.692307692,91.0,0.823630875377,205.0,20.4915915791,108.0
2016-09-14,2,0,21.0,25.0,0,171.0,135.615384615,91.0,0.809222924288,205.0,21.1097442376,148.0
2016-09-15,3,1,22.0,25.0,0,171.0,134.461538462,91.0,0.875781948168,205.0,19.96001921,91.0
2016-09-16,4,1,23.0,27.0,0,170.0,129.923076923,91.0,0.806039488966,205.0,22.4618018952,109.0
2016-09-17,5,1,22.0,27.0,1,168.0,129.153846154,91.0,0.821820758059,205.0,22.9877765306,142.0
2016-09-18,6,0,22.0,26.0,0,167.0,133.076923077,91.0,0.813124108417,205.0,20.3411728671,114.0
2016-09-19,0,0,20.0,27.0,1,167.0,130.538461538,91.0,0.893622230383,205.0,20.5037159282,125.0
2016-09-20,1,0,19.0,26.0,1,167.0,128.615384615,91.0,0.957406709386,205.0,19.7466198141,109.0
2016-09-21,2,0,19.0,26.0,1,167.0,126.384615385,91.0,0.891964628989,205.0,20.1934431915,101.0
2016-09-22,3,0,20.0,27.0,1,164.0,122.769230769,91.0,0.879611395563,205.0,20.2072106177,128.0
2016-09-23,4,0,20.0,29.0,1,163.0,119.769230769,91.0,0.895245662826,205.0,15.8412987334,154.0
2016-09-24,5,1,21.0,30.0,1,161.0,122.0,91.0,1.00052246604,205.0,18.2756668825,182.0
2016-09-25,6,1,21.0,30.0,1,161.0,126.692307692,91.0,1.17038718628,195.0,24.2657866628,147.0
2016-09-26,0,0,24.0,31.0,1,161.0,127.538461538,91.0,1.21831252365,195.0,24.7623019454,126.0
2016-09-27,1,0,23.0,28.0,0,160.0,128.923076923,91.0,1.15820287642,195.0,24.1261477637,153.0
2016-09-28,2,0,22.0,28.0,0,158.0,129.307692308,91.0,1.0782080486,195.0,24.4646829135,127.0
2016-09-29,3,0,22.0,25.0,0,157.0,132.076923077,91.0,1.03584640898,182.0,21.8718700212,114.0
2016-09-30,4,0,22.0,29.0,0,156.0,132.461538462,91.0,1.02604166667,182.0,21.5035431235,165.0
2016-10-01,5,1,23.0,30.0,0,156.0,134.230769231,91.0,1.04102564103,182.0,23.1022937461,117.0
2016-10-02,6,1,22.0,30.0,1,156.0,134.461538462,91.0,1.01694915254,182.0,22.9132658405,120.0
2016-10-03,0,1,21.0,27.0,0,156.0,134.076923077,91.0,1.03875968992,182.0,23.1099763288,84.0
2016-10-04,1,1,20.0,27.0,1,154.0,132.153846154,84.0,0.837245696401,182.0,25.9788261529,98.0
2016-10-05,2,1,21.0,27.0,1,153.0,131.923076923,84.0,0.803405160947,182.0,26.2662741888,109.0
2016-10-06,3,1,22.0,27.0,0,153.0,130.461538462,84.0,0.768621236133,182.0,26.9632667064,122.0
2016-10-07,4,1,20.0,23.0,0,150.0,128.0,84.0,0.86453816844,182.0,26.1504522685,98.0
2016-10-08,5,0,17.0,22.0,0,150.0,121.538461538,84.0,0.879796764273,182.0,22.0684786852,110.0
2016-10-09,6,0,16.0,22.0,1,148.0,118.692307692,84.0,0.883889112093,182.0,20.9592447581,123.0
2016-10-10,0,0,15.0,21.0,1,148.0,118.461538462,84.0,0.887280525399,182.0,20.893927659,134.0
2016-10-11,1,0,17.0,23.0,1,147.0,117.0,84.0,0.973991507431,182.0,19.0060719043,128.0
2016-10-12,2,0,18.0,25.0,1,147.0,117.076923077,84.0,1.01089667848,182.0,19.0483657222,111.0
2016-10-13,3,0,18.0,23.0,1,142.0,116.846153846,84.0,0.985989955062,182.0,19.1023403876,134.0
2016-10-14,4,0,19.0,22.0,0,138.0,114.461538462,84.0,0.993871569411,182.0,14.264616712,155.0
2016-10-15,5,1,20.0,23.0,0,138.0,117.384615385,84.0,1.07744107744,182.0,17.9123440958,127.0
2016-10-16,6,1,20.0,26.0,0,136.0,117.923076923,84.0,1.12966734555,182.0,18.0872311036,137.0
2016-10-17,0,0,20.0,24.0,0,136.0,122.0,84.0,1.13273857799,182.0,15.8113883008,119.0
2016-10-18,1,0,20.0,24.0,0,134.0,123.615384615,84.0,1.04989035088,182.0,14.27498329,120.0
2016-10-19,2,0,20.0,24.0,0,134.0,124.461538462,84.0,1.03367697595,182.0,13.6979245178,122.0
2016-10-20,3,0,21.0,25.0,0,128.0,124.461538462,84.0,0.989176599534,182.0,13.6979245178,127.0
2016-10-21,4,0,21.0,25.0,0,128.0,126.692307692,84.0,1.02713987474,182.0,11.3705734608,154.0
2016-10-22,5,1,20.0,23.0,0,128.0,130.076923077,84.0,1.10471491228,182.0,12.4001336126,145.0
2016-10-23,6,1,17.0,23.0,0,128.0,131.769230769,84.0,1.15588115588,182.0,12.8131773886,121.0
2016-10-24,0,0,19.0,24.0,1,127.0,130.769230769,84.0,1.12269446672,165.0,13.1040442739,126.0
2016-10-25,1,0,19.0,23.0,1,127.0,130.615384615,84.0,1.03621464446,165.0,13.1473218188,129.0
2016-10-26,2,0,19.0,24.0,0,127.0,132.0,84.0,0.986100183582,165.0,11.8969938026,118.0
2016-10-27,3,0,18.0,24.0,0,127.0,130.769230769,84.0,0.979774100341,165.0,12.4415794579,124.0
2016-10-28,4,0,15.0,19.0,0,126.0,128.384615385,84.0,0.964638585543,165.0,10.3666511286,140.0
2016-10-29,5,1,12.0,15.0,0,126.0,129.384615385,84.0,0.981752762786,165.0,10.8026952587,123.0
2016-10-30,6,1,14.0,18.0,1,126.0,128.307692308,84.0,0.994602929838,155.0,10.6870490666,104.0
2016-10-31,0,0,12.0,17.0,0,125.0,127.153846154,84.0,0.954238169527,155.0,12.315382213,110.0
