time_stamp,dayofweek,holiday,lt,ht,sunny,m2M,w2A,m1L,d3w3,m1Lar,w2Std,pay_sum
2016-08-01,0,0,27.0,33.0,1,173.0,186.615384615,157.0,1.10877192982,238.0,20.0404915552,186.0
2016-08-02,1,0,27.0,34.0,0,173.0,187.769230769,157.0,1.08117626343,228.0,19.5336153893,184.0
2016-08-03,2,0,26.0,30.0,0,173.0,187.0,157.0,1.04845115171,228.0,19.4698978702,162.0
2016-08-04,3,0,26.0,32.0,0,173.0,187.384615385,157.0,0.940760389036,228.0,18.9149450945,166.0
2016-08-05,4,0,26.0,33.0,0,173.0,186.923076923,157.0,0.91583937036,228.0,19.3528433151,173.0
2016-08-06,5,1,27.0,32.0,0,173.0,183.538461538,157.0,0.905885543803,228.0,17.5613885232,206.0
2016-08-07,6,1,27.0,33.0,1,176.0,184.461538462,157.0,0.989739398892,224.0,18.3831669851,217.0
2016-08-08,0,0,26.0,32.0,0,176.0,188.0,157.0,1.06810035842,224.0,19.8222873787,161.0
2016-08-09,1,0,27.0,32.0,0,173.0,186.846153846,157.0,1.04941599281,224.0,20.8947772416,378.0
2016-08-10,2,0,27.0,34.0,1,173.0,202.923076923,157.0,1.29429892142,378.0,54.4461082009,289.0
2016-08-11,3,0,27.0,34.0,1,176.0,211.846153846,157.0,1.37108792846,378.0,58.1878207635,238.0
2016-08-12,4,0,28.0,34.0,1,176.0,214.461538462,157.0,1.47442163571,378.0,58.5394218055,292.0
2016-08-13,5,1,28.0,34.0,1,176.0,221.230769231,157.0,1.31029517639,378.0,61.9281889911,318.0
2016-08-14,6,1,27.0,34.0,1,184.0,228.461538462,157.0,1.31748621145,378.0,67.1010895069,300.0
2016-08-15,0,0,27.0,34.0,1,186.0,237.230769231,157.0,1.37254901961,378.0,68.4151960697,161.0
2016-08-16,1,0,28.0,35.0,1,186.0,235.461538462,157.0,1.17896329928,378.0,70.0468144388,222.0
2016-08-17,2,0,27.0,35.0,1,186.0,240.076923077,157.0,1.02138477643,378.0,66.9632063593,185.0
2016-08-18,3,0,27.0,34.0,1,186.0,241.538461538,157.0,0.847129008203,378.0,65.5222984764,198.0
2016-08-19,4,0,28.0,35.0,1,188.0,243.461538462,157.0,0.903524492234,378.0,63.8274300626,195.0
2016-08-20,5,1,28.0,37.0,0,190.0,242.615384615,161.0,0.864945753835,378.0,64.3888887471,255.0
2016-08-21,6,1,27.0,34.0,0,193.0,245.538461538,161.0,0.962995987517,378.0,64.0211688363,218.0
2016-08-22,0,0,26.0,35.0,1,194.0,249.923076923,161.0,0.985686882101,378.0,59.9005092292,186.0
2016-08-23,1,0,25.0,33.0,1,194.0,235.153846154,161.0,0.97197640118,378.0,49.2182676435,175.0
2016-08-24,2,0,25.0,34.0,1,194.0,226.384615385,161.0,0.851533200971,378.0,48.9984904972,175.0
2016-08-25,3,0,26.0,35.0,1,194.0,221.538461538,161.0,0.786731249083,378.0,50.6961011771,175.0
2016-08-26,4,0,25.0,33.0,0,194.0,212.538461538,161.0,0.770246478873,378.0,47.6842424942,206.0
2016-08-27,5,1,23.0,30.0,1,194.0,203.923076923,161.0,0.815727699531,378.0,36.7056095869,244.0
2016-08-28,6,1,22.0,29.0,1,195.0,199.615384615,161.0,0.911543790564,378.0,27.2440211127,203.0
2016-08-29,0,0,20.0,30.0,1,197.0,202.846153846,161.0,0.943709805622,378.0,24.8591297386,161.0
2016-08-30,1,0,20.0,30.0,1,197.0,198.153846154,161.0,0.922050348802,378.0,26.5035444766,215.0
2016-08-31,2,0,22.0,33.0,1,197.0,200.461538462,161.0,0.893105043961,378.0,26.5637560615,184.0
2016-09-01,3,0,23.0,32.0,1,195.0,199.384615385,161.0,0.874726647923,378.0,26.9230769231,166.0
2016-09-02,4,0,22.0,33.0,1,195.0,197.153846154,161.0,0.90938355062,378.0,28.3571891681,165.0
2016-09-03,5,1,22.0,34.0,1,195.0,190.230769231,161.0,0.860700259046,378.0,24.0485209721,187.0
2016-09-04,6,1,24.0,32.0,1,194.0,187.846153846,161.0,0.890952872377,378.0,22.6744388578,209.0
2016-09-05,0,0,24.0,29.0,0,194.0,189.615384615,161.0,0.953109072375,378.0,23.3486565634,132.0
2016-09-06,1,0,22.0,28.0,0,194.0,186.307692308,132.0,0.918101199791,378.0,27.8053249338,155.0
2016-09-07,2,0,19.0,24.0,0,193.0,184.769230769,132.0,0.86926042762,378.0,28.9193942009,118.0
2016-09-08,3,0,21.0,29.0,1,187.0,180.384615385,118.0,0.725026852846,318.0,33.9514097624,148.0
2016-09-09,4,0,23.0,31.0,1,187.0,175.923076923,118.0,0.763303417641,318.0,34.1026990551,181.0
2016-09-10,5,1,23.0,28.0,1,186.0,171.076923077,118.0,0.82708853733,318.0,28.0177458558,192.0
2016-09-11,6,1,20.0,25.0,0,186.0,170.230769231,118.0,0.971018544404,318.0,27.1948916192,155.0
2016-09-12,0,0,20.0,28.0,1,186.0,169.769230769,118.0,0.992667794698,300.0,27.3977928537,132.0
2016-09-13,1,0,22.0,28.0,1,186.0,163.384615385,118.0,0.911599581311,255.0,25.7339597884,102.0
2016-09-14,2,0,21.0,24.0,0,185.0,157.076923077,102.0,0.756073858115,255.0,29.6582107932,120.0
2016-09-15,3,1,24.0,26.0,0,184.0,153.538461538,102.0,0.699259259259,255.0,31.0919613272,125.0
2016-09-16,4,1,21.0,26.0,0,184.0,150.461538462,102.0,0.70228698644,255.0,31.7771455963,164.0
2016-09-17,5,1,22.0,26.0,1,184.0,148.692307692,102.0,0.848371707115,255.0,30.2994912762,161.0
2016-09-18,6,0,22.0,27.0,0,184.0,145.0,102.0,0.945775535939,255.0,25.225140085,129.0
2016-09-19,0,0,19.0,26.0,1,184.0,144.769230769,102.0,0.963906581741,244.0,25.3563945695,115.0
2016-09-20,1,0,19.0,26.0,1,184.0,141.692307692,102.0,0.888157894737,244.0,26.3362418188,121.0
2016-09-21,2,0,19.0,26.0,0,181.0,141.923076923,102.0,0.817377673273,244.0,26.1400416057,125.0
2016-09-22,3,0,19.0,27.0,1,176.0,140.153846154,102.0,0.819709355132,244.0,26.4454333817,124.0
2016-09-23,4,0,20.0,28.0,1,176.0,135.769230769,102.0,0.852043753598,244.0,23.9137998337,126.0
2016-09-24,5,1,21.0,28.0,1,175.0,130.692307692,102.0,0.882145377558,244.0,17.6128651205,187.0
2016-09-25,6,1,22.0,28.0,1,181.0,133.153846154,102.0,1.03603603604,244.0,22.4185574018,158.0
2016-09-26,0,0,23.0,29.0,1,181.0,135.153846154,102.0,1.10641296688,215.0,23.3661364235,86.0
2016-09-27,1,0,23.0,29.0,0,175.0,133.923076923,86.0,1.03767906585,215.0,25.411873477,125.0
2016-09-28,2,0,22.0,28.0,0,175.0,134.307692308,86.0,0.886167146974,215.0,25.2354592264,81.0
2016-09-29,3,0,22.0,24.0,0,175.0,130.923076923,81.0,0.718592346499,209.0,28.9361672505,113.0
2016-09-30,4,0,23.0,28.0,0,173.0,127.0,81.0,0.805250536413,209.0,27.6127061054,173.0
2016-10-01,5,1,23.0,28.0,1,173.0,127.923076923,81.0,0.933129926265,209.0,28.9042491911,227.0
2016-10-02,6,1,22.0,30.0,1,173.0,135.461538462,81.0,1.26948775056,227.0,39.1616283637,216.0
2016-10-03,0,1,20.0,25.0,0,175.0,143.230769231,81.0,1.47828173746,227.0,44.0456997747,219.0
2016-10-04,1,1,21.0,26.0,1,175.0,150.769230769,81.0,1.52446747265,227.0,47.8204234549,224.0
2016-10-05,2,1,21.0,26.0,1,175.0,158.384615385,81.0,1.46493275536,227.0,50.8943679241,171.0
2016-10-06,3,1,20.0,26.0,1,175.0,162.0,81.0,1.34428024083,227.0,49.984613017,138.0
2016-10-07,4,1,20.0,24.0,0,175.0,162.923076923,81.0,1.17699017335,227.0,49.4188714164,124.0
2016-10-08,5,0,16.0,21.0,0,173.0,158.076923077,81.0,0.96803040465,227.0,49.906777,125.0
2016-10-09,6,0,16.0,21.0,1,171.0,155.538461538,81.0,0.86635325722,227.0,50.6794077201,118.0
2016-10-10,0,0,16.0,21.0,1,166.0,158.0,81.0,0.820753662082,227.0,47.9454818598,110.0
2016-10-11,1,0,18.0,23.0,1,165.0,156.846153846,81.0,0.792368125701,227.0,48.8968241125,129.0
2016-10-12,2,0,19.0,21.0,0,164.0,160.538461538,81.0,0.800268997983,227.0,44.6587322577,105.0
2016-10-13,3,0,19.0,23.0,1,161.0,159.923076923,81.0,0.7760857304,227.0,45.3591845308,112.0
2016-10-14,4,0,19.0,20.0,0,161.0,155.230769231,81.0,0.78431372549,227.0,46.8929285241,163.0
2016-10-15,5,1,20.0,24.0,0,161.0,150.307692308,81.0,0.868472174609,227.0,42.2271961498,197.0
2016-10-16,6,1,19.0,25.0,1,161.0,148.846153846,81.0,1.06450157871,227.0,40.2087746907,163.0
2016-10-17,0,0,19.0,24.0,1,161.0,144.538461538,81.0,1.14957687658,227.0,35.1428193445,131.0
2016-10-18,1,0,19.0,25.0,1,161.0,137.384615385,81.0,1.07710869804,227.0,26.6877628585,151.0
2016-10-19,2,0,20.0,23.0,0,158.0,135.846153846,81.0,0.954218934277,227.0,25.2429614069,114.0
2016-10-20,3,0,21.0,23.0,0,155.0,134.0,81.0,0.848874598071,227.0,25.8873298382,120.0
2016-10-21,4,0,22.0,25.0,0,155.0,133.692307692,81.0,0.839603096718,227.0,26.027750325,129.0
2016-10-22,5,1,20.0,23.0,0,151.0,134.0,81.0,0.817843866171,227.0,25.946690911,139.0
2016-10-23,6,1,18.0,23.0,0,148.0,135.615384615,81.0,0.897524866991,227.0,25.55097006,202.0
2016-10-24,0,0,19.0,23.0,1,148.0,142.692307692,81.0,1.09365910413,227.0,29.8544794098,102.0
2016-10-25,1,0,20.0,22.0,1,139.0,140.615384615,81.0,1.07668003403,227.0,31.6216538796,117.0
2016-10-26,2,0,19.0,22.0,0,138.0,141.538461538,81.0,1.04375852238,227.0,30.7311302569,123.0
2016-10-27,3,0,17.0,23.0,0,132.0,142.384615385,81.0,0.852655198205,227.0,30.0500568578,138.0
2016-10-28,4,0,14.0,18.0,0,132.0,140.461538462,102.0,0.9375,227.0,29.4634464134,174.0
2016-10-29,5,1,12.0,16.0,0,132.0,138.692307692,102.0,1.05955425649,227.0,26.5630877937,184.0
2016-10-30,6,1,14.0,18.0,1,132.0,140.307692308,102.0,1.17968842906,227.0,28.5559763794,202.0
2016-10-31,0,0,13.0,15.0,0,132.0,145.769230769,102.0,1.28957973518,224.0,32.7370734234,105.0
