time_stamp,dayofweek,holiday,lt,ht,sunny,m2M,w2A,m1L,d3w3,m1Lar,w2Std,pay_sum
2016-08-01,0,0,26.0,34.0,1,216.0,229.307692308,196.0,1.00381651905,280.0,16.79461734,219.0
2016-08-02,1,0,24.0,33.0,1,217.0,228.615384615,196.0,0.963541666667,280.0,17.0182637709,188.0
2016-08-03,2,0,23.0,33.0,1,217.0,226.538461538,188.0,0.933949123965,280.0,19.948454286,211.0
2016-08-04,3,0,23.0,31.0,1,217.0,224.846153846,188.0,0.907888937858,280.0,20.2592662706,154.0
2016-08-05,4,0,24.0,32.0,0,217.0,218.307692308,154.0,0.82475764355,280.0,27.172906799,182.0
2016-08-06,5,1,23.0,30.0,1,217.0,213.307692308,154.0,0.828976282488,280.0,27.4124750247,197.0
2016-08-07,6,1,23.0,30.0,0,216.0,213.384615385,154.0,0.81817484074,280.0,27.3651616294,206.0
2016-08-08,0,0,22.0,30.0,1,215.0,209.538461538,154.0,0.899031811895,256.0,24.4654084989,137.0
2016-08-09,1,0,23.0,31.0,1,215.0,201.461538462,137.0,0.847657169767,256.0,29.2748655245,137.0
2016-08-10,2,0,25.0,33.0,1,215.0,195.384615385,137.0,0.76757016071,256.0,33.518166054,165.0
2016-08-11,3,0,25.0,34.0,1,215.0,191.769230769,137.0,0.713647077948,256.0,34.0613786391,191.0
2016-08-12,4,0,26.0,36.0,1,215.0,187.230769231,137.0,0.810921950818,256.0,29.6444412902,180.0
2016-08-13,5,1,27.0,37.0,1,215.0,184.384615385,137.0,0.89647098177,256.0,28.3997249757,182.0
2016-08-14,6,1,27.0,38.0,1,215.0,180.692307692,137.0,0.92816381336,256.0,25.1652526478,176.0
2016-08-15,0,0,28.0,38.0,1,215.0,177.384615385,137.0,0.921548475505,256.0,22.6088425912,208.0
2016-08-16,1,0,27.0,37.0,1,215.0,178.923076923,137.0,0.978054259547,256.0,23.921221793,160.0
2016-08-17,2,0,26.0,37.0,1,212.0,175.0,137.0,0.953883920743,256.0,22.4773390158,181.0
2016-08-18,3,0,27.0,37.0,1,211.0,177.076923077,137.0,0.970564836913,256.0,21.6740239367,191.0
2016-08-19,4,0,27.0,37.0,1,211.0,177.769230769,137.0,0.955459770115,256.0,21.9620436423,175.0
2016-08-20,5,1,26.0,37.0,1,211.0,176.076923077,137.0,0.993642143506,256.0,21.2511050879,194.0
2016-08-21,6,1,26.0,35.0,1,211.0,175.153846154,137.0,1.02733443405,256.0,20.164119519,232.0
2016-08-22,0,0,25.0,35.0,1,212.0,182.461538462,137.0,1.09861987021,256.0,22.1311315176,210.0
2016-08-23,1,0,25.0,35.0,1,212.0,188.076923077,137.0,1.15562823658,256.0,18.9105649692,171.0
2016-08-24,2,0,26.0,35.0,1,211.0,188.538461538,137.0,1.1261137136,250.0,18.4082564445,172.0
2016-08-25,3,0,22.0,27.0,0,211.0,187.076923077,137.0,1.01087651951,250.0,18.902427758,184.0
2016-08-26,4,0,20.0,24.0,0,211.0,187.384615385,137.0,0.962820864164,250.0,18.8170890479,176.0
2016-08-27,5,1,18.0,29.0,1,211.0,186.923076923,137.0,0.977581771408,250.0,19.0160318536,198.0
2016-08-28,6,1,19.0,31.0,1,211.0,188.615384615,137.0,1.02762430939,232.0,18.9474514687,168.0
2016-08-29,0,0,20.0,30.0,1,211.0,185.538461538,137.0,0.98968319182,232.0,18.7969530453,178.0
2016-08-30,1,0,20.0,28.0,1,210.0,186.923076923,137.0,0.982304080896,232.0,17.4816894909,157.0
2016-08-31,2,0,19.0,31.0,1,210.0,185.076923077,137.0,0.910242490047,232.0,19.19319406,199.0
2016-09-01,3,0,19.0,33.0,1,210.0,185.692307692,137.0,0.964247020585,232.0,19.4990517142,169.0
2016-09-02,4,0,20.0,33.0,1,208.0,185.230769231,137.0,0.95082857919,232.0,19.8151218329,201.0
2016-09-03,5,1,20.0,30.0,1,206.0,185.769230769,137.0,1.02522522523,232.0,20.1385731912,254.0
2016-09-04,6,1,19.0,31.0,1,208.0,187.461538462,137.0,1.10111169931,254.0,24.4213506355,236.0
2016-09-05,0,0,21.0,29.0,1,208.0,189.461538462,137.0,1.21036959187,254.0,27.1026975229,220.0
2016-09-06,1,0,16.0,26.0,0,208.0,193.230769231,137.0,1.22434902569,254.0,27.6743531539,216.0
2016-09-07,2,0,16.0,28.0,1,208.0,196.615384615,137.0,1.14842348116,254.0,27.5612282342,200.0
2016-09-08,3,0,19.0,31.0,1,206.0,197.846153846,157.0,1.08439897698,254.0,27.3266456436,209.0
2016-09-09,4,0,18.0,27.0,0,206.0,200.384615385,157.0,1.05645706558,254.0,26.7050512696,227.0
2016-09-10,5,1,17.0,29.0,1,206.0,202.615384615,157.0,1.06613024893,254.0,27.6086342725,253.0
2016-09-11,6,1,19.0,30.0,1,206.0,209.153846154,157.0,1.14890778723,254.0,28.6808597496,240.0
2016-09-12,0,0,18.0,25.0,1,206.0,213.923076923,157.0,1.19165839126,254.0,28.2555958745,171.0
2016-09-13,1,0,19.0,26.0,0,201.0,215.0,157.0,1.09897384972,254.0,26.2619935971,190.0
2016-09-14,2,0,18.0,27.0,1,200.0,214.307692308,157.0,0.990278464327,254.0,26.7880128628,199.0
2016-09-15,3,1,19.0,27.0,0,199.0,216.615384615,157.0,0.919313797915,254.0,23.9246845861,258.0
2016-09-16,4,1,19.0,29.0,1,199.0,221.0,157.0,1.04111352482,258.0,25.8099563377,196.0
2016-09-17,5,1,20.0,29.0,1,199.0,216.538461538,157.0,1.05127585929,258.0,24.7094357082,216.0
2016-09-18,6,0,18.0,24.0,0,199.0,215.0,157.0,1.06628471393,258.0,24.0640171849,170.0
2016-09-19,0,0,16.0,20.0,0,198.0,211.153846154,157.0,0.928007653671,258.0,26.7979509947,192.0
2016-09-20,1,0,16.0,21.0,0,197.0,209.307692308,157.0,0.913978494624,258.0,27.2238148443,187.0
2016-09-21,2,0,15.0,27.0,1,196.0,208.307692308,157.0,0.870599429115,258.0,27.7804153909,186.0
2016-09-22,3,0,16.0,28.0,1,196.0,206.538461538,157.0,0.892363578931,258.0,28.405349942,177.0
2016-09-23,4,0,18.0,27.0,1,194.0,202.692307692,157.0,0.873639901517,258.0,28.7572990477,192.0
2016-09-24,5,1,17.0,24.0,0,192.0,198.0,157.0,0.894800483676,258.0,24.881256461,209.0
2016-09-25,6,1,18.0,27.0,1,192.0,195.615384615,157.0,0.938007140539,258.0,22.0682105564,265.0
2016-09-26,0,0,18.0,24.0,0,192.0,202.846153846,157.0,1.06910666988,265.0,27.5397507219,147.0
2016-09-27,1,0,16.0,23.0,0,192.0,199.538461538,147.0,1.01371204701,265.0,31.2203468778,192.0
2016-09-28,2,0,15.0,24.0,1,192.0,199.0,147.0,0.987896630684,265.0,31.2852877687,157.0
2016-09-29,3,0,14.0,21.0,1,191.0,191.230769231,147.0,0.821736249172,265.0,28.0416005418,177.0
2016-09-30,4,0,16.0,25.0,1,191.0,189.769230769,147.0,0.882402281496,265.0,28.2493127109,184.0
2016-10-01,5,1,15.0,27.0,1,191.0,187.307692308,147.0,0.884336320956,265.0,27.2322902661,215.0
2016-10-02,6,1,17.0,29.0,1,191.0,190.769230769,147.0,0.989690721649,265.0,27.6687934355,214.0
2016-10-03,0,1,17.0,30.0,1,191.0,192.461538462,147.0,1.04171977228,265.0,28.3565631655,195.0
2016-10-04,1,1,15.0,23.0,1,192.0,193.076923077,147.0,1.05906313646,265.0,28.318141884,228.0
2016-10-05,2,1,14.0,20.0,1,192.0,196.307692308,147.0,1.07320360542,265.0,29.6891189998,195.0
2016-10-06,3,1,14.0,18.0,0,192.0,197.692307692,147.0,1.05803800719,265.0,29.1716000336,202.0
2016-10-07,4,1,11.0,17.0,0,192.0,198.461538462,147.0,1.06837606838,265.0,29.1431886345,203.0
2016-10-08,5,0,13.0,20.0,1,192.0,198.0,147.0,1.02907126318,265.0,29.0198870803,168.0
2016-10-09,6,0,11.0,18.0,0,192.0,190.538461538,147.0,0.983268983269,265.0,22.592086377,187.0
2016-10-10,0,0,12.0,18.0,1,192.0,193.615384615,147.0,0.958762886598,265.0,18.8701573983,157.0
2016-10-11,1,0,12.0,18.0,1,192.0,190.923076923,147.0,0.88658008658,265.0,21.2547245009,173.0
2016-10-12,2,0,12.0,18.0,0,192.0,192.153846154,147.0,0.898271218834,265.0,19.6580230395,161.0
2016-10-13,3,0,12.0,18.0,1,192.0,190.923076923,147.0,0.856669283783,265.0,21.0218257952,181.0
2016-10-14,4,0,12.0,18.0,0,192.0,190.692307692,147.0,0.90113735783,265.0,21.1128273637,176.0
2016-10-15,5,1,11.0,18.0,1,192.0,187.692307692,147.0,0.914305886506,265.0,20.1966661963,213.0
2016-10-16,6,1,11.0,20.0,1,192.0,187.615384615,147.0,1.02013422819,265.0,20.0979848264,204.0
2016-10-17,0,0,12.0,23.0,1,194.0,188.307692308,147.0,1.04530230918,265.0,20.4915915791,163.0
2016-10-18,1,0,12.0,24.0,1,194.0,183.307692308,147.0,1.03028688161,265.0,17.9717068895,180.0
2016-10-19,2,0,15.0,24.0,1,192.0,182.153846154,147.0,0.965748587571,265.0,17.6628517335,186.0
2016-10-20,3,0,16.0,23.0,1,192.0,180.923076923,147.0,0.931748128578,265.0,16.7720533969,213.0
2016-10-21,4,0,14.0,20.0,0,192.0,181.692307692,147.0,1.01206082853,265.0,17.954577798,191.0
2016-10-22,5,1,12.0,16.0,0,192.0,183.461538462,147.0,1.03781882146,265.0,17.6487758766,198.0
2016-10-23,6,1,10.0,15.0,1,192.0,184.307692308,147.0,1.06341635753,265.0,18.0571086168,223.0
2016-10-24,0,0,10.0,13.0,0,195.0,189.384615385,147.0,1.07311941084,265.0,18.9230769231,150.0
2016-10-25,1,0,10.0,15.0,0,195.0,187.615384615,147.0,1.02219835303,228.0,21.2983873046,233.0
2016-10-26,2,0,9.0,12.0,0,195.0,193.153846154,150.0,1.07389686337,233.0,22.95428954,163.0
2016-10-27,3,0,7.0,11.0,0,195.0,191.769230769,150.0,0.977706150954,233.0,24.1570306573,183.0
2016-10-28,4,0,7.0,10.0,1,195.0,192.307692308,150.0,1.04239805563,233.0,23.8759119532,199.0
2016-10-29,5,1,6.0,14.0,1,195.0,191.230769231,150.0,0.973040528477,233.0,23.2251648869,107.0
2016-10-30,6,1,6.0,12.0,1,195.0,183.769230769,107.0,0.892172961138,233.0,31.8896024679,109.0
2016-10-31,0,0,6.0,14.0,1,195.0,179.615384615,107.0,0.767239785543,233.0,37.3703676554,145.0
