time_stamp,dayofweek,holiday,lt,ht,sunny,m2M,w2A,m1L,d3w3,m1Lar,w2Std,pay_sum
2016-08-01,0,0,23.0,33.0,0,62.0,65.4615384615,52.0,0.931154036652,87.0,8.3446471522,83.0
2016-08-02,1,0,22.0,32.0,1,63.0,67.0,52.0,1.01265822785,87.0,9.51112708681,68.0
2016-08-03,2,0,22.0,30.0,0,63.0,66.0769230769,52.0,1.0002463661,87.0,8.75707659739,52.0
2016-08-04,3,0,21.0,32.0,1,63.0,63.7692307692,52.0,1.00470180648,87.0,8.19149508429,59.0
2016-08-05,4,0,22.0,31.0,0,63.0,62.9230769231,52.0,0.897243107769,87.0,8.07142670128,71.0
2016-08-06,5,1,23.0,32.0,0,63.0,63.9230769231,52.0,0.911595291761,87.0,8.20376591255,63.0
2016-08-07,6,1,22.0,31.0,0,63.0,63.8461538462,52.0,0.974009588695,87.0,8.20737148821,75.0
2016-08-08,0,0,22.0,30.0,0,64.0,65.0,52.0,1.05395864851,87.0,8.62910994608,66.0
2016-08-09,1,0,22.0,32.0,0,64.0,65.0769230769,52.0,1.02641509434,87.0,8.63322329021,274.0
2016-08-10,2,0,22.0,31.0,1,64.0,81.9230769231,52.0,1.82137371077,274.0,56.040454534,217.0
2016-08-11,3,0,23.0,34.0,1,65.0,93.5384615385,52.0,2.24506247481,274.0,66.2543065475,161.0
2016-08-12,4,0,24.0,34.0,0,65.0,100.769230769,52.0,2.49092645654,274.0,68.068013324,151.0
2016-08-13,5,1,23.0,34.0,0,66.0,107.076923077,52.0,1.91875226696,274.0,68.6288362116,121.0
2016-08-14,6,1,25.0,34.0,0,66.0,112.384615385,52.0,1.52330694811,274.0,66.8080355157,159.0
2016-08-15,0,0,24.0,33.0,0,67.0,118.230769231,52.0,1.44098963557,274.0,67.3043076072,90.0
2016-08-16,1,0,24.0,33.0,1,67.0,119.923076923,52.0,1.22172692752,274.0,66.2889496981,76.0
2016-08-17,2,0,25.0,34.0,1,68.0,121.769230769,52.0,1.06209150327,274.0,64.6864078532,80.0
2016-08-18,3,0,23.0,34.0,1,69.0,123.384615385,52.0,0.798442064265,274.0,63.3470762625,85.0
2016-08-19,4,0,23.0,34.0,1,69.0,124.461538462,52.0,0.775418275418,274.0,62.5614963728,89.0
2016-08-20,5,1,24.0,34.0,1,69.0,126.461538462,52.0,0.80943275972,274.0,60.9597791544,92.0
2016-08-21,6,1,25.0,34.0,1,70.0,127.769230769,52.0,0.83176985616,274.0,60.0168615361,83.0
2016-08-22,0,0,25.0,34.0,0,70.0,129.076923077,52.0,0.825515947467,274.0,58.8302140302,76.0
2016-08-23,1,0,25.0,34.0,0,70.0,113.846153846,52.0,0.781931464174,274.0,42.7800207751,95.0
2016-08-24,2,0,25.0,36.0,0,70.0,104.461538462,52.0,0.775690945182,274.0,30.8360812252,79.0
2016-08-25,3,0,22.0,34.0,1,70.0,98.1538461538,52.0,0.756544106521,274.0,26.7404796972,78.0
2016-08-26,4,0,22.0,30.0,1,71.0,92.5384615385,52.0,0.760180995475,274.0,22.3593566187,74.0
2016-08-27,5,1,21.0,29.0,1,73.0,88.9230769231,52.0,0.693381359748,274.0,21.2366212671,65.0
2016-08-28,6,1,22.0,30.0,1,73.0,81.6923076923,52.0,0.654304236394,274.0,8.06115677311,68.0
2016-08-29,0,0,20.0,24.0,0,73.0,80.0,52.0,0.623587889742,274.0,8.43983229873,64.0
2016-08-30,1,0,18.0,26.0,0,73.0,79.0769230769,52.0,0.655683141954,274.0,9.42550988999,64.0
2016-08-31,2,0,19.0,26.0,0,73.0,77.8461538462,52.0,0.706306306306,274.0,10.2345279388,81.0
2016-09-01,3,0,17.0,29.0,1,73.0,77.5384615385,52.0,0.787193973635,274.0,10.0736929644,69.0
2016-09-02,4,0,20.0,30.0,1,73.0,76.0,59.0,0.845181674566,274.0,9.72704398136,74.0
2016-09-03,5,1,20.0,27.0,0,73.0,74.6153846154,63.0,0.910014218972,274.0,8.56233668267,88.0
2016-09-04,6,1,20.0,24.0,1,74.0,75.0,63.0,0.980891719745,274.0,9.02986497897,74.0
2016-09-05,0,0,19.0,22.0,0,74.0,74.8461538462,64.0,1.01244101244,274.0,9.02855430838,48.0
2016-09-06,1,0,19.0,27.0,1,74.0,71.2307692308,48.0,0.917431192661,274.0,9.62491835053,61.0
2016-09-07,2,0,20.0,25.0,1,74.0,69.8461538462,48.0,0.809555408096,274.0,9.70207078488,59.0
2016-09-08,3,0,19.0,25.0,1,74.0,68.3846153846,48.0,0.756245779878,217.0,9.79433479532,72.0
2016-09-09,4,0,20.0,29.0,1,73.0,68.2307692308,48.0,0.874316939891,161.0,9.72035015319,70.0
2016-09-10,5,1,18.0,29.0,1,72.0,68.6153846154,48.0,0.929264909847,159.0,9.68375691191,111.0
2016-09-11,6,1,19.0,32.0,1,73.0,71.9230769231,48.0,1.14739229025,159.0,14.8658697304,66.0
2016-09-12,0,0,19.0,28.0,1,73.0,72.0769230769,48.0,1.12785388128,159.0,14.7932497,53.0
2016-09-13,1,0,19.0,25.0,0,72.0,71.2307692308,48.0,1.08133521392,111.0,15.5274141993,78.0
2016-09-14,2,0,18.0,21.0,0,73.0,71.0,48.0,0.926840743355,111.0,15.4022975309,65.0
2016-09-15,3,1,18.0,28.0,1,72.0,70.6923076923,48.0,0.930674264008,111.0,15.4789416026,72.0
2016-09-16,4,1,19.0,26.0,1,72.0,70.5384615385,48.0,1.0223490252,111.0,15.4552225906,62.0
2016-09-17,5,1,20.0,25.0,0,72.0,68.5384615385,48.0,0.948296402192,111.0,14.7315223748,85.0
2016-09-18,6,0,18.0,23.0,0,72.0,69.3846153846,48.0,1.03107344633,111.0,15.3248840454,56.0
2016-09-19,0,0,17.0,23.0,0,71.0,70.0,48.0,0.961174242424,111.0,14.5971546226,65.0
2016-09-20,1,0,17.0,24.0,0,71.0,70.3076923077,48.0,0.974686538916,111.0,14.445572201,63.0
2016-09-21,2,0,18.0,27.0,1,71.0,70.6153846154,48.0,0.881859573448,111.0,14.2426146127,67.0
2016-09-22,3,0,19.0,26.0,0,71.0,70.2307692308,48.0,0.93592512599,111.0,14.2675201131,59.0
2016-09-23,4,0,18.0,22.0,0,71.0,69.3846153846,48.0,0.917030567686,111.0,14.5789018344,56.0
2016-09-24,5,1,18.0,24.0,1,71.0,65.1538461538,48.0,0.904123199205,111.0,8.67220275315,86.0
2016-09-25,6,1,18.0,24.0,1,72.0,66.6923076923,48.0,0.989660265879,111.0,10.3059700054,73.0
2016-09-26,0,0,19.0,25.0,1,72.0,68.2307692308,48.0,1.03940053179,111.0,9.61692295387,57.0
2016-09-27,1,0,19.0,26.0,1,72.0,66.6153846154,48.0,1.04727272727,111.0,9.60399325232,47.0
2016-09-28,2,0,19.0,28.0,1,72.0,65.2307692308,47.0,0.865737344094,111.0,10.9414796226,63.0
2016-09-29,3,0,18.0,26.0,1,72.0,64.5384615385,47.0,0.822255046775,111.0,10.7747238738,50.0
2016-09-30,4,0,19.0,28.0,1,72.0,63.6153846154,47.0,0.7996001999,111.0,11.4457816317,77.0
2016-10-01,5,1,19.0,30.0,1,72.0,63.0,47.0,0.974358974359,111.0,10.4513525072,94.0
2016-10-02,6,1,19.0,32.0,1,73.0,65.9230769231,47.0,1.109437751,111.0,13.0705867002,96.0
2016-10-03,0,1,20.0,29.0,1,74.0,68.3076923077,47.0,1.29832239241,111.0,15.3190912333,88.0
2016-10-04,1,1,18.0,27.0,0,74.0,70.2307692308,47.0,1.34202268887,111.0,16.0822589599,111.0
2016-10-05,2,1,18.0,23.0,1,74.0,73.6153846154,47.0,1.3781826676,111.0,19.3451980189,104.0
2016-10-06,3,1,19.0,24.0,0,74.0,77.0769230769,47.0,1.38450993831,111.0,20.4166656603,83.0
2016-10-07,4,1,18.0,22.0,0,76.0,79.1538461538,47.0,1.34234234234,111.0,19.520585402,58.0
2016-10-08,5,0,14.0,20.0,0,74.0,77.0,47.0,1.12411103464,111.0,20.1799595944,53.0
2016-10-09,6,0,15.0,19.0,0,74.0,75.4615384615,47.0,0.891954022989,111.0,21.1646126448,58.0
2016-10-10,0,0,14.0,18.0,0,74.0,75.5384615385,47.0,0.780780780781,111.0,21.0990899717,50.0
2016-10-11,1,0,15.0,18.0,0,73.0,75.7692307692,47.0,0.750582750583,111.0,20.7999772417,54.0
2016-10-12,2,0,14.0,17.0,0,72.0,75.0769230769,47.0,0.76217360621,111.0,21.3558190177,67.0
2016-10-13,3,0,15.0,20.0,1,72.0,76.3846153846,47.0,0.8,111.0,20.2732808682,57.0
2016-10-14,4,0,15.0,19.0,0,70.0,74.8461538462,47.0,0.83216456288,111.0,20.9168542783,59.0
2016-10-15,5,1,15.0,21.0,1,69.0,72.1538461538,47.0,0.872051465332,111.0,20.5270783782,83.0
2016-10-16,6,1,15.0,24.0,0,69.0,71.1538461538,47.0,0.941566122546,111.0,19.6384479797,90.0
2016-10-17,0,0,15.0,24.0,1,69.0,71.3076923077,47.0,1.07258437356,111.0,19.7771609356,48.0
2016-10-18,1,0,16.0,22.0,1,68.0,66.4615384615,47.0,1.02102102102,111.0,16.9778832812,52.0
2016-10-19,2,0,16.0,21.0,1,67.0,62.4615384615,47.0,0.884543761639,111.0,13.4142024885,61.0
2016-10-20,3,0,17.0,24.0,1,67.0,60.7692307692,47.0,0.743820743821,111.0,12.032992122,65.0
2016-10-21,4,0,18.0,22.0,0,66.0,61.3076923077,47.0,0.829256929886,111.0,12.0536277041,68.0
2016-10-22,5,1,17.0,22.0,0,66.0,62.4615384615,47.0,0.920521945433,111.0,11.920347082,91.0
2016-10-23,6,1,16.0,21.0,0,66.0,65.0,47.0,1.06666666667,111.0,14.0274456252,58.0
2016-10-24,0,0,17.0,22.0,1,65.0,65.6153846154,47.0,1.05596107056,111.0,13.5222805401,69.0
2016-10-25,1,0,15.0,21.0,1,65.0,66.7692307692,47.0,1.09437751004,111.0,13.115779376,67.0
2016-10-26,2,0,15.0,21.0,0,66.0,66.7692307692,47.0,1.00180738446,111.0,13.115779376,77.0
2016-10-27,3,0,13.0,21.0,1,66.0,68.3076923077,48.0,1.10505836576,111.0,13.0524658171,67.0
2016-10-28,4,0,8.0,16.0,0,67.0,68.9230769231,48.0,1.08706852138,111.0,12.7849763903,73.0
2016-10-29,5,1,11.0,15.0,1,67.0,68.1538461538,48.0,1.10096397768,111.0,12.2024345228,105.0
2016-10-30,6,1,11.0,17.0,1,67.0,69.3076923077,48.0,1.20009796718,111.0,14.6727618678,85.0
2016-10-31,0,0,11.0,19.0,1,67.0,72.1538461538,48.0,1.25596943649,111.0,13.8277655676,61.0
