time_stamp,dayofweek,holiday,lt,ht,sunny,m2M,w2A,m1L,d3w3,m1Lar,w2Std,pay_sum
2016-08-01,0,0,24.0,35.0,0,42.0,132.692307692,30.0,0.58445728966,347.0,86.1254760982,56.0
2016-08-02,1,0,24.0,31.0,0,42.0,121.538461538,30.0,0.480279898219,347.0,85.9459717449,47.0
2016-08-03,2,0,23.0,32.0,0,43.0,109.923076923,30.0,0.47641583846,347.0,85.0262054975,46.0
2016-08-04,3,0,23.0,35.0,0,43.0,97.0769230769,30.0,0.46789134872,347.0,81.0028124283,35.0
2016-08-05,4,0,24.0,35.0,0,43.0,73.0769230769,30.0,0.401379742866,347.0,38.4336822201,47.0
2016-08-06,5,1,24.0,34.0,0,45.0,72.3846153846,30.0,0.399313679613,347.0,38.8142290752,39.0
2016-08-07,6,1,24.0,34.0,0,45.0,72.7692307692,30.0,0.378539027061,347.0,38.4550763802,42.0
2016-08-08,0,0,23.0,35.0,0,45.0,63.9230769231,30.0,0.418916707577,347.0,30.4566818195,44.0
2016-08-09,1,0,23.0,32.0,0,45.0,56.8461538462,30.0,0.443262411348,347.0,22.5485669128,68.0
2016-08-10,2,0,23.0,33.0,0,45.0,53.5384615385,30.0,0.586666666667,347.0,16.7773445438,48.0
2016-08-11,3,0,24.0,32.0,0,46.0,50.3076923077,30.0,0.672975814932,347.0,13.0818995056,47.0
2016-08-12,4,0,24.0,33.0,0,46.0,47.2307692308,32.0,0.845654993515,347.0,7.67767839663,57.0
2016-08-13,5,1,24.0,31.0,0,47.0,48.0,32.0,0.787973043027,347.0,8.10507912931,54.0
2016-08-14,6,1,23.0,30.0,0,47.0,48.4615384615,34.0,0.806533945891,347.0,8.26126628974,52.0
2016-08-15,0,0,24.0,33.0,0,47.0,48.1538461538,34.0,0.90480155426,347.0,8.04646270918,99.0
2016-08-16,1,0,24.0,33.0,0,47.0,52.1538461538,34.0,1.17411225659,347.0,15.7326028647,101.0
2016-08-17,2,0,24.0,32.0,0,47.0,56.3846153846,34.0,1.45580589255,347.0,20.2543004419,97.0
2016-08-18,3,0,24.0,32.0,0,48.0,61.1538461538,34.0,1.70542635659,347.0,21.8907994507,103.0
2016-08-19,4,0,23.0,33.0,1,48.0,65.4615384615,34.0,1.70489946191,347.0,24.0819606428,124.0
2016-08-20,5,1,23.0,34.0,0,48.0,72.0,34.0,1.72248803828,347.0,27.3298934671,72.0
2016-08-21,6,1,24.0,34.0,1,49.0,74.3076923077,34.0,1.55972874283,157.0,25.9300378693,69.0
2016-08-22,0,0,24.0,35.0,1,49.0,76.2307692308,34.0,1.36844823135,157.0,24.4985206654,92.0
2016-08-23,1,0,24.0,35.0,1,49.0,78.0769230769,35.0,1.1626746507,157.0,24.7120697339,121.0
2016-08-24,2,0,24.0,35.0,1,50.0,83.6923076923,35.0,1.33238837704,136.0,25.5203828503,112.0
2016-08-25,3,0,24.0,35.0,0,52.0,88.6923076923,35.0,1.45609318996,124.0,24.1736812237,87.0
2016-08-26,4,0,24.0,33.0,0,52.0,91.0,35.0,1.39616055846,124.0,22.4053565024,90.0
2016-08-27,5,1,23.0,33.0,0,53.0,93.7692307692,35.0,1.2201815495,124.0,19.7256328597,50.0
2016-08-28,6,1,23.0,31.0,0,53.0,93.6153846154,35.0,0.953581180424,124.0,20.0558392093,59.0
2016-08-29,0,0,22.0,32.0,1,54.0,90.5384615385,35.0,0.828131502289,124.0,21.9706636034,86.0
2016-08-30,1,0,21.0,32.0,1,54.0,89.3846153846,35.0,0.802469135802,124.0,21.7840395404,67.0
2016-08-31,2,0,23.0,32.0,1,56.0,87.0769230769,35.0,0.862314419361,124.0,22.4343882276,78.0
2016-09-01,3,0,24.0,31.0,0,56.0,85.1538461538,35.0,0.922155688623,124.0,22.0553365384,68.0
2016-09-02,4,0,24.0,29.0,0,57.0,80.8461538462,35.0,0.844735276621,124.0,19.350397149,70.0
2016-09-03,5,1,23.0,31.0,0,59.0,80.6923076923,39.0,0.848556275781,124.0,19.427912574,72.0
2016-09-04,6,1,22.0,33.0,1,62.0,80.9230769231,39.0,0.815375655213,124.0,19.3050871672,61.0
2016-09-05,0,0,23.0,33.0,0,62.0,78.5384615385,42.0,0.806035338495,124.0,19.7001186432,48.0
2016-09-06,1,0,24.0,32.0,0,61.0,72.9230769231,44.0,0.742107421074,124.0,17.0179160726,51.0
2016-09-07,2,0,23.0,30.0,0,61.0,68.2307692308,47.0,0.675105485232,124.0,13.6784718341,44.0
2016-09-08,3,0,23.0,32.0,0,61.0,64.9230769231,44.0,0.626780626781,124.0,13.9364576586,46.0
2016-09-09,4,0,23.0,32.0,0,61.0,61.5384615385,44.0,0.651420651421,124.0,12.7255973692,58.0
2016-09-10,5,1,23.0,31.0,0,61.0,62.1538461538,44.0,0.690459528808,124.0,12.3403413109,58.0
2016-09-11,6,1,23.0,29.0,0,61.0,62.0769230769,44.0,0.761636107193,124.0,12.3628571409,53.0
2016-09-12,0,0,23.0,30.0,0,61.0,59.5384615385,44.0,0.817017162195,124.0,10.4264116153,44.0
2016-09-13,1,0,23.0,32.0,1,61.0,57.7692307692,44.0,0.793650793651,124.0,10.9485077744,31.0
2016-09-14,2,0,23.0,31.0,1,61.0,54.1538461538,31.0,0.698880698881,124.0,11.4209399711,57.0
2016-09-15,3,1,23.0,25.0,0,61.0,53.3076923077,31.0,0.738874895046,124.0,10.7516339752,47.0
2016-09-16,4,1,22.0,30.0,0,59.0,51.5384615385,31.0,0.783972125436,124.0,9.70024095351,57.0
2016-09-17,5,1,22.0,30.0,0,58.0,50.3846153846,31.0,0.929292929293,124.0,7.92792980581,48.0
2016-09-18,6,0,21.0,30.0,1,58.0,49.3846153846,31.0,0.885780885781,121.0,7.32265674296,49.0
2016-09-19,0,0,19.0,31.0,1,57.0,49.4615384615,31.0,0.927431496537,121.0,7.31295357163,47.0
2016-09-20,1,0,19.0,31.0,1,57.0,49.1538461538,31.0,0.883164673413,121.0,7.32588827742,45.0
2016-09-21,2,0,19.0,30.0,1,57.0,49.2307692308,31.0,0.891840607211,121.0,7.27645144024,41.0
2016-09-22,3,0,20.0,31.0,1,57.0,48.8461538462,31.0,0.863356053229,112.0,7.56353757125,47.0
2016-09-23,4,0,21.0,31.0,1,57.0,48.0,31.0,0.883134130146,90.0,7.09279157368,64.0
2016-09-24,5,1,21.0,32.0,1,57.0,48.4615384615,31.0,1.01740294511,90.0,7.88001742106,69.0
2016-09-25,6,1,22.0,33.0,1,57.0,49.6923076923,31.0,1.19521912351,86.0,9.56262448192,62.0
2016-09-26,0,0,23.0,35.0,1,57.0,51.0769230769,31.0,1.27701375246,86.0,9.93410240196,43.0
2016-09-27,1,0,24.0,34.0,1,56.0,52.0,31.0,1.14851485149,86.0,8.47621105484,66.0
2016-09-28,2,0,24.0,26.0,0,57.0,52.6923076923,31.0,1.10465116279,78.0,9.19351456513,57.0
2016-09-29,3,0,22.0,26.0,0,57.0,53.4615384615,31.0,1.06104186641,78.0,9.10296134922,46.0
2016-09-30,4,0,22.0,27.0,0,57.0,52.6153846154,31.0,1.09279017135,72.0,9.24486103851,83.0
2016-10-01,5,1,22.0,31.0,0,57.0,55.3076923077,31.0,1.17424242424,83.0,12.1489766292,54.0
2016-10-02,6,1,23.0,31.0,0,57.0,55.6923076923,31.0,1.15421002838,83.0,12.0216766742,61.0
2016-10-03,0,1,22.0,30.0,0,57.0,56.7692307692,31.0,1.22905027933,83.0,11.8201512821,69.0
2016-10-04,1,1,22.0,30.0,0,58.0,58.6153846154,31.0,1.103117506,83.0,11.7115226727,66.0
2016-10-05,2,1,22.0,30.0,0,58.0,60.5384615385,31.0,1.16562592923,83.0,10.6670981175,49.0
2016-10-06,3,1,22.0,30.0,1,58.0,60.6923076923,31.0,1.09231225883,83.0,10.4835740778,55.0
2016-10-07,4,1,23.0,29.0,0,58.0,60.0,31.0,1.01100208147,83.0,10.5393037283,49.0
2016-10-08,5,0,20.0,26.0,0,58.0,58.4615384615,31.0,0.909090909091,83.0,10.5729363116,41.0
2016-10-09,6,0,18.0,24.0,0,58.0,56.8461538462,31.0,0.867743865949,83.0,11.4746955974,42.0
2016-10-10,0,0,18.0,19.0,0,58.0,56.7692307692,31.0,0.793507664563,83.0,11.5702127243,33.0
2016-10-11,1,0,18.0,24.0,0,58.0,54.2307692308,31.0,0.704952901854,83.0,12.8191794178,38.0
2016-10-12,2,0,19.0,23.0,1,58.0,52.7692307692,31.0,0.688604509445,83.0,13.4859120005,40.0
2016-10-13,3,0,18.0,26.0,1,58.0,52.3076923077,33.0,0.680772769089,83.0,13.8084957983,50.0
2016-10-14,4,0,18.0,29.0,1,57.0,49.7692307692,33.0,0.795278036657,83.0,10.5913887094,42.0
2016-10-15,5,1,21.0,30.0,1,57.0,48.8461538462,33.0,0.841300191205,83.0,10.7047520278,70.0
2016-10-16,6,1,22.0,29.0,1,57.0,49.5384615385,33.0,1.02466793169,83.0,11.7120279044,58.0
2016-10-17,0,0,23.0,30.0,1,57.0,48.6923076923,33.0,1.06018085438,83.0,10.6220714725,38.0
2016-10-18,1,0,23.0,25.0,0,57.0,46.5384615385,33.0,1.06308037144,83.0,9.69230769231,42.0
2016-10-19,2,0,21.0,29.0,0,55.0,46.0,33.0,0.896686159844,83.0,9.73494893511,58.0
2016-10-20,3,0,23.0,30.0,1,55.0,46.2307692308,33.0,0.886319845857,83.0,9.97808249001,41.0
2016-10-21,4,0,23.0,26.0,0,54.0,45.6153846154,33.0,0.943775100402,83.0,10.0348505147,39.0
2016-10-22,5,1,23.0,27.0,0,53.0,45.4615384615,33.0,0.937818552497,83.0,10.11940546,63.0
2016-10-23,6,1,22.0,28.0,1,53.0,47.0769230769,33.0,0.96982027806,83.0,11.0694419181,50.0
2016-10-24,0,0,22.0,27.0,0,51.0,48.3846153846,33.0,1.05117565698,83.0,10.3071182389,48.0
2016-10-25,1,0,23.0,30.0,0,50.0,49.1538461538,33.0,1.13460183228,83.0,9.8671650815,42.0
2016-10-26,2,0,21.0,31.0,1,50.0,49.3076923077,33.0,0.993965211218,83.0,9.73798759328,51.0
2016-10-27,3,0,22.0,32.0,1,50.0,49.3846153846,33.0,1.00534759358,83.0,9.74709788397,49.0
2016-10-28,4,0,21.0,31.0,1,50.0,49.9230769231,33.0,1.01247771836,83.0,9.51485913604,60.0
2016-10-29,5,1,17.0,23.0,0,50.0,49.1538461538,33.0,1.11809923131,83.0,8.16979572145,56.0
2016-10-30,6,1,16.0,26.0,1,50.0,49.0,33.0,1.13636363636,70.0,8.01920771072,39.0
2016-10-31,0,0,17.0,27.0,1,49.0,49.0769230769,33.0,1.06091718001,70.0,7.91747374688,56.0
