time_stamp,dayofweek,holiday,lt,ht,sunny,m2M,w2A,m1L,d3w3,m1Lar,w2Std,pay_sum
2016-08-01,0,0,28.0,36.0,1,77.0,72.6153846154,53.0,1.01232965607,101.0,11.371614198,54.0
2016-08-02,1,0,26.0,35.0,0,77.0,71.8461538462,53.0,0.969535245719,101.0,12.2339134807,82.0
2016-08-03,2,0,26.0,32.0,0,77.0,72.6153846154,53.0,0.977777777778,101.0,12.5302002043,56.0
2016-08-04,3,0,26.0,31.0,0,76.0,71.3076923077,53.0,0.871934604905,101.0,13.2861096661,75.0
2016-08-05,4,0,26.0,32.0,0,76.0,72.3846153846,53.0,0.969283276451,101.0,12.970608559,57.0
2016-08-06,5,1,26.0,32.0,0,76.0,69.3846153846,53.0,0.868560868561,101.0,11.5993266485,72.0
2016-08-07,6,1,26.0,33.0,0,75.0,69.9230769231,53.0,0.961810466761,101.0,11.5456387934,64.0
2016-08-08,0,0,26.0,33.0,1,75.0,70.7692307692,53.0,0.916429249763,101.0,10.6421068342,47.0
2016-08-09,1,0,26.0,33.0,1,75.0,67.7692307692,47.0,0.879596250901,101.0,11.3960441595,162.0
2016-08-10,2,0,27.0,34.0,1,75.0,74.3076923077,47.0,1.23222748815,162.0,27.6332704025,128.0
2016-08-11,3,0,28.0,36.0,1,76.0,79.3076923077,47.0,1.46649260226,162.0,30.8305158903,67.0
2016-08-12,4,0,28.0,36.0,1,76.0,79.0769230769,47.0,1.54746423927,162.0,30.9104451812,105.0
2016-08-13,5,1,29.0,36.0,1,77.0,81.0,47.0,1.29282482224,162.0,31.6762468639,140.0
2016-08-14,6,1,29.0,37.0,1,78.0,85.3076923077,47.0,1.2823674476,162.0,35.38227417,157.0
2016-08-15,0,0,28.0,36.0,1,78.0,93.2307692308,47.0,1.5527230591,162.0,38.8471439325,86.0
2016-08-16,1,0,27.0,36.0,1,78.0,93.5384615385,47.0,1.47933565083,162.0,38.7727409888,91.0
2016-08-17,2,0,27.0,35.0,1,78.0,96.2307692308,47.0,1.27969348659,162.0,37.2582543176,59.0
2016-08-18,3,0,28.0,36.0,1,77.0,95.0,47.0,0.906298003072,162.0,38.1918235309,82.0
2016-08-19,4,0,29.0,38.0,1,78.0,96.9230769231,47.0,0.884820747521,162.0,36.8353123604,96.0
2016-08-20,5,1,28.0,34.0,0,79.0,98.7692307692,47.0,0.895691609977,162.0,36.1346921439,98.0
2016-08-21,6,1,27.0,32.0,1,79.0,101.384615385,47.0,1.03487064117,162.0,34.7264883638,98.0
2016-08-22,0,0,26.0,33.0,0,79.0,105.307692308,47.0,1.06842297841,162.0,31.046824724,86.0
2016-08-23,1,0,26.0,34.0,1,80.0,99.4615384615,47.0,1.0295728368,162.0,26.6678007648,88.0
2016-08-24,2,0,25.0,34.0,1,80.0,96.3846153846,47.0,0.975959813419,162.0,25.4786138421,84.0
2016-08-25,3,0,24.0,34.0,1,80.0,97.6923076923,47.0,0.921264059989,162.0,24.3480677337,80.0
2016-08-26,4,0,22.0,28.0,0,80.0,95.7692307692,47.0,0.888888888889,162.0,24.6799633654,67.0
2016-08-27,5,1,19.0,28.0,1,80.0,90.1538461538,47.0,0.816976127321,162.0,22.152777752,76.0
2016-08-28,6,1,19.0,30.0,1,80.0,83.9230769231,47.0,0.783693551221,162.0,11.1179794682,94.0
2016-08-29,0,0,20.0,30.0,1,80.0,84.5384615385,47.0,0.812757201646,162.0,11.4328500021,92.0
2016-08-30,1,0,20.0,31.0,1,80.0,84.6153846154,47.0,0.932052650302,162.0,11.479335692,82.0
2016-08-31,2,0,21.0,32.0,1,81.0,86.3846153846,47.0,0.977388767323,162.0,8.8712019959,93.0
2016-09-01,3,0,21.0,33.0,1,81.0,87.2307692308,47.0,0.960086299892,162.0,8.93699180291,61.0
2016-09-02,4,0,21.0,34.0,1,81.0,84.5384615385,47.0,0.869244935543,162.0,10.9376933626,67.0
2016-09-03,5,1,22.0,35.0,1,81.0,82.1538461538,47.0,0.848205718672,162.0,11.1206402268,78.0
2016-09-04,6,1,21.0,31.0,1,81.0,80.6153846154,47.0,0.828307197427,162.0,10.1643302518,97.0
2016-09-05,0,0,21.0,31.0,1,81.0,81.4615384615,47.0,0.966646694628,162.0,11.0008068558,68.0
2016-09-06,1,0,20.0,26.0,0,80.0,79.9230769231,47.0,0.984204131227,162.0,11.3710938413,76.0
2016-09-07,2,0,21.0,30.0,1,80.0,79.3076923077,59.0,0.966125476047,162.0,11.3502600132,79.0
2016-09-08,3,0,22.0,31.0,1,80.0,79.2307692308,59.0,0.895582329317,157.0,11.3486959343,101.0
2016-09-09,4,0,22.0,32.0,1,80.0,81.8461538462,59.0,1.02502502503,157.0,12.1202066106,84.0
2016-09-10,5,1,21.0,31.0,1,80.0,82.4615384615,59.0,1.06602059358,157.0,12.0103505657,125.0
2016-09-11,6,1,20.0,31.0,1,80.0,84.8461538462,59.0,1.23162495034,157.0,16.3558794597,114.0
2016-09-12,0,0,21.0,30.0,1,80.0,86.5384615385,59.0,1.26221180148,157.0,18.0580916643,89.0
2016-09-13,1,0,22.0,32.0,1,80.0,87.0769230769,59.0,1.28099980473,125.0,18.0190563164,85.0
2016-09-14,2,0,22.0,30.0,1,82.0,86.4615384615,59.0,1.12412177986,125.0,17.9427096171,124.0
2016-09-15,3,1,21.0,24.0,0,82.0,91.3076923077,59.0,1.13394216134,125.0,18.8939738679,83.0
2016-09-16,4,1,20.0,26.0,0,82.0,92.5384615385,61.0,1.10105580694,125.0,17.7574053225,94.0
2016-09-17,5,1,20.0,29.0,1,82.0,93.7692307692,61.0,1.12355356476,125.0,17.2544480158,93.0
2016-09-18,6,0,20.0,30.0,1,83.0,93.4615384615,61.0,1.00840336134,125.0,17.2297389802,76.0
2016-09-19,0,0,17.0,27.0,1,83.0,94.0769230769,61.0,0.991143772376,125.0,16.4338372244,89.0
2016-09-20,1,0,17.0,26.0,1,84.0,95.0769230769,61.0,0.968468468468,125.0,15.6817460687,62.0
2016-09-21,2,0,17.0,26.0,1,83.0,93.7692307692,61.0,0.867239732569,125.0,17.563746955,87.0
2016-09-22,3,0,18.0,27.0,1,84.0,92.6923076923,61.0,0.895915678524,125.0,17.5165179864,87.0
2016-09-23,4,0,20.0,29.0,1,84.0,92.9230769231,61.0,0.878466406105,125.0,17.4199776493,76.0
2016-09-24,5,1,21.0,30.0,1,84.0,89.1538461538,61.0,0.93161915409,125.0,15.2358188987,103.0
2016-09-25,6,1,22.0,29.0,1,84.0,88.3076923077,61.0,0.987929433612,125.0,14.0951962105,105.0
2016-09-26,0,0,23.0,30.0,1,84.0,89.5384615385,61.0,1.03347889374,125.0,14.7836468105,77.0
2016-09-27,1,0,22.0,30.0,1,84.0,88.9230769231,61.0,1.03655210038,125.0,15.1223804519,71.0
2016-09-28,2,0,18.0,24.0,0,84.0,84.8461538462,61.0,0.924200913242,125.0,11.9218361637,59.0
2016-09-29,3,0,17.0,20.0,0,84.0,83.0,59.0,0.773976444195,125.0,13.7784670354,70.0
2016-09-30,4,0,16.0,19.0,0,84.0,81.1538461538,59.0,0.753721499906,125.0,13.7887699783,112.0
2016-10-01,5,1,19.0,23.0,0,85.0,82.6153846154,59.0,0.914958238421,125.0,15.823733205,87.0
2016-10-02,6,1,19.0,23.0,0,86.0,83.4615384615,59.0,1.03720840563,125.0,15.7412509747,77.0
2016-10-03,0,1,20.0,27.0,1,86.0,82.5384615385,59.0,1.07163657542,125.0,15.7412509747,84.0
2016-10-04,1,1,19.0,27.0,1,86.0,84.2307692308,59.0,0.963480963481,125.0,14.5821484444,72.0
2016-10-05,2,1,20.0,28.0,1,86.0,83.0769230769,59.0,0.933493589744,125.0,14.9072080575,76.0
2016-10-06,3,1,19.0,25.0,1,86.0,82.2307692308,59.0,0.93341380004,125.0,14.9725587256,92.0
2016-10-07,4,1,18.0,22.0,0,86.0,83.4615384615,59.0,0.966767371601,125.0,15.0671082653,93.0
2016-10-08,5,0,14.0,24.0,1,86.0,82.6923076923,59.0,1.05135951662,125.0,14.2849281271,71.0
2016-10-09,6,0,14.0,21.0,1,86.0,80.0769230769,59.0,1.03434343434,125.0,13.0175121011,70.0
2016-10-10,0,0,16.0,21.0,1,86.0,79.5384615385,59.0,0.95646842428,124.0,13.275862334,63.0
2016-10-11,1,0,15.0,20.0,1,85.0,78.9230769231,59.0,0.833333333333,124.0,13.8311884937,65.0
2016-10-12,2,0,16.0,20.0,0,84.0,79.3846153846,59.0,0.819875776398,124.0,13.2464129341,75.0
2016-10-13,3,0,15.0,20.0,0,84.0,79.7692307692,59.0,0.846891948269,124.0,13.0393124297,75.0
2016-10-14,4,0,17.0,19.0,0,84.0,76.9230769231,59.0,0.897516176164,112.0,9.15222998015,72.0
2016-10-15,5,1,17.0,22.0,0,83.0,75.7692307692,59.0,0.945083014049,112.0,8.74558214761,98.0
2016-10-16,6,1,15.0,23.0,0,84.0,77.3846153846,59.0,1.04768013684,112.0,10.5723766452,107.0
2016-10-17,0,0,17.0,22.0,1,84.0,79.1538461538,59.0,1.16215649255,112.0,13.1432706025,74.0
2016-10-18,1,0,18.0,23.0,1,84.0,79.3076923077,59.0,1.16834170854,112.0,13.0701339843,74.0
2016-10-19,2,0,19.0,23.0,0,83.0,79.1538461538,59.0,1.05787181083,112.0,13.1198390811,88.0
2016-10-20,3,0,19.0,21.0,0,83.0,78.8461538462,59.0,0.968205128205,112.0,12.8592747364,18.0
2016-10-21,4,0,19.0,22.0,0,82.0,73.0769230769,18.0,0.783801436969,112.0,20.0363574859,94.0
2016-10-22,5,1,16.0,20.0,0,82.0,74.8461538462,18.0,0.86692674469,112.0,20.7766368562,94.0
2016-10-23,6,1,14.0,16.0,0,82.0,76.6923076923,18.0,0.883172561629,112.0,21.3230991231,93.0
2016-10-24,0,0,14.0,18.0,0,83.0,79.0,18.0,1.19778346121,112.0,21.339742627,66.0
2016-10-25,1,0,16.0,18.0,0,83.0,79.0769230769,18.0,1.08258451006,112.0,21.2908847902,52.0
2016-10-26,2,0,14.0,17.0,0,83.0,77.3076923077,18.0,0.916992611908,112.0,22.4786552273,69.0
2016-10-27,3,0,14.0,17.0,0,82.0,76.8461538462,18.0,0.825060666225,112.0,22.5826555427,74.0
2016-10-28,4,0,8.0,14.0,0,79.0,77.0,18.0,0.871313672922,112.0,22.5559134324,79.0
2016-10-29,5,1,8.0,10.0,0,79.0,75.5384615385,18.0,0.986666666667,112.0,21.748971274,93.0
2016-10-30,6,1,12.0,17.0,1,79.0,74.4615384615,18.0,1.07682206172,107.0,20.4736806079,122.0
2016-10-31,0,0,8.0,15.0,0,79.0,78.1538461538,18.0,1.2389380531,122.0,24.0699178799,72.0
