time_stamp,dayofweek,holiday,lt,ht,sunny,m2M,w2A,m1L,d3w3,m1Lar,w2Std,pay_sum
2016-08-01,0,0,24.0,30.0,1,69.0,87.7692307692,48.0,1.07473749228,127.0,23.5180907328,108.0
2016-08-02,1,0,24.0,33.0,1,71.0,91.1538461538,48.0,0.97013429545,127.0,23.0145310413,80.0
2016-08-03,2,0,25.0,34.0,1,73.0,93.4615384615,48.0,0.988395358143,127.0,20.0906230888,110.0
2016-08-04,3,0,25.0,33.0,1,73.0,96.0,48.0,1.17345934239,127.0,19.9345081551,85.0
2016-08-05,4,0,25.0,32.0,1,74.0,93.9230769231,48.0,1.07275209674,127.0,19.5623718023,102.0
2016-08-06,5,1,24.0,33.0,1,74.0,95.7692307692,48.0,1.12308564946,127.0,19.0995523353,85.0
2016-08-07,6,1,23.0,31.0,1,75.0,96.6153846154,48.0,1.01644245142,127.0,18.3451459165,64.0
2016-08-08,0,0,24.0,32.0,1,75.0,93.4615384615,48.0,0.942723004695,127.0,20.0753020271,91.0
2016-08-09,1,0,25.0,33.0,1,75.0,92.6923076923,48.0,0.887902330744,127.0,19.9629834959,91.0
2016-08-10,2,0,26.0,33.0,1,77.0,90.3846153846,48.0,0.889853499729,127.0,18.2146959329,96.0
2016-08-11,3,0,27.0,34.0,1,77.0,90.2307692308,48.0,0.995345506624,127.0,18.1580829476,105.0
2016-08-12,4,0,25.0,29.0,0,77.0,88.5384615385,48.0,1.04941599281,127.0,15.4800883749,100.0
2016-08-13,5,1,24.0,31.0,0,78.0,90.4615384615,48.0,1.06908186823,127.0,15.229603685,68.0
2016-08-14,6,1,24.0,33.0,1,78.0,91.1538461538,48.0,0.972741849278,127.0,13.933060594,76.0
2016-08-15,0,0,21.0,29.0,0,78.0,88.6923076923,50.0,0.883098081795,127.0,13.5611697668,107.0
2016-08-16,1,0,23.0,31.0,1,78.0,90.7692307692,50.0,0.905483405483,127.0,14.1266461051,88.0
2016-08-17,2,0,23.0,28.0,0,80.0,89.0769230769,50.0,0.995408631772,127.0,12.9938538043,107.0
2016-08-18,3,0,22.0,24.0,0,81.0,90.7692307692,50.0,1.10380116959,127.0,13.7625682205,83.0
2016-08-19,4,0,22.0,32.0,1,83.0,89.3076923077,59.0,1.04119850187,127.0,13.4986302176,102.0
2016-08-20,5,1,23.0,31.0,1,83.0,90.6153846154,59.0,1.07729201254,127.0,13.8371765769,89.0
2016-08-21,6,1,23.0,34.0,1,83.0,92.5384615385,59.0,0.99437488659,127.0,11.5533237616,62.0
2016-08-22,0,0,23.0,32.0,1,83.0,90.3076923077,59.0,0.941745765866,127.0,14.1442275009,118.0
2016-08-23,1,0,24.0,30.0,0,83.0,92.3846153846,59.0,0.980499362129,127.0,15.9592676791,130.0
2016-08-24,2,0,24.0,31.0,0,85.0,95.0,59.0,1.11772129079,130.0,18.8598066717,89.0
2016-08-25,3,0,18.0,30.0,1,85.0,93.7692307692,59.0,1.21244828207,130.0,18.688350325,106.0
2016-08-26,4,0,17.0,29.0,1,86.0,94.2307692308,59.0,1.16675641716,130.0,18.9093133185,104.0
2016-08-27,5,1,20.0,32.0,1,88.0,97.0,59.0,1.06254442075,130.0,17.4444172247,69.0
2016-08-28,6,1,18.0,31.0,1,88.0,96.4615384615,59.0,0.988835725678,130.0,18.1769735342,58.0
2016-08-29,0,0,19.0,31.0,1,88.0,92.6923076923,58.0,0.833333333333,130.0,20.5290961073,107.0
2016-08-30,1,0,19.0,31.0,1,88.0,94.1538461538,58.0,0.836909871245,130.0,20.8173232368,98.0
2016-08-31,2,0,19.0,33.0,1,88.0,93.4615384615,58.0,0.939621293319,130.0,20.5262135765,73.0
2016-09-01,3,0,19.0,27.0,1,88.0,92.6923076923,58.0,1.01054162123,130.0,21.0836597881,95.0
2016-09-02,4,0,19.0,28.0,1,88.0,92.1538461538,58.0,0.969564425005,130.0,20.9278840632,90.0
2016-09-03,5,1,20.0,30.0,1,88.0,92.2307692308,58.0,0.929227444625,130.0,20.9179858059,34.0
2016-09-04,6,1,18.0,29.0,0,88.0,90.0769230769,34.0,0.807075732449,130.0,24.9690933216,51.0
2016-09-05,0,0,20.0,31.0,1,88.0,84.9230769231,34.0,0.665525765355,130.0,25.5808267698,94.0
2016-09-06,1,0,21.0,30.0,1,88.0,82.1538461538,34.0,0.678415766534,130.0,22.2877895299,87.0
2016-09-07,2,0,19.0,31.0,1,88.0,82.0,34.0,0.889400038336,130.0,22.2468666765,90.0
2016-09-08,3,0,18.0,31.0,1,88.0,80.7692307692,34.0,1.03474608629,130.0,21.3078311576,88.0
2016-09-09,4,0,19.0,31.0,1,88.0,79.5384615385,34.0,1.02001539646,130.0,20.3719844757,83.0
2016-09-10,5,1,18.0,30.0,1,88.0,80.6153846154,34.0,1.00811123986,130.0,20.155314098,61.0
2016-09-11,6,1,18.0,25.0,0,88.0,80.8461538462,34.0,0.896618357488,130.0,19.9107475958,53.0
2016-09-12,0,0,18.0,27.0,1,88.0,76.6923076923,34.0,0.791164658635,130.0,19.6523031157,80.0
2016-09-13,1,0,19.0,27.0,1,88.0,75.3076923077,34.0,0.8033126294,130.0,18.7139792068,61.0
2016-09-14,2,0,20.0,30.0,1,88.0,74.3846153846,34.0,0.817530552044,130.0,19.0970737248,82.0
2016-09-15,3,1,21.0,30.0,1,88.0,73.3846153846,34.0,0.954214805306,130.0,18.3157706805,48.0
2016-09-16,4,1,20.0,30.0,0,88.0,70.1538461538,34.0,0.847758544163,130.0,18.7978974023,35.0
2016-09-17,5,1,17.0,24.0,1,88.0,70.2307692308,34.0,0.74931880109,130.0,18.6512686562,30.0
2016-09-18,6,0,15.0,22.0,0,88.0,68.6153846154,30.0,0.523148148148,130.0,21.0074655651,58.0
2016-09-19,0,0,13.0,25.0,1,88.0,65.8461538462,30.0,0.58950395399,130.0,19.8178092162,48.0
2016-09-20,1,0,14.0,26.0,1,88.0,62.8461538462,30.0,0.676112353965,130.0,19.3344895254,64.0
2016-09-21,2,0,16.0,23.0,0,88.0,60.8461538462,30.0,0.850850850851,130.0,17.6976580539,72.0
2016-09-22,3,0,17.0,26.0,0,88.0,59.6153846154,30.0,0.937102113573,107.0,16.2648202787,86.0
2016-09-23,4,0,19.0,27.0,1,87.0,59.8461538462,30.0,1.13409961686,107.0,16.6125353682,71.0
2016-09-24,5,1,20.0,29.0,1,86.0,60.6153846154,30.0,1.13760556384,107.0,16.8775611688,54.0
2016-09-25,6,1,19.0,27.0,1,85.0,60.6923076923,30.0,1.0458488228,107.0,16.8449244371,40.0
2016-09-26,0,0,19.0,24.0,0,85.0,57.6153846154,30.0,0.852052672347,107.0,16.6896488489,78.0
2016-09-27,1,0,12.0,23.0,1,83.0,58.9230769231,30.0,0.894435777431,107.0,17.5475684858,86.0
2016-09-28,2,0,10.0,20.0,1,85.0,59.2307692308,30.0,1.0641627543,98.0,17.979278013,69.0
2016-09-29,3,0,12.0,22.0,1,85.0,60.8461538462,30.0,1.233783426,95.0,17.840516351,79.0
2016-09-30,4,0,14.0,24.0,1,83.0,64.2307692308,30.0,1.24302788845,95.0,16.7568761829,101.0
2016-10-01,5,1,15.0,26.0,1,85.0,69.6923076923,30.0,1.28185328185,101.0,16.2735491632,45.0
2016-10-02,6,1,16.0,26.0,1,83.0,68.6923076923,30.0,1.1655011655,101.0,17.3266562773,39.0
2016-10-03,0,1,16.0,28.0,1,83.0,68.0,30.0,0.989834135902,101.0,18.2924953086,35.0
2016-10-04,1,1,11.0,19.0,0,82.0,65.7692307692,30.0,0.650273224044,101.0,20.3021554223,29.0
2016-10-05,2,1,13.0,21.0,1,80.0,62.4615384615,29.0,0.588403313339,101.0,22.4109018272,53.0
2016-10-06,3,1,14.0,17.0,0,80.0,59.9230769231,29.0,0.665529010239,101.0,21.4492658596,38.0
2016-10-07,4,1,12.0,16.0,0,79.0,57.3846153846,29.0,0.68085106383,101.0,21.9353541871,36.0
2016-10-08,5,0,5.0,19.0,1,78.0,56.0,29.0,0.716906576348,101.0,22.6613870171,71.0
2016-10-09,6,0,8.0,18.0,1,76.0,58.3846153846,29.0,0.809603573423,101.0,22.4826033995,59.0
2016-10-10,0,0,10.0,20.0,1,73.0,56.9230769231,29.0,0.918395573997,101.0,21.7661046954,78.0
2016-10-11,1,0,10.0,20.0,1,73.0,56.3076923077,29.0,1.13754443533,101.0,21.0361762224,53.0
2016-10-12,2,0,10.0,19.0,1,73.0,55.0769230769,29.0,1.05555555556,101.0,20.7233110603,69.0
2016-10-13,3,0,12.0,22.0,1,72.0,54.3076923077,29.0,1.12707805015,101.0,19.9937860169,73.0
2016-10-14,4,0,13.0,23.0,1,72.0,52.1538461538,29.0,1.0970464135,101.0,15.9462855759,82.0
2016-10-15,5,1,11.0,17.0,0,72.0,55.0,29.0,1.2311074471,101.0,17.6286480131,64.0
2016-10-16,6,1,12.0,20.0,1,71.0,56.9230769231,29.0,1.18027485853,101.0,17.1350362549,51.0
2016-10-17,0,0,9.0,21.0,1,71.0,58.1538461538,29.0,1.08539944904,101.0,16.0568516592,71.0
2016-10-18,1,0,12.0,20.0,1,71.0,61.3846153846,29.0,1.03765690377,101.0,13.9534305765,73.0
2016-10-19,2,0,14.0,22.0,1,71.0,62.9230769231,29.0,1.08423686405,101.0,14.0464150283,76.0
2016-10-20,3,0,11.0,15.0,0,71.0,65.8461538462,29.0,1.22630992196,101.0,12.4149175396,56.0
2016-10-21,4,0,11.0,11.0,0,71.0,67.3846153846,29.0,1.18737329858,101.0,9.52356156341,84.0
2016-10-22,5,1,7.0,15.0,1,71.0,68.3846153846,29.0,1.21008403361,101.0,10.484702861,59.0
2016-10-23,6,1,0.0,5.0,1,69.0,68.3846153846,29.0,1.09641873278,101.0,10.484702861,59.0
2016-10-24,0,0,6.0,13.0,1,69.0,66.9230769231,29.0,1.09130199892,101.0,10.3660803249,61.0
2016-10-25,1,0,10.0,17.0,1,69.0,67.5384615385,29.0,0.942601369142,101.0,9.73981033314,68.0
2016-10-26,2,0,0.0,10.0,1,68.0,67.4615384615,29.0,0.978402289878,101.0,9.73190932816,65.0
2016-10-27,3,0,7.0,11.0,0,68.0,66.8461538462,29.0,0.98878695209,101.0,9.61446149415,74.0
2016-10-28,4,0,2.0,13.0,1,68.0,66.2307692308,29.0,1.02526002972,101.0,8.8505006043,46.0
2016-10-29,5,1,2.0,12.0,1,65.0,64.8461538462,29.0,0.933636134242,101.0,10.3689340291,55.0
2016-10-30,6,1,2.0,13.0,1,64.0,65.1538461538,29.0,0.885851683118,84.0,10.0065067588,36.0
2016-10-31,0,0,-4.0,6.0,1,64.0,62.4615384615,29.0,0.716339869281,84.0,12.4753010422,58.0
