time_stamp,dayofweek,holiday,lt,ht,sunny,m2M,w2A,m1L,d3w3,m1Lar,w2Std,pay_sum
2016-08-01,0,0,28.0,36.0,1,61.0,60.4615384615,32.0,1.08137334415,93.0,13.3105821673,56.0
2016-08-02,1,0,27.0,36.0,0,61.0,60.6923076923,32.0,1.05034013605,91.0,13.2048045766,66.0
2016-08-03,2,0,26.0,32.0,0,61.0,60.0769230769,32.0,1.02024291498,91.0,12.7488252156,71.0
2016-08-04,3,0,26.0,33.0,0,61.0,63.0769230769,32.0,1.04015090272,91.0,10.1030196435,88.0
2016-08-05,4,0,27.0,33.0,0,62.0,66.0,32.0,1.19047619048,91.0,11.3205055609,61.0
2016-08-06,5,1,26.0,33.0,0,62.0,64.5384615385,32.0,1.18375033629,91.0,10.6237425291,112.0
2016-08-07,6,1,27.0,35.0,1,63.0,67.1538461538,32.0,1.35408560311,112.0,16.2899032147,90.0
2016-08-08,0,0,27.0,34.0,0,63.0,70.5384615385,32.0,1.31829573935,112.0,16.1131355141,27.0
2016-08-09,1,0,27.0,34.0,1,63.0,68.5384615385,27.0,1.17075664622,112.0,19.4367430978,294.0
2016-08-10,2,0,28.0,35.0,1,64.0,86.9230769231,27.0,1.79790026247,294.0,62.7368883494,241.0
2016-08-11,3,0,28.0,35.0,1,64.0,100.461538462,27.0,2.16195422197,294.0,74.4431795549,274.0
2016-08-12,4,0,28.0,36.0,1,65.0,116.692307692,27.0,2.75591892352,294.0,86.527349714,250.0
2016-08-13,5,1,28.0,36.0,1,65.0,130.538461538,27.0,2.39774330042,294.0,92.1659167644,234.0
2016-08-14,6,1,28.0,37.0,1,66.0,143.384615385,27.0,2.21346181924,294.0,94.0339860505,259.0
2016-08-15,0,0,27.0,36.0,1,66.0,159.0,27.0,1.98450854701,294.0,95.0756783588,81.0
2016-08-16,1,0,27.0,36.0,1,67.0,160.153846154,27.0,1.51611199155,294.0,94.0252389634,86.0
2016-08-17,2,0,27.0,36.0,1,67.0,161.307692308,27.0,1.11154598826,294.0,93.0106566396,93.0
2016-08-18,3,0,28.0,36.0,1,67.0,161.692307692,27.0,0.671054329591,294.0,92.7165943287,70.0
2016-08-19,4,0,29.0,37.0,1,67.0,162.384615385,27.0,0.640926640927,294.0,91.992924863,70.0
2016-08-20,5,1,28.0,37.0,0,69.0,159.153846154,27.0,0.599742599743,294.0,94.4114124081,102.0
2016-08-21,6,1,28.0,35.0,0,69.0,160.076923077,27.0,0.614603174603,294.0,93.7873712496,91.0
2016-08-22,0,0,27.0,35.0,1,69.0,165.0,27.0,0.659147869674,294.0,88.1851199728,53.0
2016-08-23,1,0,26.0,35.0,1,67.0,146.461538462,27.0,0.619569323763,294.0,84.366978032,65.0
2016-08-24,2,0,25.0,34.0,1,67.0,132.923076923,27.0,0.52757793765,294.0,82.2037445698,66.0
2016-08-25,3,0,26.0,35.0,1,66.0,116.923076923,27.0,0.468372152221,294.0,72.9040059451,77.0
2016-08-26,4,0,24.0,32.0,0,67.0,103.615384615,27.0,0.526249209361,294.0,62.4358605802,71.0
2016-08-27,5,1,23.0,30.0,1,67.0,91.0769230769,27.0,0.549987149833,294.0,50.1512505227,87.0
2016-08-28,6,1,20.0,31.0,1,69.0,77.8461538462,27.0,0.604657146533,294.0,13.1257008829,77.0
2016-08-29,0,0,20.0,32.0,1,70.0,77.5384615385,27.0,0.593209642812,294.0,13.0950101161,53.0
2016-08-30,1,0,21.0,31.0,1,70.0,75.0,27.0,0.602777777778,294.0,14.3473396087,47.0
2016-08-31,2,0,23.0,33.0,1,69.0,71.4615384615,27.0,0.534904805077,294.0,15.1231630016,47.0
2016-09-01,3,0,24.0,33.0,1,67.0,69.6923076923,27.0,0.495199595755,294.0,16.475551189,47.0
2016-09-02,4,0,24.0,34.0,1,67.0,67.9230769231,27.0,0.529279279279,294.0,17.5475684858,56.0
2016-09-03,5,1,22.0,34.0,1,67.0,64.3846153846,27.0,0.625782227785,294.0,14.7311207028,72.0
2016-09-04,6,1,23.0,32.0,1,69.0,62.9230769231,27.0,0.8268367588,294.0,12.839012294,87.0
2016-09-05,0,0,24.0,32.0,1,70.0,65.5384615385,27.0,1.0115266996,294.0,13.9648756342,57.0
2016-09-06,1,0,21.0,26.0,0,70.0,64.9230769231,27.0,1.03746397695,294.0,14.1500831118,55.0
2016-09-07,2,0,21.0,25.0,0,69.0,64.0769230769,47.0,0.982716049383,294.0,14.387288933,48.0
2016-09-08,3,0,21.0,30.0,1,67.0,61.8461538462,47.0,0.803212851406,274.0,14.4586740207,72.0
2016-09-09,4,0,22.0,32.0,1,69.0,61.9230769231,47.0,0.877192982456,274.0,14.5097396386,56.0
2016-09-10,5,1,23.0,29.0,1,69.0,59.5384615385,47.0,0.913811007269,259.0,12.6163226668,62.0
2016-09-11,6,1,21.0,28.0,1,69.0,58.3846153846,47.0,1.00929614874,259.0,11.6125824434,84.0
2016-09-12,0,0,21.0,29.0,1,70.0,60.7692307692,47.0,1.04717470192,259.0,13.3194701105,43.0
2016-09-13,1,0,21.0,30.0,1,70.0,60.4615384615,43.0,0.996835443038,102.0,13.6754433741,60.0
2016-09-14,2,0,21.0,24.0,0,67.0,61.4615384615,43.0,0.990990990991,102.0,13.1184859857,51.0
2016-09-15,3,1,21.0,25.0,0,67.0,61.7692307692,43.0,0.833333333333,102.0,12.8191794178,57.0
2016-09-16,4,1,22.0,25.0,0,67.0,61.8461538462,43.0,0.919540229885,102.0,12.7872902876,58.0
2016-09-17,5,1,21.0,27.0,1,67.0,60.7692307692,43.0,0.930754135128,102.0,12.4724548577,70.0
2016-09-18,6,0,21.0,27.0,1,67.0,59.4615384615,43.0,1.04342921602,102.0,10.3672219008,46.0
2016-09-19,0,0,20.0,26.0,1,67.0,58.6153846154,43.0,0.987234042553,91.0,10.9652490346,56.0
2016-09-20,1,0,19.0,26.0,1,67.0,58.6923076923,43.0,0.968468468468,87.0,10.9431019044,44.0
2016-09-21,2,0,18.0,26.0,1,66.0,58.3846153846,43.0,0.824160316116,87.0,11.2901486094,59.0
2016-09-22,3,0,17.0,27.0,1,66.0,57.3846153846,43.0,0.888516345348,87.0,10.5941817235,58.0
2016-09-23,4,0,19.0,27.0,1,66.0,57.5384615385,43.0,0.898186889819,87.0,10.5874772517,62.0
2016-09-24,5,1,19.0,28.0,1,66.0,57.5384615385,43.0,1.0070323488,87.0,10.5874772517,76.0
2016-09-25,6,1,21.0,29.0,1,66.0,56.9230769231,43.0,1.11300397501,87.0,9.169024262,80.0
2016-09-26,0,0,23.0,30.0,1,67.0,59.7692307692,43.0,1.2141464773,87.0,10.1006766426,47.0
2016-09-27,1,0,23.0,30.0,1,67.0,58.7692307692,43.0,1.13821138211,87.0,10.6565533911,39.0
2016-09-28,2,0,21.0,26.0,0,66.0,57.8461538462,39.0,0.937853107345,87.0,11.7528795414,48.0
2016-09-29,3,0,20.0,23.0,0,66.0,57.1538461538,39.0,0.772779700115,87.0,12.043805646,51.0
2016-09-30,4,0,21.0,24.0,0,66.0,56.6153846154,39.0,0.799304952215,87.0,12.1499506902,69.0
2016-10-01,5,1,22.0,25.0,0,66.0,56.5384615385,39.0,0.967184801382,87.0,12.0678554886,80.0
2016-10-02,6,1,21.0,30.0,0,66.0,59.1538461538,39.0,1.15540150202,87.0,13.1374166401,52.0
2016-10-03,0,1,19.0,25.0,1,65.0,58.8461538462,39.0,1.15219260533,87.0,13.2540046421,45.0
2016-10-04,1,1,21.0,27.0,1,65.0,58.9230769231,39.0,1.02787456446,84.0,13.1702551722,29.0
2016-10-05,2,1,20.0,28.0,1,62.0,56.6153846154,29.0,0.746003552398,84.0,15.3949964976,45.0
2016-10-06,3,1,20.0,25.0,1,62.0,55.6153846154,29.0,0.712148414123,84.0,15.6919306139,62.0
2016-10-07,4,1,18.0,22.0,0,62.0,55.6153846154,29.0,0.810971973763,84.0,15.6919306139,59.0
2016-10-08,5,0,16.0,23.0,1,62.0,54.3076923077,29.0,0.999698885878,84.0,14.6097154997,53.0
2016-10-09,6,0,14.0,21.0,1,60.0,52.2307692308,29.0,1.04129263914,84.0,12.5890907972,45.0
2016-10-10,0,0,15.0,22.0,1,59.0,52.0769230769,29.0,0.948927168329,84.0,12.6640711552,51.0
2016-10-11,1,0,17.0,23.0,1,59.0,53.0,29.0,0.894894894895,80.0,12.1021295011,38.0
2016-10-12,2,0,17.0,22.0,1,58.0,52.2307692308,29.0,0.820324456688,80.0,12.698599839,47.0
2016-10-13,3,0,17.0,20.0,1,58.0,51.9230769231,29.0,0.841063698207,80.0,12.7729373675,60.0
2016-10-14,4,0,18.0,21.0,1,58.0,51.2307692308,29.0,0.898389095415,80.0,12.0521549057,34.0
2016-10-15,5,1,19.0,21.0,0,57.0,47.6923076923,29.0,0.909090909091,80.0,9.58672652389,52.0
2016-10-16,6,1,18.0,25.0,1,57.0,47.6923076923,29.0,0.967528164347,80.0,9.58672652389,67.0
2016-10-17,0,0,18.0,25.0,1,57.0,49.3846153846,29.0,0.994152046784,80.0,10.8240363688,68.0
2016-10-18,1,0,18.0,24.0,1,57.0,52.3846153846,29.0,1.18167456556,80.0,10.141601008,45.0
2016-10-19,2,0,19.0,22.0,0,56.0,52.3846153846,29.0,1.14068441065,80.0,10.141601008,53.0
2016-10-20,3,0,19.0,22.0,0,56.0,51.6923076923,29.0,1.04996837445,80.0,9.76165666413,47.0
2016-10-21,4,0,20.0,22.0,0,56.0,50.7692307692,29.0,0.93669250646,80.0,9.59289678038,60.0
2016-10-22,5,1,19.0,22.0,0,56.0,51.3076923077,29.0,1.05401844532,80.0,9.89471199398,74.0
2016-10-23,6,1,16.0,22.0,1,56.0,53.5384615385,29.0,1.16698903933,80.0,11.3788966926,72.0
2016-10-24,0,0,17.0,23.0,1,56.0,55.1538461538,29.0,1.29437637449,80.0,12.3528019484,50.0
2016-10-25,1,0,16.0,19.0,1,56.0,56.0769230769,29.0,1.20764017252,80.0,11.451983627,41.0
2016-10-26,2,0,17.0,20.0,0,55.0,55.6153846154,29.0,1.00803957947,80.0,11.9198506801,45.0
2016-10-27,3,0,16.0,19.0,0,53.0,54.4615384615,29.0,0.854539742381,80.0,12.1630928798,52.0
2016-10-28,4,0,14.0,18.0,0,53.0,55.8461538462,29.0,0.872865275142,80.0,10.6903706048,60.0
2016-10-29,5,1,9.0,13.0,0,55.0,56.4615384615,29.0,0.986490732014,80.0,10.6815108742,48.0
2016-10-30,6,1,13.0,18.0,1,55.0,55.0,29.0,1.00250626566,80.0,10.4366219115,47.0
2016-10-31,0,0,11.0,16.0,0,55.0,53.3846153846,29.0,0.974842767296,74.0,9.91144219529,23.0
