time_stamp,dayofweek,holiday,lt,ht,sunny,m2M,w2A,m1L,d3w3,m1Lar,w2Std,pay_sum
2016-08-01,0,0,28.0,34.0,1,56.0,58.4615384615,42.0,1.11111111111,71.0,6.62878785317,63.0
2016-08-02,1,0,28.0,34.0,0,56.0,59.1538461538,42.0,1.07413893754,71.0,6.59657433062,54.0
2016-08-03,2,0,26.0,32.0,0,56.0,59.0769230769,42.0,1.0090405366,71.0,6.65017684509,55.0
2016-08-04,3,0,27.0,32.0,0,56.0,59.2307692308,42.0,0.997969248622,71.0,6.52985859376,64.0
2016-08-05,4,0,27.0,33.0,0,56.0,58.7692307692,42.0,0.996830884471,71.0,5.93754476782,71.0
2016-08-06,5,1,27.0,33.0,1,57.0,60.0,42.0,1.08447488584,71.0,6.64483605169,55.0
2016-08-07,6,1,27.0,34.0,1,56.0,60.6153846154,42.0,1.08820160367,71.0,5.71823616617,63.0
2016-08-08,0,0,27.0,34.0,0,57.0,61.0,42.0,1.06329113924,71.0,5.69750282681,75.0
2016-08-09,1,0,28.0,34.0,1,57.0,62.6153846154,42.0,1.06688778331,75.0,6.41558752677,60.0
2016-08-10,2,0,28.0,34.0,1,57.0,62.7692307692,42.0,1.09000825764,75.0,6.32642621383,63.0
2016-08-11,3,0,28.0,35.0,1,57.0,62.3846153846,42.0,1.08108108108,75.0,6.14614903244,60.0
2016-08-12,4,0,28.0,34.0,1,57.0,61.8461538462,42.0,1.00743187448,75.0,6.0236221386,70.0
2016-08-13,5,1,28.0,35.0,1,57.0,62.2307692308,42.0,1.0494834149,75.0,6.36279868459,65.0
2016-08-14,6,1,28.0,36.0,1,57.0,62.9230769231,42.0,1.04501607717,75.0,6.132655824,63.0
2016-08-15,0,0,28.0,35.0,1,57.0,62.9230769231,42.0,1.05684547638,75.0,6.132655824,49.0
2016-08-16,1,0,28.0,35.0,1,56.0,62.5384615385,42.0,0.948553054662,75.0,6.80062649394,57.0
2016-08-17,2,0,28.0,35.0,1,56.0,62.6923076923,47.0,0.906409224993,75.0,6.64928701076,56.0
2016-08-18,3,0,28.0,36.0,1,56.0,62.0769230769,47.0,0.877335499594,75.0,6.86643495521,59.0
2016-08-19,4,0,29.0,36.0,1,56.0,61.1538461538,47.0,0.937585173072,75.0,6.39526452025,65.0
2016-08-20,5,1,28.0,37.0,0,57.0,61.9230769231,47.0,0.981193785773,75.0,6.20745876979,73.0
2016-08-21,6,1,28.0,35.0,0,57.0,62.6923076923,47.0,1.05913978495,75.0,6.8767681965,66.0
2016-08-22,0,0,28.0,35.0,1,57.0,62.0,47.0,1.09412711183,75.0,6.0,48.0
2016-08-23,1,0,26.0,34.0,1,57.0,61.0769230769,48.0,1.00781460523,75.0,7.06520769428,57.0
2016-08-24,2,0,26.0,34.0,1,57.0,60.6153846154,48.0,0.9200968523,75.0,7.1202685941,59.0
2016-08-25,3,0,27.0,35.0,1,57.0,60.5384615385,48.0,0.886007563479,75.0,7.13189353015,50.0
2016-08-26,4,0,26.0,34.0,0,57.0,59.0,48.0,0.912338554548,75.0,7.08193802245,64.0
2016-08-27,5,1,23.0,31.0,1,57.0,58.9230769231,48.0,0.943807965085,75.0,7.02152228138,68.0
2016-08-28,6,1,22.0,30.0,1,58.0,59.3076923077,48.0,0.988861722358,75.0,7.36294898471,66.0
2016-08-29,0,0,23.0,31.0,1,58.0,60.6153846154,48.0,1.08374384236,75.0,6.9119568813,60.0
2016-08-30,1,0,23.0,31.0,1,58.0,60.8461538462,48.0,1.06185002737,75.0,6.8370726287,56.0
2016-08-31,2,0,25.0,34.0,1,58.0,60.8461538462,48.0,1.00192678227,75.0,6.8370726287,53.0
2016-09-01,3,0,26.0,33.0,1,58.0,60.3846153846,48.0,0.9357696567,75.0,7.14184270058,55.0
2016-09-02,4,0,25.0,34.0,1,58.0,59.6153846154,48.0,0.919540229885,75.0,7.14184270058,71.0
2016-09-03,5,1,25.0,35.0,1,58.0,59.4615384615,48.0,0.998605299861,75.0,6.86815824171,76.0
2016-09-04,6,1,25.0,33.0,1,58.0,60.2307692308,48.0,1.11479028698,76.0,8.02068332168,66.0
2016-09-05,0,0,25.0,30.0,0,59.0,61.6153846154,48.0,1.15918367347,76.0,7.31214439281,39.0
2016-09-06,1,0,22.0,27.0,0,58.0,60.2307692308,39.0,0.999723833195,76.0,9.4474566879,52.0
2016-09-07,2,0,20.0,24.0,0,58.0,59.6923076923,39.0,0.870047104461,76.0,9.69841077691,21.0
2016-09-08,3,0,22.0,29.0,1,58.0,57.4615384615,21.0,0.640915593705,76.0,14.0363012036,59.0
2016-09-09,4,0,23.0,31.0,1,59.0,57.0769230769,21.0,0.759275237274,76.0,13.9198891378,65.0
2016-09-10,5,1,24.0,29.0,1,59.0,56.8461538462,21.0,0.839849406313,76.0,13.7608483294,30.0
2016-09-11,6,1,23.0,26.0,0,59.0,54.0769230769,21.0,0.920777279522,76.0,15.1883636555,50.0
2016-09-12,0,0,23.0,29.0,1,59.0,53.3076923077,21.0,0.86541330946,76.0,15.1219891619,47.0
2016-09-13,1,0,23.0,30.0,1,59.0,52.6153846154,21.0,0.764829870521,76.0,15.1887532356,64.0
2016-09-14,2,0,22.0,24.0,0,59.0,53.4615384615,21.0,0.965227817746,76.0,15.490023512,57.0
2016-09-15,3,1,23.0,26.0,0,59.0,53.6153846154,21.0,1.00089365505,76.0,15.5144521286,38.0
2016-09-16,4,1,23.0,27.0,0,59.0,51.0769230769,21.0,0.969807868253,76.0,15.1579455603,71.0
2016-09-17,5,1,23.0,27.0,0,59.0,50.6923076923,21.0,1.0097323601,76.0,14.5728124913,42.0
2016-09-18,6,0,23.0,28.0,0,59.0,48.8461538462,21.0,0.939054726368,76.0,14.0266019452,57.0
2016-09-19,0,0,21.0,27.0,0,59.0,50.2307692308,21.0,1.06018085438,76.0,13.8739038162,49.0
2016-09-20,1,0,20.0,26.0,1,59.0,50.0,21.0,0.929064657878,76.0,13.8675049056,58.0
2016-09-21,2,0,20.0,27.0,1,59.0,52.8461538462,21.0,1.02467978757,76.0,11.155172335,60.0
2016-09-22,3,0,21.0,27.0,1,59.0,52.9230769231,21.0,1.03855721393,76.0,11.2006973578,62.0
2016-09-23,4,0,21.0,27.0,1,59.0,52.6923076923,21.0,1.12888052681,76.0,10.9781924769,59.0
2016-09-24,5,1,22.0,28.0,1,59.0,54.9230769231,21.0,1.15360101976,76.0,8.88786154484,55.0
2016-09-25,6,1,23.0,29.0,1,59.0,55.3076923077,21.0,1.13365539452,76.0,8.77395284468,55.0
2016-09-26,0,0,24.0,31.0,1,59.0,55.9230769231,21.0,1.07199492547,76.0,8.44403784619,54.0
2016-09-27,1,0,25.0,30.0,0,59.0,55.1538461538,21.0,1.03830326053,76.0,8.12258156998,48.0
2016-09-28,2,0,22.0,28.0,0,59.0,54.4615384615,21.0,0.969135802469,76.0,8.31694641278,40.0
2016-09-29,3,0,22.0,25.0,0,59.0,54.6153846154,21.0,0.892240025134,76.0,8.02437116193,51.0
2016-09-30,4,0,23.0,28.0,0,58.0,53.0769230769,21.0,0.885068449538,76.0,6.50989233589,58.0
2016-10-01,5,1,24.0,29.0,0,58.0,54.3076923077,21.0,0.924031007752,76.0,5.76974356695,47.0
2016-10-02,6,1,24.0,32.0,1,58.0,53.5384615385,21.0,0.970149253731,76.0,6.0206744398,56.0
2016-10-03,0,1,22.0,26.0,1,58.0,54.0769230769,21.0,0.992907801418,71.0,5.90256187485,71.0
2016-10-04,1,1,22.0,26.0,1,58.0,55.0769230769,21.0,1.06617647059,71.0,7.3950247148,65.0
2016-10-05,2,1,22.0,27.0,1,58.0,55.4615384615,21.0,1.16788321168,71.0,7.7619920581,58.0
2016-10-06,3,1,22.0,26.0,0,58.0,55.1538461538,21.0,1.15890083632,71.0,7.57370099394,45.0
2016-10-07,4,1,20.0,25.0,0,58.0,54.0769230769,30.0,1.02752293578,71.0,7.93688117841,44.0
2016-10-08,5,0,17.0,22.0,0,57.0,53.2307692308,30.0,0.897435897436,71.0,8.36801461752,56.0
2016-10-09,6,0,18.0,22.0,1,57.0,53.3076923077,30.0,0.886037274672,71.0,8.38849592629,58.0
2016-10-10,0,0,18.0,22.0,1,57.0,53.6153846154,38.0,0.957575757576,71.0,8.48109627836,45.0
2016-10-11,1,0,19.0,25.0,1,57.0,53.3846153846,38.0,0.97516099356,71.0,8.66947307012,53.0
2016-10-12,2,0,19.0,23.0,1,57.0,54.3846153846,38.0,0.962962962963,71.0,7.77113457253,48.0
2016-10-13,3,0,19.0,23.0,1,56.0,54.1538461538,38.0,0.913070669168,71.0,7.9114926516,61.0
2016-10-14,4,0,19.0,23.0,0,57.0,54.3846153846,38.0,1.01123595506,71.0,8.06262470662,64.0
2016-10-15,5,1,21.0,25.0,1,57.0,55.6923076923,40.0,1.07087588982,71.0,8.13713817945,61.0
2016-10-16,6,1,20.0,26.0,1,57.0,56.0769230769,40.0,1.14496768236,71.0,8.2598336588,64.0
2016-10-17,0,0,20.0,25.0,1,57.0,55.5384615385,40.0,1.1527904849,71.0,7.45876237017,40.0
2016-10-18,1,0,20.0,25.0,1,57.0,53.6153846154,40.0,1.01382488479,71.0,7.97629624419,48.0
2016-10-19,2,0,20.0,24.0,0,56.0,52.8461538462,40.0,0.927111924367,71.0,7.99852057327,51.0
2016-10-20,3,0,20.0,23.0,0,56.0,53.3076923077,40.0,0.847819457152,71.0,7.69999615769,58.0
2016-10-21,4,0,0.0,21.0,0,56.0,54.3846153846,40.0,0.957609027142,71.0,7.2910742222,88.0
2016-10-22,5,1,19.0,23.0,0,56.0,56.8461538462,40.0,1.15814226925,88.0,11.5681668905,51.0
2016-10-23,6,1,18.0,23.0,1,56.0,56.3076923077,40.0,1.16327133156,88.0,11.6644404751,44.0
2016-10-24,0,0,20.0,24.0,1,56.0,56.2307692308,40.0,1.10707803993,88.0,11.7417980942,49.0
2016-10-25,1,0,18.0,22.0,1,56.0,55.9230769231,40.0,0.883977900552,88.0,11.8740929271,58.0
2016-10-26,2,0,19.0,21.0,0,56.0,56.6923076923,40.0,0.926949048496,88.0,11.6578439449,46.0
2016-10-27,3,0,18.0,22.0,0,55.0,55.5384615385,40.0,0.938362465501,88.0,11.913892244,48.0
2016-10-28,4,0,15.0,20.0,0,55.0,54.3076923077,40.0,0.928811487932,88.0,11.8021159471,62.0
2016-10-29,5,1,13.0,17.0,1,55.0,54.3846153846,40.0,0.948040109389,88.0,11.8486510854,67.0
2016-10-30,6,1,14.0,18.0,1,55.0,54.6153846154,40.0,1.06690777577,88.0,12.0609889985,52.0
2016-10-31,0,0,13.0,17.0,0,55.0,55.5384615385,40.0,1.08415693321,88.0,11.3450455782,45.0
