time_stamp,dayofweek,holiday,lt,ht,sunny,m2M,w2A,m1L,d3w3,m1Lar,w2Std,pay_sum
2016-08-01,0,0,27.0,36.0,1,582.0,653.0,445.0,1.08311434019,773.0,72.7778495465,616.0
2016-08-02,1,0,27.0,35.0,1,582.0,656.538461538,445.0,1.08468662613,773.0,69.7099654995,587.0
2016-08-03,2,0,25.0,33.0,0,587.0,656.076923077,445.0,1.00815266312,773.0,70.1476043107,555.0
2016-08-04,3,0,26.0,34.0,0,582.0,648.923076923,484.0,0.907261185942,773.0,75.1690009128,676.0
2016-08-05,4,0,25.0,34.0,0,587.0,652.307692308,484.0,0.938589018818,773.0,75.3212449501,671.0
2016-08-06,5,1,27.0,35.0,0,589.0,644.461538462,548.0,0.98347940743,773.0,67.2167737589,728.0
2016-08-07,6,1,25.0,35.0,1,593.0,641.923076923,548.0,1.07485107485,773.0,63.2752978153,825.0
2016-08-08,0,0,26.0,35.0,1,593.0,660.615384615,548.0,1.12776045232,825.0,77.1776556559,751.0
2016-08-09,1,0,26.0,31.0,0,593.0,671.923076923,548.0,1.15246098439,825.0,78.8059559819,736.0
2016-08-10,2,0,26.0,36.0,1,598.0,681.923076923,548.0,1.14418627669,825.0,78.0507345242,608.0
2016-08-11,3,0,27.0,35.0,1,604.0,681.153846154,548.0,1.03988285806,825.0,78.7233189515,620.0
2016-08-12,4,0,27.0,36.0,1,604.0,682.384615385,548.0,0.975730928783,825.0,77.6248755347,663.0
2016-08-13,5,1,27.0,36.0,1,606.0,676.384615385,548.0,0.947228692364,825.0,75.8566851793,771.0
2016-08-14,6,1,28.0,36.0,1,607.0,677.461538462,548.0,1.0281052131,825.0,77.0829876318,867.0
2016-08-15,0,0,28.0,37.0,1,608.0,696.769230769,548.0,1.12760952661,867.0,89.6764730712,691.0
2016-08-16,1,0,28.0,38.0,1,608.0,704.769230769,548.0,1.13407834831,867.0,83.9854876165,593.0
2016-08-17,2,0,28.0,37.0,1,607.0,707.692307692,555.0,1.04839888873,867.0,79.2497363406,674.0
2016-08-18,3,0,29.0,37.0,1,607.0,707.538461538,555.0,0.950439299063,867.0,79.3130267549,663.0
2016-08-19,4,0,28.0,38.0,1,608.0,706.923076923,555.0,0.932840329636,867.0,79.6245628303,606.0
2016-08-20,5,1,29.0,38.0,0,608.0,697.538461538,555.0,0.948406306438,867.0,83.6739233202,850.0
2016-08-21,6,1,28.0,36.0,0,616.0,699.461538462,555.0,1.02731922527,867.0,86.8097968458,854.0
2016-08-22,0,0,28.0,37.0,1,616.0,707.384615385,555.0,1.10086496533,867.0,95.4249914545,600.0
2016-08-23,1,0,28.0,37.0,1,616.0,696.923076923,555.0,1.09698614484,867.0,99.0986001131,668.0
2016-08-24,2,0,27.0,36.0,1,618.0,701.538461538,555.0,1.00224347621,867.0,96.2046019886,667.0
2016-08-25,3,0,28.0,37.0,1,619.0,705.153846154,555.0,0.914504466185,867.0,93.9286522632,650.0
2016-08-26,4,0,26.0,36.0,1,620.0,704.153846154,555.0,0.939533782984,867.0,94.4399248638,740.0
2016-08-27,5,1,24.0,29.0,1,632.0,701.769230769,555.0,0.972783807429,867.0,93.1038740383,881.0
2016-08-28,6,1,22.0,32.0,1,648.0,702.846153846,555.0,1.06973786476,881.0,95.0690810806,940.0
2016-08-29,0,0,22.0,32.0,1,650.0,722.0,555.0,1.19044298796,940.0,113.959506978,663.0
2016-08-30,1,0,21.0,32.0,1,663.0,727.384615385,555.0,1.16055785269,940.0,109.295322204,723.0
2016-08-31,2,0,24.0,32.0,1,663.0,731.153846154,555.0,1.07804968484,940.0,108.228992386,703.0
2016-09-01,3,0,24.0,32.0,1,663.0,734.230769231,555.0,0.96265063017,940.0,106.806909778,667.0
2016-09-02,4,0,22.0,31.0,1,663.0,738.923076923,593.0,0.964227305185,940.0,102.315846986,753.0
2016-09-03,5,1,22.0,34.0,1,667.0,731.461538462,593.0,0.979266126986,940.0,97.3602472854,935.0
2016-09-04,6,1,24.0,35.0,1,667.0,737.692307692,593.0,1.08119275532,940.0,107.10698075,980.0
2016-09-05,0,0,24.0,32.0,0,668.0,766.923076923,593.0,1.20099032185,980.0,116.942103715,745.0
2016-09-06,1,0,24.0,29.0,0,671.0,772.846153846,593.0,1.18522479169,980.0,113.686374364,726.0
2016-09-07,2,0,23.0,29.0,1,671.0,777.384615385,593.0,1.08831757027,980.0,110.503420387,674.0
2016-09-08,3,0,22.0,31.0,1,671.0,779.230769231,593.0,0.951747088186,980.0,108.542904559,626.0
2016-09-09,4,0,25.0,32.0,1,671.0,770.461538462,593.0,0.897751190872,980.0,115.725547598,658.0
2016-09-10,5,1,21.0,30.0,0,671.0,753.307692308,593.0,0.878834803295,980.0,114.591169357,845.0
2016-09-11,6,1,21.0,25.0,0,674.0,746.0,593.0,0.956166352286,980.0,105.087509321,810.0
2016-09-12,0,0,20.0,27.0,1,674.0,757.307692308,593.0,1.02431247509,980.0,103.444064867,675.0
2016-09-13,1,0,21.0,27.0,0,674.0,753.615384615,593.0,1.03136135272,980.0,105.440131363,541.0
2016-09-14,2,0,22.0,25.0,0,674.0,741.153846154,541.0,0.904363352304,980.0,119.342329942,733.0
2016-09-15,3,1,24.0,26.0,0,674.0,746.230769231,541.0,0.865184001421,980.0,117.468918211,819.0
2016-09-16,4,1,23.0,27.0,0,674.0,751.307692308,541.0,0.924245435075,980.0,119.067133368,607.0
2016-09-17,5,1,22.0,28.0,1,674.0,726.076923077,541.0,0.971013515033,980.0,112.011992173,612.0
2016-09-18,6,0,21.0,26.0,1,674.0,697.769230769,541.0,0.937334713119,980.0,88.2419347774,520.0
2016-09-19,0,0,19.0,27.0,1,674.0,680.461538462,520.0,0.807785209959,980.0,98.7238692863,493.0
2016-09-20,1,0,19.0,28.0,1,674.0,662.538461538,493.0,0.767124581032,980.0,109.402303017,519.0
2016-09-21,2,0,20.0,27.0,1,674.0,650.615384615,493.0,0.732768929067,980.0,115.764707297,466.0
2016-09-22,3,0,20.0,29.0,1,671.0,638.307692308,466.0,0.717284220232,980.0,125.797997181,420.0
2016-09-23,4,0,21.0,31.0,1,671.0,620.0,420.0,0.69879637919,980.0,138.297338536,517.0
2016-09-24,5,1,22.0,31.0,1,671.0,594.769230769,420.0,0.720262847169,980.0,124.142693237,644.0
2016-09-25,6,1,23.0,33.0,1,671.0,582.0,420.0,0.833201581028,980.0,108.955883803,648.0
2016-09-26,0,0,24.0,32.0,1,671.0,579.923076923,420.0,0.960726519557,980.0,107.409684092,477.0
2016-09-27,1,0,24.0,31.0,0,671.0,575.0,420.0,0.958495882098,980.0,110.503045555,498.0
2016-09-28,2,0,24.0,26.0,0,668.0,556.923076923,420.0,0.892150395778,980.0,102.077995473,346.0
2016-09-29,3,0,23.0,27.0,0,667.0,520.538461538,346.0,0.743304073824,980.0,85.0580031821,458.0
2016-09-30,4,0,23.0,26.0,0,667.0,509.076923077,346.0,0.745192307692,980.0,82.6395896356,577.0
2016-10-01,5,1,22.0,30.0,0,667.0,506.384615385,346.0,0.809021675454,980.0,79.7626657042,795.0
2016-10-02,6,1,23.0,32.0,1,668.0,527.538461538,346.0,1.07347118346,980.0,110.941159307,739.0
2016-10-03,0,1,23.0,29.0,1,668.0,546.461538462,346.0,1.23137049027,980.0,123.684222851,691.0
2016-10-04,1,1,21.0,29.0,1,668.0,559.692307692,346.0,1.28105478308,845.0,129.119136766,612.0
2016-10-05,2,1,21.0,28.0,1,667.0,570.923076923,346.0,1.18810729039,845.0,126.810252885,576.0
2016-10-06,3,1,23.0,27.0,1,667.0,582.923076923,346.0,1.11695645713,845.0,119.107877114,556.0
2016-10-07,4,1,21.0,25.0,0,663.0,585.923076923,346.0,1.04144273259,845.0,117.894647584,609.0
2016-10-08,5,0,17.0,22.0,0,663.0,583.230769231,346.0,1.03993071111,845.0,116.933349751,498.0
2016-10-09,6,0,17.0,22.0,1,663.0,571.692307692,346.0,0.995301792501,845.0,117.372768835,648.0
2016-10-10,0,0,17.0,22.0,1,663.0,584.846153846,346.0,1.03594829113,819.0,115.592018725,475.0
2016-10-11,1,0,17.0,19.0,0,663.0,583.076923077,346.0,0.960592592593,819.0,117.074244385,538.0
2016-10-12,2,0,17.0,22.0,1,658.0,597.846153846,346.0,0.97803686039,819.0,96.5456019425,567.0
2016-10-13,3,0,18.0,24.0,1,650.0,606.230769231,346.0,0.918417763827,819.0,88.4282880654,753.0
2016-10-14,4,0,19.0,24.0,1,650.0,619.769230769,346.0,1.05823722056,819.0,96.0602005525,554.0
2016-10-15,5,1,20.0,24.0,1,650.0,601.230769231,346.0,1.07562060554,795.0,82.7927475885,705.0
2016-10-16,6,1,20.0,26.0,1,650.0,598.615384615,346.0,1.1491889422,795.0,78.8421387345,767.0
2016-10-17,0,0,20.0,24.0,1,650.0,604.461538462,346.0,1.12913113749,795.0,87.7861171648,539.0
2016-10-18,1,0,21.0,24.0,0,650.0,598.846153846,346.0,1.11694298648,795.0,89.4434468115,462.0
2016-10-19,2,0,20.0,23.0,0,648.0,590.076923077,346.0,0.972577495393,795.0,96.5588394061,511.0
2016-10-20,3,0,21.0,24.0,1,648.0,586.615384615,346.0,0.828130134735,795.0,98.5053988849,558.0
2016-10-21,4,0,23.0,27.0,0,648.0,582.692307692,346.0,0.839847499931,795.0,98.5513412588,529.0
2016-10-22,5,1,19.0,23.0,0,644.0,585.076923077,346.0,0.896217155997,795.0,96.8332917469,596.0
2016-10-23,6,1,18.0,20.0,0,626.0,581.076923077,346.0,0.95538147139,795.0,95.2118783301,814.0
2016-10-24,0,0,20.0,25.0,1,626.0,607.153846154,346.0,1.08929524452,814.0,108.134422153,520.0
2016-10-25,1,0,20.0,26.0,1,612.0,605.769230769,346.0,1.09271054494,814.0,109.121776608,579.0
2016-10-26,2,0,20.0,28.0,1,612.0,606.692307692,346.0,1.08280975831,814.0,108.84030971,503.0
2016-10-27,3,0,21.0,26.0,1,609.0,587.461538462,346.0,0.910874200426,814.0,103.232087576,519.0
2016-10-28,4,0,16.0,26.0,0,607.0,584.769230769,458.0,0.917347084945,814.0,104.518054271,517.0
2016-10-29,5,1,14.0,17.0,1,596.0,570.307692308,462.0,0.880384417367,814.0,99.7808249001,761.0
2016-10-30,6,1,14.0,17.0,1,596.0,569.846153846,462.0,1.01810147021,814.0,98.8797608239,774.0
2016-10-31,0,0,13.0,17.0,0,596.0,587.923076923,462.0,1.13376429637,814.0,112.175317139,499.0
