time_stamp,dayofweek,holiday,lt,ht,sunny,m2M,w2A,m1L,d3w3,m1Lar,w2Std,pay_sum
2016-08-01,0,0,24.0,35.0,1,97.0,116.076923077,75.0,1.03483457222,140.0,16.3540704811,92.0
2016-08-02,1,0,25.0,35.0,1,97.0,116.615384615,75.0,0.993533215755,140.0,15.4099790922,88.0
2016-08-03,2,0,23.0,30.0,0,96.0,115.692307692,75.0,0.875630750965,140.0,16.6843298908,99.0
2016-08-04,3,0,23.0,28.0,0,96.0,115.692307692,75.0,0.825199645075,140.0,16.6843298908,100.0
2016-08-05,4,0,23.0,28.0,0,97.0,113.615384615,85.0,0.851505711319,140.0,16.8273516429,120.0
2016-08-06,5,1,23.0,30.0,0,97.0,112.076923077,85.0,0.951954640406,140.0,15.1782310638,131.0
2016-08-07,6,1,24.0,28.0,0,97.0,111.923076923,85.0,1.04979811575,140.0,14.9741394434,142.0
2016-08-08,0,0,24.0,30.0,0,97.0,113.769230769,85.0,1.14861902674,142.0,16.9576569778,119.0
2016-08-09,1,0,24.0,30.0,0,98.0,112.846153846,85.0,1.12886969042,142.0,16.3087808055,130.0
2016-08-10,2,0,25.0,32.0,0,99.0,115.461538462,85.0,1.11158493248,142.0,16.1226805588,117.0
2016-08-11,3,0,26.0,33.0,0,99.0,114.846153846,85.0,1.03258569615,142.0,15.8979735228,111.0
2016-08-12,4,0,26.0,35.0,0,100.0,115.0,85.0,1.01690100838,142.0,15.8502608569,108.0
2016-08-13,5,1,27.0,36.0,1,100.0,113.230769231,85.0,0.967602591793,142.0,15.237372306,138.0
2016-08-14,6,1,27.0,36.0,1,100.0,115.0,85.0,1.02586206897,142.0,16.6132477258,137.0
2016-08-15,0,0,27.0,35.0,1,100.0,118.461538462,85.0,1.09163460168,142.0,16.1417537157,141.0
2016-08-16,1,0,26.0,35.0,1,103.0,122.538461538,85.0,1.18064424578,142.0,14.5476161654,114.0
2016-08-17,2,0,27.0,34.0,1,105.0,123.692307692,85.0,1.10406984932,142.0,13.1639637203,115.0
2016-08-18,3,0,27.0,35.0,1,107.0,124.846153846,88.0,1.04652807241,142.0,11.6013669874,135.0
2016-08-19,4,0,26.0,37.0,1,108.0,126.0,88.0,1.01832424115,142.0,11.8061261803,104.0
2016-08-20,5,1,24.0,32.0,1,108.0,123.923076923,88.0,1.00169779287,142.0,13.0529191457,131.0
2016-08-21,6,1,25.0,32.0,1,108.0,123.076923077,88.0,1.03991006183,142.0,12.181079518,114.0
2016-08-22,0,0,25.0,31.0,1,109.0,122.692307692,88.0,0.971874129769,142.0,12.3810314929,111.0
2016-08-23,1,0,26.0,32.0,1,110.0,121.230769231,88.0,0.98193352641,142.0,12.5523754795,126.0
2016-08-24,2,0,25.0,34.0,1,111.0,121.923076923,88.0,0.957446808511,142.0,12.5481321838,123.0
2016-08-25,3,0,21.0,36.0,0,111.0,122.846153846,88.0,0.972841507904,142.0,12.1455668003,124.0
2016-08-26,4,0,18.0,24.0,0,111.0,124.076923077,88.0,1.00634021314,142.0,11.3643270366,122.0
2016-08-27,5,1,19.0,27.0,1,114.0,122.846153846,88.0,0.999187652315,142.0,10.6326503957,126.0
2016-08-28,6,1,19.0,30.0,1,114.0,122.0,88.0,1.0139002453,142.0,9.88394191061,140.0
2016-08-29,0,0,20.0,33.0,1,115.0,121.923076923,88.0,1.04850695852,142.0,9.73859521114,113.0
2016-08-30,1,0,20.0,29.0,1,115.0,121.846153846,88.0,1.03129251701,142.0,9.80459981411,109.0
2016-08-31,2,0,20.0,31.0,1,115.0,121.384615385,88.0,0.988260988261,142.0,10.2472394897,220.0
2016-09-01,3,0,21.0,33.0,1,115.0,127.923076923,99.0,1.15510257415,220.0,28.2147303003,207.0
2016-09-02,4,0,20.0,37.0,1,117.0,135.846153846,100.0,1.34842767296,220.0,34.209414255,203.0
2016-09-03,5,1,22.0,32.0,1,117.0,141.384615385,104.0,1.54696132597,220.0,38.5317820098,239.0
2016-09-04,6,1,21.0,32.0,1,118.0,151.0,104.0,1.53591290971,239.0,45.4701931109,220.0
2016-09-05,0,0,23.0,33.0,1,119.0,159.384615385,104.0,1.52394106814,239.0,47.332763838,97.0
2016-09-06,1,0,21.0,33.0,1,119.0,157.153846154,97.0,1.28748408012,239.0,49.4879101846,97.0
2016-09-07,2,0,23.0,32.0,1,118.0,155.153846154,97.0,0.964697658161,239.0,51.3192813575,94.0
2016-09-08,3,0,22.0,32.0,1,118.0,152.846153846,94.0,0.68085106383,239.0,53.3044177038,102.0
2016-09-09,4,0,20.0,31.0,1,118.0,151.307692308,94.0,0.693162999763,239.0,54.4488251132,102.0
2016-09-10,5,1,21.0,33.0,1,118.0,149.461538462,94.0,0.712322218238,239.0,55.6688220773,125.0
2016-09-11,6,1,20.0,33.0,1,119.0,148.307692308,94.0,0.783333333333,239.0,56.0073959613,123.0
2016-09-12,0,0,22.0,32.0,1,120.0,149.076923077,94.0,0.829777145567,239.0,55.5842555717,107.0
2016-09-13,1,0,22.0,31.0,1,120.0,148.923076923,94.0,0.847356486454,239.0,55.6976198062,87.0
2016-09-14,2,0,20.0,29.0,1,119.0,138.692307692,87.0,0.766533671866,239.0,53.8878959085,138.0
2016-09-15,3,1,22.0,30.0,1,119.0,133.384615385,87.0,0.798748947432,239.0,50.1682376709,185.0
2016-09-16,4,1,20.0,31.0,1,120.0,132.0,87.0,0.96447894613,239.0,48.4466399565,111.0
2016-09-17,5,1,18.0,32.0,1,120.0,122.153846154,87.0,1.02636868866,239.0,37.461459485,104.0
2016-09-18,6,0,19.0,32.0,1,120.0,113.230769231,87.0,0.958198586657,239.0,24.7515464821,111.0
2016-09-19,0,0,18.0,24.0,1,120.0,114.307692308,87.0,0.781493467578,239.0,24.3227801276,74.0
2016-09-20,1,0,18.0,25.0,1,119.0,112.538461538,74.0,0.7016266084,239.0,26.2755088793,70.0
2016-09-21,2,0,18.0,28.0,1,118.0,110.692307692,70.0,0.654853620955,239.0,28.2798776392,88.0
2016-09-22,3,0,18.0,30.0,1,117.0,109.615384615,70.0,0.624411250168,239.0,28.8511790495,71.0
2016-09-23,4,0,19.0,31.0,1,115.0,107.230769231,70.0,0.651030561478,239.0,30.6095858443,102.0
2016-09-24,5,1,20.0,26.0,0,115.0,105.461538462,70.0,0.788043478261,239.0,30.1932630912,114.0
2016-09-25,6,1,17.0,26.0,0,115.0,104.769230769,70.0,0.910244211862,239.0,29.8847886343,91.0
2016-09-26,0,0,19.0,21.0,0,114.0,103.538461538,70.0,0.976463104326,239.0,30.0962951582,75.0
2016-09-27,1,0,15.0,21.0,0,114.0,102.615384615,70.0,0.900032144005,239.0,30.7659613648,70.0
2016-09-28,2,0,13.0,17.0,0,114.0,97.3846153846,70.0,0.767479674797,239.0,30.0782018221,78.0
2016-09-29,3,0,14.0,19.0,1,114.0,89.1538461538,70.0,0.733794011188,239.0,16.5940033369,92.0
2016-09-30,4,0,16.0,22.0,1,114.0,87.6923076923,70.0,0.793650793651,239.0,15.3992238335,120.0
2016-10-01,5,1,16.0,24.0,1,114.0,88.9230769231,70.0,0.961379081717,239.0,17.1888225688,153.0
2016-10-02,6,1,18.0,28.0,1,114.0,92.1538461538,70.0,1.19222603299,239.0,23.7352258625,185.0
2016-10-03,0,1,18.0,30.0,1,115.0,100.692307692,70.0,1.44093125688,220.0,33.5888823534,123.0
2016-10-04,1,1,18.0,31.0,1,115.0,104.769230769,70.0,1.42614075793,185.0,32.8238980626,147.0
2016-10-05,2,1,18.0,32.0,1,115.0,109.307692308,70.0,1.40172520025,185.0,34.2398432226,135.0
2016-10-06,3,1,20.0,27.0,1,115.0,114.230769231,70.0,1.27719962157,185.0,32.9548732153,115.0
2016-10-07,4,1,19.0,25.0,1,115.0,115.230769231,70.0,1.24960654706,185.0,32.7652579751,106.0
2016-10-08,5,0,18.0,24.0,1,114.0,114.615384615,70.0,1.11949685535,185.0,32.8575912351,77.0
2016-10-09,6,0,15.0,20.0,1,114.0,113.538461538,70.0,0.952380952381,185.0,33.8290166405,87.0
2016-10-10,0,0,13.0,19.0,1,114.0,114.461538462,70.0,0.857551214864,185.0,32.9162465956,75.0
2016-10-11,1,0,14.0,16.0,0,114.0,114.846153846,70.0,0.757287705957,185.0,32.4199514873,90.0
2016-10-12,2,0,13.0,17.0,0,114.0,115.769230769,70.0,0.797720797721,185.0,31.5159394255,83.0
2016-10-13,3,0,13.0,15.0,0,113.0,115.076923077,70.0,0.780610638968,185.0,32.1234674306,96.0
2016-10-14,4,0,14.0,18.0,0,111.0,113.230769231,70.0,0.849116161616,185.0,32.4752067469,86.0
2016-10-15,5,1,13.0,16.0,0,111.0,108.076923077,70.0,0.847728726807,185.0,31.0395815259,102.0
2016-10-16,6,1,15.0,23.0,1,111.0,101.692307692,70.0,0.903739061257,185.0,21.6879428233,118.0
2016-10-17,0,0,15.0,24.0,1,111.0,101.307692308,70.0,0.954162768943,185.0,21.3483366867,88.0
2016-10-18,1,0,15.0,25.0,1,111.0,96.7692307692,70.0,0.952380952381,185.0,16.9757920226,92.0
2016-10-19,2,0,17.0,24.0,1,109.0,93.4615384615,70.0,0.915514592934,185.0,12.9056659269,74.0
2016-10-20,3,0,16.0,21.0,0,107.0,90.3076923077,70.0,0.786864931846,185.0,12.2498641461,86.0
2016-10-21,4,0,17.0,20.0,0,106.0,88.7692307692,70.0,0.793201133144,185.0,11.409536134,93.0
2016-10-22,5,1,12.0,19.0,0,104.0,90.0,70.0,0.819565921607,185.0,10.9263267105,110.0
2016-10-23,6,1,9.0,13.0,0,104.0,91.7692307692,70.0,0.971591864179,185.0,12.0967500159,153.0
2016-10-24,0,0,8.0,11.0,0,104.0,97.7692307692,70.0,1.17900314622,185.0,19.4190780347,89.0
2016-10-25,1,0,10.0,15.0,0,102.0,97.6923076923,70.0,1.20034100597,185.0,19.4516545287,102.0
2016-10-26,2,0,11.0,15.0,0,102.0,99.1538461538,70.0,1.19320152619,185.0,19.0014013809,144.0
2016-10-27,3,0,10.0,15.0,0,102.0,102.846153846,74.0,1.14471211345,185.0,22.3910907895,148.0
2016-10-28,4,0,8.0,13.0,0,102.0,107.615384615,74.0,1.31794614484,185.0,24.7713806998,122.0
2016-10-29,5,1,6.0,12.0,1,102.0,109.153846154,74.0,1.35426889107,185.0,24.9949107246,158.0
2016-10-30,6,1,7.0,13.0,0,102.0,112.230769231,74.0,1.35293187925,185.0,28.1565782617,155.0
2016-10-31,0,0,7.0,14.0,1,102.0,117.384615385,74.0,1.32480584742,185.0,29.3560070161,90.0
