time_stamp,dayofweek,holiday,lt,ht,sunny,m2M,w2A,m1L,d3w3,m1Lar,w2Std,pay_sum
2016-08-01,0,0,27.0,35.0,1,80.0,81.8461538462,51.0,0.899598393574,127.0,15.3715328991,76.0
2016-08-02,1,0,26.0,36.0,0,80.0,80.6923076923,51.0,0.893763965062,127.0,15.2031606804,98.0
2016-08-03,2,0,25.0,30.0,0,80.0,80.2307692308,51.0,0.961500099741,127.0,14.566314386,96.0
2016-08-04,3,0,25.0,32.0,0,80.0,79.3846153846,51.0,1.09756097561,127.0,13.2464129341,140.0
2016-08-05,4,0,26.0,32.0,0,80.0,83.6153846154,51.0,1.3277678394,140.0,20.9230769231,117.0
2016-08-06,5,1,26.0,34.0,0,80.0,88.0,51.0,1.35016255498,140.0,21.4798653484,51.0
2016-08-07,6,1,26.0,34.0,0,80.0,86.9230769231,51.0,1.19241192412,140.0,22.9093918882,71.0
2016-08-08,0,0,26.0,34.0,1,80.0,85.7692307692,51.0,0.930142050983,140.0,23.3012176841,94.0
2016-08-09,1,0,27.0,34.0,1,80.0,87.5384615385,51.0,0.839160839161,140.0,22.9836576878,76.0
2016-08-10,2,0,27.0,34.0,1,80.0,88.2307692308,51.0,0.951816745656,140.0,22.4847088079,87.0
2016-08-11,3,0,27.0,35.0,1,80.0,86.9230769231,51.0,1.02717825739,140.0,22.0190880076,121.0
2016-08-12,4,0,28.0,35.0,1,80.0,90.0769230769,51.0,1.11111111111,140.0,23.6755685123,104.0
2016-08-13,5,1,28.0,36.0,1,80.0,92.1538461538,51.0,1.18993135011,140.0,23.62152263,78.0
2016-08-14,6,1,27.0,36.0,1,80.0,93.0,51.0,1.14707552527,140.0,22.8910462845,85.0
2016-08-15,0,0,27.0,36.0,1,80.0,93.6923076923,51.0,1.01136363636,140.0,22.4991781572,120.0
2016-08-16,1,0,27.0,36.0,1,80.0,95.3846153846,51.0,1.04293348074,140.0,23.5618285223,97.0
2016-08-17,2,0,27.0,35.0,1,80.0,95.4615384615,51.0,1.09479789741,140.0,23.5653441262,74.0
2016-08-18,3,0,27.0,36.0,1,80.0,90.3846153846,51.0,1.07241569928,140.0,20.3074009303,136.0
2016-08-19,4,0,29.0,37.0,1,80.0,91.8461538462,51.0,1.09740840036,140.0,22.7117257206,113.0
2016-08-20,5,1,27.0,36.0,0,84.0,96.6153846154,51.0,1.13273715588,140.0,19.97898304,58.0
2016-08-21,6,1,27.0,33.0,0,84.0,95.6153846154,51.0,1.08174770965,140.0,21.5032679503,60.0
2016-08-22,0,0,27.0,34.0,1,80.0,93.0,51.0,0.820895522388,140.0,23.5143164247,100.0
2016-08-23,1,0,25.0,34.0,1,84.0,94.8461538462,51.0,0.773872914448,140.0,23.0445927375,106.0
2016-08-24,2,0,24.0,34.0,1,84.0,96.3076923077,51.0,0.939265536723,140.0,23.1030621193,102.0
2016-08-25,3,0,25.0,34.0,1,85.0,94.8461538462,51.0,1.10990990991,140.0,22.0727683038,155.0
2016-08-26,4,0,23.0,29.0,1,85.0,98.7692307692,51.0,1.28177966102,155.0,27.2711564905,123.0
2016-08-27,5,1,20.0,29.0,1,86.0,102.230769231,51.0,1.2925170068,155.0,27.2711564905,103.0
2016-08-28,6,1,19.0,30.0,1,87.0,103.615384615,51.0,1.27510040161,155.0,26.8142856918,92.0
2016-08-29,0,0,20.0,31.0,1,87.0,101.461538462,51.0,1.06532663317,155.0,26.5347823537,108.0
2016-08-30,1,0,21.0,31.0,1,91.0,102.307692308,51.0,0.999010880317,155.0,26.554398782,115.0
2016-08-31,2,0,22.0,32.0,1,92.0,105.461538462,51.0,1.0243902439,155.0,25.4153659899,106.0
2016-09-01,3,0,22.0,33.0,1,93.0,103.153846154,51.0,1.07780507781,155.0,23.8516122785,112.0
2016-09-02,4,0,22.0,34.0,1,94.0,103.076923077,51.0,1.08663729809,155.0,23.8213270265,82.0
2016-09-03,5,1,23.0,34.0,1,94.0,104.923076923,51.0,0.977039570103,155.0,21.0218257952,90.0
2016-09-04,6,1,22.0,33.0,1,94.0,107.230769231,51.0,0.922677063028,155.0,17.276724432,65.0
2016-09-05,0,0,24.0,33.0,1,92.0,104.538461538,58.0,0.79118678017,155.0,20.6010282963,105.0
2016-09-06,1,0,22.0,26.0,0,92.0,104.461538462,58.0,0.864505403159,155.0,20.5972940143,101.0
2016-09-07,2,0,20.0,26.0,1,94.0,104.384615385,58.0,0.889107611549,155.0,20.608207706,115.0
2016-09-08,3,0,21.0,30.0,1,95.0,101.307692308,58.0,1.06414719045,155.0,15.0608234292,82.0
2016-09-09,4,0,23.0,32.0,1,94.0,98.1538461538,58.0,1.00336700337,155.0,14.4693105138,34.0
2016-09-10,5,1,21.0,30.0,1,92.0,92.8461538462,34.0,0.787321063395,155.0,22.2705260683,32.0
2016-09-11,6,1,20.0,28.0,1,92.0,88.2307692308,32.0,0.511756569848,155.0,27.5573635173,40.0
2016-09-12,0,0,20.0,30.0,1,91.0,83.0,32.0,0.378301213419,155.0,29.6803483289,82.0
2016-09-13,1,0,21.0,30.0,1,90.0,80.4615384615,32.0,0.556760665221,155.0,28.2096965997,96.0
2016-09-14,2,0,22.0,28.0,1,91.0,79.6923076923,32.0,0.790714544795,155.0,27.6332704025,85.0
2016-09-15,3,1,21.0,23.0,0,91.0,77.6153846154,32.0,0.991704374057,155.0,26.0990375936,48.0
2016-09-16,4,1,21.0,23.0,0,91.0,75.0,32.0,0.901752313448,155.0,27.2085959268,62.0
2016-09-17,5,1,21.0,27.0,1,90.0,72.8461538462,32.0,0.786924939467,155.0,27.0436858942,82.0
2016-09-18,6,0,20.0,28.0,1,87.0,74.1538461538,32.0,0.779537149817,155.0,27.0436858942,102.0
2016-09-19,0,0,17.0,26.0,1,87.0,73.9230769231,32.0,1.00244498778,155.0,26.7911051211,98.0
2016-09-20,1,0,18.0,26.0,1,90.0,73.6923076923,32.0,1.16121062384,155.0,26.5688788895,82.0
2016-09-21,2,0,17.0,24.0,1,90.0,71.1538461538,32.0,1.17868338558,155.0,23.9481688841,84.0
2016-09-22,3,0,19.0,27.0,1,90.0,71.3076923077,32.0,1.12316528398,155.0,24.0236569796,92.0
2016-09-23,4,0,19.0,28.0,1,92.0,75.7692307692,32.0,1.09067850349,155.0,21.9795493975,102.0
2016-09-24,5,1,21.0,29.0,1,92.0,81.1538461538,32.0,1.16635200336,123.0,18.9649318231,112.0
2016-09-25,6,1,21.0,28.0,1,94.0,86.6923076923,32.0,1.24694376528,115.0,16.4895520086,56.0
2016-09-26,0,0,23.0,30.0,1,92.0,84.6923076923,32.0,1.13421550095,115.0,18.4031126773,82.0
2016-09-27,1,0,23.0,30.0,0,92.0,83.6153846154,32.0,1.06292517007,115.0,18.1173035077,96.0
2016-09-28,2,0,19.0,23.0,0,94.0,84.4615384615,32.0,1.00710135571,115.0,18.416612002,95.0
2016-09-29,3,0,17.0,19.0,0,95.0,88.0769230769,32.0,1.16517285531,115.0,15.2439725211,69.0
2016-09-30,4,0,18.0,21.0,0,95.0,88.6153846154,32.0,1.08536839908,115.0,14.414407651,84.0
2016-10-01,5,1,20.0,24.0,0,94.0,88.7692307692,32.0,1.00262785527,115.0,14.3535246068,64.0
2016-10-02,6,1,20.0,24.0,0,92.0,85.8461538462,32.0,0.864714086471,115.0,15.2054957365,59.0
2016-10-03,0,1,18.0,26.0,1,92.0,82.8461538462,32.0,0.836363636364,115.0,16.3182114114,73.0
2016-10-04,1,1,20.0,25.0,1,90.0,82.1538461538,32.0,0.80311411596,115.0,16.5289776027,83.0
2016-10-05,2,1,20.0,26.0,1,90.0,82.0769230769,32.0,0.882051282051,115.0,16.5225325795,77.0
2016-10-06,3,1,19.0,25.0,1,90.0,80.9230769231,32.0,0.939137444579,115.0,16.3116831111,87.0
2016-10-07,4,1,17.0,20.0,0,87.0,79.7692307692,32.0,0.98074250546,112.0,15.2777054568,35.0
2016-10-08,5,0,14.0,22.0,1,87.0,73.8461538462,32.0,0.812908496732,112.0,16.5103517823,97.0
2016-10-09,6,0,13.0,21.0,1,90.0,77.0,32.0,0.897357098955,112.0,16.7148022837,87.0
2016-10-10,0,0,16.0,21.0,1,87.0,77.3846153846,35.0,0.903465346535,112.0,16.8821182664,87.0
2016-10-11,1,0,16.0,20.0,1,87.0,76.6923076923,35.0,1.11453835081,112.0,16.2782753546,90.0
2016-10-12,2,0,16.0,19.0,1,87.0,76.3076923077,35.0,1.08174554395,112.0,15.8957401908,70.0
2016-10-13,3,0,17.0,20.0,1,87.0,76.3846153846,35.0,1.02596053998,112.0,15.8625755089,70.0
2016-10-14,4,0,16.0,18.0,1,87.0,75.3076923077,35.0,0.974782792965,112.0,15.7840455738,106.0
2016-10-15,5,1,18.0,21.0,0,87.0,78.5384615385,35.0,1.0465858328,112.0,17.3587281731,77.0
2016-10-16,6,1,17.0,23.0,1,87.0,79.9230769231,35.0,1.06213266163,112.0,16.4385173319,93.0
2016-10-17,0,0,18.0,22.0,1,87.0,81.4615384615,35.0,1.1507191995,112.0,16.6530911181,105.0
2016-10-18,1,0,18.0,23.0,1,87.0,83.1538461538,35.0,1.14013266998,112.0,17.8016686938,104.0
2016-10-19,2,0,19.0,22.0,1,87.0,85.2307692308,35.0,1.24510410225,112.0,18.5229746994,98.0
2016-10-20,3,0,19.0,21.0,0,90.0,86.0769230769,35.0,1.24341838801,112.0,18.8331195114,73.0
2016-10-21,4,0,19.0,21.0,0,87.0,89.0,35.0,1.12130479103,112.0,12.5942599868,107.0
2016-10-22,5,1,18.0,21.0,0,87.0,89.7692307692,35.0,1.10448947159,112.0,13.3425510544,67.0
2016-10-23,6,1,15.0,18.0,1,87.0,88.2307692308,35.0,0.976670620799,112.0,14.6610622249,88.0
2016-10-24,0,0,16.0,20.0,1,87.0,88.3076923077,35.0,1.02684695277,107.0,14.6570256999,85.0
2016-10-25,1,0,14.0,17.0,1,87.0,87.9230769231,35.0,0.93951849677,107.0,14.6731651373,114.0
2016-10-26,2,0,16.0,18.0,0,87.0,91.3076923077,35.0,1.09961685824,114.0,15.2132766682,63.0
2016-10-27,3,0,15.0,17.0,0,85.0,90.7692307692,35.0,1.01787101787,114.0,16.0583256439,56.0
2016-10-28,4,0,11.0,15.0,0,85.0,86.9230769231,35.0,0.894262137785,114.0,17.8388579251,80.0
2016-10-29,5,1,8.0,12.0,0,84.0,87.1538461538,35.0,0.771317829457,114.0,17.7280575267,89.0
2016-10-30,6,1,10.0,17.0,1,84.0,86.8461538462,35.0,0.871080139373,114.0,17.6584961196,98.0
2016-10-31,0,0,10.0,15.0,0,84.0,86.3076923077,35.0,1.02712060012,114.0,17.197426531,86.0
