time_stamp,dayofweek,holiday,lt,ht,sunny,m2M,w2A,m1L,d3w3,m1Lar,w2Std,pay_sum
2016-08-01,0,0,27.0,36.0,1,60.0,55.4615384615,35.0,0.967651195499,95.0,9.02658794567,57.0
2016-08-02,1,0,27.0,35.0,1,59.0,56.5384615385,35.0,0.975747320925,95.0,8.2798679348,52.0
2016-08-03,2,0,25.0,33.0,0,59.0,56.6923076923,35.0,0.89552238806,95.0,8.17486405801,51.0
2016-08-04,3,0,26.0,34.0,0,58.0,57.0769230769,35.0,0.959232613909,95.0,7.77037310718,50.0
2016-08-05,4,0,25.0,34.0,0,57.0,56.3076923077,35.0,0.934065934066,95.0,7.93613561633,80.0
2016-08-06,5,1,27.0,35.0,0,57.0,57.6153846154,35.0,1.08610861086,95.0,10.0501700065,58.0
2016-08-07,6,1,25.0,35.0,1,57.0,58.3846153846,35.0,1.13526570048,95.0,9.65989696982,64.0
2016-08-08,0,0,26.0,35.0,1,57.0,59.1538461538,35.0,1.18858487791,95.0,9.67825599234,46.0
2016-08-09,1,0,26.0,31.0,0,57.0,58.5384615385,35.0,0.985915492958,95.0,10.2252732491,152.0
2016-08-10,2,0,26.0,36.0,1,58.0,65.5384615385,35.0,1.41087775983,152.0,26.9632667064,112.0
2016-08-11,3,0,27.0,35.0,1,58.0,68.7692307692,35.0,1.58486707566,152.0,29.6833386215,89.0
2016-08-12,4,0,27.0,36.0,1,59.0,71.3076923077,35.0,1.76544136034,152.0,29.8931034377,91.0
2016-08-13,5,1,27.0,36.0,1,59.0,72.7692307692,35.0,1.43032084252,152.0,30.3521735279,75.0
2016-08-14,6,1,28.0,36.0,1,60.0,75.1538461538,35.0,1.22478386167,152.0,29.1939038785,77.0
2016-08-15,0,0,28.0,37.0,1,60.0,76.6923076923,35.0,1.14812189936,152.0,28.719825946,57.0
2016-08-16,1,0,28.0,38.0,1,60.0,77.0769230769,35.0,0.985384252711,152.0,28.4184705334,72.0
2016-08-17,2,0,28.0,37.0,1,60.0,78.6923076923,43.0,0.963742690058,152.0,27.4713406337,66.0
2016-08-18,3,0,29.0,37.0,1,60.0,79.9230769231,44.0,0.9148486981,152.0,26.4995255065,66.0
2016-08-19,4,0,28.0,38.0,1,61.0,78.8461538462,44.0,0.950384346611,152.0,26.7577340476,67.0
2016-08-20,5,1,29.0,38.0,0,61.0,79.5384615385,44.0,0.930341280972,152.0,26.3223081307,72.0
2016-08-21,6,1,28.0,36.0,0,62.0,80.1538461538,44.0,0.939935809262,152.0,26.0438864932,62.0
2016-08-22,0,0,28.0,37.0,1,62.0,81.3846153846,44.0,0.918437285812,152.0,24.7465256661,70.0
2016-08-23,1,0,28.0,37.0,1,62.0,75.0769230769,44.0,0.920785375762,152.0,14.1065262499,62.0
2016-08-24,2,0,27.0,36.0,1,62.0,71.2307692308,44.0,0.86917562724,152.0,9.61692295387,66.0
2016-08-25,3,0,28.0,37.0,1,63.0,69.4615384615,44.0,0.877659574468,152.0,8.19582806269,58.0
2016-08-26,4,0,26.0,36.0,1,63.0,66.9230769231,44.0,0.836707152497,152.0,5.92856888246,61.0
2016-08-27,5,1,24.0,29.0,1,62.0,65.8461538462,44.0,0.830527497194,152.0,5.62748958713,53.0
2016-08-28,6,1,22.0,32.0,1,62.0,64.0,44.0,0.777928539123,152.0,5.60219737109,54.0
2016-08-29,0,0,22.0,32.0,1,62.0,63.7692307692,44.0,0.755735492578,152.0,5.93754476782,49.0
2016-08-30,1,0,21.0,32.0,1,62.0,62.0,46.0,0.75416968818,152.0,6.61001571044,80.0
2016-08-31,2,0,24.0,32.0,1,62.0,63.0769230769,46.0,0.90571640683,152.0,8.13786532642,45.0
2016-09-01,3,0,24.0,32.0,1,62.0,61.4615384615,45.0,0.890253261704,152.0,9.38587633395,50.0
2016-09-02,4,0,22.0,31.0,1,62.0,60.1538461538,45.0,0.924458531432,152.0,9.70207078488,50.0
2016-09-03,5,1,22.0,34.0,1,61.0,58.4615384615,45.0,0.78146052277,152.0,9.40225328652,55.0
2016-09-04,6,1,24.0,35.0,1,61.0,57.9230769231,45.0,0.850480109739,152.0,9.38461538462,53.0
2016-09-05,0,0,24.0,32.0,0,61.0,56.6153846154,45.0,0.869804569227,152.0,8.77530154238,43.0
2016-09-06,1,0,24.0,29.0,0,61.0,55.1538461538,43.0,0.851663846588,152.0,9.32198521153,46.0
2016-09-07,2,0,23.0,29.0,1,60.0,53.6153846154,43.0,0.814687320711,152.0,9.05146364313,64.0
2016-09-08,3,0,22.0,31.0,1,61.0,54.0769230769,43.0,0.879310344828,112.0,9.40917341634,54.0
2016-09-09,4,0,25.0,32.0,1,60.0,53.5384615385,43.0,0.953211275792,91.0,9.19544523217,71.0
2016-09-10,5,1,21.0,30.0,0,61.0,54.9230769231,43.0,1.09947643979,91.0,10.2990779159,57.0
2016-09-11,6,1,21.0,25.0,0,60.0,55.1538461538,43.0,1.06339468303,80.0,10.3094143223,58.0
2016-09-12,0,0,20.0,27.0,1,58.0,55.8461538462,43.0,1.09831709477,80.0,10.1742219801,57.0
2016-09-13,1,0,21.0,27.0,0,58.0,54.0769230769,43.0,1.02016607355,80.0,7.45717556824,38.0
2016-09-14,2,0,22.0,25.0,0,58.0,53.5384615385,38.0,0.930656934307,80.0,8.29842788276,47.0
2016-09-15,3,1,24.0,26.0,0,57.0,53.3076923077,38.0,0.872503840246,80.0,8.43422164011,41.0
2016-09-16,4,1,23.0,27.0,0,57.0,52.6153846154,38.0,0.788732394366,80.0,9.02593239623,57.0
2016-09-17,5,1,22.0,28.0,1,57.0,52.7692307692,38.0,0.904271905207,80.0,9.08213670347,40.0
2016-09-18,6,0,21.0,26.0,1,57.0,51.7692307692,38.0,0.872037914692,80.0,9.69658025487,51.0
2016-09-19,0,0,19.0,27.0,1,57.0,52.3846153846,38.0,0.933459476506,80.0,9.36883919859,37.0
2016-09-20,1,0,19.0,28.0,1,57.0,51.6923076923,37.0,0.841551610782,80.0,10.1176511061,49.0
2016-09-21,2,0,20.0,27.0,1,57.0,50.5384615385,37.0,0.897184020956,80.0,9.48371385072,43.0
2016-09-22,3,0,20.0,29.0,1,57.0,49.6923076923,37.0,0.850642927794,80.0,9.62676249904,44.0
2016-09-23,4,0,21.0,31.0,1,57.0,47.6153846154,37.0,0.902155887231,80.0,7.4785689863,41.0
2016-09-24,5,1,22.0,31.0,1,57.0,46.3846153846,37.0,0.861083081063,80.0,7.14184270058,73.0
2016-09-25,6,1,23.0,33.0,1,57.0,47.5384615385,37.0,1.04187273327,80.0,9.68436793232,55.0
2016-09-26,0,0,24.0,32.0,1,57.0,47.3846153846,37.0,1.10133594005,80.0,9.54776221497,50.0
2016-09-27,1,0,24.0,31.0,0,57.0,48.3076923077,37.0,1.15546900357,80.0,9.16837889693,51.0
2016-09-28,2,0,24.0,26.0,0,57.0,48.6153846154,37.0,1.02564102564,80.0,9.18643198115,60.0
2016-09-29,3,0,23.0,27.0,0,57.0,50.0769230769,37.0,1.0522875817,73.0,9.36820759855,42.0
2016-09-30,4,0,23.0,26.0,0,57.0,48.9230769231,37.0,1.02926337033,73.0,9.36820759855,59.0
2016-10-01,5,1,22.0,30.0,0,57.0,50.3846153846,37.0,1.08089963075,73.0,9.3441751625,58.0
2016-10-02,6,1,23.0,32.0,1,57.0,50.9230769231,37.0,1.06747230614,73.0,9.5632432418,45.0
2016-10-03,0,1,23.0,29.0,1,57.0,51.5384615385,37.0,1.10091743119,73.0,8.88053519364,48.0
2016-10-04,1,1,21.0,29.0,1,57.0,51.4615384615,37.0,1.01580894719,73.0,8.90648324464,57.0
2016-10-05,2,1,21.0,28.0,1,57.0,52.5384615385,37.0,0.999000999001,73.0,8.66127885934,52.0
2016-10-06,3,1,23.0,27.0,1,57.0,53.1538461538,37.0,1.03425559947,73.0,8.30982878511,39.0
2016-10-07,4,1,21.0,25.0,0,57.0,53.0,37.0,0.992622401073,73.0,8.54850414265,51.0
2016-10-08,5,0,17.0,22.0,0,55.0,51.3076923077,37.0,0.941956882255,73.0,6.30487742069,36.0
2016-10-09,6,0,17.0,22.0,1,55.0,49.8461538462,36.0,0.848484848485,73.0,7.38862070865,39.0
2016-10-10,0,0,17.0,22.0,1,54.0,49.0,36.0,0.846774193548,73.0,7.93240675477,50.0
2016-10-11,1,0,17.0,19.0,0,54.0,48.9230769231,36.0,0.839207787848,73.0,7.91747374688,44.0
2016-10-12,2,0,17.0,22.0,1,53.0,47.6923076923,36.0,0.892018779343,73.0,7.32104044082,52.0
2016-10-13,3,0,18.0,24.0,1,53.0,48.4615384615,36.0,0.971390552229,73.0,7.206998571,50.0
2016-10-14,4,0,19.0,24.0,1,52.0,47.7692307692,36.0,0.962743158589,73.0,6.56510409026,49.0
2016-10-15,5,1,20.0,24.0,1,52.0,47.0769230769,36.0,1.01992570078,73.0,5.8895153054,57.0
2016-10-16,6,1,20.0,26.0,1,52.0,48.0,36.0,1.05156723964,73.0,6.40912810583,56.0
2016-10-17,0,0,20.0,24.0,1,52.0,48.6153846154,36.0,1.08542713568,73.0,6.75435428262,49.0
2016-10-18,1,0,21.0,24.0,0,51.0,48.0,36.0,1.08761329305,73.0,6.31238099659,47.0
2016-10-19,2,0,20.0,23.0,0,51.0,47.6153846154,36.0,1.03401360544,73.0,6.20841193046,45.0
2016-10-20,3,0,21.0,24.0,1,51.0,48.0769230769,36.0,0.956256358087,73.0,5.75742381574,49.0
2016-10-21,4,0,23.0,27.0,0,50.0,47.9230769231,36.0,0.966084275437,73.0,5.70373074213,68.0
2016-10-22,5,1,19.0,23.0,0,50.0,50.3846153846,36.0,1.0986775178,73.0,6.82234407651,70.0
2016-10-23,6,1,18.0,20.0,0,50.0,52.7692307692,36.0,1.23677248677,73.0,7.77722361133,58.0
2016-10-24,0,0,20.0,25.0,1,50.0,53.3846153846,36.0,1.28356254093,70.0,7.84992367957,42.0
2016-10-25,1,0,20.0,26.0,1,50.0,53.2307692308,36.0,1.12994350282,70.0,8.04940366787,44.0
2016-10-26,2,0,20.0,28.0,1,50.0,52.6153846154,36.0,0.964824120603,70.0,8.41736722532,51.0
2016-10-27,3,0,21.0,26.0,1,50.0,52.6923076923,36.0,0.906984442238,70.0,8.39766098739,58.0
2016-10-28,4,0,16.0,26.0,0,50.0,53.3846153846,36.0,1.00591715976,70.0,8.43562465462,55.0
2016-10-29,5,1,14.0,17.0,1,50.0,53.2307692308,36.0,1.0584059374,70.0,8.38637948979,53.0
2016-10-30,6,1,14.0,17.0,1,50.0,53.0,36.0,1.05698822031,70.0,8.34819188162,65.0
2016-10-31,0,0,13.0,17.0,0,51.0,54.2307692308,36.0,1.08600125549,70.0,8.83310073751,43.0
