time_stamp,dayofweek,holiday,lt,ht,sunny,m2M,w2A,m1L,d3w3,m1Lar,w2Std,pay_sum
2016-08-01,0,0,26.0,35.0,0,53.0,52.3076923077,38.0,0.882800608828,72.0,8.10872858653,55.0
2016-08-02,1,0,24.0,28.0,0,54.0,53.6153846154,38.0,0.940248710949,72.0,6.98942565637,51.0
2016-08-03,2,0,24.0,30.0,0,53.0,54.4615384615,38.0,0.931506849315,72.0,5.86535308945,48.0
2016-08-04,3,0,25.0,32.0,0,53.0,53.6153846154,38.0,0.944495553511,72.0,5.94252551256,51.0
2016-08-05,4,0,26.0,33.0,0,53.0,53.3076923077,38.0,0.93808630394,72.0,5.96637520913,46.0
2016-08-06,5,1,27.0,35.0,1,53.0,52.0769230769,38.0,0.910232266164,72.0,5.69022831043,60.0
2016-08-07,6,1,27.0,35.0,1,53.0,51.4615384615,38.0,0.995876942594,72.0,4.16238438722,75.0
2016-08-08,0,0,27.0,34.0,0,54.0,53.3076923077,38.0,1.13195747342,75.0,7.51802567561,31.0
2016-08-09,1,0,26.0,31.0,0,53.0,51.3846153846,31.0,1.04501101668,75.0,9.51548100194,159.0
2016-08-10,2,0,25.0,31.0,0,53.0,59.6923076923,31.0,1.49971703452,159.0,30.2054111693,75.0
2016-08-11,3,0,25.0,31.0,0,54.0,61.2307692308,31.0,1.47962032384,159.0,30.4356922206,72.0
2016-08-12,4,0,25.0,29.0,0,55.0,63.3076923077,31.0,1.68455821635,159.0,30.1773848472,76.0
2016-08-13,5,1,26.0,31.0,0,55.0,65.0769230769,31.0,1.21360544218,159.0,30.195418752,60.0
2016-08-14,6,1,26.0,31.0,0,55.0,66.0769230769,31.0,1.13941385922,159.0,29.7927754238,78.0
2016-08-15,0,0,25.0,31.0,0,55.0,67.8461538462,31.0,1.14683815648,159.0,29.7653545479,66.0
2016-08-16,1,0,25.0,30.0,0,55.0,69.0,31.0,1.08452950558,159.0,29.37817086,39.0
2016-08-17,2,0,25.0,29.0,0,55.0,68.3076923077,31.0,0.982286634461,159.0,29.9650684205,47.0
2016-08-18,3,0,25.0,28.0,0,55.0,68.0,31.0,0.821177741761,159.0,30.1611058765,50.0
2016-08-19,4,0,26.0,32.0,0,55.0,68.3076923077,31.0,0.731772935163,159.0,29.9547982939,48.0
2016-08-20,5,1,26.0,34.0,0,55.0,67.3846153846,31.0,0.783360345759,159.0,30.3784803933,61.0
2016-08-21,6,1,26.0,32.0,0,55.0,66.3076923077,31.0,0.849358974359,159.0,30.3375487458,63.0
2016-08-22,0,0,26.0,35.0,1,55.0,68.7692307692,31.0,0.912951167728,159.0,28.6226210866,48.0
2016-08-23,1,0,26.0,35.0,1,55.0,60.2307692308,31.0,0.915137004522,159.0,12.3795976457,40.0
2016-08-24,2,0,27.0,35.0,0,55.0,57.5384615385,31.0,0.808567603748,159.0,12.6771471227,38.0
2016-08-25,3,0,27.0,35.0,1,54.0,54.9230769231,31.0,0.681818181818,159.0,12.928570261,38.0
2016-08-26,4,0,26.0,34.0,0,53.0,52.0,31.0,0.631808278867,159.0,12.1021295011,47.0
2016-08-27,5,1,24.0,31.0,0,53.0,51.0,31.0,0.677126341866,159.0,11.935725301,54.0
2016-08-28,6,1,26.0,33.0,1,54.0,49.1538461538,31.0,0.778711484594,159.0,9.14705630535,56.0
2016-08-29,0,0,26.0,31.0,1,55.0,48.3846153846,31.0,0.861454046639,159.0,8.05307835588,38.0
2016-08-30,1,0,25.0,30.0,1,54.0,48.3076923077,31.0,0.901889092017,159.0,8.14658602761,44.0
2016-08-31,2,0,25.0,33.0,1,53.0,48.0769230769,31.0,0.865475070555,159.0,8.22249764096,43.0
2016-09-01,3,0,25.0,32.0,0,53.0,47.5384615385,31.0,0.805931656995,159.0,8.30769230769,46.0
2016-09-02,4,0,25.0,30.0,0,52.0,47.3846153846,31.0,0.883134130146,159.0,8.31623492415,36.0
2016-09-03,5,1,25.0,30.0,0,51.0,45.4615384615,31.0,0.850340136054,159.0,7.82122737383,61.0
2016-09-04,6,1,25.0,31.0,0,51.0,45.3076923077,31.0,0.989961924541,159.0,7.4872672984,46.0
2016-09-05,0,0,25.0,33.0,0,51.0,45.1538461538,31.0,1.01095793567,159.0,7.45082498113,38.0
2016-09-06,1,0,26.0,32.0,0,51.0,45.0,31.0,1.02618542109,159.0,7.57526338714,55.0
2016-09-07,2,0,25.0,30.0,0,51.0,46.3076923077,36.0,0.975438596491,159.0,7.71995033249,39.0
2016-09-08,3,0,25.0,31.0,0,51.0,46.3846153846,36.0,0.937167199148,78.0,7.64136980812,46.0
2016-09-09,4,0,26.0,31.0,0,51.0,46.3076923077,36.0,0.99608680185,78.0,7.63982093411,41.0
2016-09-10,5,1,25.0,30.0,0,51.0,45.3076923077,36.0,0.916030534351,78.0,7.41500158602,66.0
2016-09-11,6,1,25.0,31.0,0,51.0,46.0769230769,36.0,1.10869565217,78.0,8.86185896856,52.0
2016-09-12,0,0,25.0,32.0,1,51.0,47.1538461538,36.0,1.14718614719,78.0,8.66332813865,42.0
2016-09-13,1,0,25.0,34.0,1,51.0,47.0,36.0,1.15190784737,66.0,8.73542742559,30.0
2016-09-14,2,0,25.0,33.0,1,51.0,46.0,30.0,0.900508351489,66.0,9.81364826696,40.0
2016-09-15,3,1,26.0,34.0,1,51.0,45.5384615385,30.0,0.811594202899,66.0,9.94303300434,56.0
2016-09-16,4,1,26.0,33.0,1,51.0,47.0769230769,30.0,0.904198062433,66.0,9.89530998824,32.0
2016-09-17,5,1,26.0,33.0,1,51.0,44.8461538462,30.0,0.940830576994,66.0,9.77316698412,47.0
2016-09-18,6,0,26.0,32.0,1,51.0,44.9230769231,30.0,1.00222717149,66.0,9.78587316541,52.0
2016-09-19,0,0,25.0,32.0,1,51.0,46.0,30.0,0.957602339181,66.0,9.73494893511,31.0
2016-09-20,1,0,23.0,31.0,1,50.0,44.1538461538,30.0,0.964034111976,66.0,10.1211595098,41.0
2016-09-21,2,0,24.0,31.0,1,48.0,44.3076923077,30.0,0.921590486808,66.0,10.0566443049,42.0
2016-09-22,3,0,25.0,32.0,1,48.0,44.0,30.0,0.851063829787,66.0,10.0613502688,39.0
2016-09-23,4,0,25.0,32.0,1,48.0,43.8461538462,30.0,0.907738095238,66.0,10.1211595098,53.0
2016-09-24,5,1,25.0,32.0,1,48.0,42.8461538462,30.0,1.00600600601,66.0,8.37437624631,58.0
2016-09-25,6,1,26.0,33.0,1,48.0,43.3076923077,30.0,1.11111111111,66.0,9.00755764203,48.0
2016-09-26,0,0,26.0,35.0,1,48.0,43.7692307692,30.0,1.16483516484,66.0,9.08213670347,39.0
2016-09-27,1,0,26.0,34.0,1,48.0,44.4615384615,30.0,1.08128262491,66.0,8.31694641278,39.0
2016-09-28,2,0,24.0,32.0,1,47.0,44.3846153846,30.0,0.939597315436,66.0,8.36235577352,41.0
2016-09-29,3,0,24.0,28.0,0,47.0,43.2307692308,30.0,0.892388451444,66.0,7.68769092225,41.0
2016-09-30,4,0,20.0,24.0,0,47.0,43.9230769231,30.0,0.907386576678,66.0,7.02152228138,56.0
2016-10-01,5,1,21.0,28.0,0,47.0,44.6153846154,30.0,1.04664391354,66.0,7.70153292971,61.0
2016-10-02,6,1,23.0,31.0,0,47.0,45.3076923077,30.0,1.18618618619,66.0,8.67697763213,44.0
2016-10-03,0,1,24.0,32.0,0,47.0,46.3076923077,30.0,1.20599250936,66.0,7.65993186739,48.0
2016-10-04,1,1,24.0,32.0,0,47.0,46.8461538462,30.0,1.12334801762,66.0,7.51251421446,35.0
2016-10-05,2,1,25.0,33.0,1,47.0,46.3076923077,30.0,0.93761535622,66.0,8.07069356837,31.0
2016-10-06,3,1,25.0,32.0,1,46.0,45.6923076923,30.0,0.865603644647,66.0,8.86986788025,32.0
2016-10-07,4,1,25.0,32.0,1,46.0,44.0769230769,30.0,0.744115413819,66.0,9.2940141072,37.0
2016-10-08,5,0,25.0,31.0,1,46.0,42.4615384615,30.0,0.768049155146,66.0,8.52701936034,39.0
2016-10-09,6,0,23.0,29.0,1,46.0,41.7692307692,30.0,0.842105263158,66.0,8.41385163931,44.0
2016-10-10,0,0,22.0,28.0,1,44.0,42.1538461538,30.0,0.921658986175,61.0,8.39272719815,58.0
2016-10-11,1,0,20.0,26.0,0,44.0,43.6153846154,30.0,1.06214689266,61.0,9.31944585294,37.0
2016-10-12,2,0,20.0,25.0,0,44.0,43.3076923077,30.0,1.05303030303,61.0,9.46560262931,43.0
2016-10-13,3,0,22.0,29.0,1,44.0,43.4615384615,31.0,1.0407239819,61.0,9.44307140888,49.0
2016-10-14,4,0,22.0,30.0,1,44.0,42.9230769231,31.0,0.977272727273,61.0,8.89651218142,50.0
2016-10-15,5,1,22.0,31.0,1,44.0,42.0769230769,31.0,1.08562691131,61.0,7.55962492417,58.0
2016-10-16,6,1,23.0,31.0,1,44.0,43.1538461538,31.0,1.18669690098,61.0,8.67220275315,50.0
2016-10-17,0,0,22.0,30.0,1,44.0,43.3076923077,31.0,1.1795446062,61.0,8.77395284468,34.0
2016-10-18,1,0,22.0,26.0,0,44.0,43.2307692308,31.0,1.06606606607,61.0,8.8505006043,54.0
2016-10-19,2,0,22.0,25.0,0,44.0,45.0,31.0,1.02108768036,61.0,8.52146610715,38.0
2016-10-20,3,0,23.0,30.0,1,43.0,45.4615384615,31.0,0.935412026726,61.0,7.94805621729,49.0
2016-10-21,4,0,23.0,26.0,0,43.0,46.3846153846,31.0,1.05499438833,61.0,7.60099650895,43.0
2016-10-22,5,1,24.0,31.0,1,43.0,46.6923076923,31.0,0.992745322642,61.0,7.37338890235,52.0
2016-10-23,6,1,25.0,31.0,0,44.0,47.3076923077,31.0,1.0896708286,61.0,7.45638204065,52.0
2016-10-24,0,0,25.0,30.0,0,44.0,46.8461538462,31.0,1.10734463277,61.0,6.94867064039,35.0
2016-10-25,1,0,25.0,31.0,0,44.0,46.6923076923,31.0,1.04708097928,61.0,7.18314924919,35.0
2016-10-26,2,0,25.0,32.0,1,43.0,46.0769230769,31.0,0.914885639295,61.0,7.79014701611,43.0
2016-10-27,3,0,25.0,32.0,1,43.0,45.6153846154,31.0,0.837037037037,61.0,7.78102684086,44.0
2016-10-28,4,0,24.0,32.0,1,43.0,45.1538461538,31.0,0.896729143697,61.0,7.68461153461,42.0
2016-10-29,5,1,20.0,28.0,1,43.0,43.9230769231,31.0,0.945054945055,61.0,6.75347817466,32.0
2016-10-30,6,1,19.0,25.0,1,43.0,42.5384615385,31.0,0.876020786934,61.0,7.19631726986,72.0
2016-10-31,0,0,19.0,26.0,1,43.0,45.4615384615,31.0,1.06725146199,72.0,10.2177476414,41.0
