time_stamp,dayofweek,holiday,lt,ht,sunny,m2M,w2A,m1L,d3w3,m1Lar,w2Std,pay_sum
2016-08-01,0,0,27.0,37.0,1,96.0,124.076923077,65.0,1.02120294245,148.0,17.1798698771,143.0
2016-08-02,1,0,27.0,35.0,0,97.0,126.384615385,65.0,0.989119683482,148.0,17.5479056894,121.0
2016-08-03,2,0,26.0,32.0,0,97.0,125.923076923,65.0,1.03972950127,148.0,17.6044641998,147.0
2016-08-04,3,0,27.0,33.0,0,100.0,127.0,65.0,1.14548494983,148.0,18.4140414651,116.0
2016-08-05,4,0,26.0,33.0,0,100.0,126.153846154,65.0,1.07202680067,148.0,18.6458745854,119.0
2016-08-06,5,1,26.0,34.0,0,102.0,127.384615385,65.0,1.04757987111,148.0,17.5741876343,119.0
2016-08-07,6,1,27.0,35.0,1,103.0,128.846153846,65.0,0.949698189135,148.0,15.9511087333,113.0
2016-08-08,0,0,26.0,34.0,0,105.0,126.153846154,65.0,0.939381774388,148.0,15.4364511358,146.0
2016-08-09,1,0,26.0,30.0,0,106.0,126.0,65.0,0.998415213946,148.0,15.2264951268,122.0
2016-08-10,2,0,27.0,35.0,0,107.0,125.461538462,65.0,1.00833664152,148.0,15.2346537393,121.0
2016-08-11,3,0,27.0,36.0,1,107.0,124.692307692,65.0,1.03443690999,148.0,15.1879740655,121.0
2016-08-12,4,0,27.0,36.0,1,108.0,122.692307692,65.0,0.970278555245,148.0,13.7638579978,150.0
2016-08-13,5,1,27.0,35.0,1,113.0,126.384615385,65.0,1.02564102564,150.0,14.150501277,120.0
2016-08-14,6,1,28.0,35.0,1,113.0,127.538461538,65.0,1.01505711319,150.0,12.917581249,88.0
2016-08-15,0,0,27.0,36.0,1,113.0,123.307692308,65.0,0.951621477937,150.0,15.8375630186,124.0
2016-08-16,1,0,26.0,36.0,1,113.0,123.538461538,88.0,0.8910359635,150.0,15.8241071427,120.0
2016-08-17,2,0,28.0,37.0,1,113.0,121.461538462,88.0,0.894276094276,150.0,14.3076923077,156.0
2016-08-18,3,0,28.0,37.0,1,114.0,124.538461538,88.0,1.06666666667,156.0,16.8733535248,117.0
2016-08-19,4,0,28.0,38.0,1,116.0,124.384615385,88.0,1.06072874494,156.0,16.9321653917,135.0
2016-08-20,5,1,27.0,37.0,0,116.0,125.615384615,88.0,1.08669596484,156.0,17.0769230769,114.0
2016-08-21,6,1,27.0,35.0,0,116.0,125.692307692,88.0,0.971337579618,156.0,17.0220879827,89.0
2016-08-22,0,0,27.0,36.0,1,116.0,121.307692308,88.0,0.916734472471,156.0,18.5031582144,170.0
2016-08-23,1,0,27.0,35.0,0,116.0,125.0,88.0,0.991889376413,170.0,22.6070104852,153.0
2016-08-24,2,0,27.0,35.0,1,116.0,127.461538462,88.0,1.09298315426,170.0,23.7506773494,155.0
2016-08-25,3,0,26.0,35.0,1,117.0,130.076923077,88.0,1.2486938349,170.0,24.7462865542,159.0
2016-08-26,4,0,25.0,34.0,0,119.0,130.769230769,88.0,1.20113168724,170.0,25.4109420591,131.0
2016-08-27,5,1,23.0,31.0,1,119.0,131.615384615,88.0,1.13927291347,170.0,25.2206827869,2.0
2016-08-28,6,1,21.0,31.0,1,119.0,125.0,2.0,0.780853055221,170.0,41.6930173087,2.0
2016-08-29,0,0,21.0,32.0,1,119.0,115.615384615,2.0,0.383141762452,170.0,53.0464795635,2.0
2016-08-30,1,0,21.0,32.0,1,119.0,106.538461538,2.0,0.0179452669358,170.0,61.0165367051,2.0
2016-08-31,2,0,21.0,33.0,1,119.0,94.6923076923,2.0,0.0189573459716,170.0,65.0779232511,2.0
2016-09-01,3,0,23.0,33.0,0,119.0,85.8461538462,2.0,0.0200904068307,170.0,69.1340349821,2.0
2016-09-02,4,0,22.0,34.0,1,119.0,75.6153846154,2.0,0.0217037438958,170.0,70.9209076925,2.0
2016-09-03,5,1,23.0,35.0,1,119.0,67.0,2.0,0.0231884057971,170.0,72.5194934006,2.0
2016-09-04,6,1,24.0,32.0,1,119.0,60.3076923077,2.0,0.0244051250763,170.0,74.1758665039,2.0
2016-09-05,0,0,24.0,30.0,0,119.0,47.3846153846,2.0,0.0263678312459,170.0,68.3447577884,2.0
2016-09-06,1,0,23.0,28.0,0,119.0,35.7692307692,2.0,0.0285918513224,170.0,61.9393671836,2.0
2016-09-07,2,0,21.0,27.0,0,119.0,24.0,2.0,0.0321285140562,170.0,51.8859696465,2.0
2016-09-08,3,0,22.0,30.0,1,119.0,11.9230769231,2.0,0.0353982300885,170.0,34.3745467964,2.0
2016-09-09,4,0,22.0,29.0,1,119.0,2.0,2.0,0.0401203610832,170.0,0.0,2.0
2016-09-10,5,1,22.0,28.0,0,119.0,2.0,2.0,0.045197740113,170.0,0.0,2.0
2016-09-11,6,1,21.0,25.0,0,119.0,2.0,2.0,0.0501253132832,170.0,0.0,2.0
2016-09-12,0,0,21.0,27.0,1,117.0,2.0,2.0,0.0634920634921,170.0,0.0,21.0
2016-09-13,1,0,21.0,28.0,0,116.0,3.46153846154,2.0,0.334672021419,170.0,5.0629177452,57.0
2016-09-14,2,0,21.0,25.0,0,116.0,7.69230769231,2.0,1.33333333333,170.0,15.1016281108,67.0
2016-09-15,3,1,22.0,25.0,0,116.0,12.6923076923,2.0,3.13852813853,170.0,21.7056696435,31.0
2016-09-16,4,1,23.0,27.0,0,116.0,14.9230769231,2.0,4.96794871795,170.0,21.9806262193,56.0
2016-09-17,5,1,22.0,27.0,1,116.0,19.0769230769,2.0,3.91857506361,170.0,24.1420843484,71.0
2016-09-18,6,0,22.0,26.0,0,114.0,24.3846153846,2.0,3.18227593152,170.0,27.1959795149,76.0
2016-09-19,0,0,20.0,27.0,1,113.0,30.0769230769,2.0,3.34156378601,170.0,29.55688528,36.0
2016-09-20,1,0,19.0,26.0,1,105.0,32.6923076923,2.0,2.77904328018,170.0,28.4399086209,36.0
2016-09-21,2,0,19.0,26.0,1,105.0,35.3076923077,2.0,2.08597603946,159.0,27.0253004406,33.0
2016-09-22,3,0,20.0,27.0,1,105.0,37.6923076923,2.0,1.38888888889,159.0,25.2933089826,24.0
2016-09-23,4,0,20.0,29.0,1,102.0,39.3846153846,2.0,1.17870722433,159.0,23.5226191031,30.0
2016-09-24,5,1,21.0,30.0,1,89.0,41.5384615385,2.0,1.04693140794,131.0,21.1646126448,35.0
2016-09-25,6,1,21.0,30.0,1,88.0,44.0769230769,2.0,1.01078932425,76.0,18.0147868258,5.0
2016-09-26,0,0,24.0,31.0,1,76.0,42.8461538462,2.0,0.790960451977,76.0,19.9878661417,32.0
2016-09-27,1,0,23.0,28.0,0,71.0,40.9230769231,2.0,0.774193548387,76.0,19.7346300016,42.0
2016-09-28,2,0,22.0,28.0,0,67.0,39.0,2.0,0.79797979798,76.0,18.2630353868,22.0
2016-09-29,3,0,22.0,25.0,0,57.0,38.3076923077,2.0,0.941176470588,76.0,18.7180892162,31.0
2016-09-30,4,0,22.0,29.0,0,56.0,36.3846153846,2.0,0.893276915844,76.0,18.0747952921,76.0
2016-10-01,5,1,23.0,30.0,0,56.0,36.7692307692,2.0,1.09833971903,76.0,18.8441129193,57.0
2016-10-02,6,1,22.0,30.0,1,56.0,35.3076923077,2.0,1.30469371519,76.0,16.3113203511,57.0
2016-10-03,0,1,21.0,27.0,0,56.0,36.9230769231,2.0,1.44927536232,76.0,17.3092307009,53.0
2016-10-04,1,1,20.0,27.0,1,53.0,38.2307692308,2.0,1.27969348659,76.0,17.8245890929,61.0
2016-10-05,2,1,21.0,27.0,1,53.0,40.3846153846,2.0,1.31944444444,76.0,18.7310456464,51.0
2016-10-06,3,1,22.0,27.0,0,51.0,42.4615384615,2.0,1.2443438914,76.0,18.2908778635,56.0
2016-10-07,4,1,20.0,23.0,0,51.0,44.4615384615,2.0,1.26696832579,76.0,18.2403415311,57.0
2016-10-08,5,0,17.0,22.0,0,51.0,46.1538461538,2.0,1.25670498084,76.0,18.3044599603,65.0
2016-10-09,6,0,16.0,22.0,1,51.0,50.7692307692,2.0,1.38145129996,76.0,14.5187085999,81.0
2016-10-10,0,0,15.0,21.0,1,51.0,54.5384615385,2.0,1.49705014749,81.0,15.4850567402,82.0
2016-10-11,1,0,17.0,23.0,1,51.0,57.6153846154,5.0,1.6,82.0,16.6203696226,89.0
2016-10-12,2,0,18.0,25.0,1,51.0,62.7692307692,5.0,1.66998011928,89.0,15.0953576468,85.0
2016-10-13,3,0,18.0,23.0,1,51.0,66.9230769231,5.0,1.5995001562,89.0,13.0764705804,81.0
2016-10-14,4,0,19.0,22.0,0,51.0,67.3076923077,5.0,1.52057245081,89.0,13.4071428459,81.0
2016-10-15,5,1,20.0,23.0,0,51.0,69.1538461538,5.0,1.41466208477,89.0,13.5126502203,77.0
2016-10-16,6,1,20.0,26.0,0,51.0,70.6923076923,5.0,1.28910463862,89.0,13.1756454542,114.0
2016-10-17,0,0,20.0,24.0,0,51.0,75.3846153846,5.0,1.37582195245,114.0,16.4856042634,98.0
2016-10-18,1,0,20.0,24.0,0,51.0,78.2307692308,5.0,1.40223192625,114.0,16.9440429566,83.0
2016-10-19,2,0,20.0,24.0,0,51.0,80.6923076923,5.0,1.37049941928,114.0,15.0250284289,84.0
2016-10-20,3,0,21.0,25.0,0,51.0,82.8461538462,5.0,1.18727598566,114.0,13.2307692308,82.0
2016-10-21,4,0,21.0,25.0,0,51.0,84.7692307692,5.0,1.11111111111,114.0,10.9555314175,92.0
2016-10-22,5,1,20.0,23.0,0,51.0,86.8461538462,5.0,1.12491824722,114.0,9.4693526206,104.0
2016-10-23,6,1,17.0,23.0,0,51.0,88.6153846154,5.0,1.17597292724,114.0,10.3220336513,89.0
2016-10-24,0,0,19.0,24.0,1,51.0,89.1538461538,5.0,1.17866004963,114.0,10.1439345564,99.0
2016-10-25,1,0,19.0,23.0,1,51.0,89.9230769231,22.0,1.1797979798,114.0,10.4767988245,92.0
2016-10-26,2,0,19.0,24.0,0,53.0,90.4615384615,22.0,1.10388330377,114.0,10.3894575605,70.0
2016-10-27,3,0,18.0,24.0,0,56.0,89.6153846154,22.0,1.02052785924,114.0,11.5127919593,81.0
2016-10-28,4,0,15.0,19.0,0,56.0,89.6153846154,31.0,0.936957779063,114.0,11.5127919593,82.0
2016-10-29,5,1,12.0,15.0,0,57.0,90.0,51.0,0.889652539137,114.0,11.163126113,92.0
2016-10-30,6,1,14.0,18.0,1,57.0,88.3076923077,51.0,0.967558338076,114.0,8.81767992671,71.0
2016-10-31,0,0,12.0,17.0,0,57.0,86.2307692308,51.0,0.935471554028,114.0,9.4474566879,85.0
