time_stamp,dayofweek,holiday,lt,ht,sunny,m2M,w2A,m1L,d3w3,m1Lar,w2Std,pay_sum
2016-08-01,0,0,26.0,33.0,0,96.0,92.8461538462,68.0,1.03859649123,146.0,13.7552571983,113.0
2016-08-02,1,0,24.0,31.0,0,96.0,94.0769230769,68.0,1.11511408475,146.0,14.7515920312,97.0
2016-08-03,2,0,24.0,32.0,1,96.0,94.3846153846,68.0,1.086622245,146.0,14.7676281182,72.0
2016-08-04,3,0,24.0,30.0,0,94.0,92.7692307692,68.0,0.974598237429,146.0,15.9332928952,93.0
2016-08-05,4,0,24.0,30.0,0,94.0,92.5384615385,68.0,0.92123769339,146.0,15.9065317238,104.0
2016-08-06,5,1,24.0,28.0,0,96.0,92.0,68.0,0.947850599013,146.0,15.3823075192,112.0
2016-08-07,6,1,24.0,31.0,0,96.0,91.9230769231,68.0,1.09516214779,146.0,15.2792546056,124.0
2016-08-08,0,0,24.0,29.0,1,96.0,94.5384615385,68.0,1.17932708984,126.0,17.477965841,105.0
2016-08-09,1,0,24.0,30.0,0,97.0,96.7692307692,68.0,1.17789291883,126.0,16.807296246,504.0
2016-08-10,2,0,26.0,33.0,1,97.0,130.307692308,68.0,2.08742702549,504.0,108.860803581,345.0
2016-08-11,3,0,27.0,34.0,1,98.0,151.153846154,68.0,2.45275742383,504.0,121.317032956,364.0
2016-08-12,4,0,26.0,35.0,1,100.0,172.692307692,68.0,2.82651753466,504.0,131.878373229,361.0
2016-08-13,5,1,26.0,35.0,1,100.0,192.461538462,68.0,2.29293903354,504.0,139.161010999,366.0
2016-08-14,6,1,26.0,33.0,0,100.0,212.307692308,68.0,2.16210860087,504.0,144.013025381,319.0
2016-08-15,0,0,25.0,32.0,0,102.0,228.153846154,68.0,1.94081083588,504.0,143.546747226,114.0
2016-08-16,1,0,23.0,28.0,1,102.0,229.461538462,68.0,1.46699715414,504.0,142.419000129,117.0
2016-08-17,2,0,24.0,31.0,1,102.0,232.923076923,68.0,0.996376811594,504.0,139.056967595,110.0
2016-08-18,3,0,27.0,35.0,1,103.0,234.230769231,68.0,0.611768927162,504.0,137.809318567,115.0
2016-08-19,4,0,25.0,33.0,1,104.0,235.076923077,68.0,0.608486789432,504.0,137.038715214,116.0
2016-08-20,5,1,23.0,32.0,1,104.0,235.384615385,68.0,0.604770772369,504.0,136.766245533,110.0
2016-08-21,6,1,25.0,30.0,1,104.0,234.307692308,68.0,0.60444917132,504.0,137.691061447,127.0
2016-08-22,0,0,25.0,31.0,1,105.0,236.0,68.0,0.623399558499,504.0,136.218715533,110.0
2016-08-23,1,0,26.0,31.0,0,106.0,205.692307692,68.0,0.610700457585,504.0,115.469865943,99.0
2016-08-24,2,0,27.0,34.0,1,105.0,186.769230769,68.0,0.587155963303,504.0,111.166648185,122.0
2016-08-25,3,0,21.0,31.0,0,105.0,168.153846154,68.0,0.574054804024,504.0,99.5890372047,84.0
2016-08-26,4,0,18.0,27.0,1,105.0,146.846153846,72.0,0.531729428173,504.0,84.5457055761,98.0
2016-08-27,5,1,17.0,28.0,1,105.0,126.230769231,72.0,0.531933508311,504.0,56.6747180729,123.0
2016-08-28,6,1,19.0,31.0,1,108.0,111.153846154,72.0,0.533823400718,504.0,11.2717902055,107.0
2016-08-29,0,0,18.0,29.0,1,108.0,110.615384615,72.0,0.573777661156,504.0,11.2901486094,90.0
2016-08-30,1,0,21.0,31.0,1,108.0,108.538461538,72.0,0.628005102541,504.0,12.3575911557,113.0
2016-08-31,2,0,22.0,34.0,1,108.0,108.769230769,72.0,0.652975250132,504.0,12.410627246,106.0
2016-09-01,3,0,22.0,35.0,1,107.0,108.076923077,72.0,0.708634330925,504.0,12.2942233994,85.0
2016-09-02,4,0,20.0,35.0,1,107.0,105.692307692,84.0,0.770302799949,504.0,13.4758166037,102.0
2016-09-03,5,1,22.0,33.0,1,107.0,105.076923077,84.0,0.82523588227,504.0,13.4476851795,89.0
2016-09-04,6,1,20.0,33.0,1,107.0,102.153846154,84.0,0.861020121666,504.0,12.4582141815,108.0
2016-09-05,0,0,22.0,34.0,1,108.0,102.0,84.0,0.935398091663,504.0,12.3724259172,72.0
2016-09-06,1,0,21.0,32.0,1,107.0,99.9230769231,72.0,0.859699584532,504.0,14.74115922,72.0
2016-09-07,2,0,20.0,31.0,1,106.0,96.0769230769,72.0,0.8203125,504.0,14.99980276,73.0
2016-09-08,3,0,20.0,34.0,1,105.0,95.2307692308,72.0,0.721169823862,366.0,15.9381199845,91.0
2016-09-09,4,0,20.0,33.0,1,105.0,94.6923076923,72.0,0.794211677604,366.0,15.9537052141,84.0
2016-09-10,5,1,19.0,32.0,1,105.0,91.6923076923,72.0,0.845694799659,366.0,13.8807260694,125.0
2016-09-11,6,1,20.0,32.0,1,106.0,93.0769230769,72.0,1.02406554019,366.0,16.0645885698,101.0
2016-09-12,0,0,21.0,30.0,1,106.0,93.9230769231,72.0,1.06310013717,319.0,16.1695893981,84.0
2016-09-13,1,0,20.0,27.0,0,105.0,91.6923076923,72.0,1.07136685675,127.0,15.3642172465,73.0
2016-09-14,2,0,20.0,30.0,1,104.0,89.1538461538,72.0,0.914893617021,127.0,15.5159776402,74.0
2016-09-15,3,1,20.0,30.0,1,104.0,88.3076923077,72.0,0.823529411765,127.0,16.0114603926,85.0
2016-09-16,4,1,20.0,30.0,1,104.0,87.0,72.0,0.832884580865,127.0,15.5266520241,82.0
2016-09-17,5,1,20.0,30.0,1,104.0,86.4615384615,72.0,0.884728340675,127.0,15.5692763757,101.0
2016-09-18,6,0,19.0,27.0,1,104.0,85.9230769231,72.0,0.987108655617,127.0,14.9226804071,62.0
2016-09-19,0,0,16.0,25.0,1,104.0,85.1538461538,62.0,0.916573138795,127.0,15.8495142068,71.0
2016-09-20,1,0,16.0,26.0,1,104.0,85.0769230769,62.0,0.896551724138,125.0,15.915457114,82.0
2016-09-21,2,0,18.0,29.0,1,102.0,85.7692307692,62.0,0.835275835276,125.0,15.566995887,83.0
2016-09-22,3,0,19.0,31.0,1,101.0,85.1538461538,62.0,0.917930766239,125.0,15.5060591326,89.0
2016-09-23,4,0,19.0,32.0,1,101.0,85.5384615385,62.0,0.995492847345,125.0,15.5346529986,114.0
2016-09-24,5,1,20.0,29.0,1,102.0,84.6923076923,62.0,1.10467361916,125.0,13.5327785275,114.0
2016-09-25,6,1,19.0,24.0,0,104.0,85.6923076923,62.0,1.22016936105,125.0,15.0914372838,113.0
2016-09-26,0,0,20.0,23.0,0,104.0,87.9230769231,62.0,1.28219590149,125.0,16.730725022,80.0
2016-09-27,1,0,17.0,24.0,1,104.0,88.4615384615,62.0,1.14916713457,125.0,16.3500900238,63.0
2016-09-28,2,0,13.0,21.0,1,104.0,87.6153846154,62.0,0.963674007152,125.0,17.3317781126,71.0
2016-09-29,3,0,13.0,23.0,1,102.0,86.5384615385,62.0,0.814772510946,125.0,17.8868898471,104.0
2016-09-30,4,0,15.0,23.0,1,102.0,88.2307692308,62.0,0.895915678524,125.0,18.4105063907,119.0
2016-10-01,5,1,17.0,26.0,1,104.0,89.6153846154,62.0,1.1104815864,125.0,19.9327270956,114.0
2016-10-02,6,1,16.0,28.0,1,104.0,93.6153846154,62.0,1.26359205099,125.0,19.1935023522,76.0
2016-10-03,0,1,18.0,31.0,1,104.0,94.0,62.0,1.16384180791,125.0,18.7821519206,81.0
2016-10-04,1,1,19.0,29.0,1,104.0,93.9230769231,62.0,1.01612298463,125.0,18.8331195114,95.0
2016-10-05,2,1,17.0,26.0,1,102.0,94.8461538462,62.0,0.933852140078,125.0,18.5673251205,98.0
2016-10-06,3,1,16.0,22.0,1,101.0,95.5384615385,62.0,1.0080941869,125.0,18.5041175651,98.0
2016-10-07,4,1,15.0,22.0,0,101.0,94.3076923077,62.0,1.06126914661,125.0,17.7520729684,113.0
2016-10-08,5,0,13.0,21.0,1,101.0,94.2307692308,62.0,1.11956521739,125.0,17.6685459162,72.0
2016-10-09,6,0,12.0,17.0,1,99.0,91.0769230769,62.0,1.01981981982,125.0,17.6959862397,63.0
2016-10-10,0,0,13.0,20.0,1,98.0,89.7692307692,62.0,0.897575099529,119.0,19.0430841319,62.0
2016-10-11,1,0,14.0,21.0,1,98.0,89.6923076923,62.0,0.720819612148,119.0,19.1527648753,79.0
2016-10-12,2,0,14.0,19.0,1,98.0,90.3076923077,62.0,0.748074807481,119.0,18.6645885008,77.0
2016-10-13,3,0,13.0,21.0,1,95.0,88.2307692308,62.0,0.804724990772,119.0,18.5271270808,78.0
2016-10-14,4,0,15.0,20.0,1,91.0,85.0769230769,62.0,0.881355932203,119.0,16.3869626343,115.0
2016-10-15,5,1,14.0,17.0,0,91.0,85.1538461538,62.0,1.01637492942,119.0,16.5243231159,109.0
2016-10-16,6,1,14.0,24.0,1,91.0,87.6923076923,62.0,1.13940765893,119.0,17.4328805836,88.0
2016-10-17,0,0,13.0,25.0,1,90.0,88.2307692308,62.0,1.17183098592,119.0,17.3256317285,70.0
2016-10-18,1,0,14.0,24.0,1,89.0,86.3076923077,62.0,0.998877665544,119.0,17.8471485134,78.0
2016-10-19,2,0,15.0,25.0,1,89.0,84.7692307692,62.0,0.879448481461,119.0,17.6336821328,72.0
2016-10-20,3,0,14.0,20.0,0,88.0,82.7692307692,62.0,0.834756213242,119.0,17.4935321945,79.0
2016-10-21,4,0,13.0,15.0,0,85.0,80.1538461538,62.0,0.889147738303,119.0,15.1649705361,95.0
2016-10-22,5,1,9.0,16.0,1,85.0,81.9230769231,62.0,0.965842167256,119.0,15.4494786492,139.0
2016-10-23,6,1,8.0,10.0,0,85.0,87.7692307692,62.0,1.18493280333,139.0,20.6775755392,100.0
2016-10-24,0,0,7.0,12.0,0,88.0,90.6923076923,62.0,1.25093632959,139.0,19.4793169024,72.0
2016-10-25,1,0,9.0,18.0,1,85.0,90.1538461538,62.0,1.18004173781,139.0,19.8875537183,87.0
2016-10-26,2,0,11.0,16.0,0,85.0,90.9230769231,62.0,0.988927071401,139.0,19.5545058292,87.0
2016-10-27,3,0,9.0,13.0,0,85.0,91.6153846154,62.0,0.945244956772,139.0,19.2415354478,105.0
2016-10-28,4,0,9.0,13.0,1,85.0,90.8461538462,62.0,1.07701215981,139.0,18.4759559088,85.0
2016-10-29,5,1,6.0,14.0,1,85.0,89.0,62.0,1.06130268199,139.0,17.7547393456,128.0
2016-10-30,6,1,9.0,16.0,1,85.0,92.0769230769,62.0,1.17451523546,139.0,20.5593382805,112.0
2016-10-31,0,0,2.0,10.0,1,85.0,95.3076923077,62.0,1.16801437556,139.0,20.1318141465,69.0
