time_stamp,dayofweek,holiday,lt,ht,sunny,m2M,w2A,m1L,d3w3,m1Lar,w2Std,pay_sum
2016-08-01,0,0,25.0,34.0,0,192.0,213.0,139.0,1.09988249119,302.0,36.5955020355,259.0
2016-08-02,1,0,24.0,27.0,0,195.0,219.0,139.0,1.18077803204,302.0,37.2455469718,190.0
2016-08-03,2,0,26.0,30.0,0,192.0,218.076923077,144.0,1.12076852699,302.0,37.8000031308,178.0
2016-08-04,3,0,26.0,33.0,0,192.0,216.307692308,144.0,0.959155575952,302.0,39.0746516602,205.0
2016-08-05,4,0,27.0,34.0,0,192.0,216.692307692,144.0,0.876750057379,302.0,38.9366045207,223.0
2016-08-06,5,1,27.0,35.0,1,195.0,214.461538462,144.0,0.92959042798,302.0,37.6596404751,276.0
2016-08-07,6,1,27.0,36.0,1,195.0,213.846153846,144.0,1.08641975309,302.0,36.5678424383,280.0
2016-08-08,0,0,28.0,36.0,0,195.0,220.923076923,144.0,1.18569254186,302.0,39.6532306152,216.0
2016-08-09,1,0,27.0,35.0,1,195.0,222.846153846,144.0,1.16572291431,302.0,38.751369512,195.0
2016-08-10,2,0,28.0,32.0,0,195.0,224.692307692,144.0,1.04506957048,302.0,36.7578031807,215.0
2016-08-11,3,0,26.0,33.0,0,197.0,226.076923077,171.0,0.943766018393,302.0,36.020211289,208.0
2016-08-12,4,0,26.0,28.0,0,198.0,227.692307692,171.0,0.930022573363,302.0,34.6773803806,215.0
2016-08-13,5,1,25.0,31.0,0,200.0,226.615384615,171.0,0.968206995978,302.0,34.8370679274,243.0
2016-08-14,6,1,26.0,32.0,0,201.0,223.307692308,171.0,1.02022058824,302.0,30.8554561074,281.0
2016-08-15,0,0,26.0,31.0,0,202.0,225.0,171.0,1.10836145482,302.0,33.2750772986,191.0
2016-08-16,1,0,25.0,32.0,0,202.0,225.076923077,171.0,1.07236595426,286.0,33.1951375922,193.0
2016-08-17,2,0,26.0,31.0,0,201.0,226.230769231,171.0,0.992463249011,286.0,31.7687651298,211.0
2016-08-18,3,0,25.0,29.0,0,201.0,226.692307692,171.0,0.885219073124,286.0,31.4994129747,226.0
2016-08-19,4,0,26.0,31.0,0,202.0,226.923076923,171.0,0.929203539823,286.0,31.4825019494,218.0
2016-08-20,5,1,27.0,34.0,1,205.0,222.461538462,171.0,0.968433503364,286.0,28.1441765656,309.0
2016-08-21,6,1,26.0,35.0,0,206.0,224.692307692,171.0,1.10767872904,309.0,33.2944546443,338.0
2016-08-22,0,0,27.0,35.0,1,208.0,234.076923077,171.0,1.25063254536,338.0,44.7462272384,243.0
2016-08-23,1,0,27.0,35.0,1,211.0,237.769230769,171.0,1.27215551744,338.0,43.3272943751,206.0
2016-08-24,2,0,28.0,36.0,1,208.0,237.076923077,171.0,1.1182154021,338.0,43.755371606,245.0
2016-08-25,3,0,27.0,35.0,0,208.0,239.923076923,171.0,0.977740208509,338.0,42.9677187208,217.0
2016-08-26,4,0,26.0,35.0,0,211.0,240.076923077,178.0,0.942304979546,338.0,42.8817004873,234.0
2016-08-27,5,1,25.0,32.0,0,215.0,239.384615385,178.0,0.990606319385,338.0,42.9015661567,331.0
2016-08-28,6,1,26.0,33.0,1,215.0,243.230769231,178.0,1.10102076734,338.0,48.3547051981,339.0
2016-08-29,0,0,25.0,32.0,1,216.0,254.615384615,178.0,1.24056539042,339.0,52.0022757809,214.0
2016-08-30,1,0,26.0,34.0,1,215.0,256.230769231,178.0,1.20839313786,339.0,50.3635305266,236.0
2016-08-31,2,0,26.0,33.0,0,215.0,258.153846154,178.0,1.07390771744,339.0,49.0601611115,262.0
2016-09-01,3,0,25.0,33.0,0,215.0,260.923076923,178.0,0.958535271944,339.0,48.1750997579,193.0
2016-09-02,4,0,28.0,33.0,0,215.0,259.0,191.0,0.934415145368,339.0,50.3021638929,235.0
2016-09-03,5,1,25.0,29.0,0,216.0,253.307692308,191.0,0.934579439252,339.0,48.4758220708,310.0
2016-09-04,6,1,26.0,32.0,0,217.0,251.153846154,191.0,0.993738638659,339.0,45.1746119201,349.0
2016-09-05,0,0,26.0,31.0,0,218.0,259.307692308,191.0,1.16656880016,349.0,52.0153595886,184.0
2016-09-06,1,0,26.0,32.0,0,217.0,257.615384615,184.0,1.10196078431,349.0,54.0406377881,226.0
2016-09-07,2,0,26.0,32.0,0,217.0,256.153846154,184.0,0.989247311828,349.0,54.6159263245,211.0
2016-09-08,3,0,26.0,32.0,0,216.0,255.692307692,184.0,0.811764705882,349.0,54.96906069,172.0
2016-09-09,4,0,26.0,32.0,0,216.0,250.923076923,172.0,0.803324099723,349.0,59.1730987975,226.0
2016-09-10,5,1,25.0,30.0,0,217.0,242.846153846,172.0,0.816737075035,349.0,54.6877094248,242.0
2016-09-11,6,1,26.0,30.0,0,218.0,235.384615385,172.0,0.875213675214,349.0,47.1585516538,298.0
2016-09-12,0,0,25.0,32.0,1,220.0,241.846153846,172.0,1.03583502366,349.0,49.4832468213,198.0
2016-09-13,1,0,26.0,34.0,1,220.0,238.923076923,172.0,0.999593661113,349.0,50.8458629108,192.0
2016-09-14,2,0,26.0,34.0,1,218.0,233.538461538,172.0,0.942014102827,349.0,51.8141878173,201.0
2016-09-15,3,1,26.0,33.0,1,217.0,234.153846154,172.0,0.811868947043,349.0,51.3747111597,379.0
2016-09-16,4,1,26.0,34.0,1,217.0,245.230769231,172.0,1.02974523143,379.0,64.2688509863,277.0
2016-09-17,5,1,26.0,33.0,1,218.0,242.692307692,172.0,1.15560949299,379.0,62.2814759661,228.0
2016-09-18,6,0,25.0,32.0,1,223.0,233.384615385,172.0,1.219394441,379.0,54.2182746108,186.0
2016-09-19,0,0,24.0,31.0,1,223.0,233.538461538,172.0,0.958723551856,379.0,54.0805885616,166.0
2016-09-20,1,0,23.0,30.0,1,223.0,228.923076923,166.0,0.816613868356,379.0,57.0080446934,106.0
2016-09-21,2,0,25.0,31.0,1,218.0,220.846153846,106.0,0.666812258863,379.0,65.7440797614,183.0
2016-09-22,3,0,25.0,32.0,1,217.0,221.692307692,106.0,0.663894360546,379.0,65.1783170828,194.0
2016-09-23,4,0,25.0,32.0,1,217.0,219.230769231,106.0,0.711130742049,379.0,65.5722195471,205.0
2016-09-24,5,1,25.0,32.0,1,217.0,216.384615385,106.0,0.877232647524,379.0,65.3246784107,266.0
2016-09-25,6,1,26.0,33.0,1,218.0,213.923076923,106.0,1.02150537634,379.0,62.7552774838,299.0
2016-09-26,0,0,27.0,35.0,1,223.0,221.692307692,106.0,1.15226337449,379.0,66.4464904617,168.0
2016-09-27,1,0,28.0,35.0,1,223.0,219.846153846,106.0,1.11136380866,379.0,67.5697316781,188.0
2016-09-28,2,0,27.0,35.0,1,218.0,218.846153846,106.0,0.998323426307,379.0,67.936447852,159.0
2016-09-29,3,0,22.0,25.0,0,217.0,201.923076923,106.0,0.787281204617,379.0,51.2977155564,131.0
2016-09-30,4,0,20.0,24.0,0,216.0,190.692307692,106.0,0.746991717456,379.0,49.5850235072,186.0
2016-10-01,5,1,20.0,25.0,0,216.0,187.461538462,106.0,0.753760886778,379.0,48.403139416,245.0
2016-10-02,6,1,23.0,30.0,1,217.0,192.0,106.0,0.901290995109,379.0,50.7618875808,226.0
2016-10-03,0,1,26.0,32.0,1,218.0,196.615384615,106.0,1.04659498208,379.0,50.9155234928,247.0
2016-10-04,1,1,25.0,31.0,1,218.0,207.461538462,106.0,1.12893081761,379.0,45.1486696024,191.0
2016-10-05,2,1,25.0,32.0,1,217.0,208.076923077,106.0,1.04649330181,379.0,44.8646880819,188.0
2016-10-06,3,1,26.0,33.0,1,216.0,207.615384615,106.0,1.03325905752,379.0,45.0376568279,195.0
2016-10-07,4,1,26.0,33.0,1,215.0,206.846153846,106.0,0.967062589504,379.0,45.1609875102,228.0
2016-10-08,5,0,24.0,31.0,1,217.0,203.923076923,106.0,1.02939937663,379.0,42.3818929741,177.0
2016-10-09,6,0,23.0,28.0,1,217.0,194.538461538,106.0,1.01317122594,379.0,32.68877809,221.0
2016-10-10,0,0,24.0,28.0,1,218.0,198.615384615,106.0,1.04255141977,379.0,32.4287110718,166.0
2016-10-11,1,0,24.0,29.0,1,218.0,196.923076923,106.0,0.925424563131,379.0,33.4950318669,175.0
2016-10-12,2,0,21.0,25.0,0,217.0,198.153846154,106.0,0.923962186601,379.0,32.3534474536,184.0
2016-10-13,3,0,23.0,28.0,1,214.0,202.230769231,106.0,0.865265760198,379.0,26.4317811215,163.0
2016-10-14,4,0,23.0,30.0,1,214.0,200.461538462,106.0,0.869347989008,379.0,28.1714950987,156.0
2016-10-15,5,1,22.0,30.0,1,214.0,193.615384615,106.0,0.861375117733,299.0,27.3173330761,255.0
2016-10-16,6,1,24.0,32.0,1,217.0,195.846153846,106.0,0.994197627089,299.0,30.829172383,326.0
2016-10-17,0,0,24.0,32.0,1,217.0,201.923076923,106.0,1.2261875052,326.0,44.8921126162,164.0
2016-10-18,1,0,22.0,24.0,0,214.0,199.846153846,106.0,1.24696627333,326.0,45.9612648849,150.0
2016-10-19,2,0,23.0,26.0,0,211.0,196.923076923,106.0,1.07364536152,326.0,47.7935649651,219.0
2016-10-20,3,0,24.0,30.0,1,211.0,198.769230769,131.0,0.8747743312,326.0,48.1458582709,187.0
2016-10-21,4,0,23.0,28.0,0,206.0,195.615384615,131.0,0.912297973583,326.0,47.465839476,193.0
2016-10-22,5,1,24.0,30.0,1,205.0,196.846153846,131.0,0.995595445857,326.0,47.173731533,330.0
2016-10-23,6,1,25.0,31.0,1,205.0,205.230769231,131.0,1.15026326448,330.0,58.9408488965,348.0
2016-10-24,0,0,25.0,29.0,0,205.0,219.230769231,131.0,1.37729285262,348.0,68.7572696533,159.0
2016-10-25,1,0,25.0,30.0,0,201.0,218.0,131.0,1.33365200765,348.0,69.6750700367,167.0
2016-10-26,2,0,25.0,32.0,1,198.0,216.692307692,131.0,1.07934982785,348.0,70.4560797348,146.0
2016-10-27,3,0,24.0,32.0,1,195.0,215.384615385,131.0,0.764867930643,348.0,71.5891466436,477.0
2016-10-28,4,0,23.0,32.0,1,195.0,240.076923077,131.0,1.20712048285,477.0,97.5132823603,177.0
2016-10-29,5,1,20.0,27.0,1,194.0,234.076923077,146.0,1.22240048896,477.0,98.8016361889,211.0
2016-10-30,6,1,19.0,27.0,1,194.0,225.230769231,146.0,1.32475687265,477.0,95.260092416,298.0
2016-10-31,0,0,19.0,26.0,1,195.0,235.538461538,146.0,1.01969528056,477.0,95.3266573296,147.0
