time_stamp,dayofweek,holiday,lt,ht,sunny,m2M,w2A,m1L,d3w3,m1Lar,w2Std,pay_sum
2016-08-01,0,0,24.0,30.0,1,163.0,184.769230769,78.0,1.30050159599,311.0,68.3116769455,139.0
2016-08-02,1,0,24.0,33.0,1,162.0,188.076923077,78.0,1.24634502924,311.0,64.8886164468,150.0
2016-08-03,2,0,25.0,34.0,1,161.0,193.615384615,78.0,1.05397520058,311.0,57.9595860015,167.0
2016-08-04,3,0,25.0,33.0,1,161.0,194.384615385,78.0,0.826086956522,311.0,57.5333193918,151.0
2016-08-05,4,0,25.0,32.0,1,161.0,191.846153846,78.0,0.850136239782,311.0,58.6526229381,202.0
2016-08-06,5,1,24.0,33.0,1,162.0,186.153846154,78.0,0.965376403973,311.0,53.5807746144,322.0
2016-08-07,6,1,23.0,31.0,1,162.0,188.384615385,78.0,1.22149837134,322.0,58.3721989432,351.0
2016-08-08,0,0,24.0,32.0,1,162.0,203.923076923,78.0,1.50188808788,351.0,71.2789337079,175.0
2016-08-09,1,0,25.0,33.0,1,162.0,206.461538462,78.0,1.42652872403,351.0,69.5962149552,218.0
2016-08-10,2,0,26.0,33.0,1,162.0,210.769230769,78.0,1.2088715574,351.0,68.4343074625,180.0
2016-08-11,3,0,27.0,34.0,1,167.0,212.923076923,78.0,0.925836160931,351.0,66.9758412684,198.0
2016-08-12,4,0,25.0,29.0,0,170.0,215.076923077,78.0,0.959742351047,351.0,66.0040343038,186.0
2016-08-13,5,1,24.0,31.0,0,175.0,209.846153846,78.0,0.928395061728,351.0,65.4038885622,367.0
2016-08-14,6,1,24.0,33.0,1,177.0,215.846153846,78.0,1.21403168445,367.0,75.2297467289,372.0
2016-08-15,0,0,21.0,29.0,0,177.0,233.769230769,78.0,1.41860286788,372.0,82.2174919122,221.0
2016-08-16,1,0,23.0,31.0,1,177.0,239.230769231,78.0,1.44600090375,372.0,78.7568349621,194.0
2016-08-17,2,0,23.0,28.0,0,177.0,241.307692308,78.0,1.17691042321,372.0,77.1645440854,215.0
2016-08-18,3,0,22.0,24.0,0,177.0,246.230769231,78.0,0.92899800929,372.0,73.1848595588,169.0
2016-08-19,4,0,22.0,32.0,1,177.0,243.692307692,139.0,0.852507374631,372.0,75.2190489533,308.0
2016-08-20,5,1,23.0,31.0,1,180.0,242.615384615,139.0,1.00859932954,372.0,74.1832849321,380.0
2016-08-21,6,1,23.0,34.0,1,184.0,244.846153846,139.0,1.2247231154,380.0,77.758844319,383.0
2016-08-22,0,0,23.0,32.0,1,186.0,260.846153846,139.0,1.4544713791,383.0,82.9660228452,254.0
2016-08-23,1,0,24.0,30.0,0,186.0,263.615384615,139.0,1.35248354279,383.0,82.0858260617,219.0
2016-08-24,2,0,24.0,31.0,0,186.0,266.615384615,139.0,1.12668641,383.0,79.6516825469,262.0
2016-08-25,3,0,18.0,30.0,1,186.0,271.538461538,139.0,0.946676970634,383.0,77.1986601962,218.0
2016-08-26,4,0,17.0,29.0,1,194.0,274.0,139.0,0.897534668721,383.0,74.908148884,283.0
2016-08-27,5,1,20.0,32.0,1,198.0,267.538461538,139.0,0.987127239796,383.0,70.0742632274,472.0
2016-08-28,6,1,18.0,31.0,1,202.0,275.230769231,139.0,1.22993300468,472.0,85.0150700181,416.0
2016-08-29,0,0,19.0,31.0,1,202.0,290.230769231,139.0,1.41553339377,472.0,91.1078429843,219.0
2016-08-30,1,0,19.0,31.0,1,202.0,292.153846154,139.0,1.33792603336,472.0,89.3022922902,235.0
2016-08-31,2,0,19.0,33.0,1,202.0,293.692307692,150.0,1.04110572608,472.0,88.1243741847,218.0
2016-09-01,3,0,19.0,27.0,1,202.0,297.461538462,151.0,0.801287783938,472.0,83.64449992,222.0
2016-09-02,4,0,19.0,28.0,1,215.0,290.846153846,151.0,0.799715656655,472.0,85.9193236561,266.0
2016-09-03,5,1,20.0,30.0,1,217.0,282.076923077,169.0,0.851731210037,472.0,82.1054308505,437.0
2016-09-04,6,1,18.0,29.0,0,218.0,286.230769231,169.0,1.10296309545,472.0,88.2428065023,446.0
2016-09-05,0,0,20.0,31.0,1,218.0,301.0,169.0,1.31705639615,472.0,97.22297924,217.0
2016-09-06,1,0,21.0,30.0,1,218.0,300.846153846,169.0,1.25592281783,472.0,97.3541087228,192.0
2016-09-07,2,0,19.0,31.0,1,218.0,295.461538462,169.0,0.980055020633,472.0,101.213115131,167.0
2016-09-08,3,0,18.0,31.0,1,217.0,291.538461538,167.0,0.660474716202,472.0,105.055015173,209.0
2016-09-09,4,0,19.0,31.0,1,217.0,285.846153846,167.0,0.662583843686,472.0,107.343335685,275.0
2016-09-10,5,1,18.0,30.0,1,218.0,270.692307692,167.0,0.773618538324,472.0,92.9320550935,437.0
2016-09-11,6,1,18.0,25.0,0,218.0,272.307692308,167.0,1.08403954802,472.0,95.5883679883,417.0
2016-09-12,0,0,18.0,27.0,1,218.0,287.538461538,167.0,1.29168811853,472.0,101.474222103,167.0
2016-09-13,1,0,19.0,27.0,1,218.0,282.307692308,167.0,1.17864357864,472.0,105.711788598,183.0
2016-09-14,2,0,20.0,30.0,1,218.0,279.615384615,167.0,0.897705992509,472.0,107.741527214,244.0
2016-09-15,3,1,21.0,30.0,1,218.0,281.307692308,167.0,0.69206571129,472.0,106.993446683,356.0
2016-09-16,4,1,20.0,30.0,0,218.0,288.230769231,167.0,0.900776531493,472.0,108.677471904,386.0
2016-09-17,5,1,17.0,24.0,1,219.0,284.307692308,167.0,1.15139837683,472.0,104.058699866,278.0
2016-09-18,6,0,15.0,22.0,0,219.0,271.384615385,167.0,1.22060671334,472.0,93.0223616305,170.0
2016-09-19,0,0,13.0,25.0,1,219.0,267.769230769,167.0,1.00688156465,472.0,95.9335938964,185.0
2016-09-20,1,0,14.0,26.0,1,219.0,267.230769231,167.0,0.771198830409,472.0,96.3759895459,158.0
2016-09-21,2,0,16.0,23.0,0,219.0,266.538461538,158.0,0.631929046563,472.0,97.122931923,156.0
2016-09-22,3,0,17.0,26.0,0,218.0,262.461538462,156.0,0.622272103754,472.0,100.506115684,172.0
2016-09-23,4,0,19.0,27.0,1,218.0,254.538461538,156.0,0.616907844631,472.0,103.228361774,220.0
2016-09-24,5,1,20.0,29.0,1,219.0,237.846153846,156.0,0.72558755379,472.0,88.9285332369,472.0
2016-09-25,6,1,19.0,27.0,1,219.0,242.076923077,156.0,1.13811499704,472.0,98.178378897,379.0
2016-09-26,0,0,19.0,24.0,0,220.0,258.384615385,156.0,1.36703044227,472.0,101.890241445,126.0
2016-09-27,1,0,12.0,23.0,1,220.0,254.0,126.0,1.26300820891,472.0,106.176196086,147.0
2016-09-28,2,0,10.0,20.0,1,219.0,246.538461538,126.0,0.846148854714,472.0,109.957764888,167.0
2016-09-29,3,0,12.0,22.0,1,219.0,232.0,126.0,0.575727837749,472.0,106.978071081,176.0
2016-09-30,4,0,14.0,24.0,1,219.0,215.846153846,126.0,0.653856418468,472.0,97.9810391028,320.0
2016-10-01,5,1,15.0,26.0,1,219.0,219.076923077,126.0,0.905923344948,472.0,100.633731566,325.0
2016-10-02,6,1,16.0,26.0,1,220.0,231.0,126.0,1.14337441682,472.0,103.260685795,264.0
2016-10-03,0,1,16.0,28.0,1,221.0,237.076923077,126.0,1.24078624079,472.0,102.697810282,285.0
2016-10-04,1,1,11.0,19.0,0,222.0,246.846153846,126.0,1.16860542853,472.0,100.732582884,227.0
2016-10-05,2,1,13.0,21.0,1,222.0,252.307692308,126.0,1.04112162072,472.0,97.5329408775,272.0
2016-10-06,3,1,14.0,17.0,0,222.0,260.0,126.0,1.06994199932,472.0,94.8010061615,243.0
2016-10-07,4,1,12.0,16.0,0,227.0,261.769230769,126.0,1.04316041052,472.0,94.2510182325,232.0
2016-10-08,5,0,5.0,19.0,1,232.0,243.307692308,126.0,1.0604770017,472.0,72.1860679243,157.0
2016-10-09,6,0,8.0,18.0,1,232.0,226.230769231,126.0,0.899708164282,472.0,63.842539286,161.0
2016-10-10,0,0,10.0,20.0,1,232.0,228.923076923,126.0,0.787007226157,472.0,60.1925903164,175.0
2016-10-11,1,0,10.0,20.0,1,232.0,231.076923077,126.0,0.702879954377,472.0,57.6707652088,140.0
2016-10-12,2,0,10.0,19.0,1,227.0,229.0,126.0,0.680972818312,472.0,60.3642787901,148.0
2016-10-13,3,0,12.0,22.0,1,222.0,226.846153846,126.0,0.665803853897,472.0,62.6723422668,148.0
2016-10-14,4,0,13.0,23.0,1,222.0,213.615384615,126.0,0.63686824423,472.0,59.6947858328,164.0
2016-10-15,5,1,11.0,17.0,0,222.0,201.230769231,126.0,0.720551378446,472.0,51.4305414293,320.0
2016-10-16,6,1,12.0,20.0,1,227.0,205.538461538,126.0,1.00389166865,472.0,58.3828417689,314.0
2016-10-17,0,0,9.0,21.0,1,232.0,207.769230769,126.0,1.21322690992,472.0,61.8287384588,159.0
2016-10-18,1,0,12.0,20.0,1,227.0,202.538461538,126.0,1.20233492533,472.0,62.8485547042,130.0
2016-10-19,2,0,14.0,22.0,1,222.0,191.615384615,126.0,0.922018348624,472.0,62.1629848575,146.0
2016-10-20,3,0,11.0,15.0,0,220.0,184.153846154,126.0,0.66974595843,472.0,61.3637905682,117.0
2016-10-21,4,0,11.0,11.0,0,219.0,175.307692308,117.0,0.63484371214,472.0,62.1132769349,182.0
2016-10-22,5,1,7.0,15.0,1,219.0,177.230769231,117.0,0.744645247657,472.0,61.9033413366,310.0
2016-10-23,6,1,0.0,5.0,1,219.0,188.692307692,117.0,1.00744416873,472.0,70.9673647806,307.0
2016-10-24,0,0,6.0,13.0,1,220.0,198.846153846,117.0,1.31457716354,379.0,77.4307096241,136.0
2016-10-25,1,0,10.0,17.0,1,219.0,198.538461538,117.0,1.2673567281,325.0,77.6715128302,130.0
2016-10-26,2,0,0.0,10.0,1,218.0,197.153846154,117.0,1.00026184865,325.0,78.7135470247,135.0
2016-10-27,3,0,7.0,11.0,0,217.0,196.153846154,117.0,0.720380849726,325.0,79.4111464312,145.0
2016-10-28,4,0,2.0,13.0,1,209.0,194.692307692,117.0,0.754231052244,325.0,80.1607851714,178.0
2016-10-29,5,1,2.0,12.0,1,192.0,183.769230769,117.0,0.837677183356,325.0,71.5543406694,321.0
2016-10-30,6,1,2.0,13.0,1,192.0,184.307692308,117.0,1.12833990364,325.0,72.5517158949,266.0
2016-10-31,0,0,-4.0,6.0,1,192.0,192.538461538,117.0,1.3090349076,321.0,75.2336007018,133.0
