time_stamp,dayofweek,holiday,lt,ht,sunny,m2M,w2A,m1L,d3w3,m1Lar,w2Std,pay_sum
2016-08-01,0,0,28.0,34.0,1,61.0,70.8461538462,36.0,1.17388114453,93.0,13.2074929424,90.0
2016-08-02,1,0,28.0,34.0,0,61.0,73.1538461538,36.0,1.31509479242,93.0,13.7216625694,62.0
2016-08-03,2,0,26.0,32.0,0,61.0,72.7692307692,36.0,1.16917203531,93.0,13.9568226831,62.0
2016-08-04,3,0,27.0,32.0,0,61.0,73.3846153846,51.0,1.02343376375,93.0,13.2754166183,58.0
2016-08-05,4,0,27.0,33.0,0,61.0,73.5384615385,51.0,0.871647509579,93.0,13.0832563849,65.0
2016-08-06,5,1,27.0,33.0,1,61.0,71.9230769231,51.0,0.887290167866,93.0,12.736752022,98.0
2016-08-07,6,1,27.0,34.0,1,62.0,73.9230769231,51.0,1.04714522625,98.0,14.5097396386,107.0
2016-08-08,0,0,27.0,34.0,0,62.0,75.6153846154,51.0,1.23034859877,107.0,16.804479538,75.0
2016-08-09,1,0,28.0,34.0,1,62.0,75.8461538462,51.0,1.26296797474,107.0,16.773817298,56.0
2016-08-10,2,0,28.0,34.0,1,62.0,75.1538461538,51.0,1.08157236992,107.0,17.3818922306,64.0
2016-08-11,3,0,28.0,35.0,1,62.0,75.1538461538,51.0,0.880162491537,107.0,17.3818922306,88.0
2016-08-12,4,0,28.0,34.0,1,62.0,77.6153846154,51.0,0.918930859289,107.0,16.7494590569,71.0
2016-08-13,5,1,28.0,35.0,1,64.0,76.0769230769,51.0,0.995091477019,107.0,16.3634749858,80.0
2016-08-14,6,1,28.0,36.0,1,64.0,75.0769230769,51.0,1.06080781181,107.0,15.6817460687,118.0
2016-08-15,0,0,28.0,35.0,1,64.0,77.2307692308,51.0,1.16829533116,118.0,19.1277239233,86.0
2016-08-16,1,0,28.0,35.0,1,64.0,79.0769230769,51.0,1.22229395309,118.0,18.7225143712,67.0
2016-08-17,2,0,28.0,35.0,1,64.0,79.4615384615,54.0,1.16483988824,118.0,18.416612002,80.0
2016-08-18,3,0,28.0,36.0,1,64.0,81.1538461538,54.0,0.991278451393,118.0,17.3464523256,59.0
2016-08-19,4,0,29.0,36.0,1,64.0,80.6923076923,54.0,0.874734607219,118.0,17.8428378882,77.0
2016-08-20,5,1,28.0,37.0,0,65.0,79.0769230769,56.0,0.925449871465,118.0,17.1395248945,104.0
2016-08-21,6,1,28.0,35.0,0,65.0,78.8461538462,56.0,1.02105934907,118.0,16.7784025729,109.0
2016-08-22,0,0,28.0,35.0,1,65.0,81.4615384615,56.0,1.21899957966,118.0,18.5331942725,95.0
2016-08-23,1,0,26.0,34.0,1,65.0,84.4615384615,56.0,1.26827259625,118.0,17.2832305768,63.0
2016-08-24,2,0,26.0,34.0,1,65.0,84.3846153846,56.0,1.0987654321,118.0,17.3761041112,69.0
2016-08-25,3,0,27.0,35.0,1,65.0,82.9230769231,56.0,0.927856120989,118.0,17.8043276436,74.0
2016-08-26,4,0,26.0,34.0,0,65.0,83.1538461538,56.0,0.837398373984,118.0,17.6672062736,79.0
2016-08-27,5,1,23.0,31.0,1,67.0,83.0769230769,56.0,0.913016656385,118.0,17.6829406642,112.0
2016-08-28,6,1,22.0,30.0,1,67.0,82.6153846154,56.0,1.08651086511,118.0,16.8227797097,124.0
2016-08-29,0,0,23.0,31.0,1,67.0,85.5384615385,56.0,1.25373134328,124.0,20.1326958897,84.0
2016-08-30,1,0,23.0,31.0,1,67.0,86.8461538462,56.0,1.25269132903,124.0,19.4257804668,85.0
2016-08-31,2,0,25.0,34.0,1,69.0,87.2307692308,56.0,1.13302397525,124.0,19.3357136534,83.0
2016-09-01,3,0,26.0,33.0,1,70.0,89.0769230769,56.0,0.977312390925,124.0,17.6219336163,76.0
2016-09-02,4,0,25.0,34.0,1,71.0,89.0,56.0,0.943542150039,124.0,17.6765816396,79.0
2016-09-03,5,1,25.0,35.0,1,72.0,87.0769230769,56.0,0.9208744438,124.0,17.2958934142,84.0
2016-09-04,6,1,25.0,33.0,1,72.0,85.1538461538,56.0,0.94335898954,124.0,16.099909956,97.0
2016-09-05,0,0,25.0,30.0,0,74.0,85.3076923077,56.0,1.01960784314,124.0,16.2024908597,90.0
2016-09-06,1,0,22.0,27.0,0,75.0,87.3846153846,56.0,1.04855871542,124.0,14.8869507212,66.0
2016-09-07,2,0,20.0,24.0,0,75.0,87.1538461538,56.0,0.986931929003,124.0,15.190311456,57.0
2016-09-08,3,0,22.0,29.0,1,74.0,85.8461538462,57.0,0.83186877563,124.0,16.9017347942,67.0
2016-09-09,4,0,23.0,31.0,1,74.0,84.9230769231,57.0,0.746415242585,124.0,17.5650944882,65.0
2016-09-10,5,1,24.0,29.0,1,74.0,81.3076923077,57.0,0.759951749095,124.0,16.4194285265,123.0
2016-09-11,6,1,23.0,26.0,0,75.0,81.2307692308,57.0,1.01674641148,124.0,16.2203758192,99.0
2016-09-12,0,0,23.0,29.0,1,76.0,82.3846153846,57.0,1.1416070008,124.0,16.8957821844,93.0
2016-09-13,1,0,23.0,30.0,1,77.0,83.0,57.0,1.23094958968,124.0,17.1239822831,69.0
2016-09-14,2,0,22.0,24.0,0,77.0,81.9230769231,57.0,1.01992966002,124.0,17.5256363364,78.0
2016-09-15,3,1,23.0,26.0,0,77.0,82.0769230769,57.0,0.93567251462,124.0,17.4816894909,102.0
2016-09-16,4,1,23.0,27.0,0,78.0,83.8461538462,57.0,0.957876514714,124.0,18.228659404,95.0
2016-09-17,5,1,23.0,27.0,0,79.0,84.6923076923,57.0,1.06837606838,124.0,18.4698699149,70.0
2016-09-18,6,0,23.0,28.0,0,79.0,82.6153846154,57.0,1.07099879663,124.0,18.4871617056,81.0
2016-09-19,0,0,21.0,27.0,0,79.0,81.9230769231,57.0,0.988547317661,124.0,18.3657772813,75.0
2016-09-20,1,0,20.0,26.0,1,79.0,82.6153846154,57.0,0.913685061654,124.0,17.9166379982,76.0
2016-09-21,2,0,20.0,27.0,1,79.0,84.0769230769,57.0,0.941940722696,124.0,16.4852453306,65.0
2016-09-22,3,0,21.0,27.0,1,79.0,83.9230769231,57.0,0.882893930104,124.0,16.6523804649,70.0
2016-09-23,4,0,21.0,27.0,1,78.0,84.3076923077,57.0,0.867242087957,124.0,16.2640926602,66.0
2016-09-24,5,1,22.0,28.0,1,78.0,79.9230769231,57.0,0.835411471322,124.0,12.4866792929,93.0
2016-09-25,6,1,23.0,29.0,1,79.0,79.4615384615,57.0,0.954166666667,124.0,11.868610084,112.0
2016-09-26,0,0,24.0,31.0,1,79.0,80.9230769231,57.0,1.11385121249,124.0,14.3551734896,76.0
2016-09-27,1,0,25.0,30.0,0,79.0,81.4615384615,57.0,1.14787581699,123.0,14.0253363301,84.0
2016-09-28,2,0,22.0,28.0,0,79.0,81.9230769231,57.0,1.09302792847,123.0,14.002535696,61.0
2016-09-29,3,0,22.0,25.0,0,79.0,78.7692307692,57.0,0.891308731599,123.0,13.7401928447,53.0
2016-09-30,4,0,23.0,28.0,0,78.0,75.5384615385,53.0,0.804387568556,123.0,14.4627659054,83.0
2016-10-01,5,1,24.0,29.0,0,79.0,76.5384615385,53.0,0.820320632938,123.0,14.4946429606,94.0
2016-10-02,6,1,24.0,32.0,1,79.0,77.5384615385,53.0,0.960735171261,123.0,15.1992681231,69.0
2016-10-03,0,1,22.0,26.0,1,79.0,77.0769230769,53.0,1.04325699746,123.0,15.359595039,59.0
2016-10-04,1,1,22.0,26.0,1,79.0,75.7692307692,53.0,0.947503201024,123.0,16.1013799989,60.0
2016-10-05,2,1,22.0,27.0,1,79.0,75.3846153846,53.0,0.811744386874,123.0,16.4107772353,71.0
2016-10-06,3,1,22.0,26.0,0,78.0,75.4615384615,53.0,0.837188808108,123.0,16.3876847974,76.0
2016-10-07,4,1,20.0,25.0,0,78.0,76.2307692308,53.0,0.923694779116,123.0,16.1586073569,82.0
2016-10-08,5,0,17.0,22.0,0,79.0,75.3846153846,53.0,1.01372288623,123.0,15.5342720933,75.0
2016-10-09,6,0,18.0,22.0,1,79.0,72.5384615385,53.0,1.03555555556,123.0,11.4059052493,85.0
2016-10-10,0,0,18.0,22.0,1,79.0,73.2307692308,53.0,1.06843267108,112.0,11.8591337481,81.0
2016-10-11,1,0,19.0,25.0,1,79.0,73.0,53.0,1.06050605061,112.0,11.6750885353,85.0
2016-10-12,2,0,19.0,23.0,1,79.0,74.8461538462,53.0,1.0901194354,112.0,11.5282005657,84.0
2016-10-13,3,0,19.0,23.0,1,79.0,77.2307692308,53.0,1.07596298687,112.0,9.84615384615,60.0
2016-10-14,4,0,19.0,23.0,0,79.0,75.4615384615,53.0,0.98941456038,112.0,10.6815108742,65.0
2016-10-15,5,1,21.0,25.0,1,79.0,73.2307692308,53.0,0.919691969197,112.0,9.54466299646,102.0
2016-10-16,6,1,20.0,26.0,1,79.0,75.7692307692,53.0,1.00553709856,112.0,12.122159278,111.0
2016-10-17,0,0,20.0,25.0,1,79.0,79.7692307692,53.0,1.20346320346,112.0,14.3105869694,90.0
2016-10-18,1,0,20.0,25.0,1,81.0,82.0769230769,53.0,1.30659767141,112.0,13.3212469875,71.0
2016-10-19,2,0,20.0,24.0,0,79.0,82.0769230769,53.0,1.16538131962,112.0,13.3212469875,85.0
2016-10-20,3,0,20.0,23.0,0,79.0,82.7692307692,53.0,1.03274559194,112.0,13.2209265715,71.0
2016-10-21,4,0,0.0,21.0,0,79.0,81.9230769231,53.0,0.960236886633,112.0,13.5899371055,54.0
2016-10-22,5,1,19.0,23.0,0,79.0,80.3076923077,53.0,0.911458333333,112.0,15.4391341695,84.0
2016-10-23,6,1,18.0,23.0,1,79.0,80.2307692308,53.0,0.898345153664,112.0,15.4180406126,117.0
2016-10-24,0,0,20.0,24.0,1,81.0,83.0,53.0,1.05655686762,117.0,18.2756668825,92.0
2016-10-25,1,0,18.0,22.0,1,81.0,83.5384615385,53.0,1.19033109892,117.0,18.4291382353,78.0
2016-10-26,2,0,19.0,21.0,0,81.0,83.0769230769,53.0,1.16100323625,117.0,18.4868416342,67.0
2016-10-27,3,0,18.0,22.0,0,79.0,83.6153846154,53.0,0.964002440513,117.0,17.8994562081,74.0
2016-10-28,4,0,15.0,20.0,0,78.0,84.3076923077,53.0,0.8951563458,117.0,17.3310952887,82.0
2016-10-29,5,1,13.0,17.0,1,78.0,82.7692307692,54.0,0.907610907611,117.0,16.5629514564,79.0
2016-10-30,6,1,14.0,18.0,1,78.0,80.3076923077,54.0,0.959967320261,117.0,14.424256362,78.0
2016-10-31,0,0,13.0,17.0,0,78.0,79.3846153846,54.0,0.978105177,117.0,14.1559363005,58.0
