time_stamp,dayofweek,holiday,lt,ht,sunny,m2M,w2A,m1L,d3w3,m1Lar,w2Std,pay_sum
2016-08-01,0,0,26.0,32.0,0,316.0,371.307692308,263.0,1.01561802767,460.0,42.6098302406,331.0
2016-08-02,1,0,25.0,28.0,0,316.0,368.307692308,263.0,0.903757445474,460.0,43.9481943541,217.0
2016-08-03,2,0,26.0,31.0,0,315.0,355.230769231,217.0,0.834479596515,460.0,59.1154721985,350.0
2016-08-04,3,0,27.0,31.0,0,316.0,358.0,217.0,0.82837507495,460.0,57.9509076056,386.0
2016-08-05,4,0,27.0,32.0,0,320.0,353.846153846,217.0,0.88511191604,460.0,53.7040983307,461.0
2016-08-06,5,1,28.0,34.0,1,331.0,363.615384615,217.0,1.09932497589,461.0,60.3458474278,336.0
2016-08-07,6,1,28.0,35.0,1,332.0,360.538461538,217.0,1.09188241266,461.0,60.6549070684,354.0
2016-08-08,0,0,28.0,34.0,1,334.0,360.230769231,217.0,1.05664188011,461.0,60.6771454201,372.0
2016-08-09,1,0,27.0,33.0,1,336.0,363.307692308,217.0,0.974669603524,461.0,60.179711142,438.0
2016-08-10,2,0,25.0,28.0,0,337.0,365.769230769,217.0,1.06083390294,461.0,62.4858800618,355.0
2016-08-11,3,0,26.0,31.0,0,342.0,364.461538462,217.0,1.05582744245,461.0,62.5196773758,389.0
2016-08-12,4,0,26.0,30.0,0,342.0,359.0,217.0,1.07871321013,461.0,56.7721491849,425.0
2016-08-13,5,1,26.0,31.0,0,350.0,367.384615385,217.0,1.05372273301,461.0,57.841345954,353.0
2016-08-14,6,1,26.0,31.0,0,353.0,366.692307692,217.0,1.05520141055,461.0,57.9554001139,304.0
2016-08-15,0,0,26.0,30.0,0,353.0,364.615384615,217.0,0.985562690714,461.0,59.6561151183,271.0
2016-08-16,1,0,25.0,29.0,0,353.0,368.769230769,217.0,0.85239276201,461.0,50.3940684027,268.0
2016-08-17,2,0,25.0,29.0,0,353.0,362.461538462,217.0,0.789325842697,461.0,57.0419756166,312.0
2016-08-18,3,0,26.0,30.0,0,353.0,356.769230769,217.0,0.80358829084,461.0,58.0916435751,385.0
2016-08-19,4,0,26.0,31.0,0,354.0,350.923076923,217.0,0.921021235982,461.0,50.6564014308,452.0
2016-08-20,5,1,27.0,33.0,1,355.0,359.846153846,217.0,1.07569161635,461.0,57.0544222702,323.0
2016-08-21,6,1,26.0,31.0,0,355.0,357.461538462,217.0,1.09197025322,461.0,57.890633472,380.0
2016-08-22,0,0,26.0,33.0,1,355.0,358.076923077,217.0,1.07979245548,461.0,58.0841055161,384.0
2016-08-23,1,0,27.0,34.0,1,358.0,353.923076923,217.0,0.992966109436,461.0,54.007779409,356.0
2016-08-24,2,0,28.0,34.0,1,358.0,354.0,217.0,1.02227090179,461.0,54.0099705895,368.0
2016-08-25,3,0,28.0,34.0,1,358.0,352.384615385,217.0,1.01381645164,461.0,53.2476629484,434.0
2016-08-26,4,0,26.0,33.0,0,362.0,353.076923077,217.0,1.06350737016,461.0,54.2366063416,432.0
2016-08-27,5,1,26.0,31.0,0,365.0,359.153846154,217.0,1.11851348289,461.0,58.1706324979,292.0
2016-08-28,6,1,26.0,31.0,1,365.0,358.230769231,217.0,1.05854929384,461.0,59.1258811561,289.0
2016-08-29,0,0,25.0,31.0,1,362.0,359.615384615,217.0,0.936662043458,461.0,57.2478262423,320.0
2016-08-30,1,0,25.0,30.0,1,358.0,363.615384615,217.0,0.846963714984,461.0,52.3105202855,354.0
2016-08-31,2,0,26.0,30.0,1,358.0,366.846153846,217.0,0.905373008038,461.0,50.2805148891,361.0
2016-09-01,3,0,25.0,30.0,0,361.0,365.0,268.0,0.976921987824,461.0,50.0199960016,335.0
2016-09-02,4,0,25.0,29.0,0,361.0,356.0,268.0,1.00387207802,461.0,43.6806593357,371.0
2016-09-03,5,1,26.0,31.0,0,361.0,359.692307692,268.0,1.01749868879,461.0,42.7540094663,307.0
2016-09-04,6,1,26.0,32.0,0,361.0,354.076923077,268.0,0.96558955295,452.0,44.4772397083,290.0
2016-09-05,0,0,26.0,30.0,0,358.0,346.846153846,268.0,0.920195826798,452.0,46.6143691182,290.0
2016-09-06,1,0,26.0,29.0,0,358.0,341.769230769,268.0,0.840559109216,452.0,48.8800003874,324.0
2016-09-07,2,0,26.0,30.0,0,358.0,338.384615385,268.0,0.855210254955,452.0,48.4681314197,322.0
2016-09-08,3,0,25.0,29.0,0,358.0,329.769230769,268.0,0.893470790378,452.0,39.9040268763,296.0
2016-09-09,4,0,26.0,31.0,0,358.0,319.307692308,268.0,0.919742237844,452.0,27.6888886778,351.0
2016-09-10,5,1,25.0,29.0,0,356.0,323.846153846,268.0,0.942240373396,452.0,27.6762774115,240.0
2016-09-11,6,1,25.0,31.0,0,355.0,320.076923077,240.0,0.880484415327,452.0,34.6287153818,256.0
2016-09-12,0,0,25.0,32.0,0,354.0,315.153846154,240.0,0.857113944546,452.0,38.6101743344,277.0
2016-09-13,1,0,27.0,33.0,1,354.0,309.230769231,240.0,0.791724279203,452.0,38.0993717819,289.0
2016-09-14,2,0,26.0,33.0,1,353.0,303.692307692,240.0,0.852255054432,452.0,35.3017424181,342.0
2016-09-15,3,1,27.0,33.0,1,351.0,304.230769231,240.0,0.955085726307,452.0,35.8246881916,202.0
2016-09-16,4,1,27.0,33.0,1,351.0,291.230769231,202.0,0.909190133159,452.0,39.6914132278,253.0
2016-09-17,5,1,26.0,32.0,1,350.0,287.076923077,202.0,0.875487449882,452.0,40.6381055329,272.0
2016-09-18,6,0,25.0,32.0,1,342.0,285.692307692,202.0,0.800837188808,434.0,40.8211570623,264.0
2016-09-19,0,0,25.0,32.0,1,342.0,283.692307692,202.0,0.877251501001,434.0,41.1963116635,288.0
2016-09-20,1,0,23.0,28.0,0,336.0,280.923076923,202.0,0.926363125351,434.0,39.5716711773,268.0
2016-09-21,2,0,24.0,31.0,1,336.0,276.769230769,202.0,0.936554165953,434.0,37.8380228914,268.0
2016-09-22,3,0,25.0,31.0,1,335.0,274.615384615,202.0,0.952050837666,434.0,37.4772514827,276.0
2016-09-23,4,0,26.0,31.0,1,332.0,268.846153846,202.0,0.95389133627,434.0,30.3741949025,382.0
2016-09-24,5,1,26.0,31.0,1,335.0,279.769230769,202.0,1.07362318841,432.0,41.5232165757,304.0
2016-09-25,6,1,26.0,32.0,1,331.0,283.461538462,202.0,1.11265325006,382.0,41.3793247977,282.0
2016-09-26,0,0,27.0,33.0,1,324.0,283.846153846,202.0,1.12114894603,382.0,41.3406973144,297.0
2016-09-27,1,0,27.0,33.0,1,323.0,284.461538462,202.0,1.02752080061,382.0,41.4721693236,312.0
2016-09-28,2,0,26.0,32.0,1,323.0,282.153846154,202.0,1.03864311943,382.0,38.9651642325,327.0
2016-09-29,3,0,24.0,29.0,1,323.0,291.769230769,202.0,1.0852173913,382.0,32.9595412733,307.0
2016-09-30,4,0,23.0,26.0,0,322.0,295.923076923,202.0,1.10526930716,382.0,31.1657147383,404.0
2016-10-01,5,1,23.0,28.0,0,323.0,306.076923077,202.0,1.17887563884,404.0,41.5052573842,332.0
2016-10-02,6,1,24.0,30.0,0,323.0,311.307692308,202.0,1.16941361139,404.0,40.135126789,313.0
2016-10-03,0,1,24.0,30.0,0,322.0,313.230769231,202.0,1.16906274379,404.0,39.5671850171,249.0
2016-10-04,1,1,25.0,32.0,1,320.0,311.769230769,202.0,1.00302928307,404.0,41.5139528836,182.0
2016-10-05,2,1,25.0,30.0,1,313.0,305.153846154,182.0,0.857834659287,404.0,53.1758275822,221.0
2016-10-06,3,1,26.0,32.0,1,312.0,300.923076923,182.0,0.749296098374,404.0,57.3510935292,225.0
2016-10-07,4,1,25.0,31.0,0,312.0,288.846153846,182.0,0.725215081702,404.0,55.5072360548,261.0
2016-10-08,5,0,24.0,30.0,1,307.0,285.538461538,182.0,0.818003008215,404.0,55.7861512793,241.0
2016-10-09,6,0,22.0,28.0,1,307.0,282.384615385,182.0,0.844514142998,404.0,57.0418718831,295.0
2016-10-10,0,0,23.0,28.0,1,304.0,282.230769231,182.0,0.924701241443,404.0,57.0049307532,291.0
2016-10-11,1,0,21.0,26.0,1,304.0,280.615384615,182.0,0.955682671751,404.0,56.4331305604,310.0
2016-10-12,2,0,22.0,26.0,0,304.0,279.307692308,182.0,1.02793552458,404.0,55.5329210959,304.0
2016-10-13,3,0,23.0,28.0,1,304.0,279.076923077,182.0,1.03328195467,404.0,55.42349063,304.0
2016-10-14,4,0,24.0,30.0,1,304.0,271.384615385,182.0,1.06231557021,404.0,43.1268940927,338.0
2016-10-15,5,1,24.0,31.0,1,304.0,271.846153846,182.0,1.08829450676,404.0,43.7999756829,291.0
2016-10-16,6,1,24.0,31.0,1,304.0,270.153846154,182.0,1.0716747071,404.0,42.5853823853,273.0
2016-10-17,0,0,24.0,31.0,1,304.0,272.0,182.0,1.04036908881,404.0,42.146265461,273.0
2016-10-18,1,0,23.0,27.0,0,297.0,279.0,182.0,0.971956105208,404.0,33.2311253542,293.0
2016-10-19,2,0,24.0,27.0,0,296.0,284.538461538,182.0,0.980082939081,404.0,28.8086936254,297.0
2016-10-20,3,0,24.0,30.0,0,296.0,290.076923077,182.0,1.00988824528,404.0,23.2063039793,357.0
2016-10-21,4,0,24.0,27.0,0,296.0,297.461538462,182.0,1.11740412979,404.0,27.6311290023,33.0
2016-10-22,5,1,24.0,30.0,0,295.0,281.461538462,33.0,0.855914782284,404.0,75.1149021214,324.0
2016-10-23,6,1,25.0,30.0,1,295.0,283.692307692,33.0,0.88772845953,404.0,75.9102553276,303.0
2016-10-24,0,0,25.0,31.0,0,295.0,284.615384615,33.0,0.812407680945,404.0,76.0663055514,317.0
2016-10-25,1,0,25.0,30.0,1,295.0,285.153846154,33.0,1.13372965832,404.0,76.2686004086,332.0
2016-10-26,2,0,25.0,31.0,1,296.0,287.307692308,33.0,1.12092311315,404.0,77.1605564994,311.0
2016-10-27,3,0,26.0,31.0,1,297.0,287.846153846,33.0,1.11343075852,404.0,77.2994637795,334.0
2016-10-28,4,0,24.0,32.0,1,297.0,287.538461538,33.0,1.11893718147,404.0,77.1069341236,402.0
2016-10-29,5,1,22.0,29.0,1,297.0,296.076923077,33.0,1.16683383484,404.0,82.9424838144,293.0
2016-10-30,6,1,20.0,25.0,1,296.0,297.615384615,33.0,1.14715719064,402.0,82.6852590914,262.0
2016-10-31,0,0,21.0,27.0,1,295.0,296.769230769,33.0,1.07208872458,402.0,82.9885569926,310.0
