time_stamp,dayofweek,holiday,lt,ht,sunny,m2M,w2A,m1L,d3w3,m1Lar,w2Std,pay_sum
2016-08-01,0,0,23.0,33.0,0,110.0,28.1538461538,15.0,0.666666666667,265.0,7.59398703273,30.0
2016-08-02,1,0,22.0,32.0,1,104.0,27.9230769231,15.0,0.739456961294,265.0,7.48805755301,22.0
2016-08-03,2,0,22.0,30.0,0,99.0,26.4615384615,15.0,0.826061663758,104.0,6.59388276669,40.0
2016-08-04,3,0,21.0,32.0,1,66.0,27.0,15.0,1.04308390023,66.0,7.34846922835,33.0
2016-08-05,4,0,22.0,31.0,0,65.0,28.0,15.0,1.10916520724,66.0,7.21110255093,26.0
2016-08-06,5,1,23.0,32.0,0,58.0,27.3846153846,15.0,1.16402116402,66.0,7.01140237853,32.0
2016-08-07,6,1,22.0,31.0,0,57.0,27.6153846154,15.0,1.0405946255,65.0,7.10945699039,19.0
2016-08-08,0,0,22.0,30.0,0,52.0,26.5384615385,15.0,0.903755868545,50.0,7.27075686056,24.0
2016-08-09,1,0,22.0,32.0,0,50.0,26.1538461538,15.0,0.894454382826,50.0,7.26261400118,31.0
2016-08-10,2,0,22.0,31.0,1,49.0,27.0769230769,15.0,0.898603521554,50.0,7.05431170345,22.0
2016-08-11,3,0,23.0,34.0,1,43.0,26.0,15.0,0.9541511772,50.0,6.6679485947,1.0
2016-08-12,4,0,24.0,34.0,0,41.0,24.1538461538,1.0,0.693641618497,50.0,9.43680318953,1.0
2016-08-13,5,1,23.0,34.0,0,40.0,23.0769230769,1.0,0.329218106996,50.0,11.076388876,1.0
2016-08-14,6,1,25.0,34.0,0,40.0,21.6923076923,1.0,0.0436681222707,41.0,12.529255705,1.0
2016-08-15,0,0,24.0,33.0,0,36.0,19.4615384615,1.0,0.0469483568075,41.0,13.4027286809,1.0
2016-08-16,1,0,24.0,33.0,1,34.0,17.8461538462,1.0,0.0502512562814,41.0,14.2388750304,1.0
2016-08-17,2,0,25.0,34.0,1,34.0,14.8461538462,1.0,0.0526315789474,41.0,13.3350097565,1.0
2016-08-18,3,0,23.0,34.0,1,33.0,12.3846153846,1.0,0.0579710144928,41.0,12.6948715359,1.0
2016-08-19,4,0,23.0,34.0,1,33.0,10.4615384615,1.0,0.0623052959502,40.0,12.3762513563,1.0
2016-08-20,5,1,24.0,34.0,1,33.0,8.07692307692,1.0,0.0651465798046,40.0,10.8943283654,1.0
2016-08-21,6,1,25.0,34.0,1,33.0,6.69230769231,1.0,0.0692041522491,40.0,10.5566939419,1.0
2016-08-22,0,0,25.0,34.0,0,32.0,4.92307692308,1.0,0.0769230769231,40.0,9.36820759855,1.0
2016-08-23,1,0,25.0,34.0,0,31.0,2.61538461538,1.0,0.0836820083682,40.0,5.59585645522,1.0
2016-08-24,2,0,25.0,36.0,0,30.0,1.0,1.0,0.1,40.0,0.0,1.0
2016-08-25,3,0,22.0,34.0,1,30.0,1.0,1.0,0.119047619048,40.0,0.0,1.0
2016-08-26,4,0,22.0,30.0,1,29.0,1.0,1.0,0.13986013986,40.0,0.0,1.0
2016-08-27,5,1,21.0,29.0,1,29.0,1.0,1.0,0.178571428571,40.0,0.0,1.0
2016-08-28,6,1,22.0,30.0,1,26.0,1.0,1.0,0.212765957447,40.0,0.0,1.0
2016-08-29,0,0,20.0,24.0,0,26.0,1.0,1.0,0.281690140845,40.0,0.0,1.0
2016-08-30,1,0,18.0,26.0,0,25.0,1.0,1.0,0.487804878049,40.0,0.0,1.0
2016-08-31,2,0,19.0,26.0,0,25.0,1.0,1.0,1.0,40.0,0.0,1.0
2016-09-01,3,0,17.0,29.0,1,24.0,1.0,1.0,1.0,40.0,0.0,1.0
2016-09-02,4,0,20.0,30.0,1,22.0,1.0,1.0,1.0,33.0,0.0,1.0
2016-09-03,5,1,20.0,27.0,0,22.0,1.0,1.0,1.0,32.0,0.0,1.0
2016-09-04,6,1,20.0,24.0,1,20.0,1.0,1.0,1.0,32.0,0.0,1.0
2016-09-05,0,0,19.0,22.0,0,19.0,1.0,1.0,1.0,31.0,0.0,1.0
2016-09-06,1,0,19.0,27.0,1,19.0,1.0,1.0,1.0,31.0,0.0,1.0
2016-09-07,2,0,20.0,25.0,1,19.0,1.0,1.0,1.0,31.0,0.0,1.0
2016-09-08,3,0,19.0,25.0,1,16.0,1.0,1.0,1.0,22.0,0.0,1.0
2016-09-09,4,0,20.0,29.0,1,15.0,1.0,1.0,1.0,1.0,0.0,1.0
2016-09-10,5,1,18.0,29.0,1,1.0,1.0,1.0,1.0,1.0,0.0,1.0
2016-09-11,6,1,19.0,32.0,1,1.0,1.0,1.0,1.0,1.0,0.0,1.0
2016-09-12,0,0,19.0,28.0,1,1.0,1.0,1.0,1.0,1.0,0.0,1.0
2016-09-13,1,0,19.0,25.0,0,1.0,1.0,1.0,1.0,1.0,0.0,1.0
2016-09-14,2,0,18.0,21.0,0,1.0,1.0,1.0,1.0,1.0,0.0,1.0
2016-09-15,3,1,18.0,28.0,1,1.0,1.0,1.0,1.0,1.0,0.0,1.0
2016-09-16,4,1,19.0,26.0,1,1.0,1.0,1.0,1.0,1.0,0.0,1.0
2016-09-17,5,1,20.0,25.0,0,1.0,1.0,1.0,1.0,1.0,0.0,1.0
2016-09-18,6,0,18.0,23.0,0,1.0,1.0,1.0,1.0,1.0,0.0,1.0
2016-09-19,0,0,17.0,23.0,0,1.0,1.0,1.0,1.0,1.0,0.0,1.0
2016-09-20,1,0,17.0,24.0,0,1.0,1.0,1.0,1.0,1.0,0.0,1.0
2016-09-21,2,0,18.0,27.0,1,1.0,1.0,1.0,1.0,1.0,0.0,1.0
2016-09-22,3,0,19.0,26.0,0,1.0,1.0,1.0,1.0,1.0,0.0,1.0
2016-09-23,4,0,18.0,22.0,0,1.0,1.0,1.0,1.0,1.0,0.0,1.0
2016-09-24,5,1,18.0,24.0,1,1.0,1.0,1.0,1.0,1.0,0.0,1.0
2016-09-25,6,1,18.0,24.0,1,1.0,1.0,1.0,1.0,1.0,0.0,1.0
2016-09-26,0,0,19.0,25.0,1,1.0,1.0,1.0,1.0,1.0,0.0,1.0
2016-09-27,1,0,19.0,26.0,1,1.0,1.0,1.0,1.0,1.0,0.0,1.0
2016-09-28,2,0,19.0,28.0,1,1.0,1.0,1.0,1.0,1.0,0.0,1.0
2016-09-29,3,0,18.0,26.0,1,1.0,1.0,1.0,1.0,1.0,0.0,1.0
2016-09-30,4,0,19.0,28.0,1,1.0,1.0,1.0,1.0,1.0,0.0,73.0
2016-10-01,5,1,19.0,30.0,1,1.0,6.53846153846,1.0,5.4347826087,73.0,19.1857935608,105.0
2016-10-02,6,1,19.0,32.0,1,1.0,14.5384615385,1.0,6.08843537415,105.0,32.3647847195,104.0
2016-10-03,0,1,20.0,29.0,1,1.0,22.4615384615,1.0,6.28762541806,105.0,39.827735571,95.0
2016-10-04,1,1,18.0,27.0,0,1.0,29.6923076923,1.0,5.15691263783,105.0,43.6267113226,102.0
2016-10-05,2,1,18.0,23.0,1,1.0,37.4615384615,1.0,4.0620782726,105.0,46.7096026771,81.0
2016-10-06,3,1,19.0,24.0,0,1.0,43.6153846154,1.0,3.22880371661,105.0,46.7703694193,89.0
2016-10-07,4,1,18.0,22.0,0,1.0,50.3846153846,1.0,2.73917421954,105.0,46.4800014258,108.0
2016-10-08,5,0,14.0,20.0,0,1.0,58.6153846154,1.0,2.41005635024,108.0,46.4800014258,143.0
2016-10-09,6,0,15.0,19.0,0,1.0,69.5384615385,1.0,2.48810830589,143.0,48.3060999248,107.0
2016-10-10,0,0,14.0,18.0,0,1.0,77.6923076923,1.0,2.34677155031,143.0,44.8731281853,120.0
2016-10-11,1,0,15.0,18.0,0,1.0,86.8461538462,1.0,2.17136150235,143.0,40.1877251712,120.0
2016-10-12,2,0,14.0,17.0,0,1.0,96.0,1.0,1.8432934927,143.0,32.3870819452,151.0
2016-10-13,3,0,15.0,20.0,1,1.0,107.538461538,1.0,1.85527876631,151.0,21.3131067822,138.0
2016-10-14,4,0,15.0,19.0,0,1.0,112.538461538,1.0,1.7682663208,151.0,20.2203834119,136.0
2016-10-15,5,1,15.0,21.0,1,1.0,114.923076923,1.0,1.68952494534,151.0,21.0035218236,90.0
2016-10-16,6,1,15.0,24.0,0,1.0,113.846153846,1.0,1.37410343526,151.0,21.8767391532,117.0
2016-10-17,0,0,15.0,24.0,1,1.0,115.538461538,1.0,1.21501948282,151.0,21.1936688101,151.0
2016-10-18,1,0,16.0,22.0,1,1.0,119.307692308,1.0,1.17454068241,151.0,22.7507721437,155.0
2016-10-19,2,0,16.0,21.0,1,1.0,125.0,1.0,1.29002744739,155.0,21.6865786215,139.0
2016-10-20,3,0,17.0,24.0,1,1.0,128.846153846,1.0,1.27653471027,155.0,19.2587488764,110.0
2016-10-21,4,0,18.0,22.0,0,1.0,129.0,1.0,1.14075956516,155.0,19.0989327128,101.0
2016-10-22,5,1,17.0,22.0,0,1.0,125.769230769,1.0,0.989958987413,155.0,19.989050257,119.0
2016-10-23,6,1,16.0,21.0,0,1.0,126.692307692,1.0,0.927487352445,155.0,19.3684303617,103.0
2016-10-24,0,0,17.0,22.0,1,1.0,125.384615385,1.0,0.904761904762,155.0,20.3263317722,159.0
2016-10-25,1,0,15.0,21.0,1,1.0,128.384615385,1.0,1.04226508002,159.0,22.1099993443,157.0
2016-10-26,2,0,15.0,21.0,0,1.0,128.846153846,1.0,1.1115532564,159.0,22.6336922235,180.0
2016-10-27,3,0,13.0,21.0,1,1.0,132.076923077,1.0,1.26984126984,180.0,26.3948174938,157.0
2016-10-28,4,0,8.0,16.0,0,1.0,133.692307692,1.0,1.24136198015,180.0,27.215336783,148.0
2016-10-29,5,1,11.0,15.0,1,1.0,138.153846154,73.0,1.21645347379,180.0,24.2830936879,131.0
2016-10-30,6,1,11.0,17.0,1,73.0,139.230769231,81.0,1.08376833209,180.0,23.6225246034,108.0
2016-10-31,0,0,11.0,19.0,1,81.0,135.923076923,81.0,0.966292134831,180.0,24.7276287036,165.0
