time_stamp,dayofweek,holiday,lt,ht,sunny,m2M,w2A,m1L,d3w3,m1Lar,w2Std,pay_sum
2016-08-01,0,0,24.0,30.0,1,54.0,118.461538462,28.0,1.10126802154,162.0,31.2030949762,47.0
2016-08-02,1,0,24.0,33.0,1,54.0,118.538461538,28.0,0.8071278826,162.0,31.0250900566,88.0
2016-08-03,2,0,25.0,34.0,1,54.0,118.153846154,28.0,0.798504926945,162.0,31.3683970161,85.0
2016-08-04,3,0,25.0,33.0,1,54.0,112.230769231,28.0,0.734067400734,162.0,29.7583959611,104.0
2016-08-05,4,0,25.0,32.0,1,55.0,109.538461538,34.0,0.908792650919,162.0,28.7819798983,144.0
2016-08-06,5,1,24.0,33.0,1,55.0,109.307692308,34.0,1.05413105413,162.0,28.4912526803,142.0
2016-08-07,6,1,23.0,31.0,1,55.0,109.461538462,34.0,1.17967332123,162.0,28.6614600106,234.0
2016-08-08,0,0,24.0,32.0,1,55.0,118.923076923,34.0,1.45413870246,234.0,43.8730012273,179.0
2016-08-09,1,0,25.0,33.0,1,56.0,124.461538462,34.0,1.47000397298,234.0,46.4850933669,272.0
2016-08-10,2,0,26.0,33.0,1,57.0,133.615384615,34.0,1.69386745796,272.0,60.7359207636,133.0
2016-08-11,3,0,27.0,34.0,1,58.0,134.230769231,34.0,1.45981752281,272.0,60.6860189781,126.0
2016-08-12,4,0,25.0,29.0,0,61.0,133.692307692,44.0,1.33383571967,272.0,60.7255929007,144.0
2016-08-13,5,1,24.0,31.0,0,70.0,138.307692308,44.0,1.0134540425,272.0,59.0298289855,143.0
2016-08-14,6,1,24.0,33.0,1,70.0,141.615384615,44.0,1.03742778196,272.0,57.9861236206,114.0
2016-08-15,0,0,21.0,29.0,0,72.0,146.769230769,44.0,1.0061472839,272.0,52.0179759553,118.0
2016-08-16,1,0,23.0,31.0,1,78.0,149.076923077,46.0,0.937031484258,272.0,49.9853232897,91.0
2016-08-17,2,0,23.0,28.0,0,84.0,149.538461538,46.0,0.826298286007,272.0,49.4159976971,117.0
2016-08-18,3,0,22.0,24.0,0,85.0,150.538461538,47.0,0.83654092892,272.0,48.609298548,83.0
2016-08-19,4,0,22.0,32.0,1,85.0,145.846153846,47.0,0.761381475667,272.0,51.8501482141,106.0
2016-08-20,5,1,23.0,31.0,1,88.0,143.076923077,47.0,0.793774319066,272.0,52.9316853464,127.0
2016-08-21,6,1,23.0,34.0,1,91.0,134.846153846,47.0,0.811192401489,272.0,46.021476849,98.0
2016-08-22,0,0,23.0,32.0,1,91.0,128.615384615,47.0,0.833333333333,272.0,45.0956905011,93.0
2016-08-23,1,0,24.0,30.0,0,91.0,114.846153846,47.0,0.799095363739,272.0,18.9770961297,91.0
2016-08-24,2,0,24.0,31.0,0,91.0,111.615384615,47.0,0.707032719067,272.0,19.1854851447,99.0
2016-08-25,3,0,18.0,30.0,1,91.0,109.538461538,47.0,0.710876664155,272.0,18.9761606906,89.0
2016-08-26,4,0,17.0,29.0,1,91.0,105.307692308,47.0,0.71565986918,272.0,16.8312192318,104.0
2016-08-27,5,1,20.0,32.0,1,93.0,102.307692308,47.0,0.760119744891,272.0,12.8505289648,102.0
2016-08-28,6,1,18.0,31.0,1,93.0,101.384615385,47.0,0.809661040209,272.0,12.4006107885,119.0
2016-08-29,0,0,19.0,31.0,1,98.0,101.461538462,47.0,0.914591248065,272.0,12.5060931895,88.0
2016-08-30,1,0,19.0,31.0,1,98.0,101.230769231,47.0,0.942791762014,272.0,12.7228071779,74.0
2016-08-31,2,0,19.0,33.0,1,98.0,97.9230769231,74.0,0.881153966761,272.0,13.7419153209,114.0
2016-09-01,3,0,19.0,27.0,1,99.0,100.307692308,74.0,0.870387890255,272.0,13.6347103176,190.0
2016-09-02,4,0,19.0,28.0,1,100.0,106.769230769,74.0,1.16666666667,272.0,27.5768962558,240.0
2016-09-03,5,1,20.0,30.0,1,102.0,115.461538462,74.0,1.60685275439,272.0,44.9317694435,208.0
2016-09-04,6,1,18.0,29.0,0,104.0,123.923076923,74.0,1.80915922303,272.0,50.8186239914,255.0
2016-09-05,0,0,20.0,31.0,1,104.0,136.384615385,74.0,1.88370846731,272.0,60.624364817,217.0
2016-09-06,1,0,21.0,30.0,1,106.0,146.076923077,74.0,1.73425146646,272.0,62.6325812711,112.0
2016-09-07,2,0,19.0,31.0,1,107.0,147.076923077,74.0,1.49227034624,272.0,61.9732715816,96.0
2016-09-08,3,0,18.0,31.0,1,107.0,147.615384615,74.0,1.08060005085,255.0,61.4948884199,290.0
2016-09-09,4,0,19.0,31.0,1,111.0,161.923076923,74.0,1.18317890235,290.0,70.6404346385,287.0
2016-09-10,5,1,18.0,30.0,1,112.0,176.153846154,74.0,1.51269948303,290.0,75.5959361482,308.0
2016-09-11,6,1,18.0,25.0,0,114.0,190.692307692,74.0,1.85768261965,308.0,81.174441426,320.0
2016-09-12,0,0,18.0,27.0,1,114.0,208.538461538,74.0,1.79253599765,320.0,82.1327400143,304.0
2016-09-13,1,0,19.0,27.0,1,117.0,226.230769231,74.0,1.71828908555,320.0,75.7720811647,407.0
2016-09-14,2,0,20.0,30.0,1,118.0,248.769230769,74.0,1.75161399932,407.0,82.3296879309,430.0
2016-09-15,3,1,21.0,30.0,1,119.0,267.230769231,74.0,1.78350918327,430.0,93.264020473,345.0
2016-09-16,4,1,20.0,30.0,0,125.0,275.307692308,74.0,1.74877940524,430.0,95.0848888871,98.0
2016-09-17,5,1,17.0,24.0,1,125.0,266.846153846,74.0,1.29275877388,430.0,105.068363206,123.0
2016-09-18,6,0,15.0,22.0,0,125.0,256.692307692,74.0,0.837401982542,430.0,111.880007574,113.0
2016-09-19,0,0,13.0,25.0,1,123.0,248.692307692,74.0,0.491429412197,430.0,117.983952374,105.0
2016-09-20,1,0,14.0,26.0,1,119.0,248.153846154,74.0,0.498319450533,430.0,118.620821985,87.0
2016-09-21,2,0,16.0,23.0,0,118.0,247.461538462,74.0,0.448364571849,430.0,119.529600701,113.0
2016-09-22,3,0,17.0,26.0,0,117.0,233.846153846,74.0,0.456108867953,430.0,123.909300671,108.0
2016-09-23,4,0,19.0,27.0,1,117.0,220.076923077,74.0,0.474649406688,430.0,127.141024995,110.0
2016-09-24,5,1,20.0,29.0,1,117.0,204.846153846,74.0,0.521917376222,430.0,127.555023514,143.0
2016-09-25,6,1,19.0,27.0,1,117.0,191.230769231,74.0,0.584710074506,430.0,123.931838491,121.0
2016-09-26,0,0,19.0,24.0,0,117.0,177.153846154,74.0,0.620232172471,430.0,120.673651546,72.0
2016-09-27,1,0,12.0,23.0,1,114.0,151.384615385,72.0,0.562814070352,430.0,103.367558117,113.0
2016-09-28,2,0,10.0,20.0,1,114.0,127.0,72.0,0.51038278709,430.0,65.0561887318,170.0
2016-09-29,3,0,12.0,22.0,1,117.0,113.538461538,72.0,0.610437623592,430.0,23.1869173478,232.0
2016-09-30,4,0,14.0,24.0,1,118.0,123.846153846,72.0,0.898308041165,430.0,38.6300922037,500.0
2016-10-01,5,1,15.0,26.0,1,119.0,152.846153846,72.0,1.49809001827,500.0,107.402081454,292.0
2016-10-02,6,1,16.0,26.0,1,121.0,166.615384615,72.0,1.7126609801,500.0,112.751966356,253.0
2016-10-03,0,1,16.0,28.0,1,123.0,178.0,72.0,1.77043625582,500.0,113.425678818,158.0
2016-10-04,1,1,11.0,19.0,0,123.0,183.461538462,72.0,1.27147766323,500.0,110.586280541,131.0
2016-10-05,2,1,13.0,21.0,1,123.0,184.846153846,72.0,1.06682413148,500.0,109.805314537,149.0
2016-10-06,3,1,14.0,17.0,0,123.0,188.0,72.0,0.915073644626,500.0,108.128840528,180.0
2016-10-07,4,1,12.0,16.0,0,123.0,193.384615385,72.0,0.936958957124,500.0,105.828990111,140.0
2016-10-08,5,0,5.0,19.0,1,123.0,193.153846154,72.0,0.950354609929,500.0,105.941817235,131.0
2016-10-09,6,0,8.0,18.0,1,123.0,193.923076923,72.0,0.908907698509,500.0,105.450288352,164.0
2016-10-10,0,0,10.0,20.0,1,123.0,201.0,72.0,0.861300861301,500.0,99.9753815851,118.0
2016-10-11,1,0,10.0,20.0,1,121.0,201.384615385,72.0,0.810280557191,500.0,99.6451692924,134.0
2016-10-12,2,0,10.0,19.0,1,121.0,198.615384615,72.0,0.811153358682,500.0,100.970321962,146.0
2016-10-13,3,0,12.0,22.0,1,123.0,192.0,72.0,0.76752482885,500.0,101.382747736,134.0
2016-10-14,4,0,13.0,23.0,1,127.0,163.846153846,72.0,0.792875610457,500.0,49.4708090367,160.0
2016-10-15,5,1,11.0,17.0,0,131.0,153.692307692,72.0,0.83857442348,500.0,32.8946678293,155.0
2016-10-16,6,1,12.0,20.0,1,131.0,146.153846154,72.0,0.847489618724,500.0,16.3323471103,163.0
2016-10-17,0,0,9.0,21.0,1,134.0,146.538461538,72.0,0.879565737418,500.0,16.6623268512,124.0
2016-10-18,1,0,12.0,20.0,1,134.0,146.0,72.0,0.810860392589,500.0,17.2582198922,137.0
2016-10-19,2,0,14.0,22.0,1,134.0,145.076923077,72.0,0.784967138758,500.0,17.3934626909,112.0
2016-10-20,3,0,11.0,15.0,0,134.0,139.846153846,72.0,0.714354112803,500.0,16.2946246627,137.0
2016-10-21,4,0,11.0,11.0,0,137.0,139.615384615,72.0,0.825315373102,500.0,16.312045863,125.0
2016-10-22,5,1,7.0,15.0,1,137.0,139.153846154,72.0,0.844911329493,500.0,16.6310467493,173.0
2016-10-23,6,1,0.0,5.0,1,137.0,139.846153846,72.0,1.0101010101,500.0,17.7973470531,161.0
2016-10-24,0,0,6.0,13.0,1,140.0,143.153846154,72.0,1.06471816284,500.0,17.4216759498,127.0
2016-10-25,1,0,10.0,17.0,1,140.0,142.615384615,72.0,1.07084785134,500.0,17.80033907,163.0
2016-10-26,2,0,0.0,10.0,1,143.0,143.923076923,112.0,1.04253351826,500.0,18.6071183172,162.0
2016-10-27,3,0,7.0,11.0,0,146.0,146.076923077,112.0,1.05140730402,500.0,18.9511986163,109.0
2016-10-28,4,0,2.0,13.0,1,146.0,142.153846154,109.0,1.02057613169,500.0,20.8468634566,137.0
2016-10-29,5,1,2.0,12.0,1,146.0,140.769230769,109.0,0.9574093629,500.0,20.5432146618,176.0
2016-10-30,6,1,2.0,13.0,1,149.0,141.769230769,109.0,0.986096506601,292.0,21.8743047227,180.0
2016-10-31,0,0,-4.0,6.0,1,149.0,146.076923077,109.0,1.12750142939,253.0,23.4109163835,144.0
