time_stamp,dayofweek,holiday,lt,ht,sunny,m2M,w2A,m1L,d3w3,m1Lar,w2Std,pay_sum
2016-08-01,0,0,25.0,34.0,0,55.0,64.3076923077,24.0,1.17741935484,77.0,9.40854452395,68.0
2016-08-02,1,0,24.0,27.0,0,55.0,65.4615384615,24.0,1.0989010989,77.0,8.85451110248,42.0
2016-08-03,2,0,26.0,30.0,0,53.0,63.8461538462,24.0,0.987067827923,77.0,10.8475176448,60.0
2016-08-04,3,0,26.0,33.0,0,55.0,64.4615384615,24.0,0.889586603872,77.0,10.3746390826,48.0
2016-08-05,4,0,27.0,34.0,0,55.0,64.1538461538,24.0,0.801282051282,77.0,10.7906380637,60.0
2016-08-06,5,1,27.0,35.0,1,56.0,63.6153846154,24.0,0.896,77.0,10.8098136434,75.0
2016-08-07,6,1,27.0,36.0,1,56.0,63.9230769231,24.0,0.975219824141,77.0,11.0694419181,67.0
2016-08-08,0,0,28.0,36.0,0,56.0,64.8461538462,24.0,1.07218683652,77.0,10.7835070208,47.0
2016-08-09,1,0,27.0,35.0,1,56.0,64.1538461538,24.0,1.008,77.0,11.5880983629,53.0
2016-08-10,2,0,28.0,32.0,0,56.0,62.5384615385,34.0,0.897849462366,77.0,11.5666322777,57.0
2016-08-11,3,0,26.0,33.0,0,57.0,61.2307692308,42.0,0.840696117805,77.0,11.1503973448,64.0
2016-08-12,4,0,26.0,28.0,0,57.0,60.2307692308,42.0,0.922832140016,77.0,10.2368403039,74.0
2016-08-13,5,1,25.0,31.0,0,57.0,60.9230769231,42.0,1.02848101266,77.0,10.8234896865,64.0
2016-08-14,6,1,26.0,32.0,0,57.0,59.9230769231,42.0,1.0713338637,77.0,9.84855739894,60.0
2016-08-15,0,0,26.0,31.0,0,58.0,59.3076923077,42.0,1.04595879556,77.0,9.57066524,61.0
2016-08-16,1,0,25.0,32.0,0,58.0,60.7692307692,42.0,0.973428045251,77.0,8.16327466489,53.0
2016-08-17,2,0,26.0,31.0,0,57.0,60.2307692308,42.0,0.930979133226,77.0,8.42298911089,61.0
2016-08-18,3,0,25.0,29.0,0,58.0,61.2307692308,42.0,0.946201676129,77.0,7.64756216716,64.0
2016-08-19,4,0,26.0,31.0,0,59.0,61.5384615385,42.0,0.972677595628,77.0,7.67228162449,35.0
2016-08-20,5,1,27.0,34.0,1,59.0,58.4615384615,35.0,0.896358543417,77.0,9.46747781062,36.0
2016-08-21,6,1,26.0,35.0,0,58.0,56.0769230769,35.0,0.783289817232,77.0,10.8234896865,84.0
2016-08-22,0,0,27.0,35.0,1,59.0,58.9230769231,35.0,0.886981402003,84.0,12.7548575269,63.0
2016-08-23,1,0,27.0,35.0,1,59.0,59.6923076923,35.0,1.02866779089,84.0,12.6757467714,71.0
2016-08-24,2,0,28.0,36.0,1,59.0,60.7692307692,35.0,1.2141464773,84.0,12.9920321508,75.0
2016-08-25,3,0,27.0,35.0,0,59.0,61.6153846154,35.0,1.13834422658,84.0,13.5222805401,71.0
2016-08-26,4,0,26.0,35.0,0,60.0,61.3846153846,35.0,1.1713900135,84.0,13.3332347136,75.0
2016-08-27,5,1,25.0,32.0,0,60.0,62.2307692308,35.0,1.19298245614,84.0,13.8127802925,74.0
2016-08-28,6,1,26.0,33.0,1,60.0,63.3076923077,35.0,1.18089103596,84.0,14.1387879765,14.0
2016-08-29,0,0,25.0,32.0,1,60.0,59.6923076923,14.0,0.898814447202,84.0,19.3246937099,46.0
2016-08-30,1,0,26.0,34.0,1,60.0,59.1538461538,14.0,0.743205768164,84.0,19.5992392076,66.0
2016-08-31,2,0,26.0,33.0,0,60.0,59.5384615385,14.0,0.693641618497,84.0,19.6805854534,71.0
2016-09-01,3,0,25.0,33.0,0,60.0,60.0769230769,14.0,1.00164203612,84.0,19.8899338223,70.0
2016-09-02,4,0,28.0,33.0,0,61.0,62.7692307692,14.0,1.13673805601,84.0,18.643018269,64.0
2016-09-03,5,1,25.0,29.0,0,61.0,64.9230769231,14.0,1.12575507963,84.0,16.9681218691,26.0
2016-09-04,6,1,26.0,32.0,0,61.0,60.4615384615,14.0,0.90395480226,84.0,18.8826961268,61.0
2016-09-05,0,0,26.0,31.0,0,61.0,60.3076923077,14.0,0.853107344633,84.0,18.8695302432,58.0
2016-09-06,1,0,26.0,32.0,0,61.0,59.3076923077,14.0,0.815752461322,84.0,18.6191985921,42.0
2016-09-07,2,0,26.0,32.0,0,61.0,56.7692307692,14.0,0.920526014866,84.0,18.5561677333,52.0
2016-09-08,3,0,26.0,32.0,0,61.0,55.3076923077,14.0,0.878105141537,84.0,18.120895781,53.0
2016-09-09,4,0,26.0,32.0,0,61.0,53.6153846154,14.0,0.836177474403,84.0,17.2070578611,48.0
2016-09-10,5,1,25.0,30.0,0,61.0,51.6153846154,14.0,0.861486486486,84.0,16.2032212445,40.0
2016-09-11,6,1,26.0,30.0,0,61.0,53.6153846154,14.0,0.824561403509,84.0,12.6523847648,48.0
2016-09-12,0,0,25.0,32.0,1,61.0,53.7692307692,14.0,0.805925925926,84.0,12.5707465426,45.0
2016-09-13,1,0,26.0,34.0,1,61.0,52.1538461538,14.0,0.806794055202,84.0,12.2401995575,38.0
2016-09-14,2,0,26.0,34.0,1,61.0,49.6153846154,14.0,0.8223477715,84.0,11.465925851,73.0
2016-09-15,3,1,26.0,33.0,1,61.0,49.8461538462,14.0,0.977443609023,84.0,11.8959990291,67.0
2016-09-16,4,1,26.0,34.0,1,61.0,50.0769230769,14.0,1.12373737374,84.0,12.1937029049,79.0
2016-09-17,5,1,26.0,33.0,1,61.0,54.1538461538,14.0,1.37606032045,84.0,12.3216267273,58.0
2016-09-18,6,0,25.0,32.0,1,61.0,53.9230769231,14.0,1.23076923077,84.0,12.2189105549,61.0
2016-09-19,0,0,24.0,31.0,1,61.0,54.1538461538,14.0,1.17857142857,84.0,12.3216267273,53.0
2016-09-20,1,0,23.0,30.0,1,61.0,55.0,14.0,1.03583258055,79.0,11.8256565926,51.0
2016-09-21,2,0,25.0,31.0,1,61.0,54.9230769231,14.0,1.01195952162,79.0,11.8481516797,66.0
2016-09-22,3,0,25.0,32.0,1,61.0,55.9230769231,14.0,1.04647583872,79.0,12.1873928458,62.0
2016-09-23,4,0,25.0,32.0,1,61.0,57.0,14.0,1.10391612704,79.0,12.057554287,48.0
2016-09-24,5,1,25.0,32.0,1,61.0,57.6153846154,14.0,1.06376548806,79.0,11.358077177,87.0
2016-09-25,6,1,26.0,33.0,1,61.0,60.6153846154,14.0,1.16327133156,87.0,13.3908031674,69.0
2016-09-26,0,0,27.0,35.0,1,61.0,62.4615384615,14.0,1.19298245614,87.0,12.7497534493,74.0
2016-09-27,1,0,28.0,35.0,1,61.0,65.2307692308,26.0,1.30830489192,87.0,10.9133217544,172.0
2016-09-28,2,0,27.0,35.0,1,61.0,72.8461538462,26.0,1.6253869969,172.0,30.5509565602,81.0
2016-09-29,3,0,22.0,25.0,0,61.0,73.9230769231,26.0,1.65151515152,172.0,30.5726412096,50.0
2016-09-30,4,0,20.0,24.0,0,61.0,71.6923076923,26.0,1.52798789713,172.0,31.1729286287,52.0
2016-10-01,5,1,20.0,25.0,0,61.0,71.2307692308,26.0,0.914542728636,172.0,31.4157085797,66.0
2016-10-02,6,1,23.0,30.0,1,61.0,71.6153846154,26.0,0.828402366864,172.0,31.3185579331,75.0
2016-10-03,0,1,26.0,32.0,1,61.0,73.3076923077,38.0,0.931017848529,172.0,30.8579490205,60.0
2016-10-04,1,1,25.0,31.0,1,61.0,74.0,38.0,0.954415954416,172.0,30.4479379117,68.0
2016-10-05,2,1,25.0,32.0,1,61.0,74.1538461538,38.0,0.967357636407,172.0,30.4121588889,66.0
2016-10-06,3,1,26.0,33.0,1,61.0,74.4615384615,38.0,0.925131139723,172.0,30.3076923077,76.0
2016-10-07,4,1,26.0,33.0,1,62.0,76.6153846154,38.0,1.00358422939,172.0,29.3297917891,71.0
2016-10-08,5,0,24.0,31.0,1,63.0,75.3846153846,38.0,1.00852272727,172.0,29.2036311271,57.0
2016-10-09,6,0,23.0,28.0,1,63.0,74.4615384615,38.0,0.968660968661,172.0,29.5780984062,60.0
2016-10-10,0,0,24.0,28.0,1,62.0,73.3846153846,38.0,0.888258918025,172.0,29.829099013,50.0
2016-10-11,1,0,24.0,29.0,1,61.0,64.0,38.0,0.789598108747,172.0,9.78224451199,61.0
2016-10-12,2,0,21.0,25.0,0,61.0,62.4615384615,38.0,0.811387900356,172.0,8.47271988493,47.0
2016-10-13,3,0,23.0,28.0,1,61.0,62.2307692308,47.0,0.757793764988,172.0,8.84180495108,50.0
2016-10-14,4,0,23.0,30.0,1,61.0,62.0769230769,47.0,0.756704980843,172.0,9.03379584979,54.0
2016-10-15,5,1,22.0,30.0,1,61.0,61.1538461538,47.0,0.740740740741,172.0,9.19737549393,88.0
2016-10-16,6,1,24.0,32.0,1,61.0,62.1538461538,47.0,0.928882438316,172.0,11.1482744705,68.0
2016-10-17,0,0,24.0,32.0,1,61.0,62.7692307692,47.0,1.02040816327,172.0,11.2328765146,61.0
2016-10-18,1,0,22.0,24.0,0,61.0,62.2307692308,47.0,1.14723764208,172.0,11.1365914282,41.0
2016-10-19,2,0,23.0,26.0,0,61.0,60.3076923077,41.0,0.928200928201,172.0,12.405858513,49.0
2016-10-20,3,0,24.0,30.0,1,61.0,58.2307692308,41.0,0.825136612022,172.0,11.8526455739,65.0
2016-10-21,4,0,23.0,28.0,0,61.0,57.7692307692,41.0,0.838064341714,172.0,11.4566329203,61.0
2016-10-22,5,1,24.0,30.0,1,61.0,58.0769230769,41.0,0.950054288817,172.0,11.4855195687,84.0
2016-10-23,6,1,25.0,31.0,1,61.0,59.9230769231,41.0,1.13177041229,172.0,13.4133202364,73.0
2016-10-24,0,0,25.0,29.0,0,61.0,61.6923076923,41.0,1.16266666667,172.0,13.5043275992,72.0
2016-10-25,1,0,25.0,30.0,0,61.0,62.5384615385,41.0,1.21743753323,172.0,13.7763196191,66.0
2016-10-26,2,0,25.0,32.0,1,61.0,64.0,41.0,1.12174375332,172.0,13.0384048104,63.0
2016-10-27,3,0,24.0,32.0,1,61.0,65.0,41.0,1.0797743755,88.0,12.409673646,66.0
2016-10-28,4,0,23.0,32.0,1,61.0,65.9230769231,41.0,1.05177993528,88.0,11.9965478269,82.0
2016-10-29,5,1,20.0,27.0,1,61.0,65.4615384615,41.0,1.11551678562,88.0,11.2291885084,70.0
2016-10-30,6,1,19.0,27.0,1,61.0,65.6153846154,41.0,1.14345659586,88.0,11.2765137926,67.0
2016-10-31,0,0,19.0,26.0,1,61.0,66.0769230769,41.0,1.13354037267,88.0,11.2006973578,58.0
