time_stamp,dayofweek,holiday,lt,ht,sunny,m2M,w2A,m1L,d3w3,m1Lar,w2Std,pay_sum
2016-08-01,0,0,27.0,37.0,1,12.0,12.0,12.0,1.0,12.0,0.0,12.0
2016-08-02,1,0,27.0,35.0,0,12.0,12.0,12.0,1.0,12.0,0.0,12.0
2016-08-03,2,0,26.0,32.0,0,12.0,12.0,12.0,1.0,12.0,0.0,12.0
2016-08-04,3,0,27.0,33.0,0,12.0,12.0,12.0,1.0,12.0,0.0,12.0
2016-08-05,4,0,26.0,33.0,0,12.0,12.0,12.0,1.0,12.0,0.0,12.0
2016-08-06,5,1,26.0,34.0,0,12.0,12.0,12.0,1.0,12.0,0.0,12.0
2016-08-07,6,1,27.0,35.0,1,12.0,12.0,12.0,1.0,12.0,0.0,12.0
2016-08-08,0,0,26.0,34.0,0,12.0,12.0,12.0,1.0,12.0,0.0,12.0
2016-08-09,1,0,26.0,30.0,0,12.0,12.0,12.0,1.0,12.0,0.0,12.0
2016-08-10,2,0,27.0,35.0,0,12.0,12.0,12.0,1.0,12.0,0.0,12.0
2016-08-11,3,0,27.0,36.0,1,12.0,12.0,12.0,1.0,12.0,0.0,12.0
2016-08-12,4,0,27.0,36.0,1,12.0,12.0,12.0,1.0,12.0,0.0,12.0
2016-08-13,5,1,27.0,35.0,1,12.0,12.0,12.0,1.0,12.0,0.0,12.0
2016-08-14,6,1,28.0,35.0,1,12.0,12.0,12.0,1.0,12.0,0.0,12.0
2016-08-15,0,0,27.0,36.0,1,12.0,12.0,12.0,1.0,12.0,0.0,12.0
2016-08-16,1,0,26.0,36.0,1,12.0,12.0,12.0,1.0,12.0,0.0,12.0
2016-08-17,2,0,28.0,37.0,1,12.0,12.0,12.0,1.0,12.0,0.0,12.0
2016-08-18,3,0,28.0,37.0,1,12.0,12.0,12.0,1.0,12.0,0.0,12.0
2016-08-19,4,0,28.0,38.0,1,12.0,12.0,12.0,1.0,12.0,0.0,12.0
2016-08-20,5,1,27.0,37.0,0,12.0,12.0,12.0,1.0,12.0,0.0,12.0
2016-08-21,6,1,27.0,35.0,0,12.0,12.0,12.0,1.0,12.0,0.0,12.0
2016-08-22,0,0,27.0,36.0,1,12.0,12.0,12.0,1.0,12.0,0.0,12.0
2016-08-23,1,0,27.0,35.0,0,12.0,12.0,12.0,1.0,12.0,0.0,12.0
2016-08-24,2,0,27.0,35.0,1,12.0,12.0,12.0,1.0,12.0,0.0,12.0
2016-08-25,3,0,26.0,35.0,1,12.0,12.0,12.0,1.0,12.0,0.0,12.0
2016-08-26,4,0,25.0,34.0,0,12.0,12.0,12.0,1.0,12.0,0.0,12.0
2016-08-27,5,1,23.0,31.0,1,12.0,12.0,12.0,1.0,12.0,0.0,12.0
2016-08-28,6,1,21.0,31.0,1,12.0,12.0,12.0,1.0,12.0,0.0,12.0
2016-08-29,0,0,21.0,32.0,1,12.0,12.0,12.0,1.0,12.0,0.0,12.0
2016-08-30,1,0,21.0,32.0,1,12.0,12.0,12.0,1.0,12.0,0.0,12.0
2016-08-31,2,0,21.0,33.0,1,12.0,12.0,12.0,1.0,12.0,0.0,12.0
2016-09-01,3,0,23.0,33.0,0,12.0,12.0,12.0,1.0,12.0,0.0,12.0
2016-09-02,4,0,22.0,34.0,1,12.0,12.0,12.0,1.0,12.0,0.0,12.0
2016-09-03,5,1,23.0,35.0,1,12.0,12.0,12.0,1.0,12.0,0.0,12.0
2016-09-04,6,1,24.0,32.0,1,12.0,12.0,12.0,1.0,12.0,0.0,12.0
2016-09-05,0,0,24.0,30.0,0,12.0,12.0,12.0,1.0,12.0,0.0,12.0
2016-09-06,1,0,23.0,28.0,0,12.0,12.0,12.0,1.0,12.0,0.0,12.0
2016-09-07,2,0,21.0,27.0,0,12.0,12.0,12.0,1.0,12.0,0.0,12.0
2016-09-08,3,0,22.0,30.0,1,12.0,12.0,12.0,1.0,12.0,0.0,12.0
2016-09-09,4,0,22.0,29.0,1,12.0,12.0,12.0,1.0,12.0,0.0,12.0
2016-09-10,5,1,22.0,28.0,0,12.0,12.0,12.0,1.0,12.0,0.0,48.0
2016-09-11,6,1,21.0,25.0,0,12.0,14.7692307692,12.0,1.73913043478,48.0,9.59289678038,35.0
2016-09-12,0,0,21.0,27.0,1,12.0,16.5384615385,12.0,2.11817168339,48.0,10.9447239457,78.0
2016-09-13,1,0,21.0,28.0,0,12.0,21.6153846154,12.0,2.94063926941,78.0,19.5705369666,47.0
2016-09-14,2,0,21.0,25.0,0,12.0,24.3076923077,12.0,2.66666666667,78.0,20.4502571561,34.0
2016-09-15,3,1,22.0,25.0,0,12.0,26.0,12.0,2.51184834123,78.0,20.2712376762,18.0
2016-09-16,4,1,23.0,27.0,0,12.0,26.4615384615,12.0,1.54205607477,78.0,20.0139004948,21.0
2016-09-17,5,1,22.0,27.0,1,12.0,27.1538461538,12.0,1.11365369947,78.0,19.6541095873,86.0
2016-09-18,6,0,22.0,26.0,0,12.0,32.8461538462,12.0,1.63078930202,86.0,24.5477436025,150.0
2016-09-19,0,0,20.0,27.0,1,12.0,43.4615384615,12.0,2.63995891115,150.0,38.8876396907,174.0
2016-09-20,1,0,19.0,26.0,1,12.0,55.9230769231,12.0,3.37032470201,174.0,50.9078527091,231.0
2016-09-21,2,0,19.0,26.0,1,12.0,72.7692307692,12.0,3.59223300971,231.0,67.2105232673,216.0
2016-09-22,3,0,20.0,27.0,1,12.0,88.4615384615,12.0,3.35494327391,231.0,74.5990465856,278.0
2016-09-23,4,0,20.0,29.0,1,12.0,108.923076923,12.0,3.22222222222,278.0,86.3717025762,254.0
2016-09-24,5,1,21.0,30.0,1,12.0,124.769230769,12.0,2.86261002679,278.0,92.4255657657,290.0
2016-09-25,6,1,21.0,30.0,1,12.0,144.384615385,12.0,2.71287128713,290.0,98.172954494,295.0
2016-09-26,0,0,24.0,31.0,1,12.0,161.076923077,12.0,2.42871616732,295.0,103.755972238,327.0
2016-09-27,1,0,23.0,28.0,0,12.0,182.615384615,12.0,2.32238349885,327.0,106.855429625,323.0
2016-09-28,2,0,22.0,28.0,0,12.0,204.846153846,12.0,2.15090474565,327.0,103.638310524,239.0
2016-09-29,3,0,22.0,25.0,0,12.0,221.846153846,12.0,1.87790452049,327.0,88.6348135752,202.0
2016-09-30,4,0,22.0,29.0,0,12.0,235.769230769,12.0,1.52221558079,327.0,67.7463071331,180.0
2016-10-01,5,1,23.0,30.0,0,12.0,243.0,12.0,1.19033927545,327.0,55.2365542289,45.0
2016-10-02,6,1,22.0,30.0,1,12.0,234.923076923,12.0,0.816131498471,327.0,73.049468527,29.0
2016-10-03,0,1,21.0,27.0,0,12.0,223.769230769,12.0,0.492391198992,327.0,90.488549081,29.0
2016-10-04,1,1,20.0,27.0,1,12.0,208.230769231,12.0,0.200721036734,327.0,104.215127978,29.0
2016-10-05,2,1,21.0,27.0,1,12.0,193.846153846,12.0,0.169789227166,327.0,114.543808317,29.0
2016-10-06,3,1,22.0,27.0,0,12.0,174.692307692,12.0,0.169244236942,327.0,119.578351923,61.0
2016-10-07,4,1,20.0,23.0,0,12.0,159.846153846,12.0,0.228824151524,327.0,120.785153286,120.0
2016-10-08,5,0,17.0,22.0,0,12.0,146.769230769,12.0,0.399885746929,327.0,115.052599239,165.0
2016-10-09,6,0,16.0,22.0,1,12.0,136.769230769,18.0,0.656048540008,327.0,107.109687737,178.0
2016-10-10,0,0,15.0,21.0,1,18.0,125.307692308,18.0,0.876893939394,327.0,93.2105842582,200.0
2016-10-11,1,0,17.0,23.0,1,21.0,115.846153846,18.0,1.03754657495,327.0,77.5984200413,224.0
2016-10-12,2,0,18.0,25.0,1,29.0,114.692307692,18.0,1.14765036698,327.0,75.8504445658,275.0
2016-10-13,3,0,18.0,23.0,1,29.0,120.307692308,18.0,1.3337149399,327.0,84.3339375207,201.0
2016-10-14,4,0,19.0,22.0,0,29.0,121.923076923,18.0,1.35619490458,327.0,85.6526631123,178.0
2016-10-15,5,1,20.0,23.0,0,29.0,132.153846154,21.0,1.3097026134,327.0,83.7761175385,115.0
2016-10-16,6,1,20.0,26.0,0,34.0,138.769230769,29.0,1.0458346565,327.0,78.6052981637,251.0
2016-10-17,0,0,20.0,24.0,0,35.0,155.846153846,29.0,1.18017138518,327.0,77.0013447973,212.0
2016-10-18,1,0,20.0,24.0,0,45.0,169.923076923,29.0,1.30092279991,327.0,68.8180002598,190.0
2016-10-19,2,0,20.0,24.0,0,47.0,182.307692308,29.0,1.49445016592,327.0,55.5509255138,190.0
2016-10-20,3,0,21.0,25.0,0,48.0,192.230769231,29.0,1.3604504194,327.0,43.1279917065,196.0
2016-10-21,4,0,21.0,25.0,0,61.0,198.076923077,29.0,1.31642098046,327.0,37.757243907,153.0
2016-10-22,5,1,20.0,23.0,0,78.0,197.153846154,29.0,1.18787878788,327.0,38.6897842884,122.0
2016-10-23,6,1,17.0,23.0,0,86.0,192.846153846,29.0,1.007055805,327.0,43.4118845016,197.0
2016-10-24,0,0,19.0,24.0,1,115.0,192.615384615,29.0,0.957597890039,327.0,43.3812055398,236.0
2016-10-25,1,0,19.0,23.0,1,120.0,193.538461538,29.0,1.0592613799,327.0,44.1598762969,183.0
2016-10-26,2,0,19.0,24.0,0,122.0,186.461538462,29.0,1.12603966731,323.0,37.3911042169,280.0
2016-10-27,3,0,18.0,24.0,0,150.0,192.538461538,29.0,1.20538023797,280.0,44.9214962841,208.0
2016-10-28,4,0,15.0,19.0,0,153.0,194.846153846,29.0,1.13134378688,280.0,44.8859171916,159.0
2016-10-29,5,1,12.0,15.0,0,159.0,198.230769231,29.0,1.0925363053,280.0,40.1461825873,148.0
2016-10-30,6,1,14.0,18.0,1,159.0,190.307692308,29.0,0.876297430662,280.0,39.1002353237,175.0
2016-10-31,0,0,12.0,17.0,0,165.0,187.461538462,29.0,0.825413134686,280.0,38.7628199828,149.0
