time_stamp,dayofweek,holiday,lt,ht,sunny,m2M,w2A,m1L,d3w3,m1Lar,w2Std,pay_sum
2016-08-01,0,0,16.0,26.0,0,63.0,127.615384615,52.0,0.810247244564,198.0,45.4440289071,88.0
2016-08-02,1,0,17.0,26.0,0,63.0,124.0,52.0,0.697399527187,198.0,46.5683946966,83.0
2016-08-03,2,0,16.0,27.0,0,63.0,117.153846154,52.0,0.696956329951,198.0,45.5392411576,70.0
2016-08-04,3,0,17.0,24.0,0,63.0,109.846153846,52.0,0.711229157444,198.0,44.8927716536,81.0
2016-08-05,4,0,17.0,24.0,0,64.0,100.846153846,54.0,0.686015831135,198.0,37.4244801698,91.0
2016-08-06,5,1,17.0,24.0,0,65.0,103.692307692,54.0,0.70328392909,198.0,35.0875489978,77.0
2016-08-07,6,1,15.0,23.0,0,65.0,104.923076923,54.0,0.717993079585,198.0,33.8263928327,75.0
2016-08-08,0,0,16.0,26.0,0,66.0,97.6153846154,54.0,0.728417266187,198.0,28.8778287633,67.0
2016-08-09,1,0,17.0,27.0,0,66.0,92.0,54.0,0.677179962894,198.0,27.1349901844,74.0
2016-08-10,2,0,17.0,26.0,0,67.0,85.9230769231,54.0,0.69970845481,198.0,20.9301458647,64.0
2016-08-11,3,0,17.0,26.0,0,67.0,80.1538461538,54.0,0.698347811276,198.0,15.0017750429,99.0
2016-08-12,4,0,17.0,26.0,0,67.0,78.2307692308,54.0,0.850376749193,198.0,10.0395666942,94.0
2016-08-13,5,1,18.0,26.0,0,70.0,79.1538461538,54.0,0.902704601335,198.0,10.8616909991,68.0
2016-08-14,6,1,18.0,27.0,0,70.0,79.3076923077,54.0,0.913385826772,198.0,10.6870490666,73.0
2016-08-15,0,0,17.0,26.0,0,70.0,78.1538461538,54.0,0.866519174041,198.0,10.4942926162,82.0
2016-08-16,1,0,17.0,24.0,0,71.0,78.0769230769,54.0,0.849523809524,198.0,10.4621040571,89.0
2016-08-17,2,0,17.0,28.0,1,72.0,79.5384615385,54.0,0.964808224595,198.0,10.5583753457,89.0
2016-08-18,3,0,17.0,30.0,1,72.0,80.1538461538,54.0,1.05949470253,198.0,10.8546066353,118.0
2016-08-19,4,0,18.0,28.0,0,73.0,82.2307692308,54.0,1.21063394683,198.0,14.6505649466,142.0
2016-08-20,5,1,17.0,25.0,0,73.0,87.2307692308,54.0,1.37672583826,198.0,21.5018920318,83.0
2016-08-21,6,1,17.0,27.0,0,74.0,87.8461538462,54.0,1.33958211287,170.0,21.2561164187,65.0
2016-08-22,0,0,17.0,27.0,0,74.0,87.6923076923,61.0,1.14806017419,170.0,21.4130966948,101.0
2016-08-23,1,0,17.0,28.0,0,74.0,89.7692307692,64.0,0.975323149236,170.0,21.293385922,107.0
2016-08-24,2,0,17.0,28.0,0,75.0,93.0769230769,64.0,1.04657849339,153.0,20.3525146375,54.0
2016-08-25,3,0,17.0,28.0,1,75.0,89.6153846154,54.0,1.02024922118,153.0,22.7377641196,108.0
2016-08-26,4,0,17.0,28.0,0,77.0,90.6923076923,54.0,1.03720840563,142.0,23.2457923914,108.0
2016-08-27,5,1,17.0,25.0,0,78.0,93.7692307692,54.0,1.02272727273,142.0,22.6788747725,64.0
2016-08-28,6,1,18.0,24.0,0,78.0,93.0769230769,54.0,1.06727653897,142.0,23.4273395136,78.0
2016-08-29,0,0,18.0,25.0,0,78.0,92.7692307692,54.0,0.94696969697,142.0,23.5964594676,83.0
2016-08-30,1,0,18.0,26.0,0,81.0,92.3076923077,54.0,0.847936687394,142.0,23.7240047708,105.0
2016-08-31,2,0,17.0,25.0,0,81.0,93.5384615385,54.0,0.979742173112,142.0,23.9345755201,88.0
2016-09-01,3,0,17.0,23.0,0,82.0,91.2307692308,54.0,1.02279043913,142.0,22.8882026923,74.0
2016-09-02,4,0,16.0,22.0,0,82.0,86.0,54.0,1.00056211355,142.0,17.9186194523,95.0
2016-09-03,5,1,17.0,24.0,0,82.0,86.9230769231,54.0,0.948689553341,142.0,18.0489144718,88.0
2016-09-04,6,1,17.0,23.0,0,83.0,88.6923076923,54.0,0.940874977119,142.0,16.9041852596,67.0
2016-09-05,0,0,17.0,24.0,0,82.0,86.0769230769,54.0,0.922849760059,142.0,17.4199776493,76.0
2016-09-06,1,0,17.0,23.0,0,82.0,83.6923076923,54.0,0.858895705521,142.0,16.4895520086,63.0
2016-09-07,2,0,18.0,24.0,0,82.0,84.3846153846,54.0,0.777211846821,142.0,15.3799993075,58.0
2016-09-08,3,0,18.0,24.0,0,82.0,80.5384615385,54.0,0.769380980277,142.0,15.2447488292,58.0
2016-09-09,4,0,14.0,24.0,0,82.0,76.6923076923,54.0,0.735263914562,142.0,14.0951962105,78.0
2016-09-10,5,1,13.0,19.0,0,82.0,77.7692307692,54.0,0.799340749897,142.0,13.6108206171,79.0
2016-09-11,6,1,13.0,24.0,1,82.0,77.8461538462,54.0,0.878267973856,142.0,13.6147327093,72.0
2016-09-12,0,0,16.0,23.0,1,82.0,77.0,54.0,0.952380952381,142.0,13.6099511105,62.0
2016-09-13,1,0,17.0,23.0,1,82.0,73.6923076923,54.0,0.911424903723,142.0,11.4581822655,55.0
2016-09-14,2,0,15.0,25.0,1,82.0,71.1538461538,54.0,0.808210391276,142.0,11.660888961,74.0
2016-09-15,3,1,16.0,24.0,0,82.0,71.1538461538,54.0,0.834972677596,142.0,11.660888961,55.0
2016-09-16,4,1,16.0,21.0,0,82.0,68.0769230769,54.0,0.833333333333,142.0,10.141017537,53.0
2016-09-17,5,1,16.0,23.0,0,81.0,65.3846153846,53.0,0.83048140543,142.0,9.08539370078,57.0
2016-09-18,6,0,16.0,24.0,0,79.0,64.6153846154,53.0,0.763888888889,108.0,9.33593933751,46.0
2016-09-19,0,0,14.0,22.0,0,78.0,62.3076923077,46.0,0.741268709907,108.0,9.92575992351,41.0
2016-09-20,1,0,13.0,17.0,0,78.0,60.6153846154,41.0,0.716952949963,108.0,11.4256018965,56.0
2016-09-21,2,0,14.0,19.0,0,78.0,60.4615384615,41.0,0.729405763836,108.0,11.4731484822,56.0
2016-09-22,3,0,15.0,21.0,0,78.0,60.3076923077,41.0,0.791311093871,108.0,11.518444175,57.0
2016-09-23,4,0,15.0,23.0,1,77.0,58.6923076923,41.0,0.900612843059,108.0,10.33578262,81.0
2016-09-24,5,1,15.0,23.0,1,77.0,58.8461538462,41.0,1.03965702036,108.0,10.6471097837,86.0
2016-09-25,6,1,16.0,26.0,1,77.0,59.9230769231,41.0,1.18237001847,105.0,12.4743523862,77.0
2016-09-26,0,0,16.0,26.0,1,77.0,61.0769230769,41.0,1.28691983122,105.0,13.2807642184,69.0
2016-09-27,1,0,16.0,26.0,1,76.0,62.1538461538,41.0,1.21784776903,105.0,13.3119157371,53.0
2016-09-28,2,0,15.0,21.0,0,75.0,60.5384615385,41.0,1.0487483531,105.0,13.0479316641,64.0
2016-09-29,3,0,16.0,23.0,1,75.0,61.2307692308,41.0,0.975609756098,95.0,12.974257626,69.0
2016-09-30,4,0,15.0,23.0,1,74.0,62.4615384615,41.0,0.982567353407,95.0,12.8937395937,88.0
2016-10-01,5,1,15.0,19.0,0,74.0,64.8461538462,41.0,1.15919223708,95.0,14.4373775258,51.0
2016-10-02,6,1,11.0,24.0,1,74.0,65.2307692308,41.0,1.10933333333,88.0,13.9898526201,67.0
2016-10-03,0,1,12.0,26.0,1,74.0,67.2307692308,41.0,1.09428950863,88.0,12.1158119583,59.0
2016-10-04,1,1,13.0,26.0,1,74.0,67.4615384615,41.0,0.937251787133,88.0,11.9267984267,50.0
2016-10-05,2,1,13.0,25.0,1,73.0,67.0,41.0,0.950067476383,88.0,12.4653365532,65.0
2016-10-06,3,1,14.0,24.0,1,72.0,67.6153846154,41.0,0.931726907631,88.0,12.1499506902,59.0
2016-10-07,4,1,14.0,23.0,0,72.0,65.9230769231,41.0,0.927258193445,88.0,11.6912955027,63.0
2016-10-08,5,0,15.0,21.0,0,69.0,64.1538461538,41.0,0.991779368868,88.0,10.1590895553,45.0
2016-10-09,6,0,16.0,22.0,0,69.0,61.6923076923,41.0,0.886411889597,88.0,10.6148271871,56.0
2016-10-10,0,0,16.0,24.0,0,69.0,60.6923076923,41.0,0.860215053763,88.0,10.4909089977,63.0
2016-10-11,1,0,16.0,26.0,1,68.0,61.4615384615,41.0,0.855503390715,88.0,10.2628185109,56.0
2016-10-12,2,0,14.0,22.0,1,67.0,60.8461538462,41.0,0.912884715702,88.0,10.3317743941,57.0
2016-10-13,3,0,14.0,21.0,1,67.0,59.9230769231,41.0,0.918101199791,88.0,10.0954029025,57.0
2016-10-14,4,0,15.0,22.0,1,65.0,57.5384615385,41.0,0.903774587985,88.0,6.0206744398,90.0
2016-10-15,5,1,14.0,23.0,1,65.0,60.5384615385,41.0,1.08108108108,90.0,10.2478169128,91.0
2016-10-16,6,1,15.0,22.0,0,65.0,62.3846153846,41.0,1.24737945493,91.0,13.029779274,77.0
2016-10-17,0,0,15.0,21.0,0,65.0,63.7692307692,41.0,1.34375,91.0,13.5428314626,37.0
2016-10-18,1,0,13.0,22.0,1,65.0,62.7692307692,37.0,1.08122362869,91.0,14.9314013261,79.0
2016-10-19,2,0,12.0,23.0,1,65.0,63.8461538462,37.0,1.00599426635,91.0,15.5456951936,44.0
2016-10-20,3,0,11.0,23.0,1,64.0,62.6923076923,37.0,0.850611376927,91.0,16.3959873862,71.0
2016-10-21,4,0,12.0,25.0,1,64.0,63.3076923077,37.0,1.04554028564,91.0,16.5454368117,89.0
2016-10-22,5,1,12.0,25.0,1,64.0,66.6923076923,37.0,1.06666666667,91.0,16.9496295189,99.0
2016-10-23,6,1,12.0,25.0,1,65.0,70.0,37.0,1.32109155828,99.0,18.6506341406,80.0
2016-10-24,0,0,13.0,23.0,1,65.0,71.3076923077,37.0,1.3453815261,99.0,18.7098682945,73.0
2016-10-25,1,0,14.0,24.0,0,65.0,72.6153846154,37.0,1.24352331606,99.0,18.1808794809,65.0
2016-10-26,2,0,15.0,23.0,0,65.0,73.2307692308,37.0,1.07574636072,99.0,17.7727269288,81.0
2016-10-27,3,0,15.0,23.0,0,65.0,75.0769230769,37.0,1.06336489439,99.0,17.2290521122,68.0
2016-10-28,4,0,13.0,22.0,0,65.0,73.3846153846,37.0,1.03531688437,99.0,16.7540509983,94.0
2016-10-29,5,1,12.0,17.0,0,65.0,73.6153846154,37.0,1.13524877365,99.0,17.0137431396,103.0
2016-10-30,6,1,13.0,17.0,0,65.0,75.6153846154,37.0,1.19855269109,103.0,18.7351519118,92.0
2016-10-31,0,0,12.0,18.0,0,65.0,79.8461538462,37.0,1.28188068308,103.0,15.4613471094,65.0
