time_stamp,dayofweek,holiday,lt,ht,sunny,m2M,w2A,m1L,d3w3,m1Lar,w2Std,pay_sum
2016-08-01,0,0,28.0,34.0,1,66.0,64.3846153846,41.0,1.19844357977,88.0,11.9842105195,65.0
2016-08-02,1,0,28.0,34.0,0,66.0,65.7692307692,41.0,1.21538461538,88.0,10.885091047,72.0
2016-08-03,2,0,26.0,32.0,0,66.0,66.5384615385,41.0,1.10693713999,88.0,10.9447239457,87.0
2016-08-04,3,0,27.0,32.0,0,66.0,68.8461538462,41.0,1.11776447106,88.0,11.8181487151,68.0
2016-08-05,4,0,27.0,33.0,0,66.0,68.6923076923,41.0,1.12683047903,88.0,11.8151442283,62.0
2016-08-06,5,1,27.0,33.0,1,66.0,68.5384615385,41.0,1.09182389937,88.0,11.8880378443,100.0
2016-08-07,6,1,27.0,34.0,1,67.0,70.2307692308,41.0,1.12994350282,100.0,14.4123549891,91.0
2016-08-08,0,0,27.0,34.0,0,67.0,72.3076923077,41.0,1.22045344911,100.0,15.2839011099,63.0
2016-08-09,1,0,28.0,34.0,1,66.0,72.6153846154,41.0,1.21125417263,100.0,15.0513912546,52.0
2016-08-10,2,0,28.0,34.0,1,66.0,72.4615384615,41.0,0.989433237272,100.0,15.249793868,60.0
2016-08-11,3,0,28.0,35.0,1,66.0,73.1538461538,41.0,0.838725137791,100.0,14.4427045935,67.0
2016-08-12,4,0,28.0,34.0,1,66.0,73.7692307692,47.0,0.859750240154,100.0,13.9898526201,98.0
2016-08-13,5,1,28.0,35.0,1,66.0,74.5384615385,47.0,1.05485232068,100.0,14.9903321902,108.0
2016-08-14,6,1,28.0,36.0,1,67.0,76.3846153846,47.0,1.25344352617,108.0,17.3362158125,104.0
2016-08-15,0,0,28.0,35.0,1,67.0,79.3846153846,47.0,1.38516532618,108.0,18.4455058589,84.0
2016-08-16,1,0,28.0,35.0,1,68.0,80.3076923077,47.0,1.30081300813,108.0,18.3528853962,86.0
2016-08-17,2,0,28.0,35.0,1,68.0,80.2307692308,47.0,1.17925543361,108.0,18.326751553,68.0
2016-08-18,3,0,28.0,36.0,1,68.0,80.2307692308,51.0,1.01319710515,108.0,18.326751553,79.0
2016-08-19,4,0,29.0,36.0,1,68.0,81.5384615385,51.0,0.979403110551,108.0,17.570146817,69.0
2016-08-20,5,1,28.0,37.0,0,68.0,79.1538461538,51.0,0.918953414167,108.0,16.9970411626,95.0
2016-08-21,6,1,28.0,35.0,0,68.0,79.4615384615,51.0,1.02661596958,108.0,17.2431274364,86.0
2016-08-22,0,0,28.0,35.0,1,68.0,81.2307692308,51.0,1.04231811549,108.0,16.6324698483,79.0
2016-08-23,1,0,26.0,34.0,1,68.0,83.3076923077,51.0,1.07928601079,108.0,14.3868776502,91.0
2016-08-24,2,0,26.0,34.0,1,68.0,85.6923076923,51.0,1.06004140787,108.0,12.8085585293,87.0
2016-08-25,3,0,27.0,35.0,1,68.0,87.2307692308,51.0,1.05177000205,108.0,11.6166581064,101.0
2016-08-26,4,0,26.0,34.0,0,69.0,87.4615384615,51.0,1.11510791367,108.0,11.855640557,79.0
2016-08-27,5,1,23.0,31.0,1,69.0,85.2307692308,52.0,1.08075288403,108.0,10.4230059606,88.0
2016-08-28,6,1,22.0,30.0,1,69.0,84.0,52.0,1.08678021087,108.0,8.97860705318,102.0
2016-08-29,0,0,23.0,31.0,1,69.0,85.3846153846,52.0,1.06555753615,108.0,10.179454886,92.0
2016-08-30,1,0,23.0,31.0,1,70.0,85.8461538462,52.0,1.09112013929,108.0,10.3317743941,84.0
2016-08-31,2,0,25.0,34.0,1,72.0,87.0769230769,52.0,1.0608662469,108.0,8.9996712629,91.0
2016-09-01,3,0,26.0,33.0,1,72.0,88.0,52.0,1.00508187465,108.0,8.73542742559,82.0
2016-09-02,4,0,25.0,34.0,1,73.0,89.0,52.0,0.976258309592,108.0,7.09279157368,81.0
2016-09-03,5,1,25.0,35.0,1,77.0,87.9230769231,52.0,0.979938271605,108.0,7.16252575199,93.0
2016-09-04,6,1,25.0,33.0,1,77.0,88.4615384615,52.0,0.993981751116,108.0,7.26016936246,88.0
2016-09-05,0,0,25.0,30.0,0,78.0,89.1538461538,52.0,1.0149138098,108.0,6.73505358149,75.0
2016-09-06,1,0,22.0,27.0,0,78.0,87.9230769231,52.0,0.998050682261,108.0,7.68076056392,69.0
2016-09-07,2,0,20.0,24.0,0,78.0,86.5384615385,52.0,0.90395480226,108.0,9.19544523217,60.0
2016-09-08,3,0,22.0,29.0,1,78.0,83.3846153846,60.0,0.80378250591,108.0,10.6159420144,65.0
2016-09-09,4,0,23.0,31.0,1,78.0,82.3076923077,60.0,0.766192733017,108.0,11.6644404751,63.0
2016-09-10,5,1,24.0,29.0,1,78.0,80.3846153846,60.0,0.756843800322,108.0,12.5914406919,79.0
2016-09-11,6,1,23.0,26.0,0,79.0,78.6153846154,60.0,0.836870830807,108.0,10.9371523613,59.0
2016-09-12,0,0,23.0,29.0,1,78.0,76.0769230769,59.0,0.822590546347,104.0,11.3575562002,72.0
2016-09-13,1,0,23.0,30.0,1,78.0,75.1538461538,59.0,0.869565217391,102.0,11.1620659367,42.0
2016-09-14,2,0,22.0,24.0,0,75.0,71.3846153846,42.0,0.736954206603,102.0,13.2522187491,57.0
2016-09-15,3,1,23.0,26.0,0,75.0,69.4615384615,42.0,0.749506903353,102.0,13.3854995287,59.0
2016-09-16,4,1,23.0,27.0,0,75.0,67.7692307692,42.0,0.701754385965,102.0,13.2092848823,66.0
2016-09-17,5,1,23.0,27.0,0,75.0,65.6923076923,42.0,0.820374126662,102.0,11.0201536733,69.0
2016-09-18,6,0,23.0,28.0,0,75.0,64.2307692308,42.0,0.894421392347,102.0,9.04819443233,80.0
2016-09-19,0,0,21.0,27.0,0,78.0,64.6153846154,42.0,0.999535099954,102.0,9.58796089285,117.0
2016-09-20,1,0,20.0,26.0,1,79.0,68.3076923077,42.0,1.20881617814,117.0,16.9677731433,47.0
2016-09-21,2,0,20.0,27.0,1,79.0,67.3076923077,42.0,1.1431248536,117.0,17.7910289208,45.0
2016-09-22,3,0,21.0,27.0,1,79.0,65.7692307692,42.0,1.00529100529,117.0,18.7622938,68.0
2016-09-23,4,0,21.0,27.0,1,79.0,66.1538461538,42.0,0.776887594076,117.0,18.7528301612,69.0
2016-09-24,5,1,22.0,28.0,1,79.0,65.3846153846,42.0,0.899431677786,117.0,18.4121133268,95.0
2016-09-25,6,1,23.0,29.0,1,79.0,68.1538461538,42.0,1.14060963618,117.0,19.8914212427,111.0
2016-09-26,0,0,24.0,31.0,1,79.0,71.1538461538,42.0,1.31704980843,117.0,22.9509381536,84.0
2016-09-27,1,0,25.0,30.0,0,79.0,74.3846153846,42.0,1.3740819711,117.0,21.5318671224,76.0
2016-09-28,2,0,22.0,28.0,0,79.0,75.8461538462,42.0,1.26961817756,117.0,20.938908038,64.0
2016-09-29,3,0,22.0,25.0,0,79.0,76.2307692308,42.0,1.05016408814,117.0,20.6701339587,48.0
2016-09-30,4,0,23.0,28.0,0,79.0,74.8461538462,42.0,0.890784174366,117.0,21.8767391532,81.0
2016-10-01,5,1,24.0,29.0,0,79.0,75.7692307692,42.0,0.913177194228,117.0,21.8637523916,115.0
2016-10-02,6,1,24.0,32.0,1,79.0,78.4615384615,42.0,1.11035267349,117.0,24.2443185561,72.0
2016-10-03,0,1,22.0,26.0,1,79.0,75.0,42.0,1.21956769056,117.0,21.5585071554,67.0
2016-10-04,1,1,22.0,26.0,1,79.0,76.5384615385,42.0,1.13646532438,117.0,20.1746809511,51.0
2016-10-05,2,1,22.0,27.0,1,79.0,77.0,42.0,0.853548966757,117.0,19.505423309,86.0
2016-10-06,3,1,22.0,26.0,0,79.0,78.3846153846,42.0,0.900066181337,117.0,19.4562169678,71.0
2016-10-07,4,1,20.0,25.0,0,79.0,78.5384615385,42.0,0.914687774846,117.0,19.3891935986,80.0
2016-10-08,5,0,17.0,22.0,0,79.0,77.3846153846,42.0,1.03470857891,117.0,18.8130006666,57.0
2016-10-09,6,0,18.0,22.0,1,79.0,73.2307692308,42.0,0.921985815603,117.0,16.7843968117,68.0
2016-10-10,0,0,18.0,22.0,1,79.0,72.0,42.0,0.939289805269,117.0,16.5343465364,56.0
2016-10-11,1,0,19.0,25.0,1,79.0,70.4615384615,42.0,0.824225865209,117.0,17.0140909231,72.0
2016-10-12,2,0,19.0,23.0,1,79.0,71.0769230769,42.0,0.876369327074,117.0,16.913633729,61.0
2016-10-13,3,0,19.0,23.0,1,76.0,72.0769230769,45.0,0.849056603774,117.0,15.8718984297,65.0
2016-10-14,4,0,19.0,23.0,0,75.0,70.8461538462,45.0,0.891891891892,117.0,15.752148346,91.0
2016-10-15,5,1,21.0,25.0,1,75.0,69.0,45.0,0.980126467931,117.0,11.2249721603,92.0
2016-10-16,6,1,20.0,26.0,1,76.0,70.5384615385,45.0,1.13475177305,117.0,12.7919168264,74.0
2016-10-17,0,0,20.0,25.0,1,75.0,71.0769230769,45.0,1.18405897259,117.0,12.7789582967,81.0
2016-10-18,1,0,20.0,25.0,1,76.0,73.3846153846,45.0,1.13406795225,117.0,11.5993266485,74.0
2016-10-19,2,0,20.0,24.0,0,75.0,72.4615384615,45.0,1.04423164615,115.0,11.0217643751,61.0
2016-10-20,3,0,20.0,23.0,0,74.0,71.6923076923,45.0,0.976271186441,115.0,11.4380244084,43.0
2016-10-21,4,0,0.0,21.0,0,74.0,68.8461538462,43.0,0.825794479239,115.0,13.4441646126,38.0
2016-10-22,5,1,19.0,23.0,0,72.0,67.3846153846,38.0,0.696078431373,115.0,15.524365274,58.0
2016-10-23,6,1,18.0,23.0,1,72.0,66.6153846154,38.0,0.688459633482,115.0,15.721315572,98.0
2016-10-24,0,0,20.0,24.0,1,72.0,69.8461538462,38.0,0.939239893488,115.0,17.430504445,77.0
2016-10-25,1,0,18.0,22.0,1,72.0,70.2307692308,38.0,1.10715134236,115.0,17.5286747323,39.0
2016-10-26,2,0,19.0,21.0,0,72.0,68.5384615385,38.0,1.05211406096,115.0,19.3096842368,28.0
2016-10-27,3,0,18.0,22.0,0,71.0,65.6923076923,28.0,0.731150038081,115.0,22.1407546789,45.0
2016-10-28,4,0,15.0,20.0,0,69.0,62.1538461538,28.0,0.584246218049,115.0,21.4793143919,47.0
2016-10-29,5,1,13.0,17.0,1,69.0,58.6923076923,28.0,0.630914826498,115.0,19.9629834959,61.0
2016-10-30,6,1,14.0,18.0,1,69.0,57.6923076923,28.0,0.80888183981,115.0,19.4911601872,46.0
2016-10-31,0,0,13.0,17.0,0,68.0,55.0,28.0,0.8206767919,98.0,18.4765964232,46.0
