time_stamp,dayofweek,holiday,lt,ht,sunny,m2M,w2A,m1L,d3w3,m1Lar,w2Std,pay_sum
2016-08-01,0,0,27.0,35.0,1,110.0,139.769230769,78.0,1.24019040268,201.0,28.5418824406,103.0
2016-08-02,1,0,26.0,36.0,0,110.0,140.307692308,78.0,1.11711711712,201.0,27.7665671,106.0
2016-08-03,2,0,25.0,30.0,0,110.0,139.615384615,81.0,0.958572339069,201.0,28.491668044,96.0
2016-08-04,3,0,25.0,32.0,0,110.0,138.153846154,81.0,0.77519379845,201.0,30.1556121932,111.0
2016-08-05,4,0,26.0,32.0,0,110.0,137.0,81.0,0.797960484385,201.0,30.8769269097,160.0
2016-08-06,5,1,26.0,34.0,0,111.0,136.0,81.0,0.925715727078,201.0,29.8895402337,173.0
2016-08-07,6,1,26.0,34.0,0,111.0,133.846153846,81.0,1.10778443114,201.0,25.86606376,154.0
2016-08-08,0,0,26.0,34.0,1,112.0,135.692307692,81.0,1.19362745098,201.0,26.3771014194,96.0
2016-08-09,1,0,27.0,34.0,1,112.0,134.461538462,81.0,1.03676470588,201.0,27.7893598471,127.0
2016-08-10,2,0,27.0,34.0,1,112.0,134.076923077,81.0,0.919960956564,201.0,27.8552896191,105.0
2016-08-11,3,0,27.0,35.0,1,112.0,131.769230769,81.0,0.803330884154,201.0,28.9060915756,125.0
2016-08-12,4,0,28.0,35.0,1,112.0,129.769230769,88.0,0.874678427049,201.0,28.4013917485,139.0
2016-08-13,5,1,28.0,36.0,1,113.0,127.846153846,96.0,0.915519166357,201.0,26.8209050322,176.0
2016-08-14,6,1,27.0,36.0,1,115.0,128.538461538,96.0,1.10192837466,201.0,27.916400982,176.0
2016-08-15,0,0,27.0,36.0,1,115.0,134.153846154,96.0,1.20876415559,201.0,29.5110048674,82.0
2016-08-16,1,0,27.0,36.0,1,115.0,132.307692308,82.0,1.08040826487,201.0,31.8708562685,101.0
2016-08-17,2,0,27.0,35.0,1,115.0,132.692307692,82.0,0.904168240776,201.0,31.4578707661,101.0
2016-08-18,3,0,27.0,36.0,1,113.0,131.923076923,82.0,0.72458221712,201.0,32.094719284,120.0
2016-08-19,4,0,29.0,37.0,1,115.0,128.846153846,82.0,0.831396849987,201.0,31.1592587891,129.0
2016-08-20,5,1,27.0,36.0,0,115.0,125.461538462,82.0,0.916110456746,201.0,28.4513495276,170.0
2016-08-21,6,1,27.0,33.0,0,116.0,126.692307692,82.0,1.0954248366,201.0,29.9650684205,136.0
2016-08-22,0,0,27.0,34.0,1,116.0,129.769230769,82.0,1.12272551297,201.0,28.6816849793,72.0
2016-08-23,1,0,25.0,34.0,1,116.0,125.538461538,72.0,0.988622989408,176.0,32.5709058106,91.0
2016-08-24,2,0,24.0,34.0,1,115.0,124.461538462,72.0,0.783542976939,176.0,33.4517226982,122.0
2016-08-25,3,0,25.0,34.0,1,115.0,124.230769231,72.0,0.743639921722,176.0,33.4575594451,107.0
2016-08-26,4,0,23.0,29.0,1,115.0,121.769230769,72.0,0.852651212363,176.0,33.4575594451,110.0
2016-08-27,5,1,20.0,29.0,1,115.0,116.692307692,72.0,0.926609266093,176.0,29.6320632356,147.0
2016-08-28,6,1,19.0,30.0,1,116.0,114.461538462,72.0,0.997807017544,176.0,25.9455506327,136.0
2016-08-29,0,0,20.0,31.0,1,119.0,118.615384615,72.0,1.05987055016,176.0,24.7091962374,88.0
2016-08-30,1,0,21.0,31.0,1,119.0,117.615384615,72.0,1.01657761337,176.0,25.6471274791,96.0
2016-08-31,2,0,22.0,32.0,1,119.0,117.230769231,72.0,0.880088008801,176.0,25.929353269,89.0
2016-09-01,3,0,22.0,33.0,1,116.0,114.846153846,72.0,0.762144053601,176.0,26.9696300817,86.0
2016-09-02,4,0,22.0,34.0,1,116.0,111.538461538,72.0,0.773733047823,176.0,27.6589542731,107.0
2016-09-03,5,1,23.0,34.0,1,116.0,106.692307692,72.0,0.829655781112,176.0,21.9137632038,154.0
2016-09-04,6,1,22.0,33.0,1,119.0,108.076923077,72.0,1.03089720737,176.0,24.1739259994,121.0
2016-09-05,0,0,24.0,33.0,1,120.0,111.846153846,72.0,1.1154913126,176.0,21.9749723159,86.0
2016-09-06,1,0,22.0,26.0,0,120.0,111.461538462,72.0,1.06114050558,176.0,22.3765515478,84.0
2016-09-07,2,0,20.0,26.0,1,119.0,108.538461538,72.0,0.861839182586,176.0,23.2730130429,75.0
2016-09-08,3,0,21.0,30.0,1,115.0,106.076923077,72.0,0.74040495618,176.0,24.9382669759,76.0
2016-09-09,4,0,23.0,32.0,1,115.0,103.461538462,72.0,0.727666821489,176.0,26.1434368426,94.0
2016-09-10,5,1,21.0,30.0,1,115.0,99.3846153846,72.0,0.786390627508,176.0,22.9767054663,113.0
2016-09-11,6,1,20.0,28.0,1,115.0,97.6153846154,72.0,0.918532943849,176.0,20.8789126652,121.0
2016-09-12,0,0,20.0,30.0,1,119.0,100.153846154,72.0,1.03978443493,176.0,21.5508206299,72.0
2016-09-13,1,0,21.0,30.0,1,115.0,98.3076923077,72.0,0.978886756238,170.0,22.8182943318,81.0
2016-09-14,2,0,22.0,28.0,1,115.0,97.6923076923,72.0,0.894109969,170.0,23.1662374203,79.0
2016-09-15,3,1,21.0,23.0,0,113.0,97.1538461538,72.0,0.767576509512,170.0,23.5105415108,63.0
2016-09-16,4,1,21.0,23.0,0,113.0,93.7692307692,63.0,0.755420054201,170.0,24.9712260447,108.0
2016-09-17,5,1,21.0,27.0,1,113.0,90.2307692308,63.0,0.864005529635,170.0,18.643018269,111.0
2016-09-18,6,0,20.0,28.0,1,112.0,89.4615384615,63.0,0.987394957983,170.0,17.530700037,72.0
2016-09-19,0,0,17.0,26.0,1,111.0,88.3846153846,63.0,1.02754237288,154.0,18.1300365375,75.0
2016-09-20,1,0,18.0,26.0,1,111.0,87.6923076923,63.0,0.921264059989,154.0,18.4532032466,68.0
2016-09-21,2,0,17.0,24.0,1,110.0,87.1538461538,63.0,0.776453593355,154.0,18.9121294162,67.0
2016-09-22,3,0,19.0,27.0,1,108.0,86.4615384615,63.0,0.766283524904,154.0,19.4644266632,87.0
2016-09-23,4,0,19.0,28.0,1,107.0,85.9230769231,63.0,0.81903707803,154.0,19.3448921442,107.0
2016-09-24,5,1,21.0,29.0,1,107.0,85.4615384615,63.0,0.988636363636,154.0,18.755985238,144.0
2016-09-25,6,1,21.0,28.0,1,107.0,87.2307692308,63.0,1.26378762385,154.0,22.6958276279,140.0
2016-09-26,0,0,23.0,30.0,1,107.0,92.4615384615,63.0,1.41898022138,154.0,26.1552035847,62.0
2016-09-27,1,0,23.0,30.0,0,107.0,91.0,62.0,1.27089072544,154.0,27.2622590632,75.0
2016-09-28,2,0,19.0,23.0,0,106.0,90.6923076923,62.0,1.01744719927,154.0,27.4180867183,62.0
2016-09-29,3,0,17.0,19.0,0,105.0,90.6153846154,62.0,0.736627799371,154.0,27.4969605636,68.0
2016-09-30,4,0,18.0,21.0,0,105.0,87.5384615385,62.0,0.769953051643,154.0,27.6172058538,103.0
2016-10-01,5,1,20.0,24.0,0,103.0,86.9230769231,62.0,0.880075542965,154.0,27.1731245576,89.0
2016-10-02,6,1,20.0,24.0,0,103.0,88.2307692308,62.0,1.00019234468,154.0,26.8303899056,60.0
2016-10-03,0,1,18.0,26.0,1,101.0,87.0769230769,60.0,0.976176641488,144.0,27.6835456224,63.0
2016-10-04,1,1,20.0,25.0,1,101.0,86.6923076923,60.0,0.829908005481,144.0,27.9790707917,59.0
2016-10-05,2,1,20.0,26.0,1,96.0,86.0769230769,59.0,0.720934838582,144.0,28.4887603706,81.0
2016-10-06,3,1,19.0,25.0,1,96.0,85.6153846154,59.0,0.79561042524,144.0,28.5186537106,55.0
2016-10-07,4,1,17.0,20.0,0,94.0,81.6153846154,55.0,0.788834951456,144.0,28.8831557554,64.0
2016-10-08,5,0,14.0,22.0,1,91.0,75.4615384615,55.0,0.832812825318,144.0,22.8224430183,55.0
2016-10-09,6,0,13.0,21.0,1,89.0,68.9230769231,55.0,0.732323232323,144.0,13.7810434933,56.0
2016-10-10,0,0,16.0,21.0,1,89.0,68.4615384615,55.0,0.745473908413,144.0,14.1019114068,63.0
2016-10-11,1,0,16.0,20.0,1,88.0,67.5384615385,55.0,0.74358974359,144.0,14.0363012036,52.0
2016-10-12,2,0,16.0,19.0,1,87.0,66.7692307692,52.0,0.73786407767,144.0,14.5821484444,53.0
2016-10-13,3,0,17.0,20.0,1,86.0,65.6153846154,52.0,0.741230972866,144.0,15.0258160487,47.0
2016-10-14,4,0,16.0,18.0,1,86.0,61.3076923077,47.0,0.69836894096,144.0,11.2413016998,78.0
2016-10-15,5,1,18.0,21.0,0,86.0,60.4615384615,47.0,0.856799037304,144.0,9.38587633395,96.0
2016-10-16,6,1,17.0,23.0,1,86.0,63.2307692308,47.0,1.09868257519,144.0,13.3252440945,88.0
2016-10-17,0,0,18.0,22.0,1,86.0,65.1538461538,47.0,1.27773713728,144.0,14.86785978,48.0
2016-10-18,1,0,18.0,23.0,1,84.0,64.3076923077,47.0,1.15422885572,144.0,15.4938430222,60.0
2016-10-19,2,0,19.0,22.0,1,81.0,62.6923076923,47.0,0.976581963129,144.0,14.7459752808,62.0
2016-10-20,3,0,19.0,21.0,0,81.0,63.2307692308,47.0,0.850850850851,144.0,14.5821484444,53.0
2016-10-21,4,0,19.0,21.0,0,81.0,62.3846153846,47.0,0.910036401456,144.0,14.830003172,64.0
2016-10-22,5,1,18.0,21.0,0,79.0,63.0769230769,47.0,0.949350304959,144.0,14.6784066336,83.0
2016-10-23,6,1,15.0,18.0,1,79.0,65.1538461538,47.0,1.04166666667,144.0,15.4214942599,80.0
2016-10-24,0,0,16.0,20.0,1,79.0,66.4615384615,47.0,1.16679516834,140.0,15.896856896,56.0
2016-10-25,1,0,14.0,17.0,1,78.0,66.7692307692,47.0,1.12828438949,103.0,15.6507745994,56.0
2016-10-26,2,0,16.0,18.0,0,76.0,67.0,47.0,1.00866824271,103.0,15.4670866433,59.0
2016-10-27,3,0,15.0,17.0,0,75.0,67.9230769231,47.0,0.89552238806,103.0,14.5784959574,32.0
2016-10-28,4,0,11.0,15.0,0,75.0,64.3846153846,32.0,0.789685737309,103.0,17.0724179782,69.0
2016-10-29,5,1,8.0,12.0,0,75.0,62.3076923077,32.0,0.849933598938,103.0,14.5569682779,99.0
2016-10-30,6,1,10.0,17.0,1,75.0,63.1538461538,32.0,1.0272213662,99.0,16.2473484409,89.0
2016-10-31,0,0,10.0,15.0,0,75.0,66.3076923077,32.0,1.29405840886,99.0,16.9632390566,49.0
