time_stamp,dayofweek,holiday,lt,ht,sunny,m2M,w2A,m1L,d3w3,m1Lar,w2Std,pay_sum
2016-08-01,0,0,27.0,37.0,1,77.0,88.6923076923,57.0,1.13214550854,145.0,17.1346909262,66.0
2016-08-02,1,0,27.0,35.0,0,77.0,86.3846153846,57.0,1.06296296296,145.0,17.9937530251,85.0
2016-08-03,2,0,26.0,32.0,0,77.0,86.6923076923,57.0,0.973451327434,145.0,17.933143426,85.0
2016-08-04,3,0,27.0,33.0,0,77.0,88.0769230769,57.0,0.86637298091,145.0,17.0314710438,82.0
2016-08-05,4,0,26.0,33.0,0,78.0,87.3846153846,57.0,0.931263858093,145.0,17.0814269875,112.0
2016-08-06,5,1,26.0,34.0,0,80.0,88.0769230769,57.0,1.05025409373,145.0,17.8647118363,159.0
2016-08-07,6,1,27.0,35.0,1,81.0,91.6923076923,57.0,1.29874908021,159.0,25.4751300001,121.0
2016-08-08,0,0,26.0,34.0,0,82.0,95.3846153846,57.0,1.40275541242,159.0,25.9719921973,102.0
2016-08-09,1,0,26.0,30.0,0,82.0,96.0,57.0,1.36258248618,159.0,26.0266135981,142.0
2016-08-10,2,0,27.0,35.0,0,84.0,101.230769231,57.0,1.26079447323,159.0,27.8489161401,90.0
2016-08-11,3,0,27.0,36.0,1,85.0,103.769230769,57.0,1.14012630142,159.0,25.066538671,114.0
2016-08-12,4,0,27.0,36.0,1,85.0,106.076923077,57.0,1.1673414305,159.0,24.515180661,112.0
2016-08-13,5,1,27.0,35.0,1,87.0,106.384615385,57.0,1.06129303107,159.0,24.562443068,163.0
2016-08-14,6,1,28.0,35.0,1,89.0,110.230769231,57.0,1.27373935822,163.0,28.8394864089,127.0
2016-08-15,0,0,27.0,36.0,1,90.0,114.923076923,57.0,1.28229665072,163.0,26.0929154501,87.0
2016-08-16,1,0,26.0,36.0,1,90.0,115.076923077,57.0,1.20659305489,163.0,25.9213649286,104.0
2016-08-17,2,0,28.0,37.0,1,90.0,116.538461538,57.0,1.00331282537,163.0,24.6907500108,99.0
2016-08-18,3,0,28.0,37.0,1,90.0,117.846153846,57.0,0.897138437742,163.0,23.2340802531,96.0
2016-08-19,4,0,28.0,38.0,1,90.0,116.615384615,57.0,0.91985848331,163.0,23.9246845861,110.0
2016-08-20,5,1,27.0,37.0,0,91.0,112.846153846,57.0,0.937451974796,163.0,20.5757368458,141.0
2016-08-21,6,1,27.0,35.0,0,94.0,114.384615385,57.0,1.05295099378,163.0,21.8369428036,142.0
2016-08-22,0,0,27.0,36.0,1,94.0,117.461538462,57.0,1.1526616806,163.0,22.6770483245,88.0
2016-08-23,1,0,27.0,35.0,0,94.0,113.307692308,57.0,1.08670181605,163.0,22.7473907731,101.0
2016-08-24,2,0,27.0,35.0,1,94.0,114.153846154,57.0,0.962769051774,163.0,22.0588239935,96.0
2016-08-25,3,0,26.0,35.0,1,94.0,112.769230769,57.0,0.823937554206,163.0,22.5837036077,111.0
2016-08-26,4,0,25.0,34.0,0,94.0,112.692307692,57.0,0.890817064353,163.0,22.5878953812,97.0
2016-08-27,5,1,23.0,31.0,1,96.0,107.615384615,66.0,0.903551790756,163.0,17.5698100403,146.0
2016-08-28,6,1,21.0,31.0,1,96.0,109.076923077,66.0,1.0405643739,163.0,19.7735703109,147.0
2016-08-29,0,0,21.0,32.0,1,96.0,113.692307692,66.0,1.12408127972,163.0,21.0434883602,107.0
2016-08-30,1,0,21.0,32.0,1,97.0,113.923076923,66.0,1.17061750073,163.0,20.952185634,104.0
2016-08-31,2,0,21.0,33.0,1,97.0,114.307692308,82.0,1.04130308319,163.0,20.7193132325,133.0
2016-09-01,3,0,23.0,33.0,0,97.0,117.153846154,82.0,0.992355401702,163.0,20.5495504493,119.0
2016-09-02,4,0,22.0,34.0,1,99.0,117.846153846,82.0,1.02387115329,163.0,20.4482316476,109.0
2016-09-03,5,1,23.0,35.0,1,101.0,115.384615385,87.0,1.06301531213,163.0,19.4126780998,124.0
2016-09-04,6,1,24.0,32.0,1,102.0,114.0,87.0,1.03788883975,163.0,18.0597299579,94.0
2016-09-05,0,0,24.0,30.0,0,102.0,114.461538462,87.0,0.961199294533,163.0,17.4559462411,123.0
2016-09-06,1,0,23.0,28.0,0,103.0,116.153846154,87.0,0.994024194724,163.0,17.1322734306,118.0
2016-09-07,2,0,21.0,27.0,0,103.0,117.846153846,87.0,0.968488002313,163.0,16.1142371539,124.0
2016-09-08,3,0,22.0,30.0,1,103.0,118.846153846,87.0,1.04255926878,163.0,16.0616416148,77.0
2016-09-09,4,0,22.0,29.0,1,103.0,117.307692308,77.0,0.92423583949,163.0,18.8041919033,80.0
2016-09-10,5,1,22.0,28.0,0,103.0,112.230769231,77.0,0.83630952381,163.0,19.2759469334,102.0
2016-09-11,6,1,21.0,25.0,0,103.0,108.769230769,77.0,0.784848484848,163.0,16.5722374245,86.0
2016-09-12,0,0,21.0,27.0,1,103.0,107.153846154,77.0,0.812860175918,147.0,17.6541394311,63.0
2016-09-13,1,0,21.0,28.0,0,103.0,104.0,63.0,0.774691358025,147.0,21.2349494213,57.0
2016-09-14,2,0,21.0,25.0,0,102.0,98.1538461538,57.0,0.647493320761,147.0,22.8468013376,92.0
2016-09-15,3,1,22.0,25.0,0,102.0,96.0769230769,57.0,0.672375515382,147.0,22.0714278875,119.0
2016-09-16,4,1,23.0,27.0,0,102.0,96.8461538462,57.0,0.841180163214,147.0,22.6744388578,142.0
2016-09-17,5,1,22.0,27.0,1,103.0,98.2307692308,57.0,1.11006289308,147.0,24.7453300836,120.0
2016-09-18,6,0,22.0,26.0,0,104.0,100.230769231,57.0,1.21356903966,147.0,25.3654939637,74.0
2016-09-19,0,0,20.0,27.0,1,104.0,96.4615384615,57.0,1.08737864078,147.0,25.3426226092,81.0
2016-09-20,1,0,19.0,26.0,1,104.0,93.6153846154,57.0,0.900016363934,147.0,24.8365068197,85.0
2016-09-21,2,0,19.0,26.0,1,104.0,90.6153846154,57.0,0.804424333836,147.0,23.2925820531,78.0
2016-09-22,3,0,20.0,27.0,1,102.0,90.6923076923,57.0,0.835044490075,147.0,23.2491012742,76.0
2016-09-23,4,0,20.0,29.0,1,102.0,90.3846153846,57.0,0.832027850305,147.0,23.4144546464,110.0
2016-09-24,5,1,21.0,30.0,1,104.0,91.0,57.0,0.92582851131,147.0,23.8133769776,159.0
2016-09-25,6,1,21.0,30.0,1,104.0,96.6153846154,57.0,1.16988809766,159.0,29.82136163,156.0
2016-09-26,0,0,24.0,31.0,1,107.0,103.769230769,57.0,1.41737535434,159.0,31.9763226013,67.0
2016-09-27,1,0,23.0,28.0,0,107.0,104.538461538,57.0,1.30732375086,159.0,30.9456480962,63.0
2016-09-28,2,0,22.0,28.0,0,104.0,102.307692308,57.0,1.01042218689,159.0,32.7611040844,69.0
2016-09-29,3,0,22.0,25.0,0,104.0,98.4615384615,57.0,0.706049317013,159.0,33.5022740551,86.0
2016-09-30,4,0,22.0,29.0,0,104.0,94.1538461538,57.0,0.770999115827,159.0,31.1444430254,191.0
2016-10-01,5,1,23.0,30.0,0,104.0,99.6153846154,57.0,1.16852414725,191.0,40.1277545645,185.0
2016-10-02,6,1,22.0,30.0,1,107.0,108.153846154,57.0,1.4857694163,191.0,45.251172792,149.0
2016-10-03,0,1,21.0,27.0,0,109.0,113.384615385,57.0,1.6211208893,191.0,45.7376102795,146.0
2016-10-04,1,1,20.0,27.0,1,109.0,118.076923077,57.0,1.42348754448,191.0,45.7139290984,144.0
2016-10-05,2,1,21.0,27.0,1,109.0,123.153846154,57.0,1.27246376812,191.0,44.6332855335,158.0
2016-10-06,3,1,22.0,27.0,0,109.0,129.461538462,57.0,1.27689895967,191.0,43.2979221115,147.0
2016-10-07,4,1,20.0,23.0,0,110.0,132.307692308,57.0,1.27701934016,191.0,43.1408865773,104.0
2016-10-08,5,0,17.0,22.0,0,109.0,128.076923077,57.0,1.17124856816,191.0,43.0124517543,102.0
2016-10-09,6,0,16.0,22.0,1,109.0,123.923076923,57.0,0.998868138087,191.0,42.7217500694,89.0
2016-10-10,0,0,15.0,21.0,1,107.0,125.615384615,57.0,0.831923293852,191.0,40.8270997134,106.0
2016-10-11,1,0,17.0,23.0,1,106.0,128.923076923,57.0,0.830188679245,191.0,37.2010370791,82.0
2016-10-12,2,0,18.0,25.0,1,104.0,129.923076923,57.0,0.772987302916,191.0,35.7221360772,101.0
2016-10-13,3,0,18.0,23.0,1,104.0,131.076923077,63.0,0.798122065728,191.0,34.5063239209,89.0
2016-10-14,4,0,19.0,22.0,0,104.0,123.230769231,63.0,0.75776570553,191.0,31.4499696616,118.0
2016-10-15,5,1,20.0,23.0,0,104.0,118.076923077,63.0,0.873015873016,191.0,25.9065229044,135.0
2016-10-16,6,1,20.0,26.0,0,106.0,117.0,63.0,0.978120978121,191.0,24.8688869566,162.0
2016-10-17,0,0,20.0,24.0,0,107.0,118.230769231,63.0,1.14042319318,191.0,26.6087141485,70.0
2016-10-18,1,0,20.0,24.0,0,106.0,112.538461538,63.0,1.00561720784,191.0,28.3457102564,71.0
2016-10-19,2,0,20.0,24.0,0,104.0,105.846153846,63.0,0.829568788501,191.0,27.0635893743,65.0
2016-10-20,3,0,21.0,25.0,0,104.0,99.5384615385,63.0,0.568903617785,191.0,26.2813633431,114.0
2016-10-21,4,0,21.0,25.0,0,104.0,100.307692308,63.0,0.713165026387,191.0,26.5457069262,107.0
2016-10-22,5,1,20.0,23.0,0,106.0,100.692307692,63.0,0.844031282278,191.0,26.6035989913,136.0
2016-10-23,6,1,17.0,23.0,0,107.0,104.307692308,63.0,1.05966162066,191.0,27.929539409,231.0
2016-10-24,0,0,19.0,24.0,1,107.0,113.923076923,63.0,1.35564135564,231.0,43.8414302449,96.0
2016-10-25,1,0,19.0,23.0,1,107.0,115.0,63.0,1.35202219302,231.0,43.2114657149,87.0
2016-10-26,2,0,19.0,24.0,0,106.0,113.923076923,63.0,1.24773960217,231.0,43.7184374738,102.0
2016-10-27,3,0,18.0,24.0,0,104.0,114.923076923,65.0,0.876788186433,231.0,43.2834335665,95.0
2016-10-28,4,0,15.0,19.0,0,104.0,113.153846154,65.0,0.877355576151,231.0,43.5904826483,120.0
2016-10-29,5,1,12.0,15.0,0,104.0,112.0,65.0,0.971200980392,231.0,43.1936605035,208.0
2016-10-30,6,1,14.0,18.0,1,104.0,115.538461538,65.0,1.22875816993,231.0,48.6804579092,172.0
2016-10-31,0,0,12.0,17.0,0,104.0,123.384615385,65.0,1.411831145,231.0,48.9277936768,81.0
