time_stamp,dayofweek,holiday,lt,ht,sunny,m2M,w2A,m1L,d3w3,m1Lar,w2Std,pay_sum
2016-08-01,0,0,25.0,35.0,0,95.0,114.615384615,66.0,1.00647249191,163.0,23.276063841,132.0
2016-08-02,1,0,25.0,29.0,0,97.0,117.538461538,66.0,1.01912825337,163.0,22.8863929497,53.0
2016-08-03,2,0,25.0,31.0,0,97.0,109.076923077,53.0,0.832934418382,163.0,24.7711418279,93.0
2016-08-04,3,0,26.0,32.0,1,97.0,104.461538462,53.0,0.888037054784,163.0,21.5357141105,98.0
2016-08-05,4,0,26.0,34.0,1,98.0,101.692307692,53.0,0.78130003202,163.0,19.8043686532,87.0
2016-08-06,5,1,27.0,35.0,1,98.0,100.538461538,53.0,0.882119625575,163.0,20.1861162669,88.0
2016-08-07,6,1,27.0,36.0,1,98.0,100.076923077,53.0,0.861334595362,163.0,20.3978186559,75.0
2016-08-08,0,0,27.0,35.0,0,98.0,96.4615384615,53.0,0.787649653434,163.0,20.3568751743,85.0
2016-08-09,1,0,25.0,34.0,0,98.0,94.5384615385,53.0,0.78468596741,163.0,20.1670538049,88.0
2016-08-10,2,0,26.0,31.0,0,98.0,93.5384615385,53.0,0.813648293963,163.0,20.1441550393,100.0
2016-08-11,3,0,26.0,32.0,0,100.0,93.0769230769,53.0,0.919656392117,163.0,19.9208492963,109.0
2016-08-12,4,0,26.0,30.0,0,101.0,92.3846153846,53.0,1.01330603889,163.0,19.1854851447,107.0
2016-08-13,5,1,25.0,32.0,0,102.0,91.6153846154,53.0,1.07537859452,163.0,18.3660994625,90.0
2016-08-14,6,1,26.0,32.0,0,101.0,92.6923076923,53.0,1.04347826087,163.0,17.8212691225,73.0
2016-08-15,0,0,25.0,31.0,0,100.0,88.1538461538,53.0,0.944386149003,163.0,14.4213845161,113.0
2016-08-16,1,0,25.0,31.0,0,100.0,92.7692307692,53.0,0.963855421687,163.0,11.79409139,124.0
2016-08-17,2,0,25.0,31.0,0,101.0,95.1538461538,53.0,1.06970324362,163.0,14.4373775258,131.0
2016-08-18,3,0,25.0,30.0,0,101.0,97.6923076923,53.0,1.25361948561,163.0,17.3266562773,104.0
2016-08-19,4,0,26.0,32.0,0,101.0,99.0,53.0,1.23177217361,153.0,17.1105005996,130.0
2016-08-20,5,1,26.0,34.0,1,101.0,102.230769231,53.0,1.24403544649,134.0,18.6265065313,100.0
2016-08-21,6,1,27.0,35.0,0,100.0,104.153846154,53.0,1.12457912458,132.0,16.9290199355,106.0
2016-08-22,0,0,27.0,35.0,1,100.0,105.769230769,53.0,1.14636642784,132.0,16.0007396279,123.0
2016-08-23,1,0,27.0,35.0,1,100.0,108.461538462,53.0,1.0836627141,132.0,15.7265839834,111.0
2016-08-24,2,0,28.0,36.0,1,100.0,109.307692308,53.0,1.11002285341,132.0,15.5434112452,107.0
2016-08-25,3,0,27.0,36.0,1,101.0,109.153846154,53.0,1.10840240533,132.0,15.5555884286,110.0
2016-08-26,4,0,25.0,35.0,0,101.0,109.384615385,53.0,1.05432336869,132.0,15.5441725986,100.0
2016-08-27,5,1,24.0,32.0,0,101.0,110.153846154,53.0,1.01310322787,132.0,14.7952495175,98.0
2016-08-28,6,1,26.0,33.0,1,100.0,112.076923077,53.0,0.973605184131,132.0,10.9717226644,86.0
2016-08-29,0,0,26.0,33.0,1,100.0,110.0,53.0,0.897314375987,132.0,12.9733454555,91.0
2016-08-30,1,0,25.0,32.0,1,100.0,107.461538462,53.0,0.867644738918,132.0,13.2119723364,99.0
2016-08-31,2,0,25.0,33.0,0,100.0,105.0,53.0,0.871212121212,131.0,11.4623128288,88.0
2016-09-01,3,0,25.0,32.0,0,100.0,103.769230769,73.0,0.886338275147,131.0,12.3297878586,99.0
2016-09-02,4,0,25.0,31.0,0,99.0,101.384615385,73.0,0.915346455433,131.0,9.75498658705,88.0
2016-09-03,5,1,25.0,31.0,0,99.0,100.461538462,73.0,0.88098670511,131.0,10.3894575605,76.0
2016-09-04,6,1,26.0,31.0,0,99.0,98.1538461538,73.0,0.841330774152,131.0,12.0947932462,87.0
2016-09-05,0,0,26.0,32.0,0,99.0,95.3846153846,73.0,0.813087139618,131.0,10.0348505147,102.0
2016-09-06,1,0,26.0,33.0,0,99.0,94.6923076923,73.0,0.867714472823,131.0,9.21023356744,100.0
2016-09-07,2,0,25.0,31.0,0,100.0,94.1538461538,73.0,0.960931005819,131.0,8.66332813865,125.0
2016-09-08,3,0,26.0,32.0,0,100.0,95.3076923077,73.0,1.076011846,131.0,11.2959122312,101.0
2016-09-09,4,0,26.0,32.0,0,100.0,95.3846153846,73.0,1.08829911534,131.0,11.3309546175,109.0
2016-09-10,5,1,25.0,30.0,0,100.0,96.2307692308,73.0,1.11332668661,131.0,11.8915215184,103.0
2016-09-11,6,1,25.0,30.0,0,100.0,97.5384615385,73.0,1.04177067732,131.0,11.6263320799,82.0
2016-09-12,0,0,24.0,33.0,1,100.0,96.8461538462,73.0,0.998980632008,131.0,12.2464824077,103.0
2016-09-13,1,0,26.0,35.0,1,100.0,97.1538461538,76.0,0.982599795292,131.0,12.3465732016,131.0
2016-09-14,2,0,26.0,35.0,1,101.0,100.461538462,76.0,1.06504887091,131.0,14.9389289319,103.0
2016-09-15,3,1,25.0,34.0,1,101.0,100.769230769,76.0,1.13986132251,131.0,14.9468486319,55.0
2016-09-16,4,1,25.0,34.0,1,101.0,98.2307692308,55.0,1.00034614053,131.0,19.1196791337,48.0
2016-09-17,5,1,25.0,34.0,1,101.0,96.0769230769,48.0,0.732054015636,131.0,22.7375038832,72.0
2016-09-18,6,0,25.0,33.0,1,101.0,94.9230769231,48.0,0.62656641604,131.0,23.5354447539,96.0
2016-09-19,0,0,23.0,32.0,1,100.0,94.4615384615,48.0,0.771290840921,131.0,23.4508172225,99.0
2016-09-20,1,0,24.0,31.0,1,100.0,94.3846153846,48.0,0.953401178361,131.0,23.4341580458,83.0
2016-09-21,2,0,24.0,31.0,1,100.0,91.1538461538,48.0,0.995345506624,131.0,21.8309806462,90.0
2016-09-22,3,0,24.0,32.0,1,100.0,90.3076923077,48.0,0.978593272171,131.0,21.6453392225,130.0
2016-09-23,4,0,25.0,32.0,1,100.0,91.9230769231,48.0,1.06596306069,131.0,23.6690695227,106.0
2016-09-24,5,1,25.0,32.0,1,100.0,92.1538461538,48.0,1.129004329,131.0,23.790257068,72.0
2016-09-25,6,1,26.0,33.0,1,100.0,91.3846153846,48.0,1.07504363002,131.0,24.2631041883,84.0
2016-09-26,0,0,26.0,34.0,1,99.0,89.9230769231,48.0,0.92318534179,131.0,24.0910501686,109.0
2016-09-27,1,0,27.0,35.0,1,99.0,88.2307692308,48.0,0.929335437489,131.0,21.8109141563,96.0
2016-09-28,2,0,28.0,34.0,1,99.0,87.6923076923,48.0,1.0292022792,131.0,21.5241710834,106.0
2016-09-29,3,0,21.0,28.0,0,99.0,91.6153846154,48.0,1.10459953827,131.0,19.785536526,87.0
2016-09-30,4,0,20.0,26.0,0,99.0,94.6153846154,48.0,1.03863432165,131.0,15.419959401,84.0
2016-10-01,5,1,20.0,28.0,0,99.0,95.5384615385,48.0,1.0058097313,131.0,14.361355114,55.0
2016-10-02,6,1,23.0,31.0,1,99.0,92.3846153846,48.0,0.832872673669,131.0,17.9638031845,64.0
2016-10-03,0,1,24.0,33.0,1,99.0,89.6923076923,48.0,0.764595103578,131.0,19.3406093905,42.0
2016-10-04,1,1,24.0,32.0,1,99.0,86.5384615385,42.0,0.638508824113,131.0,23.1437493958,55.0
2016-10-05,2,1,23.0,33.0,1,99.0,83.8461538462,42.0,0.657276995305,131.0,24.5759299185,50.0
2016-10-06,3,1,25.0,32.0,1,99.0,77.6923076923,42.0,0.601965601966,131.0,22.1442286817,57.0
2016-10-07,4,1,25.0,31.0,1,99.0,73.9230769231,42.0,0.659743433109,131.0,21.1531468416,64.0
2016-10-08,5,0,24.0,31.0,0,99.0,73.3076923077,42.0,0.699815837937,131.0,21.3158829023,92.0
2016-10-09,6,0,22.0,30.0,1,99.0,73.9230769231,42.0,0.873846153846,131.0,21.7271950771,88.0
2016-10-10,0,0,22.0,30.0,1,98.0,72.3076923077,42.0,1.0078479967,131.0,19.7499157365,84.0
2016-10-11,1,0,21.0,28.0,0,96.0,71.3846153846,42.0,1.08978328173,131.0,18.8823827601,73.0
2016-10-12,2,0,20.0,25.0,0,96.0,68.8461538462,42.0,1.02211097205,131.0,16.0664301422,89.0
2016-10-13,3,0,22.0,28.0,1,96.0,69.0,42.0,1.0533076429,130.0,16.2480768093,86.0
2016-10-14,4,0,20.0,30.0,1,96.0,69.1538461538,42.0,1.07568857081,130.0,16.3981525875,134.0
2016-10-15,5,1,21.0,31.0,1,96.0,75.2307692308,42.0,1.28830519074,134.0,23.2384093397,74.0
2016-10-16,6,1,24.0,32.0,1,92.0,76.0,42.0,1.23348017621,134.0,23.018387299,78.0
2016-10-17,0,0,23.0,32.0,1,91.0,78.7692307692,42.0,1.22379118528,134.0,20.8221547919,107.0
2016-10-18,1,0,23.0,26.0,0,91.0,82.7692307692,42.0,1.10048863395,134.0,20.8664391793,67.0
2016-10-19,2,0,23.0,27.0,0,90.0,84.0769230769,42.0,1.09803921569,134.0,19.2412279252,77.0
2016-10-20,3,0,24.0,31.0,1,89.0,85.6153846154,42.0,1.10087719298,134.0,17.7570720973,112.0
2016-10-21,4,0,24.0,27.0,0,89.0,89.3076923077,42.0,1.10249784668,134.0,17.8686860409,116.0
2016-10-22,5,1,24.0,30.0,1,89.0,91.1538461538,42.0,1.26372488088,134.0,19.2387675675,67.0
2016-10-23,6,1,24.0,31.0,1,88.0,89.5384615385,42.0,1.2200165426,134.0,20.2887440739,82.0
2016-10-24,0,0,24.0,30.0,1,88.0,89.3846153846,42.0,1.06941081517,134.0,20.3376818191,96.0
2016-10-25,1,0,24.0,31.0,1,88.0,91.1538461538,42.0,0.964756841898,134.0,19.8294503351,103.0
2016-10-26,2,0,25.0,32.0,1,88.0,92.2307692308,42.0,1.0729285987,134.0,20.0620339722,109.0
2016-10-27,3,0,24.0,33.0,1,88.0,94.0,42.0,1.14200964034,134.0,20.4450483003,114.0
2016-10-28,4,0,22.0,33.0,1,88.0,92.4615384615,42.0,1.17604617605,134.0,17.9812525645,113.0
2016-10-29,5,1,20.0,29.0,1,88.0,95.4615384615,42.0,1.19850187266,134.0,17.9040836967,73.0
2016-10-30,6,1,19.0,28.0,1,88.0,95.0769230769,42.0,1.07874865156,134.0,18.3238454919,71.0
2016-10-31,0,0,19.0,27.0,1,88.0,92.3076923077,42.0,0.930653630273,134.0,19.0197654899,102.0
