time_stamp,dayofweek,holiday,lt,ht,sunny,m2M,w2A,m1L,d3w3,m1Lar,w2Std,pay_sum
2016-08-01,0,0,25.0,31.0,1,136.0,153.230769231,119.0,1.01221640489,208.0,21.9935439693,152.0
2016-08-02,1,0,24.0,29.0,0,137.0,154.615384615,119.0,0.99263112267,208.0,21.2947753128,158.0
2016-08-03,2,0,25.0,29.0,0,144.0,157.076923077,119.0,0.98509397278,208.0,19.6291053069,134.0
2016-08-04,3,0,25.0,30.0,1,137.0,156.0,119.0,0.966057441253,208.0,20.4638518068,140.0
2016-08-05,4,0,25.0,29.0,1,140.0,155.230769231,119.0,0.941792020929,208.0,20.859064977,137.0
2016-08-06,5,1,25.0,29.0,0,140.0,152.307692308,119.0,0.90339597758,208.0,20.5440787478,169.0
2016-08-07,6,1,25.0,29.0,0,144.0,149.307692308,125.0,0.985199911641,208.0,13.9966183574,156.0
2016-08-08,0,0,25.0,29.0,0,144.0,147.846153846,125.0,1.01382488479,208.0,12.1011515908,143.0
2016-08-09,1,0,26.0,29.0,1,143.0,149.230769231,125.0,1.02395799147,208.0,10.3042474152,646.0
2016-08-10,2,0,26.0,31.0,1,143.0,187.384615385,125.0,1.76619007569,646.0,132.791066927,417.0
2016-08-11,3,0,26.0,31.0,1,144.0,208.923076923,125.0,2.09593326382,646.0,145.016954732,417.0
2016-08-12,4,0,26.0,31.0,1,145.0,228.846153846,125.0,2.4047444959,646.0,154.155688612,402.0
2016-08-13,5,1,26.0,31.0,1,146.0,247.461538462,125.0,1.90300230947,646.0,159.2456329,483.0
2016-08-14,6,1,27.0,31.0,1,146.0,273.384615385,125.0,1.88490770901,646.0,167.817913439,398.0
2016-08-15,0,0,25.0,30.0,0,148.0,292.307692308,125.0,1.77161005247,646.0,166.930839947,189.0
2016-08-16,1,0,25.0,29.0,1,148.0,294.692307692,125.0,1.45816298719,646.0,165.207740839,177.0
2016-08-17,2,0,25.0,30.0,1,148.0,298.0,125.0,1.03544080775,646.0,162.363315296,164.0
2016-08-18,3,0,26.0,30.0,1,150.0,299.846153846,125.0,0.714381992182,646.0,160.684040734,178.0
2016-08-19,4,0,25.0,31.0,0,150.0,303.0,125.0,0.696737817157,646.0,157.833895161,201.0
2016-08-20,5,1,25.0,30.0,0,152.0,305.461538462,125.0,0.722987817056,646.0,155.963316883,218.0
2016-08-21,6,1,25.0,29.0,0,156.0,310.230769231,125.0,0.783618822603,646.0,152.223092277,194.0
2016-08-22,0,0,24.0,30.0,1,156.0,314.153846154,125.0,0.798021219814,646.0,148.473694201,177.0
2016-08-23,1,0,24.0,30.0,1,158.0,278.076923077,125.0,0.763942931258,646.0,117.128109704,208.0
2016-08-24,2,0,24.0,30.0,1,158.0,262.0,125.0,0.740314537783,646.0,111.147165091,171.0
2016-08-25,3,0,22.0,30.0,0,158.0,243.076923077,134.0,0.706704798221,646.0,103.84860396,150.0
2016-08-26,4,0,20.0,27.0,1,158.0,223.692307692,134.0,0.670723976163,646.0,95.5634180213,206.0
2016-08-27,5,1,20.0,28.0,1,158.0,202.384615385,134.0,0.663519043122,646.0,59.4145002524,190.0
2016-08-28,6,1,21.0,29.0,1,158.0,186.384615385,134.0,0.683054982173,646.0,18.5037977871,187.0
2016-08-29,0,0,21.0,29.0,1,160.0,186.230769231,134.0,0.7233699361,646.0,18.489722077,132.0
2016-08-30,1,0,22.0,30.0,1,160.0,182.769230769,132.0,0.698360430816,646.0,23.4427415244,127.0
2016-08-31,2,0,22.0,31.0,1,158.0,179.923076923,127.0,0.650762384183,646.0,27.4519483362,129.0
2016-09-01,3,0,20.0,31.0,1,158.0,176.153846154,127.0,0.604220197773,646.0,30.636444245,119.0
2016-09-02,4,0,22.0,29.0,1,158.0,169.846153846,119.0,0.625312656328,646.0,33.2052965049,154.0
2016-09-03,5,1,23.0,30.0,1,158.0,164.923076923,119.0,0.730444262742,646.0,30.3199896957,164.0
2016-09-04,6,1,23.0,29.0,1,158.0,162.615384615,119.0,0.84813197477,646.0,29.1377061067,156.0
2016-09-05,0,0,24.0,31.0,1,158.0,161.0,119.0,0.92886537331,646.0,28.8763944052,124.0
2016-09-06,1,0,23.0,30.0,1,158.0,154.538461538,119.0,0.883845924156,646.0,26.971824001,112.0
2016-09-07,2,0,21.0,28.0,0,158.0,150.0,112.0,0.792639773531,646.0,28.7268301285,108.0
2016-09-08,3,0,22.0,30.0,1,158.0,146.769230769,108.0,0.710670385291,483.0,30.8299401086,115.0
2016-09-09,4,0,23.0,30.0,1,156.0,139.769230769,108.0,0.711026212459,483.0,26.6318312902,130.0
2016-09-10,5,1,20.0,29.0,1,156.0,135.153846154,108.0,0.770826509444,483.0,22.3876550936,200.0
2016-09-11,6,1,21.0,28.0,1,158.0,136.153846154,108.0,0.969815843958,483.0,24.8374597792,174.0
2016-09-12,0,0,21.0,28.0,1,158.0,139.384615385,108.0,1.09947643979,398.0,26.7453474359,101.0
2016-09-13,1,0,21.0,27.0,0,158.0,137.384615385,101.0,1.07381033119,218.0,28.5105606926,110.0
2016-09-14,2,0,21.0,27.0,0,158.0,135.923076923,101.0,0.888734995383,218.0,29.3767609317,131.0
2016-09-15,3,1,21.0,26.0,1,156.0,136.846153846,101.0,0.794701986755,218.0,29.0168284166,188.0
2016-09-16,4,1,21.0,25.0,0,158.0,139.461538462,101.0,1.00315678709,218.0,31.8400217062,182.0
2016-09-17,5,1,19.0,27.0,1,158.0,140.846153846,101.0,1.17481533591,218.0,33.2377129498,184.0
2016-09-18,6,0,18.0,27.0,1,160.0,143.0,101.0,1.30046948357,218.0,35.0098887129,114.0
2016-09-19,0,0,17.0,26.0,1,160.0,142.230769231,101.0,1.13394755493,208.0,35.524972465,100.0
2016-09-20,1,0,17.0,25.0,1,160.0,141.307692308,100.0,0.94931425164,208.0,36.4425461734,85.0
2016-09-21,2,0,17.0,25.0,1,158.0,139.538461538,85.0,0.724584999394,208.0,38.5159614957,93.0
2016-09-22,3,0,18.0,25.0,1,158.0,137.846153846,85.0,0.680122324159,206.0,40.011241024,119.0
2016-09-23,4,0,20.0,26.0,1,156.0,137.0,85.0,0.736059479554,206.0,40.2836099521,131.0
2016-09-24,5,1,21.0,25.0,1,156.0,131.692307692,85.0,0.860619746581,206.0,35.9452246007,153.0
2016-09-25,6,1,21.0,25.0,1,156.0,130.076923077,85.0,1.01230846521,200.0,34.4483147706,143.0
2016-09-26,0,0,22.0,25.0,1,156.0,133.307692308,85.0,1.0649706946,200.0,33.5269916873,112.0
2016-09-27,1,0,17.0,25.0,0,156.0,133.461538462,85.0,1.01758323981,200.0,33.424117006,89.0
2016-09-28,2,0,15.0,20.0,1,154.0,130.230769231,85.0,0.864104496358,200.0,35.4729666217,87.0
2016-09-29,3,0,16.0,21.0,1,154.0,122.461538462,85.0,0.731150038081,200.0,32.93960764,114.0
2016-09-30,4,0,18.0,21.0,1,154.0,117.230769231,85.0,0.740740740741,200.0,28.1155687672,125.0
2016-10-01,5,1,19.0,24.0,0,153.0,112.692307692,85.0,0.857330703485,200.0,20.7749279935,128.0
2016-10-02,6,1,17.0,22.0,0,153.0,113.769230769,85.0,0.982991830722,200.0,21.1738367082,158.0
2016-10-03,0,1,18.0,26.0,1,154.0,118.230769231,85.0,1.07619795758,200.0,23.7556595561,154.0
2016-10-04,1,1,18.0,25.0,1,154.0,123.538461538,85.0,1.13256113256,200.0,23.4442559296,170.0
2016-10-05,2,1,15.0,25.0,1,154.0,129.461538462,85.0,1.22226448586,200.0,24.6751677872,177.0
2016-10-06,3,1,17.0,22.0,1,154.0,133.923076923,85.0,1.27578304049,200.0,27.4659552578,150.0
2016-10-07,4,1,16.0,23.0,1,154.0,135.384615385,85.0,1.2812580562,200.0,27.7753029798,108.0
2016-10-08,5,0,12.0,22.0,1,154.0,131.923076923,85.0,1.15537848606,200.0,28.1656133459,94.0
2016-10-09,6,0,13.0,19.0,1,153.0,128.153846154,85.0,0.942436412316,200.0,29.6695807801,98.0
2016-10-10,0,0,15.0,20.0,1,150.0,127.076923077,85.0,0.8038585209,188.0,30.4794042402,79.0
2016-10-11,1,0,15.0,21.0,1,150.0,126.307692308,79.0,0.727907601397,188.0,31.5384615385,88.0
2016-10-12,2,0,16.0,21.0,1,143.0,126.384615385,79.0,0.713228367649,188.0,31.4435720753,100.0
2016-10-13,3,0,15.0,21.0,1,132.0,125.307692308,79.0,0.724165988609,188.0,32.0825488518,89.0
2016-10-14,4,0,17.0,22.0,1,131.0,122.538461538,79.0,0.764348785872,188.0,33.5114570181,100.0
2016-10-15,5,1,18.0,21.0,0,131.0,120.384615385,79.0,0.815347721823,184.0,33.987641332,117.0
2016-10-16,6,1,16.0,21.0,1,130.0,117.230769231,79.0,0.872913992298,184.0,32.2064347277,158.0
2016-10-17,0,0,15.0,22.0,1,130.0,117.538461538,79.0,1.04909777591,177.0,32.5732674363,91.0
2016-10-18,1,0,16.0,21.0,1,129.0,111.461538462,79.0,1.02306079665,177.0,29.437326866,100.0
2016-10-19,2,0,17.0,21.0,1,128.0,105.538461538,79.0,0.970252988602,177.0,22.6091043085,80.0
2016-10-20,3,0,16.0,21.0,1,127.0,100.153846154,79.0,0.764241398759,177.0,19.5008723822,70.0
2016-10-21,4,0,16.0,19.0,0,125.0,97.2307692308,70.0,0.721813194745,177.0,20.9032711689,96.0
2016-10-22,5,1,12.0,20.0,1,124.0,97.3846153846,70.0,0.720245937637,177.0,20.88627986,120.0
2016-10-23,6,1,11.0,17.0,1,120.0,99.0769230769,70.0,0.851570641656,177.0,21.7413520861,111.0
2016-10-24,0,0,12.0,15.0,0,119.0,101.538461538,70.0,0.992714025501,177.0,21.1318767036,76.0
2016-10-25,1,0,12.0,18.0,1,119.0,100.615384615,70.0,0.973675864256,177.0,21.9493769371,107.0
2016-10-26,2,0,15.0,17.0,0,117.0,101.153846154,70.0,0.964566929134,177.0,22.0134439826,77.0
2016-10-27,3,0,12.0,17.0,0,115.0,100.230769231,70.0,0.884805172707,177.0,22.7432283959,115.0
2016-10-28,4,0,9.0,16.0,1,115.0,101.384615385,70.0,1.01390301797,177.0,23.0802561696,84.0
2016-10-29,5,1,8.0,13.0,1,114.0,98.8461538462,70.0,0.940695296524,177.0,23.0379157506,110.0
2016-10-30,6,1,9.0,16.0,1,114.0,95.1538461538,70.0,1.04674796748,177.0,16.047267459,137.0
2016-10-31,0,0,4.0,11.0,0,114.0,98.6923076923,70.0,1.08917407042,177.0,19.4516545287,82.0
