time_stamp,dayofweek,holiday,lt,ht,sunny,m2M,w2A,m1L,d3w3,m1Lar,w2Std,pay_sum
2016-08-01,0,0,28.0,34.0,1,19.0,64.3076923077,19.0,1.00936838924,98.0,18.9630596987,97.0
2016-08-02,1,0,28.0,34.0,0,19.0,66.6923076923,19.0,1.06988783434,98.0,20.8783458503,114.0
2016-08-03,2,0,26.0,32.0,0,19.0,71.2307692308,19.0,1.33547868061,114.0,24.0197157677,97.0
2016-08-04,3,0,27.0,32.0,0,19.0,74.3846153846,19.0,1.56623442665,114.0,24.4997282922,106.0
2016-08-05,4,0,27.0,33.0,0,19.0,78.2307692308,19.0,1.54145392657,114.0,25.2256092285,102.0
2016-08-06,5,1,27.0,33.0,1,19.0,82.6923076923,19.0,1.4199255121,114.0,23.8694675117,58.0
2016-08-07,6,1,27.0,34.0,1,19.0,83.9230769231,19.0,1.21046643914,114.0,22.0853642399,43.0
2016-08-08,0,0,27.0,34.0,0,19.0,81.2307692308,19.0,0.931406285845,114.0,24.630043712,126.0
2016-08-09,1,0,28.0,34.0,1,19.0,84.8461538462,19.0,1.00022031284,126.0,27.3379031154,98.0
2016-08-10,2,0,28.0,34.0,1,19.0,85.0769230769,25.0,1.14395886889,126.0,27.4351305908,103.0
2016-08-11,3,0,28.0,35.0,1,25.0,85.4615384615,25.0,1.35995009357,126.0,27.6478275252,118.0
2016-08-12,4,0,28.0,34.0,1,29.0,88.5384615385,25.0,1.27727727728,126.0,28.8460512819,99.0
2016-08-13,5,1,28.0,35.0,1,30.0,92.2307692308,25.0,1.24031007752,126.0,26.804574369,63.0
2016-08-14,6,1,28.0,36.0,1,38.0,94.1538461538,25.0,1.07218073904,126.0,23.5432373235,46.0
2016-08-15,0,0,28.0,35.0,1,41.0,90.2307692308,25.0,0.811390676809,126.0,26.7701149279,142.0
2016-08-16,1,0,28.0,35.0,1,41.0,92.3846153846,38.0,0.94431903687,142.0,29.5752975446,121.0
2016-08-17,2,0,28.0,35.0,1,42.0,94.2307692308,38.0,1.14571746385,142.0,30.5391396941,117.0
2016-08-18,3,0,28.0,36.0,1,43.0,95.0769230769,38.0,1.39423958907,142.0,31.0023858597,132.0
2016-08-19,4,0,29.0,36.0,1,44.0,97.3846153846,38.0,1.31836807411,142.0,32.5116274148,114.0
2016-08-20,5,1,28.0,37.0,0,46.0,101.692307692,38.0,1.2512926577,142.0,30.6654017405,64.0
2016-08-21,6,1,28.0,35.0,0,46.0,103.307692308,38.0,1.05442176871,142.0,27.9653208742,68.0
2016-08-22,0,0,28.0,35.0,1,51.0,98.8461538462,38.0,0.849300880373,142.0,28.6083531477,129.0
2016-08-23,1,0,26.0,34.0,1,55.0,101.230769231,38.0,0.894141829394,142.0,29.7092418829,135.0
2016-08-24,2,0,26.0,34.0,1,55.0,103.692307692,38.0,1.11559139785,142.0,31.0493022723,132.0
2016-08-25,3,0,27.0,35.0,1,56.0,104.769230769,38.0,1.31343283582,142.0,31.7615002701,128.0
2016-08-26,4,0,26.0,34.0,0,56.0,107.0,38.0,1.29338572364,142.0,32.2919375506,114.0
2016-08-27,5,1,23.0,31.0,1,58.0,110.923076923,38.0,1.19184193754,142.0,29.7022701501,51.0
2016-08-28,6,1,22.0,30.0,1,58.0,111.307692308,38.0,0.930158730159,142.0,28.8800826106,63.0
2016-08-29,0,0,23.0,31.0,1,63.0,105.230769231,38.0,0.746195385371,142.0,30.0695446389,152.0
2016-08-30,1,0,23.0,31.0,1,63.0,107.615384615,43.0,0.848079069026,152.0,32.3669785704,129.0
2016-08-31,2,0,25.0,34.0,1,64.0,108.538461538,43.0,1.08329396945,152.0,32.7898093565,123.0
2016-09-01,3,0,26.0,33.0,1,66.0,107.846153846,43.0,1.26924285265,152.0,32.3795903282,134.0
2016-09-02,4,0,25.0,34.0,1,68.0,109.384615385,43.0,1.19301498996,152.0,33.1024945877,136.0
2016-09-03,5,1,25.0,35.0,1,78.0,114.923076923,43.0,1.17488789238,152.0,31.0023858597,60.0
2016-09-04,6,1,25.0,33.0,1,78.0,114.307692308,43.0,0.980392156863,152.0,31.9913079911,57.0
2016-09-05,0,0,25.0,30.0,0,78.0,108.769230769,43.0,0.781225876177,152.0,35.0541424001,121.0
2016-09-06,1,0,22.0,27.0,0,78.0,107.692307692,46.0,0.734908136483,152.0,34.4414433169,138.0
2016-09-07,2,0,20.0,24.0,0,79.0,108.153846154,46.0,0.966360856269,152.0,34.8024007878,141.0
2016-09-08,3,0,22.0,29.0,1,95.0,109.153846154,46.0,1.21821227349,152.0,35.5372960182,137.0
2016-09-09,4,0,23.0,31.0,1,97.0,110.923076923,46.0,1.25376732972,152.0,36.2988907194,137.0
2016-09-10,5,1,24.0,29.0,1,97.0,117.538461538,46.0,1.21079504012,152.0,32.4027904416,63.0
2016-09-11,6,1,23.0,26.0,0,97.0,117.538461538,46.0,0.985380116959,152.0,32.4027904416,82.0
2016-09-12,0,0,23.0,29.0,1,97.0,112.153846154,46.0,0.841916703986,152.0,32.0428706912,138.0
2016-09-13,1,0,23.0,30.0,1,98.0,112.846153846,51.0,0.843768634466,152.0,32.4934221837,138.0
2016-09-14,2,0,22.0,24.0,0,98.0,114.0,51.0,1.06452572108,152.0,33.0942709427,133.0
2016-09-15,3,1,23.0,26.0,0,99.0,113.923076923,51.0,1.2134698116,152.0,33.0488252752,51.0
2016-09-16,4,1,23.0,27.0,0,99.0,107.384615385,51.0,0.982905982906,152.0,36.2842166609,67.0
2016-09-17,5,1,23.0,27.0,0,99.0,107.923076923,51.0,0.760606060606,152.0,35.6229432086,67.0
2016-09-18,6,0,23.0,28.0,0,99.0,108.692307692,51.0,0.559588626739,152.0,34.6085463331,142.0
2016-09-19,0,0,21.0,27.0,0,102.0,110.307692308,51.0,0.838650865998,152.0,35.6206176584,153.0
2016-09-20,1,0,20.0,26.0,1,103.0,111.461538462,51.0,1.08806732792,153.0,36.7247880752,163.0
2016-09-21,2,0,20.0,27.0,1,106.0,113.153846154,51.0,1.35222911131,163.0,38.5104304629,134.0
2016-09-22,3,0,21.0,27.0,1,114.0,112.923076923,51.0,1.32860938884,163.0,38.375596289,154.0
2016-09-23,4,0,21.0,27.0,1,114.0,114.230769231,51.0,1.32103104862,163.0,39.4484158718,136.0
2016-09-24,5,1,22.0,28.0,1,114.0,119.846153846,51.0,1.20181405896,163.0,36.8674260098,91.0
2016-09-25,6,1,23.0,29.0,1,114.0,120.538461538,51.0,1.06454316848,163.0,36.2292176705,94.0
2016-09-26,0,0,24.0,31.0,1,114.0,117.153846154,51.0,0.907164052565,163.0,36.4941431631,145.0
2016-09-27,1,0,25.0,30.0,0,117.0,117.692307692,51.0,0.929839391378,163.0,36.8476794288,154.0
2016-09-28,2,0,22.0,28.0,0,118.0,119.307692308,51.0,1.10130306852,163.0,37.9278355573,155.0
2016-09-29,3,0,22.0,25.0,0,121.0,127.307692308,51.0,1.26268947295,163.0,33.3706103201,151.0
2016-09-30,4,0,23.0,28.0,0,121.0,133.769230769,51.0,1.27194801604,163.0,28.9007688111,133.0
2016-10-01,5,1,24.0,29.0,0,123.0,138.846153846,51.0,1.17963186887,163.0,21.6007341536,68.0
2016-10-02,6,1,24.0,32.0,1,123.0,133.153846154,51.0,0.951222807729,163.0,28.6271687894,71.0
2016-10-03,0,1,22.0,26.0,1,123.0,126.846153846,51.0,0.755555555556,163.0,32.351069781,56.0
2016-10-04,1,1,22.0,26.0,1,123.0,118.615384615,51.0,0.560828300259,163.0,35.5582695381,60.0
2016-10-05,2,1,22.0,27.0,1,123.0,112.923076923,51.0,0.555308092056,163.0,38.445689042,53.0
2016-10-06,3,1,22.0,26.0,0,123.0,105.153846154,51.0,0.501409286456,163.0,39.5490856723,66.0
2016-10-07,4,1,20.0,25.0,0,121.0,99.7692307692,51.0,0.531314930246,163.0,39.7475763096,69.0
2016-10-08,5,0,17.0,22.0,0,121.0,98.0769230769,51.0,0.55753262159,163.0,40.5452483007,139.0
2016-10-09,6,0,18.0,22.0,1,123.0,101.538461538,51.0,0.813659985152,163.0,41.9461474982,145.0
2016-10-10,0,0,18.0,22.0,1,128.0,101.538461538,51.0,1.05200417225,163.0,41.9461474982,127.0
2016-10-11,1,0,19.0,25.0,1,128.0,99.4615384615,51.0,1.24488868696,163.0,39.9164808542,141.0
2016-10-12,2,0,19.0,23.0,1,129.0,98.3846153846,51.0,1.24698067633,163.0,38.5696940845,156.0
2016-10-13,3,0,19.0,23.0,1,129.0,98.7692307692,51.0,1.2790346908,163.0,39.1135503692,156.0
2016-10-14,4,0,19.0,23.0,0,129.0,100.538461538,51.0,1.35426008969,163.0,41.0920456173,143.0
2016-10-15,5,1,21.0,25.0,1,132.0,106.307692308,53.0,1.32924335378,163.0,41.3826136204,94.0
2016-10-16,6,1,20.0,26.0,1,132.0,108.076923077,53.0,1.14811568799,163.0,40.3131235331,83.0
2016-10-17,0,0,20.0,25.0,1,129.0,110.153846154,53.0,0.960960960961,163.0,38.2176885222,158.0
2016-10-18,1,0,20.0,25.0,1,132.0,117.692307692,53.0,1.00419664269,163.0,37.2339477346,154.0
2016-10-19,2,0,20.0,24.0,0,133.0,125.461538462,53.0,1.18458539511,163.0,33.2487486974,49.0
2016-10-20,3,0,20.0,23.0,0,133.0,124.153846154,49.0,1.13468489706,158.0,35.7982512548,145.0
2016-10-21,4,0,0.0,21.0,0,133.0,130.0,49.0,1.08766994843,158.0,32.3538132338,134.0
2016-10-22,5,1,19.0,23.0,0,133.0,129.615384615,49.0,0.994391390026,158.0,32.2741584209,101.0
2016-10-23,6,1,18.0,23.0,1,133.0,126.230769231,49.0,1.1365335726,158.0,32.7863804889,98.0
2016-10-24,0,0,20.0,24.0,1,133.0,124.0,49.0,0.977542932629,158.0,33.6337742341,132.0
2016-10-25,1,0,18.0,22.0,1,133.0,123.307692308,49.0,0.941812491108,158.0,33.368305126,144.0
2016-10-26,2,0,19.0,21.0,0,134.0,122.384615385,49.0,1.02437688305,158.0,32.6084898373,138.0
2016-10-27,3,0,18.0,22.0,0,134.0,121.0,49.0,1.10135674381,158.0,31.5155639206,153.0
2016-10-28,4,0,15.0,20.0,0,134.0,121.769230769,49.0,1.11969111969,158.0,32.1586304869,137.0
2016-10-29,5,1,13.0,17.0,1,134.0,125.076923077,49.0,1.10252447192,158.0,31.3331025213,106.0
2016-10-30,6,1,14.0,18.0,1,134.0,126.846153846,49.0,1.03570027462,158.0,29.5031840624,94.0
2016-10-31,0,0,13.0,17.0,0,134.0,121.923076923,49.0,0.892951775305,158.0,29.2323886191,152.0
