time_stamp,dayofweek,holiday,lt,ht,sunny,m2M,w2A,m1L,d3w3,m1Lar,w2Std,pay_sum
2016-08-01,0,0,27.0,37.0,1,11.0,26.6923076923,11.0,1.32075471698,37.0,5.88851052585,28.0
2016-08-02,1,0,27.0,35.0,0,11.0,27.2307692308,11.0,1.22448979592,37.0,5.65894589469,25.0
2016-08-03,2,0,26.0,32.0,0,11.0,27.8461538462,11.0,1.11355311355,37.0,4.89656321934,24.0
2016-08-04,3,0,27.0,33.0,0,11.0,28.2307692308,11.0,1.09686609687,37.0,4.35278595409,37.0
2016-08-05,4,0,26.0,33.0,0,11.0,28.2307692308,11.0,1.16059379217,37.0,4.35278595409,26.0
2016-08-06,5,1,26.0,34.0,0,11.0,28.3076923077,11.0,1.1394891945,37.0,4.3035694556,44.0
2016-08-07,6,1,27.0,35.0,1,11.0,29.5384615385,11.0,1.31611316113,44.0,5.99506700566,32.0
2016-08-08,0,0,26.0,34.0,0,11.0,29.1538461538,11.0,1.20781527531,44.0,5.65476183061,38.0
2016-08-09,1,0,26.0,30.0,0,11.0,29.9230769231,11.0,1.31034482759,44.0,6.10751792039,22.0
2016-08-10,2,0,27.0,35.0,0,11.0,29.6923076923,11.0,1.04843304843,44.0,6.34137349093,38.0
2016-08-11,3,0,27.0,36.0,1,11.0,30.6153846154,11.0,1.08167770419,44.0,6.60464244113,33.0
2016-08-12,4,0,27.0,36.0,1,11.0,30.7692307692,11.0,1.03333333333,44.0,6.63503343165,36.0
2016-08-13,5,1,27.0,35.0,1,11.0,31.2307692308,11.0,1.16748499727,44.0,6.77272637017,29.0
2016-08-14,6,1,28.0,35.0,1,11.0,31.6923076923,11.0,1.06753812636,44.0,6.38971066378,35.0
2016-08-15,0,0,27.0,36.0,1,11.0,32.2307692308,11.0,1.09289617486,44.0,6.35069767402,43.0
2016-08-16,1,0,26.0,36.0,1,11.0,33.6153846154,11.0,1.14133333333,44.0,6.58130758037,43.0
2016-08-17,2,0,28.0,37.0,1,11.0,35.0769230769,17.0,1.25453602903,44.0,6.39063664171,35.0
2016-08-18,3,0,28.0,37.0,1,17.0,34.9230769231,17.0,1.23721881391,44.0,6.36651744509,59.0
2016-08-19,4,0,28.0,38.0,1,19.0,37.4615384615,19.0,1.3431372549,59.0,8.51799348543,41.0
2016-08-20,5,1,27.0,37.0,0,21.0,37.2307692308,22.0,1.3024602026,59.0,8.37720208619,50.0
2016-08-21,6,1,27.0,35.0,0,22.0,38.6153846154,22.0,1.39275766017,59.0,8.8712019959,42.0
2016-08-22,0,0,27.0,36.0,1,23.0,38.9230769231,22.0,1.21129326047,59.0,8.91378826884,66.0
2016-08-23,1,0,27.0,35.0,0,24.0,42.3076923077,22.0,1.36265631738,66.0,10.1176511061,45.0
2016-08-24,2,0,27.0,35.0,1,25.0,42.8461538462,22.0,1.28463476071,66.0,10.0601739842,62.0
2016-08-25,3,0,26.0,35.0,1,25.0,45.0769230769,22.0,1.40822140822,66.0,10.8163803021,34.0
2016-08-26,4,0,25.0,34.0,0,25.0,44.9230769231,22.0,1.13663845224,66.0,10.9576916327,34.0
2016-08-27,5,1,23.0,31.0,1,26.0,45.3076923077,22.0,1.06079151367,66.0,10.4688888205,34.0
2016-08-28,6,1,21.0,31.0,1,26.0,45.2307692308,22.0,0.830280830281,66.0,10.547721928,34.0
2016-08-29,0,0,21.0,32.0,1,28.0,44.5384615385,22.0,0.834355828221,66.0,10.9587715806,34.0
2016-08-30,1,0,21.0,32.0,1,28.0,43.8461538462,22.0,0.822249093108,66.0,11.3126624347,34.0
2016-08-31,2,0,21.0,33.0,1,28.0,43.7692307692,22.0,0.826245443499,66.0,11.3757761943,34.0
2016-09-01,3,0,23.0,33.0,0,29.0,41.8461538462,22.0,0.825242718447,66.0,10.7334570662,34.0
2016-09-02,4,0,22.0,34.0,1,30.0,41.3076923077,22.0,0.827250608273,66.0,10.9360702785,34.0
2016-09-03,5,1,23.0,35.0,1,31.0,40.0769230769,22.0,0.822249093108,66.0,10.7878959128,34.0
2016-09-04,6,1,24.0,32.0,1,32.0,39.4615384615,22.0,0.823244552058,66.0,10.8883521718,34.0
2016-09-05,0,0,24.0,30.0,0,33.0,37.0,22.0,0.832313341493,66.0,7.78558826393,34.0
2016-09-06,1,0,23.0,28.0,0,34.0,36.1538461538,22.0,0.841584158416,66.0,7.4611419403,34.0
2016-09-07,2,0,21.0,27.0,0,34.0,34.0,22.0,0.842627013631,66.0,0.0,1.0
2016-09-08,3,0,22.0,30.0,1,34.0,31.4615384615,1.0,0.614152202937,66.0,8.79348871535,63.0
2016-09-09,4,0,22.0,29.0,1,34.0,33.6923076923,1.0,0.84738434933,66.0,12.1805937419,48.0
2016-09-10,5,1,22.0,28.0,0,34.0,34.7692307692,1.0,0.970957954053,66.0,12.7650595597,37.0
2016-09-11,6,1,21.0,25.0,0,34.0,35.0,1.0,1.29144851658,66.0,12.7761797589,35.0
2016-09-12,0,0,21.0,27.0,1,34.0,35.0769230769,1.0,1.09140518417,66.0,12.7729373675,43.0
2016-09-13,1,0,21.0,28.0,0,34.0,35.7692307692,1.0,1.04879160967,66.0,12.9386353231,38.0
2016-09-14,2,0,21.0,25.0,0,34.0,36.0769230769,1.0,1.09382366808,66.0,12.9404644933,32.0
2016-09-15,3,1,22.0,25.0,0,34.0,35.9230769231,1.0,1.06855791962,66.0,12.9760817747,16.0
2016-09-16,4,1,23.0,27.0,0,34.0,34.5384615385,1.0,0.83454633673,66.0,14.0253363301,31.0
2016-09-17,5,1,22.0,27.0,1,34.0,34.3076923077,1.0,0.769980506823,66.0,14.0569425245,29.0
2016-09-18,6,0,22.0,26.0,0,34.0,33.9230769231,1.0,0.746195385371,66.0,14.1283214663,34.0
2016-09-19,0,0,20.0,27.0,1,34.0,33.9230769231,1.0,0.922925871379,66.0,14.1283214663,43.0
2016-09-20,1,0,19.0,26.0,1,34.0,34.6153846154,1.0,1.02713178295,66.0,14.3341360263,36.0
2016-09-21,2,0,19.0,26.0,1,34.0,37.3076923077,1.0,1.09178743961,63.0,10.5566939419,43.0
2016-09-22,3,0,20.0,27.0,1,34.0,35.7692307692,1.0,1.16356700048,63.0,7.79698014672,53.0
2016-09-23,4,0,20.0,29.0,1,34.0,36.1538461538,1.0,1.22562674095,63.0,8.48388657167,63.0
2016-09-24,5,1,21.0,30.0,1,34.0,38.1538461538,1.0,1.41900937082,63.0,11.1067973217,56.0
2016-09-25,6,1,21.0,30.0,1,34.0,39.7692307692,1.0,1.49111400087,63.0,12.0201999609,51.0
2016-09-26,0,0,24.0,31.0,1,34.0,40.3846153846,1.0,1.44189991518,63.0,12.3695560615,59.0
2016-09-27,1,0,23.0,28.0,0,35.0,42.0,1.0,1.36457048911,63.0,13.2896721034,71.0
2016-09-28,2,0,22.0,28.0,0,35.0,45.0,1.0,1.36965569429,71.0,14.9871740036,62.0
2016-09-29,3,0,22.0,25.0,0,35.0,48.5384615385,1.0,1.45454545455,71.0,13.0243286236,70.0
2016-09-30,4,0,22.0,29.0,0,36.0,51.5384615385,1.0,1.50036954915,71.0,13.1302081805,63.0
2016-10-01,5,1,23.0,30.0,0,36.0,54.1538461538,1.0,1.40086206897,71.0,11.6872458679,33.0
2016-10-02,6,1,22.0,30.0,1,36.0,54.0769230769,1.0,1.19510439165,71.0,11.8221535098,25.0
2016-10-03,0,1,21.0,27.0,0,36.0,52.6923076923,1.0,0.888399412628,71.0,13.9084070613,20.0
2016-10-04,1,1,20.0,27.0,1,36.0,51.4615384615,1.0,0.584269662921,71.0,15.896856896,52.0
2016-10-05,2,1,21.0,27.0,1,36.0,52.1538461538,1.0,0.710622710623,71.0,15.7081368128,54.0
2016-10-06,3,1,22.0,27.0,0,36.0,52.2307692308,1.0,0.886075949367,71.0,15.7145393048,54.0
2016-10-07,4,1,20.0,23.0,0,36.0,51.5384615385,16.0,1.09852385857,71.0,15.4203431301,55.0
2016-10-08,5,0,17.0,22.0,0,37.0,51.4615384615,16.0,1.08993647609,71.0,15.4003765419,55.0
2016-10-09,6,0,16.0,22.0,1,37.0,51.7692307692,16.0,1.07400130976,71.0,15.4280157065,61.0
2016-10-10,0,0,15.0,21.0,1,38.0,51.9230769231,16.0,1.10038610039,71.0,15.5091116567,80.0
2016-10-11,1,0,17.0,23.0,1,41.0,52.6153846154,16.0,1.20987654321,80.0,16.5135769854,90.0
2016-10-12,2,0,18.0,25.0,1,42.0,54.7692307692,16.0,1.36645962733,90.0,19.2039813426,77.0
2016-10-13,3,0,18.0,23.0,1,43.0,55.3076923077,16.0,1.43064002317,90.0,19.7148308695,69.0
2016-10-14,4,0,19.0,22.0,0,43.0,55.7692307692,16.0,1.35983866321,90.0,19.9582404271,75.0
2016-10-15,5,1,20.0,23.0,0,43.0,59.0,20.0,1.25283446712,90.0,19.4026167942,60.0
2016-10-16,6,1,20.0,26.0,0,43.0,61.6923076923,20.0,1.14767932489,90.0,16.7441590982,47.0
2016-10-17,0,0,20.0,24.0,0,43.0,63.7692307692,20.0,1.0343847684,90.0,12.6074083603,82.0
2016-10-18,1,0,20.0,24.0,0,43.0,66.0769230769,20.0,1.06418918919,90.0,12.9820084879,86.0
2016-10-19,2,0,20.0,24.0,0,43.0,68.5384615385,20.0,1.18653421634,90.0,13.4828402886,80.0
2016-10-20,3,0,21.0,25.0,0,45.0,70.5384615385,20.0,1.35741652983,90.0,13.1008830273,69.0
2016-10-21,4,0,21.0,25.0,0,45.0,71.6153846154,20.0,1.27995642702,90.0,12.3321871635,70.0
2016-10-22,5,1,20.0,23.0,0,47.0,72.7692307692,20.0,1.1578112609,90.0,11.3892921787,76.0
2016-10-23,6,1,17.0,23.0,0,47.0,73.9230769231,20.0,1.0924796748,90.0,10.8872652387,60.0
2016-10-24,0,0,19.0,24.0,1,48.0,72.3846153846,20.0,1.0157790927,90.0,11.3241638274,86.0
2016-10-25,1,0,19.0,23.0,1,51.0,72.0769230769,20.0,1.06782106782,90.0,10.8872652387,88.0
2016-10-26,2,0,19.0,24.0,0,52.0,72.9230769231,20.0,1.0985915493,90.0,11.6385403424,83.0
2016-10-27,3,0,18.0,24.0,0,53.0,74.0,20.0,1.18242466069,90.0,11.8711025993,89.0
2016-10-28,4,0,15.0,19.0,0,54.0,75.0769230769,20.0,1.16880197797,90.0,12.5297279635,97.0
2016-10-29,5,1,12.0,15.0,0,54.0,77.9230769231,20.0,1.17595628415,97.0,12.9760817747,67.0
2016-10-30,6,1,14.0,18.0,1,55.0,79.4615384615,20.0,1.10167646418,97.0,10.0813261079,60.0
2016-10-31,0,0,12.0,17.0,0,55.0,77.7692307692,20.0,0.988307963821,97.0,11.2875278083,93.0
