time_stamp,dayofweek,holiday,lt,ht,sunny,m2M,w2A,m1L,d3w3,m1Lar,w2Std,pay_sum
2016-08-01,0,0,26.0,32.0,0,75.0,96.5384615385,30.0,1.11050027488,116.0,12.1441051519,83.0
2016-08-02,1,0,25.0,28.0,0,77.0,94.2307692308,30.0,1.02878365831,116.0,11.6365065214,83.0
2016-08-03,2,0,26.0,31.0,0,81.0,93.5384615385,30.0,0.923694779116,116.0,12.0103505657,108.0
2016-08-04,3,0,27.0,31.0,0,81.0,96.3846153846,30.0,0.988455988456,116.0,10.6376577927,103.0
2016-08-05,4,0,27.0,32.0,0,81.0,95.6153846154,30.0,1.06811989101,116.0,9.73130129284,109.0
2016-08-06,5,1,28.0,34.0,1,83.0,96.9230769231,30.0,1.13414850257,116.0,10.2841292101,110.0
2016-08-07,6,1,28.0,35.0,1,83.0,97.0769230769,30.0,1.11980525126,116.0,10.4621040571,92.0
2016-08-08,0,0,28.0,34.0,1,83.0,97.1538461538,30.0,1.0670784011,116.0,10.4207349058,162.0
2016-08-09,1,0,27.0,33.0,1,84.0,102.230769231,30.0,1.21820615797,162.0,20.1538461538,144.0
2016-08-10,2,0,25.0,28.0,0,84.0,106.307692308,52.0,1.29810828441,162.0,22.6728730336,122.0
2016-08-11,3,0,26.0,31.0,0,85.0,109.153846154,52.0,1.36197295147,162.0,22.1354089947,153.0
2016-08-12,4,0,26.0,30.0,0,86.0,112.538461538,63.0,1.30835284934,162.0,25.0280316218,157.0
2016-08-13,5,1,26.0,31.0,0,86.0,116.384615385,63.0,1.30909090909,162.0,27.5919120299,114.0
2016-08-14,6,1,26.0,31.0,0,86.0,118.461538462,63.0,1.28135388335,162.0,26.2872165031,100.0
2016-08-15,0,0,26.0,30.0,0,86.0,119.769230769,66.0,1.11662904439,162.0,24.8755482233,145.0
2016-08-16,1,0,25.0,29.0,0,86.0,124.538461538,66.0,1.05712603062,162.0,23.2597882939,116.0
2016-08-17,2,0,25.0,29.0,0,87.0,125.153846154,71.0,1.05140527159,162.0,22.9173973346,134.0
2016-08-18,3,0,26.0,30.0,0,91.0,127.538461538,71.0,1.12631879099,162.0,22.0859000778,93.0
2016-08-19,4,0,26.0,31.0,0,91.0,126.307692308,71.0,0.984783232845,162.0,23.4861157524,103.0
2016-08-20,5,1,27.0,33.0,1,92.0,125.769230769,83.0,0.949094046592,162.0,23.9298778362,111.0
2016-08-21,6,1,26.0,31.0,0,92.0,127.230769231,83.0,0.87389695417,162.0,22.3508865636,97.0
2016-08-22,0,0,26.0,33.0,1,92.0,122.230769231,83.0,0.880022637238,162.0,21.2572298874,91.0
2016-08-23,1,0,27.0,34.0,1,92.0,118.153846154,83.0,0.843203609701,162.0,21.7674639131,98.0
2016-08-24,2,0,28.0,34.0,1,92.0,116.307692308,83.0,0.809968847352,162.0,22.372320176,106.0
2016-08-25,3,0,28.0,34.0,1,92.0,112.692307692,83.0,0.834394003677,162.0,19.8004841253,101.0
2016-08-26,4,0,26.0,33.0,0,92.0,108.384615385,83.0,0.865616574429,162.0,15.2645313443,96.0
2016-08-27,5,1,26.0,31.0,0,93.0,107.0,83.0,0.865096359743,162.0,15.5068223199,100.0
2016-08-28,6,1,26.0,31.0,1,96.0,107.0,83.0,0.845070422535,162.0,15.5068223199,90.0
2016-08-29,0,0,25.0,31.0,1,96.0,102.769230769,83.0,0.839571407603,162.0,11.5635624412,83.0
2016-08-30,1,0,25.0,30.0,1,96.0,100.230769231,83.0,0.823529411765,162.0,11.9945747105,88.0
2016-08-31,2,0,26.0,30.0,1,96.0,96.6923076923,83.0,0.799632352941,162.0,7.42536831912,89.0
2016-09-01,3,0,25.0,30.0,0,96.0,96.3846153846,83.0,0.820707070707,162.0,7.65142984665,64.0
2016-09-02,4,0,25.0,29.0,0,96.0,93.3846153846,64.0,0.795773485224,162.0,11.2628624695,82.0
2016-09-03,5,1,26.0,31.0,0,96.0,91.1538461538,64.0,0.788458312364,162.0,10.3911660251,66.0
2016-09-04,6,1,26.0,32.0,0,96.0,88.7692307692,64.0,0.723672981737,162.0,12.1791362972,69.0
2016-09-05,0,0,26.0,30.0,0,96.0,87.0769230769,64.0,0.770733439886,162.0,13.2343465647,52.0
2016-09-06,1,0,26.0,29.0,0,96.0,83.5384615385,52.0,0.687626401912,162.0,15.7510213814,74.0
2016-09-07,2,0,26.0,30.0,0,96.0,81.0769230769,52.0,0.741585852824,157.0,14.4991328041,64.0
2016-09-08,3,0,25.0,29.0,0,96.0,78.2307692308,52.0,0.734725444702,157.0,13.9292379059,67.0
2016-09-09,4,0,26.0,31.0,0,96.0,76.0,52.0,0.809636650869,157.0,13.2083889427,60.0
2016-09-10,5,1,25.0,29.0,0,93.0,72.9230769231,52.0,0.777845652617,157.0,11.8481516797,51.0
2016-09-11,6,1,25.0,31.0,0,93.0,69.9230769231,51.0,0.745862141211,145.0,12.0796175338,52.0
2016-09-12,0,0,25.0,32.0,0,93.0,67.5384615385,51.0,0.700171821306,145.0,12.3201859665,62.0
2016-09-13,1,0,27.0,33.0,1,92.0,65.5384615385,51.0,0.725593667546,145.0,10.8600565561,70.0
2016-09-14,2,0,26.0,33.0,1,92.0,64.0769230769,51.0,0.828828828829,134.0,8.65991240373,99.0
2016-09-15,3,1,27.0,33.0,1,93.0,66.7692307692,51.0,1.04194857916,134.0,12.7107092712,36.0
2016-09-16,4,1,27.0,33.0,1,93.0,63.2307692308,36.0,0.963798777621,111.0,14.2836854012,54.0
2016-09-17,5,1,26.0,32.0,1,92.0,62.3076923077,36.0,0.918367346939,111.0,14.4615384615,62.0
2016-09-18,6,0,25.0,32.0,1,92.0,61.7692307692,36.0,0.753968253968,111.0,14.3320718678,37.0
2016-09-19,0,0,25.0,32.0,1,92.0,60.6153846154,36.0,0.785824345146,106.0,15.6182263424,48.0
2016-09-20,1,0,23.0,28.0,0,92.0,58.6153846154,36.0,0.779014308426,106.0,15.439900665,13.0
2016-09-21,2,0,24.0,31.0,1,91.0,54.6923076923,13.0,0.552735476593,106.0,19.5148251944,39.0
2016-09-22,3,0,25.0,31.0,1,91.0,52.5384615385,13.0,0.576202823394,106.0,19.5826272482,22.0
2016-09-23,4,0,26.0,31.0,1,91.0,49.6153846154,13.0,0.449711333941,101.0,21.0330818604,69.0
2016-09-24,5,1,26.0,31.0,1,90.0,51.0,13.0,0.787878787879,100.0,21.661735139,72.0
2016-09-25,6,1,26.0,32.0,1,89.0,52.5384615385,13.0,0.985191900876,100.0,22.3765515478,85.0
2016-09-26,0,0,27.0,33.0,1,89.0,54.3076923077,13.0,1.32629107981,99.0,23.9113253353,61.0
2016-09-27,1,0,27.0,33.0,1,88.0,53.6153846154,13.0,1.29415256753,99.0,23.574883837,81.0
2016-09-28,2,0,26.0,32.0,1,87.0,52.2307692308,13.0,1.32748538012,99.0,21.2861596282,75.0
2016-09-29,3,0,24.0,29.0,1,85.0,55.2307692308,13.0,1.26016260163,99.0,21.5340654854,75.0
2016-09-30,4,0,23.0,26.0,0,85.0,56.8461538462,13.0,1.3241616509,99.0,22.1597214431,106.0
2016-10-01,5,1,23.0,28.0,0,88.0,60.2307692308,13.0,1.40120415982,106.0,25.7567133778,65.0
2016-10-02,6,1,24.0,30.0,0,85.0,62.3846153846,13.0,1.33225020309,106.0,24.8798295243,71.0
2016-10-03,0,1,24.0,30.0,0,83.0,64.1538461538,13.0,1.30107526882,106.0,24.6103360207,72.0
2016-10-04,1,1,25.0,32.0,1,82.0,68.6923076923,13.0,1.11647879764,106.0,19.710928696,71.0
2016-10-05,2,1,25.0,30.0,1,81.0,71.1538461538,13.0,1.17517847337,106.0,17.7497395597,71.0
2016-10-06,3,1,26.0,32.0,1,75.0,74.9230769231,13.0,1.14224713104,106.0,10.7235294022,83.0
2016-10-07,4,1,25.0,31.0,0,75.0,76.0,13.0,1.17370892019,106.0,10.7774693761,68.0
2016-10-08,5,0,24.0,30.0,1,75.0,75.6923076923,13.0,1.15264797508,106.0,10.9431019044,47.0
2016-10-09,6,0,22.0,28.0,1,74.0,72.7692307692,13.0,1.0200927357,106.0,12.956458717,98.0
2016-10-10,0,0,23.0,28.0,1,74.0,75.6153846154,13.0,1.05654761905,106.0,14.0741905713,91.0
2016-10-11,1,0,21.0,26.0,1,74.0,76.3846153846,13.0,1.10642287857,106.0,14.610525508,80.0
2016-10-12,2,0,22.0,26.0,0,74.0,76.7692307692,13.0,1.22579175211,106.0,14.6348049113,78.0
2016-10-13,3,0,23.0,28.0,1,74.0,77.0,13.0,1.09282422646,106.0,14.6287388383,83.0
2016-10-14,4,0,24.0,30.0,1,74.0,75.2307692308,13.0,1.04805392477,106.0,12.204374034,72.0
2016-10-15,5,1,24.0,31.0,1,72.0,75.7692307692,13.0,1.01326375299,106.0,11.8915215184,76.0
2016-10-16,6,1,24.0,31.0,1,72.0,76.1538461538,13.0,1.01049868766,106.0,11.8116380278,94.0
2016-10-17,0,0,24.0,31.0,1,72.0,77.8461538462,13.0,1.03618068936,106.0,12.642091805,69.0
2016-10-18,1,0,23.0,27.0,0,72.0,77.6923076923,13.0,1.0312837109,106.0,12.7362874399,84.0
2016-10-19,2,0,24.0,27.0,0,72.0,78.6923076923,13.0,1.05963105963,106.0,12.6818138437,80.0
2016-10-20,3,0,24.0,30.0,0,72.0,78.4615384615,22.0,0.996365191362,106.0,12.6285109946,74.0
2016-10-21,4,0,24.0,27.0,0,72.0,78.9230769231,22.0,1.0390744379,106.0,12.3441766929,74.0
2016-10-22,5,1,24.0,30.0,0,72.0,81.0,47.0,0.989583333333,106.0,8.45804123533,89.0
2016-10-23,6,1,25.0,30.0,1,72.0,80.3076923077,47.0,1.01673101673,106.0,7.33154003535,82.0
2016-10-24,0,0,25.0,31.0,0,72.0,79.6153846154,47.0,1.04433077579,106.0,6.68567310389,63.0
2016-10-25,1,0,25.0,30.0,1,72.0,78.3076923077,47.0,1.00257069409,106.0,8.0133025496,48.0
2016-10-26,2,0,25.0,31.0,1,71.0,76.0,47.0,0.839312894107,106.0,11.3814964543,59.0
2016-10-27,3,0,26.0,31.0,1,71.0,74.1538461538,47.0,0.751049259996,106.0,12.0246295567,65.0
2016-10-28,4,0,24.0,32.0,1,71.0,73.6153846154,47.0,0.761398849048,106.0,12.2633817744,78.0
2016-10-29,5,1,22.0,29.0,1,71.0,73.7692307692,47.0,0.87616569074,106.0,12.3048073542,57.0
2016-10-30,6,1,20.0,25.0,1,70.0,70.9230769231,47.0,0.891265597148,98.0,11.5522993946,49.0
2016-10-31,0,0,21.0,27.0,1,70.0,69.3846153846,47.0,0.843649701972,98.0,12.9528046356,76.0
