time_stamp,dayofweek,holiday,lt,ht,sunny,m2M,w2A,m1L,d3w3,m1Lar,w2Std,pay_sum
2016-08-01,0,0,28.0,34.0,1,64.0,63.0,47.0,1.03156274057,93.0,9.47060228773,52.0
2016-08-02,1,0,28.0,34.0,0,64.0,61.7692307692,47.0,0.975987606507,93.0,9.77558848241,51.0
2016-08-03,2,0,26.0,32.0,0,63.0,61.3846153846,47.0,0.849724626279,93.0,10.0883669605,58.0
2016-08-04,3,0,27.0,32.0,0,62.0,61.7692307692,47.0,0.845810349356,93.0,9.85396324917,71.0
2016-08-05,4,0,27.0,33.0,0,63.0,62.2307692308,47.0,0.948616600791,93.0,10.1310933889,66.0
2016-08-06,5,1,27.0,33.0,1,64.0,61.0769230769,47.0,1.04250200481,93.0,8.67765954321,86.0
2016-08-07,6,1,27.0,34.0,1,64.0,63.3846153846,47.0,1.17523056653,93.0,10.7598860556,72.0
2016-08-08,0,0,27.0,34.0,0,65.0,64.5384615385,47.0,1.17124183007,86.0,10.8174743577,47.0
2016-08-09,1,0,28.0,34.0,1,64.0,63.3076923077,47.0,1.08984582669,86.0,11.7890732681,64.0
2016-08-10,2,0,28.0,34.0,1,64.0,64.6153846154,47.0,0.966719492868,86.0,10.8098136434,46.0
2016-08-11,3,0,28.0,35.0,1,64.0,62.6153846154,46.0,0.833997343958,86.0,11.6324378127,54.0
2016-08-12,4,0,28.0,34.0,1,64.0,61.8461538462,46.0,0.878885316184,86.0,11.8441556756,60.0
2016-08-13,5,1,28.0,35.0,1,64.0,60.4615384615,46.0,0.87217225402,86.0,10.8883521718,71.0
2016-08-14,6,1,28.0,36.0,1,64.0,61.3846153846,46.0,0.996230479268,86.0,11.2286615514,60.0
2016-08-15,0,0,28.0,35.0,1,64.0,62.0,46.0,1.02605425732,86.0,10.9122373085,55.0
2016-08-16,1,0,28.0,35.0,1,63.0,62.3076923077,46.0,1.00567721006,86.0,10.650999342,46.0
2016-08-17,2,0,28.0,35.0,1,62.0,61.3846153846,46.0,0.871212121212,86.0,11.4726327308,55.0
2016-08-18,3,0,28.0,36.0,1,60.0,60.1538461538,46.0,0.855967078189,86.0,11.2307692308,54.0
2016-08-19,4,0,29.0,36.0,1,60.0,59.2307692308,46.0,0.857538035961,86.0,11.2054509136,49.0
2016-08-20,5,1,28.0,37.0,0,60.0,56.3846153846,46.0,0.895691609977,86.0,8.38990658735,65.0
2016-08-21,6,1,28.0,35.0,0,60.0,55.8461538462,46.0,0.947546531303,86.0,7.55336047318,79.0
2016-08-22,0,0,28.0,35.0,1,60.0,58.3076923077,46.0,1.06424041908,86.0,9.2850965397,54.0
2016-08-23,1,0,26.0,34.0,1,60.0,57.5384615385,46.0,1.08910891089,86.0,9.19544523217,59.0
2016-08-24,2,0,26.0,34.0,1,60.0,58.5384615385,46.0,1.05523495466,86.0,8.57200617947,44.0
2016-08-25,3,0,27.0,35.0,1,60.0,57.7692307692,44.0,0.88251826869,86.0,9.3574638753,66.0
2016-08-26,4,0,26.0,34.0,0,60.0,58.2307692308,44.0,0.949971894323,86.0,9.60091218546,66.0
2016-08-27,5,1,23.0,31.0,1,60.0,57.8461538462,44.0,1.00628930818,86.0,9.17225040624,73.0
2016-08-28,6,1,22.0,30.0,1,60.0,58.8461538462,44.0,1.17109397315,86.0,10.0218695772,69.0
2016-08-29,0,0,23.0,31.0,1,62.0,59.9230769231,44.0,1.16624614522,86.0,10.2990779159,61.0
2016-08-30,1,0,23.0,31.0,1,61.0,61.0769230769,44.0,1.14109050028,86.0,9.48246591153,50.0
2016-08-31,2,0,25.0,34.0,1,60.0,60.6923076923,44.0,1.00840336134,86.0,9.8166625645,53.0
2016-09-01,3,0,26.0,33.0,1,60.0,60.6153846154,44.0,0.919540229885,86.0,9.87256074285,54.0
2016-09-02,4,0,25.0,34.0,1,60.0,61.0,44.0,0.884756269372,86.0,9.50303595214,59.0
2016-09-03,5,1,25.0,35.0,1,60.0,60.5384615385,44.0,0.945061201252,86.0,9.44307140888,69.0
2016-09-04,6,1,25.0,33.0,1,60.0,59.7692307692,44.0,1.02824858757,86.0,8.23831429876,55.0
2016-09-05,0,0,25.0,30.0,0,60.0,59.8461538462,44.0,1.03389830508,79.0,8.18860515826,51.0
2016-09-06,1,0,22.0,27.0,0,60.0,59.2307692308,44.0,0.98452883263,79.0,8.52285475967,54.0
2016-09-07,2,0,20.0,24.0,0,60.0,60.0,44.0,0.900900900901,79.0,7.50384516816,39.0
2016-09-08,3,0,22.0,29.0,1,60.0,57.9230769231,39.0,0.82121471343,79.0,9.11854862322,60.0
2016-09-09,4,0,23.0,31.0,1,60.0,57.4615384615,39.0,0.864406779661,79.0,8.84581939167,52.0
2016-09-10,5,1,24.0,29.0,1,60.0,55.8461538462,39.0,0.862610682662,79.0,7.70460555418,78.0
2016-09-11,6,1,23.0,26.0,0,60.0,56.5384615385,39.0,1.0863350486,79.0,9.12827715327,71.0
2016-09-12,0,0,23.0,29.0,1,60.0,57.3076923077,39.0,1.13271344041,79.0,9.86356633416,41.0
2016-09-13,1,0,23.0,30.0,1,59.0,56.6153846154,39.0,1.08726752504,79.0,10.6376577927,55.0
2016-09-14,2,0,22.0,24.0,0,59.0,56.7692307692,39.0,0.946712018141,79.0,10.5986490152,58.0
2016-09-15,3,1,23.0,26.0,0,59.0,57.0769230769,39.0,0.87899543379,79.0,10.5718169493,42.0
2016-09-16,4,1,23.0,27.0,0,58.0,55.7692307692,39.0,0.903263403263,79.0,11.2807108761,51.0
2016-09-17,5,1,23.0,27.0,0,58.0,54.3846153846,39.0,0.897207367796,79.0,10.6593293305,70.0
2016-09-18,6,0,23.0,28.0,0,58.0,55.5384615385,39.0,0.967646185812,79.0,11.446298593,62.0
2016-09-19,0,0,21.0,27.0,0,59.0,56.3846153846,39.0,1.08540925267,79.0,11.4860347415,47.0
2016-09-20,1,0,20.0,26.0,1,58.0,55.8461538462,39.0,1.06452572108,78.0,11.7463326771,43.0
2016-09-21,2,0,20.0,27.0,1,58.0,56.1538461538,39.0,0.912091209121,78.0,11.3466101603,39.0
2016-09-22,3,0,21.0,27.0,1,58.0,54.5384615385,39.0,0.784671532847,78.0,12.1504376915,51.0
2016-09-23,4,0,21.0,27.0,1,58.0,54.4615384615,39.0,0.814950980392,78.0,12.1694155388,66.0
2016-09-24,5,1,22.0,28.0,1,58.0,53.5384615385,39.0,0.958525345622,78.0,10.7174579694,80.0
2016-09-25,6,1,23.0,29.0,1,58.0,54.2307692308,39.0,1.18318318318,80.0,12.032992122,80.0
2016-09-26,0,0,24.0,31.0,1,58.0,57.2307692308,39.0,1.32279777583,80.0,13.1684579212,67.0
2016-09-27,1,0,25.0,30.0,0,58.0,58.1538461538,39.0,1.31365740741,80.0,13.3983130617,49.0
2016-09-28,2,0,22.0,28.0,0,58.0,57.4615384615,39.0,1.12449799197,80.0,13.6190781605,52.0
2016-09-29,3,0,22.0,25.0,0,55.0,58.2307692308,39.0,0.970537261698,80.0,12.9920321508,72.0
2016-09-30,4,0,23.0,28.0,0,58.0,59.8461538462,39.0,0.982396365701,80.0,13.294568896,68.0
2016-10-01,5,1,24.0,29.0,0,58.0,59.6923076923,39.0,1.09965635739,80.0,13.1873168402,83.0
2016-10-02,6,1,24.0,32.0,1,59.0,61.3076923077,39.0,1.2641723356,83.0,14.5833657368,67.0
2016-10-03,0,1,22.0,26.0,1,59.0,62.8461538462,39.0,1.20909595119,83.0,14.0375658302,53.0
2016-10-04,1,1,22.0,26.0,1,58.0,63.6153846154,39.0,1.12777777778,83.0,13.1765436202,68.0
2016-10-05,2,1,22.0,27.0,1,58.0,65.8461538462,39.0,1.03581267218,83.0,11.1137209295,57.0
2016-10-06,3,1,22.0,26.0,0,57.0,66.3076923077,39.0,0.968707482993,83.0,10.6003237642,64.0
2016-10-07,4,1,20.0,25.0,0,58.0,66.1538461538,39.0,1.01777059774,83.0,10.6181713176,76.0
2016-10-08,5,0,17.0,22.0,0,58.0,65.8461538462,39.0,1.05573419078,83.0,10.2645480536,47.0
2016-10-09,6,0,18.0,22.0,1,58.0,63.3076923077,39.0,1.01437483049,83.0,10.5275069398,61.0
2016-10-10,0,0,18.0,22.0,1,59.0,62.8461538462,39.0,0.986859747922,83.0,10.4869600629,63.0
2016-10-11,1,0,19.0,25.0,1,59.0,63.9230769231,39.0,0.902612826603,83.0,9.69902087415,67.0
2016-10-12,2,0,19.0,23.0,1,59.0,65.0769230769,39.0,0.986315517687,83.0,9.08474239474,66.0
2016-10-13,3,0,19.0,23.0,1,59.0,64.6153846154,39.0,1.00051046452,83.0,8.8712019959,63.0
2016-10-14,4,0,19.0,23.0,0,59.0,64.2307692308,39.0,1.00281401893,83.0,8.82438793828,68.0
2016-10-15,5,1,21.0,25.0,1,60.0,63.0769230769,39.0,1.01729925123,83.0,7.10862464748,73.0
2016-10-16,6,1,20.0,26.0,1,61.0,63.5384615385,39.0,1.05919003115,83.0,7.53060815417,69.0
2016-10-17,0,0,20.0,25.0,1,61.0,64.7692307692,39.0,1.08864696734,83.0,6.99619507748,41.0
2016-10-18,1,0,20.0,25.0,1,61.0,62.6923076923,39.0,0.954616588419,83.0,9.34290858504,49.0
2016-10-19,2,0,20.0,24.0,0,61.0,62.0769230769,39.0,0.83137254902,83.0,9.94184272086,55.0
2016-10-20,3,0,20.0,23.0,0,60.0,61.3846153846,39.0,0.768415474298,83.0,10.0959890096,58.0
2016-10-21,4,0,0.0,21.0,0,60.0,60.0,41.0,0.865384615385,83.0,9.19029588542,41.0
2016-10-22,5,1,19.0,23.0,0,60.0,59.5384615385,41.0,0.851299060254,83.0,9.95076637648,58.0
2016-10-23,6,1,18.0,23.0,1,60.0,59.3076923077,41.0,0.874408242829,83.0,9.94898228568,65.0
2016-10-24,0,0,20.0,24.0,1,60.0,59.4615384615,41.0,0.904328646264,83.0,10.0200981464,70.0
2016-10-25,1,0,18.0,22.0,1,60.0,59.6923076923,41.0,1.06248279659,83.0,10.2235370621,41.0
2016-10-26,2,0,19.0,21.0,0,59.0,57.7692307692,41.0,0.981868898187,83.0,11.1641861886,41.0
2016-10-27,3,0,18.0,22.0,0,58.0,56.0769230769,41.0,0.864618885097,83.0,11.8870423213,49.0
2016-10-28,4,0,15.0,20.0,0,58.0,54.6153846154,41.0,0.762736535662,83.0,11.4927298862,57.0
2016-10-29,5,1,13.0,17.0,1,58.0,53.3846153846,41.0,0.848484848485,83.0,10.2472394897,77.0
2016-10-30,6,1,14.0,18.0,1,58.0,54.0,41.0,1.04184457728,83.0,11.3476530952,82.0
2016-10-31,0,0,13.0,17.0,0,59.0,57.1538461538,41.0,1.21008403361,82.0,12.889149604,46.0
