time_stamp,dayofweek,holiday,lt,ht,sunny,m2M,w2A,m1L,d3w3,m1Lar,w2Std,pay_sum
2016-08-01,0,0,26.0,32.0,0,76.0,76.7692307692,60.0,1.00701083493,114.0,10.1310933889,67.0
2016-08-02,1,0,25.0,28.0,0,75.0,76.3846153846,60.0,1.05081826012,114.0,10.3962897342,66.0
2016-08-03,2,0,26.0,31.0,0,75.0,75.7692307692,60.0,0.941227499458,114.0,10.7499827989,67.0
2016-08-04,3,0,27.0,31.0,0,75.0,75.2307692308,60.0,0.87260034904,114.0,10.9975790773,65.0
2016-08-05,4,0,27.0,32.0,0,75.0,73.6153846154,60.0,0.865573770492,114.0,10.8382404301,68.0
2016-08-06,5,1,28.0,34.0,1,75.0,71.3076923077,60.0,0.89605734767,114.0,8.29628846936,78.0
2016-08-07,6,1,28.0,35.0,1,75.0,71.5384615385,60.0,0.951736580965,114.0,8.43632607437,85.0
2016-08-08,0,0,28.0,34.0,1,76.0,72.6923076923,60.0,1.03078982597,105.0,9.14317412806,44.0
2016-08-09,1,0,27.0,33.0,1,76.0,70.6923076923,44.0,0.941336971351,105.0,11.9317586258,314.0
2016-08-10,2,0,25.0,28.0,0,77.0,89.3076923077,44.0,1.73114497851,314.0,65.9503130166,179.0
2016-08-11,3,0,26.0,31.0,0,77.0,97.6923076923,44.0,1.97680839315,314.0,69.7802976551,209.0
2016-08-12,4,0,26.0,30.0,0,78.0,109.153846154,44.0,2.41985522234,314.0,74.7105657792,210.0
2016-08-13,5,1,26.0,31.0,0,78.0,118.153846154,44.0,1.94851743239,314.0,79.138482474,235.0
2016-08-14,6,1,26.0,31.0,0,80.0,129.769230769,44.0,1.97642792384,314.0,84.1931422807,200.0
2016-08-15,0,0,26.0,30.0,0,80.0,140.0,44.0,1.84075342466,314.0,84.0247216369,79.0
2016-08-16,1,0,25.0,29.0,0,80.0,141.0,44.0,1.46126510306,314.0,83.2115006844,86.0
2016-08-17,2,0,25.0,29.0,0,80.0,142.461538462,44.0,1.03151052706,314.0,82.0577801914,78.0
2016-08-18,3,0,26.0,30.0,0,79.0,143.461538462,44.0,0.684410646388,314.0,81.1822407489,73.0
2016-08-19,4,0,26.0,31.0,0,78.0,143.846153846,44.0,0.663865546218,314.0,80.8349183439,84.0
2016-08-20,5,1,27.0,33.0,1,78.0,144.307692308,44.0,0.660761985098,314.0,80.4739658001,109.0
2016-08-21,6,1,26.0,31.0,0,78.0,146.153846154,44.0,0.740122426266,314.0,79.3597903939,102.0
2016-08-22,0,0,26.0,33.0,1,78.0,150.615384615,44.0,0.808994926642,314.0,75.0020907006,106.0
2016-08-23,1,0,27.0,34.0,1,78.0,134.615384615,44.0,0.855254283016,314.0,58.8982675226,84.0
2016-08-24,2,0,28.0,34.0,1,78.0,127.307692308,44.0,0.782422293676,314.0,58.8314209813,76.0
2016-08-25,3,0,28.0,34.0,1,78.0,117.076923077,44.0,0.709617180205,314.0,55.1870407565,79.0
2016-08-26,4,0,26.0,33.0,0,78.0,107.0,44.0,0.634794156707,314.0,48.9017854008,102.0
2016-08-27,5,1,26.0,31.0,0,78.0,96.7692307692,44.0,0.676137858458,314.0,32.0676060994,126.0
2016-08-28,6,1,26.0,31.0,1,79.0,91.0769230769,44.0,0.794822006472,314.0,15.5536863722,95.0
2016-08-29,0,0,25.0,31.0,1,79.0,92.3076923077,44.0,0.820005077431,314.0,15.1778412136,74.0
2016-08-30,1,0,25.0,30.0,1,79.0,91.3846153846,44.0,0.824252584521,314.0,15.8819610373,82.0
2016-08-31,2,0,26.0,30.0,1,79.0,91.6923076923,44.0,0.731032474152,314.0,15.6568226238,69.0
2016-09-01,3,0,25.0,30.0,0,79.0,91.3846153846,44.0,0.697999069335,314.0,16.0553775393,65.0
2016-09-02,4,0,25.0,29.0,0,79.0,89.9230769231,44.0,0.718562874251,314.0,17.464079788,78.0
2016-09-03,5,1,26.0,31.0,0,79.0,87.5384615385,44.0,0.765204836672,314.0,16.8002535906,99.0
2016-09-04,6,1,26.0,32.0,0,79.0,87.3076923077,44.0,0.924016800305,314.0,16.6196575702,76.0
2016-09-05,0,0,26.0,30.0,0,79.0,85.0,44.0,0.967680244789,314.0,15.9325501363,61.0
2016-09-06,1,0,26.0,29.0,0,79.0,83.2307692308,44.0,0.915793558401,314.0,17.1740136707,69.0
2016-09-07,2,0,26.0,30.0,0,78.0,82.6923076923,61.0,0.803588843378,314.0,17.4989433324,69.0
2016-09-08,3,0,25.0,29.0,0,78.0,81.9230769231,61.0,0.778103616813,235.0,17.8604054501,75.0
2016-09-09,4,0,26.0,31.0,0,78.0,79.8461538462,61.0,0.837264150943,235.0,16.9517240051,85.0
2016-09-10,5,1,25.0,29.0,0,78.0,76.6923076923,61.0,0.91307814992,235.0,10.7516339752,99.0
2016-09-11,6,1,25.0,31.0,0,78.0,77.0,61.0,1.03455162772,235.0,11.313708499,67.0
2016-09-12,0,0,25.0,32.0,0,78.0,76.4615384615,61.0,1.02658486708,200.0,11.6064662655,71.0
2016-09-13,1,0,27.0,33.0,1,78.0,75.6153846154,61.0,0.977118119975,126.0,11.5727695079,66.0
2016-09-14,2,0,26.0,33.0,1,78.0,75.3846153846,61.0,0.846297448662,126.0,11.7312105844,71.0
2016-09-15,3,1,27.0,33.0,1,76.0,75.8461538462,61.0,0.867208672087,126.0,11.427673253,66.0
2016-09-16,4,1,27.0,33.0,1,76.0,74.9230769231,61.0,0.86585625933,126.0,11.6978731694,62.0
2016-09-17,5,1,26.0,32.0,1,76.0,72.0769230769,61.0,0.885034467423,126.0,9.84855739894,76.0
2016-09-18,6,0,25.0,32.0,1,76.0,72.0769230769,61.0,0.918918918919,126.0,9.84855739894,50.0
2016-09-19,0,0,25.0,32.0,1,76.0,71.2307692308,50.0,0.860805860806,126.0,11.1503973448,53.0
2016-09-20,1,0,23.0,28.0,0,76.0,70.0,50.0,0.836253211866,126.0,12.1655250606,59.0
2016-09-21,2,0,24.0,31.0,1,76.0,69.2307692308,50.0,0.76217360621,126.0,12.515552455,79.0
2016-09-22,3,0,25.0,31.0,1,76.0,69.5384615385,50.0,0.889820638248,126.0,12.701395348,79.0
2016-09-23,4,0,26.0,31.0,1,76.0,69.0769230769,50.0,1.01024208566,126.0,12.2314948986,88.0
2016-09-24,5,1,26.0,31.0,1,78.0,68.2307692308,50.0,1.15411681914,126.0,10.3712164271,98.0
2016-09-25,6,1,26.0,32.0,1,78.0,70.6153846154,50.0,1.2243012243,126.0,13.0356815734,76.0
2016-09-26,0,0,27.0,33.0,1,78.0,71.0,50.0,1.19798811157,99.0,13.1148770486,76.0
2016-09-27,1,0,27.0,33.0,1,78.0,71.7692307692,50.0,1.13765642776,99.0,13.0922986532,71.0
2016-09-28,2,0,26.0,32.0,1,78.0,71.7692307692,50.0,1.01340604408,99.0,13.0922986532,72.0
2016-09-29,3,0,24.0,29.0,1,76.0,72.2307692308,50.0,0.997267759563,99.0,12.9861100124,70.0
2016-09-30,4,0,23.0,26.0,0,76.0,72.8461538462,50.0,0.979986197378,99.0,12.6724786832,74.0
2016-10-01,5,1,23.0,28.0,0,76.0,72.6923076923,50.0,1.01123595506,99.0,12.6453677465,85.0
2016-10-02,6,1,24.0,30.0,0,78.0,75.3846153846,50.0,1.05871474804,99.0,11.1668359374,90.0
2016-10-03,0,1,24.0,30.0,0,78.0,78.2307692308,50.0,1.13620807666,99.0,9.72035015319,66.0
2016-10-04,1,1,25.0,32.0,1,78.0,78.7692307692,50.0,1.0997033995,99.0,8.78945037359,69.0
2016-10-05,2,1,25.0,30.0,1,78.0,78.0,50.0,1.02810143934,99.0,9.16515138991,76.0
2016-10-06,3,1,26.0,32.0,1,76.0,77.7692307692,50.0,0.95756750624,99.0,9.17483050486,71.0
2016-10-07,4,1,25.0,31.0,0,76.0,76.4615384615,50.0,0.974289580514,99.0,8.82841029871,79.0
2016-10-08,5,0,24.0,30.0,1,76.0,75.0,50.0,1.01733063246,99.0,6.37302005453,75.0
2016-10-09,6,0,22.0,28.0,1,76.0,74.9230769231,50.0,0.996015936255,99.0,6.36651744509,50.0
2016-10-10,0,0,23.0,28.0,1,76.0,72.9230769231,50.0,0.904856952761,98.0,9.17740987812,72.0
2016-10-11,1,0,21.0,26.0,1,76.0,73.0,50.0,0.866314863676,98.0,9.16515138991,80.0
2016-10-12,2,0,22.0,26.0,0,76.0,73.6153846154,50.0,0.887716985278,98.0,9.3441751625,60.0
2016-10-13,3,0,23.0,28.0,1,76.0,72.8461538462,50.0,0.943480195817,98.0,9.99881649801,79.0
2016-10-14,4,0,24.0,30.0,1,76.0,73.2307692308,50.0,0.980523841504,98.0,10.1310933889,94.0
2016-10-15,5,1,24.0,31.0,1,76.0,73.9230769231,50.0,1.04601571268,98.0,11.1663060379,88.0
2016-10-16,6,1,24.0,31.0,1,76.0,73.7692307692,50.0,1.1623246493,98.0,10.9555314175,81.0
2016-10-17,0,0,24.0,31.0,1,76.0,74.9230769231,50.0,1.16733244563,98.0,10.8660483119,64.0
2016-10-18,1,0,23.0,27.0,0,76.0,74.5384615385,50.0,1.03901895206,98.0,11.1535808987,56.0
2016-10-19,2,0,24.0,27.0,0,76.0,73.0,50.0,0.906017579446,98.0,12.1781645706,64.0
2016-10-20,3,0,24.0,30.0,0,75.0,72.4615384615,50.0,0.832767594478,98.0,12.4072893253,78.0
2016-10-21,4,0,24.0,27.0,0,75.0,72.3846153846,50.0,0.893703452945,98.0,12.3695560615,85.0
2016-10-22,5,1,24.0,30.0,0,75.0,73.1538461538,50.0,1.02459941323,98.0,12.8113300447,85.0
2016-10-23,6,1,25.0,30.0,1,75.0,75.8461538462,50.0,1.1231884058,98.0,11.2444595167,104.0
2016-10-24,0,0,25.0,31.0,0,75.0,78.3076923077,50.0,1.20971302428,104.0,13.4243442205,54.0
2016-10-25,1,0,25.0,30.0,1,75.0,76.3076923077,50.0,1.08361204013,104.0,14.880987433,67.0
2016-10-26,2,0,25.0,31.0,1,74.0,76.8461538462,50.0,1.00942126514,104.0,14.4000328731,58.0
2016-10-27,3,0,26.0,31.0,1,74.0,75.2307692308,50.0,0.810138040281,104.0,15.2222198227,58.0
2016-10-28,4,0,24.0,32.0,1,72.0,72.4615384615,50.0,0.840220385675,104.0,14.8252144082,69.0
2016-10-29,5,1,22.0,29.0,1,72.0,71.0,50.0,0.852927616413,104.0,14.1421356237,81.0
2016-10-30,6,1,20.0,25.0,1,72.0,71.0,50.0,0.938839990973,104.0,14.1421356237,65.0
2016-10-31,0,0,21.0,27.0,1,72.0,71.0769230769,50.0,0.975056689342,104.0,14.1065262499,60.0
