time_stamp,dayofweek,holiday,lt,ht,sunny,m2M,w2A,m1L,d3w3,m1Lar,w2Std,pay_sum
2016-08-01,0,0,27.0,32.0,0,57.0,74.0769230769,31.0,0.976645435244,103.0,21.8084723779,104.0
2016-08-02,1,0,27.0,33.0,0,57.0,76.4615384615,31.0,0.983682983683,104.0,23.2101283747,70.0
2016-08-03,2,0,27.0,34.0,0,60.0,76.5384615385,31.0,1.03102402613,104.0,23.1869173478,87.0
2016-08-04,3,0,26.0,33.0,0,60.0,76.5384615385,31.0,1.21254355401,104.0,23.1869173478,99.0
2016-08-05,4,0,26.0,35.0,1,61.0,78.4615384615,31.0,1.157847128,104.0,23.9217165084,97.0
2016-08-06,5,1,26.0,32.0,0,62.0,83.0,31.0,1.23150565709,104.0,21.2639094748,68.0
2016-08-07,6,1,26.0,31.0,0,66.0,85.3076923077,31.0,1.12173358827,104.0,17.5603776698,47.0
2016-08-08,0,0,25.0,31.0,0,66.0,81.4615384615,31.0,0.920738327904,104.0,19.8982619443,87.0
2016-08-09,1,0,25.0,30.0,0,66.0,81.2307692308,31.0,0.869378093394,104.0,19.8151218329,92.0
2016-08-10,2,0,27.0,33.0,0,68.0,80.3846153846,31.0,0.958439355386,104.0,19.0890160182,129.0
2016-08-11,3,0,27.0,32.0,0,69.0,83.6153846154,31.0,1.2722015696,129.0,23.0735895028,94.0
2016-08-12,4,0,27.0,32.0,0,70.0,83.1538461538,31.0,1.28518971848,129.0,22.7996159004,100.0
2016-08-13,5,1,27.0,33.0,0,71.0,86.2307692308,31.0,1.26965408805,129.0,22.157318104,62.0
2016-08-14,6,1,27.0,33.0,0,71.0,87.3846153846,31.0,0.992248062016,129.0,20.4056495252,39.0
2016-08-15,0,0,26.0,33.0,1,71.0,82.3846153846,31.0,0.806257521059,129.0,23.4571244271,108.0
2016-08-16,1,0,26.0,33.0,1,71.0,85.3076923077,38.0,0.829365079365,129.0,24.0908045508,114.0
2016-08-17,2,0,27.0,34.0,1,73.0,87.3846153846,38.0,1.02897693672,129.0,25.2816091915,95.0
2016-08-18,3,0,27.0,33.0,1,74.0,87.0769230769,38.0,1.24386894252,129.0,25.1624309039,116.0
2016-08-19,4,0,27.0,35.0,1,74.0,88.5384615385,38.0,1.26336248785,129.0,26.22569317,122.0
2016-08-20,5,1,27.0,35.0,1,75.0,92.6923076923,38.0,1.24929656725,129.0,26.9112061742,68.0
2016-08-21,6,1,27.0,35.0,0,75.0,94.3076923077,38.0,1.13459399333,129.0,24.655736157,53.0
2016-08-22,0,0,27.0,34.0,1,74.0,91.6923076923,38.0,0.927303949628,129.0,26.9854223193,133.0
2016-08-23,1,0,27.0,34.0,1,74.0,94.8461538462,39.0,0.935543278085,133.0,29.1464370533,149.0
2016-08-24,2,0,27.0,34.0,1,74.0,96.3846153846,39.0,1.19301994302,149.0,31.3529251771,111.0
2016-08-25,3,0,26.0,35.0,1,75.0,97.6923076923,39.0,1.3906581741,149.0,31.579897733,130.0
2016-08-26,4,0,26.0,34.0,1,75.0,100.0,39.0,1.35628586333,149.0,32.7390615908,117.0
2016-08-27,5,1,25.0,32.0,1,76.0,104.230769231,39.0,1.21397083757,149.0,31.0660681728,107.0
2016-08-28,6,1,22.0,31.0,1,81.0,109.461538462,39.0,1.16485686081,149.0,24.71877326,60.0
2016-08-29,0,0,22.0,32.0,1,81.0,105.769230769,39.0,0.947140236785,149.0,28.0251366459,112.0
2016-08-30,1,0,22.0,32.0,1,81.0,105.615384615,39.0,0.921248142645,149.0,27.9849917512,127.0
2016-08-31,2,0,24.0,33.0,1,83.0,108.076923077,39.0,0.988266402248,149.0,28.3480064106,134.0
2016-09-01,3,0,24.0,29.0,0,87.0,109.461538462,39.0,1.20888024631,149.0,29.1299882083,132.0
2016-09-02,4,0,22.0,30.0,1,87.0,110.230769231,39.0,1.25418860699,149.0,29.5794987375,135.0
2016-09-03,5,1,24.0,32.0,1,87.0,115.384615385,39.0,1.23650940487,149.0,27.538891273,86.0
2016-09-04,6,1,24.0,30.0,0,87.0,117.923076923,39.0,1.06533876566,149.0,22.7814416322,62.0
2016-09-05,0,0,24.0,30.0,1,87.0,112.461538462,39.0,0.872245338265,149.0,26.6879845756,122.0
2016-09-06,1,0,23.0,30.0,0,87.0,110.384615385,39.0,0.829111008752,149.0,24.7434170314,118.0
2016-09-07,2,0,23.0,29.0,0,87.0,110.923076923,39.0,0.917654208447,149.0,24.826975213,123.0
2016-09-08,3,0,23.0,30.0,1,90.0,110.384615385,39.0,1.09950022717,149.0,24.4808825304,106.0
2016-09-09,4,0,24.0,30.0,1,92.0,109.538461538,39.0,1.058733791,149.0,24.4276494811,111.0
2016-09-10,5,1,23.0,29.0,1,94.0,109.846153846,39.0,1.01735487732,149.0,24.41892757,82.0
2016-09-11,6,1,22.0,24.0,0,94.0,111.538461538,39.0,0.883178260227,149.0,21.4928087602,72.0
2016-09-12,0,0,22.0,25.0,0,94.0,108.461538462,39.0,0.804493017608,149.0,23.9313614149,112.0
2016-09-13,1,0,23.0,25.0,0,95.0,107.307692308,53.0,0.821367917246,149.0,23.3646169548,108.0
2016-09-14,2,0,22.0,24.0,0,97.0,105.307692308,53.0,0.902906617192,149.0,22.0711597945,104.0
2016-09-15,3,1,24.0,27.0,0,97.0,103.153846154,53.0,1.01408450704,149.0,20.6838701699,37.0
2016-09-16,4,1,25.0,30.0,0,97.0,95.6153846154,37.0,0.809756097561,149.0,25.0922558128,36.0
2016-09-17,5,1,24.0,28.0,0,97.0,91.7692307692,36.0,0.596260737746,149.0,29.6833386215,71.0
2016-09-18,6,0,23.0,28.0,0,97.0,92.4615384615,36.0,0.482412060302,149.0,29.0797719402,129.0
2016-09-19,0,0,22.0,27.0,1,99.0,93.0,36.0,0.783922936389,149.0,29.6803483289,87.0
2016-09-20,1,0,20.0,28.0,1,99.0,90.6153846154,36.0,0.972716488731,149.0,28.8084882297,106.0
2016-09-21,2,0,20.0,28.0,1,100.0,89.3076923077,36.0,1.10709987966,149.0,27.6722149329,114.0
2016-09-22,3,0,20.0,27.0,1,100.0,89.9230769231,36.0,1.06541731737,135.0,28.1218818127,154.0
2016-09-23,4,0,20.0,28.0,1,103.0,93.2307692308,36.0,1.2852233677,154.0,32.5816225836,139.0
2016-09-24,5,1,20.0,28.0,1,104.0,97.6153846154,36.0,1.36143167754,154.0,34.5510513289,85.0
2016-09-25,6,1,22.0,29.0,1,104.0,98.6153846154,36.0,1.25,154.0,33.9785870615,62.0
2016-09-26,0,0,25.0,30.0,1,104.0,94.7692307692,36.0,0.974778459441,154.0,35.0585309406,136.0
2016-09-27,1,0,25.0,28.0,0,104.0,96.9230769231,36.0,0.955758189801,154.0,36.6300875458,121.0
2016-09-28,2,0,24.0,28.0,0,106.0,98.2307692308,36.0,1.07843137255,154.0,37.1590217768,122.0
2016-09-29,3,0,25.0,29.0,0,106.0,104.769230769,36.0,1.27095908786,154.0,33.0620718001,122.0
2016-09-30,4,0,25.0,31.0,1,107.0,111.384615385,36.0,1.21727530432,154.0,26.6156069355,136.0
2016-10-01,5,1,24.0,32.0,1,108.0,116.384615385,36.0,1.23396655301,154.0,24.5874841881,52.0
2016-10-02,6,1,22.0,32.0,1,108.0,110.461538462,36.0,1.01656009182,154.0,29.5988965091,53.0
2016-10-03,0,1,23.0,31.0,1,108.0,107.846153846,36.0,0.81391421817,154.0,32.8770346638,44.0
2016-10-04,1,1,23.0,30.0,1,108.0,103.076923077,36.0,0.520069808028,154.0,37.0331692041,62.0
2016-10-05,2,1,24.0,29.0,1,108.0,99.0769230769,36.0,0.567451820128,154.0,38.4196695186,77.0
2016-10-06,3,1,25.0,27.0,0,108.0,93.1538461538,36.0,0.639412997904,154.0,35.3049269908,62.0
2016-10-07,4,1,22.0,26.0,0,108.0,87.2307692308,36.0,0.692864529473,154.0,33.5310506985,102.0
2016-10-08,5,0,19.0,24.0,0,108.0,88.5384615385,36.0,0.81764206955,154.0,33.7493370524,117.0
2016-10-09,6,0,19.0,23.0,1,108.0,92.7692307692,36.0,0.959208055982,154.0,33.6043812303,87.0
2016-10-10,0,0,19.0,22.0,0,108.0,89.0,36.0,1.044546851,154.0,31.2065081969,108.0
2016-10-11,1,0,18.0,22.0,0,108.0,88.0,36.0,1.06393861893,154.0,30.3619194691,113.0
2016-10-12,2,0,18.0,25.0,1,108.0,87.3076923077,36.0,1.05083589219,154.0,29.6735692167,126.0
2016-10-13,3,0,19.0,25.0,1,111.0,87.6153846154,36.0,1.20110764971,154.0,30.0500568578,120.0
2016-10-14,4,0,22.0,26.0,1,111.0,86.3846153846,36.0,1.25502534522,154.0,28.3210670745,118.0
2016-10-15,5,1,21.0,25.0,0,111.0,91.4615384615,36.0,1.25085910653,154.0,27.6088485944,77.0
2016-10-16,6,1,23.0,30.0,1,111.0,93.3076923077,44.0,1.07416879795,154.0,25.7125668628,65.0
2016-10-17,0,0,22.0,26.0,1,111.0,94.9230769231,44.0,0.920028308563,154.0,23.089996297,142.0
2016-10-18,1,0,22.0,25.0,1,111.0,101.076923077,44.0,0.993875765529,154.0,24.1325236605,125.0
2016-10-19,2,0,22.0,24.0,1,111.0,104.769230769,44.0,1.16002795248,154.0,23.8364744623,128.0
2016-10-20,3,0,23.0,26.0,0,112.0,109.846153846,44.0,1.3758272379,154.0,21.052484428,116.0
2016-10-21,4,0,24.0,27.0,0,112.0,110.923076923,44.0,1.29883843717,154.0,20.9815359798,120.0
2016-10-22,5,1,22.0,28.0,0,112.0,111.153846154,44.0,1.23683316344,142.0,21.0634431908,77.0
2016-10-23,6,1,20.0,25.0,0,112.0,110.384615385,44.0,1.05068815039,142.0,22.0891148325,70.0
2016-10-24,0,0,19.0,26.0,1,111.0,107.461538462,44.0,0.884691848907,142.0,24.5845961298,129.0
2016-10-25,1,0,23.0,27.0,1,111.0,108.692307692,44.0,0.885040885041,142.0,25.2232634239,123.0
2016-10-26,2,0,23.0,30.0,1,112.0,108.461538462,44.0,1.01019607843,142.0,25.0771590362,133.0
2016-10-27,3,0,23.0,29.0,1,112.0,109.461538462,44.0,1.16879174256,142.0,25.7670492762,121.0
2016-10-28,4,0,17.0,29.0,0,113.0,109.692307692,44.0,1.13468773514,142.0,25.8557674429,114.0
2016-10-29,5,1,15.0,19.0,0,113.0,112.538461538,44.0,1.1091018686,142.0,24.0755713555,64.0
2016-10-30,6,1,15.0,20.0,1,112.0,112.461538462,44.0,0.910613674433,142.0,24.2284492174,56.0
2016-10-31,0,0,16.0,23.0,1,111.0,105.846153846,44.0,0.729995320543,142.0,26.8581635028,118.0
