time_stamp,dayofweek,holiday,lt,ht,sunny,m2M,w2A,m1L,d3w3,m1Lar,w2Std,pay_sum
2016-08-01,0,0,28.0,36.0,1,51.0,51.0,51.0,1.0,51.0,0.0,51.0
2016-08-02,1,0,27.0,36.0,0,51.0,51.0,51.0,1.0,51.0,0.0,51.0
2016-08-03,2,0,26.0,32.0,0,51.0,51.0,51.0,1.0,51.0,0.0,51.0
2016-08-04,3,0,26.0,33.0,0,51.0,51.0,51.0,1.0,51.0,0.0,51.0
2016-08-05,4,0,27.0,33.0,0,51.0,51.0,51.0,1.0,51.0,0.0,88.0
2016-08-06,5,1,26.0,33.0,0,51.0,53.8461538462,51.0,1.19836013876,88.0,9.85936613539,89.0
2016-08-07,6,1,27.0,35.0,1,51.0,56.7692307692,51.0,1.38812785388,89.0,13.5314667245,123.0
2016-08-08,0,0,27.0,34.0,0,51.0,62.3076923077,51.0,1.71379605827,123.0,22.0746447498,68.0
2016-08-09,1,0,27.0,34.0,1,51.0,63.6153846154,51.0,1.57657657658,123.0,21.8686233309,68.0
2016-08-10,2,0,28.0,35.0,1,51.0,64.9230769231,51.0,1.43769081321,123.0,21.581550306,44.0
2016-08-11,3,0,28.0,35.0,1,51.0,64.3846153846,44.0,1.00502512563,123.0,22.0053785787,41.0
2016-08-12,4,0,28.0,36.0,1,51.0,63.6153846154,41.0,0.861486486486,123.0,22.6258479196,75.0
2016-08-13,5,1,28.0,36.0,1,51.0,65.4615384615,41.0,0.883002207506,123.0,22.4999671269,117.0
2016-08-14,6,1,28.0,37.0,1,51.0,70.5384615385,41.0,1.21925693354,123.0,25.8594288253,156.0
2016-08-15,0,0,27.0,36.0,1,51.0,78.6153846154,41.0,1.68237853517,156.0,33.7035457197,56.0
2016-08-16,1,0,27.0,36.0,1,51.0,79.0,41.0,1.58477842004,156.0,33.4134933591,60.0
2016-08-17,2,0,27.0,36.0,1,51.0,79.6923076923,41.0,1.30174682939,156.0,32.9157072988,68.0
2016-08-18,3,0,28.0,36.0,1,51.0,81.0,41.0,0.869976359338,156.0,32.0768308429,61.0
2016-08-19,4,0,29.0,37.0,1,51.0,78.9230769231,41.0,0.887323943662,156.0,32.4285286045,58.0
2016-08-20,5,1,28.0,37.0,0,51.0,76.5384615385,41.0,0.873627657089,156.0,32.7381578933,148.0
2016-08-21,6,1,28.0,35.0,0,51.0,78.4615384615,41.0,1.16797900262,156.0,35.9842174477,108.0
2016-08-22,0,0,27.0,35.0,1,51.0,81.5384615385,41.0,1.32405650432,156.0,36.661896767,80.0
2016-08-23,1,0,26.0,35.0,1,51.0,82.4615384615,41.0,1.39130434783,156.0,36.4599155757,84.0
2016-08-24,2,0,25.0,34.0,1,51.0,85.5384615385,41.0,1.10367214445,156.0,34.7310886773,69.0
2016-08-25,3,0,26.0,35.0,1,51.0,87.6923076923,41.0,0.935179610676,156.0,32.7117589193,75.0
2016-08-26,4,0,24.0,32.0,0,51.0,87.6923076923,41.0,0.922330097087,156.0,32.7117589193,80.0
2016-08-27,5,1,23.0,30.0,1,51.0,84.8461538462,41.0,0.911124669514,156.0,31.6296991738,133.0
2016-08-28,6,1,20.0,31.0,1,51.0,83.0769230769,41.0,1.16434202547,156.0,28.0397013549,140.0
2016-08-29,0,0,20.0,32.0,1,51.0,89.5384615385,41.0,1.36742204145,156.0,30.6157711611,65.0
2016-08-30,1,0,21.0,31.0,1,51.0,89.9230769231,41.0,1.31160263873,156.0,30.2717475251,73.0
2016-08-31,2,0,23.0,33.0,1,51.0,90.3076923077,41.0,1.0608662469,156.0,30.0214913159,83.0
2016-09-01,3,0,24.0,33.0,1,51.0,92.0,41.0,0.823551332215,156.0,28.9216448091,67.0
2016-09-02,4,0,24.0,34.0,1,51.0,92.6923076923,41.0,0.834737039117,156.0,28.1981576468,81.0
2016-09-03,5,1,22.0,34.0,1,51.0,87.5384615385,41.0,0.882521489971,156.0,23.3192406019,163.0
2016-09-04,6,1,23.0,32.0,1,51.0,91.7692307692,41.0,1.18340943683,163.0,30.5240229382,134.0
2016-09-05,0,0,24.0,32.0,1,51.0,95.9230769231,41.0,1.37704918033,163.0,32.2644399121,67.0
2016-09-06,1,0,21.0,26.0,0,56.0,94.6153846154,41.0,1.32099437489,163.0,33.0559862181,77.0
2016-09-07,2,0,21.0,25.0,0,58.0,95.2307692308,41.0,1.00397255327,163.0,32.6453055788,82.0
2016-09-08,3,0,21.0,30.0,1,60.0,95.7692307692,41.0,0.806998750223,163.0,32.3636877383,84.0
2016-09-09,4,0,22.0,32.0,1,61.0,96.0769230769,41.0,0.855784469097,163.0,32.2310446105,94.0
2016-09-10,5,1,23.0,29.0,1,65.0,93.0769230769,56.0,0.942541236179,163.0,30.4187733998,115.0
2016-09-11,6,1,21.0,28.0,1,67.0,91.1538461538,56.0,1.0581437342,163.0,28.0928300566,155.0
2016-09-12,0,0,21.0,29.0,1,67.0,98.0769230769,56.0,1.2632309561,163.0,31.657935057,74.0
2016-09-13,1,0,21.0,30.0,1,68.0,98.1538461538,56.0,1.2000697715,163.0,31.5980675014,88.0
2016-09-14,2,0,21.0,24.0,0,68.0,98.5384615385,58.0,1.09499136442,163.0,31.4413137928,112.0
2016-09-15,3,1,21.0,25.0,0,68.0,102.0,58.0,0.928656159973,163.0,30.2324329157,112.0
2016-09-16,4,1,22.0,25.0,0,69.0,104.384615385,58.0,1.04052026013,163.0,29.699879465,81.0
2016-09-17,5,1,21.0,27.0,1,73.0,98.0769230769,58.0,1.04434172231,163.0,24.9012249883,87.0
2016-09-18,6,0,21.0,27.0,1,74.0,94.4615384615,65.0,0.985568461809,163.0,22.7414071164,90.0
2016-09-19,0,0,20.0,26.0,1,75.0,96.2307692308,65.0,0.896300156331,163.0,21.3907019562,69.0
2016-09-20,1,0,19.0,26.0,1,75.0,95.6153846154,65.0,0.856396866841,163.0,22.0403073465,64.0
2016-09-21,2,0,18.0,26.0,1,75.0,94.2307692308,64.0,0.784106891702,163.0,23.377023059,93.0
2016-09-22,3,0,17.0,27.0,1,75.0,94.9230769231,64.0,0.783905653833,163.0,23.1963576002,66.0
2016-09-23,4,0,19.0,27.0,1,75.0,92.7692307692,64.0,0.779583988813,163.0,24.4482305358,73.0
2016-09-24,5,1,19.0,28.0,1,75.0,89.5384615385,64.0,0.85121995964,163.0,24.0691803721,112.0
2016-09-25,6,1,21.0,29.0,1,77.0,86.2307692308,64.0,0.932219127205,163.0,16.6601959826,108.0
2016-09-26,0,0,23.0,30.0,1,80.0,88.8461538462,64.0,1.0639070443,163.0,17.1950178556,76.0
2016-09-27,1,0,23.0,30.0,1,80.0,87.9230769231,64.0,1.07538601272,163.0,17.5344124881,81.0
2016-09-28,2,0,21.0,26.0,0,80.0,85.5384615385,64.0,0.96328607779,163.0,16.1512818477,49.0
2016-09-29,3,0,20.0,23.0,0,80.0,80.6923076923,49.0,0.763387066889,163.0,16.9178313549,72.0
2016-09-30,4,0,21.0,24.0,0,80.0,80.0,49.0,0.757831551304,163.0,17.0744974022,73.0
2016-10-01,5,1,22.0,25.0,0,80.0,78.9230769231,49.0,0.745437079731,163.0,17.0405017011,125.0
2016-10-02,6,1,21.0,30.0,0,81.0,81.6153846154,49.0,1.05571847507,163.0,20.904686488,106.0
2016-10-03,0,1,19.0,25.0,1,81.0,84.4615384615,49.0,1.16676261754,155.0,21.5035431235,94.0
2016-10-04,1,1,21.0,27.0,1,81.0,86.7692307692,49.0,1.24306750813,155.0,20.7814778706,110.0
2016-10-05,2,1,20.0,28.0,1,81.0,88.0769230769,49.0,1.18705724679,155.0,21.649166047,100.0
2016-10-06,3,1,20.0,25.0,1,81.0,90.6923076923,49.0,1.17216117216,155.0,20.8636032561,97.0
2016-10-07,4,1,18.0,22.0,0,81.0,92.5384615385,49.0,1.17287488061,155.0,20.2697781272,106.0
2016-10-08,5,0,16.0,23.0,1,82.0,92.0769230769,49.0,1.14512471655,155.0,19.8860660087,60.0
2016-10-09,6,0,14.0,21.0,1,82.0,88.3846153846,49.0,1.01114955786,155.0,21.0111269479,59.0
2016-10-10,0,0,15.0,22.0,1,82.0,87.0769230769,49.0,0.870069605568,155.0,22.2346283581,51.0
2016-10-11,1,0,17.0,23.0,1,82.0,84.7692307692,49.0,0.66238067407,125.0,24.2142801038,66.0
2016-10-12,2,0,17.0,22.0,1,81.0,86.0769230769,49.0,0.696753760887,125.0,22.6561641755,80.0
2016-10-13,3,0,17.0,20.0,1,81.0,86.6923076923,49.0,0.773458971339,125.0,22.372320176,78.0
2016-10-14,4,0,18.0,21.0,1,81.0,87.0769230769,49.0,0.876883930319,125.0,22.1757370477,82.0
2016-10-15,5,1,19.0,21.0,0,81.0,83.7692307692,49.0,0.956365809922,125.0,19.2919028298,129.0
2016-10-16,6,1,18.0,25.0,1,82.0,85.5384615385,49.0,1.13734750098,129.0,22.0998273039,146.0
2016-10-17,0,0,18.0,25.0,1,82.0,89.5384615385,49.0,1.34920634921,146.0,27.3513194299,97.0
2016-10-18,1,0,18.0,24.0,1,83.0,88.5384615385,49.0,1.39325842697,146.0,26.8173749206,75.0
2016-10-19,2,0,19.0,22.0,0,82.0,86.6153846154,49.0,1.1738648948,146.0,26.8228905158,79.0
2016-10-20,3,0,19.0,22.0,0,82.0,85.2307692308,49.0,0.922963780107,146.0,26.7154632438,73.0
2016-10-21,4,0,20.0,22.0,0,82.0,82.6923076923,49.0,0.834712263284,146.0,26.1839193616,91.0
2016-10-22,5,1,19.0,22.0,0,82.0,85.0769230769,49.0,0.910623946037,146.0,25.4088462441,138.0
2016-10-23,6,1,16.0,22.0,1,82.0,91.1538461538,49.0,1.11172464568,146.0,27.7816933466,149.0
2016-10-24,0,0,17.0,23.0,1,83.0,98.6923076923,49.0,1.35048231511,149.0,29.1267379551,70.0
2016-10-25,1,0,16.0,19.0,1,83.0,99.0,49.0,1.30339539978,149.0,28.7990384455,78.0
2016-10-26,2,0,17.0,20.0,0,82.0,98.8461538462,49.0,1.09756097561,149.0,28.9052727526,78.0
2016-10-27,3,0,16.0,19.0,0,82.0,98.8461538462,49.0,0.844070961718,149.0,28.9052727526,85.0
2016-10-28,4,0,14.0,18.0,0,82.0,99.0769230769,51.0,0.910808767952,149.0,28.7815687242,101.0
2016-10-29,5,1,9.0,13.0,0,83.0,96.9230769231,51.0,0.975069252078,149.0,27.4799550399,150.0
2016-10-30,6,1,13.0,18.0,1,84.0,97.2307692308,51.0,1.18143459916,150.0,28.0443435848,155.0
2016-10-31,0,0,11.0,16.0,0,85.0,101.692307692,51.0,1.35333333333,155.0,31.9889034015,82.0
