time_stamp,dayofweek,holiday,lt,ht,sunny,m2M,w2A,m1L,d3w3,m1Lar,w2Std,pay_sum
2016-08-01,0,0,30.0,37.0,1,1.0,1.0,1.0,1.0,1.0,0.0,1.0
2016-08-02,1,0,29.0,36.0,1,1.0,1.0,1.0,1.0,1.0,0.0,1.0
2016-08-03,2,0,28.0,34.0,0,1.0,1.0,1.0,1.0,1.0,0.0,1.0
2016-08-04,3,0,27.0,32.0,1,1.0,1.0,1.0,1.0,1.0,0.0,1.0
2016-08-05,4,0,27.0,34.0,1,1.0,1.0,1.0,1.0,1.0,0.0,1.0
2016-08-06,5,1,27.0,33.0,0,1.0,1.0,1.0,1.0,1.0,0.0,1.0
2016-08-07,6,1,27.0,33.0,0,1.0,1.0,1.0,1.0,1.0,0.0,1.0
2016-08-08,0,0,26.0,34.0,0,1.0,1.0,1.0,1.0,1.0,0.0,1.0
2016-08-09,1,0,27.0,34.0,1,1.0,1.0,1.0,1.0,1.0,0.0,1.0
2016-08-10,2,0,27.0,33.0,0,1.0,1.0,1.0,1.0,1.0,0.0,1.0
2016-08-11,3,0,28.0,35.0,1,1.0,1.0,1.0,1.0,1.0,0.0,1.0
2016-08-12,4,0,29.0,36.0,1,1.0,1.0,1.0,1.0,1.0,0.0,1.0
2016-08-13,5,1,28.0,36.0,1,1.0,1.0,1.0,1.0,1.0,0.0,1.0
2016-08-14,6,1,29.0,36.0,1,1.0,1.0,1.0,1.0,1.0,0.0,1.0
2016-08-15,0,0,29.0,37.0,1,1.0,1.0,1.0,1.0,1.0,0.0,1.0
2016-08-16,1,0,29.0,37.0,1,1.0,1.0,1.0,1.0,1.0,0.0,1.0
2016-08-17,2,0,30.0,37.0,1,1.0,1.0,1.0,1.0,1.0,0.0,1.0
2016-08-18,3,0,30.0,37.0,1,1.0,1.0,1.0,1.0,1.0,0.0,1.0
2016-08-19,4,0,29.0,37.0,1,1.0,1.0,1.0,1.0,1.0,0.0,1.0
2016-08-20,5,1,28.0,37.0,1,1.0,1.0,1.0,1.0,1.0,0.0,1.0
2016-08-21,6,1,28.0,34.0,1,1.0,1.0,1.0,1.0,1.0,0.0,1.0
2016-08-22,0,0,29.0,35.0,1,1.0,1.0,1.0,1.0,1.0,0.0,1.0
2016-08-23,1,0,28.0,35.0,1,1.0,1.0,1.0,1.0,1.0,0.0,1.0
2016-08-24,2,0,30.0,37.0,1,1.0,1.0,1.0,1.0,1.0,0.0,1.0
2016-08-25,3,0,30.0,37.0,1,1.0,1.0,1.0,1.0,1.0,0.0,1.0
2016-08-26,4,0,25.0,34.0,1,1.0,1.0,1.0,1.0,1.0,0.0,1.0
2016-08-27,5,1,24.0,30.0,1,1.0,1.0,1.0,1.0,1.0,0.0,1.0
2016-08-28,6,1,22.0,31.0,1,1.0,1.0,1.0,1.0,1.0,0.0,4.0
2016-08-29,0,0,23.0,32.0,1,1.0,1.23076923077,1.0,1.73913043478,4.0,0.799408065032,28.0
2016-08-30,1,0,24.0,31.0,1,1.0,3.30769230769,1.0,4.4,28.0,7.17243243135,67.0
2016-08-31,2,0,24.0,29.0,1,1.0,8.38461538462,1.0,5.68965517241,67.0,18.3660994625,108.0
2016-09-01,3,0,22.0,25.0,0,1.0,16.6153846154,1.0,6.0687593423,108.0,32.0733257529,72.0
2016-09-02,4,0,23.0,32.0,1,1.0,22.0769230769,1.0,5.60090702948,108.0,34.8722096506,44.0
2016-09-03,5,1,24.0,34.0,1,1.0,25.3846153846,1.0,4.431256182,108.0,34.7552728961,69.0
2016-09-04,6,1,27.0,30.0,1,1.0,30.6153846154,1.0,3.04526748971,108.0,35.7932921553,67.0
2016-09-05,0,0,26.0,30.0,1,1.0,35.6923076923,1.0,2.54777070064,108.0,35.9131101311,89.0
2016-09-06,1,0,24.0,28.0,0,1.0,42.4615384615,1.0,2.68336314848,108.0,37.0127117137,98.0
2016-09-07,2,0,24.0,31.0,1,1.0,49.9230769231,1.0,2.58130081301,108.0,37.6736217418,212.0
2016-09-08,3,0,26.0,32.0,1,1.0,66.1538461538,1.0,3.06805074971,212.0,54.7031797049,181.0
2016-09-09,4,0,23.0,31.0,1,1.0,80.0,1.0,3.12639286851,212.0,59.0658042421,134.0
2016-09-10,5,1,22.0,25.0,0,1.0,90.2307692308,1.0,2.97740112994,212.0,55.9314880988,66.0
2016-09-11,6,1,22.0,26.0,0,1.0,95.0,1.0,2.04016064257,212.0,50.7815835788,193.0
2016-09-12,0,0,22.0,30.0,1,1.0,107.692307692,1.0,1.82324286708,212.0,53.0201480069,215.0
2016-09-13,1,0,23.0,31.0,1,1.0,119.076923077,1.0,1.91399152029,215.0,58.6508069831,222.0
2016-09-14,2,0,24.0,30.0,1,1.0,127.846153846,1.0,2.24358974359,222.0,64.5634406597,192.0
2016-09-15,3,1,23.0,27.0,0,1.0,137.076923077,1.0,2.03263855227,222.0,64.4974197915,33.0
2016-09-16,4,1,22.0,28.0,1,1.0,136.230769231,1.0,1.42243436754,222.0,65.7725145379,112.0
2016-09-17,5,1,22.0,29.0,1,1.0,139.538461538,1.0,1.01843457238,222.0,63.3447410052,57.0
2016-09-18,6,0,22.0,29.0,1,1.0,138.769230769,1.0,0.596133982588,222.0,64.2748351835,189.0
2016-09-19,0,0,20.0,29.0,1,1.0,146.461538462,1.0,0.986225895317,222.0,63.840685586,98.0
2016-09-20,1,0,20.0,27.0,1,1.0,146.461538462,1.0,0.93567251462,222.0,63.840685586,105.0
2016-09-21,2,0,20.0,29.0,1,1.0,138.230769231,1.0,1.06753812636,222.0,61.7228966943,168.0
2016-09-22,3,0,20.0,29.0,1,1.0,137.230769231,1.0,0.972222222222,222.0,61.1242792579,157.0
2016-09-23,4,0,21.0,30.0,1,1.0,139.0,1.0,1.07891105257,222.0,61.3376531366,240.0
2016-09-24,5,1,24.0,32.0,1,1.0,152.384615385,1.0,1.33191890618,240.0,62.912073516,102.0
2016-09-25,6,1,24.0,34.0,1,1.0,145.384615385,1.0,1.1619513331,240.0,63.0659465121,182.0
2016-09-26,0,0,26.0,34.0,1,1.0,142.846153846,4.0,1.18177717636,240.0,60.8375467996,217.0
2016-09-27,1,0,25.0,34.0,1,4.0,142.461538462,28.0,1.08617886179,240.0,60.3497694656,120.0
2016-09-28,2,0,20.0,27.0,0,28.0,136.923076923,33.0,1.15990613476,240.0,58.8341365306,177.0
2016-09-29,3,0,17.0,20.0,0,33.0,148.0,33.0,1.15027414121,240.0,51.2985229957,157.0
2016-09-30,4,0,18.0,22.0,1,44.0,151.461538462,33.0,1.00821674439,240.0,50.2602693442,62.0
2016-10-01,5,1,18.0,23.0,1,57.0,151.846153846,33.0,0.880587058039,240.0,49.5500464237,37.0
2016-10-02,6,1,22.0,25.0,1,57.0,140.153846154,33.0,0.600516068496,240.0,56.8058043538,74.0
2016-10-03,0,1,22.0,27.0,1,62.0,138.307692308,33.0,0.427002344811,240.0,58.5102024179,81.0
2016-10-04,1,1,22.0,27.0,1,66.0,136.461538462,33.0,0.5,240.0,59.8942855687,82.0
2016-10-05,2,1,21.0,28.0,1,67.0,129.846153846,33.0,0.644897959184,240.0,60.7882151456,102.0
2016-10-06,3,1,22.0,26.0,1,67.0,125.615384615,33.0,0.701336509197,240.0,60.6649543508,85.0
2016-10-07,4,1,21.0,25.0,1,69.0,113.692307692,33.0,0.719636169074,240.0,51.5608447376,49.0
2016-10-08,5,0,18.0,25.0,1,69.0,109.615384615,33.0,0.633387010199,240.0,54.3443981425,72.0
2016-10-09,6,0,17.0,23.0,1,72.0,101.153846154,33.0,0.580199971835,240.0,50.8676202795,229.0
2016-10-10,0,0,17.0,24.0,1,72.0,102.076923077,33.0,0.934080597812,240.0,53.0246119029,133.0
2016-10-11,1,0,18.0,24.0,1,74.0,103.076923077,33.0,1.1454209554,240.0,53.473877934,149.0
2016-10-12,2,0,19.0,22.0,1,81.0,100.923076923,33.0,1.35886185348,240.0,50.9576921625,75.0
2016-10-13,3,0,17.0,22.0,1,81.0,94.6153846154,33.0,0.981443298969,240.0,48.6487227464,88.0
2016-10-14,4,0,18.0,23.0,1,82.0,96.6153846154,33.0,0.915090189177,240.0,47.7936887715,218.0
2016-10-15,5,1,19.0,25.0,1,85.0,110.538461538,37.0,1.06320636249,240.0,54.3176064169,250.0
2016-10-16,6,1,20.0,28.0,1,88.0,124.076923077,37.0,1.50861484195,250.0,64.5021902293,311.0
2016-10-17,0,0,20.0,25.0,1,89.0,141.769230769,37.0,2.03580295309,311.0,79.9530187491,219.0
2016-10-18,1,0,21.0,24.0,0,98.0,152.307692308,37.0,1.96226415094,311.0,80.4079833535,137.0
2016-10-19,2,0,21.0,23.0,0,98.0,155.0,37.0,1.7037037037,311.0,79.2561572469,145.0
2016-10-20,3,0,22.0,27.0,1,102.0,159.615384615,37.0,1.28560431101,311.0,76.7528886568,69.0
2016-10-21,4,0,22.0,27.0,1,102.0,161.153846154,37.0,0.898272552783,311.0,74.693060283,54.0
2016-10-22,5,1,20.0,23.0,0,102.0,159.769230769,37.0,0.681413679125,311.0,76.4784070543,53.0
2016-10-23,6,1,19.0,24.0,1,102.0,146.230769231,37.0,0.451108547994,311.0,78.5739767511,64.0
2016-10-24,0,0,19.0,25.0,1,102.0,140.923076923,37.0,0.441176470588,311.0,81.5621155821,192.0
2016-10-25,1,0,19.0,23.0,0,102.0,144.230769231,37.0,0.764662212324,311.0,82.6867618892,204.0
2016-10-26,2,0,20.0,25.0,1,105.0,154.153846154,37.0,1.09680495947,311.0,81.5153087593,198.0
2016-10-27,3,0,18.0,27.0,1,108.0,162.615384615,37.0,1.36129254039,311.0,79.9023812695,277.0
2016-10-28,4,0,14.0,19.0,0,112.0,167.153846154,37.0,1.44299224312,311.0,84.4646909878,120.0
2016-10-29,5,1,12.0,14.0,0,120.0,157.153846154,37.0,1.24542124542,311.0,81.7151206739,220.0
2016-10-30,6,1,12.0,17.0,1,120.0,150.153846154,37.0,1.29513014274,311.0,71.4948585067,308.0
2016-10-31,0,0,13.0,15.0,0,133.0,157.0,49.0,1.28916741271,311.0,81.3425803907,261.0
