time_stamp,dayofweek,holiday,lt,ht,sunny,m2M,w2A,m1L,d3w3,m1Lar,w2Std,pay_sum
2016-08-01,0,0,24.0,30.0,1,166.0,126.384615385,85.0,1.11567675258,231.0,32.5494616794,121.0
2016-08-02,1,0,24.0,33.0,1,163.0,129.153846154,85.0,1.10778443114,231.0,30.3691294519,108.0
2016-08-03,2,0,25.0,34.0,1,163.0,130.846153846,85.0,0.932224741749,231.0,28.4708924338,97.0
2016-08-04,3,0,25.0,33.0,1,162.0,128.615384615,85.0,0.83654092892,231.0,29.8651802955,117.0
2016-08-05,4,0,25.0,32.0,1,162.0,127.615384615,85.0,0.831074977416,231.0,30.0193231655,130.0
2016-08-06,5,1,24.0,33.0,1,162.0,122.769230769,85.0,0.902887139108,231.0,23.4361779706,153.0
2016-08-07,6,1,23.0,31.0,1,162.0,122.923076923,85.0,1.06453759148,231.0,23.6267825163,199.0
2016-08-08,0,0,24.0,32.0,1,162.0,131.153846154,85.0,1.251298027,231.0,29.36205336,65.0
2016-08-09,1,0,25.0,33.0,1,153.0,127.230769231,65.0,1.09105180534,199.0,34.1425830354,258.0
2016-08-10,2,0,26.0,33.0,1,153.0,139.307692308,65.0,1.27941176471,258.0,47.7741233714,223.0
2016-08-11,3,0,27.0,34.0,1,162.0,147.615384615,65.0,1.29215477458,258.0,52.0259380007,210.0
2016-08-12,4,0,25.0,29.0,0,162.0,154.153846154,65.0,1.59015073064,258.0,54.0738044839,242.0
2016-08-13,5,1,24.0,31.0,0,163.0,158.769230769,65.0,1.52749490835,258.0,58.6228543595,278.0
2016-08-14,6,1,24.0,33.0,1,163.0,169.307692308,65.0,1.58368586615,278.0,66.2935019619,296.0
2016-08-15,0,0,21.0,29.0,0,166.0,182.769230769,65.0,1.66005492829,296.0,72.586451211,121.0
2016-08-16,1,0,23.0,31.0,1,163.0,183.769230769,65.0,1.41174080845,296.0,71.632774886,113.0
2016-08-17,2,0,23.0,28.0,0,163.0,185.0,65.0,1.07265735681,296.0,70.255577386,128.0
2016-08-18,3,0,22.0,24.0,0,162.0,185.846153846,65.0,0.729765144643,296.0,69.4936036391,105.0
2016-08-19,4,0,22.0,32.0,1,162.0,183.923076923,65.0,0.701754385965,296.0,71.3339508536,164.0
2016-08-20,5,1,23.0,31.0,1,162.0,184.769230769,65.0,0.809625777506,296.0,71.0267055368,177.0
2016-08-21,6,1,23.0,34.0,1,162.0,183.076923077,65.0,0.899646999496,296.0,70.9295007937,183.0
2016-08-22,0,0,23.0,32.0,1,162.0,192.153846154,65.0,1.03752103752,296.0,62.2585751324,105.0
2016-08-23,1,0,24.0,30.0,0,153.0,180.384615385,65.0,0.921521997622,296.0,63.1537056121,84.0
2016-08-24,2,0,24.0,31.0,0,151.0,169.692307692,65.0,0.740077588779,296.0,66.7006915146,84.0
2016-08-25,3,0,18.0,30.0,1,145.0,160.0,65.0,0.548523206751,296.0,69.245383073,166.0
2016-08-26,4,0,17.0,29.0,1,151.0,154.153846154,65.0,0.663883919698,296.0,65.1635175821,156.0
2016-08-27,5,1,20.0,32.0,1,153.0,144.769230769,65.0,0.806275444345,296.0,54.5769095246,166.0
2016-08-28,6,1,18.0,31.0,1,153.0,134.769230769,65.0,0.978740473325,296.0,33.9709238708,190.0
2016-08-29,0,0,19.0,31.0,1,153.0,140.076923077,65.0,0.989658838311,296.0,36.6867436517,109.0
2016-08-30,1,0,19.0,31.0,1,151.0,139.769230769,65.0,0.939393939394,296.0,36.9285252391,129.0
2016-08-31,2,0,19.0,33.0,1,145.0,139.846153846,65.0,0.889997920566,296.0,36.9049635058,142.0
2016-09-01,3,0,19.0,27.0,1,142.0,142.692307692,65.0,0.807308264287,296.0,35.5081455777,142.0
2016-09-02,4,0,19.0,28.0,1,142.0,141.0,65.0,0.906298003072,296.0,34.9725166821,138.0
2016-09-03,5,1,20.0,30.0,1,141.0,138.0,65.0,0.970784449045,296.0,33.3927675265,247.0
2016-09-04,6,1,18.0,29.0,0,141.0,142.923076923,65.0,1.23318123318,296.0,42.9999311958,176.0
2016-09-05,0,0,20.0,31.0,1,141.0,148.384615385,65.0,1.28787878788,296.0,42.3402671797,124.0
2016-09-06,1,0,21.0,30.0,1,138.0,151.461538462,65.0,1.25100057176,296.0,38.8599366257,118.0
2016-09-07,2,0,19.0,31.0,1,136.0,154.076923077,84.0,0.959265633964,296.0,35.2037182006,107.0
2016-09-08,3,0,18.0,31.0,1,134.0,149.538461538,84.0,0.800366930398,296.0,37.1247696385,119.0
2016-09-09,4,0,19.0,31.0,1,132.0,146.692307692,84.0,0.801304449103,296.0,37.9298636461,158.0
2016-09-10,5,1,18.0,30.0,1,134.0,146.076923077,84.0,0.900457263454,296.0,37.6756635151,199.0
2016-09-11,6,1,18.0,25.0,0,136.0,146.769230769,84.0,1.10994520229,296.0,38.5489775304,217.0
2016-09-12,0,0,18.0,27.0,1,136.0,155.076923077,84.0,1.28800628296,296.0,41.0692876799,135.0
2016-09-13,1,0,19.0,27.0,1,136.0,155.538461538,84.0,1.21553055372,247.0,40.8065141568,125.0
2016-09-14,2,0,20.0,30.0,1,135.0,154.230769231,84.0,1.03819784525,247.0,41.4861493961,191.0
2016-09-15,3,1,21.0,30.0,1,135.0,158.0,84.0,0.97366148532,247.0,42.419153874,243.0
2016-09-16,4,1,20.0,30.0,0,135.0,166.076923077,84.0,1.17375328084,247.0,47.530494727,197.0
2016-09-17,5,1,17.0,24.0,1,138.0,162.230769231,84.0,1.31212310252,247.0,42.5931627705,212.0
2016-09-18,6,0,15.0,22.0,0,141.0,165.0,84.0,1.34655101198,247.0,44.5248418129,140.0
2016-09-19,0,0,13.0,25.0,1,141.0,166.230769231,84.0,1.12304387849,247.0,43.5857313387,104.0
2016-09-20,1,0,14.0,26.0,1,141.0,165.153846154,84.0,0.940012368584,247.0,44.9167540334,96.0
2016-09-21,2,0,16.0,23.0,0,140.0,164.307692308,84.0,0.710999581765,247.0,46.092523364,118.0
2016-09-22,3,0,17.0,26.0,0,138.0,164.230769231,84.0,0.670037926675,247.0,46.1688437171,119.0
2016-09-23,4,0,19.0,27.0,1,138.0,161.230769231,96.0,0.705882352941,247.0,47.7173631455,177.0
2016-09-24,5,1,20.0,29.0,1,140.0,159.538461538,96.0,0.89756097561,247.0,46.7277143668,215.0
2016-09-25,6,1,19.0,27.0,1,141.0,159.384615385,96.0,1.09398415757,247.0,46.5411950882,215.0
2016-09-26,0,0,19.0,24.0,0,142.0,165.538461538,96.0,1.26261050442,247.0,48.1705549777,118.0
2016-09-27,1,0,12.0,23.0,1,142.0,165.0,96.0,1.13988559542,247.0,48.6573577328,144.0
2016-09-28,2,0,10.0,20.0,1,142.0,161.384615385,96.0,0.980876002468,247.0,48.3362238135,134.0
2016-09-29,3,0,12.0,22.0,1,142.0,153.0,96.0,0.810561866749,247.0,42.5603643709,138.0
2016-09-30,4,0,14.0,24.0,1,142.0,148.461538462,96.0,0.856760374833,247.0,40.7329301381,216.0
2016-10-01,5,1,15.0,26.0,1,142.0,148.769230769,96.0,0.99979512395,247.0,41.2238800215,224.0
2016-10-02,6,1,16.0,26.0,1,144.0,155.230769231,96.0,1.18164162322,247.0,45.6847960674,184.0
2016-10-03,0,1,16.0,28.0,1,153.0,161.384615385,96.0,1.25679758308,243.0,43.7150536676,167.0
2016-10-04,1,1,11.0,19.0,0,156.0,166.846153846,96.0,1.14359586317,243.0,39.4302620094,149.0
2016-10-05,2,1,13.0,21.0,1,156.0,169.230769231,96.0,1.00704934542,243.0,37.2830211844,201.0
2016-10-06,3,1,14.0,17.0,0,156.0,175.538461538,96.0,1.05467156263,243.0,35.1253040165,195.0
2016-10-07,4,1,12.0,16.0,0,158.0,176.923076923,96.0,1.11247193305,243.0,35.5083122196,179.0
2016-10-08,5,0,5.0,19.0,1,158.0,174.153846154,96.0,1.18568924631,243.0,33.7931403004,136.0
2016-10-09,6,0,8.0,18.0,1,156.0,168.076923077,96.0,1.052957572,243.0,32.9952479993,120.0
2016-10-10,0,0,10.0,20.0,1,149.0,168.230769231,96.0,0.893682588598,243.0,32.7652579751,118.0
2016-10-11,1,0,10.0,20.0,1,144.0,166.230769231,96.0,0.763187429854,243.0,34.9068074607,110.0
2016-10-12,2,0,10.0,19.0,1,142.0,164.384615385,96.0,0.711874808223,243.0,37.1266822184,120.0
2016-10-13,3,0,12.0,22.0,1,142.0,163.0,96.0,0.711656441718,243.0,38.3987179273,131.0
2016-10-14,4,0,13.0,23.0,1,142.0,156.461538462,96.0,0.74880730139,243.0,35.9778038082,146.0
2016-10-15,5,1,11.0,17.0,0,142.0,150.461538462,96.0,0.841547429783,224.0,30.2645143427,227.0
2016-10-16,6,1,12.0,20.0,1,144.0,153.769230769,96.0,1.06430155211,227.0,35.6244381249,245.0
2016-10-17,0,0,9.0,21.0,1,146.0,159.769230769,96.0,1.25456760049,245.0,43.1262080699,110.0
2016-10-18,1,0,12.0,20.0,1,144.0,156.769230769,96.0,1.19384615385,245.0,45.0830922531,44.0
2016-10-19,2,0,14.0,22.0,1,142.0,144.692307692,44.0,0.841772151899,245.0,52.0995860243,29.0
2016-10-20,3,0,11.0,15.0,0,142.0,131.923076923,29.0,0.399868895444,245.0,58.1912781443,31.0
2016-10-21,4,0,11.0,11.0,0,142.0,120.538461538,29.0,0.24191672482,245.0,62.2063753653,145.0
2016-10-22,5,1,7.0,15.0,1,142.0,121.230769231,29.0,0.490371965076,245.0,62.4242973481,254.0
2016-10-23,6,1,0.0,5.0,1,144.0,131.538461538,29.0,1.00338350251,254.0,71.7384301951,226.0
2016-10-24,0,0,6.0,13.0,1,144.0,139.846153846,29.0,1.42889803384,254.0,75.8265694797,118.0
2016-10-25,1,0,10.0,17.0,1,142.0,140.461538462,29.0,1.38186019642,254.0,75.6140151688,118.0
2016-10-26,2,0,0.0,10.0,1,142.0,140.307692308,29.0,1.09921484654,254.0,75.6575123276,106.0
2016-10-27,3,0,7.0,11.0,0,140.0,138.384615385,29.0,0.840398083303,254.0,76.1855411899,100.0
2016-10-28,4,0,2.0,13.0,1,140.0,134.846153846,29.0,0.820045558087,254.0,76.815309125,173.0
2016-10-29,5,1,2.0,12.0,1,142.0,130.692307692,29.0,0.945962810433,254.0,73.0893916488,130.0
2016-10-30,6,1,2.0,13.0,1,140.0,121.846153846,29.0,1.00211363919,254.0,65.2590649805,245.0
2016-10-31,0,0,-4.0,6.0,1,140.0,132.230769231,29.0,1.30104463438,254.0,72.8477377782,135.0
