time_stamp,dayofweek,holiday,lt,ht,sunny,m2M,w2A,m1L,d3w3,m1Lar,w2Std,pay_sum
2016-08-01,0,0,25.0,35.0,0,284.0,270.538461538,194.0,1.02982997519,346.0,34.5066668801,418.0
2016-08-02,1,0,25.0,29.0,0,284.0,286.307692308,194.0,1.13758014234,418.0,48.5804402162,336.0
2016-08-03,2,0,25.0,31.0,0,284.0,290.538461538,194.0,1.17365967366,418.0,50.2985171591,540.0
2016-08-04,3,0,26.0,32.0,1,284.0,317.153846154,194.0,1.45425938413,540.0,76.7572057793,725.0
2016-08-05,4,0,26.0,34.0,1,287.0,348.230769231,194.0,1.68083989501,725.0,133.11657924,930.0
2016-08-06,5,1,27.0,35.0,1,288.0,397.615384615,194.0,2.09826976388,930.0,202.576306026,350.0
2016-08-07,6,1,27.0,36.0,1,288.0,403.307692308,194.0,1.88954858166,930.0,200.103582644,306.0
2016-08-08,0,0,27.0,35.0,0,290.0,404.538461538,194.0,1.48460170364,930.0,199.451021705,724.0
2016-08-09,1,0,25.0,34.0,0,293.0,440.461538462,194.0,1.20529280755,930.0,211.343910536,661.0
2016-08-10,2,0,26.0,31.0,0,293.0,471.846153846,194.0,1.40688048588,930.0,211.46952723,564.0
2016-08-11,3,0,26.0,32.0,0,295.0,492.692307692,194.0,1.54996222514,930.0,206.100940398,464.0
2016-08-12,4,0,26.0,30.0,0,296.0,505.153846154,194.0,1.32066619751,930.0,198.968434355,431.0
2016-08-13,5,1,25.0,32.0,0,299.0,515.538461538,194.0,1.12200561387,930.0,191.150611333,316.0
2016-08-14,6,1,26.0,32.0,0,302.0,520.384615385,194.0,0.927010372412,930.0,185.13717927,250.0
2016-08-15,0,0,25.0,31.0,0,302.0,507.461538462,194.0,0.766716653209,930.0,197.296970769,575.0
2016-08-16,1,0,25.0,31.0,0,303.0,525.846153846,194.0,0.846407774192,930.0,191.513745702,540.0
2016-08-17,2,0,25.0,31.0,0,303.0,525.846153846,194.0,0.981237869312,930.0,191.513745702,582.0
2016-08-18,3,0,25.0,30.0,0,303.0,514.846153846,194.0,1.18303182404,930.0,183.706641626,616.0
2016-08-19,4,0,26.0,32.0,0,303.0,490.692307692,194.0,1.17309574432,930.0,143.853763682,833.0
2016-08-20,5,1,26.0,34.0,1,303.0,527.846153846,250.0,1.30017284425,930.0,163.720139334,398.0
2016-08-21,6,1,27.0,35.0,0,306.0,534.923076923,250.0,1.16614578401,930.0,155.773238315,378.0
2016-08-22,0,0,27.0,35.0,1,306.0,508.307692308,250.0,1.01974205406,930.0,150.668961949,693.0
2016-08-23,1,0,27.0,35.0,1,307.0,510.769230769,250.0,0.900453598137,930.0,153.380448983,666.0
2016-08-24,2,0,28.0,36.0,1,307.0,518.615384615,250.0,1.05253590256,930.0,158.428600012,643.0
2016-08-25,3,0,27.0,36.0,1,312.0,532.384615385,250.0,1.22222222222,930.0,160.843707446,600.0
2016-08-26,4,0,25.0,35.0,0,316.0,545.384615385,250.0,1.20176266918,930.0,158.942436828,694.0
2016-08-27,5,1,24.0,32.0,0,321.0,574.461538462,250.0,1.18102554722,930.0,148.555410737,459.0
2016-08-28,6,1,26.0,33.0,1,321.0,590.538461538,250.0,1.05408736959,930.0,121.398653766,339.0
2016-08-29,0,0,26.0,33.0,1,322.0,572.384615385,250.0,0.92942129197,930.0,138.767951555,482.0
2016-08-30,1,0,25.0,32.0,1,328.0,567.923076923,250.0,0.81092210713,930.0,140.656953963,504.0
2016-08-31,2,0,25.0,33.0,0,329.0,561.923076923,250.0,0.844244799133,930.0,141.589037786,515.0
2016-09-01,3,0,25.0,32.0,0,336.0,554.153846154,250.0,0.95174687718,930.0,141.179016829,469.0
2016-09-02,4,0,25.0,31.0,0,339.0,526.153846154,250.0,0.940106141016,930.0,117.150032768,510.0
2016-09-03,5,1,25.0,31.0,0,341.0,534.769230769,250.0,0.926856504746,930.0,111.385093497,434.0
2016-09-04,6,1,26.0,31.0,0,346.0,539.076923077,250.0,0.861848124428,833.0,106.201160024,393.0
2016-09-05,0,0,26.0,32.0,0,350.0,516.0,250.0,0.829301575487,833.0,102.786560031,384.0
2016-09-06,1,0,26.0,33.0,0,378.0,494.307692308,250.0,0.762210473313,833.0,98.5091831841,361.0
2016-09-07,2,0,25.0,31.0,0,378.0,472.615384615,250.0,0.731527014431,833.0,94.3386195994,312.0
2016-09-08,3,0,26.0,32.0,0,378.0,450.461538462,250.0,0.69997682196,833.0,95.6303905546,335.0
2016-09-09,4,0,26.0,32.0,0,378.0,422.846153846,250.0,0.702267739576,833.0,69.6108370805,431.0
2016-09-10,5,1,25.0,30.0,0,384.0,420.692307692,250.0,0.748455182948,833.0,68.8882982308,388.0
2016-09-11,6,1,25.0,30.0,0,388.0,424.461538462,250.0,0.800388403385,833.0,65.5762801683,340.0
2016-09-12,0,0,24.0,33.0,1,388.0,413.538461538,250.0,0.834503366094,833.0,66.895573482,310.0
2016-09-13,1,0,26.0,35.0,1,388.0,398.615384615,310.0,0.777266090082,833.0,66.6893353965,319.0
2016-09-14,2,0,26.0,35.0,1,388.0,383.538461538,310.0,0.753001515328,833.0,60.5457428912,360.0
2016-09-15,3,1,25.0,34.0,1,388.0,375.153846154,310.0,0.790662349602,833.0,55.4642589752,293.0
2016-09-16,4,1,25.0,34.0,1,388.0,358.461538462,293.0,0.816326530612,833.0,43.7960577513,333.0
2016-09-17,5,1,25.0,34.0,1,388.0,350.692307692,293.0,0.84144051886,833.0,38.3232899972,266.0
2016-09-18,6,0,25.0,33.0,1,388.0,340.923076923,266.0,0.768402463712,694.0,42.276491992,278.0
2016-09-19,0,0,23.0,32.0,1,388.0,332.769230769,266.0,0.775934527759,694.0,43.3893887172,292.0
2016-09-20,1,0,24.0,31.0,1,388.0,327.461538462,266.0,0.761072420229,694.0,43.8294165085,325.0
2016-09-21,2,0,24.0,31.0,1,388.0,328.461538462,266.0,0.83648768634,694.0,43.6130103817,334.0
2016-09-22,3,0,24.0,32.0,1,388.0,328.384615385,266.0,0.905973135181,694.0,43.6022908035,293.0
2016-09-23,4,0,25.0,32.0,1,388.0,317.769230769,266.0,0.935948483508,694.0,32.784034215,352.0
2016-09-24,5,1,25.0,32.0,1,388.0,315.0,266.0,0.974274767378,694.0,27.8898933997,417.0
2016-09-25,6,1,26.0,33.0,1,393.0,320.923076923,266.0,1.05310129407,515.0,38.6651533404,411.0
2016-09-26,0,0,26.0,34.0,1,398.0,328.692307692,266.0,1.16543209877,515.0,45.2724820739,335.0
2016-09-27,1,0,27.0,35.0,1,398.0,329.923076923,266.0,1.15308348205,515.0,45.2097020535,290.0
2016-09-28,2,0,28.0,34.0,1,398.0,324.538461538,266.0,1.03053814782,515.0,45.474617408,308.0
2016-09-29,3,0,21.0,28.0,0,398.0,325.692307692,266.0,0.931835205993,515.0,44.8456920414,373.0
2016-09-30,4,0,20.0,26.0,0,393.0,328.769230769,266.0,0.978288247443,510.0,46.5802101362,449.0
2016-10-01,5,1,20.0,28.0,0,398.0,342.846153846,266.0,1.12808226016,510.0,52.7298574796,377.0
2016-10-02,6,1,23.0,31.0,1,393.0,350.461538462,266.0,1.19036981881,449.0,49.8869728403,309.0
2016-10-03,0,1,24.0,33.0,1,388.0,351.769230769,266.0,1.12699831198,449.0,48.5420576505,303.0
2016-10-04,1,1,24.0,32.0,1,384.0,350.076923077,266.0,0.984373444809,449.0,49.8126668143,266.0
2016-10-05,2,1,23.0,33.0,1,384.0,344.846153846,266.0,0.886331516253,449.0,54.5694281187,271.0
2016-10-06,3,1,25.0,32.0,1,384.0,343.153846154,266.0,0.850805226375,449.0,56.459442426,316.0
2016-10-07,4,1,25.0,31.0,1,378.0,340.384615385,266.0,0.866209697893,449.0,56.8392313886,327.0
2016-10-08,5,0,24.0,31.0,0,377.0,333.461538462,266.0,0.919609618674,449.0,52.3929169972,347.0
2016-10-09,6,0,22.0,30.0,1,373.0,328.538461538,266.0,0.985810306199,449.0,47.669721699,391.0
2016-10-10,0,0,22.0,30.0,1,373.0,332.846153846,266.0,1.04503974095,449.0,50.5049063174,357.0
2016-10-11,1,0,21.0,28.0,0,361.0,338.0,266.0,1.06944037504,449.0,49.2731788486,367.0
2016-10-12,2,0,20.0,25.0,0,367.0,342.538461538,266.0,1.08373426641,449.0,49.0174464775,316.0
2016-10-13,3,0,22.0,28.0,1,367.0,338.153846154,266.0,1.00745907198,449.0,48.6444654988,366.0
2016-10-14,4,0,20.0,30.0,1,366.0,331.769230769,266.0,1.01411446249,449.0,37.9476437824,409.0
2016-10-15,5,1,21.0,31.0,1,366.0,334.230769231,266.0,1.05594270228,449.0,41.6582318879,428.0
2016-10-16,6,1,24.0,32.0,1,366.0,343.384615385,266.0,1.16147719044,449.0,47.7389350233,379.0
2016-10-17,0,0,23.0,32.0,1,366.0,349.230769231,266.0,1.16659471387,449.0,47.0844639511,377.0
2016-10-18,1,0,23.0,26.0,0,366.0,357.769230769,266.0,1.12184953572,449.0,40.8715696677,297.0
2016-10-19,2,0,23.0,27.0,0,361.0,359.769230769,266.0,0.999288256228,449.0,37.0325300786,328.0
2016-10-20,3,0,24.0,31.0,1,360.0,360.692307692,266.0,0.957020057307,449.0,36.066998799,363.0
2016-10-21,4,0,24.0,27.0,0,360.0,363.461538462,266.0,0.95542017213,449.0,34.7310886773,384.0
2016-10-22,5,1,24.0,30.0,1,360.0,366.307692308,266.0,1.03849683621,449.0,34.7814818444,384.0
2016-10-23,6,1,24.0,31.0,1,360.0,365.769230769,266.0,1.08084862385,449.0,34.4476276869,381.0
2016-10-24,0,0,24.0,30.0,1,360.0,367.615384615,266.0,1.08590870428,449.0,34.5710827617,301.0
2016-10-25,1,0,24.0,31.0,1,357.0,362.538461538,266.0,1.00249212395,449.0,38.867853802,332.0
2016-10-26,2,0,25.0,32.0,1,352.0,363.769230769,266.0,0.945454545455,449.0,37.6075971174,430.0
2016-10-27,3,0,24.0,33.0,1,357.0,368.692307692,266.0,0.975587371512,449.0,41.5588269165,419.0
2016-10-28,4,0,22.0,33.0,1,357.0,369.461538462,266.0,1.07032807685,449.0,42.3821722038,421.0
2016-10-29,5,1,20.0,29.0,1,357.0,368.923076923,266.0,1.13952445043,449.0,41.6735694479,466.0
2016-10-30,6,1,19.0,28.0,1,357.0,375.615384615,266.0,1.16011547857,466.0,49.081625046,468.0
2016-10-31,0,0,19.0,27.0,1,357.0,382.615384615,266.0,1.18609943978,468.0,54.921676345,395.0
