time_stamp,dayofweek,holiday,lt,ht,sunny,m2M,w2A,m1L,d3w3,m1Lar,w2Std,pay_sum
2016-08-01,0,0,28.0,34.0,1,197.0,186.076923077,130.0,0.951876379691,245.0,29.2139627798,246.0
2016-08-02,1,0,28.0,34.0,0,197.0,188.076923077,130.0,1.0,246.0,32.2047811512,267.0
2016-08-03,2,0,26.0,32.0,0,197.0,192.692307692,130.0,1.15137496787,267.0,38.3072289129,270.0
2016-08-04,3,0,27.0,32.0,0,197.0,197.076923077,130.0,1.33299284985,270.0,43.3154112536,266.0
2016-08-05,4,0,27.0,33.0,0,197.0,203.153846154,130.0,1.34404552682,270.0,46.8710935256,220.0
2016-08-06,5,1,27.0,33.0,1,197.0,209.538461538,130.0,1.24598269468,270.0,42.9106681815,171.0
2016-08-07,6,1,27.0,34.0,1,197.0,212.692307692,130.0,1.07961547942,270.0,38.1966261405,155.0
2016-08-08,0,0,27.0,34.0,0,197.0,207.846153846,130.0,0.90682610862,270.0,41.1018362941,220.0
2016-08-09,1,0,28.0,34.0,1,197.0,210.153846154,130.0,0.90682610862,270.0,40.87663646,227.0
2016-08-10,2,0,28.0,34.0,1,198.0,213.769230769,130.0,0.994876879855,270.0,40.1212658865,216.0
2016-08-11,3,0,28.0,35.0,1,198.0,215.153846154,130.0,1.09487243002,270.0,39.862930831,245.0
2016-08-12,4,0,28.0,34.0,1,198.0,217.461538462,130.0,1.12006512007,270.0,40.647859977,230.0
2016-08-13,5,1,28.0,35.0,1,199.0,222.461538462,130.0,1.09996816301,270.0,37.7840328194,162.0
2016-08-14,6,1,28.0,36.0,1,199.0,222.692307692,130.0,1.00631911532,270.0,37.4029711189,154.0
2016-08-15,0,0,28.0,35.0,1,198.0,215.615384615,130.0,0.875842155919,270.0,40.8666470393,213.0
2016-08-16,1,0,28.0,35.0,1,199.0,211.461538462,130.0,0.843902049932,270.0,38.0821286263,211.0
2016-08-17,2,0,28.0,35.0,1,199.0,206.923076923,130.0,0.915281076801,270.0,34.1477818594,202.0
2016-08-18,3,0,28.0,36.0,1,202.0,202.0,130.0,0.990349628223,270.0,29.5842993703,214.0
2016-08-19,4,0,29.0,36.0,1,202.0,201.538461538,130.0,0.992167101828,270.0,29.3457253724,263.0
2016-08-20,5,1,28.0,37.0,0,202.0,208.615384615,130.0,1.05002706255,270.0,32.0925068214,146.0
2016-08-21,6,1,28.0,35.0,0,202.0,207.923076923,130.0,0.966340933768,270.0,33.3154192494,136.0
2016-08-22,0,0,28.0,35.0,1,202.0,201.461538462,130.0,0.867558102515,270.0,38.1426782663,217.0
2016-08-23,1,0,26.0,34.0,1,202.0,200.692307692,136.0,0.803931045594,270.0,37.7183583446,216.0
2016-08-24,2,0,26.0,34.0,1,202.0,200.692307692,136.0,0.928827946458,270.0,37.7183583446,210.0
2016-08-25,3,0,27.0,35.0,1,207.0,198.0,136.0,1.06421714664,270.0,35.6521657558,220.0
2016-08-26,4,0,26.0,34.0,0,207.0,197.230769231,136.0,1.06918238994,270.0,35.0563367391,212.0
2016-08-27,5,1,23.0,31.0,1,207.0,201.076923077,136.0,1.05185549275,270.0,33.6965223918,137.0
2016-08-28,6,1,22.0,30.0,1,207.0,199.769230769,136.0,0.936394305933,270.0,35.7645158183,137.0
2016-08-29,0,0,23.0,31.0,1,207.0,193.923076923,136.0,0.816532258065,270.0,39.1731099656,137.0
2016-08-30,1,0,23.0,31.0,1,207.0,188.230769231,136.0,0.706549767922,270.0,41.5806054016,137.0
2016-08-31,2,0,25.0,34.0,1,207.0,183.230769231,136.0,0.721242432219,270.0,43.4885552516,137.0
2016-09-01,3,0,26.0,33.0,1,207.0,177.307692308,136.0,0.742346247629,270.0,44.1333375045,137.0
2016-09-02,4,0,25.0,34.0,1,202.0,167.615384615,136.0,0.761534185659,266.0,37.6022471946,137.0
2016-09-03,5,1,25.0,35.0,1,202.0,166.923076923,136.0,0.766862580465,263.0,38.0737372405,137.0
2016-09-04,6,1,25.0,33.0,1,202.0,167.0,136.0,0.770528683915,263.0,38.0121438086,137.0
2016-09-05,0,0,25.0,30.0,0,199.0,160.846153846,136.0,0.787356321839,263.0,35.8326154692,137.0
2016-09-06,1,0,22.0,27.0,0,198.0,154.769230769,136.0,0.80446271286,263.0,32.5083512256,137.0
2016-09-07,2,0,20.0,24.0,0,198.0,149.153846154,136.0,0.820113738402,263.0,28.5464430058,137.0
2016-09-08,3,0,22.0,29.0,1,198.0,142.769230769,136.0,0.839460784314,263.0,19.9852016258,137.0
2016-09-09,4,0,23.0,31.0,1,198.0,137.0,136.0,0.87316762269,263.0,0.0,137.0
2016-09-10,5,1,24.0,29.0,1,190.0,137.0,136.0,0.875679130713,263.0,0.0,137.0
2016-09-11,6,1,23.0,26.0,0,190.0,137.0,136.0,0.875399361022,263.0,0.0,137.0
2016-09-12,0,0,23.0,29.0,1,187.0,137.0,136.0,0.898360655738,263.0,0.0,137.0
2016-09-13,1,0,23.0,30.0,1,180.0,137.0,136.0,0.922248401212,263.0,0.0,137.0
2016-09-14,2,0,22.0,24.0,0,180.0,137.0,136.0,0.945479641132,263.0,0.0,137.0
2016-09-15,3,1,23.0,26.0,0,180.0,137.0,136.0,0.973357015986,263.0,0.0,137.0
2016-09-16,4,1,23.0,27.0,0,171.0,137.0,136.0,1.0,263.0,0.0,137.0
2016-09-17,5,1,23.0,27.0,0,165.0,137.0,136.0,1.0,263.0,0.0,137.0
2016-09-18,6,0,23.0,28.0,0,162.0,137.0,136.0,1.0,220.0,0.0,137.0
2016-09-19,0,0,21.0,27.0,0,159.0,137.0,136.0,1.0,220.0,0.0,137.0
2016-09-20,1,0,20.0,26.0,1,155.0,137.0,137.0,1.0,220.0,0.0,137.0
2016-09-21,2,0,20.0,27.0,1,155.0,137.0,137.0,1.0,220.0,0.0,137.0
2016-09-22,3,0,21.0,27.0,1,155.0,137.0,137.0,1.0,220.0,0.0,137.0
2016-09-23,4,0,21.0,27.0,1,154.0,137.0,137.0,1.0,220.0,0.0,137.0
2016-09-24,5,1,22.0,28.0,1,146.0,137.0,137.0,1.0,212.0,0.0,137.0
2016-09-25,6,1,23.0,29.0,1,137.0,137.0,137.0,1.0,137.0,0.0,137.0
2016-09-26,0,0,24.0,31.0,1,137.0,137.0,137.0,1.0,137.0,0.0,70.0
2016-09-27,1,0,25.0,30.0,0,137.0,131.846153846,70.0,0.857962339444,137.0,17.8534467857,48.0
2016-09-28,2,0,22.0,28.0,0,137.0,125.0,48.0,0.657894736842,137.0,28.4713080946,54.0
2016-09-29,3,0,22.0,25.0,0,137.0,118.615384615,48.0,0.458483273357,137.0,33.8606612265,55.0
2016-09-30,4,0,23.0,28.0,0,137.0,112.307692308,48.0,0.432685682789,137.0,37.3103091866,76.0
2016-10-01,5,1,24.0,29.0,0,137.0,107.615384615,48.0,0.523042126096,137.0,37.7431368423,39.0
2016-10-02,6,1,24.0,32.0,1,137.0,100.076923077,39.0,0.501474926254,137.0,40.7854829725,26.0
2016-10-03,0,1,22.0,26.0,1,137.0,91.5384615385,26.0,0.437412750116,137.0,43.6782209144,38.0
2016-10-04,1,1,22.0,26.0,1,137.0,83.9230769231,26.0,0.334959349593,137.0,43.7184374738,27.0
2016-10-05,2,1,22.0,27.0,1,137.0,75.4615384615,26.0,0.312714776632,137.0,43.2694871787,31.0
2016-10-06,3,1,22.0,26.0,0,137.0,67.3076923077,26.0,0.348964013086,137.0,40.8230414112,37.0
2016-10-07,4,1,20.0,25.0,0,137.0,59.6153846154,26.0,0.36524413687,137.0,36.116347165,41.0
2016-10-08,5,0,17.0,22.0,0,137.0,52.2307692308,26.0,0.44363044363,137.0,28.563435061,67.0
2016-10-09,6,0,18.0,22.0,1,137.0,46.8461538462,26.0,0.616496598639,137.0,15.8398045532,53.0
2016-10-10,0,0,18.0,22.0,1,137.0,45.5384615385,26.0,0.723270440252,137.0,14.5211537188,70.0
2016-10-11,1,0,19.0,25.0,1,137.0,47.2307692308,26.0,0.893907315926,137.0,15.9236343269,56.0
2016-10-12,2,0,19.0,23.0,1,137.0,47.3846153846,26.0,0.893213572854,137.0,15.9977809112,89.0
2016-10-13,3,0,19.0,23.0,1,137.0,50.0,26.0,1.11283643892,137.0,19.4382651964,90.0
2016-10-14,4,0,19.0,23.0,0,137.0,51.0769230769,26.0,1.26242277733,137.0,21.1604185594,516.0
2016-10-15,5,1,21.0,25.0,1,137.0,87.7692307692,26.0,2.86008230453,516.0,125.369088232,521.0
2016-10-16,6,1,20.0,26.0,1,137.0,125.846153846,26.0,3.74916833001,521.0,168.557612225,538.0
2016-10-17,0,0,20.0,25.0,1,137.0,164.307692308,26.0,4.24757281553,538.0,198.508819651,598.0
2016-10-18,1,0,20.0,25.0,1,137.0,208.230769231,26.0,3.6554158394,598.0,224.710122276,603.0
2016-10-19,2,0,20.0,24.0,0,137.0,252.230769231,26.0,3.24652291608,603.0,241.102325499,545.0
2016-10-20,3,0,20.0,23.0,0,137.0,291.307692308,26.0,2.86628909136,603.0,244.199283252,593.0
2016-10-21,4,0,0.0,21.0,0,137.0,333.769230769,26.0,2.53531381972,603.0,244.973830265,547.0
2016-10-22,5,1,19.0,23.0,0,137.0,370.692307692,26.0,2.20867741513,603.0,238.058940541,436.0
2016-10-23,6,1,18.0,23.0,1,137.0,400.153846154,26.0,1.91169335274,603.0,219.928256188,644.0
2016-10-24,0,0,20.0,24.0,1,137.0,444.307692308,26.0,1.77755927018,644.0,206.417196889,672.0
2016-10-25,1,0,18.0,22.0,1,137.0,491.692307692,26.0,1.73113976582,672.0,180.975299894,652.0
2016-10-26,2,0,19.0,21.0,0,137.0,535.0,26.0,1.78067318132,672.0,142.756382048,500.0
2016-10-27,3,0,18.0,22.0,0,137.0,566.538461538,26.0,1.55280296258,672.0,65.1632451671,578.0
2016-10-28,4,0,15.0,20.0,0,137.0,571.307692308,26.0,1.37826641173,672.0,63.5384615385,693.0
2016-10-29,5,1,13.0,17.0,1,137.0,584.538461538,26.0,1.31272700319,693.0,69.3293315489,626.0
2016-10-30,6,1,14.0,18.0,1,137.0,591.307692308,26.0,1.3219051601,693.0,68.7485771773,576.0
2016-10-31,0,0,13.0,17.0,0,137.0,589.615384615,26.0,1.25417783514,693.0,68.8337333016,651.0
