time_stamp,dayofweek,holiday,lt,ht,sunny,m2M,w2A,m1L,d3w3,m1Lar,w2Std,pay_sum
2016-08-01,0,0,24.0,30.0,1,92.0,93.5384615385,17.0,0.884795955218,162.0,44.617373961,151.0
2016-08-02,1,0,24.0,33.0,1,92.0,98.8461538462,17.0,0.823694356817,162.0,46.9710977482,136.0
2016-08-03,2,0,25.0,34.0,1,92.0,102.307692308,17.0,1.12906027445,162.0,47.9140008692,133.0
2016-08-04,3,0,25.0,33.0,1,93.0,103.692307692,17.0,1.44255538382,162.0,48.5170622095,146.0
2016-08-05,4,0,25.0,32.0,1,93.0,106.769230769,17.0,1.39238382822,162.0,49.8168242297,144.0
2016-08-06,5,1,24.0,33.0,1,93.0,112.769230769,17.0,1.35316698656,162.0,49.2390618016,47.0
2016-08-07,6,1,23.0,31.0,1,92.0,110.923076923,17.0,1.07598978289,162.0,51.1821205838,41.0
2016-08-08,0,0,24.0,32.0,1,92.0,101.615384615,17.0,0.767957629924,162.0,52.042199536,80.0
2016-08-09,1,0,25.0,33.0,1,92.0,99.1538461538,17.0,0.556660039761,162.0,52.2491754132,125.0
2016-08-10,2,0,26.0,33.0,1,93.0,97.3076923077,17.0,0.80156402737,162.0,50.8608730004,152.0
2016-08-11,3,0,27.0,34.0,1,94.0,107.692307692,17.0,1.14258281325,162.0,47.0423452702,132.0
2016-08-12,4,0,25.0,29.0,0,94.0,105.461538462,17.0,1.29287181919,162.0,45.1094658063,151.0
2016-08-13,5,1,24.0,31.0,0,95.0,113.538461538,17.0,1.32178669098,162.0,43.0949138256,47.0
2016-08-14,6,1,24.0,33.0,1,94.0,114.230769231,17.0,1.01382488479,162.0,41.9324618994,47.0
2016-08-15,0,0,21.0,29.0,0,93.0,106.230769231,17.0,0.794809407948,162.0,44.0229902283,145.0
2016-08-16,1,0,23.0,31.0,1,94.0,106.923076923,17.0,0.763090676884,162.0,44.5532724145,134.0
2016-08-17,2,0,23.0,28.0,0,95.0,107.0,17.0,1.04840006432,162.0,44.5990686346,132.0
2016-08-18,3,0,22.0,24.0,0,100.0,105.923076923,17.0,1.25228519196,162.0,43.8063246899,114.0
2016-08-19,4,0,22.0,32.0,1,100.0,103.615384615,17.0,1.18324770357,162.0,42.5107017504,161.0
2016-08-20,5,1,23.0,31.0,1,106.0,112.384615385,17.0,1.20271867612,162.0,41.677402956,71.0
2016-08-21,6,1,23.0,34.0,1,100.0,114.692307692,17.0,1.00771807194,162.0,38.3594028497,53.0
2016-08-22,0,0,23.0,32.0,1,100.0,112.615384615,17.0,0.867183934277,162.0,40.8327516764,137.0
2016-08-23,1,0,24.0,30.0,0,106.0,113.538461538,17.0,0.793795620438,162.0,41.2359353824,126.0
2016-08-24,2,0,24.0,31.0,0,111.0,111.538461538,17.0,0.964149504195,161.0,39.9318946835,129.0
2016-08-25,3,0,18.0,30.0,1,111.0,111.307692308,17.0,1.20541205412,161.0,39.8214951915,170.0
2016-08-26,4,0,17.0,29.0,1,112.0,112.769230769,17.0,1.29140079003,170.0,41.5621015352,147.0
2016-08-27,5,1,20.0,32.0,1,112.0,120.461538462,38.0,1.29613484452,170.0,37.7575573375,65.0
2016-08-28,6,1,18.0,31.0,1,112.0,121.846153846,38.0,1.09864825999,170.0,35.2874921267,52.0
2016-08-29,0,0,19.0,31.0,1,112.0,114.692307692,38.0,0.768558951965,170.0,39.0903974346,130.0
2016-08-30,1,0,19.0,31.0,1,114.0,114.384615385,41.0,0.717501815541,170.0,38.9527099117,128.0
2016-08-31,2,0,19.0,33.0,1,114.0,114.076923077,41.0,0.910024952297,170.0,38.82794699,156.0
2016-09-01,3,0,19.0,27.0,1,115.0,117.307692308,41.0,1.20261437908,170.0,40.4025601157,151.0
2016-09-02,4,0,19.0,28.0,1,115.0,116.538461538,41.0,1.26361655773,170.0,39.6515891322,158.0
2016-09-03,5,1,20.0,30.0,1,115.0,123.230769231,41.0,1.28844555278,170.0,38.7321251004,69.0
2016-09-04,6,1,18.0,29.0,0,115.0,124.461538462,41.0,1.03789126853,170.0,36.6807754817,63.0
2016-09-05,0,0,20.0,31.0,1,115.0,118.769230769,41.0,0.824097755044,170.0,39.8943872014,164.0
2016-09-06,1,0,21.0,30.0,1,115.0,121.692307692,47.0,0.830527497194,170.0,41.6697355872,130.0
2016-09-07,2,0,19.0,31.0,1,115.0,121.769230769,47.0,1.00252737995,170.0,41.6840752588,142.0
2016-09-08,3,0,18.0,31.0,1,119.0,119.615384615,47.0,1.2101026922,170.0,39.8179288213,144.0
2016-09-09,4,0,19.0,31.0,1,125.0,119.384615385,47.0,1.16282320056,170.0,39.6669567225,148.0
2016-09-10,5,1,18.0,30.0,1,126.0,125.769230769,47.0,1.17519631736,170.0,36.9888836651,46.0
2016-09-11,6,1,18.0,25.0,0,126.0,125.307692308,46.0,0.917854718262,170.0,37.9318916265,34.0
2016-09-12,0,0,18.0,27.0,1,126.0,117.923076923,34.0,0.646258503401,170.0,44.987966833,138.0
2016-09-13,1,0,19.0,27.0,1,128.0,118.692307692,34.0,0.614777213762,170.0,45.2384870443,129.0
2016-09-14,2,0,20.0,30.0,1,129.0,116.615384615,34.0,0.848843767625,170.0,44.0830308562,127.0
2016-09-15,3,1,21.0,30.0,1,129.0,114.769230769,34.0,1.131696108,170.0,43.0958749519,42.0
2016-09-16,4,1,20.0,30.0,0,129.0,105.846153846,34.0,0.89651022864,170.0,45.1797200145,34.0
2016-09-17,5,1,17.0,24.0,1,129.0,103.153846154,34.0,0.619374523265,170.0,48.2347563068,34.0
2016-09-18,6,0,15.0,22.0,0,129.0,100.923076923,34.0,0.338409475465,170.0,50.6503269614,105.0
2016-09-19,0,0,13.0,25.0,1,129.0,96.3846153846,34.0,0.538437597261,170.0,47.3295134164,126.0
2016-09-20,1,0,14.0,26.0,1,129.0,96.0769230769,34.0,0.82554517134,170.0,47.1225269312,106.0
2016-09-21,2,0,16.0,23.0,0,129.0,93.3076923077,34.0,1.07496012759,170.0,45.367532639,129.0
2016-09-22,3,0,17.0,26.0,0,129.0,92.1538461538,34.0,1.1637653127,170.0,44.2403334141,120.0
2016-09-23,4,0,19.0,27.0,1,129.0,90.0,34.0,1.1658456486,170.0,42.0987849267,144.0
2016-09-24,5,1,20.0,29.0,1,129.0,97.5384615385,34.0,1.24465558195,164.0,42.3185999925,71.0
2016-09-25,6,1,19.0,27.0,1,129.0,100.384615385,34.0,1.05694904559,164.0,39.0690482677,36.0
2016-09-26,0,0,19.0,24.0,0,129.0,92.5384615385,34.0,0.842989084803,164.0,40.9251011645,127.0
2016-09-27,1,0,12.0,23.0,1,128.0,92.3846153846,34.0,0.787083753784,164.0,40.7912857616,98.0
2016-09-28,2,0,10.0,20.0,1,128.0,90.1538461538,34.0,0.897832817337,164.0,39.6132187608,127.0
2016-09-29,3,0,12.0,22.0,1,128.0,96.6923076923,34.0,1.22158597952,164.0,38.1119497016,140.0
2016-09-30,4,0,14.0,24.0,1,128.0,104.846153846,34.0,1.27199860603,164.0,35.0424932241,85.0
2016-10-01,5,1,15.0,26.0,1,127.0,108.769230769,34.0,1.20218579235,164.0,29.2710249122,42.0
2016-10-02,6,1,16.0,26.0,1,127.0,103.923076923,34.0,0.908163265306,164.0,34.2804307002,32.0
2016-10-03,0,1,16.0,28.0,1,127.0,96.6923076923,32.0,0.571736785329,164.0,38.513503357,27.0
2016-10-04,1,1,11.0,19.0,0,126.0,90.6153846154,27.0,0.384322678843,164.0,42.5830202013,19.0
2016-10-05,2,1,13.0,21.0,1,126.0,82.1538461538,19.0,0.316301703163,148.0,44.9766540361,20.0
2016-10-06,3,1,14.0,17.0,0,126.0,74.4615384615,19.0,0.271270036991,148.0,46.3757486104,26.0
2016-10-07,4,1,12.0,16.0,0,126.0,65.3846153846,19.0,0.26848409748,148.0,43.3244263339,34.0
2016-10-08,5,0,5.0,19.0,1,126.0,62.5384615385,19.0,0.33044196613,148.0,44.0709487158,116.0
2016-10-09,6,0,8.0,18.0,1,126.0,68.6923076923,19.0,0.722051282051,144.0,45.4979029363,108.0
2016-10-10,0,0,10.0,20.0,1,120.0,67.2307692308,19.0,1.07031736154,144.0,43.8777214298,116.0
2016-10-11,1,0,10.0,20.0,1,116.0,68.6153846154,19.0,1.40177283034,144.0,45.0939846944,98.0
2016-10-12,2,0,10.0,19.0,1,116.0,66.3846153846,19.0,1.3535098781,144.0,42.8100248172,123.0
2016-10-13,3,0,12.0,22.0,1,120.0,65.0769230769,19.0,1.41388714076,144.0,40.7515201009,111.0
2016-10-14,4,0,13.0,23.0,1,116.0,67.0769230769,19.0,1.42245072836,144.0,42.2892267395,93.0
2016-10-15,5,1,11.0,17.0,0,116.0,71.0,19.0,1.38149556401,144.0,42.146265461,45.0
2016-10-16,6,1,12.0,20.0,1,114.0,72.0,19.0,1.04599873976,144.0,41.35586648,39.0
2016-10-17,0,0,9.0,21.0,1,111.0,72.9230769231,19.0,0.787191460974,144.0,40.4654867919,96.0
2016-10-18,1,0,12.0,20.0,1,108.0,78.8461538462,19.0,0.801603206413,144.0,37.6784904031,103.0
2016-10-19,2,0,14.0,22.0,1,108.0,85.2307692308,19.0,1.07716677981,144.0,34.0207037556,129.0
2016-10-20,3,0,11.0,15.0,0,111.0,93.1538461538,19.0,1.49566803466,144.0,31.1790021892,133.0
2016-10-21,4,0,11.0,11.0,0,111.0,100.769230769,19.0,1.6114790287,144.0,27.6965808669,120.0
2016-10-22,5,1,7.0,15.0,1,111.0,101.076923077,19.0,1.60369437448,144.0,27.8856498482,48.0
2016-10-23,6,1,0.0,5.0,1,108.0,96.4615384615,19.0,1.25103906899,140.0,31.1339917741,33.0
2016-10-24,0,0,6.0,13.0,1,106.0,90.0769230769,19.0,0.832298136646,140.0,34.770592213,127.0
2016-10-25,1,0,10.0,17.0,1,106.0,92.3076923077,19.0,0.807140085371,140.0,36.1117594642,106.0
2016-10-26,2,0,0.0,10.0,1,106.0,91.0,19.0,0.983000739098,140.0,35.2747458149,113.0
2016-10-27,3,0,7.0,11.0,0,108.0,91.1538461538,19.0,1.21981315001,140.0,35.3658813283,112.0
2016-10-28,4,0,2.0,13.0,1,108.0,92.6153846154,19.0,1.1207042492,140.0,35.8018874912,103.0
2016-10-29,5,1,2.0,12.0,1,106.0,97.0769230769,19.0,1.11792774369,133.0,33.1023158345,34.0
2016-10-30,6,1,2.0,13.0,1,106.0,96.6923076923,19.0,0.882040382572,133.0,33.7966421076,36.0
2016-10-31,0,0,-4.0,6.0,1,105.0,92.0769230769,19.0,0.640029596744,133.0,37.4729882992,111.0
