time_stamp,dayofweek,holiday,lt,ht,sunny,m2M,w2A,m1L,d3w3,m1Lar,w2Std,pay_sum
2016-08-01,0,0,28.0,34.0,1,30.0,44.8461538462,16.0,0.72939460248,70.0,15.8155043396,53.0
2016-08-02,1,0,28.0,34.0,0,32.0,44.7692307692,16.0,0.737527114967,70.0,15.7731702396,63.0
2016-08-03,2,0,26.0,32.0,0,33.0,44.6923076923,16.0,0.936170212766,70.0,15.6813687363,61.0
2016-08-04,3,0,27.0,32.0,0,33.0,45.5384615385,16.0,1.25531914894,70.0,16.2320451558,70.0
2016-08-05,4,0,27.0,33.0,0,34.0,47.1538461538,16.0,1.37296532201,70.0,17.4921791484,72.0
2016-08-06,5,1,27.0,33.0,1,35.0,50.7692307692,16.0,1.37533875339,72.0,17.3965241716,31.0
2016-08-07,6,1,27.0,34.0,1,35.0,51.5384615385,16.0,1.15912897822,72.0,16.2462558272,30.0
2016-08-08,0,0,27.0,34.0,0,35.0,49.5384615385,16.0,0.92073381793,72.0,17.1491887434,81.0
2016-08-09,1,0,28.0,34.0,1,35.0,50.3846153846,16.0,0.956228956229,81.0,18.3660994625,68.0
2016-08-10,2,0,28.0,34.0,1,37.0,51.7692307692,16.0,1.20053655265,81.0,18.9540084908,59.0
2016-08-11,3,0,28.0,35.0,1,37.0,52.9230769231,16.0,1.38251910934,81.0,18.902427758,66.0
2016-08-12,4,0,28.0,34.0,1,37.0,54.0769230769,16.0,1.2614379085,81.0,19.2052137891,78.0
2016-08-13,5,1,28.0,35.0,1,39.0,57.5384615385,16.0,1.26126126126,81.0,19.1496751714,51.0
2016-08-14,6,1,28.0,36.0,1,40.0,60.2307692308,16.0,1.1786038078,81.0,15.1665311999,30.0
2016-08-15,0,0,28.0,35.0,1,40.0,58.4615384615,16.0,0.984215413185,81.0,17.1222544553,61.0
2016-08-16,1,0,28.0,35.0,1,40.0,58.3076923077,16.0,0.886392009988,81.0,17.0897387808,77.0
2016-08-17,2,0,28.0,35.0,1,44.0,59.5384615385,16.0,1.02283105023,81.0,17.8006714852,82.0
2016-08-18,3,0,28.0,36.0,1,45.0,60.4615384615,16.0,1.29449838188,82.0,18.6118877835,72.0
2016-08-19,4,0,29.0,36.0,1,45.0,60.4615384615,16.0,1.33448873484,82.0,18.6118877835,80.0
2016-08-20,5,1,28.0,37.0,0,45.0,64.2307692308,16.0,1.29891756869,82.0,17.1695340475,50.0
2016-08-21,6,1,28.0,35.0,0,45.0,65.7692307692,16.0,1.09041835358,82.0,14.760414035,36.0
2016-08-22,0,0,28.0,35.0,1,45.0,62.3076923077,16.0,0.908593322386,82.0,16.0066554205,103.0
2016-08-23,1,0,26.0,34.0,1,49.0,65.0,16.0,1.00158982512,103.0,19.3351015991,82.0
2016-08-24,2,0,26.0,34.0,1,50.0,66.7692307692,16.0,1.15194162106,103.0,19.7529115523,79.0
2016-08-25,3,0,27.0,35.0,1,50.0,67.7692307692,16.0,1.36645962733,103.0,20.0159699554,68.0
2016-08-26,4,0,26.0,34.0,0,50.0,67.0,16.0,1.18899273105,103.0,19.7989898732,87.0
2016-08-27,5,1,23.0,31.0,1,51.0,69.7692307692,16.0,1.16417910448,103.0,19.8848757608,37.0
2016-08-28,6,1,22.0,30.0,1,51.0,70.3076923077,16.0,0.950259836674,103.0,18.8695302432,37.0
2016-08-29,0,0,23.0,31.0,1,51.0,68.4615384615,16.0,0.823740086979,103.0,20.7683760508,72.0
2016-08-30,1,0,23.0,31.0,1,51.0,68.0769230769,30.0,0.744707982657,103.0,20.6526643409,79.0
2016-08-31,2,0,25.0,34.0,1,53.0,67.8461538462,30.0,0.944486309972,103.0,20.5120833201,76.0
2016-09-01,3,0,26.0,33.0,1,54.0,68.1538461538,30.0,1.1318873099,103.0,20.6018899575,84.0
2016-09-02,4,0,25.0,34.0,1,54.0,68.4615384615,30.0,1.18639861008,103.0,20.8053816433,87.0
2016-09-03,5,1,25.0,35.0,1,56.0,71.3076923077,30.0,1.19410200628,103.0,20.615097587,48.0
2016-09-04,6,1,25.0,33.0,1,56.0,72.2307692308,30.0,1.04509663565,103.0,19.2359992888,32.0
2016-09-05,0,0,25.0,30.0,0,56.0,66.7692307692,30.0,0.813840155945,103.0,19.7957021216,84.0
2016-09-06,1,0,22.0,27.0,0,59.0,66.9230769231,30.0,0.795151515152,103.0,19.9208492963,66.0
2016-09-07,2,0,20.0,24.0,0,61.0,65.9230769231,30.0,0.892813343144,103.0,19.6134237331,67.0
2016-09-08,3,0,22.0,29.0,1,61.0,65.8461538462,30.0,1.06843919252,103.0,19.6070872345,89.0
2016-09-09,4,0,23.0,31.0,1,61.0,66.0,30.0,1.08584005869,103.0,19.7795543234,75.0
2016-09-10,5,1,24.0,29.0,1,62.0,68.9230769231,30.0,1.10951008646,103.0,18.0062448076,39.0
2016-09-11,6,1,23.0,26.0,0,62.0,69.0769230769,30.0,0.972921159837,103.0,17.7394022034,44.0
2016-09-12,0,0,23.0,29.0,1,62.0,66.9230769231,30.0,0.790790790791,103.0,18.9146322621,90.0
2016-09-13,1,0,23.0,30.0,1,62.0,67.7692307692,32.0,0.860696517413,103.0,19.6670511111,72.0
2016-09-14,2,0,22.0,24.0,0,63.0,67.4615384615,32.0,1.03025756439,103.0,19.5669084253,78.0
2016-09-15,3,1,23.0,26.0,0,64.0,67.0,32.0,1.191362621,103.0,19.2393826864,22.0
2016-09-16,4,1,23.0,27.0,0,64.0,62.0,22.0,0.897235263432,103.0,21.6830312953,29.0
2016-09-17,5,1,23.0,27.0,0,64.0,60.5384615385,22.0,0.677165354331,103.0,23.1670036727,40.0
2016-09-18,6,0,23.0,28.0,0,63.0,61.1538461538,22.0,0.476564545693,103.0,22.4973371205,67.0
2016-09-19,0,0,21.0,27.0,0,66.0,59.8461538462,22.0,0.715036803365,103.0,21.6078552449,90.0
2016-09-20,1,0,20.0,26.0,1,66.0,61.6923076923,22.0,1.02684388845,103.0,23.0330351899,76.0
2016-09-21,2,0,20.0,27.0,1,67.0,62.3846153846,22.0,1.21449048736,90.0,23.3156878898,84.0
2016-09-22,3,0,21.0,27.0,1,67.0,62.0,22.0,1.30310138129,90.0,22.9111998141,60.0
2016-09-23,4,0,21.0,27.0,1,67.0,60.8461538462,22.0,1.17145899894,90.0,22.6030840436,84.0
2016-09-24,5,1,22.0,28.0,1,67.0,64.3076923077,22.0,1.1801242236,90.0,22.4375530525,48.0
2016-09-25,6,1,23.0,29.0,1,67.0,64.6153846154,22.0,0.981595092025,90.0,22.1829402974,33.0
2016-09-26,0,0,24.0,31.0,1,67.0,60.2307692308,22.0,0.877893056664,90.0,22.3646487742,87.0
2016-09-27,1,0,25.0,30.0,0,68.0,61.3846153846,22.0,0.879120879121,90.0,23.3090885593,91.0
2016-09-28,2,0,22.0,28.0,0,68.0,62.3846153846,22.0,1.08371854135,91.0,24.2599336087,74.0
2016-09-29,3,0,22.0,25.0,0,70.0,66.3846153846,22.0,1.30943102104,91.0,21.3884888578,61.0
2016-09-30,4,0,23.0,28.0,0,70.0,68.8461538462,22.0,1.18728657736,91.0,18.6045741019,72.0
2016-10-01,5,1,24.0,29.0,0,72.0,71.3076923077,22.0,1.0599078341,91.0,16.6381610272,72.0
2016-10-02,6,1,24.0,32.0,1,72.0,71.6923076923,22.0,1.02756892231,91.0,16.5918636936,72.0
2016-10-03,0,1,22.0,26.0,1,72.0,70.3076923077,22.0,1.09756097561,91.0,15.7352354014,1.0
2016-10-04,1,1,22.0,26.0,1,72.0,64.5384615385,1.0,0.778941713672,91.0,24.110691483,1.0
2016-10-05,2,1,22.0,27.0,1,72.0,58.1538461538,1.0,0.423825887743,91.0,28.6701296014,1.0
2016-10-06,3,1,22.0,26.0,0,72.0,53.6153846154,1.0,0.0174978127734,91.0,32.4405692389,1.0
2016-10-07,4,1,20.0,25.0,0,72.0,47.2307692308,1.0,0.0179372197309,91.0,33.9641300518,1.0
2016-10-08,5,0,17.0,22.0,0,72.0,43.6153846154,1.0,0.0185873605948,91.0,36.122736206,1.0
2016-10-09,6,0,18.0,22.0,1,72.0,41.1538461538,1.0,0.019801980198,91.0,37.8129936028,1.0
2016-10-10,0,0,18.0,22.0,1,72.0,34.5384615385,1.0,0.0217155266015,91.0,36.7205986725,51.0
2016-10-11,1,0,19.0,25.0,1,68.0,31.4615384615,1.0,0.394345238095,91.0,33.384969867,44.0
2016-10-12,2,0,19.0,23.0,1,68.0,29.1538461538,1.0,0.747663551402,91.0,31.3389562289,45.0
2016-10-13,3,0,19.0,23.0,1,68.0,27.9230769231,1.0,1.10978993262,91.0,30.3630887718,35.0
2016-10-14,4,0,19.0,23.0,0,68.0,25.0769230769,1.0,1.04377104377,91.0,27.7168694493,80.0
2016-10-15,5,1,21.0,25.0,1,68.0,25.6923076923,1.0,1.29449838188,91.0,28.8187562199,46.0
2016-10-16,6,1,20.0,26.0,1,67.0,23.6923076923,1.0,1.28235762644,91.0,26.3303995569,28.0
2016-10-17,0,0,20.0,25.0,1,67.0,25.7692307692,1.0,1.31962296487,91.0,25.5106428654,83.0
2016-10-18,1,0,20.0,25.0,1,67.0,32.0769230769,1.0,1.35930735931,91.0,28.5615705732,76.0
2016-10-19,2,0,20.0,24.0,0,67.0,37.8461538462,1.0,1.61485319516,91.0,29.2675881476,72.0
2016-10-20,3,0,20.0,23.0,0,68.0,43.3076923077,1.0,1.96679438059,91.0,28.4966519366,76.0
2016-10-21,4,0,0.0,21.0,0,68.0,49.0769230769,1.0,1.89750105887,91.0,26.8942703033,74.0
2016-10-22,5,1,19.0,23.0,0,68.0,54.6923076923,1.0,1.87579214195,91.0,23.7012969959,31.0
2016-10-23,6,1,18.0,23.0,1,67.0,57.0,1.0,1.61319073084,91.0,19.4382651964,27.0
2016-10-24,0,0,20.0,24.0,1,67.0,55.1538461538,1.0,1.13695090439,91.0,20.9976048226,74.0
2016-10-25,1,0,18.0,22.0,1,67.0,57.4615384615,1.0,1.03896103896,91.0,21.2914406226,95.0
2016-10-26,2,0,19.0,21.0,0,67.0,61.3076923077,1.0,1.38859369465,95.0,23.1296832776,77.0
2016-10-27,3,0,18.0,22.0,0,72.0,64.5384615385,1.0,1.61258603736,95.0,22.1415564202,89.0
2016-10-28,4,0,15.0,20.0,0,72.0,65.2307692308,1.0,1.57466063348,95.0,22.7466103854,96.0
2016-10-29,5,1,13.0,17.0,1,72.0,69.0769230769,1.0,1.45555555556,96.0,23.387904627,56.0
2016-10-30,6,1,14.0,18.0,1,67.0,71.2307692308,1.0,1.2802124834,96.0,20.6328857975,29.0
2016-10-31,0,0,13.0,17.0,0,67.0,67.0769230769,1.0,0.978642876453,96.0,23.1299391015,87.0
