time_stamp,dayofweek,holiday,lt,ht,sunny,m2M,w2A,m1L,d3w3,m1Lar,w2Std,pay_sum
2016-08-01,0,0,29.0,37.0,0,76.0,93.3846153846,56.0,1.08467072496,120.0,13.92583908,80.0
2016-08-02,1,0,29.0,36.0,0,76.0,91.8461538462,56.0,1.07621671258,120.0,14.2118377193,90.0
2016-08-03,2,0,29.0,35.0,0,77.0,91.0769230769,56.0,1.06285504856,120.0,14.0190065404,105.0
2016-08-04,3,0,27.0,34.0,0,78.0,93.3076923077,69.0,0.992600613608,120.0,13.7470814546,80.0
2016-08-05,4,0,27.0,34.0,0,80.0,91.8461538462,69.0,0.986724076067,120.0,14.0704062259,116.0
2016-08-06,5,1,26.0,31.0,0,80.0,93.4615384615,69.0,1.08059594328,120.0,15.4751184144,114.0
2016-08-07,6,1,27.0,31.0,0,81.0,93.3076923077,69.0,1.0975393875,120.0,15.2587156198,96.0
2016-08-08,0,0,27.0,32.0,0,81.0,93.6923076923,69.0,1.14687774846,120.0,15.2587156198,72.0
2016-08-09,1,0,27.0,32.0,0,81.0,93.3846153846,69.0,1.00696304231,120.0,15.6477497106,125.0
2016-08-10,2,0,27.0,33.0,0,84.0,95.7692307692,69.0,1.03241719521,125.0,17.7770545547,97.0
2016-08-11,3,0,27.0,34.0,1,85.0,97.6153846154,69.0,1.0245687402,125.0,16.5182345003,91.0
2016-08-12,4,0,29.0,35.0,0,86.0,98.3846153846,69.0,1.09536307962,125.0,15.9496248402,118.0
2016-08-13,5,1,28.0,36.0,0,87.0,100.307692308,69.0,1.05809128631,125.0,16.6751063444,133.0
2016-08-14,6,1,28.0,36.0,0,88.0,101.307692308,72.0,1.17223650386,133.0,18.1505864088,154.0
2016-08-15,0,0,28.0,35.0,0,89.0,107.0,72.0,1.34462151394,154.0,21.8103715625,128.0
2016-08-16,1,0,28.0,36.0,1,90.0,109.923076923,72.0,1.3430420712,154.0,21.8824184378,154.0
2016-08-17,2,0,28.0,36.0,1,90.0,113.692307692,72.0,1.37106918239,154.0,24.7429387453,100.0
2016-08-18,3,0,29.0,37.0,1,91.0,115.230769231,72.0,1.18615121875,154.0,23.1721113747,131.0
2016-08-19,4,0,29.0,36.0,1,91.0,116.384615385,72.0,1.16825974814,154.0,23.5520322871,127.0
2016-08-20,5,1,28.0,35.0,0,93.0,117.384615385,72.0,1.06977439115,154.0,23.705041533,162.0
2016-08-21,6,1,28.0,36.0,0,94.0,122.461538462,72.0,1.23185217774,162.0,25.5752746722,161.0
2016-08-22,0,0,28.0,33.0,0,94.0,129.307692308,72.0,1.27442650807,162.0,22.9259161897,125.0
2016-08-23,1,0,28.0,34.0,0,95.0,129.307692308,72.0,1.25017441049,162.0,22.9259161897,169.0
2016-08-24,2,0,29.0,35.0,1,95.0,134.846153846,72.0,1.23658105721,169.0,23.1478397525,124.0
2016-08-25,3,0,27.0,36.0,1,95.0,137.384615385,72.0,1.11600587372,169.0,19.7621956953,138.0
2016-08-26,4,0,21.0,26.0,0,96.0,138.923076923,72.0,1.14066428477,169.0,18.9552571902,66.0
2016-08-27,5,1,20.0,23.0,0,96.0,133.769230769,66.0,0.884931876433,169.0,27.1864045382,102.0
2016-08-28,6,1,19.0,29.0,1,97.0,129.769230769,66.0,0.823576907549,169.0,27.7354365004,106.0
2016-08-29,0,0,20.0,30.0,1,99.0,128.076923077,66.0,0.727465817072,169.0,28.4536371569,93.0
2016-08-30,1,0,23.0,31.0,1,97.0,123.384615385,66.0,0.809466182601,169.0,28.8191668634,111.0
2016-08-31,2,0,23.0,26.0,0,99.0,124.230769231,66.0,0.828987832598,169.0,28.27652967,106.0
2016-09-01,3,0,21.0,29.0,1,100.0,122.307692308,66.0,0.824029771398,169.0,28.5990441351,87.0
2016-09-02,4,0,22.0,33.0,1,100.0,119.230769231,66.0,0.818194051945,169.0,30.0439520246,116.0
2016-09-03,5,1,24.0,34.0,1,100.0,115.692307692,66.0,0.837398373984,169.0,27.3900167534,129.0
2016-09-04,6,1,25.0,30.0,1,100.0,113.230769231,66.0,0.908966461328,169.0,24.4922400463,103.0
2016-09-05,0,0,25.0,30.0,1,102.0,111.538461538,66.0,0.96265560166,169.0,24.3803684727,120.0
2016-09-06,1,0,24.0,30.0,1,102.0,107.769230769,66.0,0.987654320988,169.0,18.2130715787,104.0
2016-09-07,2,0,24.0,31.0,1,102.0,106.230769231,66.0,0.915966386555,169.0,17.6118572216,121.0
2016-09-08,3,0,24.0,32.0,1,102.0,104.923076923,66.0,0.970464135021,169.0,15.7356114421,116.0
2016-09-09,4,0,22.0,27.0,0,103.0,108.769230769,66.0,0.963685177335,169.0,11.212313603,110.0
2016-09-10,5,1,20.0,24.0,0,104.0,109.384615385,66.0,1.00274526802,169.0,11.0421462625,132.0
2016-09-11,6,1,21.0,30.0,1,105.0,111.384615385,66.0,1.04770266315,169.0,12.5056200384,137.0
2016-09-12,0,0,23.0,31.0,1,106.0,114.769230769,66.0,1.10334788937,169.0,13.0156937588,100.0
2016-09-13,1,0,24.0,32.0,1,106.0,113.923076923,66.0,1.10760918505,169.0,13.578611793,110.0
2016-09-14,2,0,24.0,31.0,1,106.0,114.230769231,66.0,1.04818003323,169.0,13.4402028725,148.0
2016-09-15,3,1,24.0,29.0,1,106.0,118.923076923,66.0,1.07652984514,169.0,13.7586981633,144.0
2016-09-16,4,1,23.0,28.0,1,110.0,121.076923077,66.0,1.16775599129,169.0,15.2439725211,129.0
2016-09-17,5,1,22.0,30.0,1,110.0,121.076923077,66.0,1.20872810795,169.0,15.2439725211,134.0
2016-09-18,6,0,21.0,30.0,1,111.0,123.461538462,66.0,1.15460992908,169.0,14.6424849962,110.0
2016-09-19,0,0,22.0,30.0,1,111.0,122.692307692,66.0,1.05055625968,169.0,15.0608234292,108.0
2016-09-20,1,0,21.0,25.0,1,111.0,123.0,66.0,0.992667794698,169.0,14.7126319352,91.0
2016-09-21,2,0,20.0,27.0,1,111.0,120.692307692,66.0,0.876968922946,169.0,17.0175683673,121.0
2016-09-22,3,0,20.0,29.0,1,111.0,121.076923077,66.0,0.895230102112,148.0,16.9635878755,101.0
2016-09-23,4,0,22.0,31.0,1,111.0,120.384615385,66.0,0.881193693694,148.0,17.5741876343,126.0
2016-09-24,5,1,24.0,32.0,1,114.0,119.923076923,66.0,0.980972515856,148.0,17.3403111429,150.0
2016-09-25,6,1,25.0,33.0,1,116.0,120.923076923,87.0,1.04201216142,150.0,18.6236472445,157.0
2016-09-26,0,0,26.0,35.0,1,116.0,125.307692308,87.0,1.17871239962,157.0,19.8509236963,106.0
2016-09-27,1,0,22.0,27.0,1,116.0,125.0,87.0,1.12335101319,157.0,20.1150536816,109.0
2016-09-28,2,0,16.0,25.0,0,116.0,122.0,87.0,1.0168101681,157.0,19.3549834569,100.0
2016-09-29,3,0,15.0,17.0,0,116.0,118.615384615,87.0,0.866694180768,157.0,19.0567511217,136.0
2016-09-30,4,0,16.0,18.0,0,116.0,119.153846154,87.0,0.939158840343,157.0,19.4376563713,176.0
2016-10-01,5,1,17.0,19.0,0,116.0,122.384615385,91.0,1.10175157107,176.0,24.474597385,206.0
2016-10-02,6,1,18.0,24.0,1,118.0,129.769230769,91.0,1.34790528233,206.0,32.7182702339,138.0
2016-10-03,0,1,19.0,29.0,1,120.0,132.076923077,91.0,1.33333333333,206.0,32.1545822514,180.0
2016-10-04,1,1,20.0,30.0,1,121.0,138.923076923,91.0,1.30836454432,206.0,32.1545822514,161.0
2016-10-05,2,1,21.0,29.0,1,121.0,142.0,91.0,1.19020996397,206.0,32.2060672736,172.0
2016-10-06,3,1,21.0,27.0,1,124.0,147.461538462,91.0,1.26152711177,206.0,30.7786524037,142.0
2016-10-07,4,1,21.0,28.0,1,125.0,148.692307692,91.0,1.16250611845,206.0,30.2105040708,143.0
2016-10-08,5,0,18.0,25.0,1,125.0,148.153846154,91.0,1.11477009391,206.0,30.2447609038,120.0
2016-10-09,6,0,16.0,24.0,1,125.0,145.307692308,91.0,0.984323733139,206.0,31.009637746,127.0
2016-10-10,0,0,17.0,24.0,1,126.0,146.923076923,91.0,0.941346850109,206.0,29.4264703925,114.0
2016-10-11,1,0,17.0,23.0,1,126.0,147.307692308,91.0,0.864153201676,206.0,28.9572220708,103.0
2016-10-12,2,0,17.0,21.0,1,125.0,147.538461538,91.0,0.828815805325,206.0,28.5889042075,110.0
2016-10-13,3,0,17.0,20.0,1,124.0,145.538461538,91.0,0.78530259366,206.0,30.1907152936,105.0
2016-10-14,4,0,17.0,20.0,1,121.0,140.076923077,91.0,0.769509981851,206.0,30.605332714,139.0
2016-10-15,5,1,18.0,23.0,1,121.0,134.923076923,91.0,0.860058309038,206.0,23.9982740997,173.0
2016-10-16,6,1,18.0,24.0,1,124.0,137.615384615,91.0,1.00724637681,206.0,26.0665965485,154.0
2016-10-17,0,0,19.0,26.0,1,124.0,135.615384615,91.0,1.10636277303,206.0,23.6205206141,112.0
2016-10-18,1,0,20.0,25.0,1,121.0,131.846153846,91.0,1.04114787146,206.0,23.1744094733,118.0
2016-10-19,2,0,20.0,23.0,0,121.0,127.692307692,91.0,0.90491339696,206.0,20.2613106698,113.0
2016-10-20,3,0,19.0,23.0,0,120.0,125.461538462,100.0,0.814920408648,206.0,20.1594237731,121.0
2016-10-21,4,0,19.0,25.0,0,120.0,123.769230769,100.0,0.853023143099,206.0,19.5296770077,189.0
2016-10-22,5,1,18.0,20.0,0,120.0,129.076923077,100.0,1.0314557425,206.0,26.0663695459,181.0
2016-10-23,6,1,15.0,19.0,0,120.0,133.230769231,100.0,1.17873004441,206.0,29.4831212369,161.0
2016-10-24,0,0,14.0,17.0,0,120.0,136.846153846,100.0,1.28353879623,206.0,29.7834392648,137.0
2016-10-25,1,0,14.0,16.0,0,121.0,139.461538462,100.0,1.16800780297,206.0,28.1441765656,107.0
2016-10-26,2,0,14.0,17.0,0,121.0,139.230769231,100.0,1.01161483702,206.0,28.3959743792,118.0
2016-10-27,3,0,14.0,18.0,1,121.0,140.230769231,100.0,0.912413358538,206.0,27.3837510667,132.0
2016-10-28,4,0,11.0,16.0,0,121.0,139.692307692,103.0,0.903568716781,206.0,27.4713406337,152.0
2016-10-29,5,1,10.0,12.0,0,121.0,138.076923077,103.0,1.00525131283,206.0,26.0457040263,174.0
2016-10-30,6,1,11.0,15.0,1,126.0,139.615384615,103.0,1.12544538641,206.0,27.4913649703,150.0
2016-10-31,0,0,11.0,14.0,0,127.0,142.538461538,103.0,1.15435916091,189.0,26.3981799624,113.0
