time_stamp,dayofweek,holiday,lt,ht,sunny,m2M,w2A,m1L,d3w3,m1Lar,w2Std,pay_sum
2016-08-01,0,0,27.0,37.0,1,33.0,26.3076923077,7.0,0.134811915634,225.0,12.3623785077,5.0
2016-08-02,1,0,27.0,35.0,0,33.0,23.9230769231,5.0,0.11170347804,225.0,13.2227166908,3.0
2016-08-03,2,0,26.0,32.0,0,33.0,20.5384615385,3.0,0.0916590284143,225.0,12.4937854374,3.0
2016-08-04,3,0,27.0,33.0,0,33.0,17.9230769231,3.0,0.084388185654,225.0,12.3317073399,3.0
2016-08-05,4,0,26.0,33.0,0,33.0,15.4615384615,3.0,0.0927357032457,225.0,11.862127093,5.0
2016-08-06,5,1,26.0,34.0,0,33.0,13.3076923077,3.0,0.171740827479,225.0,10.9921973402,2.0
2016-08-07,6,1,27.0,35.0,1,33.0,10.3076923077,2.0,0.166666666667,225.0,7.91672635709,3.0
2016-08-08,0,0,26.0,34.0,0,33.0,9.23076923077,2.0,0.182149362477,225.0,7.88527201769,2.0
2016-08-09,1,0,26.0,30.0,0,33.0,7.23076923077,2.0,0.140562248996,225.0,5.92457523507,2.0
2016-08-10,2,0,27.0,35.0,0,33.0,6.15384615385,2.0,0.162601626016,225.0,5.48909623843,4.0
2016-08-11,3,0,27.0,36.0,1,33.0,4.84615384615,2.0,0.209973753281,225.0,3.43838409825,1.0
2016-08-12,4,0,27.0,36.0,1,33.0,3.84615384615,1.0,0.212121212121,225.0,2.34835961884,1.0
2016-08-13,5,1,27.0,35.0,1,33.0,3.15384615385,1.0,0.212765957447,225.0,1.65697378681,1.0
2016-08-14,6,1,28.0,35.0,1,33.0,2.69230769231,1.0,0.135135135135,225.0,1.32343465647,1.0
2016-08-15,0,0,27.0,36.0,1,33.0,2.38461538462,1.0,0.151515151515,47.0,1.21138582677,1.0
2016-08-16,1,0,26.0,36.0,1,33.0,2.23076923077,1.0,0.190476190476,47.0,1.24985206225,1.0
2016-08-17,2,0,28.0,37.0,1,33.0,2.07692307692,1.0,0.222222222222,47.0,1.26864788481,1.0
2016-08-18,3,0,28.0,37.0,1,33.0,1.92307692308,1.0,0.285714285714,47.0,1.26864788481,1.0
2016-08-19,4,0,28.0,38.0,1,33.0,1.61538461538,1.0,0.350877192982,41.0,0.923076923077,1.0
2016-08-20,5,1,27.0,37.0,0,33.0,1.53846153846,1.0,0.416666666667,41.0,0.929465074892,1.0
2016-08-21,6,1,27.0,35.0,0,33.0,1.38461538462,1.0,0.47619047619,41.0,0.835598499323,1.0
2016-08-22,0,0,27.0,36.0,1,33.0,1.30769230769,1.0,0.526315789474,41.0,0.821313711695,1.0
2016-08-23,1,0,27.0,35.0,0,29.0,1.23076923077,1.0,0.555555555556,28.0,0.799408065032,1.0
2016-08-24,2,0,27.0,35.0,1,28.0,1.0,1.0,0.588235294118,28.0,0.0,1.0
2016-08-25,3,0,26.0,35.0,1,21.0,1.0,1.0,0.625,21.0,0.0,1.0
2016-08-26,4,0,25.0,34.0,0,17.0,1.0,1.0,0.714285714286,21.0,0.0,1.0
2016-08-27,5,1,23.0,31.0,1,16.0,1.0,1.0,0.740740740741,14.0,0.0,1.0
2016-08-28,6,1,21.0,31.0,1,14.0,1.0,1.0,0.8,10.0,0.0,1.0
2016-08-29,0,0,21.0,32.0,1,10.0,1.0,1.0,0.833333333333,7.0,0.0,1.0
2016-08-30,1,0,21.0,32.0,1,7.0,1.0,1.0,0.869565217391,5.0,0.0,1.0
2016-08-31,2,0,21.0,33.0,1,5.0,1.0,1.0,1.0,5.0,0.0,1.0
2016-09-01,3,0,23.0,33.0,0,5.0,1.0,1.0,1.0,5.0,0.0,1.0
2016-09-02,4,0,22.0,34.0,1,4.0,1.0,1.0,1.0,5.0,0.0,1.0
2016-09-03,5,1,23.0,35.0,1,3.0,1.0,1.0,1.0,5.0,0.0,1.0
2016-09-04,6,1,24.0,32.0,1,3.0,1.0,1.0,1.0,4.0,0.0,1.0
2016-09-05,0,0,24.0,30.0,0,3.0,1.0,1.0,1.0,4.0,0.0,1.0
2016-09-06,1,0,23.0,28.0,0,3.0,1.0,1.0,1.0,4.0,0.0,1.0
2016-09-07,2,0,21.0,27.0,0,2.0,1.0,1.0,1.0,4.0,0.0,1.0
2016-09-08,3,0,22.0,30.0,1,2.0,1.0,1.0,1.0,4.0,0.0,40.0
2016-09-09,4,0,22.0,29.0,1,2.0,4.0,1.0,4.74576271186,40.0,10.3923048454,55.0
2016-09-10,5,1,22.0,28.0,0,2.0,8.15384615385,1.0,5.66371681416,55.0,17.0332080805,55.0
2016-09-11,6,1,21.0,25.0,0,2.0,12.3076923077,1.0,5.9880239521,55.0,20.9225113046,66.0
2016-09-12,0,0,21.0,27.0,1,2.0,17.3076923077,1.0,5.05747126437,66.0,24.9934902767,85.0
2016-09-13,1,0,21.0,28.0,0,2.0,23.7692307692,1.0,4.34599156118,85.0,30.248086643,61.0
2016-09-14,2,0,21.0,25.0,0,2.0,28.3846153846,1.0,3.75886524823,85.0,30.9901683207,65.0
2016-09-15,3,1,22.0,25.0,0,2.0,33.3076923077,1.0,3.19696969697,85.0,31.3304585529,53.0
2016-09-16,4,1,23.0,27.0,0,2.0,37.3076923077,1.0,2.42547425474,85.0,30.2512164164,93.0
2016-09-17,5,1,22.0,27.0,1,2.0,44.3846153846,1.0,2.40867579909,93.0,31.6581219656,92.0
2016-09-18,6,0,22.0,26.0,0,2.0,51.3846153846,1.0,2.35061728395,93.0,31.3504716233,131.0
2016-09-19,0,0,20.0,27.0,1,2.0,61.3846153846,1.0,2.61697722567,131.0,34.2806033102,90.0
2016-09-20,1,0,19.0,26.0,1,2.0,68.2307692308,1.0,2.33407904549,131.0,30.1793455762,92.0
2016-09-21,2,0,19.0,26.0,1,2.0,75.2307692308,1.0,2.11844331641,131.0,23.6127535492,104.0
2016-09-22,3,0,20.0,27.0,1,2.0,80.1538461538,1.0,1.75245098039,131.0,22.3945259584,125.0
2016-09-23,4,0,20.0,29.0,1,2.0,85.5384615385,1.0,1.76567656766,131.0,24.0531954845,129.0
2016-09-24,5,1,21.0,30.0,1,2.0,91.2307692308,1.0,1.78109452736,131.0,24.8940952101,152.0
2016-09-25,6,1,21.0,30.0,1,2.0,97.8461538462,1.0,1.81533646322,152.0,28.4789967246,114.0
2016-09-26,0,0,24.0,31.0,1,2.0,100.076923077,1.0,1.64172901081,152.0,28.521143408,123.0
2016-09-27,1,0,23.0,28.0,0,2.0,104.846153846,1.0,1.50251062186,152.0,26.7145772763,116.0
2016-09-28,2,0,22.0,28.0,0,2.0,108.769230769,1.0,1.27829078399,152.0,24.201569708,63.0
2016-09-29,3,0,22.0,25.0,0,2.0,109.538461538,1.0,1.08011444921,152.0,22.5170546804,73.0
2016-09-30,4,0,22.0,29.0,0,2.0,108.0,1.0,0.892667375133,152.0,24.2137913658,100.0
2016-10-01,5,1,23.0,30.0,0,2.0,108.615384615,1.0,0.816467739145,152.0,23.8989490002,72.0
2016-10-02,6,1,22.0,30.0,1,2.0,104.076923077,1.0,0.844973271254,152.0,24.8021758923,54.0
2016-10-03,0,1,21.0,27.0,0,2.0,101.307692308,1.0,0.792148615492,152.0,28.0202800606,58.0
2016-10-04,1,1,20.0,27.0,1,2.0,98.6923076923,1.0,0.645954010883,152.0,30.2639277927,67.0
2016-10-05,2,1,21.0,27.0,1,2.0,95.8461538462,1.0,0.627739786078,152.0,31.3512265834,81.0
2016-10-06,3,1,22.0,27.0,0,2.0,92.4615384615,1.0,0.71194055642,152.0,30.3812072091,81.0
2016-10-07,4,1,20.0,23.0,0,4.0,88.7692307692,40.0,0.796383237698,152.0,28.57958886,106.0
2016-10-08,5,0,17.0,22.0,0,40.0,85.2307692308,53.0,0.925254617642,152.0,22.793905549,139.0
2016-10-09,6,0,16.0,22.0,1,53.0,87.1538461538,53.0,1.1208526732,152.0,25.9729034953,153.0
2016-10-10,0,0,15.0,21.0,1,54.0,89.4615384615,53.0,1.32534132534,153.0,30.0656087316,131.0
2016-10-11,1,0,17.0,23.0,1,55.0,90.6153846154,53.0,1.38167564919,153.0,31.3234698479,116.0
2016-10-12,2,0,18.0,25.0,1,55.0,94.6923076923,53.0,1.29891216107,153.0,30.9102537515,144.0
2016-10-13,3,0,18.0,23.0,1,58.0,100.153846154,53.0,1.25804375804,153.0,32.8091126034,126.0
2016-10-14,4,0,19.0,22.0,0,61.0,102.153846154,53.0,1.24375704849,153.0,33.5234617128,156.0
2016-10-15,5,1,20.0,23.0,0,63.0,108.615384615,54.0,1.36999517607,156.0,35.1448397822,141.0
2016-10-16,6,1,20.0,26.0,0,65.0,115.307692308,54.0,1.34285714286,156.0,32.2737917378,196.0
2016-10-17,0,0,20.0,24.0,0,66.0,125.923076923,54.0,1.51250191747,196.0,34.3095894612,178.0
2016-10-18,1,0,20.0,24.0,0,67.0,134.461538462,54.0,1.53616703952,196.0,32.3386298759,99.0
2016-10-19,2,0,20.0,24.0,0,72.0,135.846153846,54.0,1.38852194334,196.0,30.343789515,132.0
2016-10-20,3,0,21.0,25.0,0,73.0,139.769230769,54.0,1.17024320458,196.0,25.9826979299,164.0
2016-10-21,4,0,21.0,25.0,0,81.0,144.230769231,54.0,1.0999721526,196.0,24.7515464821,151.0
2016-10-22,5,1,20.0,23.0,0,81.0,145.153846154,54.0,1.20501415285,196.0,24.7630188101,122.0
2016-10-23,6,1,17.0,23.0,0,85.0,142.769230769,54.0,1.14653023744,196.0,25.3776214141,159.0
2016-10-24,0,0,19.0,24.0,1,90.0,144.923076923,54.0,1.09008327025,196.0,25.475362271,190.0
2016-10-25,1,0,19.0,23.0,1,92.0,150.615384615,54.0,1.1356238698,196.0,26.6184969279,148.0
2016-10-26,2,0,19.0,24.0,0,92.0,150.923076923,54.0,1.16996233522,196.0,26.5633105515,146.0
2016-10-27,3,0,18.0,24.0,0,93.0,152.461538462,54.0,1.1137958808,196.0,25.6383588357,150.0
2016-10-28,4,0,15.0,19.0,0,99.0,152.0,54.0,1.00646038762,196.0,25.6245075,136.0
2016-10-29,5,1,12.0,15.0,0,100.0,151.615384615,54.0,0.980258679374,196.0,25.8234790647,116.0
2016-10-30,6,1,14.0,18.0,1,104.0,145.461538462,54.0,0.92381937263,196.0,23.9795277576,150.0
2016-10-31,0,0,12.0,17.0,0,106.0,143.307692308,54.0,0.917808219178,196.0,22.1477021395,127.0
