time_stamp,dayofweek,holiday,lt,ht,sunny,m2M,w2A,m1L,d3w3,m1Lar,w2Std,pay_sum
2016-08-01,0,0,26.0,35.0,0,103.0,123.384615385,78.0,1.01855614249,153.0,12.5302002043,108.0
2016-08-02,1,0,25.0,33.0,0,104.0,122.307692308,78.0,0.99782490484,153.0,13.1873168402,98.0
2016-08-03,2,0,25.0,34.0,0,104.0,121.461538462,78.0,0.932728023112,153.0,14.3184409584,136.0
2016-08-04,3,0,26.0,36.0,0,105.0,123.846153846,78.0,0.932134096484,153.0,13.9551267329,126.0
2016-08-05,4,0,25.0,35.0,1,105.0,121.769230769,78.0,0.980392156863,153.0,11.1985840187,158.0
2016-08-06,5,1,25.0,36.0,0,108.0,123.615384615,98.0,1.12903225806,158.0,14.5419206304,141.0
2016-08-07,6,1,25.0,34.0,0,109.0,124.076923077,98.0,1.13971574149,158.0,14.9844100444,167.0
2016-08-08,0,0,25.0,35.0,0,111.0,127.615384615,98.0,1.22406094037,167.0,18.7884516967,129.0
2016-08-09,1,0,25.0,34.0,0,112.0,128.692307692,98.0,1.14472822528,167.0,18.4323487188,180.0
2016-08-10,2,0,26.0,35.0,1,113.0,133.076923077,98.0,1.2130479103,180.0,22.8151823218,129.0
2016-08-11,3,0,26.0,34.0,0,115.0,134.461538462,98.0,1.10606060606,180.0,21.9636601427,139.0
2016-08-12,4,0,26.0,34.0,0,115.0,136.153846154,98.0,1.13734450368,180.0,21.3931914181,127.0
2016-08-13,5,1,26.0,35.0,0,115.0,136.230769231,98.0,1.00547282678,180.0,21.3583125455,333.0
2016-08-14,6,1,25.0,35.0,1,115.0,151.615384615,98.0,1.4175837179,333.0,56.5420720982,161.0
2016-08-15,0,0,25.0,36.0,1,117.0,155.692307692,98.0,1.44907245362,333.0,55.1437068247,132.0
2016-08-16,1,0,25.0,36.0,1,117.0,158.307692308,98.0,1.45209928091,333.0,53.1143680625,151.0
2016-08-17,2,0,25.0,35.0,1,118.0,159.461538462,98.0,1.0199862164,333.0,52.7790975301,125.0
2016-08-18,3,0,25.0,35.0,1,121.0,159.384615385,98.0,0.932784636488,333.0,52.8285156994,131.0
2016-08-19,4,0,26.0,36.0,1,121.0,157.307692308,98.0,0.926052332196,333.0,53.3700933474,123.0
2016-08-20,5,1,26.0,35.0,0,122.0,155.923076923,98.0,0.863227422845,333.0,54.0049307414,162.0
2016-08-21,6,1,26.0,36.0,1,123.0,155.538461538,98.0,0.938204781236,333.0,53.942441382,189.0
2016-08-22,0,0,26.0,36.0,1,123.0,160.153846154,98.0,1.04050049391,333.0,54.0410757649,96.0
2016-08-23,1,0,26.0,37.0,1,123.0,153.692307692,96.0,0.981878088962,333.0,56.2581749484,143.0
2016-08-24,2,0,26.0,37.0,1,123.0,154.769230769,96.0,0.937979399518,333.0,55.9081029577,148.0
2016-08-25,3,0,26.0,36.0,0,124.0,155.461538462,96.0,0.842036553525,333.0,55.7640846432,146.0
2016-08-26,4,0,26.0,37.0,0,125.0,156.923076923,96.0,0.954565312363,333.0,55.2455519107,160.0
2016-08-27,5,1,24.0,34.0,0,126.0,143.615384615,96.0,0.98556387713,333.0,22.1551815837,202.0
2016-08-28,6,1,21.0,32.0,1,126.0,146.769230769,96.0,1.09036273879,333.0,26.8303899056,181.0
2016-08-29,0,0,21.0,33.0,1,126.0,150.538461538,96.0,1.1462951235,333.0,27.9108894785,187.0
2016-08-30,1,0,20.0,34.0,1,127.0,153.307692308,96.0,1.20063191153,333.0,29.5566850837,158.0
2016-08-31,2,0,23.0,33.0,1,127.0,155.846153846,96.0,1.09789188061,333.0,28.4113903319,168.0
2016-09-01,3,0,24.0,27.0,0,129.0,158.692307692,96.0,1.06112317716,333.0,27.6221333086,97.0
2016-09-02,4,0,24.0,31.0,0,129.0,156.692307692,96.0,0.883181960539,333.0,30.8828670834,183.0
2016-09-03,5,1,23.0,33.0,1,129.0,158.307692308,96.0,0.981487567094,333.0,31.6577481472,176.0
2016-09-04,6,1,23.0,34.0,1,131.0,157.307692308,96.0,0.994113799869,333.0,30.8679186595,161.0
2016-09-05,0,0,24.0,34.0,1,132.0,162.307692308,96.0,1.12298887809,333.0,25.2933089826,145.0
2016-09-06,1,0,24.0,32.0,0,133.0,162.461538462,96.0,1.0429514227,333.0,25.1812365573,125.0
2016-09-07,2,0,24.0,32.0,0,133.0,160.692307692,96.0,0.932597641458,333.0,26.8854682378,108.0
2016-09-08,3,0,24.0,34.0,0,132.0,157.769230769,96.0,0.824068018313,333.0,30.1869912027,139.0
2016-09-09,4,0,24.0,32.0,1,133.0,156.153846154,96.0,0.806766428107,333.0,30.5836712437,144.0
2016-09-10,5,1,23.0,30.0,0,134.0,151.692307692,96.0,0.852966841187,333.0,27.6610935191,146.0
2016-09-11,6,1,23.0,27.0,0,135.0,149.0,96.0,0.949220046465,333.0,26.3497190176,130.0
2016-09-12,0,0,23.0,28.0,1,135.0,144.615384615,96.0,0.918936659009,202.0,24.3264290008,108.0
2016-09-13,1,0,23.0,32.0,1,135.0,140.769230769,96.0,0.849933598938,202.0,25.8133949907,90.0
2016-09-14,2,0,24.0,31.0,1,135.0,134.769230769,90.0,0.740239223652,202.0,27.7770072214,144.0
2016-09-15,3,1,24.0,26.0,0,135.0,138.384615385,90.0,0.772357723577,202.0,25.5990939189,157.0
2016-09-16,4,1,23.0,30.0,0,136.0,136.384615385,90.0,0.883915451566,202.0,22.9096501721,131.0
2016-09-17,5,1,23.0,31.0,1,136.0,132.923076923,90.0,1.00069492703,202.0,19.8589702207,183.0
2016-09-18,6,0,20.0,31.0,1,139.0,134.615384615,90.0,1.09027777778,202.0,22.8861344034,113.0
2016-09-19,0,0,19.0,30.0,1,139.0,132.153846154,90.0,1.01449275362,202.0,23.3529644102,88.0
2016-09-20,1,0,20.0,29.0,1,136.0,129.307692308,88.0,0.93567251462,202.0,26.1398152409,107.0
2016-09-21,2,0,20.0,30.0,1,136.0,129.230769231,88.0,0.767601246106,202.0,26.2037984509,98.0
2016-09-22,3,0,20.0,30.0,1,136.0,126.076923077,88.0,0.729945191829,202.0,27.2833043861,117.0
2016-09-23,4,0,20.0,31.0,1,136.0,124.0,88.0,0.822477650064,202.0,26.864331514,130.0
2016-09-24,5,1,20.0,32.0,1,136.0,122.769230769,88.0,0.897035881435,202.0,26.1861791091,140.0
2016-09-25,6,1,21.0,34.0,1,139.0,123.538461538,88.0,1.0145497444,202.0,26.5318832427,129.0
2016-09-26,0,0,24.0,34.0,1,139.0,125.153846154,88.0,1.05263157895,187.0,26.1735220106,109.0
2016-09-27,1,0,25.0,33.0,0,139.0,126.615384615,88.0,1.00358422939,187.0,24.6562161347,103.0
2016-09-28,2,0,25.0,27.0,0,139.0,123.461538462,88.0,0.907156158553,183.0,24.8522259787,89.0
2016-09-29,3,0,24.0,29.0,0,139.0,118.230769231,88.0,0.817046688382,183.0,24.3946836773,120.0
2016-09-30,4,0,24.0,29.0,0,139.0,117.384615385,88.0,0.855263157895,183.0,24.1263930217,138.0
2016-10-01,5,1,23.0,31.0,0,139.0,113.923076923,88.0,0.954345434543,183.0,16.4805784927,256.0
2016-10-02,6,1,24.0,32.0,0,139.0,124.923076923,88.0,1.34379084967,256.0,41.2710767384,290.0
2016-10-03,0,1,23.0,30.0,0,140.0,140.461538462,88.0,1.66910688141,290.0,58.7636928522,274.0
2016-10-04,1,1,23.0,31.0,1,140.0,153.307692308,88.0,1.87471422039,290.0,67.6295163319,190.0
2016-10-05,2,1,23.0,30.0,0,140.0,160.384615385,88.0,1.69705154175,290.0,66.2716303865,225.0
2016-10-06,3,1,23.0,29.0,1,140.0,168.692307692,88.0,1.51595159516,290.0,67.0767466476,168.0
2016-10-07,4,1,23.0,29.0,0,143.0,171.615384615,88.0,1.2672535594,290.0,66.1484792098,178.0
2016-10-08,5,0,20.0,28.0,0,143.0,174.538461538,88.0,1.24319616808,290.0,65.5234724644,133.0
2016-10-09,6,0,19.0,25.0,1,143.0,174.846153846,88.0,1.03612372918,290.0,65.3179750897,95.0
2016-10-10,0,0,19.0,21.0,0,143.0,173.769230769,88.0,0.876227473832,290.0,66.4994549962,79.0
2016-10-11,1,0,18.0,21.0,0,143.0,171.923076923,79.0,0.668626810411,290.0,68.7341159703,92.0
2016-10-12,2,0,19.0,22.0,0,140.0,172.153846154,79.0,0.580469176214,290.0,68.4598098312,109.0
2016-10-13,3,0,19.0,27.0,1,139.0,171.307692308,79.0,0.612624439339,290.0,69.1635571174,104.0
2016-10-14,4,0,20.0,29.0,1,139.0,168.692307692,79.0,0.673066313583,290.0,70.9922906057,104.0
2016-10-15,5,1,21.0,29.0,1,138.0,157.0,79.0,0.707984366276,290.0,68.1085107073,131.0
2016-10-16,6,1,23.0,30.0,1,138.0,144.769230769,79.0,0.75661198527,290.0,56.395790686,121.0
2016-10-17,0,0,23.0,30.0,1,138.0,133.0,79.0,0.791374902745,290.0,42.4354713744,110.0
2016-10-18,1,0,23.0,27.0,0,138.0,126.846153846,79.0,0.802838766911,290.0,39.4166035961,89.0
2016-10-19,2,0,22.0,26.0,0,133.0,116.384615385,79.0,0.709691727656,290.0,28.5186537106,123.0
2016-10-20,3,0,24.0,30.0,1,131.0,112.923076923,79.0,0.713415309627,290.0,24.4900656106,93.0
2016-10-21,4,0,25.0,31.0,0,131.0,106.384615385,79.0,0.686009896536,290.0,16.1794668617,115.0
2016-10-22,5,1,22.0,27.0,0,131.0,105.0,79.0,0.781674341717,290.0,14.5284866066,148.0
2016-10-23,6,1,22.0,28.0,1,131.0,109.076923077,79.0,0.88524182519,290.0,18.1381940347,134.0
2016-10-24,0,0,21.0,28.0,1,131.0,113.307692308,79.0,1.04158467795,290.0,17.0085255336,95.0
2016-10-25,1,0,23.0,29.0,1,130.0,113.538461538,79.0,1.02752793677,290.0,16.736029235,83.0
2016-10-26,2,0,23.0,31.0,1,130.0,111.538461538,79.0,0.902777777778,290.0,18.6077543167,99.0
2016-10-27,3,0,23.0,33.0,1,129.0,111.153846154,79.0,0.82624906786,290.0,18.8101697283,103.0
2016-10-28,4,0,20.0,32.0,1,125.0,111.076923077,79.0,0.87962962963,290.0,18.8412866556,97.0
2016-10-29,5,1,17.0,25.0,0,123.0,108.461538462,79.0,0.938480853735,290.0,18.2445582387,140.0
2016-10-30,6,1,16.0,23.0,1,123.0,109.923076923,79.0,1.04502843092,290.0,19.8783281237,132.0
2016-10-31,0,0,18.0,25.0,1,125.0,111.615384615,79.0,1.10711071107,290.0,20.7310189795,71.0
