time_stamp,dayofweek,holiday,lt,ht,sunny,m2M,w2A,m1L,d3w3,m1Lar,w2Std,pay_sum
2016-08-01,0,0,28.0,36.0,1,64.0,60.5384615385,5.0,1.06515274398,86.0,14.0527324724,44.0
2016-08-02,1,0,27.0,36.0,0,64.0,59.3076923077,5.0,0.836030204962,86.0,14.7303173259,42.0
2016-08-03,2,0,26.0,32.0,0,63.0,56.7692307692,5.0,0.713893465129,86.0,14.6505649466,48.0
2016-08-04,3,0,26.0,33.0,0,62.0,55.1538461538,5.0,0.753232152895,86.0,14.3679459152,49.0
2016-08-05,4,0,27.0,33.0,0,62.0,54.6153846154,5.0,0.789997158284,86.0,14.4570369426,59.0
2016-08-06,5,1,26.0,33.0,0,62.0,52.7692307692,5.0,0.886615515772,86.0,12.0457706983,45.0
2016-08-07,6,1,27.0,35.0,1,62.0,52.6153846154,5.0,0.883882149047,86.0,12.1309423918,101.0
2016-08-08,0,0,27.0,34.0,0,62.0,56.0769230769,41.0,1.16312056738,101.0,17.7307275154,73.0
2016-08-09,1,0,27.0,34.0,1,62.0,58.3076923077,41.0,1.22895622896,101.0,17.8944968566,65.0
2016-08-10,2,0,28.0,35.0,1,62.0,60.0,41.0,1.35257498585,101.0,17.40026525,58.0
2016-08-11,3,0,28.0,35.0,1,62.0,60.0769230769,42.0,1.1196800914,101.0,17.3890396004,55.0
2016-08-12,4,0,28.0,36.0,1,62.0,57.6923076923,42.0,1.01772441395,101.0,15.7156688856,48.0
2016-08-13,5,1,28.0,36.0,1,62.0,56.2307692308,42.0,0.949012673151,101.0,15.6655125682,72.0
2016-08-14,6,1,28.0,37.0,1,62.0,58.3846153846,42.0,1.0092272203,101.0,15.7604102911,74.0
2016-08-15,0,0,27.0,36.0,1,62.0,60.6923076923,42.0,1.1016467916,101.0,15.6813687363,72.0
2016-08-16,1,0,27.0,36.0,1,62.0,63.0,42.0,1.20909595119,101.0,14.9512026787,83.0
2016-08-17,2,0,27.0,36.0,1,62.0,65.6923076923,42.0,1.22920021471,101.0,15.1575551884,52.0
2016-08-18,3,0,28.0,36.0,1,60.0,65.9230769231,42.0,1.11560226354,101.0,14.9226804071,84.0
2016-08-19,4,0,29.0,37.0,1,60.0,67.8461538462,42.0,1.18218623482,101.0,15.5060591326,68.0
2016-08-20,5,1,28.0,37.0,0,62.0,69.6153846154,42.0,1.1003236246,101.0,14.0413590266,102.0
2016-08-21,6,1,28.0,35.0,0,62.0,69.6923076923,42.0,1.30860381247,102.0,14.2147519007,73.0
2016-08-22,0,0,27.0,35.0,1,62.0,69.6923076923,42.0,1.22448979592,102.0,14.2147519007,108.0
2016-08-23,1,0,26.0,35.0,1,64.0,73.0,42.0,1.35829133669,108.0,17.3869977946,116.0
2016-08-24,2,0,25.0,34.0,1,64.0,77.4615384615,42.0,1.35895676047,116.0,20.1823052149,89.0
2016-08-25,3,0,26.0,35.0,1,64.0,80.0769230769,42.0,1.39389890893,116.0,19.2851538693,72.0
2016-08-26,4,0,24.0,32.0,0,64.0,81.9230769231,42.0,1.2229580574,116.0,17.1574677102,61.0
2016-08-27,5,1,23.0,30.0,1,64.0,81.0769230769,42.0,0.969855832241,116.0,17.8819270105,62.0
2016-08-28,6,1,20.0,31.0,1,62.0,80.1538461538,42.0,0.874243443174,116.0,18.5216968563,85.0
2016-08-29,0,0,20.0,32.0,1,62.0,81.1538461538,42.0,0.925061151879,116.0,18.4050417584,75.0
2016-08-30,1,0,21.0,31.0,1,62.0,80.5384615385,42.0,0.980781974818,116.0,18.4666659546,91.0
2016-08-31,2,0,23.0,33.0,1,62.0,83.5384615385,42.0,1.08517077389,116.0,16.6669427985,93.0
2016-09-01,3,0,24.0,33.0,1,64.0,84.2307692308,45.0,1.09282700422,116.0,16.8575655061,103.0
2016-09-02,4,0,24.0,34.0,1,64.0,86.9230769231,45.0,1.17023445464,116.0,16.8452757059,133.0
2016-09-03,5,1,22.0,34.0,1,64.0,89.3076923077,45.0,1.29323899371,133.0,20.5889612522,174.0
2016-09-04,6,1,23.0,32.0,1,65.0,97.0769230769,45.0,1.52190051967,174.0,29.9138803348,196.0
2016-09-05,0,0,24.0,32.0,1,65.0,103.846153846,48.0,1.74652777778,196.0,39.9072890081,149.0
2016-09-06,1,0,21.0,26.0,0,67.0,106.384615385,48.0,1.74219536757,196.0,41.6127540758,86.0
2016-09-07,2,0,21.0,25.0,0,68.0,106.153846154,48.0,1.42244224422,196.0,41.7167115635,63.0
2016-09-08,3,0,21.0,30.0,1,68.0,105.461538462,48.0,0.993830248458,196.0,42.3476734165,53.0
2016-09-09,4,0,22.0,32.0,1,68.0,104.846153846,48.0,0.67876344086,196.0,43.041743877,62.0
2016-09-10,5,1,23.0,29.0,1,68.0,104.846153846,48.0,0.610425240055,196.0,43.041743877,83.0
2016-09-11,6,1,21.0,28.0,1,69.0,104.692307692,52.0,0.675537359263,196.0,43.1159164175,77.0
2016-09-12,0,0,21.0,29.0,1,69.0,104.846153846,52.0,0.769630785231,196.0,43.0131395915,45.0
2016-09-13,1,0,21.0,30.0,1,69.0,101.307692308,45.0,0.737940964723,196.0,45.8079345082,53.0
2016-09-14,2,0,21.0,24.0,0,69.0,98.2307692308,45.0,0.642437591777,196.0,47.5720568371,15.0
2016-09-15,3,1,21.0,25.0,0,69.0,91.4615384615,15.0,0.428273640326,196.0,52.4252073612,3.0
2016-09-16,4,1,22.0,25.0,0,68.0,81.4615384615,3.0,0.278267685675,196.0,55.8357693248,1.0
2016-09-17,5,1,21.0,27.0,1,68.0,68.1538461538,1.0,0.0772357723577,196.0,52.724021899,1.0
2016-09-18,6,0,21.0,27.0,1,67.0,53.1538461538,1.0,0.0214224507284,196.0,40.5516691373,1.0
2016-09-19,0,0,20.0,26.0,1,65.0,41.7692307692,1.0,0.0134952766532,196.0,31.8968381509,1.0
2016-09-20,1,0,19.0,26.0,1,65.0,35.2307692308,1.0,0.014367816092,196.0,30.8548807912,2.0
2016-09-21,2,0,18.0,26.0,1,63.0,30.5384615385,1.0,0.0204970535486,196.0,30.9133164849,17.0
2016-09-22,3,0,17.0,27.0,1,63.0,27.7692307692,1.0,0.109739368999,196.0,30.3851022356,21.0
2016-09-23,4,0,19.0,27.0,1,63.0,24.6153846154,1.0,0.241764883651,196.0,28.7523603353,38.0
2016-09-24,5,1,19.0,28.0,1,63.0,21.1538461538,1.0,0.523957256119,196.0,23.7967229607,62.0
2016-09-25,6,1,21.0,29.0,1,63.0,20.0,1.0,0.968387354942,196.0,21.2928301403,48.0
2016-09-26,0,0,23.0,30.0,1,63.0,20.2307692308,1.0,1.34790528233,196.0,21.5768887974,43.0
2016-09-27,1,0,23.0,30.0,1,62.0,19.4615384615,1.0,1.48040638607,196.0,20.5486865933,2.0
2016-09-28,2,0,21.0,26.0,0,62.0,18.4615384615,1.0,0.987261146497,196.0,21.05164121,2.0
2016-09-29,3,0,20.0,23.0,0,62.0,18.3846153846,1.0,0.54303870595,196.0,21.1097442376,19.0
2016-09-30,4,0,21.0,24.0,0,62.0,19.7692307692,1.0,0.287141073658,196.0,20.5057359561,42.0
2016-10-01,5,1,22.0,25.0,0,62.0,22.9230769231,1.0,0.851926977688,196.0,20.5293843381,38.0
2016-10-02,6,1,21.0,30.0,0,62.0,25.7692307692,1.0,1.45374449339,196.0,19.8461538462,52.0
2016-10-03,0,1,19.0,25.0,1,62.0,29.6923076923,1.0,1.90889370933,196.0,19.601352447,57.0
2016-10-04,1,1,21.0,27.0,1,62.0,33.9230769231,1.0,2.10752688172,149.0,19.0967638759,64.0
2016-10-05,2,1,20.0,28.0,1,62.0,37.5384615385,1.0,2.24383916991,86.0,19.979279207,77.0
2016-10-06,3,1,20.0,25.0,1,62.0,41.8461538462,1.0,2.24489795918,83.0,21.8943131143,46.0
2016-10-07,4,1,18.0,22.0,0,62.0,42.4615384615,1.0,1.96945760927,83.0,21.8899885252,62.0
2016-10-08,5,0,16.0,23.0,1,62.0,42.4615384615,1.0,1.77713736792,83.0,21.8899885252,49.0
2016-10-09,6,0,14.0,21.0,1,62.0,42.5384615385,1.0,1.41060197664,83.0,21.9110628349,36.0
2016-10-10,0,0,15.0,22.0,1,62.0,42.0,1.0,1.26126126126,77.0,21.9790109668,32.0
2016-10-11,1,0,17.0,23.0,1,62.0,44.3076923077,1.0,0.966542750929,77.0,19.0359361184,37.0
2016-10-12,2,0,17.0,22.0,1,62.0,47.0,1.0,0.846432889964,77.0,14.8841681507,43.0
2016-10-13,3,0,17.0,20.0,1,61.0,48.8461538462,1.0,0.879466038477,77.0,12.611631712,41.0
2016-10-14,4,0,18.0,21.0,1,57.0,48.7692307692,1.0,0.946791862285,77.0,12.6561255838,36.0
2016-10-15,5,1,19.0,21.0,0,53.0,48.6153846154,1.0,0.968523002421,77.0,12.7974664652,79.0
2016-10-16,6,1,18.0,25.0,1,57.0,50.6923076923,1.0,1.21353558926,79.0,15.1524794386,48.0
2016-10-17,0,0,18.0,25.0,1,53.0,50.0,1.0,1.26063418407,79.0,15.0537498523,53.0
2016-10-18,1,0,18.0,24.0,1,53.0,49.1538461538,1.0,1.3143483023,79.0,14.5435481537,35.0
2016-10-19,2,0,19.0,22.0,0,53.0,45.9230769231,2.0,0.958421423538,79.0,12.5235872132,43.0
2016-10-20,3,0,19.0,22.0,0,52.0,45.6923076923,2.0,0.900343642612,79.0,12.5476606179,10.0
2016-10-21,4,0,20.0,22.0,0,49.0,41.6923076923,2.0,0.625444207534,79.0,14.7980488079,7.0
2016-10-22,5,1,19.0,22.0,0,48.0,38.4615384615,2.0,0.441014332966,79.0,17.2342029546,92.0
2016-10-23,6,1,16.0,22.0,1,48.0,42.7692307692,2.0,0.767335445266,92.0,22.3267822827,51.0
2016-10-24,0,0,17.0,23.0,1,48.0,44.2307692308,2.0,1.06269925611,92.0,22.195473711,65.0
2016-10-25,1,0,16.0,19.0,1,48.0,46.3846153846,2.0,1.4720452937,92.0,22.7411469217,39.0
2016-10-26,2,0,17.0,20.0,0,48.0,46.0769230769,2.0,1.14306784661,92.0,22.8118104986,32.0
2016-10-27,3,0,16.0,19.0,0,46.0,45.3846153846,2.0,1.01872659176,92.0,23.0902525606,52.0
2016-10-28,4,0,14.0,18.0,0,46.0,46.6153846154,7.0,0.931818181818,92.0,22.9834002356,60.0
2016-10-29,5,1,9.0,13.0,0,46.0,45.1538461538,7.0,1.07744107744,92.0,21.4291180545,128.0
2016-10-30,6,1,13.0,18.0,1,46.0,51.3076923077,7.0,1.62767039674,128.0,30.8005609724,78.0
2016-10-31,0,0,11.0,16.0,0,46.0,53.2307692308,7.0,1.72335600907,128.0,31.6158525138,43.0
