time_stamp,dayofweek,holiday,lt,ht,sunny,m2M,w2A,m1L,d3w3,m1Lar,w2Std,pay_sum
2016-08-01,0,0,28.0,35.0,1,69.0,71.7692307692,46.0,1.1429904362,118.0,11.7483474855,69.0
2016-08-02,1,0,29.0,36.0,0,69.0,71.2307692308,46.0,1.10726643599,103.0,11.7024247728,73.0
2016-08-03,2,0,26.0,32.0,0,69.0,71.5384615385,46.0,1.04267589389,103.0,11.6923076923,83.0
2016-08-04,3,0,27.0,34.0,0,69.0,72.9230769231,46.0,1.03021978022,103.0,11.8999776242,78.0
2016-08-05,4,0,27.0,34.0,0,70.0,72.3076923077,46.0,1.07069320522,103.0,11.404348802,83.0
2016-08-06,5,1,27.0,34.0,0,72.0,72.1538461538,53.0,1.12572087659,103.0,11.2444595167,93.0
2016-08-07,6,1,27.0,34.0,1,72.0,73.2307692308,53.0,1.15349682107,103.0,12.4539388033,108.0
2016-08-08,0,0,27.0,32.0,0,72.0,77.2307692308,53.0,1.24561403509,108.0,14.4656295359,74.0
2016-08-09,1,0,27.0,30.0,0,73.0,78.6923076923,53.0,1.2077294686,108.0,13.0347737013,121.0
2016-08-10,2,0,27.0,35.0,1,73.0,83.7692307692,53.0,1.28662420382,121.0,15.4479465708,76.0
2016-08-11,3,0,28.0,34.0,0,73.0,84.8461538462,55.0,1.14273666456,121.0,14.341151943,59.0
2016-08-12,4,0,28.0,35.0,1,73.0,83.6923076923,55.0,1.09824109824,121.0,15.7058764866,74.0
2016-08-13,5,1,28.0,35.0,1,74.0,82.6923076923,55.0,0.903002808382,121.0,15.8763714871,77.0
2016-08-14,6,1,28.0,35.0,1,74.0,82.1538461538,55.0,0.908500973394,121.0,15.9414609592,96.0
2016-08-15,0,0,29.0,35.0,1,74.0,84.2307692308,55.0,1.04153489353,121.0,15.8510074718,75.0
2016-08-16,1,0,29.0,36.0,1,75.0,84.3846153846,55.0,1.03268790339,121.0,15.7506457086,72.0
2016-08-17,2,0,29.0,35.0,1,74.0,83.5384615385,55.0,1.00123609394,121.0,16.0940284416,81.0
2016-08-18,3,0,29.0,36.0,1,74.0,83.7692307692,55.0,0.928527794746,121.0,16.0343566044,59.0
2016-08-19,4,0,29.0,38.0,1,74.0,81.9230769231,55.0,0.871352240033,121.0,17.3447466596,80.0
2016-08-20,5,1,29.0,37.0,0,75.0,80.9230769231,55.0,0.908152734778,121.0,17.0495275751,103.0
2016-08-21,6,1,28.0,34.0,0,75.0,80.5384615385,55.0,0.987352101183,121.0,16.4812965538,94.0
2016-08-22,0,0,29.0,35.0,1,76.0,82.0769230769,55.0,1.11312035363,121.0,16.730725022,64.0
2016-08-23,1,0,27.0,33.0,0,75.0,77.6923076923,55.0,1.05454545455,121.0,13.0111467914,80.0
2016-08-24,2,0,27.0,35.0,1,75.0,78.0,55.0,0.963367739324,121.0,13.0147844924,84.0
2016-08-25,3,0,27.0,35.0,1,75.0,79.9230769231,55.0,0.919540229885,121.0,11.8611293953,82.0
2016-08-26,4,0,25.0,34.0,0,76.0,80.5384615385,59.0,0.992736077482,121.0,11.744821344,86.0
2016-08-27,5,1,24.0,31.0,1,76.0,81.2307692308,59.0,1.02127659574,121.0,11.7810398271,84.0
2016-08-28,6,1,21.0,31.0,1,77.0,80.3076923077,59.0,1.03639728563,121.0,11.0341052782,80.0
2016-08-29,0,0,22.0,31.0,1,77.0,80.6923076923,59.0,1.02438024995,121.0,10.9290341285,68.0
2016-08-30,1,0,22.0,33.0,1,77.0,80.3846153846,59.0,0.982634476917,121.0,11.2218088597,67.0
2016-08-31,2,0,23.0,34.0,1,76.0,79.3076923077,59.0,0.915867944622,121.0,11.7694821492,65.0
2016-09-01,3,0,23.0,31.0,1,76.0,79.7692307692,59.0,0.848716316571,121.0,11.060350851,53.0
2016-09-02,4,0,23.0,34.0,1,76.0,77.6923076923,53.0,0.795698924731,121.0,13.1581189641,55.0
2016-09-03,5,1,23.0,33.0,1,76.0,74.0,53.0,0.75479930192,121.0,12.2411663597,57.0
2016-09-04,6,1,24.0,31.0,1,76.0,71.1538461538,53.0,0.73875083949,121.0,11.5415380514,53.0
2016-09-05,0,0,24.0,28.0,0,76.0,70.3076923077,53.0,0.749829584185,121.0,12.405858513,92.0
2016-09-06,1,0,23.0,28.0,0,76.0,71.2307692308,53.0,0.905626541134,121.0,13.4916147528,69.0
2016-09-07,2,0,21.0,26.0,0,75.0,70.0769230769,53.0,0.967231638418,121.0,12.9820084879,63.0
2016-09-08,3,0,21.0,29.0,1,74.0,68.6153846154,53.0,1.00969123281,103.0,12.6219495114,68.0
2016-09-09,4,0,24.0,31.0,1,74.0,67.2307692308,53.0,0.908884344467,103.0,11.5835018364,51.0
2016-09-10,5,1,23.0,28.0,1,74.0,64.6923076923,51.0,0.857479387515,103.0,11.2413016998,66.0
2016-09-11,6,1,20.0,23.0,0,74.0,63.6153846154,51.0,0.889209324682,103.0,10.3592282274,58.0
2016-09-12,0,0,21.0,27.0,1,74.0,62.8461538462,51.0,0.844798455226,103.0,10.376349987,62.0
2016-09-13,1,0,22.0,27.0,1,74.0,62.4615384615,51.0,0.909757887014,103.0,10.3076923077,59.0
2016-09-14,2,0,21.0,23.0,0,74.0,62.0,51.0,0.891878425511,103.0,10.3180200844,49.0
2016-09-15,3,1,24.0,26.0,0,74.0,61.6923076923,49.0,0.868454661558,103.0,10.6365452415,80.0
2016-09-16,4,1,22.0,28.0,0,74.0,63.6153846154,49.0,0.964844752374,103.0,11.479335692,89.0
2016-09-17,5,1,23.0,29.0,1,74.0,66.0769230769,49.0,1.1145194274,103.0,13.1117184138,77.0
2016-09-18,6,0,22.0,25.0,0,74.0,67.9230769231,49.0,1.26056879324,103.0,12.8270239876,72.0
2016-09-19,0,0,20.0,27.0,1,74.0,66.3846153846,49.0,1.21583652618,94.0,10.9019296918,53.0
2016-09-20,1,0,20.0,26.0,1,74.0,65.1538461538,49.0,1.04311902918,92.0,11.427673253,59.0
2016-09-21,2,0,20.0,26.0,1,74.0,64.8461538462,49.0,0.954604409857,92.0,11.5348712363,55.0
2016-09-22,3,0,19.0,28.0,1,73.0,63.8461538462,49.0,0.865060865061,92.0,11.7790306108,55.0
2016-09-23,4,0,21.0,29.0,1,73.0,64.1538461538,49.0,0.875420875421,92.0,11.4880952016,63.0
2016-09-24,5,1,21.0,29.0,1,73.0,63.9230769231,49.0,0.891982469709,92.0,11.4788202185,93.0
2016-09-25,6,1,22.0,30.0,1,74.0,66.6153846154,49.0,1.05526381595,93.0,13.6693844414,90.0
2016-09-26,0,0,24.0,30.0,1,74.0,68.7692307692,49.0,1.23215627348,93.0,14.9210942378,49.0
2016-09-27,1,0,25.0,28.0,0,74.0,68.0,49.0,1.17976099669,93.0,15.6451024531,56.0
2016-09-28,2,0,23.0,28.0,0,73.0,68.5384615385,49.0,0.996932515337,93.0,15.0926134996,52.0
2016-09-29,3,0,23.0,25.0,0,72.0,66.3846153846,49.0,0.812629399586,93.0,15.299766019,63.0
2016-09-30,4,0,22.0,29.0,0,72.0,64.3846153846,49.0,0.876923076923,93.0,13.8427346206,87.0
2016-10-01,5,1,23.0,27.0,0,72.0,65.1538461538,49.0,1.01942972496,93.0,14.7692307692,132.0
2016-10-02,6,1,23.0,31.0,1,72.0,69.7692307692,49.0,1.3476702509,132.0,23.1721113747,127.0
2016-10-03,0,1,20.0,25.0,0,72.0,75.4615384615,49.0,1.5799086758,132.0,27.1083733434,101.0
2016-10-04,1,1,20.0,26.0,1,72.0,78.6923076923,49.0,1.59786950732,132.0,27.4545347673,114.0
2016-10-05,2,1,22.0,27.0,1,72.0,83.2307692308,49.0,1.45500957243,132.0,28.0333698025,82.0
2016-10-06,3,1,22.0,27.0,0,72.0,85.3076923077,49.0,1.26195028681,132.0,26.8396509647,86.0
2016-10-07,4,1,20.0,27.0,0,72.0,87.0769230769,49.0,1.20051085568,132.0,26.0575149015,78.0
2016-10-08,5,0,17.0,21.0,0,72.0,85.9230769231,49.0,1.0465858328,132.0,26.1017580854,67.0
2016-10-09,6,0,16.0,22.0,1,72.0,84.1538461538,49.0,0.985915492958,132.0,26.5412484601,67.0
2016-10-10,0,0,17.0,22.0,1,72.0,85.5384615385,49.0,0.896785109983,132.0,25.1016866875,54.0
2016-10-11,1,0,18.0,23.0,1,69.0,85.3846153846,49.0,0.797793337577,132.0,25.2876937585,67.0
2016-10-12,2,0,19.0,24.0,1,68.0,86.5384615385,49.0,0.791745630659,132.0,24.0499972321,55.0
2016-10-13,3,0,18.0,23.0,1,68.0,85.9230769231,49.0,0.741208675511,132.0,24.736959388,68.0
2016-10-14,4,0,20.0,21.0,0,68.0,84.4615384615,49.0,0.797649034425,132.0,25.1873453715,82.0
2016-10-15,5,1,20.0,24.0,0,68.0,80.6153846154,49.0,0.866624392306,132.0,21.1243150514,99.0
2016-10-16,6,1,20.0,26.0,1,68.0,78.4615384615,49.0,1.04665825977,132.0,17.3808709378,99.0
2016-10-17,0,0,19.0,22.0,0,68.0,78.3076923077,49.0,1.14099429503,132.0,17.1884783207,54.0
2016-10-18,1,0,20.0,24.0,0,68.0,73.6923076923,49.0,1.02815177479,132.0,14.8861557541,63.0
2016-10-19,2,0,19.0,22.0,0,67.0,72.2307692308,49.0,0.87537993921,132.0,14.9314013261,57.0
2016-10-20,3,0,21.0,25.0,0,67.0,70.0,49.0,0.707748627212,132.0,14.8738283314,68.0
2016-10-21,4,0,22.0,27.0,0,67.0,69.2307692308,49.0,0.77366255144,132.0,14.6977436581,88.0
2016-10-22,5,1,19.0,23.0,0,67.0,70.8461538462,49.0,0.901015228426,132.0,15.4961342765,82.0
2016-10-23,6,1,18.0,21.0,0,67.0,72.0,49.0,1.03635967777,132.0,15.7235736787,124.0
2016-10-24,0,0,19.0,23.0,1,67.0,77.3846153846,49.0,1.26126126126,132.0,20.0328133188,57.0
2016-10-25,1,0,21.0,24.0,1,67.0,76.6153846154,49.0,1.17123135159,132.0,20.6007410678,75.0
2016-10-26,2,0,20.0,26.0,0,67.0,78.1538461538,52.0,1.14541387025,132.0,19.6541095873,63.0
2016-10-27,3,0,20.0,25.0,1,67.0,77.7692307692,52.0,0.886162235855,132.0,19.8964776402,52.0
2016-10-28,4,0,14.0,21.0,0,67.0,75.4615384615,52.0,0.87901919963,132.0,20.9821000072,76.0
2016-10-29,5,1,12.0,15.0,0,67.0,73.6923076923,52.0,0.87816091954,132.0,19.8625454074,98.0
2016-10-30,6,1,14.0,17.0,1,67.0,73.6153846154,52.0,1.01733063246,132.0,19.7660877478,105.0
2016-10-31,0,0,14.0,16.0,0,67.0,77.5384615385,52.0,1.21409921671,127.0,20.5299607876,62.0
