time_stamp,dayofweek,holiday,lt,ht,sunny,m2M,w2A,m1L,d3w3,m1Lar,w2Std,pay_sum
2016-08-01,0,0,27.0,36.0,1,226.0,269.692307692,200.0,1.1104865405,326.0,26.9882727107,269.0
2016-08-02,1,0,26.0,34.0,0,229.0,272.384615385,200.0,1.05853749766,326.0,24.9631681345,229.0
2016-08-03,2,0,25.0,30.0,0,229.0,270.769230769,200.0,0.987746936734,326.0,26.959096784,273.0
2016-08-04,3,0,24.0,29.0,0,233.0,270.384615385,214.0,0.956101190476,326.0,26.88876935,271.0
2016-08-05,4,0,25.0,30.0,0,233.0,272.923076923,214.0,0.956801584354,326.0,25.2173979578,247.0
2016-08-06,5,1,25.0,30.0,0,234.0,271.923076923,214.0,0.985854053717,326.0,25.9569511617,201.0
2016-08-07,6,1,25.0,31.0,0,234.0,268.923076923,201.0,0.911453381505,326.0,31.1977847795,200.0
2016-08-08,0,0,25.0,31.0,0,233.0,259.230769231,200.0,0.831408775982,326.0,31.5305806289,118.0
2016-08-09,1,0,24.0,32.0,0,233.0,247.538461538,118.0,0.681102362205,326.0,48.8145870138,186.0
2016-08-10,2,0,26.0,33.0,0,233.0,241.461538462,118.0,0.66985645933,326.0,51.1252088724,174.0
2016-08-11,3,0,27.0,35.0,0,233.0,235.153846154,118.0,0.64875135722,326.0,53.9242291109,207.0
2016-08-12,4,0,28.0,36.0,1,233.0,227.307692308,118.0,0.774431468961,326.0,49.877364398,220.0
2016-08-13,5,1,27.0,36.0,1,233.0,222.076923077,118.0,0.827652688838,326.0,46.7027614708,219.0
2016-08-14,6,1,28.0,37.0,1,233.0,216.461538462,118.0,0.893499308437,326.0,42.1218295034,249.0
2016-08-15,0,0,28.0,36.0,1,234.0,214.923076923,118.0,0.967039145407,326.0,40.5091851663,205.0
2016-08-16,1,0,27.0,37.0,1,234.0,213.076923077,118.0,0.959099330198,326.0,40.3722325338,161.0
2016-08-17,2,0,27.0,36.0,1,234.0,204.461538462,118.0,0.89637079143,326.0,38.5758301862,204.0
2016-08-18,3,0,28.0,36.0,1,234.0,199.307692308,118.0,0.840336134454,326.0,33.4810729894,212.0
2016-08-19,4,0,27.0,36.0,1,234.0,196.615384615,118.0,0.869303201507,326.0,30.8408781216,200.0
2016-08-20,5,1,26.0,34.0,1,234.0,196.538461538,118.0,0.946891092153,326.0,30.8310916611,238.0
2016-08-21,6,1,26.0,33.0,1,235.0,199.461538462,118.0,1.01175188731,326.0,32.7616459261,263.0
2016-08-22,0,0,26.0,32.0,1,238.0,210.615384615,118.0,1.09266619905,326.0,27.3679724708,203.0
2016-08-23,1,0,27.0,34.0,1,238.0,211.923076923,118.0,1.10405394809,326.0,26.5546216127,169.0
2016-08-24,2,0,27.0,33.0,1,238.0,211.538461538,118.0,1.0208182622,309.0,27.1310647516,215.0
2016-08-25,3,0,24.0,36.0,0,238.0,212.153846154,118.0,0.956571335452,309.0,27.1118655654,181.0
2016-08-26,4,0,21.0,23.0,0,238.0,209.153846154,118.0,0.935817805383,309.0,28.2130524999,196.0
2016-08-27,5,1,19.0,27.0,1,238.0,207.384615385,118.0,0.98175787728,309.0,28.2612495274,230.0
2016-08-28,6,1,20.0,30.0,1,238.0,205.923076923,118.0,0.999176954733,292.0,26.5082325049,225.0
2016-08-29,0,0,20.0,30.0,1,238.0,207.461538462,118.0,1.04402213134,292.0,26.9860801287,209.0
2016-08-30,1,0,21.0,30.0,1,238.0,211.153846154,118.0,1.05901116427,273.0,23.4253188266,191.0
2016-08-31,2,0,22.0,31.0,1,234.0,210.153846154,118.0,0.99277261536,273.0,23.9802680226,206.0
2016-09-01,3,0,21.0,32.0,1,234.0,209.692307692,118.0,0.962821734986,273.0,23.9980275324,212.0
2016-09-02,4,0,22.0,33.0,1,234.0,210.615384615,118.0,0.969436485196,271.0,23.8377156286,231.0
2016-09-03,5,1,24.0,32.0,1,234.0,210.076923077,118.0,1.03015873016,263.0,23.2857220646,205.0
2016-09-04,6,1,22.0,31.0,1,234.0,205.615384615,118.0,1.03946102021,263.0,17.5741876343,239.0
2016-09-05,0,0,21.0,32.0,1,234.0,208.384615385,118.0,1.07398568019,263.0,19.6568189834,227.0
2016-09-06,1,0,21.0,32.0,1,231.0,212.846153846,118.0,1.05106516291,263.0,16.5475824581,187.0
2016-09-07,2,0,22.0,33.0,1,230.0,210.692307692,161.0,1.02697177007,263.0,17.8944968566,190.0
2016-09-08,3,0,23.0,31.0,1,229.0,211.384615385,161.0,0.954865228045,263.0,16.8775611688,218.0
2016-09-09,4,0,22.0,30.0,0,229.0,213.076923077,161.0,0.936639118457,263.0,16.3446605653,193.0
2016-09-10,5,1,22.0,32.0,1,229.0,210.230769231,161.0,0.956245027844,263.0,16.3714284239,220.0
2016-09-11,6,1,20.0,33.0,1,227.0,209.846153846,161.0,1.01438791094,263.0,16.0760029181,252.0
2016-09-12,0,0,22.0,33.0,1,227.0,213.153846154,161.0,1.05656180489,263.0,19.5992392076,184.0
2016-09-13,1,0,21.0,31.0,1,225.0,212.615384615,161.0,1.03854982981,263.0,20.2846605991,190.0
2016-09-14,2,0,21.0,31.0,1,220.0,211.384615385,161.0,0.996974040452,263.0,21.1170309012,236.0
2016-09-15,3,1,23.0,30.0,1,220.0,213.230769231,169.0,0.958893342765,263.0,22.1156187279,320.0
2016-09-16,4,1,21.0,31.0,1,220.0,220.076923077,169.0,1.13936617029,320.0,35.9838885709,220.0
2016-09-17,5,1,22.0,32.0,1,220.0,221.230769231,169.0,1.18790662074,320.0,35.7214734948,198.0
2016-09-18,6,0,20.0,32.0,1,220.0,218.076923077,169.0,1.13678373383,320.0,35.8232016317,169.0
2016-09-19,0,0,20.0,29.0,1,219.0,213.615384615,169.0,0.912624378109,320.0,37.9808422589,148.0
2016-09-20,1,0,19.0,27.0,1,218.0,210.615384615,148.0,0.808794660385,320.0,41.3550079965,166.0
2016-09-21,2,0,17.0,28.0,1,215.0,208.769230769,148.0,0.765755053508,320.0,42.7463967823,180.0
2016-09-22,3,0,19.0,30.0,1,212.0,205.846153846,148.0,0.789200415369,320.0,43.3107663891,178.0
2016-09-23,4,0,19.0,30.0,1,212.0,204.692307692,148.0,0.847896440129,320.0,43.834276394,183.0
2016-09-24,5,1,21.0,31.0,1,209.0,201.846153846,148.0,0.880104115829,320.0,43.9490021832,215.0
2016-09-25,6,1,21.0,30.0,0,209.0,199.0,148.0,0.942562592047,320.0,41.7520151517,196.0
2016-09-26,0,0,21.0,31.0,1,207.0,199.923076923,148.0,0.979470690082,320.0,41.5423075143,147.0
2016-09-27,1,0,21.0,26.0,1,206.0,196.615384615,147.0,0.929303022733,320.0,43.8485829287,159.0
2016-09-28,2,0,15.0,23.0,1,205.0,190.692307692,147.0,0.842564619,320.0,43.3259286649,157.0
2016-09-29,3,0,16.0,20.0,0,205.0,178.153846154,147.0,0.789226966675,320.0,22.8265909509,181.0
2016-09-30,4,0,17.0,22.0,1,204.0,175.153846154,147.0,0.849790544584,320.0,19.441613394,252.0
2016-10-01,5,1,17.0,20.0,0,204.0,179.307692308,147.0,1.00059357246,320.0,27.8357396591,265.0
2016-10-02,6,1,17.0,25.0,1,204.0,186.692307692,147.0,1.17985125085,320.0,35.7348883938,356.0
2016-10-03,0,1,18.0,29.0,1,204.0,202.692307692,147.0,1.4139941691,356.0,55.7748007829,294.0
2016-10-04,1,1,18.0,31.0,1,204.0,212.538461538,147.0,1.44549763033,356.0,59.5955798369,292.0
2016-10-05,2,1,19.0,31.0,1,205.0,221.153846154,147.0,1.46866230122,356.0,62.3030387626,285.0
2016-10-06,3,1,21.0,28.0,1,205.0,229.384615385,147.0,1.36917393696,356.0,63.1208102482,239.0
2016-10-07,4,1,19.0,27.0,1,206.0,233.692307692,147.0,1.27699530516,356.0,61.7032409265,200.0
2016-10-08,5,0,17.0,26.0,1,206.0,232.538461538,147.0,1.13248865947,356.0,62.1804017908,184.0
2016-10-09,6,0,17.0,23.0,1,206.0,231.615384615,147.0,0.971085651937,356.0,62.8019334116,194.0
2016-10-10,0,0,16.0,23.0,1,205.0,235.230769231,147.0,0.891356311204,356.0,59.0686091906,154.0
2016-10-11,1,0,16.0,19.0,1,205.0,234.846153846,147.0,0.822701616021,356.0,59.5778045324,168.0
2016-10-12,2,0,15.0,20.0,1,204.0,235.692307692,147.0,0.800186089788,356.0,58.5351762952,208.0
2016-10-13,3,0,15.0,17.0,0,204.0,237.769230769,147.0,0.816200816201,356.0,57.0170741582,160.0
2016-10-14,4,0,15.0,19.0,0,203.0,230.692307692,147.0,0.829849821954,356.0,60.4195391414,164.0
2016-10-15,5,1,14.0,22.0,0,203.0,222.923076923,147.0,0.833529181355,356.0,61.9819595819,240.0
2016-10-16,6,1,15.0,24.0,1,203.0,214.0,147.0,0.874622005117,356.0,49.2169451745,222.0
2016-10-17,0,0,17.0,24.0,1,203.0,208.461538462,147.0,0.954122847127,356.0,43.6376960976,171.0
2016-10-18,1,0,18.0,25.0,1,203.0,199.153846154,147.0,0.962152302782,356.0,37.2658766451,156.0
2016-10-19,2,0,18.0,25.0,0,200.0,189.230769231,147.0,0.834663625998,356.0,29.4387338935,151.0
2016-10-20,3,0,19.0,22.0,0,198.0,182.461538462,147.0,0.731725985457,356.0,27.2527073732,153.0
2016-10-21,4,0,18.0,22.0,0,196.0,178.846153846,147.0,0.720551378446,356.0,27.7983014253,188.0
2016-10-22,5,1,16.0,22.0,1,196.0,179.153846154,147.0,0.784876764776,356.0,27.8756749593,238.0
2016-10-23,6,1,14.0,17.0,0,196.0,182.538461538,147.0,0.950504801773,356.0,31.8593432368,194.0
2016-10-24,0,0,11.0,15.0,0,196.0,185.615384615,147.0,1.04350753177,356.0,30.8707939185,159.0
2016-10-25,1,0,13.0,14.0,0,196.0,184.923076923,147.0,1.02925809822,356.0,31.3551898255,139.0
2016-10-26,2,0,13.0,15.0,0,194.0,179.615384615,139.0,0.89082020641,356.0,32.8060464913,190.0
2016-10-27,3,0,12.0,16.0,0,194.0,181.923076923,139.0,0.895494999541,356.0,32.3976768836,150.0
2016-10-28,4,0,8.0,14.0,0,193.0,180.846153846,139.0,0.891245697274,356.0,33.1983460057,158.0
2016-10-29,5,1,6.0,11.0,0,193.0,174.538461538,139.0,0.933370818105,356.0,28.8673768082,108.0
2016-10-30,6,1,9.0,15.0,0,190.0,165.769230769,108.0,0.799001248439,356.0,30.3926961017,133.0
2016-10-31,0,0,8.0,14.0,1,190.0,162.846153846,108.0,0.771014492754,356.0,31.5542174527,178.0
