time_stamp,dayofweek,holiday,lt,ht,sunny,m2M,w2A,m1L,d3w3,m1Lar,w2Std,pay_sum
2016-08-01,0,0,27.0,37.0,1,170.0,145.461538462,50.0,0.707785642063,196.0,53.2549967098,160.0
2016-08-02,1,0,27.0,35.0,0,170.0,143.461538462,50.0,0.713800135962,196.0,52.1722227665,184.0
2016-08-03,2,0,26.0,32.0,0,170.0,144.076923077,50.0,0.954979536153,196.0,52.5978378299,192.0
2016-08-04,3,0,27.0,33.0,0,171.0,144.076923077,50.0,1.20965921914,196.0,52.5978378299,194.0
2016-08-05,4,0,26.0,33.0,0,171.0,144.769230769,50.0,1.27817019845,196.0,53.1878439642,176.0
2016-08-06,5,1,26.0,34.0,0,171.0,153.307692308,50.0,1.22801267344,196.0,48.3900571723,92.0
2016-08-07,6,1,27.0,35.0,1,170.0,156.538461538,50.0,1.00032478077,194.0,42.418456405,85.0
2016-08-08,0,0,26.0,34.0,0,170.0,149.0,50.0,0.791302398565,194.0,45.6323097411,199.0
2016-08-09,1,0,26.0,30.0,0,171.0,152.0,50.0,0.839192054458,199.0,47.5006072836,179.0
2016-08-10,2,0,27.0,35.0,0,172.0,151.461538462,50.0,1.03232998885,199.0,47.1505206507,190.0
2016-08-11,3,0,27.0,36.0,1,174.0,151.230769231,50.0,1.26729138777,199.0,46.9535840299,194.0
2016-08-12,4,0,27.0,36.0,1,174.0,153.846153846,50.0,1.25236347459,199.0,48.296912075,202.0
2016-08-13,5,1,27.0,35.0,1,174.0,163.307692308,50.0,1.24654328866,202.0,44.6152519892,81.0
2016-08-14,6,1,28.0,35.0,1,174.0,163.692307692,50.0,1.00473933649,202.0,43.8763728523,94.0
2016-08-15,0,0,27.0,36.0,1,172.0,158.615384615,50.0,0.81707845687,202.0,47.6647563099,190.0
2016-08-16,1,0,26.0,36.0,1,172.0,159.076923077,50.0,0.783429920584,202.0,47.9365952041,168.0
2016-08-17,2,0,28.0,37.0,1,172.0,157.230769231,50.0,0.975820379965,202.0,47.0877312882,236.0
2016-08-18,3,0,28.0,37.0,1,174.0,160.461538462,50.0,1.26477163845,236.0,50.79463234,242.0
2016-08-19,4,0,28.0,38.0,1,174.0,165.538461538,50.0,1.34038800705,242.0,55.2011919947,233.0
2016-08-20,5,1,27.0,37.0,0,175.0,176.384615385,50.0,1.40778140778,242.0,53.5128143698,137.0
2016-08-21,6,1,27.0,35.0,0,175.0,180.384615385,50.0,1.19019836639,242.0,48.2135290007,91.0
2016-08-22,0,0,27.0,36.0,1,172.0,172.076923077,50.0,0.914954847673,242.0,53.3240623106,259.0
2016-08-23,1,0,27.0,35.0,0,172.0,178.230769231,76.0,0.945447485925,259.0,58.1644272018,248.0
2016-08-24,2,0,27.0,35.0,1,175.0,182.692307692,76.0,1.14231136581,259.0,61.0490151315,218.0
2016-08-25,3,0,26.0,35.0,1,176.0,184.538461538,76.0,1.37545057864,259.0,61.7222256249,255.0
2016-08-26,4,0,25.0,34.0,0,176.0,188.615384615,76.0,1.33778643659,259.0,64.4318822915,189.0
2016-08-27,5,1,23.0,31.0,1,179.0,196.923076923,76.0,1.19602529359,259.0,56.494331286,164.0
2016-08-28,6,1,21.0,31.0,1,179.0,202.307692308,76.0,1.07543999292,259.0,49.3065522489,196.0
2016-08-29,0,0,21.0,32.0,1,182.0,202.769230769,76.0,0.971853425385,259.0,49.217185626,253.0
2016-08-30,1,0,21.0,32.0,1,183.0,209.307692308,81.0,1.06423611111,259.0,49.8063706388,296.0
2016-08-31,2,0,21.0,33.0,1,184.0,213.923076923,81.0,1.25865855719,296.0,54.6139761465,258.0
2016-09-01,3,0,23.0,33.0,0,184.0,215.153846154,81.0,1.34164588529,296.0,55.4073671217,258.0
2016-09-02,4,0,22.0,34.0,1,185.0,217.076923077,81.0,1.33136579767,296.0,56.4180297674,258.0
2016-09-03,5,1,23.0,35.0,1,185.0,226.384615385,81.0,1.21612066934,296.0,52.2678581356,258.0
2016-09-04,6,1,24.0,32.0,1,186.0,239.230769231,81.0,1.1708645337,296.0,35.1264832069,258.0
2016-09-05,0,0,24.0,30.0,0,186.0,239.153846154,81.0,1.1530726257,296.0,35.0841760383,258.0
2016-09-06,1,0,23.0,28.0,0,186.0,239.923076923,81.0,1.13033953998,296.0,35.3780930444,258.0
2016-09-07,2,0,21.0,27.0,0,186.0,243.0,81.0,1.12491824722,296.0,35.0757422203,258.0
2016-09-08,3,0,22.0,30.0,1,189.0,243.230769231,81.0,1.12100803824,296.0,35.1636916023,258.0
2016-09-09,4,0,22.0,29.0,1,190.0,248.538461538,81.0,1.11495246327,296.0,31.6048082628,239.0
2016-09-10,5,1,22.0,28.0,0,190.0,254.307692308,81.0,1.06412966878,296.0,20.5627916968,194.0
2016-09-11,6,1,21.0,25.0,0,190.0,254.153846154,81.0,0.953169184082,296.0,21.0012679245,171.0
2016-09-12,0,0,21.0,27.0,1,190.0,247.846153846,91.0,0.84861257464,296.0,30.5459204222,223.0
2016-09-13,1,0,21.0,28.0,0,190.0,242.230769231,91.0,0.830508474576,296.0,27.7603864032,209.0
2016-09-14,2,0,21.0,25.0,0,192.0,238.461538462,91.0,0.853322012312,296.0,28.6748761237,167.0
2016-09-15,3,1,22.0,25.0,0,192.0,231.461538462,91.0,0.863796957243,296.0,33.7151310122,109.0
2016-09-16,4,1,23.0,27.0,0,192.0,220.0,91.0,0.71171766087,296.0,45.8777640123,137.0
2016-09-17,5,1,22.0,27.0,1,192.0,210.692307692,91.0,0.609684086212,296.0,49.3658003938,104.0
2016-09-18,6,0,22.0,26.0,0,192.0,198.846153846,91.0,0.527426160338,296.0,54.7734440903,135.0
2016-09-19,0,0,20.0,27.0,1,190.0,189.384615385,91.0,0.582133457192,296.0,54.3599661254,205.0
2016-09-20,1,0,19.0,26.0,1,192.0,185.307692308,104.0,0.702253855279,296.0,50.9409682723,183.0
2016-09-21,2,0,19.0,26.0,1,192.0,179.538461538,104.0,0.842190016103,296.0,46.4287964101,217.0
2016-09-22,3,0,20.0,27.0,1,193.0,176.384615385,104.0,0.983979832479,296.0,42.191027959,206.0
2016-09-23,4,0,20.0,29.0,1,194.0,173.846153846,104.0,0.998270323697,296.0,39.2366511428,199.0
2016-09-24,5,1,21.0,30.0,1,194.0,174.230769231,104.0,1.03978602474,296.0,39.4562149656,240.0
2016-09-25,6,1,21.0,30.0,1,194.0,179.538461538,104.0,1.08312342569,296.0,43.134165264,101.0
2016-09-26,0,0,24.0,31.0,1,194.0,170.153846154,101.0,0.944138473643,296.0,45.843959679,201.0
2016-09-27,1,0,23.0,28.0,0,196.0,169.538461538,101.0,0.962016329428,296.0,45.369619426,212.0
2016-09-28,2,0,22.0,28.0,0,199.0,173.0,101.0,0.92362982929,296.0,46.739869326,204.0
2016-09-29,3,0,22.0,25.0,0,199.0,180.307692308,101.0,1.12509117433,258.0,43.4748107713,173.0
2016-09-30,4,0,22.0,29.0,0,199.0,183.076923077,101.0,1.09377901578,258.0,41.7399670828,208.0
2016-10-01,5,1,23.0,30.0,0,201.0,191.076923077,101.0,1.08213096559,258.0,35.2844736795,129.0
2016-10-02,6,1,22.0,30.0,1,201.0,190.615384615,101.0,0.954519932622,258.0,36.0459929738,106.0
2016-10-03,0,1,21.0,27.0,0,201.0,183.0,101.0,0.857281083696,258.0,42.1444402757,99.0
2016-10-04,1,1,20.0,27.0,1,201.0,176.538461538,99.0,0.667666166917,258.0,47.7197191697,59.0
2016-10-05,2,1,21.0,27.0,1,201.0,164.384615385,59.0,0.545398202665,258.0,55.3736100177,59.0
2016-10-06,3,1,22.0,27.0,0,201.0,153.076923077,59.0,0.455356206064,258.0,60.4934345305,70.0
2016-10-07,4,1,20.0,23.0,0,201.0,143.153846154,59.0,0.403001071811,258.0,62.6870691535,105.0
2016-10-08,5,0,17.0,22.0,0,201.0,132.769230769,59.0,0.501446480231,240.0,56.6774325543,199.0
2016-10-09,6,0,16.0,22.0,1,201.0,140.307692308,59.0,0.78530183727,240.0,58.440482038,214.0
2016-10-10,0,0,15.0,21.0,1,202.0,141.307692308,59.0,1.08458961474,240.0,59.5707525235,209.0
2016-10-11,1,0,17.0,23.0,1,204.0,141.076923077,59.0,1.29179646937,240.0,59.3016558836,226.0
2016-10-12,2,0,18.0,25.0,1,205.0,142.769230769,59.0,1.34410272341,240.0,61.3516394943,208.0
2016-10-13,3,0,18.0,23.0,1,206.0,145.461538462,59.0,1.33084963262,240.0,63.3544551097,222.0
2016-10-14,4,0,19.0,22.0,0,208.0,146.538461538,59.0,1.34812988081,240.0,64.5166828569,208.0
2016-10-15,5,1,20.0,23.0,0,208.0,152.615384615,59.0,1.32420091324,240.0,66.2751124672,152.0
2016-10-16,6,1,20.0,26.0,0,208.0,156.153846154,59.0,1.18908979467,240.0,64.9056666411,162.0
2016-10-17,0,0,20.0,24.0,0,206.0,161.0,59.0,1.0794044665,240.0,62.7743210606,198.0
2016-10-18,1,0,20.0,24.0,0,205.0,171.692307692,59.0,1.06334371755,240.0,55.9579300978,186.0
2016-10-19,2,0,20.0,24.0,0,205.0,181.461538462,59.0,1.14035087719,240.0,45.5489852705,192.0
2016-10-20,3,0,21.0,25.0,0,205.0,190.846153846,59.0,1.19588913111,240.0,32.2415072988,193.0
2016-10-21,4,0,21.0,25.0,0,204.0,197.615384615,59.0,1.19107217355,240.0,20.6678437026,177.0
2016-10-22,5,1,20.0,23.0,0,201.0,195.923076923,59.0,1.15495273325,240.0,21.3738212935,119.0
2016-10-23,6,1,17.0,23.0,0,199.0,188.615384615,59.0,1.00092109303,240.0,28.8698364322,142.0
2016-10-24,0,0,19.0,24.0,1,199.0,183.461538462,59.0,0.884848484848,226.0,30.6935607996,212.0
2016-10-25,1,0,19.0,23.0,1,199.0,182.384615385,59.0,0.913215561348,226.0,29.4005192564,194.0
2016-10-26,2,0,19.0,24.0,0,199.0,181.307692308,59.0,1.0182088443,226.0,28.6903484586,281.0
2016-10-27,3,0,18.0,24.0,0,201.0,185.846153846,59.0,1.2055804159,281.0,37.942965607,176.0
2016-10-28,4,0,15.0,19.0,0,199.0,183.384615385,59.0,1.12144702842,281.0,37.4608276666,208.0
2016-10-29,5,1,12.0,15.0,0,199.0,187.692307692,59.0,1.14290624731,281.0,36.8184414816,136.0
2016-10-30,6,1,14.0,18.0,1,199.0,185.692307692,59.0,0.912040691046,281.0,38.8119422846,120.0
2016-10-31,0,0,12.0,17.0,0,198.0,179.692307692,59.0,0.833333333333,281.0,42.3163627479,168.0
