time_stamp,dayofweek,holiday,lt,ht,sunny,m2M,w2A,m1L,d3w3,m1Lar,w2Std,pay_sum
2016-08-01,0,0,28.0,34.0,1,47.0,62.6923076923,33.0,1.09317473803,80.0,11.7039415805,47.0
2016-08-02,1,0,28.0,34.0,0,47.0,60.8461538462,33.0,0.991688162797,80.0,12.1328933314,43.0
2016-08-03,2,0,26.0,32.0,0,47.0,60.8461538462,33.0,0.956471935853,80.0,12.1328933314,46.0
2016-08-04,3,0,27.0,32.0,0,47.0,60.3076923077,33.0,0.770320022656,80.0,12.6149155635,74.0
2016-08-05,4,0,27.0,33.0,0,47.0,62.3846153846,33.0,0.906310814568,80.0,12.4748267233,60.0
2016-08-06,5,1,27.0,33.0,1,47.0,62.0769230769,33.0,1.00083402836,80.0,12.4805173615,60.0
2016-08-07,6,1,27.0,34.0,1,48.0,62.1538461538,33.0,1.07241569928,80.0,12.4643871388,65.0
2016-08-08,0,0,27.0,34.0,0,49.0,61.0,33.0,1.01928374656,80.0,11.4084988563,72.0
2016-08-09,1,0,28.0,34.0,1,49.0,61.2307692308,33.0,1.08450316543,80.0,11.59677572,83.0
2016-08-10,2,0,28.0,34.0,1,52.0,63.0769230769,33.0,1.172395417,83.0,12.928570261,65.0
2016-08-11,3,0,28.0,35.0,1,52.0,62.1538461538,33.0,1.16125626814,83.0,12.315382213,69.0
2016-08-12,4,0,28.0,34.0,1,52.0,62.3076923077,33.0,1.12581063554,83.0,12.3872429129,67.0
2016-08-13,5,1,28.0,35.0,1,53.0,63.6923076923,43.0,1.04037267081,83.0,11.8151442283,79.0
2016-08-14,6,1,28.0,36.0,1,53.0,63.8461538462,43.0,1.09582059123,83.0,11.9990137662,57.0
2016-08-15,0,0,28.0,35.0,1,57.0,64.6153846154,43.0,1.05317769131,83.0,11.1874824386,62.0
2016-08-16,1,0,28.0,35.0,1,57.0,66.0769230769,43.0,1.03286384977,83.0,9.35999291964,73.0
2016-08-17,2,0,28.0,35.0,1,58.0,68.1538461538,43.0,0.990712074303,83.0,7.48173317895,62.0
2016-08-18,3,0,28.0,36.0,1,59.0,67.2307692308,43.0,1.02845210128,83.0,7.4436740944,83.0
2016-08-19,4,0,29.0,36.0,1,59.0,69.0,43.0,1.12400103119,83.0,8.20881327505,73.0
2016-08-20,5,1,28.0,37.0,0,59.0,70.0,43.0,1.10351809668,83.0,7.83483346247,70.0
2016-08-21,6,1,28.0,35.0,0,60.0,70.3846153846,43.0,1.15012722646,83.0,7.70153292971,80.0
2016-08-22,0,0,28.0,35.0,1,60.0,71.0,43.0,1.10697443534,83.0,8.11456430415,68.0
2016-08-23,1,0,26.0,34.0,1,60.0,69.8461538462,43.0,1.06237816764,83.0,7.3573213546,73.0
2016-08-24,2,0,26.0,34.0,1,60.0,70.4615384615,43.0,1.05615292712,83.0,7.26016936246,77.0
2016-08-25,3,0,27.0,35.0,1,60.0,71.0769230769,43.0,1.03958035289,83.0,7.44685311402,73.0
2016-08-26,4,0,26.0,34.0,0,60.0,71.5384615385,43.0,1.05362626979,83.0,7.3653595099,69.0
2016-08-27,5,1,23.0,31.0,1,61.0,70.7692307692,43.0,1.02816901408,83.0,7.06185687233,58.0
2016-08-28,6,1,22.0,30.0,1,61.0,70.8461538462,43.0,0.943618778014,83.0,6.91538033713,67.0
2016-08-29,0,0,23.0,31.0,1,61.0,71.2307692308,43.0,0.918560606061,83.0,6.54162819245,75.0
2016-08-30,1,0,23.0,31.0,1,62.0,71.3846153846,43.0,0.952380952381,83.0,6.60464244113,65.0
2016-08-31,2,0,25.0,34.0,1,62.0,71.6153846154,43.0,0.985714285714,83.0,6.31893931628,77.0
2016-09-01,3,0,26.0,33.0,1,64.0,71.1538461538,46.0,1.02746212121,83.0,5.65476183061,54.0
2016-09-02,4,0,25.0,34.0,1,64.0,69.6923076923,54.0,0.936678614098,83.0,7.22585757896,57.0
2016-09-03,5,1,25.0,35.0,1,64.0,68.6923076923,54.0,0.91284292304,83.0,7.97481242012,49.0
2016-09-04,6,1,25.0,33.0,1,64.0,66.3076923077,49.0,0.781440781441,83.0,8.82639934763,49.0
2016-09-05,0,0,25.0,30.0,0,64.0,64.8461538462,49.0,0.764299802761,83.0,9.92933612969,62.0
2016-09-06,1,0,22.0,27.0,0,62.0,64.0,49.0,0.795426298782,83.0,9.66357156462,64.0
2016-09-07,2,0,20.0,24.0,0,64.0,63.0,49.0,0.868701911144,83.0,8.90980445266,76.0
2016-09-08,3,0,22.0,29.0,1,64.0,63.2307692308,49.0,1.00798403194,83.0,9.19994854629,64.0
2016-09-09,4,0,23.0,31.0,1,64.0,62.8461538462,49.0,1.02486812359,83.0,9.05407816185,59.0
2016-09-10,5,1,24.0,29.0,1,64.0,62.9230769231,49.0,1.00810536981,83.0,9.01674969975,57.0
2016-09-11,6,1,23.0,26.0,0,64.0,62.1538461538,49.0,0.92807424594,83.0,9.06257013848,66.0
2016-09-12,0,0,23.0,29.0,1,65.0,61.4615384615,49.0,0.939839917377,83.0,8.37225624048,66.0
2016-09-13,1,0,23.0,30.0,1,65.0,61.5384615385,49.0,0.981308411215,83.0,8.40892734964,61.0
2016-09-14,2,0,22.0,24.0,0,65.0,60.3076923077,49.0,1.01472134595,83.0,7.12940406814,32.0
2016-09-15,3,1,23.0,26.0,0,65.0,58.6153846154,32.0,0.863895680522,83.0,10.3220336513,44.0
2016-09-16,4,1,23.0,27.0,0,65.0,57.6153846154,32.0,0.759844703272,83.0,11.035177748,38.0
2016-09-17,5,1,23.0,27.0,0,65.0,56.7692307692,32.0,0.642978003384,80.0,12.0393831055,61.0
2016-09-18,6,0,23.0,28.0,0,65.0,57.6923076923,32.0,0.810657596372,80.0,11.8671143235,49.0
2016-09-19,0,0,21.0,27.0,0,65.0,56.6923076923,32.0,0.857971014493,80.0,12.0088724596,59.0
2016-09-20,1,0,20.0,26.0,1,65.0,56.3076923077,32.0,0.984848484848,77.0,11.8476522529,66.0
2016-09-21,2,0,20.0,27.0,1,65.0,55.5384615385,32.0,1.02383053839,77.0,10.8245830235,49.0
2016-09-22,3,0,21.0,27.0,1,65.0,54.3846153846,32.0,1.02836879433,77.0,10.6593293305,59.0
2016-09-23,4,0,21.0,27.0,1,65.0,54.3846153846,32.0,1.02654867257,77.0,10.6593293305,69.0
2016-09-24,5,1,22.0,28.0,1,65.0,55.3076923077,32.0,1.02608695652,77.0,11.3434807803,53.0
2016-09-25,6,1,23.0,29.0,1,65.0,54.3076923077,32.0,1.04563835933,77.0,10.9219934457,55.0
2016-09-26,0,0,24.0,31.0,1,64.0,53.4615384615,32.0,1.02877070619,77.0,10.3968588793,56.0
2016-09-27,1,0,25.0,30.0,0,64.0,53.0769230769,32.0,0.9599063506,77.0,10.2015197847,62.0
2016-09-28,2,0,22.0,28.0,0,64.0,55.3846153846,32.0,1.02518518519,77.0,8.40822364427,67.0
2016-09-29,3,0,22.0,25.0,0,64.0,57.1538461538,32.0,1.09338061466,77.0,8.24477600429,53.0
2016-09-30,4,0,23.0,28.0,0,64.0,58.3076923077,32.0,1.08140225787,76.0,6.30487742069,51.0
2016-10-01,5,1,24.0,29.0,0,64.0,57.5384615385,32.0,1.02150537634,76.0,6.53529335008,32.0
2016-10-02,6,1,24.0,32.0,1,64.0,56.2307692308,32.0,0.837954405422,76.0,9.24998000957,35.0
2016-10-03,0,1,22.0,26.0,1,62.0,54.3846153846,32.0,0.748493498256,76.0,10.7813119049,36.0
2016-10-04,1,1,22.0,26.0,1,62.0,52.0769230769,32.0,0.669265756985,76.0,11.2486685603,33.0
2016-10-05,2,1,22.0,27.0,1,62.0,50.8461538462,32.0,0.675105485232,76.0,12.3403413109,52.0
2016-10-06,3,1,22.0,26.0,0,62.0,50.3076923077,32.0,0.779388083736,76.0,12.1236235722,52.0
2016-10-07,4,1,20.0,25.0,0,62.0,49.0,32.0,0.870670479822,69.0,10.89106903,52.0
2016-10-08,5,0,17.0,22.0,0,62.0,48.9230769231,32.0,1.0,69.0,10.8660483119,51.0
2016-10-09,6,0,18.0,22.0,1,61.0,48.6153846154,32.0,0.991682661548,69.0,10.7455784219,50.0
2016-10-10,0,0,18.0,22.0,1,61.0,48.1538461538,32.0,0.987415295257,69.0,10.5454777318,42.0
2016-10-11,1,0,19.0,25.0,1,59.0,46.6153846154,32.0,0.944829864552,69.0,9.84915819549,54.0
2016-10-12,2,0,19.0,23.0,1,59.0,45.6153846154,32.0,0.959894806049,69.0,8.26055000533,45.0
2016-10-13,3,0,19.0,23.0,1,59.0,45.0,32.0,0.94,69.0,7.98074606113,68.0
2016-10-14,4,0,19.0,23.0,0,59.0,46.3076923077,32.0,1.11444778111,69.0,9.99526515125,59.0
2016-10-15,5,1,21.0,25.0,1,59.0,48.3846153846,32.0,1.14096185738,69.0,9.60399325232,50.0
2016-10-16,6,1,20.0,26.0,1,59.0,49.5384615385,32.0,1.18,69.0,8.79348871535,56.0
2016-10-17,0,0,20.0,25.0,1,58.0,51.0769230769,32.0,1.1,69.0,8.00443663959,60.0
2016-10-18,1,0,20.0,25.0,1,58.0,53.1538461538,32.0,1.10888443554,69.0,6.38322505715,63.0
2016-10-19,2,0,20.0,24.0,0,58.0,54.0,32.0,1.20053655265,69.0,6.88364840652,52.0
2016-10-20,3,0,20.0,23.0,0,57.0,54.0,32.0,1.17489090299,69.0,6.88364840652,52.0
2016-10-21,4,0,0.0,21.0,0,57.0,54.0,32.0,1.12005365526,69.0,6.88364840652,40.0
2016-10-22,5,1,19.0,23.0,0,56.0,53.1538461538,32.0,0.958083832335,69.0,7.81365819817,35.0
2016-10-23,6,1,18.0,23.0,1,56.0,52.0,32.0,0.84497671324,68.0,9.18192203777,48.0
2016-10-24,0,0,20.0,24.0,1,55.0,52.4615384615,32.0,0.808678500986,68.0,8.81096680817,56.0
2016-10-25,1,0,18.0,22.0,1,55.0,52.6153846154,32.0,0.893603342977,68.0,8.85384281227,51.0
2016-10-26,2,0,19.0,21.0,0,54.0,53.0769230769,32.0,0.997425997426,68.0,8.59750892778,53.0
2016-10-27,3,0,18.0,22.0,0,54.0,51.9230769231,32.0,1.02860816458,68.0,7.44685311402,56.0
2016-10-28,4,0,15.0,20.0,0,54.0,51.6923076923,32.0,1.0246557797,68.0,7.26831496063,56.0
2016-10-29,5,1,13.0,17.0,1,54.0,52.1538461538,32.0,1.05162523901,68.0,7.33638093389,58.0
2016-10-30,6,1,14.0,18.0,1,54.0,52.3076923077,32.0,1.0752688172,68.0,7.43572059914,66.0
2016-10-31,0,0,13.0,17.0,0,54.0,52.7692307692,33.0,1.11317254174,68.0,8.05895437151,59.0
