time_stamp,dayofweek,holiday,lt,ht,sunny,m2M,w2A,m1L,d3w3,m1Lar,w2Std,pay_sum
2016-08-01,0,0,24.0,30.0,0,2.0,55.9230769231,1.0,1.31868131868,70.0,7.73067355471,41.0
2016-08-02,1,0,23.0,31.0,1,2.0,55.8461538462,1.0,1.06525573192,70.0,7.87250477046,57.0
2016-08-03,2,0,23.0,31.0,1,2.0,55.6923076923,1.0,0.96588990206,70.0,7.82878923132,54.0
2016-08-04,3,0,24.0,31.0,0,2.0,56.0,2.0,0.991519895629,70.0,7.6761368489,67.0
2016-08-05,4,0,24.0,33.0,0,2.0,57.1538461538,2.0,1.11949685535,70.0,8.10361888623,68.0
2016-08-06,5,1,24.0,30.0,0,2.0,57.7692307692,2.0,1.1496350365,70.0,8.58580085556,62.0
2016-08-07,6,1,23.0,28.0,0,4.0,58.5384615385,6.0,1.1789347696,70.0,8.48179393774,67.0
2016-08-08,0,0,24.0,29.0,0,6.0,59.7692307692,6.0,1.14902303879,70.0,8.45944029931,75.0
2016-08-09,1,0,24.0,32.0,1,6.0,60.7692307692,6.0,1.15646258503,75.0,9.38209297753,64.0
2016-08-10,2,0,26.0,34.0,1,9.0,61.2307692308,6.0,1.16285633644,75.0,9.38209297753,78.0
2016-08-11,3,0,27.0,35.0,1,9.0,62.5384615385,15.0,1.19658119658,78.0,10.3894575605,96.0
2016-08-12,4,0,26.0,35.0,1,15.0,64.5384615385,19.0,1.26629422719,96.0,13.63036985,86.0
2016-08-13,5,1,26.0,34.0,1,19.0,66.1538461538,29.0,1.35522543654,96.0,14.7848475128,90.0
2016-08-14,6,1,24.0,33.0,0,29.0,69.6153846154,32.0,1.37686661605,96.0,14.6945225878,74.0
2016-08-15,0,0,24.0,29.0,0,32.0,72.1538461538,38.0,1.24378109453,96.0,12.1645522466,97.0
2016-08-16,1,0,23.0,27.0,0,38.0,75.2307692308,38.0,1.26545454545,97.0,12.974257626,86.0
2016-08-17,2,0,23.0,27.0,0,41.0,77.6923076923,41.0,1.22119268235,97.0,11.6842077206,81.0
2016-08-18,3,0,26.0,32.0,1,42.0,78.7692307692,41.0,1.23682361209,97.0,11.2875278083,84.0
2016-08-19,4,0,24.0,29.0,0,44.0,80.0,41.0,1.16446300162,97.0,10.9122373085,71.0
2016-08-20,5,1,22.0,28.0,0,45.0,80.6923076923,41.0,1.09032109032,97.0,9.99526515125,53.0
2016-08-21,6,1,22.0,30.0,1,50.0,79.6153846154,41.0,0.955662761314,97.0,11.9713662323,67.0
2016-08-22,0,0,22.0,32.0,1,51.0,79.0,41.0,0.862107876326,97.0,12.3910637775,70.0
2016-08-23,1,0,24.0,32.0,1,52.0,79.4615384615,41.0,0.850111856823,97.0,11.9267984267,80.0
2016-08-24,2,0,26.0,33.0,1,52.0,79.6153846154,41.0,0.954265611258,97.0,11.9198506801,73.0
2016-08-25,3,0,19.0,26.0,0,53.0,77.8461538462,41.0,0.976784932107,97.0,11.0303508128,83.0
2016-08-26,4,0,17.0,26.0,1,54.0,77.6153846154,41.0,1.02363912383,97.0,10.8878087188,81.0
2016-08-27,5,1,17.0,28.0,1,57.0,76.9230769231,41.0,1.01542416452,97.0,10.3512283809,64.0
2016-08-28,6,1,17.0,28.0,1,58.0,76.1538461538,41.0,0.978750804894,97.0,10.8970437335,43.0
2016-08-29,0,0,18.0,29.0,1,58.0,72.0,41.0,0.824019285558,97.0,12.3537599384,70.0
2016-08-30,1,0,20.0,30.0,1,59.0,70.7692307692,41.0,0.772757039948,97.0,11.6761021299,75.0
2016-08-31,2,0,20.0,32.0,1,60.0,70.3076923077,43.0,0.82239720035,97.0,11.3773365505,87.0
2016-09-01,3,0,19.0,30.0,1,61.0,70.5384615385,43.0,1.02090209021,97.0,11.6791423856,91.0
2016-09-02,4,0,19.0,30.0,1,62.0,72.0769230769,43.0,1.10964912281,97.0,12.8928217265,84.0
2016-09-03,5,1,22.0,32.0,1,62.0,74.4615384615,43.0,1.15367679436,97.0,11.9782840984,78.0
2016-09-04,6,1,22.0,30.0,1,64.0,75.3076923077,43.0,1.11111111111,97.0,11.8086318844,60.0
2016-09-05,0,0,22.0,31.0,1,64.0,74.5384615385,43.0,0.999324780554,97.0,12.4382498436,85.0
2016-09-06,1,0,19.0,31.0,1,64.0,74.9230769231,43.0,1.0045045045,97.0,12.6762135724,107.0
2016-09-07,2,0,19.0,26.0,1,65.0,77.5384615385,43.0,1.11553784861,107.0,15.2548372384,83.0
2016-09-08,3,0,20.0,32.0,1,67.0,77.5384615385,43.0,1.21816168328,107.0,15.2548372384,96.0
2016-09-09,4,0,22.0,32.0,1,67.0,78.6923076923,43.0,1.24618736383,107.0,16.0210660136,101.0
2016-09-10,5,1,19.0,29.0,1,67.0,81.5384615385,43.0,1.18293198141,107.0,16.4392372302,105.0
2016-09-11,6,1,19.0,30.0,1,68.0,86.3076923077,43.0,1.24587458746,107.0,13.2513257124,69.0
2016-09-12,0,0,19.0,28.0,1,69.0,86.2307692308,43.0,1.13519091847,107.0,13.3483150545,85.0
2016-09-13,1,0,19.0,28.0,0,70.0,87.0,43.0,1.0658436214,107.0,12.9614813968,94.0
2016-09-14,2,0,20.0,30.0,1,70.0,87.5384615385,43.0,1.00751574243,107.0,13.0950101161,120.0
2016-09-15,3,1,20.0,31.0,1,70.0,89.7692307692,43.0,1.18792212952,120.0,15.7047462015,41.0
2016-09-16,4,1,19.0,31.0,1,70.0,86.4615384615,41.0,1.03785103785,120.0,20.3983988233,50.0
2016-09-17,5,1,18.0,29.0,1,70.0,84.3076923077,41.0,0.866174055829,120.0,22.5435804111,64.0
2016-09-18,6,0,17.0,26.0,1,70.0,84.6153846154,41.0,0.628166160081,120.0,22.2348944802,93.0
2016-09-19,0,0,15.0,25.0,1,71.0,85.2307692308,41.0,0.827338129496,120.0,22.3474446867,88.0
2016-09-20,1,0,14.0,26.0,1,73.0,83.7692307692,41.0,0.97164386278,120.0,21.4804162907,90.0
2016-09-21,2,0,17.0,27.0,1,74.0,84.3076923077,41.0,1.07284243864,120.0,21.542032671,112.0
2016-09-22,3,0,21.0,29.0,1,75.0,85.5384615385,41.0,1.1339198436,120.0,22.6057017471,87.0
2016-09-23,4,0,22.0,30.0,1,75.0,84.4615384615,41.0,1.12802498048,120.0,22.1728017196,106.0
2016-09-24,5,1,21.0,30.0,1,78.0,84.5384615385,41.0,1.1712749616,120.0,22.2455367507,88.0
2016-09-25,6,1,21.0,29.0,1,78.0,86.0,41.0,1.06198034769,120.0,21.7962593827,93.0
2016-09-26,0,0,20.0,29.0,1,80.0,86.6153846154,41.0,1.07975921746,120.0,21.872140557,128.0
2016-09-27,1,0,16.0,26.0,0,81.0,89.2307692308,41.0,1.14891243726,128.0,24.4765314478,120.0
2016-09-28,2,0,11.0,22.0,1,81.0,89.2307692308,41.0,1.24225865209,128.0,24.4765314478,104.0
2016-09-29,3,0,13.0,24.0,1,83.0,94.0769230769,41.0,1.27675009068,128.0,20.3336081722,94.0
2016-09-30,4,0,15.0,26.0,1,83.0,97.4615384615,41.0,1.15783724741,128.0,15.8920172734,118.0
2016-10-01,5,1,19.0,28.0,1,84.0,101.615384615,41.0,1.1424439624,128.0,13.4766947645,66.0
2016-10-02,6,1,19.0,28.0,1,84.0,99.5384615385,41.0,1.00669925765,128.0,16.406449879,49.0
2016-10-03,0,1,21.0,31.0,1,84.0,96.5384615385,41.0,0.860572483841,128.0,21.1282362459,57.0
2016-10-04,1,1,19.0,30.0,1,84.0,94.0,41.0,0.648567119155,128.0,23.5992177185,63.0
2016-10-05,2,1,15.0,26.0,1,84.0,90.2307692308,41.0,0.658484317163,128.0,24.3252127705,91.0
2016-10-06,3,1,17.0,24.0,1,84.0,90.5384615385,41.0,0.798788567102,128.0,24.3076923077,79.0
2016-10-07,4,1,12.0,20.0,0,84.0,88.4615384615,41.0,0.867783985102,128.0,24.0499972321,74.0
2016-10-08,5,0,9.0,21.0,1,84.0,87.3846153846,41.0,0.903703703704,128.0,24.3580296713,105.0
2016-10-09,6,0,12.0,19.0,1,85.0,88.3076923077,41.0,0.949227373068,128.0,24.777112936,107.0
2016-10-10,0,0,13.0,21.0,1,85.0,86.6923076923,41.0,1.04132532314,128.0,22.7372436439,95.0
2016-10-11,1,0,13.0,23.0,1,85.0,84.7692307692,41.0,1.11474219317,128.0,20.8147649007,105.0
2016-10-12,2,0,16.0,23.0,1,85.0,84.8461538462,41.0,1.1190085657,128.0,20.887413044,110.0
2016-10-13,3,0,14.0,25.0,1,85.0,86.0769230769,41.0,1.11591072714,128.0,21.8401942034,115.0
2016-10-14,4,0,15.0,24.0,1,85.0,85.8461538462,41.0,1.18216012896,128.0,21.5150972176,123.0
2016-10-15,5,1,14.0,19.0,0,85.0,90.2307692308,49.0,1.22362869198,128.0,22.793905549,94.0
2016-10-16,6,1,13.0,21.0,1,87.0,93.6923076923,49.0,1.16675452469,128.0,19.4397871759,76.0
2016-10-17,0,0,14.0,23.0,1,87.0,95.1538461538,49.0,1.05871725384,128.0,17.2129028252,107.0
2016-10-18,1,0,15.0,25.0,1,87.0,98.5384615385,49.0,1.00800582242,128.0,14.7001589977,111.0
2016-10-19,2,0,15.0,25.0,1,88.0,100.076923077,49.0,1.0657966286,128.0,14.8762150814,94.0
2016-10-20,3,0,15.0,22.0,1,88.0,101.230769231,49.0,1.13104948341,128.0,13.734593305,97.0
2016-10-21,4,0,15.0,20.0,0,90.0,103.0,49.0,1.10744407774,128.0,11.3950056536,109.0
2016-10-22,5,1,10.0,14.0,0,91.0,103.307692308,49.0,1.07469102633,128.0,11.4983919637,97.0
2016-10-23,6,1,8.0,13.0,0,91.0,102.538461538,49.0,1.05814562598,128.0,11.5599799349,76.0
2016-10-24,0,0,8.0,15.0,0,91.0,101.076923077,49.0,0.97510373444,128.0,13.4648347613,107.0
2016-10-25,1,0,10.0,19.0,1,93.0,101.230769231,49.0,0.946585530764,128.0,13.5200924334,100.0
2016-10-26,2,0,11.0,16.0,1,93.0,100.461538462,49.0,0.952380952381,123.0,13.2816552758,122.0
2016-10-27,3,0,10.0,14.0,0,94.0,101.0,49.0,1.0836627141,123.0,13.9835067683,116.0
2016-10-28,4,0,7.0,14.0,1,94.0,100.461538462,49.0,1.0906744111,123.0,13.2410514608,114.0
2016-10-29,5,1,7.0,14.0,1,94.0,102.0,49.0,1.13092369478,123.0,13.5589879359,86.0
2016-10-30,6,1,6.0,17.0,1,94.0,102.769230769,49.0,1.02564102564,123.0,12.286038644,84.0
2016-10-31,0,0,0.0,8.0,1,94.0,101.0,49.0,0.926741719693,123.0,13.1733997715,94.0
