time_stamp,dayofweek,holiday,lt,ht,sunny,m2M,w2A,m1L,d3w3,m1Lar,w2Std,pay_sum
2016-08-01,0,0,27.0,37.0,1,71.0,71.0,55.0,0.962810860141,97.0,7.72607971046,61.0
2016-08-02,1,0,27.0,36.0,0,71.0,69.4615384615,55.0,0.933240933241,97.0,7.57135679961,68.0
2016-08-03,2,0,27.0,34.0,0,70.0,68.5384615385,55.0,0.916666666667,97.0,6.93503241205,48.0
2016-08-04,3,0,27.0,34.0,0,70.0,66.6923076923,48.0,0.848310567937,97.0,8.73000674407,68.0
2016-08-05,4,0,27.0,34.0,0,70.0,66.4615384615,48.0,0.889533478366,97.0,8.65239304039,65.0
2016-08-06,5,1,25.0,33.0,0,70.0,65.9230769231,48.0,0.874396135266,97.0,8.50756711551,46.0
2016-08-07,6,1,26.0,31.0,0,69.0,65.0,46.0,0.885262116716,97.0,9.86056637475,54.0
2016-08-08,0,0,26.0,34.0,0,69.0,63.3846153846,46.0,0.825206301575,97.0,9.81002988734,38.0
2016-08-09,1,0,26.0,33.0,1,69.0,62.0769230769,38.0,0.713178294574,97.0,11.7765186083,229.0
2016-08-10,2,0,26.0,34.0,0,70.0,73.3846153846,38.0,1.4871438499,229.0,46.0827657783,172.0
2016-08-11,3,0,26.0,35.0,1,71.0,81.5384615385,38.0,1.90166774962,229.0,52.9246421951,180.0
2016-08-12,4,0,27.0,33.0,0,71.0,90.0,38.0,2.3503236246,229.0,58.8635972136,186.0
2016-08-13,5,1,27.0,35.0,1,72.0,98.7692307692,38.0,2.0355656451,229.0,63.8124099893,148.0
2016-08-14,6,1,27.0,35.0,0,72.0,104.846153846,38.0,1.85025197984,229.0,64.4465743601,148.0
2016-08-15,0,0,28.0,36.0,1,72.0,111.538461538,38.0,1.66926406926,229.0,64.0620076832,93.0
2016-08-16,1,0,27.0,37.0,1,72.0,113.461538462,38.0,1.32110714892,229.0,63.0940877208,94.0
2016-08-17,2,0,28.0,37.0,1,72.0,117.0,38.0,1.13080168776,229.0,60.5627455937,83.0
2016-08-18,3,0,28.0,37.0,1,72.0,118.153846154,38.0,0.903614457831,229.0,59.7557157277,93.0
2016-08-19,4,0,28.0,37.0,1,72.0,120.307692308,38.0,0.893300248139,229.0,58.2875954812,79.0
2016-08-20,5,1,27.0,36.0,0,74.0,122.846153846,38.0,0.840751730959,229.0,55.655321335,78.0
2016-08-21,6,1,26.0,34.0,0,75.0,124.692307692,38.0,0.820613819137,229.0,53.7048695907,69.0
2016-08-22,0,0,27.0,35.0,0,74.0,127.076923077,38.0,0.738924309302,229.0,50.388432034,76.0
2016-08-23,1,0,26.0,34.0,0,74.0,115.307692308,38.0,0.726266080443,229.0,42.4506675047,72.0
2016-08-24,2,0,27.0,36.0,1,72.0,107.615384615,38.0,0.698535329149,229.0,40.4960367701,77.0
2016-08-25,3,0,26.0,37.0,1,74.0,99.6923076923,38.0,0.721153846154,229.0,35.3017424181,78.0
2016-08-26,4,0,22.0,29.0,0,75.0,91.3846153846,38.0,0.723045070871,229.0,25.3059386814,76.0
2016-08-27,5,1,20.0,25.0,0,75.0,85.8461538462,38.0,0.725388601036,229.0,19.5284650381,75.0
2016-08-28,6,1,20.0,29.0,1,75.0,80.2307692308,38.0,0.712064676617,229.0,7.85595165027,76.0
2016-08-29,0,0,19.0,32.0,1,75.0,78.9230769231,38.0,0.693553315002,229.0,6.98857901768,70.0
2016-08-30,1,0,22.0,32.0,1,75.0,77.0769230769,38.0,0.728291316527,229.0,5.8370374264,81.0
2016-08-31,2,0,22.0,25.0,0,76.0,76.9230769231,38.0,0.783298826777,229.0,5.70373074213,59.0
2016-09-01,3,0,22.0,24.0,0,76.0,74.3076923077,38.0,0.773053561568,229.0,5.52455519107,48.0
2016-09-02,4,0,21.0,33.0,1,76.0,71.9230769231,38.0,0.749153217772,229.0,8.73949073029,67.0
2016-09-03,5,1,24.0,34.0,1,75.0,71.0769230769,38.0,0.72864321608,229.0,8.64212881948,59.0
2016-09-04,6,1,23.0,32.0,1,75.0,70.3076923077,38.0,0.771789753826,229.0,9.21858169789,60.0
2016-09-05,0,0,24.0,31.0,1,75.0,69.0769230769,38.0,0.843537414966,229.0,9.44181809791,60.0
2016-09-06,1,0,22.0,29.0,1,72.0,68.1538461538,38.0,0.831012070566,229.0,9.69413902113,77.0
2016-09-07,2,0,22.0,32.0,1,75.0,68.1538461538,48.0,0.918414918415,229.0,9.69413902113,69.0
2016-09-08,3,0,22.0,30.0,1,72.0,67.4615384615,48.0,0.976766239924,186.0,9.2787216014,55.0
2016-09-09,4,0,24.0,31.0,0,72.0,65.8461538462,48.0,0.969609261939,186.0,9.47747251155,58.0
2016-09-10,5,1,21.0,24.0,0,72.0,64.5384615385,48.0,0.89084679393,186.0,9.29528734703,57.0
2016-09-11,6,1,21.0,27.0,1,72.0,63.0769230769,48.0,0.83950617284,148.0,8.86185896856,68.0
2016-09-12,0,0,21.0,31.0,1,72.0,62.9230769231,48.0,0.909090909091,148.0,8.75707659739,50.0
2016-09-13,1,0,21.0,32.0,1,71.0,60.5384615385,48.0,0.883838383838,94.0,7.66224896304,70.0
2016-09-14,2,0,22.0,32.0,1,71.0,61.3846153846,48.0,0.954556994161,94.0,8.04352067518,74.0
2016-09-15,3,1,24.0,29.0,0,71.0,63.3846153846,48.0,0.988031576267,93.0,7.69153842307,62.0
2016-09-16,4,1,22.0,28.0,1,71.0,63.0,48.0,1.06048906049,93.0,7.62586691163,59.0
2016-09-17,5,1,21.0,31.0,1,70.0,63.0,48.0,1.0164190774,81.0,7.62586691163,63.0
2016-09-18,6,0,21.0,31.0,1,70.0,63.2307692308,48.0,0.968931016324,81.0,7.57682545818,61.0
2016-09-19,0,0,20.0,30.0,1,70.0,63.3076923077,48.0,0.970564836913,81.0,7.54865872329,46.0
2016-09-20,1,0,19.0,28.0,1,69.0,60.9230769231,46.0,0.927441352973,81.0,7.74061753113,48.0
2016-09-21,2,0,19.0,29.0,1,69.0,59.3076923077,46.0,0.853289292596,81.0,8.07069356837,65.0
2016-09-22,3,0,19.0,30.0,1,69.0,60.0769230769,46.0,0.86319218241,81.0,8.09996712682,69.0
2016-09-23,4,0,21.0,31.0,1,69.0,60.9230769231,46.0,0.986449864499,81.0,8.40751988,70.0
2016-09-24,5,1,22.0,32.0,1,69.0,61.9230769231,46.0,1.09589041096,81.0,8.65102518124,60.0
2016-09-25,6,1,25.0,34.0,1,69.0,61.3076923077,46.0,1.06903035187,81.0,8.4797007874,79.0
2016-09-26,0,0,25.0,35.0,1,69.0,63.5384615385,46.0,1.10582010582,81.0,9.00952815819,59.0
2016-09-27,1,0,21.0,30.0,1,69.0,62.6923076923,46.0,1.06280193237,81.0,8.87853604863,64.0
2016-09-28,2,0,18.0,25.0,1,69.0,61.9230769231,46.0,1.08865534896,81.0,8.27843852298,67.0
2016-09-29,3,0,15.0,17.0,0,68.0,62.3076923077,46.0,1.01414464905,79.0,8.38849592629,46.0
2016-09-30,4,0,15.0,17.0,0,68.0,61.3076923077,46.0,0.953920776071,79.0,9.43304025862,65.0
2016-10-01,5,1,17.0,19.0,0,68.0,61.4615384615,46.0,0.953145917001,79.0,9.47559930815,70.0
2016-10-02,6,1,18.0,24.0,0,69.0,62.1538461538,46.0,0.96765570703,79.0,9.74163273194,63.0
2016-10-03,0,1,20.0,29.0,1,69.0,63.4615384615,46.0,1.04761904762,79.0,8.55403984285,48.0
2016-10-04,1,1,18.0,29.0,1,69.0,63.4615384615,46.0,0.974690360797,79.0,8.55403984285,57.0
2016-10-05,2,1,19.0,30.0,1,69.0,62.8461538462,46.0,0.917280917281,79.0,8.70761076341,58.0
2016-10-06,3,1,21.0,29.0,1,69.0,62.0,46.0,0.892906053136,79.0,8.60232526704,54.0
2016-10-07,4,1,22.0,27.0,1,69.0,60.7692307692,46.0,0.929592959296,79.0,8.51382446968,58.0
2016-10-08,5,0,19.0,25.0,1,68.0,60.6153846154,46.0,0.93896713615,79.0,8.54435001388,55.0
2016-10-09,6,0,17.0,25.0,1,67.0,58.7692307692,46.0,0.927005273383,79.0,6.78407463395,59.0
2016-10-10,0,0,17.0,24.0,1,67.0,58.7692307692,46.0,0.944535969248,79.0,6.78407463395,69.0
2016-10-11,1,0,17.0,22.0,1,67.0,59.1538461538,46.0,0.987854251012,79.0,7.19878359218,59.0
2016-10-12,2,0,17.0,22.0,1,65.0,58.5384615385,46.0,1.01437483049,79.0,6.83447577884,60.0
2016-10-13,3,0,16.0,19.0,1,65.0,59.6153846154,46.0,1.02732240437,79.0,5.79838786001,51.0
2016-10-14,4,0,16.0,22.0,1,64.0,58.5384615385,46.0,0.943658062726,79.0,5.99506700566,73.0
2016-10-15,5,1,18.0,24.0,1,64.0,58.7692307692,46.0,1.01043382757,79.0,6.47068949071,75.0
2016-10-16,6,1,18.0,24.0,1,64.0,59.6923076923,46.0,1.09641873278,79.0,7.73985306345,59.0
2016-10-17,0,0,19.0,25.0,1,63.0,60.5384615385,46.0,1.14049586777,79.0,6.97925921367,57.0
2016-10-18,1,0,20.0,23.0,1,63.0,60.5384615385,46.0,1.05846494874,79.0,6.97925921367,55.0
2016-10-19,2,0,19.0,22.0,0,62.0,60.3076923077,46.0,0.95717884131,79.0,7.10779220709,66.0
2016-10-20,3,0,20.0,25.0,0,62.0,61.2307692308,46.0,0.979906413432,79.0,7.00718143878,39.0
2016-10-21,4,0,20.0,25.0,1,61.0,59.7692307692,39.0,0.900140646976,79.0,9.17483050486,71.0
2016-10-22,5,1,18.0,21.0,0,61.0,61.0,39.0,0.989319842608,79.0,9.51921134419,71.0
2016-10-23,6,1,16.0,20.0,1,61.0,61.9230769231,39.0,1.01060859855,79.0,9.85636489757,63.0
2016-10-24,0,0,15.0,17.0,0,61.0,61.4615384615,39.0,1.13041080783,79.0,9.65254358359,76.0
2016-10-25,1,0,13.0,17.0,1,61.0,62.7692307692,39.0,1.14006514658,76.0,10.3563718488,60.0
2016-10-26,2,0,15.0,20.0,0,60.0,62.7692307692,39.0,1.07859078591,76.0,10.3563718488,72.0
2016-10-27,3,0,15.0,23.0,1,60.0,64.3846153846,39.0,1.11111111111,76.0,10.0271819919,64.0
2016-10-28,4,0,11.0,15.0,0,60.0,63.6923076923,39.0,1.04199893674,76.0,9.71426085224,92.0
2016-10-29,5,1,10.0,12.0,0,60.0,65.0,39.0,1.17738187452,92.0,12.0192153846,63.0
2016-10-30,6,1,10.0,14.0,1,61.0,65.3076923077,39.0,1.12741312741,92.0,11.9124021693,59.0
2016-10-31,0,0,11.0,14.0,0,61.0,65.4615384615,39.0,1.1102464332,92.0,11.8166465672,35.0
