time_stamp,dayofweek,holiday,lt,ht,sunny,m2M,w2A,m1L,d3w3,m1Lar,w2Std,pay_sum
2016-08-01,0,0,28.0,34.0,1,126.0,96.9230769231,29.0,0.599394229236,158.0,41.0055559809,154.0
2016-08-02,1,0,28.0,34.0,0,126.0,98.0769230769,29.0,0.741095671618,158.0,42.3619232847,127.0
2016-08-03,2,0,26.0,32.0,0,127.0,97.4615384615,29.0,0.996168582375,158.0,41.876403094,152.0
2016-08-04,3,0,27.0,32.0,0,127.0,99.5384615385,29.0,1.37394891322,158.0,43.8153738116,136.0
2016-08-05,4,0,27.0,33.0,0,127.0,100.846153846,29.0,1.32948902771,158.0,44.6229436567,162.0
2016-08-06,5,1,27.0,33.0,1,127.0,109.769230769,29.0,1.37362637363,162.0,44.3606787875,37.0
2016-08-07,6,1,27.0,34.0,1,127.0,110.384615385,29.0,1.02681992337,162.0,43.2782383787,36.0
2016-08-08,0,0,27.0,34.0,0,127.0,102.769230769,29.0,0.759043927649,162.0,46.8404063671,141.0
2016-08-09,1,0,28.0,34.0,1,127.0,103.076923077,29.0,0.690545337206,162.0,47.0767973855,141.0
2016-08-10,2,0,28.0,34.0,1,128.0,105.846153846,29.0,1.02316602317,162.0,48.154952064,133.0
2016-08-11,3,0,28.0,35.0,1,130.0,108.230769231,29.0,1.33012820513,162.0,48.6702465518,154.0
2016-08-12,4,0,28.0,34.0,1,131.0,111.615384615,29.0,1.34909377463,162.0,50.1820354947,153.0
2016-08-13,5,1,28.0,35.0,1,131.0,119.769230769,29.0,1.3201320132,162.0,47.5639712487,50.0
2016-08-14,6,1,28.0,36.0,1,130.0,121.230769231,29.0,1.06107891217,162.0,45.0387078756,39.0
2016-08-15,0,0,28.0,35.0,1,128.0,112.384615385,29.0,0.751436112405,162.0,48.8648661917,144.0
2016-08-16,1,0,28.0,35.0,1,128.0,113.692307692,29.0,0.721138966264,162.0,49.4623160604,151.0
2016-08-17,2,0,28.0,35.0,1,130.0,113.615384615,29.0,1.01212121212,162.0,49.4034232099,122.0
2016-08-18,3,0,28.0,36.0,1,130.0,112.538461538,29.0,1.25225225225,162.0,49.0550952182,156.0
2016-08-19,4,0,29.0,36.0,1,130.0,112.076923077,29.0,1.26213592233,162.0,48.6138023112,146.0
2016-08-20,5,1,28.0,37.0,0,131.0,120.461538462,29.0,1.19520789288,162.0,44.1354826461,29.0
2016-08-21,6,1,28.0,35.0,0,131.0,119.923076923,29.0,0.933841162364,162.0,45.1926841228,34.0
2016-08-22,0,0,28.0,35.0,1,130.0,111.692307692,29.0,0.621191856145,162.0,50.0835987515,145.0
2016-08-23,1,0,26.0,34.0,1,130.0,112.0,29.0,0.613297950759,162.0,50.2746303968,133.0
2016-08-24,2,0,26.0,34.0,1,131.0,112.0,29.0,0.92774308653,162.0,50.2746303968,109.0
2016-08-25,3,0,27.0,35.0,1,131.0,108.538461538,29.0,1.16478555305,162.0,48.7909439652,140.0
2016-08-26,4,0,26.0,34.0,0,131.0,107.538461538,29.0,1.16127070983,162.0,47.9961783489,145.0
2016-08-27,5,1,23.0,31.0,1,131.0,114.846153846,29.0,1.14153266696,162.0,45.864090451,46.0
2016-08-28,6,1,22.0,30.0,1,131.0,115.384615385,29.0,0.954853598731,162.0,45.0034844147,35.0
2016-08-29,0,0,23.0,31.0,1,131.0,107.0,29.0,0.683295540438,162.0,48.8781845313,141.0
2016-08-30,1,0,23.0,31.0,1,131.0,106.230769231,29.0,0.671201814059,162.0,48.2543801856,105.0
2016-08-31,2,0,25.0,34.0,1,131.0,104.923076923,29.0,0.860511407135,162.0,48.0391851889,142.0
2016-09-01,3,0,26.0,33.0,1,133.0,103.846153846,29.0,1.194765204,162.0,47.0283812081,154.0
2016-09-02,4,0,25.0,34.0,1,133.0,104.461538462,29.0,1.23422591567,162.0,47.6245175782,119.0
2016-09-03,5,1,25.0,35.0,1,133.0,111.384615385,29.0,1.23788217748,162.0,42.4074348734,48.0
2016-09-04,6,1,25.0,33.0,1,133.0,112.461538462,29.0,0.953654188948,156.0,40.5664040321,32.0
2016-09-05,0,0,25.0,30.0,0,130.0,103.769230769,29.0,0.622263914947,156.0,44.5717293052,120.0
2016-09-06,1,0,22.0,27.0,0,127.0,102.769230769,29.0,0.634618435666,156.0,44.0474461779,140.0
2016-09-07,2,0,20.0,24.0,0,130.0,105.153846154,29.0,0.918672329715,156.0,45.1456551344,89.0
2016-09-08,3,0,22.0,29.0,1,130.0,101.230769231,29.0,1.1338531514,156.0,44.1521039592,115.0
2016-09-09,4,0,23.0,31.0,1,127.0,98.9230769231,29.0,1.13475177305,156.0,42.559391151,160.0
2016-09-10,5,1,24.0,29.0,1,127.0,107.692307692,29.0,1.12763320942,160.0,42.4959448118,53.0
2016-09-11,6,1,23.0,26.0,0,127.0,109.076923077,29.0,1.00721633656,160.0,40.3436422185,36.0
2016-09-12,0,0,23.0,29.0,1,125.0,101.0,29.0,0.805043646945,160.0,43.5289470441,66.0
2016-09-13,1,0,23.0,30.0,1,122.0,98.0,29.0,0.517961570593,160.0,44.483359032,145.0
2016-09-14,2,0,22.0,24.0,0,125.0,98.2307692308,29.0,0.810766453307,160.0,44.7181839561,114.0
2016-09-15,3,1,23.0,26.0,0,125.0,95.1538461538,29.0,1.08063175395,160.0,42.0729150109,23.0
2016-09-16,4,1,23.0,27.0,0,122.0,87.7692307692,23.0,0.998406797663,160.0,45.5228663525,24.0
2016-09-17,5,1,23.0,27.0,0,120.0,85.9230769231,23.0,0.576750850797,160.0,47.5402041005,36.0
2016-09-18,6,0,23.0,28.0,0,119.0,86.2307692308,23.0,0.297171500179,160.0,47.2019456023,112.0
2016-09-19,0,0,21.0,27.0,0,119.0,85.6153846154,23.0,0.625568285143,160.0,46.8081821604,134.0
2016-09-20,1,0,20.0,26.0,1,119.0,85.1538461538,23.0,1.0096670247,160.0,46.2964463728,160.0
2016-09-21,2,0,20.0,27.0,1,120.0,90.6153846154,23.0,1.43971631206,160.0,50.4312761039,142.0
2016-09-22,3,0,21.0,27.0,1,122.0,92.6923076923,23.0,1.55603140614,160.0,51.9265525902,138.0
2016-09-23,4,0,21.0,27.0,1,122.0,91.0,23.0,1.55449567214,160.0,50.0292222298,128.0
2016-09-24,5,1,22.0,28.0,1,122.0,96.7692307692,23.0,1.38281647178,160.0,49.6373833163,61.0
2016-09-25,6,1,23.0,29.0,1,122.0,98.6923076923,23.0,1.09218436874,160.0,47.6919354824,53.0
2016-09-26,0,0,24.0,31.0,1,122.0,97.6923076923,23.0,0.836357352687,160.0,48.4964465239,156.0
2016-09-27,1,0,25.0,30.0,0,127.0,98.5384615385,23.0,0.925449871465,160.0,49.4019859218,163.0
2016-09-28,2,0,22.0,28.0,0,128.0,102.307692308,23.0,1.22833085686,163.0,52.2264074309,145.0
2016-09-29,3,0,22.0,25.0,0,133.0,111.692307692,23.0,1.50967951846,163.0,47.9156062828,146.0
2016-09-30,4,0,23.0,28.0,0,133.0,121.076923077,23.0,1.48730548731,163.0,41.3139230367,147.0
2016-10-01,5,1,24.0,29.0,0,133.0,129.615384615,23.0,1.37153593236,163.0,33.5983938754,17.0
2016-10-02,6,1,24.0,32.0,1,133.0,122.307692308,17.0,0.979462875197,163.0,45.0237281294,29.0
2016-10-03,0,1,22.0,26.0,1,128.0,114.230769231,17.0,0.620678565686,163.0,51.1966853587,26.0
2016-10-04,1,1,22.0,26.0,1,122.0,103.923076923,17.0,0.245649948823,163.0,54.3372114152,22.0
2016-10-05,2,1,22.0,27.0,1,122.0,94.6923076923,17.0,0.275689223058,163.0,57.2019158036,32.0
2016-10-06,3,1,22.0,26.0,0,122.0,86.5384615385,17.0,0.285052556565,163.0,57.9968372939,37.0
2016-10-07,4,1,20.0,25.0,0,120.0,79.5384615385,17.0,0.322009907997,163.0,58.0617912024,39.0
2016-10-08,5,0,17.0,22.0,0,119.0,77.8461538462,17.0,0.381558028617,163.0,58.8921388953,98.0
2016-10-09,6,0,18.0,22.0,1,115.0,81.3076923077,17.0,0.619327282435,163.0,58.652017626,131.0
2016-10-10,0,0,18.0,22.0,1,115.0,79.3846153846,17.0,0.955436720143,163.0,56.5434325392,124.0
2016-10-11,1,0,19.0,25.0,1,115.0,76.3846153846,17.0,1.28316975645,163.0,52.9477804598,160.0
2016-10-12,2,0,19.0,23.0,1,119.0,77.5384615385,17.0,1.49388048956,163.0,54.569102817,175.0
2016-10-13,3,0,19.0,23.0,1,120.0,79.7692307692,17.0,1.61990471149,175.0,57.8182215704,139.0
2016-10-14,4,0,19.0,23.0,0,120.0,79.1538461538,17.0,1.66315789474,175.0,57.1379520295,138.0
2016-10-15,5,1,21.0,25.0,1,120.0,88.4615384615,17.0,1.52419490811,175.0,56.1010289013,61.0
2016-10-16,6,1,20.0,26.0,1,119.0,90.9230769231,17.0,1.13518052057,175.0,54.1045448659,52.0
2016-10-17,0,0,20.0,25.0,1,115.0,92.9230769231,17.0,0.889597731703,175.0,52.1115099326,159.0
2016-10-18,1,0,20.0,25.0,1,115.0,103.461538462,17.0,0.966080625111,175.0,50.5319630525,164.0
2016-10-19,2,0,20.0,24.0,0,119.0,113.615384615,17.0,1.31856540084,175.0,48.3680416765,150.0
2016-10-20,3,0,20.0,23.0,0,120.0,122.307692308,17.0,1.65964912281,175.0,43.7517201691,152.0
2016-10-21,4,0,0.0,21.0,0,120.0,131.0,17.0,1.63079615048,175.0,37.0488243351,141.0
2016-10-22,5,1,19.0,23.0,0,120.0,134.307692308,17.0,1.45556103171,175.0,35.8552316006,35.0
2016-10-23,6,1,18.0,23.0,1,120.0,126.923076923,17.0,1.07452907453,175.0,44.5964150654,77.0
2016-10-24,0,0,20.0,24.0,1,119.0,123.307692308,17.0,0.808565036753,175.0,46.5492041003,147.0
2016-10-25,1,0,18.0,22.0,1,119.0,122.307692308,17.0,0.780943766018,175.0,45.8851150917,165.0
2016-10-26,2,0,19.0,21.0,0,120.0,121.538461538,17.0,1.106370876,175.0,45.071934615,128.0
2016-10-27,3,0,18.0,22.0,0,124.0,120.692307692,17.0,1.20465434634,175.0,44.8388303824,148.0
2016-10-28,4,0,15.0,20.0,0,124.0,121.461538462,17.0,1.15566037736,175.0,45.2133666155,152.0
2016-10-29,5,1,13.0,17.0,1,128.0,128.461538462,17.0,1.09828072877,175.0,42.2585728847,56.0
2016-10-30,6,1,14.0,18.0,1,124.0,128.769230769,17.0,0.940679085744,175.0,41.7117468165,57.0
2016-10-31,0,0,13.0,17.0,0,120.0,120.923076923,22.0,0.719326818675,175.0,44.7685699132,176.0
