time_stamp,dayofweek,holiday,lt,ht,sunny,m2M,w2A,m1L,d3w3,m1Lar,w2Std,pay_sum
2016-08-01,0,0,23.0,31.0,1,2.0,11.3846153846,2.0,5.26748971193,49.0,17.2695305782,27.0
2016-08-02,1,0,23.0,32.0,1,2.0,13.3076923077,2.0,4.09982174688,49.0,17.5077328646,26.0
2016-08-03,2,0,24.0,32.0,1,2.0,15.1538461538,2.0,2.90679304897,49.0,17.4833817968,23.0
2016-08-04,3,0,23.0,34.0,1,2.0,16.7692307692,2.0,2.18390804598,49.0,17.160571293,36.0
2016-08-05,4,0,24.0,31.0,1,2.0,19.3846153846,2.0,2.13032581454,49.0,17.3006823411,38.0
2016-08-06,5,1,24.0,32.0,1,2.0,22.1538461538,2.0,2.1412803532,49.0,17.177114264,67.0
2016-08-07,6,1,23.0,32.0,1,2.0,27.1538461538,2.0,2.56130790191,67.0,19.8372072858,48.0
2016-08-08,0,0,23.0,30.0,0,2.0,30.6923076923,2.0,2.46973365617,67.0,19.1246301739,52.0
2016-08-09,1,0,22.0,32.0,0,2.0,34.5384615385,2.0,2.40460763139,67.0,17.9598500277,57.0
2016-08-10,2,0,22.0,33.0,0,2.0,38.7692307692,2.0,2.02059202059,67.0,16.1871451664,45.0
2016-08-11,3,0,24.0,34.0,1,2.0,42.0769230769,2.0,1.83006535948,67.0,12.2503471754,29.0
2016-08-12,4,0,24.0,34.0,0,2.0,41.2307692308,2.0,1.48526077098,67.0,12.7348935917,35.0
2016-08-13,5,1,24.0,35.0,1,2.0,40.1538461538,2.0,1.17015566291,67.0,12.6238245689,48.0
2016-08-14,6,1,25.0,35.0,1,2.0,40.8461538462,2.0,1.11944027986,67.0,12.7872902876,61.0
2016-08-15,0,0,24.0,32.0,0,2.0,43.4615384615,2.0,1.32231404959,67.0,13.1594679844,29.0
2016-08-16,1,0,25.0,35.0,1,2.0,43.6923076923,2.0,1.22177954847,67.0,12.8744506403,45.0
2016-08-17,2,0,25.0,36.0,1,2.0,45.3846153846,2.0,1.13065326633,67.0,11.4053864571,37.0
2016-08-18,3,0,27.0,35.0,1,2.0,45.4615384615,2.0,0.890493381468,67.0,11.3450455782,34.0
2016-08-19,4,0,26.0,37.0,1,2.0,45.1538461538,2.0,0.937373737374,67.0,11.5947345732,39.0
2016-08-20,5,1,26.0,37.0,1,2.0,43.0,2.0,0.899795501022,67.0,9.79795897113,56.0
2016-08-21,6,1,26.0,37.0,1,2.0,43.6153846154,2.0,1.03365384615,67.0,10.329483281,67.0
2016-08-22,0,0,26.0,36.0,1,2.0,44.7692307692,2.0,1.23853211009,67.0,11.9173683605,41.0
2016-08-23,1,0,26.0,36.0,1,2.0,43.5384615385,2.0,1.23261931605,67.0,11.4059052493,49.0
2016-08-24,2,0,26.0,36.0,1,2.0,43.8461538462,2.0,1.14640379701,67.0,11.4947891462,48.0
2016-08-25,3,0,26.0,36.0,1,2.0,45.3076923077,2.0,0.994594594595,67.0,10.6942444289,57.0
2016-08-26,4,0,25.0,32.0,1,2.0,47.0,2.0,1.08757062147,67.0,10.6698713135,142.0
2016-08-27,5,1,22.0,32.0,1,2.0,54.2307692308,23.0,1.61596336277,142.0,27.4902887641,141.0
2016-08-28,6,1,22.0,32.0,1,23.0,60.3846153846,23.0,2.03836930456,142.0,35.964808572,121.0
2016-08-29,0,0,19.0,23.0,0,26.0,67.4615384615,23.0,2.2805532035,142.0,38.0821286263,61.0
2016-08-30,1,0,19.0,23.0,1,27.0,68.6923076923,23.0,1.81715893108,142.0,37.5917024711,56.0
2016-08-31,2,0,19.0,27.0,1,29.0,70.1538461538,23.0,1.32664437012,142.0,36.6896467347,61.0
2016-09-01,3,0,19.0,28.0,1,29.0,72.2307692308,23.0,0.966340933768,142.0,35.3230233181,46.0
2016-09-02,4,0,20.0,29.0,1,34.0,72.7692307692,29.0,0.877051385526,142.0,34.8627062063,58.0
2016-09-03,5,1,19.0,28.0,0,35.0,72.9230769231,29.0,0.880704563651,142.0,34.792708207,85.0
2016-09-04,6,1,20.0,23.0,0,36.0,74.3076923077,29.0,0.989787902592,142.0,34.8874776198,75.0
2016-09-05,0,0,19.0,23.0,0,37.0,76.9230769231,29.0,1.10184483194,142.0,33.5409314546,41.0
2016-09-06,1,0,19.0,27.0,1,38.0,76.3076923077,29.0,1.01901140684,142.0,34.1160567101,41.0
2016-09-07,2,0,20.0,26.0,1,39.0,75.7692307692,29.0,0.793530452363,142.0,34.6102560303,59.0
2016-09-08,3,0,20.0,27.0,1,39.0,75.9230769231,29.0,0.699404761905,142.0,34.5308369175,33.0
2016-09-09,4,0,20.0,29.0,1,39.0,67.5384615385,29.0,0.662680617838,142.0,30.4621212065,43.0
2016-09-10,5,1,20.0,32.0,1,40.0,60.0,29.0,0.679245283019,142.0,22.4122219404,58.0
2016-09-11,6,1,19.0,33.0,1,41.0,55.1538461538,29.0,0.678824721378,142.0,13.8888231425,64.0
2016-09-12,0,0,19.0,27.0,1,41.0,55.3846153846,29.0,0.821508588499,142.0,14.008450535,22.0
2016-09-13,1,0,19.0,24.0,0,41.0,52.7692307692,22.0,0.731707317073,142.0,16.5861566288,39.0
2016-09-14,2,0,19.0,21.0,0,41.0,51.0769230769,22.0,0.639549756971,142.0,16.7812236579,56.0
2016-09-15,3,1,18.0,27.0,1,41.0,51.8461538462,22.0,0.599078341014,142.0,16.7600539463,121.0
2016-09-16,4,1,19.0,28.0,1,43.0,56.6923076923,22.0,1.12412177986,142.0,24.9472816937,94.0
2016-09-17,5,1,19.0,26.0,1,45.0,57.3846153846,22.0,1.4640734738,142.0,25.8324139303,88.0
2016-09-18,6,0,17.0,21.0,0,45.0,58.3846153846,22.0,1.68193172356,142.0,26.7309629213,36.0
2016-09-19,0,0,18.0,21.0,0,45.0,58.0,22.0,1.2358276644,142.0,27.0128174705,46.0
2016-09-20,1,0,17.0,20.0,0,46.0,58.3846153846,22.0,0.971983990852,142.0,26.8028082959,37.0
2016-09-21,2,0,17.0,26.0,1,46.0,56.6923076923,22.0,0.694687682428,142.0,27.3984407624,31.0
2016-09-22,3,0,18.0,23.0,0,46.0,56.5384615385,22.0,0.674356699201,142.0,27.5363127653,35.0
2016-09-23,4,0,18.0,22.0,0,46.0,55.9230769231,22.0,0.621980676329,142.0,27.9187324444,52.0
2016-09-24,5,1,17.0,24.0,1,46.0,55.4615384615,22.0,0.734516028634,142.0,27.9301749826,118.0
2016-09-25,6,1,18.0,25.0,1,48.0,59.6153846154,22.0,1.22681029324,141.0,32.5281853204,102.0
2016-09-26,0,0,20.0,23.0,1,48.0,65.7692307692,22.0,1.54326241135,121.0,32.3969463095,42.0
2016-09-27,1,0,19.0,27.0,1,48.0,66.0,22.0,1.48526077098,121.0,32.2156197185,41.0
2016-09-28,2,0,19.0,29.0,1,48.0,64.8461538462,22.0,1.065054692,121.0,32.8161455428,46.0
2016-09-29,3,0,20.0,26.0,1,48.0,59.0769230769,22.0,0.734415029889,121.0,28.7815687242,65.0
2016-09-30,4,0,20.0,28.0,1,48.0,56.8461538462,22.0,0.84939927354,121.0,27.0607469163,75.0
2016-10-01,5,1,19.0,30.0,1,48.0,55.8461538462,22.0,1.02479338843,121.0,26.114676551,127.0
2016-10-02,6,1,20.0,32.0,1,49.0,62.8461538462,22.0,1.3982717989,127.0,31.4980979984,91.0
2016-10-03,0,1,19.0,31.0,1,52.0,66.3076923077,22.0,1.45553899652,127.0,31.9263205025,103.0
2016-10-04,1,1,18.0,27.0,1,52.0,71.3846153846,22.0,1.52204836415,127.0,32.1092808571,62.0
2016-10-05,2,1,18.0,25.0,1,52.0,73.7692307692,22.0,1.20868744098,127.0,30.1104475765,80.0
2016-10-06,3,1,18.0,22.0,0,56.0,77.2307692308,22.0,1.19134451738,127.0,27.9646860994,60.0
2016-10-07,4,1,15.0,21.0,0,56.0,77.8461538462,22.0,1.00723011718,127.0,27.4866293477,82.0
2016-10-08,5,0,14.0,20.0,1,56.0,75.0769230769,22.0,1.11194590533,127.0,25.0029584048,44.0
2016-10-09,6,0,13.0,18.0,0,56.0,70.6153846154,22.0,0.926064227035,127.0,24.9754909447,48.0
2016-10-10,0,0,13.0,15.0,1,56.0,71.0769230769,22.0,0.865026099925,127.0,24.4932064002,41.0
2016-10-11,1,0,13.0,16.0,1,56.0,71.0769230769,22.0,0.659231722429,127.0,24.4932064002,35.0
2016-10-12,2,0,13.0,17.0,1,56.0,70.2307692308,31.0,0.612799604645,127.0,25.51365802,51.0
2016-10-13,3,0,14.0,21.0,1,56.0,69.1538461538,31.0,0.620268620269,127.0,26.0025032932,46.0
2016-10-14,4,0,14.0,18.0,1,56.0,66.9230769231,31.0,0.647534952171,127.0,26.6413834778,47.0
2016-10-15,5,1,15.0,21.0,1,56.0,60.7692307692,31.0,0.745341614907,127.0,20.6105045889,123.0
2016-10-16,6,1,15.0,22.0,0,56.0,63.2307692308,31.0,1.10007639419,127.0,25.4230478296,77.0
2016-10-17,0,0,16.0,24.0,1,56.0,61.2307692308,31.0,1.2251984127,127.0,23.1355665128,47.0
2016-10-18,1,0,16.0,20.0,1,56.0,60.0769230769,31.0,1.21975308642,127.0,23.440469733,51.0
2016-10-19,2,0,16.0,20.0,0,56.0,57.8461538462,31.0,0.861008610086,127.0,22.8097352827,45.0
2016-10-20,3,0,18.0,21.0,0,56.0,56.6923076923,31.0,0.714107365793,127.0,23.0497275652,43.0
2016-10-21,4,0,18.0,21.0,1,56.0,53.6923076923,35.0,0.711179329752,127.0,22.0781291549,70.0
2016-10-22,5,1,16.0,20.0,1,56.0,55.6923076923,35.0,0.845371856608,127.0,22.2861965399,98.0
2016-10-23,6,1,15.0,20.0,0,57.0,59.5384615385,35.0,1.12263899973,127.0,24.7995514371,94.0
2016-10-24,0,0,15.0,21.0,1,58.0,63.6153846154,35.0,1.40407288317,127.0,25.7548754504,49.0
2016-10-25,1,0,15.0,20.0,1,56.0,64.6923076923,35.0,1.30517194693,127.0,24.8112400564,34.0
2016-10-26,2,0,15.0,19.0,1,56.0,63.3846153846,34.0,0.995780590717,127.0,25.9215932011,44.0
2016-10-27,3,0,14.0,21.0,1,52.0,63.2307692308,34.0,0.724265754206,127.0,26.03002363,49.0
2016-10-28,4,0,10.0,17.0,1,51.0,63.3846153846,34.0,0.745305164319,127.0,25.9393922636,68.0
2016-10-29,5,1,9.0,16.0,1,51.0,59.1538461538,34.0,0.925287356322,127.0,19.5756762486,108.0
2016-10-30,6,1,10.0,16.0,1,51.0,61.5384615385,34.0,1.22950819672,127.0,23.1636830625,106.0
2016-10-31,0,0,10.0,20.0,1,52.0,66.0769230769,34.0,1.46303501946,123.0,25.5296555717,54.0
