time_stamp,dayofweek,holiday,lt,ht,sunny,m2M,w2A,m1L,d3w3,m1Lar,w2Std,pay_sum
2016-08-01,0,0,24.0,30.0,1,75.0,80.9230769231,17.0,0.589849108368,128.0,33.501920814,125.0
2016-08-02,1,0,24.0,33.0,1,75.0,84.4615384615,17.0,0.747581354442,128.0,35.4826401425,85.0
2016-08-03,2,0,25.0,34.0,1,77.0,86.2307692308,17.0,0.981409424989,128.0,34.8869687952,94.0
2016-08-04,3,0,25.0,33.0,1,77.0,83.6153846154,17.0,1.31006248653,128.0,32.8739748867,122.0
2016-08-05,4,0,25.0,32.0,1,77.0,84.4615384615,17.0,1.25809822362,128.0,33.6991563113,106.0
2016-08-06,5,1,24.0,33.0,1,77.0,87.3846153846,17.0,1.27777777778,128.0,33.7924398954,38.0
2016-08-07,6,1,23.0,31.0,1,77.0,86.7692307692,17.0,1.04621435595,128.0,34.6035877334,32.0
2016-08-08,0,0,24.0,32.0,1,77.0,81.3076923077,17.0,0.709391374446,128.0,37.1222193787,136.0
2016-08-09,1,0,25.0,33.0,1,77.0,83.0769230769,17.0,0.802649522696,136.0,39.0866129718,111.0
2016-08-10,2,0,26.0,33.0,1,79.0,83.3846153846,17.0,1.05681818182,136.0,39.2889463052,115.0
2016-08-11,3,0,27.0,34.0,1,79.0,84.0769230769,17.0,1.38141576035,136.0,39.7578469051,103.0
2016-08-12,4,0,25.0,29.0,0,79.0,85.5384615385,17.0,1.26126126126,136.0,40.0761110209,108.0
2016-08-13,5,1,24.0,31.0,0,82.0,91.6923076923,17.0,1.22166010868,136.0,36.7745409748,45.0
2016-08-14,6,1,24.0,33.0,1,79.0,93.8461538462,17.0,0.959880014998,136.0,32.9588231536,49.0
2016-08-15,0,0,21.0,29.0,0,79.0,88.0,17.0,0.781129156999,136.0,33.647493906,136.0
2016-08-16,1,0,23.0,31.0,1,79.0,91.9230769231,17.0,0.877695096356,136.0,35.9625051289,135.0
2016-08-17,2,0,23.0,28.0,0,79.0,95.0769230769,17.0,1.20187793427,136.0,37.7592811585,125.0
2016-08-18,3,0,22.0,24.0,0,84.0,95.3076923077,17.0,1.47157190635,136.0,37.9318916265,95.0
2016-08-19,4,0,22.0,32.0,1,84.0,94.4615384615,17.0,1.31117266851,136.0,37.8064206688,142.0
2016-08-20,5,1,23.0,31.0,1,85.0,102.461538462,17.0,1.25759944415,142.0,35.9713890252,32.0
2016-08-21,6,1,23.0,34.0,1,84.0,102.461538462,17.0,0.927266459841,142.0,35.9713890252,59.0
2016-08-22,0,0,23.0,32.0,1,84.0,96.5384615385,17.0,0.831548893647,142.0,36.2992167422,107.0
2016-08-23,1,0,24.0,30.0,0,84.0,96.2307692308,17.0,0.698412698413,142.0,36.1921237631,130.0
2016-08-24,2,0,24.0,31.0,0,84.0,97.3846153846,17.0,1.02457597785,142.0,37.0021589007,90.0
2016-08-25,3,0,18.0,30.0,1,85.0,96.3846153846,17.0,1.1510031679,142.0,37.0125518451,104.0
2016-08-26,4,0,17.0,29.0,1,85.0,96.0769230769,17.0,1.14164904863,142.0,36.9312490956,82.0
2016-08-27,5,1,20.0,32.0,1,85.0,98.9230769231,17.0,0.95041322314,142.0,34.210797977,44.0
2016-08-28,6,1,18.0,31.0,1,84.0,98.5384615385,17.0,0.7871321013,142.0,34.7930483433,16.0
2016-08-29,0,0,19.0,31.0,1,84.0,89.3076923077,16.0,0.517870167761,142.0,39.2612249807,107.0
2016-08-30,1,0,19.0,31.0,1,84.0,87.1538461538,16.0,0.610380116959,142.0,37.4203691012,95.0
2016-08-31,2,0,19.0,33.0,1,85.0,84.8461538462,16.0,0.805617147081,142.0,35.9098147155,104.0
2016-09-01,3,0,19.0,27.0,1,89.0,85.5384615385,16.0,1.13019390582,142.0,36.1846023025,91.0
2016-09-02,4,0,19.0,28.0,1,90.0,81.6153846154,16.0,1.08128262491,142.0,32.4192214151,107.0
2016-09-03,5,1,20.0,30.0,1,90.0,87.3846153846,16.0,1.08828828829,142.0,29.629866589,30.0
2016-09-04,6,1,18.0,29.0,0,89.0,85.1538461538,16.0,0.830147460404,142.0,32.6233662222,42.0
2016-09-05,0,0,20.0,31.0,1,89.0,80.1538461538,16.0,0.687008251775,142.0,33.8499997815,106.0
2016-09-06,1,0,21.0,30.0,1,90.0,78.3076923077,16.0,0.694769711163,142.0,31.6650368105,79.0
2016-09-07,2,0,19.0,31.0,1,90.0,77.4615384615,16.0,0.910549538708,142.0,31.4877641305,21.0
2016-09-08,3,0,18.0,31.0,1,90.0,71.0769230769,16.0,0.864819479429,142.0,33.7899883636,72.0
2016-09-09,4,0,19.0,31.0,1,90.0,70.3076923077,16.0,0.755379885815,142.0,33.6460870176,81.0
2016-09-10,5,1,18.0,30.0,1,90.0,73.1538461538,16.0,0.740268028079,142.0,32.85597043,27.0
2016-09-11,6,1,18.0,25.0,0,90.0,74.0,16.0,0.781758957655,142.0,31.48626074,40.0
2016-09-12,0,0,18.0,27.0,1,90.0,68.8461538462,16.0,0.672116257947,142.0,31.1444430254,109.0
2016-09-13,1,0,19.0,27.0,1,91.0,69.9230769231,16.0,0.810873070721,142.0,32.2525169882,87.0
2016-09-14,2,0,20.0,30.0,1,91.0,68.6153846154,16.0,1.08956602031,142.0,31.170840569,85.0
2016-09-15,3,1,21.0,30.0,1,91.0,68.1538461538,16.0,1.31461988304,142.0,30.879034844,17.0
2016-09-16,4,1,20.0,30.0,0,91.0,61.2307692308,16.0,0.926470588235,142.0,31.476862922,19.0
2016-09-17,5,1,17.0,24.0,1,91.0,60.3846153846,16.0,0.604244694132,142.0,32.4381979523,17.0
2016-09-18,6,0,15.0,22.0,0,91.0,58.4615384615,16.0,0.264471057884,130.0,34.1661447018,53.0
2016-09-19,0,0,13.0,25.0,1,90.0,54.3846153846,16.0,0.462818512741,130.0,31.291528619,107.0
2016-09-20,1,0,14.0,26.0,1,90.0,56.5384615385,16.0,0.911901081917,130.0,33.7766769432,103.0
2016-09-21,2,0,16.0,23.0,0,91.0,62.8461538462,16.0,1.35601959268,130.0,34.2049167717,117.0
2016-09-22,3,0,17.0,26.0,0,94.0,66.3076923077,16.0,1.65276724792,117.0,37.1097843523,85.0
2016-09-23,4,0,19.0,27.0,1,91.0,66.6153846154,16.0,1.56772038036,117.0,37.2466590377,117.0
2016-09-24,5,1,20.0,29.0,1,91.0,73.5384615385,16.0,1.5366088632,117.0,37.6024045561,43.0
2016-09-25,6,1,19.0,27.0,1,90.0,73.7692307692,16.0,1.17930204573,117.0,37.404553088,28.0
2016-09-26,0,0,19.0,24.0,0,87.0,67.5384615385,16.0,0.958939046162,117.0,37.7616316968,105.0
2016-09-27,1,0,12.0,23.0,1,90.0,68.9230769231,17.0,0.880220055014,117.0,38.7664834191,101.0
2016-09-28,2,0,10.0,20.0,1,91.0,70.1538461538,17.0,1.10403397028,117.0,39.5043252819,95.0
2016-09-29,3,0,12.0,22.0,1,94.0,76.1538461538,17.0,1.3974001857,117.0,36.8068684097,98.0
2016-09-30,4,0,14.0,24.0,1,94.0,82.2307692308,17.0,1.34893324157,117.0,33.2152741652,109.0
2016-10-01,5,1,15.0,26.0,1,95.0,89.3076923077,17.0,1.31161780673,117.0,27.9460596242,28.0
2016-10-02,6,1,16.0,26.0,1,95.0,87.3846153846,17.0,1.02867148172,117.0,31.0645443739,26.0
2016-10-03,0,1,16.0,28.0,1,91.0,81.1538461538,17.0,0.75462962963,117.0,34.4447074283,21.0
2016-10-04,1,1,11.0,19.0,0,90.0,74.8461538462,17.0,0.363901018923,117.0,37.2596836228,26.0
2016-10-05,2,1,13.0,21.0,1,90.0,67.8461538462,17.0,0.370088719899,117.0,37.2307692308,22.0
2016-10-06,3,1,14.0,17.0,0,90.0,63.0,17.0,0.348484848485,117.0,38.7516749018,26.0
2016-10-07,4,1,12.0,16.0,0,87.0,56.0,17.0,0.371765887968,117.0,36.5197522951,40.0
2016-10-08,5,0,5.0,19.0,1,85.0,55.7692307692,17.0,0.434567901235,117.0,36.6105362013,114.0
2016-10-09,6,0,8.0,18.0,1,85.0,62.3846153846,17.0,0.850460666194,117.0,38.7050751225,85.0
2016-10-10,0,0,10.0,20.0,1,85.0,60.8461538462,17.0,1.14710823134,117.0,37.3545304715,107.0
2016-10-11,1,0,10.0,20.0,1,85.0,61.3076923077,17.0,1.46446518306,117.0,37.8811595456,112.0
2016-10-12,2,0,10.0,19.0,1,85.0,62.6153846154,17.0,1.46013448607,117.0,39.2889463052,100.0
2016-10-13,3,0,12.0,22.0,1,87.0,62.7692307692,17.0,1.51579947731,117.0,39.4308622707,110.0
2016-10-14,4,0,13.0,23.0,1,87.0,62.8461538462,17.0,1.53772683859,117.0,39.5218462545,101.0
2016-10-15,5,1,11.0,17.0,0,87.0,68.4615384615,17.0,1.42595139844,117.0,39.3575628244,39.0
2016-10-16,6,1,12.0,20.0,1,85.0,69.4615384615,17.0,1.13765642776,117.0,38.419977545,29.0
2016-10-17,0,0,9.0,21.0,1,85.0,70.0769230769,21.0,0.811135109191,117.0,37.6960751649,124.0
2016-10-18,1,0,12.0,20.0,1,85.0,77.6153846154,21.0,0.906515580737,124.0,37.9261193974,105.0
2016-10-19,2,0,14.0,22.0,1,85.0,84.0,21.0,1.20956399437,124.0,34.8910391846,84.0
2016-10-20,3,0,11.0,15.0,0,85.0,88.4615384615,21.0,1.48200757576,124.0,30.6383755962,89.0
2016-10-21,4,0,11.0,11.0,0,85.0,92.2307692308,21.0,1.33525456292,124.0,27.27397702,89.0
2016-10-22,5,1,7.0,15.0,1,85.0,90.3076923077,21.0,1.20542903152,124.0,26.5428090085,23.0
2016-10-23,6,1,0.0,5.0,1,85.0,85.5384615385,21.0,0.926694329184,124.0,32.0639154589,30.0
2016-10-24,0,0,6.0,13.0,1,85.0,79.6153846154,21.0,0.650630011455,124.0,34.5666323353,99.0
2016-10-25,1,0,10.0,17.0,1,85.0,78.6153846154,21.0,0.663176265271,124.0,33.7947161585,87.0
2016-10-26,2,0,0.0,10.0,1,85.0,77.6153846154,21.0,0.90395480226,124.0,33.3363706703,98.0
2016-10-27,3,0,7.0,11.0,0,87.0,76.6923076923,21.0,1.13713713714,124.0,32.5845282195,77.0
2016-10-28,4,0,2.0,13.0,1,85.0,74.8461538462,21.0,1.02624363494,124.0,31.8260806303,66.0
2016-10-29,5,1,2.0,12.0,1,85.0,76.9230769231,21.0,0.971382507054,124.0,30.261581479,38.0
2016-10-30,6,1,2.0,13.0,1,85.0,77.6153846154,21.0,0.750881559842,124.0,29.2431148018,29.0
2016-10-31,0,0,-4.0,6.0,1,84.0,70.3076923077,21.0,0.57989971659,124.0,28.6017337166,80.0
