time_stamp,dayofweek,holiday,lt,ht,sunny,m2M,w2A,m1L,d3w3,m1Lar,w2Std,pay_sum
2016-08-01,0,0,28.0,36.0,1,71.0,79.5384615385,61.0,1.14427860697,130.0,17.5482428865,62.0
2016-08-02,1,0,27.0,36.0,0,71.0,78.8461538462,61.0,1.1013400335,118.0,18.042028514,63.0
2016-08-03,2,0,26.0,32.0,0,71.0,79.0,61.0,0.998512853197,118.0,17.8971420151,58.0
2016-08-04,3,0,26.0,33.0,0,70.0,78.1538461538,58.0,0.78104993598,118.0,18.5963029984,63.0
2016-08-05,4,0,27.0,33.0,0,70.0,77.3076923077,58.0,0.792932557638,118.0,19.0116750178,85.0
2016-08-06,5,1,26.0,33.0,0,71.0,74.7692307692,58.0,0.90113735783,118.0,15.237372306,109.0
2016-08-07,6,1,27.0,35.0,1,71.0,75.8461538462,58.0,1.11400086693,118.0,17.0196544928,89.0
2016-08-08,0,0,27.0,34.0,0,71.0,77.5384615385,58.0,1.20708040094,118.0,17.1491887434,76.0
2016-08-09,1,0,27.0,34.0,1,71.0,77.9230769231,58.0,1.16496598639,118.0,17.0540387207,101.0
2016-08-10,2,0,28.0,35.0,1,71.0,80.2307692308,58.0,1.10281923715,118.0,17.9664381392,70.0
2016-08-11,3,0,28.0,35.0,1,71.0,80.9230769231,58.0,1.0234099855,118.0,17.3757635735,64.0
2016-08-12,4,0,28.0,36.0,1,71.0,80.0769230769,58.0,0.97977902856,118.0,17.9034227001,75.0
2016-08-13,5,1,28.0,36.0,1,72.0,78.8461538462,58.0,0.895458440446,118.0,17.6584961196,96.0
2016-08-14,6,1,28.0,37.0,1,72.0,77.7692307692,58.0,1.00620852066,118.0,16.0822589599,112.0
2016-08-15,0,0,27.0,36.0,1,72.0,81.6153846154,58.0,1.17769454848,118.0,17.7440714326,73.0
2016-08-16,1,0,27.0,36.0,1,73.0,82.3846153846,58.0,1.16791354946,118.0,17.126400949,84.0
2016-08-17,2,0,27.0,36.0,1,73.0,84.3846153846,58.0,1.10904968048,118.0,15.6133003535,75.0
2016-08-18,3,0,28.0,36.0,1,73.0,85.3076923077,58.0,0.948293480482,118.0,14.6465255286,87.0
2016-08-19,4,0,29.0,37.0,1,74.0,85.4615384615,58.0,0.99817407182,118.0,14.6529880629,78.0
2016-08-20,5,1,28.0,37.0,0,75.0,83.0769230769,58.0,0.981595092025,118.0,13.06470017,93.0
2016-08-21,6,1,28.0,35.0,0,75.0,83.3846153846,58.0,1.06633601984,118.0,13.2464129341,97.0
2016-08-22,0,0,27.0,35.0,1,75.0,85.0,58.0,1.08414239482,112.0,13.5249058009,63.0
2016-08-23,1,0,26.0,35.0,1,75.0,82.0769230769,58.0,1.02346278317,112.0,13.8534168985,86.0
2016-08-24,2,0,25.0,34.0,1,75.0,83.3076923077,58.0,0.978520286396,112.0,13.4300731162,85.0
2016-08-25,3,0,26.0,35.0,1,75.0,84.9230769231,58.0,0.918727915194,112.0,12.2189105549,70.0
2016-08-26,4,0,24.0,32.0,0,75.0,84.5384615385,58.0,0.954644484056,112.0,12.5980180652,79.0
2016-08-27,5,1,23.0,30.0,1,76.0,83.2307692308,58.0,0.943738656987,112.0,12.2169733514,105.0
2016-08-28,6,1,20.0,31.0,1,78.0,82.6923076923,58.0,1.01457958858,112.0,11.0341052782,83.0
2016-08-29,0,0,20.0,32.0,1,78.0,83.4615384615,58.0,1.06205250597,112.0,10.6743069284,80.0
2016-08-30,1,0,21.0,31.0,1,78.0,83.1538461538,58.0,1.07955689829,112.0,10.7119354988,66.0
2016-08-31,2,0,23.0,33.0,1,78.0,82.4615384615,58.0,0.924692105794,112.0,11.4798511423,69.0
2016-09-01,3,0,24.0,33.0,1,76.0,81.0769230769,58.0,0.865539452496,112.0,11.9258061393,41.0
2016-09-02,4,0,24.0,34.0,1,76.0,78.2307692308,41.0,0.72338676531,112.0,16.0295584955,59.0
2016-09-03,5,1,22.0,34.0,1,75.0,75.6153846154,41.0,0.710830704522,112.0,16.1794668617,112.0
2016-09-04,6,1,23.0,32.0,1,76.0,76.7692307692,41.0,0.891692954784,112.0,18.0859224735,114.0
2016-09-05,0,0,24.0,32.0,1,78.0,80.6923076923,41.0,1.16851168512,114.0,20.0935681075,37.0
2016-09-06,1,0,21.0,26.0,0,78.0,76.9230769231,37.0,1.11040743086,114.0,23.1133046549,75.0
2016-09-07,2,0,21.0,25.0,0,76.0,76.1538461538,37.0,0.954190415875,114.0,22.9978131196,46.0
2016-09-08,3,0,21.0,30.0,1,75.0,74.3076923077,37.0,0.684872128305,114.0,24.341748295,52.0
2016-09-09,4,0,22.0,32.0,1,75.0,72.2307692308,37.0,0.76278659612,114.0,24.995857645,65.0
2016-09-10,5,1,23.0,29.0,1,75.0,69.1538461538,37.0,0.732255166217,114.0,23.1677698998,103.0
2016-09-11,6,1,21.0,28.0,1,75.0,70.6923076923,37.0,0.984340044743,114.0,24.652616074,103.0
2016-09-12,0,0,21.0,29.0,1,75.0,72.4615384615,37.0,1.18082788671,114.0,26.0432048855,50.0
2016-09-13,1,0,21.0,30.0,1,75.0,71.2307692308,37.0,1.14234716644,114.0,26.6895365442,53.0
2016-09-14,2,0,21.0,24.0,0,75.0,70.0,37.0,0.93935248518,114.0,27.1293199325,49.0
2016-09-15,3,1,21.0,25.0,0,75.0,70.6153846154,37.0,0.703215359704,114.0,26.5490502844,49.0
2016-09-16,4,1,22.0,25.0,0,75.0,69.8461538462,37.0,0.713442003307,114.0,27.0152269139,49.0
2016-09-17,5,1,21.0,27.0,1,75.0,65.0,37.0,0.723247232472,114.0,24.5576245406,49.0
2016-09-18,6,0,21.0,27.0,1,75.0,60.0,37.0,0.741862225587,114.0,20.3242939134,74.0
2016-09-19,0,0,20.0,26.0,1,75.0,62.8461538462,37.0,0.871989860583,114.0,19.4771904223,77.0
2016-09-20,1,0,19.0,26.0,1,75.0,63.0,37.0,1.0055304173,114.0,19.5802097891,54.0
2016-09-21,2,0,18.0,26.0,1,75.0,63.6153846154,37.0,1.04246122553,114.0,19.1573984967,50.0
2016-09-22,3,0,17.0,27.0,1,74.0,63.4615384615,37.0,0.914141414141,114.0,19.2578271185,42.0
2016-09-23,4,0,19.0,27.0,1,74.0,61.6923076923,37.0,0.746994116142,114.0,20.0744177629,57.0
2016-09-24,5,1,19.0,28.0,1,74.0,58.1538461538,37.0,0.79594017094,114.0,16.1523808859,93.0
2016-09-25,6,1,21.0,29.0,1,75.0,57.3846153846,37.0,1.04319478403,114.0,14.1069457063,107.0
2016-09-26,0,0,23.0,30.0,1,75.0,61.7692307692,37.0,1.32099717296,114.0,19.1035793914,44.0
2016-09-27,1,0,23.0,30.0,1,75.0,61.0769230769,37.0,1.28488678252,114.0,19.566303603,37.0
2016-09-28,2,0,21.0,26.0,0,74.0,60.1538461538,37.0,0.997083001856,114.0,20.3804059514,32.0
2016-09-29,3,0,20.0,23.0,0,73.0,58.8461538462,32.0,0.609000269469,114.0,21.5650934252,46.0
2016-09-30,4,0,21.0,24.0,0,73.0,58.6153846154,32.0,0.629447181171,114.0,21.6849414662,74.0
2016-10-01,5,1,22.0,25.0,0,74.0,60.5384615385,32.0,0.85225679843,114.0,21.8548195164,105.0
2016-10-02,6,1,21.0,30.0,0,74.0,62.9230769231,32.0,1.25944584383,114.0,24.6996155014,91.0
2016-10-03,0,1,19.0,25.0,1,75.0,64.0,32.0,1.46103896104,114.0,25.5794388583,108.0
2016-10-04,1,1,21.0,27.0,1,75.0,68.1538461538,32.0,1.57472157472,108.0,27.8977422683,90.0
2016-10-05,2,1,20.0,28.0,1,75.0,71.2307692308,32.0,1.45080321285,108.0,27.9316579313,88.0
2016-10-06,3,1,20.0,25.0,1,75.0,74.7692307692,32.0,1.39478176055,108.0,26.8991102116,89.0
2016-10-07,4,1,18.0,22.0,0,75.0,77.2307692308,32.0,1.26510305615,108.0,26.6231647144,93.0
2016-10-08,5,0,16.0,23.0,1,75.0,77.2307692308,32.0,1.24052377671,108.0,26.6231647144,47.0
2016-10-09,6,0,14.0,21.0,1,75.0,72.6153846154,32.0,1.07209737828,108.0,26.2606416863,48.0
2016-10-10,0,0,15.0,22.0,1,75.0,72.9230769231,32.0,0.898446833931,108.0,25.9450945073,37.0
2016-10-11,1,0,17.0,23.0,1,74.0,72.9230769231,32.0,0.638606676343,108.0,25.9450945073,70.0
2016-10-12,2,0,17.0,22.0,1,74.0,75.8461538462,32.0,0.739151168336,108.0,23.1611284229,53.0
2016-10-13,3,0,17.0,20.0,1,73.0,76.3846153846,32.0,0.757038088479,108.0,22.5338666884,75.0
2016-10-14,4,0,18.0,21.0,1,74.0,76.4615384615,32.0,0.925017519271,108.0,22.527300991,74.0
2016-10-15,5,1,19.0,21.0,0,74.0,74.0769230769,32.0,0.956439393939,108.0,20.9668659426,121.0
2016-10-16,6,1,18.0,25.0,1,74.0,76.3846153846,32.0,1.26582278481,121.0,24.1168261132,106.0
2016-10-17,0,0,18.0,25.0,1,74.0,76.2307692308,32.0,1.35220125786,121.0,23.9202323315,51.0
2016-10-18,1,0,18.0,24.0,1,70.0,73.2307692308,32.0,1.23720516244,121.0,24.4450839675,48.0
2016-10-19,2,0,19.0,22.0,0,70.0,70.1538461538,32.0,0.902686041391,121.0,24.9055018755,79.0
2016-10-20,3,0,19.0,22.0,0,70.0,69.3846153846,32.0,0.767076061194,121.0,24.4620222497,76.0
2016-10-21,4,0,20.0,22.0,0,70.0,68.0769230769,32.0,0.873681945341,121.0,23.6039812107,59.0
2016-10-22,5,1,19.0,22.0,0,70.0,69.0,32.0,0.94921268574,121.0,22.9882913341,123.0
2016-10-23,6,1,16.0,22.0,1,70.0,74.7692307692,32.0,1.12052117264,123.0,26.1832413994,136.0
2016-10-24,0,0,17.0,23.0,1,70.0,82.3846153846,32.0,1.35636596289,136.0,28.3943072884,63.0
2016-10-25,1,0,16.0,19.0,1,69.0,81.8461538462,32.0,1.39756944444,136.0,28.6889047271,63.0
2016-10-26,2,0,17.0,20.0,0,66.0,82.6153846154,32.0,1.15596735054,136.0,28.031681147,53.0
2016-10-27,3,0,16.0,19.0,0,65.0,80.9230769231,32.0,0.809039548023,136.0,29.0846550566,63.0
2016-10-28,4,0,14.0,18.0,0,63.0,80.0769230769,37.0,0.82583621684,136.0,29.4316980834,74.0
2016-10-29,5,1,9.0,13.0,0,63.0,76.4615384615,37.0,0.860507246377,136.0,26.9661194396,119.0
2016-10-30,6,1,13.0,18.0,1,63.0,77.4615384615,37.0,1.10607042558,136.0,28.2532922101,112.0
2016-10-31,0,0,11.0,16.0,0,65.0,82.1538461538,37.0,1.25669550886,136.0,28.5329665039,53.0
