time_stamp,dayofweek,holiday,lt,ht,sunny,m2M,w2A,m1L,d3w3,m1Lar,w2Std,pay_sum
2016-08-01,0,0,27.0,37.0,1,45.0,45.0,45.0,1.0,45.0,0.0,45.0
2016-08-02,1,0,26.0,36.0,0,45.0,45.0,45.0,1.0,45.0,0.0,45.0
2016-08-03,2,0,25.0,31.0,0,45.0,45.0,45.0,1.0,45.0,0.0,45.0
2016-08-04,3,0,25.0,29.0,0,45.0,45.0,45.0,1.0,45.0,0.0,45.0
2016-08-05,4,0,25.0,31.0,0,45.0,45.0,45.0,1.0,45.0,0.0,45.0
2016-08-06,5,1,24.0,32.0,0,45.0,45.0,45.0,1.0,45.0,0.0,45.0
2016-08-07,6,1,25.0,32.0,0,45.0,45.0,45.0,1.0,45.0,0.0,45.0
2016-08-08,0,0,26.0,32.0,0,45.0,45.0,45.0,1.0,45.0,0.0,45.0
2016-08-09,1,0,26.0,32.0,0,45.0,45.0,45.0,1.0,45.0,0.0,45.0
2016-08-10,2,0,26.0,34.0,0,45.0,45.0,45.0,1.0,45.0,0.0,45.0
2016-08-11,3,0,27.0,35.0,0,45.0,45.0,45.0,1.0,45.0,0.0,45.0
2016-08-12,4,0,28.0,38.0,1,45.0,45.0,45.0,1.0,45.0,0.0,45.0
2016-08-13,5,1,28.0,37.0,1,45.0,45.0,45.0,1.0,45.0,0.0,45.0
2016-08-14,6,1,28.0,37.0,1,45.0,45.0,45.0,1.0,45.0,0.0,45.0
2016-08-15,0,0,28.0,37.0,1,45.0,45.0,45.0,1.0,45.0,0.0,45.0
2016-08-16,1,0,27.0,37.0,1,45.0,45.0,45.0,1.0,45.0,0.0,45.0
2016-08-17,2,0,27.0,36.0,1,45.0,45.0,45.0,1.0,45.0,0.0,45.0
2016-08-18,3,0,28.0,37.0,1,45.0,45.0,45.0,1.0,45.0,0.0,45.0
2016-08-19,4,0,27.0,37.0,1,45.0,45.0,45.0,1.0,45.0,0.0,45.0
2016-08-20,5,1,26.0,36.0,1,45.0,45.0,45.0,1.0,45.0,0.0,45.0
2016-08-21,6,1,26.0,34.0,1,45.0,45.0,45.0,1.0,45.0,0.0,45.0
2016-08-22,0,0,27.0,33.0,1,45.0,45.0,45.0,1.0,45.0,0.0,45.0
2016-08-23,1,0,27.0,34.0,1,45.0,45.0,45.0,1.0,45.0,0.0,45.0
2016-08-24,2,0,27.0,34.0,1,45.0,45.0,45.0,1.0,45.0,0.0,45.0
2016-08-25,3,0,24.0,35.0,0,45.0,45.0,45.0,1.0,45.0,0.0,45.0
2016-08-26,4,0,21.0,27.0,0,45.0,45.0,45.0,1.0,45.0,0.0,45.0
2016-08-27,5,1,18.0,27.0,1,45.0,45.0,45.0,1.0,45.0,0.0,45.0
2016-08-28,6,1,18.0,30.0,1,45.0,45.0,45.0,1.0,45.0,0.0,45.0
2016-08-29,0,0,19.0,31.0,1,45.0,45.0,45.0,1.0,45.0,0.0,45.0
2016-08-30,1,0,20.0,31.0,1,45.0,45.0,45.0,1.0,45.0,0.0,45.0
2016-08-31,2,0,21.0,32.0,1,45.0,45.0,45.0,1.0,45.0,0.0,9.0
2016-09-01,3,0,21.0,31.0,1,45.0,42.2307692308,9.0,0.763888888889,45.0,9.59289678038,46.0
2016-09-02,4,0,22.0,33.0,1,45.0,42.3076923077,9.0,0.770712909441,46.0,9.61876863529,33.0
2016-09-03,5,1,22.0,33.0,1,45.0,41.3846153846,9.0,0.687768659633,46.0,9.88813167029,44.0
2016-09-04,6,1,22.0,31.0,1,45.0,41.3076923077,9.0,0.962441314554,46.0,9.86356633416,55.0
2016-09-05,0,0,23.0,32.0,1,45.0,42.0769230769,9.0,1.02088167053,55.0,10.4914730099,66.0
2016-09-06,1,0,21.0,31.0,1,45.0,43.6923076923,9.0,1.24575311438,66.0,12.281221534,78.0
2016-09-07,2,0,23.0,32.0,1,45.0,46.2307692308,9.0,1.44832605531,78.0,15.3229533514,89.0
2016-09-08,3,0,22.0,32.0,1,45.0,49.6153846154,9.0,1.61805555556,89.0,19.0769230769,91.0
2016-09-09,4,0,21.0,31.0,0,45.0,53.1538461538,9.0,1.7097415507,91.0,21.9434453288,110.0
2016-09-10,5,1,22.0,32.0,1,45.0,58.1538461538,9.0,1.80516651105,110.0,26.4570658116,87.0
2016-09-11,6,1,20.0,31.0,1,45.0,61.3846153846,9.0,1.72506738544,110.0,27.207291052,128.0
2016-09-12,0,0,22.0,33.0,1,45.0,67.7692307692,9.0,1.8115942029,128.0,31.9402178263,181.0
2016-09-13,1,0,21.0,32.0,1,45.0,78.2307692308,9.0,1.98198198198,181.0,43.0940899859,166.0
2016-09-14,2,0,21.0,31.0,1,45.0,90.3076923077,9.0,2.17939894471,181.0,43.9901817986,153.0
2016-09-15,3,1,23.0,31.0,0,45.0,98.5384615385,9.0,2.1353833013,181.0,44.9300574134,133.0
2016-09-16,4,1,22.0,30.0,0,45.0,106.230769231,9.0,1.82737012331,181.0,41.4787319852,101.0
2016-09-17,5,1,21.0,32.0,1,45.0,110.615384615,9.0,1.51319648094,181.0,37.489564623,109.0
2016-09-18,6,0,20.0,31.0,1,45.0,114.769230769,9.0,1.29263237234,181.0,33.9188031496,166.0
2016-09-19,0,0,18.0,29.0,1,45.0,122.461538462,9.0,1.32627865961,181.0,33.3203919651,198.0
2016-09-20,1,0,18.0,27.0,1,45.0,131.692307692,9.0,1.5434818078,198.0,36.220233647,217.0
2016-09-21,2,0,17.0,28.0,1,45.0,141.538461538,9.0,1.7207167185,217.0,40.429645225,201.0
2016-09-22,3,0,17.0,30.0,1,45.0,150.0,9.0,1.70684400111,217.0,40.4779142059,228.0
2016-09-23,4,0,18.0,31.0,1,45.0,159.076923077,9.0,1.65577342048,228.0,43.6003908565,199.0
2016-09-24,5,1,22.0,32.0,1,45.0,167.692307692,9.0,1.519109821,228.0,39.3668830274,88.0
2016-09-25,6,1,23.0,30.0,1,45.0,164.615384615,9.0,1.23102665232,228.0,43.6763242704,94.0
2016-09-26,0,0,23.0,33.0,1,45.0,157.923076923,9.0,0.901668441605,228.0,47.1779960745,218.0
2016-09-27,1,0,22.0,32.0,1,45.0,161.923076923,9.0,0.901814902491,228.0,49.8234753728,222.0
2016-09-28,2,0,16.0,25.0,0,45.0,167.230769231,9.0,1.15210355987,228.0,52.2083899036,221.0
2016-09-29,3,0,15.0,18.0,0,45.0,174.0,9.0,1.3685300207,228.0,53.0297449188,221.0
2016-09-30,4,0,17.0,20.0,0,45.0,183.230769231,33.0,1.32893025118,228.0,49.8692966219,152.0
2016-10-01,5,1,17.0,20.0,0,45.0,186.538461538,33.0,1.16607773852,228.0,46.1212705553,62.0
2016-10-02,6,1,16.0,23.0,0,45.0,178.538461538,44.0,0.870870870871,228.0,56.7784024278,40.0
2016-10-03,0,1,18.0,29.0,1,45.0,166.384615385,40.0,0.5309919515,228.0,67.2555842252,35.0
2016-10-04,1,1,17.0,30.0,1,45.0,152.384615385,35.0,0.298670154785,228.0,73.8788389205,38.0
2016-10-05,2,1,18.0,30.0,1,45.0,139.846153846,35.0,0.255974629063,228.0,78.2656680346,31.0
2016-10-06,3,1,19.0,29.0,1,45.0,124.692307692,31.0,0.244045523877,228.0,78.8000240291,34.0
2016-10-07,4,1,19.0,27.0,1,45.0,112.0,31.0,0.247536649844,228.0,79.0968247928,73.0
2016-10-08,5,0,16.0,26.0,1,46.0,110.846153846,31.0,0.336011687363,228.0,79.5466444236,189.0
2016-10-09,6,0,16.0,24.0,1,55.0,118.153846154,31.0,0.714716890016,228.0,81.989536062,217.0
2016-10-10,0,0,16.0,23.0,1,62.0,118.076923077,31.0,1.14868105516,228.0,81.8962397357,245.0
2016-10-11,1,0,16.0,21.0,1,66.0,119.846153846,31.0,1.54558404558,245.0,84.3343585004,236.0
2016-10-12,2,0,16.0,19.0,1,73.0,121.0,31.0,1.63676867159,245.0,85.8003048228,238.0
2016-10-13,3,0,15.0,18.0,0,78.0,122.307692308,31.0,1.68010281575,245.0,87.4285507102,219.0
2016-10-14,4,0,15.0,19.0,1,87.0,127.461538462,31.0,1.60807518274,245.0,90.9316018391,208.0
2016-10-15,5,1,16.0,23.0,1,88.0,138.692307692,31.0,1.48123399042,245.0,91.1688076005,111.0
2016-10-16,6,1,16.0,24.0,1,89.0,144.153846154,31.0,1.19158361019,245.0,87.130182136,84.0
2016-10-17,0,0,16.0,23.0,1,89.0,147.923076923,31.0,0.934167825684,245.0,83.3024716029,236.0
2016-10-18,1,0,18.0,25.0,1,91.0,163.153846154,31.0,0.994232987313,245.0,79.8410402987,292.0
2016-10-19,2,0,18.0,24.0,0,94.0,183.230769231,31.0,1.37791286727,292.0,76.84465233,286.0
2016-10-20,3,0,19.0,23.0,0,101.0,202.615384615,31.0,1.7933465521,292.0,68.0345370004,241.0
2016-10-21,4,0,18.0,24.0,0,109.0,215.538461538,31.0,1.75280898876,292.0,57.2949392108,158.0
2016-10-22,5,1,16.0,21.0,0,110.0,213.153846154,31.0,1.4221945396,292.0,58.9704569501,149.0
2016-10-23,6,1,15.0,18.0,1,111.0,207.923076923,31.0,1.10040160643,292.0,61.3645619837,180.0
2016-10-24,0,0,12.0,16.0,0,128.0,202.923076923,31.0,0.936988936989,292.0,60.7851975129,342.0
2016-10-25,1,0,12.0,16.0,0,133.0,211.076923077,31.0,1.18687538693,342.0,70.9370918908,282.0
2016-10-26,2,0,13.0,16.0,0,149.0,214.461538462,31.0,1.33333333333,342.0,73.1559087309,268.0
2016-10-27,3,0,12.0,16.0,0,152.0,218.230769231,31.0,1.39790001567,342.0,74.5418352813,326.0
2016-10-28,4,0,9.0,14.0,0,153.0,227.307692308,31.0,1.29576214777,342.0,79.7461208272,227.0
2016-10-29,5,1,7.0,11.0,0,158.0,236.230769231,31.0,1.20425375871,342.0,72.3826943259,147.0
2016-10-30,6,1,9.0,15.0,0,158.0,241.076923077,31.0,1.04283054004,342.0,63.6051056713,142.0
2016-10-31,0,0,9.0,14.0,0,158.0,233.846153846,31.0,0.786825251601,342.0,68.8943965052,298.0
