time_stamp,dayofweek,holiday,lt,ht,sunny,m2M,w2A,m1L,d3w3,m1Lar,w2Std,pay_sum
2016-08-01,0,0,24.0,30.0,1,27.0,46.3846153846,7.0,0.954478707783,65.0,8.25123264953,44.0
2016-08-02,1,0,24.0,33.0,1,28.0,47.2307692308,13.0,0.888399412628,65.0,7.35007949883,46.0
2016-08-03,2,0,25.0,34.0,1,29.0,47.7692307692,13.0,0.927536231884,65.0,6.97417043486,51.0
2016-08-04,3,0,25.0,33.0,1,29.0,47.6923076923,13.0,1.01184068891,65.0,6.93247225726,38.0
2016-08-05,4,0,25.0,32.0,1,30.0,47.2307692308,13.0,0.985761226725,65.0,7.35007949883,63.0
2016-08-06,5,1,24.0,33.0,1,32.0,48.2307692308,13.0,1.07686857953,65.0,8.45944029931,59.0
2016-08-07,6,1,23.0,31.0,1,33.0,48.8461538462,13.0,1.12755461593,65.0,8.91710675608,97.0
2016-08-08,0,0,24.0,32.0,1,34.0,53.2307692308,13.0,1.45854145854,97.0,15.2525097363,62.0
2016-08-09,1,0,25.0,33.0,1,35.0,54.0769230769,13.0,1.41100323625,97.0,15.4095951051,49.0
2016-08-10,2,0,26.0,33.0,1,35.0,54.1538461538,33.0,1.33333333333,97.0,15.3815381538,60.0
2016-08-11,3,0,27.0,34.0,1,38.0,53.7692307692,33.0,1.08778625954,97.0,15.1665311999,74.0
2016-08-12,4,0,25.0,29.0,0,38.0,55.3846153846,33.0,1.13172541744,97.0,16.0888803528,74.0
2016-08-13,5,1,24.0,31.0,0,39.0,58.0769230769,33.0,1.25831820932,97.0,16.0502170532,91.0
2016-08-14,6,1,24.0,33.0,1,39.0,62.1538461538,33.0,1.39521307647,97.0,17.1277828905,71.0
2016-08-15,0,0,21.0,29.0,0,40.0,64.2307692308,33.0,1.34129013924,97.0,16.4230318861,101.0
2016-08-16,1,0,23.0,31.0,1,42.0,68.4615384615,33.0,1.43363314255,101.0,18.1727411446,69.0
2016-08-17,2,0,23.0,28.0,0,42.0,69.8461538462,33.0,1.29153269025,101.0,17.4613690266,64.0
2016-08-18,3,0,22.0,24.0,0,44.0,71.8461538462,38.0,1.25502815768,101.0,15.0171499593,71.0
2016-08-19,4,0,22.0,32.0,1,44.0,72.4615384615,38.0,1.07850911975,101.0,14.8044451984,100.0
2016-08-20,5,1,23.0,31.0,1,44.0,75.6153846154,38.0,1.18507312153,101.0,15.9254921988,94.0
2016-08-21,6,1,23.0,34.0,1,46.0,75.3846153846,38.0,1.28205128205,101.0,15.632994996,79.0
2016-08-22,0,0,23.0,32.0,1,46.0,76.6923076923,38.0,1.28803963199,101.0,15.1626292391,73.0
2016-08-23,1,0,24.0,30.0,0,46.0,78.5384615385,38.0,1.13888888889,101.0,12.9829200497,88.0
2016-08-24,2,0,24.0,31.0,0,46.0,80.6923076923,38.0,1.08327691266,101.0,12.0152762725,62.0
2016-08-25,3,0,18.0,30.0,1,48.0,79.7692307692,38.0,0.990450810571,101.0,12.920787343,86.0
2016-08-26,4,0,17.0,29.0,1,49.0,80.6923076923,38.0,1.03237095363,101.0,12.9042903741,93.0
2016-08-27,5,1,20.0,32.0,1,50.0,80.8461538462,38.0,1.03123662816,101.0,13.0374971279,72.0
2016-08-28,6,1,18.0,31.0,1,51.0,80.9230769231,38.0,1.09154163949,101.0,12.9820084879,74.0
2016-08-29,0,0,19.0,31.0,1,51.0,78.8461538462,38.0,1.0312837109,101.0,11.7004020565,85.0
2016-08-30,1,0,19.0,31.0,1,51.0,80.0769230769,38.0,0.974067046173,101.0,11.4385417203,87.0
2016-08-31,2,0,19.0,33.0,1,52.0,81.8461538462,38.0,1.01990049751,101.0,10.5600564818,73.0
2016-09-01,3,0,19.0,27.0,1,53.0,82.0,38.0,1.01638664178,101.0,10.4144869514,100.0
2016-09-02,4,0,19.0,28.0,1,54.0,82.0,38.0,1.06144111043,101.0,10.4144869514,145.0
2016-09-03,5,1,20.0,30.0,1,54.0,85.9230769231,49.0,1.25666864256,145.0,19.6799841247,104.0
2016-09-04,6,1,18.0,29.0,0,59.0,87.8461538462,49.0,1.35271317829,145.0,20.1259348712,110.0
2016-09-05,0,0,20.0,31.0,1,60.0,90.6923076923,49.0,1.38422980528,145.0,20.438969624,182.0
2016-09-06,1,0,21.0,30.0,1,62.0,97.9230769231,49.0,1.4332247557,182.0,31.7210474618,68.0
2016-09-07,2,0,19.0,31.0,1,62.0,98.3846153846,49.0,1.30010834236,182.0,31.2349371982,94.0
2016-09-08,3,0,18.0,31.0,1,63.0,99.0,60.0,1.22703763153,182.0,31.0632109886,104.0
2016-09-09,4,0,19.0,31.0,1,64.0,99.8461538462,62.0,0.946787684641,182.0,31.0380564267,88.0
2016-09-10,5,1,18.0,30.0,1,65.0,101.076923077,62.0,1.02124620603,182.0,30.2157919446,92.0
2016-09-11,6,1,18.0,25.0,0,68.0,102.461538462,62.0,1.00709219858,182.0,29.3431039851,92.0
2016-09-12,0,0,18.0,27.0,1,69.0,103.0,62.0,0.954888537827,182.0,29.0807893237,97.0
2016-09-13,1,0,19.0,27.0,1,71.0,103.769230769,62.0,0.981830887491,182.0,28.7780735073,130.0
2016-09-14,2,0,20.0,30.0,1,71.0,108.153846154,62.0,1.07624831309,182.0,28.0900917485,163.0
2016-09-15,3,1,21.0,30.0,1,72.0,113.0,62.0,1.26643935704,182.0,31.4935890912,125.0
2016-09-16,4,1,20.0,30.0,0,73.0,111.461538462,62.0,1.33653077538,182.0,30.3609450157,42.0
2016-09-17,5,1,17.0,24.0,1,73.0,106.692307692,42.0,1.07055961071,182.0,35.5795633116,62.0
2016-09-18,6,0,15.0,22.0,0,73.0,103.0,42.0,0.747267090879,182.0,37.4843557111,70.0
2016-09-19,0,0,13.0,25.0,1,73.0,94.3846153846,42.0,0.571992110454,182.0,30.5703185901,60.0
2016-09-20,1,0,14.0,26.0,1,73.0,93.7692307692,42.0,0.63968015992,182.0,31.1698914046,71.0
2016-09-21,2,0,16.0,23.0,0,73.0,92.0,42.0,0.670335167584,182.0,31.7538610614,68.0
2016-09-22,3,0,17.0,26.0,0,73.0,89.2307692308,42.0,0.674461955601,182.0,32.1538461538,63.0
2016-09-23,4,0,19.0,27.0,1,73.0,87.3076923077,42.0,0.714412024757,182.0,32.9086956369,90.0
2016-09-24,5,1,20.0,29.0,1,73.0,87.1538461538,42.0,0.787457687511,182.0,32.8910699918,67.0
2016-09-25,6,1,19.0,27.0,1,73.0,85.2307692308,42.0,0.802334062728,182.0,33.2800560423,65.0
2016-09-26,0,0,19.0,24.0,0,73.0,82.7692307692,42.0,0.864991233197,182.0,33.5012143205,66.0
2016-09-27,1,0,12.0,23.0,1,73.0,77.8461538462,42.0,0.772381509655,182.0,30.7917225487,82.0
2016-09-28,2,0,10.0,20.0,1,74.0,71.6153846154,42.0,0.836770771951,182.0,18.7843570826,72.0
2016-09-29,3,0,12.0,22.0,1,74.0,67.5384615385,42.0,0.880880880881,182.0,10.8174743577,92.0
2016-09-30,4,0,14.0,24.0,1,74.0,71.3846153846,42.0,0.982624325944,182.0,9.90367811657,366.0
2016-10-01,5,1,15.0,26.0,1,74.0,94.7692307692,42.0,1.81849373821,366.0,78.8749290831,264.0
2016-10-02,6,1,16.0,26.0,1,79.0,109.692307692,42.0,2.27580772262,366.0,90.3015330097,192.0
2016-10-03,0,1,16.0,28.0,1,82.0,119.846153846,42.0,2.47963800905,366.0,91.555654494,148.0
2016-10-04,1,1,11.0,19.0,0,85.0,125.769230769,42.0,1.80730101735,366.0,90.6906439464,103.0
2016-10-05,2,1,13.0,21.0,1,86.0,128.461538462,42.0,1.36223862239,366.0,89.4466883634,141.0
2016-10-06,3,1,14.0,17.0,0,86.0,134.461538462,42.0,1.19658119658,366.0,87.4481080278,133.0
2016-10-07,4,1,12.0,16.0,0,87.0,137.769230769,42.0,1.10476190476,366.0,86.5120301516,126.0
2016-10-08,5,0,5.0,19.0,1,88.0,142.307692308,42.0,1.14008835685,366.0,84.1970076349,94.0
2016-10-09,6,0,8.0,18.0,1,88.0,144.538461538,42.0,0.995909155029,366.0,82.4860038334,106.0
2016-10-10,0,0,10.0,20.0,1,90.0,147.615384615,42.0,0.902172409022,366.0,80.2136938832,102.0
2016-10-11,1,0,10.0,20.0,1,91.0,149.153846154,42.0,0.825136612022,366.0,79.1248732203,119.0
2016-10-12,2,0,10.0,19.0,1,92.0,152.769230769,42.0,0.875150541951,366.0,76.5487816776,101.0
2016-10-13,3,0,12.0,22.0,1,92.0,153.461538462,42.0,0.8488203506,366.0,76.0350277424,116.0
2016-10-14,4,0,13.0,23.0,1,92.0,134.230769231,42.0,0.876712328767,366.0,45.2176851824,94.0
2016-10-15,5,1,11.0,17.0,0,92.0,121.153846154,42.0,0.802995094242,366.0,26.5093485799,100.0
2016-10-16,6,1,12.0,20.0,1,93.0,114.076923077,60.0,0.789708317412,366.0,17.3491810424,103.0
2016-10-17,0,0,9.0,21.0,1,94.0,110.615384615,60.0,0.746043707611,366.0,14.4889266022,81.0
2016-10-18,1,0,12.0,20.0,1,93.0,108.923076923,60.0,0.71365749466,366.0,16.4338372244,69.0
2016-10-19,2,0,14.0,22.0,1,92.0,103.384615385,63.0,0.636477987421,366.0,16.8182065336,85.0
2016-10-20,3,0,11.0,15.0,0,92.0,99.6923076923,63.0,0.592760751671,366.0,15.0914372838,87.0
2016-10-21,4,0,11.0,11.0,0,92.0,96.6923076923,63.0,0.679639029893,366.0,13.3381155132,78.0
2016-10-22,5,1,7.0,15.0,1,92.0,95.4615384615,65.0,0.765228037955,366.0,14.2376282846,102.0
2016-10-23,6,1,0.0,5.0,1,93.0,95.1538461538,65.0,0.852490421456,366.0,14.0485211587,120.0
2016-10-24,0,0,6.0,13.0,1,94.0,96.5384615385,65.0,0.970873786408,366.0,15.4701468573,137.0
2016-10-25,1,0,10.0,17.0,1,94.0,97.9230769231,66.0,1.1429481057,366.0,18.0147868258,107.0
2016-10-26,2,0,0.0,10.0,1,94.0,98.3846153846,69.0,1.17799352751,366.0,18.1639476459,27.0
2016-10-27,3,0,7.0,11.0,0,94.0,91.5384615385,27.0,0.924599112931,366.0,25.5180641435,80.0
2016-10-28,4,0,2.0,13.0,1,94.0,90.4615384615,27.0,0.747728860936,366.0,25.6863189704,98.0
2016-10-29,5,1,2.0,12.0,1,97.0,90.3076923077,27.0,0.714783821478,366.0,25.634665878,116.0
2016-10-30,6,1,2.0,13.0,1,98.0,91.3076923077,27.0,1.0197710718,264.0,26.3537608333,88.0
2016-10-31,0,0,-4.0,6.0,1,97.0,91.8461538462,27.0,1.05520614955,192.0,26.2087658672,128.0
