time_stamp,dayofweek,holiday,lt,ht,sunny,m2M,w2A,m1L,d3w3,m1Lar,w2Std,pay_sum
2016-08-01,0,0,25.0,34.0,0,62.0,52.5384615385,34.0,1.13015873016,84.0,10.5145714614,48.0
2016-08-02,1,0,24.0,27.0,0,61.0,53.6153846154,34.0,1.12060778727,73.0,9.19480172153,31.0
2016-08-03,2,0,26.0,30.0,0,60.0,53.0,31.0,0.944933202998,73.0,10.347797982,35.0
2016-08-04,3,0,26.0,33.0,0,60.0,51.9230769231,31.0,0.754716981132,73.0,11.3846153846,51.0
2016-08-05,4,0,27.0,34.0,0,60.0,51.5384615385,31.0,0.778443113772,73.0,11.3246863405,55.0
2016-08-06,5,1,27.0,35.0,1,60.0,50.1538461538,31.0,0.928853754941,73.0,9.58240498033,53.0
2016-08-07,6,1,27.0,36.0,1,59.0,50.9230769231,31.0,1.05472636816,73.0,9.37641508058,63.0
2016-08-08,0,0,28.0,36.0,0,59.0,51.8461538462,31.0,1.11874386654,73.0,9.91382991929,43.0
2016-08-09,1,0,27.0,35.0,1,57.0,50.5384615385,31.0,1.03112840467,73.0,9.87316007876,54.0
2016-08-10,2,0,28.0,32.0,0,57.0,50.9230769231,31.0,1.02269095558,73.0,9.90308062762,44.0
2016-08-11,3,0,26.0,33.0,0,57.0,50.3846153846,31.0,0.905587668593,73.0,10.0731055599,72.0
2016-08-12,4,0,26.0,28.0,0,57.0,52.1538461538,31.0,1.0752688172,73.0,11.5814583501,58.0
2016-08-13,5,1,25.0,31.0,0,57.0,51.7692307692,31.0,1.11645813282,73.0,11.2943406261,66.0
2016-08-14,6,1,26.0,32.0,0,57.0,51.7692307692,31.0,1.2303829253,73.0,11.2943406261,78.0
2016-08-15,0,0,26.0,31.0,0,57.0,54.0769230769,31.0,1.23660850934,78.0,13.1935971561,93.0
2016-08-16,1,0,25.0,32.0,0,57.0,58.8461538462,31.0,1.40819964349,93.0,15.0631805501,83.0
2016-08-17,2,0,26.0,31.0,0,57.0,62.5384615385,31.0,1.46482122261,93.0,14.6424849962,124.0
2016-08-18,3,0,25.0,29.0,0,57.0,68.1538461538,31.0,1.62733930024,124.0,21.5222466437,161.0
2016-08-19,4,0,26.0,31.0,0,57.0,76.3076923077,31.0,1.8294804872,161.0,32.3499723348,221.0
2016-08-20,5,1,27.0,34.0,1,57.0,89.2307692308,31.0,2.25038914832,221.0,49.4790613774,71.0
2016-08-21,6,1,26.0,35.0,0,58.0,89.8461538462,31.0,2.0079787234,221.0,49.1979457886,107.0
2016-08-22,0,0,27.0,35.0,1,58.0,94.7692307692,31.0,1.70185540627,221.0,47.4344143912,283.0
2016-08-23,1,0,27.0,35.0,1,58.0,112.384615385,31.0,1.69329660239,283.0,67.359584392,240.0
2016-08-24,2,0,28.0,36.0,1,58.0,127.461538462,31.0,2.07920792079,283.0,72.1319468161,331.0
2016-08-25,3,0,27.0,35.0,0,58.0,147.384615385,31.0,2.47536231884,331.0,88.0694991833,328.0
2016-08-26,4,0,26.0,35.0,0,58.0,168.153846154,31.0,2.32931726908,331.0,96.0191055939,316.0
2016-08-27,5,1,25.0,32.0,0,60.0,187.384615385,31.0,2.29196050776,331.0,98.6333836928,127.0
2016-08-28,6,1,26.0,33.0,1,60.0,191.153846154,31.0,1.7724137931,331.0,95.2598439523,86.0
2016-08-29,0,0,25.0,32.0,1,60.0,190.615384615,31.0,1.19832370597,331.0,95.8312125655,215.0
2016-08-30,1,0,26.0,34.0,1,60.0,200.769230769,31.0,0.919243986254,331.0,90.7491503212,235.0
2016-08-31,2,0,26.0,33.0,0,60.0,209.307692308,31.0,1.08447142135,331.0,88.3135886533,180.0
2016-09-01,3,0,25.0,33.0,0,60.0,210.769230769,35.0,1.23420511314,331.0,87.6568079292,149.0
2016-09-02,4,0,28.0,33.0,0,61.0,205.230769231,43.0,1.07613050944,331.0,89.09817735,169.0
2016-09-03,5,1,25.0,29.0,0,61.0,212.769230769,43.0,0.922991381707,331.0,81.219696215,90.0
2016-09-04,6,1,26.0,32.0,0,63.0,211.461538462,43.0,0.753671377113,331.0,83.0288322346,121.0
2016-09-05,0,0,26.0,31.0,0,63.0,199.0,43.0,0.696544771332,331.0,83.5123206019,90.0
2016-09-06,1,0,26.0,32.0,0,63.0,187.461538462,43.0,0.550676911819,331.0,87.3257521138,87.0
2016-09-07,2,0,26.0,32.0,0,63.0,168.692307692,44.0,0.550780889012,331.0,80.4051133232,76.0
2016-09-08,3,0,26.0,32.0,0,63.0,149.307692308,44.0,0.478894567481,331.0,69.2669136417,75.0
2016-09-09,4,0,26.0,32.0,0,66.0,130.769230769,58.0,0.469984202212,331.0,52.3599286686,92.0
2016-09-10,5,1,25.0,30.0,0,66.0,128.076923077,58.0,0.476891374742,331.0,53.3745279762,76.0
2016-09-11,6,1,26.0,30.0,0,71.0,127.307692308,66.0,0.48128342246,331.0,54.0432655954,95.0
2016-09-12,0,0,25.0,32.0,1,72.0,118.076923077,71.0,0.551709670652,331.0,48.2102152253,61.0
2016-09-13,1,0,26.0,34.0,1,72.0,104.692307692,61.0,0.51572746471,331.0,36.6614125696,72.0
2016-09-14,2,0,26.0,34.0,1,72.0,96.3846153846,61.0,0.554744525547,331.0,30.3480792994,91.0
2016-09-15,3,1,26.0,33.0,1,73.0,91.9230769231,61.0,0.596617392462,331.0,26.2750584819,68.0
2016-09-16,4,1,26.0,34.0,1,73.0,84.1538461538,61.0,0.682926829268,331.0,14.7327273252,62.0
2016-09-17,5,1,26.0,33.0,1,73.0,82.0,61.0,0.672754946728,331.0,15.733355063,83.0
2016-09-18,6,0,25.0,32.0,1,75.0,79.0769230769,61.0,0.649291266575,331.0,11.0485748365,61.0
2016-09-19,0,0,24.0,31.0,1,75.0,76.8461538462,61.0,0.675520577144,331.0,11.5348712363,62.0
2016-09-20,1,0,23.0,30.0,1,75.0,74.9230769231,61.0,0.73835125448,331.0,11.7634475484,51.0
2016-09-21,2,0,25.0,31.0,1,75.0,73.0,51.0,0.670132871173,331.0,13.364706679,52.0
2016-09-22,3,0,25.0,32.0,1,75.0,71.2307692308,51.0,0.673194614443,331.0,14.4603109135,61.0
2016-09-23,4,0,25.0,32.0,1,75.0,68.8461538462,51.0,0.716470074268,328.0,13.3523040584,82.0
2016-09-24,5,1,25.0,32.0,1,76.0,69.3076923077,51.0,0.856389986825,316.0,13.6910111746,98.0
2016-09-25,6,1,26.0,33.0,1,76.0,69.5384615385,51.0,1.07469342252,235.0,14.1400434371,73.0
2016-09-26,0,0,27.0,35.0,1,76.0,70.4615384615,51.0,1.14118177718,235.0,13.9428249241,74.0
2016-09-27,1,0,28.0,35.0,1,76.0,70.6153846154,51.0,1.1149032992,235.0,13.9699593168,60.0
2016-09-28,2,0,27.0,35.0,1,76.0,68.2307692308,51.0,0.952380952381,235.0,12.890985796,69.0
2016-09-29,3,0,22.0,25.0,0,76.0,68.3076923077,51.0,0.937860937861,180.0,12.8923627684,65.0
2016-09-30,4,0,20.0,24.0,0,76.0,68.5384615385,51.0,0.913370998117,169.0,12.8039380037,83.0
2016-10-01,5,1,20.0,25.0,0,78.0,68.5384615385,51.0,1.01663152963,169.0,12.8039380037,87.0
2016-10-02,6,1,23.0,30.0,1,82.0,70.5384615385,51.0,1.10718492344,121.0,13.4828402886,52.0
2016-10-03,0,1,26.0,32.0,1,82.0,69.7692307692,51.0,1.05263157895,121.0,14.213503039,62.0
2016-10-04,1,1,25.0,31.0,1,82.0,70.6153846154,51.0,0.959885386819,98.0,13.3735586515,51.0
2016-10-05,2,1,25.0,32.0,1,82.0,70.5384615385,51.0,0.811209439528,98.0,13.4828402886,57.0
2016-10-06,3,1,26.0,33.0,1,82.0,70.2307692308,51.0,0.842627013631,98.0,13.7401928447,53.0
2016-10-07,4,1,26.0,33.0,1,82.0,68.0,51.0,0.803393213573,98.0,14.0,56.0
2016-10-08,5,0,24.0,31.0,1,82.0,64.7692307692,51.0,0.845429080723,98.0,11.2875278083,58.0
2016-10-09,6,0,23.0,28.0,1,82.0,63.6153846154,51.0,0.852475752935,98.0,11.1530503695,88.0
2016-10-10,0,0,24.0,28.0,1,83.0,64.6923076923,51.0,1.01101101101,98.0,12.6757467714,69.0
2016-10-11,1,0,24.0,29.0,1,83.0,65.3846153846,51.0,1.06172839506,98.0,12.6463035739,53.0
2016-10-12,2,0,21.0,25.0,0,83.0,64.1538461538,51.0,1.03626943005,98.0,13.0079629686,71.0
2016-10-13,3,0,23.0,28.0,1,83.0,64.6153846154,51.0,0.945383296596,98.0,13.1356148961,69.0
2016-10-14,4,0,23.0,30.0,1,82.0,63.5384615385,51.0,0.95450049456,98.0,12.1187419036,95.0
2016-10-15,5,1,22.0,30.0,1,82.0,64.1538461538,51.0,1.16480793061,98.0,13.4269886299,85.0
2016-10-16,6,1,24.0,32.0,1,82.0,66.6923076923,51.0,1.22328666175,98.0,13.9966183574,76.0
2016-10-17,0,0,24.0,32.0,1,76.0,67.7692307692,51.0,1.25582536179,98.0,14.132090303,51.0
2016-10-18,1,0,22.0,24.0,0,76.0,67.7692307692,51.0,1.04691358025,98.0,14.132090303,57.0
2016-10-19,2,0,23.0,26.0,0,76.0,67.7692307692,51.0,0.916791230693,98.0,14.132090303,49.0
2016-10-20,3,0,24.0,30.0,1,76.0,67.4615384615,49.0,0.791729702471,98.0,14.4893349883,67.0
2016-10-21,4,0,23.0,28.0,0,75.0,68.3076923077,49.0,0.883103624298,98.0,14.1115589031,80.0
2016-10-22,5,1,24.0,30.0,1,75.0,70.0,49.0,1.00590197588,98.0,14.0930970555,127.0
2016-10-23,6,1,25.0,31.0,1,75.0,73.0,49.0,1.32945172246,127.0,20.3621065859,150.0
2016-10-24,0,0,25.0,29.0,0,75.0,79.2307692308,49.0,1.62790697674,150.0,28.8208093789,51.0
2016-10-25,1,0,25.0,30.0,0,74.0,79.0769230769,49.0,1.49566803466,150.0,28.9653945742,51.0
2016-10-26,2,0,25.0,32.0,1,73.0,77.5384615385,49.0,1.15384615385,150.0,29.8705293008,35.0
2016-10-27,3,0,24.0,32.0,1,72.0,74.9230769231,35.0,0.635141400093,150.0,31.9216867167,88.0
2016-10-28,4,0,23.0,32.0,1,72.0,74.3846153846,35.0,0.789115646259,150.0,31.6362461586,61.0
2016-10-29,5,1,20.0,27.0,1,71.0,72.5384615385,35.0,0.832767594478,150.0,31.6631680825,114.0
2016-10-30,6,1,19.0,27.0,1,71.0,75.4615384615,35.0,1.169668668,150.0,33.5458707412,111.0
2016-10-31,0,0,19.0,26.0,1,71.0,80.0769230769,35.0,1.23729180186,150.0,33.9874672342,51.0
