time_stamp,dayofweek,holiday,lt,ht,sunny,m2M,w2A,m1L,d3w3,m1Lar,w2Std,pay_sum
2016-08-01,0,0,27.0,37.0,1,290.0,284.230769231,11.0,1.05799419466,489.0,26.0743134614,264.0
2016-08-02,1,0,26.0,36.0,0,290.0,286.307692308,11.0,1.00220198774,489.0,23.139658316,252.0
2016-08-03,2,0,25.0,31.0,0,290.0,286.307692308,11.0,0.958879511582,489.0,23.139658316,236.0
2016-08-04,3,0,25.0,29.0,0,290.0,285.769230769,11.0,0.901516513816,489.0,24.1983910659,222.0
2016-08-05,4,0,25.0,31.0,0,290.0,277.769230769,222.0,0.871700429711,489.0,26.6433823394,287.0
2016-08-06,5,1,24.0,32.0,0,287.0,278.153846154,222.0,0.908979990239,452.0,26.7376028896,257.0
2016-08-07,6,1,25.0,32.0,0,287.0,274.538461538,222.0,0.934773323571,392.0,26.1699045723,282.0
2016-08-08,0,0,26.0,32.0,0,286.0,273.615384615,222.0,1.00212314225,392.0,25.674106865,174.0
2016-08-09,1,0,26.0,32.0,0,285.0,263.384615385,174.0,0.875061364752,392.0,35.1010375949,250.0
2016-08-10,2,0,26.0,34.0,0,284.0,261.461538462,174.0,0.866789441375,353.0,35.0968229652,271.0
2016-08-11,3,0,27.0,35.0,0,283.0,260.615384615,174.0,0.848906803469,353.0,34.7220578563,294.0
2016-08-12,4,0,28.0,38.0,1,284.0,259.0,174.0,1.00135151739,353.0,32.576537097,373.0
2016-08-13,5,1,28.0,37.0,1,285.0,265.153846154,174.0,1.13346625582,373.0,43.9787468843,335.0
2016-08-14,6,1,28.0,37.0,1,286.0,269.0,174.0,1.20403749099,373.0,47.5847422217,408.0
2016-08-15,0,0,28.0,37.0,1,287.0,280.076923077,174.0,1.31402331332,408.0,60.2155890095,323.0
2016-08-16,1,0,27.0,37.0,1,287.0,285.538461538,174.0,1.25161441822,408.0,60.6396866551,299.0
2016-08-17,2,0,27.0,36.0,1,287.0,290.384615385,174.0,1.20425581667,408.0,58.9817944031,318.0
2016-08-18,3,0,28.0,37.0,1,290.0,297.769230769,174.0,1.09213430928,408.0,55.8860844743,278.0
2016-08-19,4,0,27.0,37.0,1,290.0,297.076923077,174.0,1.04660001169,408.0,56.0706443673,331.0
2016-08-20,5,1,26.0,36.0,1,293.0,302.769230769,174.0,1.07684265551,408.0,55.4660725769,347.0
2016-08-21,6,1,26.0,34.0,1,294.0,307.769230769,174.0,1.09866115038,408.0,56.2920322906,311.0
2016-08-22,0,0,27.0,33.0,1,294.0,318.307692308,174.0,1.12745098039,408.0,41.0129146928,290.0
2016-08-23,1,0,27.0,34.0,1,293.0,321.384615385,174.0,1.07373428474,408.0,37.0852209036,287.0
2016-08-24,2,0,27.0,34.0,1,290.0,322.615384615,174.0,0.997136600977,408.0,35.6295868012,286.0
2016-08-25,3,0,24.0,35.0,0,290.0,322.0,174.0,0.958729100705,408.0,36.1832940627,278.0
2016-08-26,4,0,21.0,27.0,0,290.0,314.692307692,174.0,0.946817979528,408.0,34.7084219781,277.0
2016-08-27,5,1,18.0,27.0,1,290.0,310.230769231,174.0,0.932579285873,408.0,35.5293028492,272.0
2016-08-28,6,1,18.0,30.0,1,290.0,299.769230769,174.0,0.918582694657,408.0,23.0222429107,297.0
2016-08-29,0,0,19.0,31.0,1,290.0,297.769230769,174.0,0.920816326531,408.0,22.0249992444,239.0
2016-08-30,1,0,20.0,31.0,1,287.0,293.153846154,174.0,0.881038054738,408.0,27.0066833718,199.0
2016-08-31,2,0,21.0,32.0,1,287.0,284.0,174.0,0.810989738497,408.0,35.77708764,186.0
2016-09-01,3,0,21.0,31.0,1,286.0,276.923076923,174.0,0.701044826424,408.0,44.3386643886,236.0
2016-09-02,4,0,22.0,33.0,1,285.0,269.615384615,174.0,0.714162497844,408.0,42.6191334091,321.0
2016-09-03,5,1,22.0,33.0,1,285.0,267.615384615,174.0,0.856533517782,408.0,39.4316125844,265.0
2016-09-04,6,1,22.0,31.0,1,285.0,264.076923077,174.0,0.971631205674,408.0,37.3907877146,282.0
2016-09-05,0,0,23.0,32.0,1,284.0,263.461538462,174.0,1.0335178901,408.0,37.0231016957,201.0
2016-09-06,1,0,21.0,31.0,1,282.0,256.846153846,174.0,0.906501848149,408.0,39.8049980508,182.0
2016-09-07,2,0,23.0,32.0,1,282.0,248.846153846,182.0,0.826343584964,408.0,43.4278289966,215.0
2016-09-08,3,0,22.0,32.0,1,282.0,244.0,182.0,0.751917515403,408.0,43.4192442268,227.0
2016-09-09,4,0,21.0,31.0,0,282.0,240.153846154,182.0,0.800307810696,408.0,42.5311580877,296.0
2016-09-10,5,1,22.0,32.0,1,282.0,242.0,182.0,0.955896638819,408.0,44.3552095631,257.0
2016-09-11,6,1,20.0,31.0,1,278.0,238.923076923,182.0,1.02100922835,408.0,41.7436527436,286.0
2016-09-12,0,0,22.0,33.0,1,282.0,242.538461538,182.0,1.09910263968,408.0,43.5883106853,206.0
2016-09-13,1,0,21.0,32.0,1,278.0,243.076923077,182.0,0.997071352503,347.0,43.0874987018,211.0
2016-09-14,2,0,21.0,31.0,1,278.0,245.0,182.0,0.950064193527,347.0,41.0046901633,592.0
2016-09-15,3,1,23.0,31.0,0,282.0,272.384615385,182.0,1.28200241408,592.0,100.932984973,440.0
2016-09-16,4,1,22.0,30.0,0,282.0,281.538461538,182.0,1.53173136168,592.0,109.922780858,295.0
2016-09-17,5,1,21.0,32.0,1,282.0,283.846153846,182.0,1.62832075587,592.0,109.866244661,439.0
2016-09-18,6,0,20.0,31.0,1,282.0,295.923076923,182.0,1.40388639761,592.0,117.372163872,262.0
2016-09-19,0,0,18.0,29.0,1,282.0,300.615384615,182.0,1.1861379064,592.0,114.671798197,175.0
2016-09-20,1,0,18.0,27.0,1,282.0,300.076923077,175.0,1.04772156441,592.0,115.2425279,181.0
2016-09-21,2,0,17.0,28.0,1,282.0,297.461538462,175.0,0.739809660621,592.0,117.507194794,173.0
2016-09-22,3,0,17.0,30.0,1,282.0,293.307692308,173.0,0.640513379344,592.0,120.83197782,180.0
2016-09-23,4,0,18.0,31.0,1,278.0,284.384615385,173.0,0.663560111836,592.0,124.53021781,274.0
2016-09-24,5,1,22.0,32.0,1,278.0,285.692307692,173.0,0.77781912914,592.0,124.32487505,288.0
2016-09-25,6,1,23.0,30.0,1,278.0,285.846153846,173.0,0.919454770756,592.0,124.326398059,297.0
2016-09-26,0,0,23.0,33.0,1,278.0,292.846153846,173.0,1.04577550523,592.0,122.176949956,255.0
2016-09-27,1,0,22.0,32.0,1,278.0,296.230769231,173.0,1.0091908452,592.0,120.460113952,270.0
2016-09-28,2,0,16.0,25.0,0,277.0,271.461538462,173.0,0.977872947894,592.0,84.9756665483,347.0
2016-09-29,3,0,15.0,18.0,0,277.0,264.307692308,173.0,1.01560680177,592.0,73.6450788114,565.0
2016-09-30,4,0,17.0,20.0,0,278.0,285.076923077,173.0,1.31486734524,592.0,108.971740542,972.0
2016-10-01,5,1,17.0,20.0,0,278.0,326.076923077,173.0,1.87239117472,972.0,211.349314038,895.0
2016-10-02,6,1,16.0,23.0,0,282.0,374.769230769,173.0,2.21584438067,972.0,258.611128872,756.0
2016-10-03,0,1,18.0,29.0,1,282.0,419.461538462,173.0,2.22278717004,972.0,270.170776585,554.0
2016-10-04,1,1,17.0,30.0,1,282.0,448.153846154,173.0,1.79049939099,972.0,263.034611982,464.0
2016-10-05,2,1,18.0,30.0,1,286.0,470.538461538,173.0,1.46333415821,972.0,250.762104665,522.0
2016-10-06,3,1,19.0,29.0,1,286.0,496.846153846,173.0,1.25755348685,972.0,236.431758297,577.0
2016-10-07,4,1,19.0,27.0,1,287.0,520.153846154,173.0,1.23372010419,972.0,228.102826393,660.0
2016-10-08,5,0,16.0,26.0,1,288.0,548.769230769,173.0,1.35302488366,972.0,220.38747481,356.0
2016-10-09,6,0,16.0,24.0,1,290.0,553.307692308,173.0,1.21219038922,972.0,215.71397894,334.0
2016-10-10,0,0,16.0,23.0,1,290.0,559.384615385,173.0,1.00896860987,972.0,208.206827074,180.0
2016-10-11,1,0,16.0,21.0,1,288.0,552.461538462,173.0,0.650297118511,972.0,218.93399616,169.0
2016-10-12,2,0,16.0,19.0,1,287.0,538.769230769,169.0,0.510749672836,972.0,236.237870294,189.0
2016-10-13,3,0,15.0,18.0,0,286.0,509.846153846,169.0,0.401912445839,972.0,253.632637476,216.0
2016-10-14,4,0,15.0,19.0,1,286.0,451.692307692,169.0,0.431611399353,972.0,226.185555077,319.0
2016-10-15,5,1,16.0,23.0,1,286.0,407.384615385,169.0,0.54250496422,972.0,188.239429558,285.0
2016-10-16,6,1,16.0,24.0,1,285.0,371.153846154,169.0,0.615269180266,972.0,161.012109508,289.0
2016-10-17,0,0,16.0,23.0,1,286.0,350.769230769,169.0,0.667488881414,972.0,153.156106308,201.0
2016-10-18,1,0,18.0,25.0,1,285.0,330.538461538,169.0,0.583804143126,972.0,154.229407245,196.0
2016-10-19,2,0,18.0,24.0,0,282.0,305.461538462,169.0,0.525730926926,972.0,147.412354865,231.0
2016-10-20,3,0,19.0,23.0,0,278.0,278.846153846,169.0,0.500498107193,972.0,125.605515652,274.0
2016-10-21,4,0,18.0,24.0,0,277.0,249.153846154,169.0,0.609538715708,972.0,61.0054804018,366.0
2016-10-22,5,1,16.0,21.0,0,277.0,249.923076923,169.0,0.813486504156,972.0,62.3950953921,288.0
2016-10-23,6,1,15.0,18.0,1,277.0,246.384615385,169.0,0.927536231884,972.0,58.7229983273,403.0
2016-10-24,0,0,12.0,16.0,0,277.0,263.538461538,169.0,1.0809428849,972.0,68.5706994889,266.0
2016-10-25,1,0,12.0,16.0,0,274.0,271.0,169.0,1.00933396614,972.0,62.9224186537,210.0
2016-10-26,2,0,13.0,16.0,0,274.0,272.615384615,169.0,0.975203860875,972.0,61.0378677689,230.0
2016-10-27,3,0,12.0,16.0,0,274.0,273.692307692,169.0,0.831272812905,972.0,60.1464681684,282.0
2016-10-28,4,0,9.0,14.0,0,274.0,270.846153846,169.0,0.910926066112,972.0,58.795402952,462.0
2016-10-29,5,1,7.0,11.0,0,282.0,284.461538462,169.0,1.20470006184,972.0,77.890075782,368.0
2016-10-30,6,1,9.0,15.0,0,282.0,290.538461538,169.0,1.36676499508,895.0,81.0257465108,330.0
2016-10-31,0,0,9.0,14.0,0,285.0,300.461538462,169.0,1.38739385241,756.0,77.2643966019,263.0
