time_stamp,dayofweek,holiday,lt,ht,sunny,m2M,w2A,m1L,d3w3,m1Lar,w2Std,pay_sum
2016-08-01,0,0,24.0,30.0,1,19.0,27.2307692308,10.0,1.34653465347,40.0,9.88513916601,51.0
2016-08-02,1,0,24.0,33.0,1,19.0,29.7692307692,10.0,1.60148975791,51.0,11.3215509005,36.0
2016-08-03,2,0,25.0,34.0,1,19.0,30.7692307692,10.0,1.50421179302,51.0,11.2534018525,35.0
2016-08-04,3,0,25.0,33.0,1,19.0,32.6923076923,10.0,1.4269005848,51.0,9.5465226483,40.0
2016-08-05,4,0,25.0,32.0,1,19.0,34.9230769231,10.0,1.26279863481,51.0,7.3532989819,45.0
2016-08-06,5,1,24.0,33.0,1,19.0,35.6923076923,10.0,1.33111480865,51.0,7.82878923132,52.0
2016-08-07,6,1,23.0,31.0,1,19.0,37.0769230769,10.0,1.45435244161,52.0,8.92241376846,48.0
2016-08-08,0,0,24.0,32.0,1,19.0,38.0,10.0,1.46243066062,52.0,9.37262790503,39.0
2016-08-09,1,0,25.0,33.0,1,19.0,38.9230769231,10.0,1.3587487781,52.0,8.81835095749,38.0
2016-08-10,2,0,26.0,33.0,1,19.0,40.2307692308,10.0,1.1956001913,52.0,7.16995704476,43.0
2016-08-11,3,0,27.0,34.0,1,19.0,40.6923076923,10.0,1.09589041096,52.0,7.14018546823,44.0
2016-08-12,4,0,25.0,29.0,0,19.0,42.2307692308,10.0,1.09217999126,52.0,5.29373862587,44.0
2016-08-13,5,1,24.0,31.0,0,19.0,42.5384615385,10.0,1.13126079447,52.0,5.27133590739,56.0
2016-08-14,6,1,24.0,33.0,1,19.0,43.9230769231,10.0,1.20906801008,56.0,6.18262501459,68.0
2016-08-15,0,0,21.0,29.0,0,19.0,45.2307692308,10.0,1.35593220339,68.0,8.78945037359,45.0
2016-08-16,1,0,23.0,31.0,1,19.0,45.9230769231,10.0,1.33491311216,68.0,8.38002697317,52.0
2016-08-17,2,0,23.0,28.0,0,19.0,47.2307692308,10.0,1.25714285714,68.0,7.88527201769,47.0
2016-08-18,3,0,22.0,24.0,0,21.0,47.7692307692,10.0,1.08474576271,68.0,7.60722173235,45.0
2016-08-19,4,0,22.0,32.0,1,23.0,47.7692307692,10.0,1.05960264901,68.0,7.60722173235,37.0
2016-08-20,5,1,23.0,31.0,1,24.0,46.6153846154,11.0,0.952380952381,68.0,8.00517584046,66.0
2016-08-21,6,1,23.0,34.0,1,24.0,48.0,21.0,1.05979233799,68.0,9.53535929701,69.0
2016-08-22,0,0,23.0,32.0,1,25.0,50.3076923077,21.0,1.20828942747,69.0,10.6437747453,54.0
2016-08-23,1,0,24.0,30.0,0,27.0,51.5384615385,21.0,1.30299896587,69.0,10.0584092993,59.0
2016-08-24,2,0,24.0,31.0,0,30.0,52.7692307692,21.0,1.22435250589,69.0,9.91621706836,57.0
2016-08-25,3,0,18.0,30.0,1,34.0,53.7692307692,21.0,1.12433862434,69.0,9.63290711095,56.0
2016-08-26,4,0,17.0,29.0,1,35.0,54.6923076923,24.0,1.12528622833,69.0,9.21858169789,47.0
2016-08-27,5,1,20.0,32.0,1,35.0,54.0,24.0,1.05193951348,69.0,9.42990333583,57.0
2016-08-28,6,1,18.0,31.0,1,36.0,53.1538461538,35.0,1.04268491365,69.0,8.59200123412,57.0
2016-08-29,0,0,19.0,31.0,1,36.0,54.0769230769,35.0,1.03105987832,69.0,8.30626768412,33.0
2016-08-30,1,0,19.0,31.0,1,36.0,52.6153846154,33.0,0.945945945946,69.0,10.0348505147,55.0
2016-08-31,2,0,19.0,33.0,1,37.0,53.2307692308,33.0,0.922391857506,69.0,9.91621706836,48.0
2016-09-01,3,0,19.0,27.0,1,37.0,53.4615384615,33.0,0.861850443599,69.0,9.75559314615,58.0
2016-09-02,4,0,19.0,28.0,1,38.0,55.0769230769,33.0,1.00687929956,69.0,8.56164558645,53.0
2016-09-03,5,1,20.0,30.0,1,38.0,54.0769230769,33.0,0.997177798683,69.0,7.96590367138,61.0
2016-09-04,6,1,18.0,29.0,0,39.0,53.4615384615,33.0,1.08585858586,69.0,7.04507885653,64.0
2016-09-05,0,0,20.0,31.0,1,40.0,54.2307692308,33.0,1.10387596899,69.0,7.58697108058,45.0
2016-09-06,1,0,21.0,30.0,1,40.0,53.1538461538,33.0,1.06117353308,69.0,7.82349669852,61.0
2016-09-07,2,0,19.0,31.0,1,43.0,53.4615384615,33.0,1.04744300678,69.0,8.04425628455,42.0
2016-09-08,3,0,18.0,31.0,1,43.0,52.3846153846,33.0,0.914426938523,69.0,8.55334807626,54.0
2016-09-09,4,0,19.0,31.0,1,44.0,52.9230769231,33.0,0.95498783455,69.0,8.41666422559,53.0
2016-09-10,5,1,18.0,30.0,1,44.0,52.6153846154,33.0,0.917205293937,69.0,8.33471388959,72.0
2016-09-11,6,1,18.0,25.0,0,45.0,53.7692307692,33.0,1.09883364027,72.0,9.77558848241,61.0
2016-09-12,0,0,18.0,27.0,1,45.0,55.9230769231,33.0,1.13449222324,72.0,7.85896390178,59.0
2016-09-13,1,0,19.0,27.0,1,45.0,56.2307692308,33.0,1.17108874657,72.0,7.89502127589,32.0
2016-09-14,2,0,20.0,30.0,1,45.0,55.0,32.0,0.948813982522,72.0,10.0383878571,52.0
2016-09-15,3,1,21.0,30.0,1,45.0,54.5384615385,32.0,0.895989974937,72.0,10.0277720864,60.0
2016-09-16,4,1,20.0,30.0,0,47.0,55.0769230769,32.0,0.891364902507,72.0,10.1182359245,52.0
2016-09-17,5,1,17.0,24.0,1,47.0,54.3846153846,32.0,1.01990049751,72.0,9.99644907369,44.0
2016-09-18,6,0,15.0,22.0,0,47.0,52.8461538462,32.0,0.982058545798,72.0,9.9370801612,57.0
2016-09-19,0,0,13.0,25.0,1,48.0,53.7692307692,32.0,0.941828254848,72.0,9.72035015319,50.0
2016-09-20,1,0,14.0,26.0,1,48.0,52.9230769231,32.0,0.933828076685,72.0,9.53101446261,58.0
2016-09-21,2,0,16.0,23.0,0,50.0,54.1538461538,32.0,1.01102941176,72.0,9.06257013848,46.0
2016-09-22,3,0,17.0,26.0,0,50.0,53.5384615385,32.0,0.9541511772,72.0,9.32008075745,68.0
2016-09-23,4,0,19.0,27.0,1,51.0,54.6923076923,32.0,1.05102352582,72.0,10.0795651263,54.0
2016-09-24,5,1,20.0,29.0,1,52.0,53.3076923077,32.0,1.0332103321,72.0,8.75640087096,70.0
2016-09-25,6,1,19.0,27.0,1,52.0,54.0,32.0,1.17431192661,72.0,9.64763821238,91.0
2016-09-26,0,0,19.0,24.0,0,52.0,56.4615384615,32.0,1.2617370892,91.0,13.7986364132,60.0
2016-09-27,1,0,12.0,23.0,1,52.0,58.6153846154,32.0,1.29809104258,91.0,11.8616282547,43.0
2016-09-28,2,0,10.0,20.0,1,52.0,57.9230769231,32.0,1.13849765258,91.0,12.4743523862,56.0
2016-09-29,3,0,12.0,22.0,1,53.0,57.6153846154,32.0,0.931458699473,91.0,12.4686589344,49.0
2016-09-30,4,0,14.0,24.0,1,53.0,57.3846153846,32.0,0.870076425632,91.0,12.5975483667,72.0
2016-10-01,5,1,15.0,26.0,1,53.0,59.5384615385,32.0,1.0405643739,91.0,12.5183888409,57.0
2016-10-02,6,1,16.0,26.0,1,54.0,59.5384615385,32.0,1.05014749263,91.0,12.5183888409,56.0
2016-10-03,0,1,16.0,28.0,1,54.0,60.0,32.0,1.09435078379,91.0,12.2662764709,49.0
2016-10-04,1,1,11.0,19.0,0,54.0,59.3076923077,32.0,0.944055944056,91.0,12.6088163013,49.0
2016-10-05,2,1,13.0,21.0,1,54.0,59.5384615385,32.0,0.899795501022,91.0,12.3886758752,40.0
2016-10-06,3,1,14.0,17.0,0,54.0,57.3846153846,32.0,0.820695807315,91.0,13.141469661,40.0
2016-10-07,4,1,12.0,16.0,0,54.0,56.3076923077,32.0,0.775473399459,91.0,13.9249892439,59.0
2016-10-08,5,0,5.0,19.0,1,54.0,55.4615384615,32.0,0.82443653618,91.0,13.3912450425,57.0
2016-10-09,6,0,8.0,18.0,1,55.0,52.8461538462,32.0,0.925266903915,91.0,8.68992479251,63.0
2016-10-10,0,0,10.0,20.0,1,56.0,53.0769230769,32.0,1.0495455878,91.0,8.91378826884,54.0
2016-10-11,1,0,10.0,20.0,1,56.0,53.9230769231,32.0,1.02383053839,91.0,8.42579864703,62.0
2016-10-12,2,0,10.0,19.0,1,56.0,54.3846153846,32.0,1.03858427618,91.0,8.68720067808,67.0
2016-10-13,3,0,12.0,22.0,1,56.0,55.7692307692,40.0,1.06271777003,91.0,9.14123242115,50.0
2016-10-14,4,0,13.0,23.0,1,56.0,54.0769230769,40.0,1.04312354312,91.0,7.93688117841,56.0
2016-10-15,5,1,11.0,17.0,0,56.0,54.0,40.0,1.02064896755,91.0,7.91298834925,75.0
2016-10-16,6,1,12.0,20.0,1,56.0,55.4615384615,40.0,1.08318372232,91.0,9.70024095351,76.0
2016-10-17,0,0,9.0,21.0,1,56.0,57.5384615385,40.0,1.22123893805,91.0,10.909525722,66.0
2016-10-18,1,0,12.0,20.0,1,57.0,58.8461538462,40.0,1.25469788956,91.0,10.826222822,50.0
2016-10-19,2,0,14.0,22.0,1,56.0,59.6153846154,40.0,1.11595466434,91.0,9.76286891582,61.0
2016-10-20,3,0,11.0,15.0,0,56.0,61.2307692308,40.0,1.01811906816,91.0,7.95326586188,37.0
2016-10-21,4,0,11.0,11.0,0,56.0,59.5384615385,37.0,0.877817319098,91.0,10.2553204549,45.0
2016-10-22,5,1,7.0,15.0,1,56.0,58.6153846154,37.0,0.857314148681,91.0,10.95823162,74.0
2016-10-23,6,1,0.0,5.0,1,56.0,59.4615384615,37.0,0.920353982301,91.0,11.6659622216,86.0
2016-10-24,0,0,6.0,13.0,1,56.0,61.9230769231,37.0,1.17109397315,91.0,13.4876669503,50.0
2016-10-25,1,0,10.0,17.0,1,56.0,61.0,37.0,1.19863013699,86.0,13.8564064606,51.0
2016-10-26,2,0,0.0,10.0,1,56.0,59.7692307692,37.0,1.05739327113,86.0,13.9788513127,57.0
2016-10-27,3,0,7.0,11.0,0,56.0,60.3076923077,37.0,0.880713489409,86.0,13.7246808307,59.0
2016-10-28,4,0,2.0,13.0,1,56.0,60.5384615385,37.0,0.930880713489,86.0,13.6754433741,79.0
2016-10-29,5,1,2.0,12.0,1,57.0,60.8461538462,37.0,1.06732348112,86.0,14.0375658302,80.0
2016-10-30,6,1,2.0,13.0,1,57.0,61.1538461538,37.0,1.17678812416,86.0,14.4053737508,64.0
2016-10-31,0,0,-4.0,6.0,1,57.0,61.0,37.0,1.19410977242,86.0,14.3634150642,42.0
