time_stamp,dayofweek,holiday,lt,ht,sunny,m2M,w2A,m1L,d3w3,m1Lar,w2Std,pay_sum
2016-08-01,0,0,27.0,37.0,1,79.0,81.2307692308,15.0,0.635498886865,123.0,36.3257777642,105.0
2016-08-02,1,0,27.0,35.0,0,79.0,81.3846153846,15.0,0.649218908501,123.0,36.4217569414,108.0
2016-08-03,2,0,26.0,32.0,0,80.0,82.1538461538,15.0,0.945973496432,123.0,36.8674260098,125.0
2016-08-04,3,0,27.0,33.0,0,80.0,83.9230769231,15.0,1.37231019082,125.0,38.3013587597,132.0
2016-08-05,4,0,26.0,33.0,0,80.0,87.6153846154,15.0,1.45970805839,132.0,40.3876189359,140.0
2016-08-06,5,1,26.0,34.0,0,81.0,95.8461538462,15.0,1.47693452381,140.0,39.3071654338,44.0
2016-08-07,6,1,27.0,35.0,1,81.0,97.2307692308,15.0,1.16519174041,140.0,37.0761251111,32.0
2016-08-08,0,0,26.0,34.0,0,81.0,91.3076923077,15.0,0.826636050517,140.0,40.6965971274,126.0
2016-08-09,1,0,26.0,30.0,0,82.0,91.5384615385,15.0,0.76298394712,140.0,40.8837289143,110.0
2016-08-10,2,0,27.0,35.0,0,82.0,91.3846153846,15.0,1.00543987995,140.0,40.8101391277,126.0
2016-08-11,3,0,27.0,36.0,1,82.0,92.6923076923,15.0,1.33999629835,140.0,41.6180149887,144.0
2016-08-12,4,0,27.0,36.0,1,84.0,95.9230769231,15.0,1.36127530002,144.0,43.7887613584,108.0
2016-08-13,5,1,27.0,35.0,1,84.0,101.461538462,15.0,1.30165289256,144.0,40.271416442,57.0
2016-08-14,6,1,28.0,35.0,1,84.0,104.384615385,15.0,1.04728012201,144.0,35.2453782274,27.0
2016-08-15,0,0,27.0,36.0,1,84.0,98.3846153846,19.0,0.679045092838,144.0,40.8270997134,126.0
2016-08-16,1,0,26.0,36.0,1,84.0,99.7692307692,19.0,0.741525423729,144.0,41.4304864454,152.0
2016-08-17,2,0,28.0,37.0,1,84.0,101.846153846,19.0,1.05463347165,152.0,43.2787852699,125.0
2016-08-18,3,0,28.0,37.0,1,89.0,101.307692308,19.0,1.38203017833,152.0,42.9425100757,136.0
2016-08-19,4,0,28.0,38.0,1,93.0,101.0,19.0,1.39197842939,152.0,42.6776828727,147.0
2016-08-20,5,1,27.0,37.0,0,97.0,108.923076923,19.0,1.30205840115,152.0,40.8834394505,77.0
2016-08-21,6,1,27.0,35.0,0,97.0,112.384615385,19.0,1.1178388449,152.0,35.8147766271,39.0
2016-08-22,0,0,27.0,36.0,1,97.0,105.692307692,19.0,0.842543648887,152.0,40.4710430486,163.0
2016-08-23,1,0,27.0,35.0,0,98.0,109.769230769,19.0,0.870786516854,163.0,43.2722221188,174.0
2016-08-24,2,0,27.0,35.0,1,98.0,113.461538462,19.0,1.14721586575,174.0,46.4321098853,154.0
2016-08-25,3,0,26.0,35.0,1,102.0,114.230769231,19.0,1.48315964356,174.0,47.0108888306,150.0
2016-08-26,4,0,25.0,34.0,0,102.0,117.461538462,19.0,1.43737783792,174.0,47.9063435411,166.0
2016-08-27,5,1,23.0,31.0,1,103.0,125.846153846,19.0,1.3396038193,174.0,46.0949624377,71.0
2016-08-28,6,1,21.0,31.0,1,103.0,129.230769231,19.0,1.08494533221,174.0,39.9136642231,94.0
2016-08-29,0,0,21.0,32.0,1,103.0,126.769230769,19.0,0.940608127309,174.0,41.0087304891,218.0
2016-08-30,1,0,21.0,32.0,1,105.0,131.846153846,27.0,1.04047813094,218.0,47.4047160164,232.0
2016-08-31,2,0,21.0,33.0,1,105.0,140.076923077,27.0,1.41666666667,232.0,54.2904744988,190.0
2016-09-01,3,0,23.0,33.0,0,107.0,144.230769231,27.0,1.63724737785,232.0,55.8626803264,190.0
2016-09-02,4,0,22.0,34.0,1,108.0,147.538461538,27.0,1.51785714286,232.0,57.1860867756,190.0
2016-09-03,5,1,23.0,35.0,1,108.0,156.230769231,27.0,1.34704005672,232.0,54.3197850995,190.0
2016-09-04,6,1,24.0,32.0,1,109.0,167.846153846,27.0,1.27345844504,232.0,42.9684072741,190.0
2016-09-05,0,0,24.0,30.0,0,109.0,169.923076923,27.0,1.2467191601,232.0,43.3349415572,190.0
2016-09-06,1,0,23.0,28.0,0,109.0,171.153846154,27.0,1.23136746598,232.0,43.6592507668,128.0
2016-09-07,2,0,21.0,27.0,0,110.0,169.153846154,27.0,1.09636344016,232.0,44.9749437146,175.0
2016-09-08,3,0,22.0,30.0,1,112.0,171.076923077,27.0,1.05072463768,232.0,44.6481312185,155.0
2016-09-09,4,0,22.0,29.0,1,116.0,170.230769231,27.0,0.973639455782,232.0,44.8401500137,131.0
2016-09-10,5,1,22.0,28.0,0,118.0,174.846153846,27.0,0.96342737722,232.0,36.7462110111,122.0
2016-09-11,6,1,21.0,25.0,0,122.0,177.0,27.0,0.831041857623,232.0,32.5221817794,85.0
2016-09-12,0,0,21.0,27.0,1,122.0,166.769230769,27.0,0.705268648931,232.0,38.4030324246,144.0
2016-09-13,1,0,21.0,28.0,0,123.0,160.0,39.0,0.739336492891,232.0,33.7866610001,135.0
2016-09-14,2,0,21.0,25.0,0,125.0,155.769230769,39.0,0.771349862259,232.0,33.2036926727,122.0
2016-09-15,3,1,22.0,25.0,0,125.0,150.538461538,39.0,0.857387214026,232.0,32.7522527343,32.0
2016-09-16,4,1,23.0,27.0,0,125.0,138.384615385,32.0,0.645665773012,232.0,43.4290552538,29.0
2016-09-17,5,1,22.0,27.0,1,125.0,126.0,29.0,0.414683888511,232.0,49.4788221985,33.0
2016-09-18,6,0,22.0,26.0,0,125.0,113.923076923,29.0,0.217517065834,232.0,51.5027430763,132.0
2016-09-19,0,0,20.0,27.0,1,125.0,109.461538462,29.0,0.462731067382,232.0,47.0378168394,168.0
2016-09-20,1,0,19.0,26.0,1,126.0,112.538461538,29.0,0.812889051629,232.0,49.3988716542,168.0
2016-09-21,2,0,19.0,26.0,1,126.0,112.0,29.0,1.15171650055,232.0,48.748964486,176.0
2016-09-22,3,0,20.0,27.0,1,126.0,113.615384615,29.0,1.26654298083,232.0,50.4648216568,149.0
2016-09-23,4,0,20.0,29.0,1,128.0,115.0,29.0,1.238382316,232.0,51.1648918092,143.0
2016-09-24,5,1,21.0,30.0,1,131.0,116.615384615,29.0,1.19677790564,232.0,51.6892169406,57.0
2016-09-25,6,1,21.0,30.0,1,131.0,114.461538462,29.0,0.940447318782,232.0,53.5129249443,42.0
2016-09-26,0,0,24.0,31.0,1,131.0,106.615384615,29.0,0.693608483806,232.0,56.0254591325,137.0
2016-09-27,1,0,23.0,28.0,0,132.0,106.769230769,29.0,0.67380442541,232.0,56.1058804626,159.0
2016-09-28,2,0,22.0,28.0,0,132.0,109.615384615,29.0,0.97168319678,232.0,57.7215310602,139.0
2016-09-29,3,0,22.0,25.0,0,135.0,117.846153846,29.0,1.25922709509,190.0,53.5448714112,158.0
2016-09-30,4,0,22.0,29.0,0,136.0,127.769230769,29.0,1.30472103004,190.0,47.805944024,155.0
2016-10-01,5,1,23.0,30.0,0,137.0,137.153846154,29.0,1.27521512202,190.0,39.5413048963,155.0
2016-10-02,6,1,22.0,30.0,1,139.0,138.923076923,29.0,1.2823674476,190.0,39.7849247415,155.0
2016-10-03,0,1,21.0,27.0,0,140.0,137.923076923,29.0,1.26841243863,190.0,39.2005917115,155.0
2016-10-04,1,1,20.0,27.0,1,143.0,136.923076923,29.0,1.25811688312,190.0,38.5815052114,31.0
2016-10-05,2,1,21.0,27.0,1,143.0,125.769230769,29.0,0.957999719062,176.0,45.9316446073,48.0
2016-10-06,3,1,22.0,27.0,0,143.0,118.0,29.0,0.652992884052,176.0,49.7300404492,64.0
2016-10-07,4,1,20.0,23.0,0,143.0,111.923076923,29.0,0.393289328933,176.0,51.1114341241,54.0
2016-10-08,5,0,17.0,22.0,0,143.0,111.692307692,29.0,0.452624403545,176.0,51.365035422,162.0
2016-10-09,6,0,16.0,22.0,1,144.0,120.923076923,29.0,0.754208754209,176.0,48.7260182251,165.0
2016-10-10,0,0,15.0,21.0,1,144.0,123.076923077,29.0,1.02750809061,176.0,49.9914785638,198.0
2016-10-11,1,0,17.0,23.0,1,147.0,126.076923077,29.0,1.39888089528,198.0,53.1289599986,168.0
2016-10-12,2,0,18.0,25.0,1,149.0,128.307692308,29.0,1.41940657578,198.0,54.2223124885,153.0
2016-10-13,3,0,18.0,23.0,1,150.0,127.923076923,29.0,1.38510808647,198.0,54.0277158766,197.0
2016-10-14,4,0,19.0,22.0,0,152.0,131.153846154,29.0,1.35318704284,198.0,56.7380568983,162.0
2016-10-15,5,1,20.0,23.0,0,153.0,131.692307692,29.0,1.28465688119,198.0,56.994445904,51.0
2016-10-16,6,1,20.0,26.0,0,153.0,123.692307692,31.0,1.02525631408,198.0,60.3609458755,40.0
2016-10-17,0,0,20.0,24.0,0,153.0,114.846153846,31.0,0.656545997145,198.0,63.4711880776,159.0
2016-10-18,1,0,20.0,24.0,0,154.0,124.692307692,31.0,0.648760866745,198.0,59.5048603256,196.0
2016-10-19,2,0,20.0,24.0,0,155.0,136.076923077,31.0,1.00279258695,198.0,57.8784688789,168.0
2016-10-20,3,0,21.0,25.0,0,155.0,144.076923077,31.0,1.32271117855,198.0,54.4489337869,156.0
2016-10-21,4,0,21.0,25.0,0,155.0,151.923076923,31.0,1.31462520541,198.0,47.8530788953,156.0
2016-10-22,5,1,20.0,23.0,0,155.0,151.461538462,31.0,1.21304018196,198.0,47.7825449054,52.0
2016-10-23,6,1,17.0,23.0,0,155.0,142.769230769,31.0,0.957264957265,198.0,54.3551764517,34.0
2016-10-24,0,0,19.0,24.0,1,155.0,130.153846154,31.0,0.668323667495,198.0,58.91303389,170.0
2016-10-25,1,0,19.0,23.0,1,155.0,130.307692308,31.0,0.668494581538,198.0,59.0141894481,184.0
2016-10-26,2,0,19.0,24.0,0,155.0,132.692307692,31.0,0.961943721334,198.0,60.4907934704,189.0
2016-10-27,3,0,18.0,24.0,0,155.0,132.076923077,31.0,1.28642501777,198.0,59.8709657879,183.0
2016-10-28,4,0,15.0,19.0,0,155.0,133.692307692,31.0,1.25948578548,198.0,60.9304579833,305.0
2016-10-29,5,1,12.0,15.0,0,155.0,153.230769231,31.0,1.46251890257,305.0,71.1489811227,85.0
2016-10-30,6,1,14.0,18.0,1,155.0,156.692307692,31.0,1.27079174983,305.0,66.4985651845,43.0
2016-10-31,0,0,12.0,17.0,0,155.0,147.769230769,31.0,1.01251023033,305.0,73.0501975421,182.0
