time_stamp,dayofweek,holiday,lt,ht,sunny,m2M,w2A,m1L,d3w3,m1Lar,w2Std,pay_sum
2016-08-01,0,0,28.0,34.0,1,56.0,63.6153846154,38.0,1.26365054602,113.0,19.1332914115,48.0
2016-08-02,1,0,28.0,34.0,0,56.0,63.3846153846,38.0,1.20176120176,113.0,19.3014087232,51.0
2016-08-03,2,0,26.0,32.0,0,55.0,63.0769230769,38.0,0.884035361414,113.0,19.4638186563,43.0
2016-08-04,3,0,27.0,32.0,0,55.0,62.3846153846,38.0,0.745994221172,113.0,19.9982247733,71.0
2016-08-05,4,0,27.0,33.0,0,55.0,62.7692307692,38.0,0.870253164557,113.0,20.1118175981,79.0
2016-08-06,5,1,27.0,33.0,1,56.0,62.0,38.0,1.01392172314,113.0,19.2673498238,70.0
2016-08-07,6,1,27.0,34.0,1,56.0,61.5384615385,38.0,1.17899249732,113.0,18.9964182236,85.0
2016-08-08,0,0,27.0,34.0,0,57.0,65.1538461538,38.0,1.22448979592,113.0,18.6417486545,51.0
2016-08-09,1,0,28.0,34.0,1,56.0,64.6923076923,38.0,1.0779696494,113.0,18.9102520643,82.0
2016-08-10,2,0,28.0,34.0,1,56.0,67.0769230769,38.0,1.1170894184,113.0,18.9876945514,62.0
2016-08-11,3,0,28.0,35.0,1,57.0,68.0769230769,38.0,0.991609458429,113.0,18.3406297118,48.0
2016-08-12,4,0,28.0,34.0,1,57.0,67.2307692308,38.0,0.989945862336,113.0,18.9823960802,64.0
2016-08-13,5,1,28.0,35.0,1,59.0,63.4615384615,38.0,0.914826498423,113.0,13.63036985,113.0
2016-08-14,6,1,28.0,36.0,1,59.0,66.6923076923,38.0,1.14942528736,113.0,18.9671157346,58.0
2016-08-15,0,0,28.0,35.0,1,59.0,67.4615384615,38.0,1.18238993711,113.0,18.3873509391,46.0
2016-08-16,1,0,28.0,35.0,1,59.0,67.0769230769,38.0,1.10096397768,113.0,18.7758500308,48.0
2016-08-17,2,0,28.0,35.0,1,58.0,67.4615384615,38.0,0.772946859903,113.0,18.324491323,62.0
2016-08-18,3,0,28.0,36.0,1,58.0,66.7692307692,38.0,0.785498489426,113.0,18.3477261058,63.0
2016-08-19,4,0,29.0,36.0,1,59.0,65.5384615385,38.0,0.868473895582,113.0,18.0197130713,66.0
2016-08-20,5,1,28.0,37.0,0,59.0,65.2307692308,38.0,0.994015092376,113.0,17.9749990742,86.0
2016-08-21,6,1,28.0,35.0,0,59.0,65.3076923077,38.0,1.10596707819,113.0,18.061368103,96.0
2016-08-22,0,0,28.0,35.0,1,59.0,68.7692307692,38.0,1.23015873016,113.0,19.2599778183,56.0
2016-08-23,1,0,26.0,34.0,1,59.0,66.7692307692,38.0,1.17617988634,113.0,19.1317450495,59.0
2016-08-24,2,0,26.0,34.0,1,59.0,66.5384615385,43.0,1.03052503053,113.0,19.2058299827,60.0
2016-08-25,3,0,27.0,35.0,1,59.0,67.4615384615,43.0,0.861644510094,113.0,18.5705117142,60.0
2016-08-26,4,0,26.0,34.0,0,59.0,67.1538461538,43.0,0.893882646692,113.0,18.6582469036,95.0
2016-08-27,5,1,23.0,31.0,1,59.0,65.7692307692,43.0,1.05392156863,113.0,15.6261804288,93.0
2016-08-28,6,1,22.0,30.0,1,60.0,68.4615384615,43.0,1.20857699805,113.0,17.0095691829,95.0
2016-08-29,0,0,23.0,31.0,1,60.0,72.2307692308,43.0,1.33616619452,113.0,17.043626583,52.0
2016-08-30,1,0,23.0,31.0,1,60.0,72.5384615385,43.0,1.15774240232,113.0,16.6346042686,70.0
2016-08-31,2,0,25.0,34.0,1,60.0,73.1538461538,43.0,1.04076738609,113.0,16.3793780001,50.0
2016-09-01,3,0,26.0,33.0,1,59.0,72.1538461538,43.0,0.823754789272,113.0,17.3375810301,50.0
2016-09-02,4,0,25.0,34.0,1,59.0,70.9230769231,46.0,0.822447992259,113.0,18.2734003339,56.0
2016-09-03,5,1,25.0,35.0,1,59.0,68.6153846154,46.0,0.787282361847,113.0,18.1173035077,106.0
2016-09-04,6,1,25.0,33.0,1,60.0,69.3846153846,46.0,1.03238373509,113.0,19.4285217045,76.0
2016-09-05,0,0,25.0,30.0,0,60.0,70.9230769231,46.0,1.13414343579,113.0,19.0967638759,54.0
2016-09-06,1,0,22.0,27.0,0,60.0,70.5384615385,46.0,1.11981020166,113.0,19.3812573404,37.0
2016-09-07,2,0,20.0,24.0,0,60.0,68.7692307692,37.0,0.806763285024,113.0,21.2246367955,63.0
2016-09-08,3,0,22.0,29.0,1,60.0,69.0,37.0,0.743961352657,113.0,21.144193602,62.0
2016-09-09,4,0,23.0,31.0,1,60.0,66.4615384615,37.0,0.78488372093,113.0,19.8091485648,93.0
2016-09-10,5,1,24.0,29.0,1,62.0,66.4615384615,37.0,1.05085562786,113.0,19.8091485648,102.0
2016-09-11,6,1,23.0,26.0,0,62.0,67.0,37.0,1.23350131989,113.0,20.6546698017,81.0
2016-09-12,0,0,23.0,29.0,1,62.0,69.2307692308,37.0,1.30127298444,106.0,20.4794600521,37.0
2016-09-13,1,0,23.0,30.0,1,62.0,66.6923076923,37.0,1.05363984674,106.0,22.1997387905,56.0
2016-09-14,2,0,22.0,24.0,0,62.0,67.1538461538,37.0,0.835734870317,106.0,21.9083621332,73.0
2016-09-15,3,1,23.0,26.0,0,62.0,68.9230769231,37.0,0.789911967642,106.0,21.3738212935,82.0
2016-09-16,4,1,23.0,27.0,0,62.0,70.9230769231,37.0,1.01344860711,106.0,21.2872715254,91.0
2016-09-17,5,1,23.0,27.0,0,62.0,69.7692307692,37.0,1.18326118326,106.0,19.7022210624,82.0
2016-09-18,6,0,23.0,28.0,0,63.0,70.2307692308,37.0,1.23816460306,106.0,19.9119362971,46.0
2016-09-19,0,0,21.0,27.0,0,63.0,69.6153846154,37.0,1.06803218727,106.0,20.5184287205,47.0
2016-09-20,1,0,20.0,26.0,1,62.0,70.3846153846,37.0,0.868055555556,106.0,19.4403959343,43.0
2016-09-21,2,0,20.0,27.0,1,62.0,68.8461538462,37.0,0.678135128397,106.0,20.7136007116,53.0
2016-09-22,3,0,21.0,27.0,1,62.0,68.1538461538,37.0,0.71144278607,106.0,21.0780460116,51.0
2016-09-23,4,0,21.0,27.0,1,62.0,64.9230769231,37.0,0.734082397004,106.0,20.2236021233,102.0
2016-09-24,5,1,22.0,28.0,1,62.0,64.9230769231,37.0,1.0318056599,106.0,20.2236021233,80.0
2016-09-25,6,1,23.0,29.0,1,62.0,64.8461538462,37.0,1.16354556804,106.0,20.164119519,67.0
2016-09-26,0,0,24.0,31.0,1,63.0,67.1538461538,37.0,1.23145400593,106.0,18.4926020711,38.0
2016-09-27,1,0,25.0,30.0,0,63.0,65.7692307692,37.0,0.914257474673,106.0,19.8964776402,46.0
2016-09-28,2,0,22.0,28.0,0,62.0,63.6923076923,37.0,0.755755755756,106.0,20.4352057278,51.0
2016-09-29,3,0,22.0,25.0,0,62.0,61.3076923077,37.0,0.681302043906,106.0,19.9629834959,68.0
2016-09-30,4,0,23.0,28.0,0,62.0,59.5384615385,37.0,0.848765432099,106.0,18.1938932469,103.0
2016-10-01,5,1,24.0,29.0,0,63.0,61.1538461538,37.0,1.14109483423,106.0,20.8542419734,75.0
2016-10-02,6,1,24.0,32.0,1,63.0,63.3846153846,37.0,1.27033307514,106.0,20.664121495,55.0
2016-10-03,0,1,22.0,26.0,1,63.0,64.0,37.0,1.18665648077,103.0,20.2826185534,74.0
2016-10-04,1,1,22.0,26.0,1,63.0,66.3846153846,37.0,1.02486812359,103.0,19.4799244255,68.0
2016-10-05,2,1,22.0,27.0,1,63.0,67.5384615385,37.0,0.993444276349,103.0,19.0933552059,73.0
2016-10-06,3,1,22.0,26.0,0,63.0,69.2307692308,37.0,1.0916476263,103.0,18.518821387,89.0
2016-10-07,4,1,20.0,25.0,0,63.0,68.2307692308,37.0,1.16959064327,103.0,17.0120041154,84.0
2016-10-08,5,0,17.0,22.0,0,63.0,68.5384615385,37.0,1.24904798172,103.0,17.2565055051,41.0
2016-10-09,6,0,18.0,22.0,1,63.0,66.5384615385,37.0,1.09072375127,103.0,18.7600860446,47.0
2016-10-10,0,0,18.0,22.0,1,63.0,67.2307692308,37.0,0.876656472987,103.0,17.8375310734,44.0
2016-10-11,1,0,19.0,25.0,1,63.0,67.0769230769,37.0,0.672268907563,103.0,18.0275922641,47.0
2016-10-12,2,0,19.0,23.0,1,62.0,66.7692307692,38.0,0.706062931696,103.0,18.3309483835,55.0
2016-10-13,3,0,19.0,23.0,1,62.0,65.7692307692,38.0,0.744707982657,103.0,18.5893014978,48.0
2016-10-14,4,0,19.0,23.0,0,62.0,61.5384615385,38.0,0.798084596967,103.0,15.6628683129,72.0
2016-10-15,5,1,21.0,25.0,1,63.0,61.3076923077,38.0,0.937081659973,103.0,15.4839103359,91.0
2016-10-16,6,1,20.0,26.0,1,63.0,64.0769230769,38.0,1.1084843709,103.0,17.2290521122,106.0
2016-10-17,0,0,20.0,25.0,1,66.0,66.5384615385,38.0,1.34131139367,106.0,20.4548861367,41.0
2016-10-18,1,0,20.0,25.0,1,63.0,64.4615384615,38.0,1.19119119119,106.0,21.5428566944,50.0
2016-10-19,2,0,20.0,24.0,0,62.0,62.6923076923,38.0,0.986726771851,106.0,21.7127563193,57.0
2016-10-20,3,0,20.0,23.0,0,60.0,60.2307692308,38.0,0.747474747475,106.0,20.3626877709,49.0
2016-10-21,4,0,0.0,21.0,0,60.0,57.5384615385,38.0,0.821484992101,106.0,19.3295922382,77.0
2016-10-22,5,1,19.0,23.0,0,62.0,60.3076923077,38.0,0.96214511041,106.0,19.3406093905,93.0
2016-10-23,6,1,18.0,23.0,1,63.0,63.8461538462,38.0,1.11791730475,106.0,20.7395799744,90.0
2016-10-24,0,0,20.0,24.0,1,67.0,67.3846153846,38.0,1.31114473021,106.0,20.974484358,42.0
2016-10-25,1,0,18.0,22.0,1,63.0,67.0,38.0,1.15740740741,106.0,21.3865522089,45.0
2016-10-26,2,0,19.0,21.0,0,62.0,66.2307692308,41.0,0.930599369085,106.0,21.976049362,67.0
2016-10-27,3,0,18.0,22.0,0,62.0,67.6923076923,41.0,0.823970037453,106.0,21.3375242432,52.0
2016-10-28,4,0,15.0,20.0,0,62.0,66.1538461538,41.0,0.900604063701,106.0,21.6895797521,89.0
2016-10-29,5,1,13.0,17.0,1,62.0,66.0,41.0,1.09878499736,106.0,21.5192221764,114.0
2016-10-30,6,1,14.0,18.0,1,63.0,66.6153846154,41.0,1.2791572611,114.0,22.7343808142,94.0
2016-10-31,0,0,13.0,17.0,0,67.0,70.6923076923,41.0,1.43582306019,114.0,22.5265129788,59.0
