time_stamp,dayofweek,holiday,lt,ht,sunny,m2M,w2A,m1L,d3w3,m1Lar,w2Std,pay_sum
2016-08-01,0,0,28.0,34.0,1,153.0,181.384615385,107.0,1.18326118326,268.0,42.0009861817,123.0
2016-08-02,1,0,28.0,34.0,0,153.0,178.769230769,107.0,1.12755847953,268.0,44.4265233428,117.0
2016-08-03,2,0,26.0,32.0,0,151.0,175.0,107.0,0.903367095538,268.0,47.3335139036,168.0
2016-08-04,3,0,27.0,32.0,0,151.0,176.307692308,107.0,0.74357572444,268.0,46.8851044336,68.0
2016-08-05,4,0,27.0,33.0,0,151.0,169.615384615,68.0,0.666666666667,268.0,54.9622786191,102.0
2016-08-06,5,1,27.0,33.0,1,151.0,159.076923077,68.0,0.667061377541,268.0,53.76939584,157.0
2016-08-07,6,1,27.0,34.0,1,153.0,154.076923077,68.0,0.667278849097,268.0,50.6153846154,234.0
2016-08-08,0,0,27.0,34.0,0,153.0,158.615384615,68.0,0.987876966236,268.0,54.7631803054,95.0
2016-08-09,1,0,28.0,34.0,1,153.0,154.153846154,68.0,0.992343032159,268.0,57.3408783623,141.0
2016-08-10,2,0,28.0,34.0,1,153.0,156.769230769,68.0,0.9670781893,268.0,55.8874608837,105.0
2016-08-11,3,0,28.0,35.0,1,153.0,151.230769231,68.0,0.711751200167,268.0,57.1612480971,137.0
2016-08-12,4,0,28.0,34.0,1,153.0,149.307692308,68.0,0.803946263644,268.0,57.1871214864,92.0
2016-08-13,5,1,28.0,35.0,1,153.0,138.0,68.0,0.735116099923,268.0,52.6906793684,279.0
2016-08-14,6,1,28.0,36.0,1,155.0,139.846153846,68.0,1.09742925038,279.0,57.0018166429,209.0
2016-08-15,0,0,28.0,35.0,1,157.0,146.461538462,68.0,1.23931623932,279.0,59.5942890715,121.0
2016-08-16,1,0,28.0,35.0,1,157.0,146.769230769,68.0,1.31476683938,279.0,59.4515366252,118.0
2016-08-17,2,0,28.0,35.0,1,155.0,142.923076923,68.0,0.963751747876,279.0,59.5708518533,153.0
2016-08-18,3,0,28.0,36.0,1,153.0,149.461538462,68.0,0.849864498645,279.0,55.5152305985,106.0
2016-08-19,4,0,29.0,36.0,1,153.0,149.769230769,68.0,0.832505244562,279.0,55.2618297063,134.0
2016-08-20,5,1,28.0,37.0,0,153.0,148.0,68.0,0.899107755662,279.0,55.3700835637,232.0
2016-08-21,6,1,28.0,35.0,0,155.0,147.846153846,68.0,1.08843537415,279.0,55.1331899953,246.0
2016-08-22,0,0,28.0,35.0,1,157.0,159.461538462,68.0,1.35368281354,279.0,58.5748901107,146.0
2016-08-23,1,0,26.0,34.0,1,157.0,159.846153846,68.0,1.36707196845,279.0,58.4687242547,122.0
2016-08-24,2,0,26.0,34.0,1,155.0,161.153846154,68.0,1.14336558781,279.0,57.4079144287,157.0
2016-08-25,3,0,27.0,35.0,1,155.0,162.692307692,68.0,0.918124864982,279.0,57.0065915425,124.0
2016-08-26,4,0,26.0,34.0,0,155.0,165.153846154,68.0,0.864435864436,279.0,54.5384072908,138.0
2016-08-27,5,1,23.0,31.0,1,155.0,154.307692308,68.0,0.90428401856,279.0,43.7780848149,230.0
2016-08-28,6,1,22.0,30.0,1,157.0,155.923076923,68.0,1.06320907618,279.0,46.0926517395,270.0
2016-08-29,0,0,23.0,31.0,1,157.0,167.384615385,68.0,1.30470347648,279.0,53.8552739529,163.0
2016-08-30,1,0,23.0,31.0,1,157.0,170.846153846,68.0,1.34673979281,279.0,51.983497609,173.0
2016-08-31,2,0,25.0,34.0,1,157.0,172.384615385,68.0,1.20597014925,279.0,51.727895259,132.0
2016-09-01,3,0,26.0,33.0,1,157.0,174.384615385,68.0,0.932735426009,279.0,49.5806079671,133.0
2016-09-02,4,0,25.0,34.0,1,157.0,174.307692308,68.0,0.862374483166,279.0,49.6439393084,153.0
2016-09-03,5,1,25.0,35.0,1,157.0,168.230769231,92.0,0.854805725971,279.0,46.9732392656,288.0
2016-09-04,6,1,25.0,33.0,1,157.0,171.461538462,92.0,1.14605171209,288.0,53.2376607366,255.0
2016-09-05,0,0,25.0,30.0,0,157.0,179.846153846,92.0,1.33602073136,288.0,57.0166590418,156.0
2016-09-06,1,0,22.0,27.0,0,157.0,182.461538462,92.0,1.32725719168,288.0,55.049090518,157.0
2016-09-07,2,0,20.0,24.0,0,157.0,182.461538462,92.0,1.07728781413,288.0,55.049090518,114.0
2016-09-08,3,0,22.0,29.0,1,157.0,181.692307692,92.0,0.80802346485,288.0,55.9235530611,138.0
2016-09-09,4,0,23.0,31.0,1,157.0,181.692307692,92.0,0.773083829506,288.0,55.9235530611,173.0
2016-09-10,5,1,24.0,29.0,1,157.0,177.307692308,92.0,0.816993464052,288.0,54.1712166197,229.0
2016-09-11,6,1,23.0,26.0,0,157.0,174.153846154,106.0,1.04317589105,288.0,49.6911169183,198.0
2016-09-12,0,0,23.0,29.0,1,157.0,176.846153846,106.0,1.14187838995,288.0,49.961286788,129.0
2016-09-13,1,0,23.0,30.0,1,157.0,173.461538462,106.0,1.05603038936,288.0,51.5716311173,135.0
2016-09-14,2,0,22.0,24.0,0,156.0,173.692307692,106.0,0.883027522936,288.0,51.3919847318,150.0
2016-09-15,3,1,23.0,26.0,0,155.0,175.0,106.0,0.785429709732,288.0,50.5492904919,181.0
2016-09-16,4,1,23.0,27.0,0,155.0,177.153846154,106.0,0.873395183207,288.0,50.1610424285,162.0
2016-09-17,5,1,23.0,27.0,0,155.0,167.461538462,114.0,0.942008216299,288.0,38.6614803024,182.0
2016-09-18,6,0,23.0,28.0,0,155.0,161.846153846,114.0,1.02910908556,288.0,29.8324710904,140.0
2016-09-19,0,0,21.0,27.0,0,155.0,160.615384615,114.0,0.955200315769,288.0,30.3734156574,128.0
2016-09-20,1,0,20.0,26.0,1,153.0,158.384615385,114.0,0.900090009001,288.0,31.5973184391,91.0
2016-09-21,2,0,20.0,27.0,1,153.0,156.615384615,91.0,0.727014985824,288.0,34.5399177353,111.0
2016-09-22,3,0,21.0,27.0,1,153.0,154.538461538,91.0,0.672782874618,288.0,36.3606198318,118.0
2016-09-23,4,0,21.0,27.0,1,150.0,150.307692308,91.0,0.659453889748,288.0,37.1574293542,144.0
2016-09-24,5,1,22.0,28.0,1,146.0,143.769230769,91.0,0.804486142564,288.0,29.4047454207,220.0
2016-09-25,6,1,23.0,29.0,1,150.0,145.461538462,91.0,1.05148342059,288.0,32.9022220073,214.0
2016-09-26,0,0,24.0,31.0,1,150.0,152.0,91.0,1.23742239349,288.0,37.1524924104,123.0
2016-09-27,1,0,25.0,30.0,0,146.0,151.076923077,91.0,1.20562770563,288.0,37.7083168514,143.0
2016-09-28,2,0,22.0,28.0,0,144.0,150.538461538,91.0,1.02926986169,288.0,37.7697790968,121.0
2016-09-29,3,0,22.0,25.0,0,143.0,145.923076923,91.0,0.834411384217,288.0,37.4298555012,91.0
2016-09-30,4,0,23.0,28.0,0,143.0,140.461538462,91.0,0.78626799557,288.0,39.7910221506,156.0
2016-10-01,5,1,24.0,29.0,0,144.0,138.461538462,91.0,0.835319487005,288.0,38.2775599749,264.0
2016-10-02,6,1,24.0,32.0,1,144.0,148.0,91.0,1.13442113442,288.0,50.8557537778,240.0
2016-10-03,0,1,22.0,26.0,1,146.0,156.615384615,91.0,1.41297366731,264.0,55.9677633334,216.0
2016-10-04,1,1,22.0,26.0,1,150.0,166.230769231,91.0,1.50234741784,264.0,54.5895930434,199.0
2016-10-05,2,1,22.0,27.0,1,150.0,173.0,91.0,1.34607480477,264.0,52.7461263616,225.0
2016-10-06,3,1,22.0,26.0,0,150.0,181.230769231,91.0,1.29764801298,264.0,51.862471753,190.0
2016-10-07,4,1,20.0,25.0,0,153.0,184.769230769,91.0,1.23441897869,264.0,50.7590898963,245.0
2016-10-08,5,0,17.0,22.0,0,153.0,186.692307692,91.0,1.30216040249,264.0,52.5011129778,217.0
2016-10-09,6,0,18.0,22.0,1,156.0,186.923076923,91.0,1.25771604938,264.0,52.6270792222,180.0
2016-10-10,0,0,18.0,22.0,1,156.0,191.307692308,91.0,1.22006841505,264.0,49.3938404995,184.0
2016-10-11,1,0,19.0,25.0,1,157.0,194.461538462,91.0,1.07562714061,264.0,47.4805472469,150.0
2016-10-12,2,0,19.0,23.0,1,156.0,196.692307692,91.0,0.941391941392,264.0,44.568675815,173.0
2016-10-13,3,0,19.0,23.0,1,156.0,203.0,91.0,0.914749661705,264.0,33.6223368977,179.0
2016-10-14,4,0,19.0,23.0,0,157.0,204.769230769,91.0,0.897229669348,264.0,31.6498969403,149.0
2016-10-15,5,1,21.0,25.0,1,157.0,195.923076923,91.0,0.912817709757,264.0,29.8804323377,259.0
2016-10-16,6,1,20.0,26.0,1,157.0,197.384615385,91.0,1.05651547876,264.0,32.3622250389,286.0
2016-10-17,0,0,20.0,25.0,1,162.0,202.769230769,91.0,1.19644858202,286.0,39.9464138106,166.0
2016-10-18,1,0,20.0,25.0,1,163.0,200.230769231,91.0,1.21850899743,286.0,41.136085312,201.0
2016-10-19,2,0,20.0,24.0,0,163.0,198.384615385,91.0,1.09655751469,286.0,40.5169261146,145.0
2016-10-20,3,0,20.0,23.0,0,162.0,194.923076923,91.0,0.848243870113,286.0,42.9354820784,138.0
2016-10-21,4,0,0.0,21.0,0,162.0,186.692307692,91.0,0.805458478948,286.0,42.8025603393,137.0
2016-10-22,5,1,19.0,23.0,0,162.0,180.538461538,91.0,0.72183552462,286.0,43.7433342344,200.0
2016-10-23,6,1,18.0,23.0,1,163.0,182.076923077,91.0,0.824867587045,286.0,44.0479835188,267.0
2016-10-24,0,0,20.0,24.0,1,166.0,188.461538462,91.0,1.03513281919,286.0,49.5372670663,204.0
2016-10-25,1,0,18.0,22.0,1,173.0,192.615384615,91.0,1.14848095849,286.0,48.3887120682,152.0
2016-10-26,2,0,19.0,21.0,0,166.0,191.0,91.0,1.08669108669,286.0,49.3574092326,101.0
2016-10-27,3,0,18.0,22.0,0,163.0,185.0,91.0,0.816144298598,286.0,54.8830925345,131.0
2016-10-28,4,0,15.0,20.0,0,162.0,183.615384615,91.0,0.707377728654,286.0,55.9897496959,117.0
2016-10-29,5,1,13.0,17.0,1,157.0,172.692307692,101.0,0.661172681633,286.0,54.0347247545,252.0
2016-10-30,6,1,14.0,18.0,1,162.0,170.076923077,101.0,0.928246542282,286.0,49.0830717151,224.0
2016-10-31,0,0,13.0,17.0,0,166.0,174.538461538,101.0,1.08877260626,286.0,51.1041401072,135.0
