time_stamp,dayofweek,holiday,lt,ht,sunny,m2M,w2A,m1L,d3w3,m1Lar,w2Std,pay_sum
2016-08-01,0,0,27.0,35.0,1,205.0,207.615384615,160.0,1.06936416185,251.0,20.0443295705,120.0
2016-08-02,1,0,26.0,36.0,0,205.0,200.538461538,120.0,0.946522309711,251.0,30.6709970358,199.0
2016-08-03,2,0,25.0,30.0,0,205.0,198.0,120.0,0.865479723046,251.0,29.296888782,210.0
2016-08-04,3,0,25.0,32.0,0,205.0,197.769230769,120.0,0.867995733858,251.0,29.1894444729,228.0
2016-08-05,4,0,26.0,32.0,0,206.0,199.923076923,120.0,1.03855873482,251.0,30.2869901963,217.0
2016-08-06,5,1,26.0,34.0,0,208.0,199.230769231,120.0,1.07078633317,251.0,29.7816511557,179.0
2016-08-07,6,1,26.0,34.0,0,208.0,197.615384615,120.0,1.03123450669,251.0,30.2617770121,206.0
2016-08-08,0,0,26.0,34.0,1,208.0,199.615384615,120.0,0.988992935765,251.0,29.8883524047,209.0
2016-08-09,1,0,27.0,34.0,1,208.0,199.615384615,120.0,0.976572133169,251.0,29.8883524047,193.0
2016-08-10,2,0,27.0,34.0,1,208.0,200.692307692,120.0,1.00929614874,251.0,29.3739408723,222.0
2016-08-11,3,0,27.0,35.0,1,208.0,203.769230769,120.0,1.03354037267,251.0,29.3497578188,184.0
2016-08-12,4,0,28.0,35.0,1,208.0,201.846153846,120.0,0.99609212605,251.0,29.7601854674,255.0
2016-08-13,5,1,28.0,36.0,1,209.0,202.153846154,120.0,1.0912993231,255.0,30.2828871549,205.0
2016-08-14,6,1,27.0,36.0,1,209.0,202.076923077,120.0,1.06191771787,255.0,30.2742885033,183.0
2016-08-15,0,0,27.0,36.0,1,209.0,206.923076923,120.0,1.05948261658,255.0,20.0708803167,200.0
2016-08-16,1,0,27.0,36.0,1,208.0,207.0,120.0,0.971018082735,255.0,20.0422630382,220.0
2016-08-17,2,0,27.0,35.0,1,208.0,207.769230769,120.0,0.985777341834,255.0,20.3324441232,207.0
2016-08-18,3,0,27.0,36.0,1,207.0,206.153846154,120.0,1.01876675603,255.0,19.4771904223,193.0
2016-08-19,4,0,29.0,37.0,1,207.0,204.307692308,120.0,1.01133675883,255.0,19.4990517142,235.0
2016-08-20,5,1,27.0,36.0,0,207.0,208.615384615,120.0,1.03987554245,255.0,19.6176469284,220.0
2016-08-21,6,1,27.0,33.0,0,207.0,209.692307692,120.0,1.05752753978,255.0,19.8276598386,213.0
2016-08-22,0,0,27.0,34.0,1,207.0,210.0,120.0,1.06590074996,255.0,19.8455575343,232.0
2016-08-23,1,0,25.0,34.0,1,208.0,213.0,120.0,1.05279822687,255.0,19.9961534763,239.0
2016-08-24,2,0,24.0,34.0,1,208.0,214.307692308,120.0,1.07547169811,255.0,21.0690608581,221.0
2016-08-25,3,0,25.0,34.0,1,208.0,217.153846154,120.0,1.08984959446,255.0,19.1987425624,225.0
2016-08-26,4,0,23.0,29.0,1,209.0,214.846153846,120.0,1.07679006524,255.0,16.0568516592,213.0
2016-08-27,5,1,20.0,29.0,1,209.0,215.461538462,120.0,1.02768031189,255.0,15.8192452636,221.0
2016-08-28,6,1,19.0,30.0,1,209.0,218.384615385,120.0,1.02408702409,255.0,12.7673770666,231.0
2016-08-29,0,0,20.0,31.0,1,210.0,220.769230769,120.0,1.02813852814,255.0,11.9817415336,226.0
2016-08-30,1,0,21.0,31.0,1,210.0,221.230769231,120.0,1.04027617952,255.0,12.058535733,269.0
2016-08-31,2,0,22.0,32.0,1,211.0,226.0,179.0,1.10200364299,269.0,16.8111684488,251.0
2016-09-01,3,0,22.0,33.0,1,211.0,230.461538462,179.0,1.1153472378,269.0,15.0671082653,224.0
2016-09-02,4,0,22.0,34.0,1,211.0,229.615384615,179.0,1.12014453478,269.0,15.0973174466,259.0
2016-09-03,5,1,23.0,34.0,1,212.0,232.615384615,179.0,1.09177450543,269.0,16.6804282436,237.0
2016-09-04,6,1,22.0,33.0,1,213.0,234.461538462,179.0,1.0582010582,269.0,15.7070066904,220.0
2016-09-05,0,0,24.0,33.0,1,213.0,233.538461538,183.0,1.04770266315,269.0,16.1703212689,236.0
2016-09-06,1,0,22.0,26.0,0,213.0,233.307692308,183.0,1.01049868766,269.0,16.1120337989,211.0
2016-09-07,2,0,20.0,26.0,1,213.0,232.538461538,183.0,0.971736596737,269.0,16.900684486,224.0
2016-09-08,3,0,21.0,30.0,1,213.0,232.461538462,183.0,0.97098618045,269.0,16.9370571625,234.0
2016-09-09,4,0,23.0,32.0,1,213.0,234.076923077,183.0,0.968302214503,269.0,15.9781655752,222.0
2016-09-10,5,1,21.0,30.0,1,217.0,234.153846154,183.0,0.983796296296,269.0,15.9173159404,230.0
2016-09-11,6,1,20.0,28.0,1,217.0,234.076923077,183.0,0.988828828829,269.0,15.9347783092,233.0
2016-09-12,0,0,20.0,30.0,1,220.0,234.615384615,183.0,0.987173944372,269.0,15.7701688276,219.0
2016-09-13,1,0,21.0,30.0,1,220.0,230.769230769,193.0,0.987118251556,269.0,12.7167596632,231.0
2016-09-14,2,0,22.0,28.0,1,220.0,229.230769231,193.0,0.986424032351,269.0,11.3079539478,231.0
2016-09-15,3,1,21.0,23.0,0,220.0,229.769230769,193.0,0.982258762441,269.0,11.212313603,147.0
2016-09-16,4,1,21.0,23.0,0,220.0,221.153846154,147.0,0.891132572432,269.0,22.643885756,153.0
2016-09-17,5,1,21.0,27.0,1,220.0,214.692307692,147.0,0.788770053476,269.0,28.4426132506,236.0
2016-09-18,6,0,20.0,28.0,1,220.0,215.923076923,147.0,0.795311224868,269.0,28.9866322996,225.0
2016-09-19,0,0,17.0,26.0,1,220.0,215.076923077,147.0,0.91124962897,269.0,28.5454065777,217.0
2016-09-20,1,0,18.0,26.0,1,220.0,215.538461538,147.0,1.01801801802,269.0,28.5242552242,204.0
2016-09-21,2,0,17.0,24.0,1,220.0,214.0,147.0,0.980347522574,269.0,28.5657137142,244.0
2016-09-22,3,0,19.0,27.0,1,220.0,214.769230769,147.0,1.00460759876,269.0,29.2210510161,254.0
2016-09-23,4,0,19.0,28.0,1,220.0,217.230769231,147.0,1.06170598911,269.0,31.0189863599,263.0
2016-09-24,5,1,21.0,29.0,1,221.0,219.769230769,147.0,1.14418884378,269.0,33.2314814738,276.0
2016-09-25,6,1,21.0,28.0,1,221.0,223.076923077,147.0,1.17743132888,276.0,36.3751003984,234.0
2016-09-26,0,0,23.0,30.0,1,222.0,224.230769231,147.0,1.14824717766,276.0,36.4652708249,255.0
2016-09-27,1,0,23.0,30.0,0,222.0,226.076923077,147.0,1.1253309797,276.0,37.357856837,271.0
2016-09-28,2,0,19.0,23.0,0,222.0,229.153846154,147.0,1.10650069156,276.0,39.2366511428,193.0
2016-09-29,3,0,17.0,19.0,0,222.0,232.692307692,147.0,1.05626560893,276.0,33.292144177,165.0
2016-09-30,4,0,18.0,21.0,0,222.0,233.615384615,147.0,0.935803020159,276.0,31.1683726816,221.0
2016-10-01,5,1,20.0,24.0,0,222.0,232.461538462,147.0,0.863148479428,276.0,31.335935097,197.0
2016-10-02,6,1,20.0,24.0,0,222.0,230.307692308,147.0,0.876164712955,276.0,32.7070554971,174.0
2016-10-03,0,1,18.0,26.0,1,222.0,227.0,147.0,0.898808168223,276.0,35.9037173991,181.0
2016-10-04,1,1,20.0,25.0,1,222.0,225.230769231,147.0,0.847730937572,276.0,37.5236414629,228.0
2016-10-05,2,1,20.0,26.0,1,222.0,224.0,147.0,0.895958198863,276.0,37.148351242,238.0
2016-10-06,3,1,19.0,25.0,1,224.0,222.769230769,147.0,0.973884247761,276.0,36.3913638237,248.0
2016-10-07,4,1,17.0,20.0,0,224.0,221.615384615,147.0,1.05216622458,276.0,35.3195053139,154.0
2016-10-08,5,0,14.0,22.0,1,224.0,212.230769231,147.0,0.96052829056,276.0,35.8268353358,211.0
2016-10-09,6,0,13.0,21.0,1,224.0,210.461538462,147.0,0.922914784703,276.0,35.271726277,221.0
2016-10-10,0,0,16.0,21.0,1,224.0,207.846153846,147.0,0.88146811071,276.0,33.063682502,200.0
2016-10-11,1,0,16.0,20.0,1,224.0,202.384615385,147.0,0.951520626317,276.0,27.5919120299,195.0
2016-10-12,2,0,16.0,19.0,1,224.0,202.538461538,147.0,0.937809241075,276.0,27.5446920326,208.0
2016-10-13,3,0,17.0,20.0,1,224.0,205.846153846,147.0,0.927763674129,276.0,25.331179188,214.0
2016-10-14,4,0,16.0,18.0,1,224.0,205.307692308,147.0,0.960161842515,276.0,25.0764511518,259.0
2016-10-15,5,1,18.0,21.0,0,224.0,210.076923077,153.0,1.06397937661,276.0,28.679828179,277.0
2016-10-16,6,1,17.0,23.0,1,225.0,218.0,154.0,1.16009280742,277.0,31.6883866133,252.0
2016-10-17,0,0,18.0,22.0,1,225.0,223.461538462,154.0,1.21971983593,277.0,30.9506191926,234.0
2016-10-18,1,0,18.0,23.0,1,225.0,223.923076923,154.0,1.1912568306,277.0,31.0594010009,242.0
2016-10-19,2,0,19.0,22.0,1,226.0,224.230769231,154.0,1.12371690978,277.0,31.2167456199,239.0
2016-10-20,3,0,19.0,21.0,0,228.0,223.538461538,154.0,1.08505956446,277.0,30.7786524037,197.0
2016-10-21,4,0,19.0,21.0,0,226.0,226.846153846,154.0,1.0345616846,277.0,24.8715040956,217.0
2016-10-22,5,1,18.0,21.0,0,225.0,227.307692308,154.0,0.991873623453,277.0,24.6276411794,229.0
2016-10-23,6,1,15.0,18.0,1,226.0,227.923076923,154.0,0.964596459646,277.0,24.5622021641,274.0
2016-10-24,0,0,16.0,20.0,1,228.0,233.615384615,154.0,1.05796782015,277.0,25.9660679809,235.0
2016-10-25,1,0,14.0,17.0,1,229.0,236.692307692,154.0,1.08274647887,277.0,23.4566199132,240.0
2016-10-26,2,0,16.0,18.0,0,230.0,239.153846154,154.0,1.09840152515,277.0,21.9469505639,191.0
2016-10-27,3,0,15.0,17.0,0,229.0,237.384615385,154.0,0.989084428603,277.0,24.6624549952,225.0
2016-10-28,4,0,11.0,15.0,0,229.0,234.769230769,154.0,0.959064327485,277.0,24.0261199088,261.0
2016-10-29,5,1,8.0,12.0,0,229.0,233.538461538,154.0,0.979031091829,277.0,22.1693321943,253.0
2016-10-30,6,1,10.0,17.0,1,229.0,233.615384615,154.0,1.06132414189,277.0,22.2348944802,266.0
2016-10-31,0,0,10.0,15.0,0,230.0,236.076923077,154.0,1.10450297366,277.0,23.8535968533,185.0
