time_stamp,dayofweek,holiday,lt,ht,sunny,m2M,w2A,m1L,d3w3,m1Lar,w2Std,pay_sum
2016-08-01,0,0,27.0,35.0,1,11.0,8.61538461538,6.0,0.756756756757,23.0,3.75271105158,7.0
2016-08-02,1,0,26.0,36.0,0,11.0,8.53846153846,6.0,0.769230769231,21.0,3.77472127581,7.0
2016-08-03,2,0,25.0,30.0,0,10.0,7.46153846154,6.0,0.773480662983,21.0,1.15127919593,7.0
2016-08-04,3,0,25.0,32.0,0,10.0,7.46153846154,6.0,0.773480662983,21.0,1.15127919593,7.0
2016-08-05,4,0,26.0,32.0,0,10.0,7.15384615385,6.0,0.818713450292,21.0,0.532938710021,7.0
2016-08-06,5,1,26.0,34.0,0,10.0,7.0,7.0,0.853658536585,21.0,0.0,7.0
2016-08-07,6,1,26.0,34.0,0,10.0,7.0,7.0,0.853658536585,21.0,0.0,7.0
2016-08-08,0,0,26.0,34.0,1,10.0,7.0,7.0,0.869565217391,21.0,0.0,7.0
2016-08-09,1,0,27.0,34.0,1,10.0,7.0,7.0,0.875,21.0,0.0,7.0
2016-08-10,2,0,27.0,34.0,1,9.0,7.0,7.0,0.958904109589,21.0,0.0,7.0
2016-08-11,3,0,27.0,35.0,1,9.0,7.0,7.0,0.958904109589,21.0,0.0,7.0
2016-08-12,4,0,28.0,35.0,1,9.0,7.0,7.0,0.985915492958,21.0,0.0,7.0
2016-08-13,5,1,28.0,36.0,1,9.0,7.0,7.0,1.0,21.0,0.0,7.0
2016-08-14,6,1,27.0,36.0,1,9.0,7.0,7.0,1.0,21.0,0.0,7.0
2016-08-15,0,0,27.0,36.0,1,8.0,7.0,7.0,1.0,21.0,0.0,7.0
2016-08-16,1,0,27.0,36.0,1,8.0,7.0,7.0,1.0,21.0,0.0,7.0
2016-08-17,2,0,27.0,35.0,1,8.0,7.0,7.0,1.0,21.0,0.0,7.0
2016-08-18,3,0,27.0,36.0,1,7.0,7.0,7.0,1.0,21.0,0.0,7.0
2016-08-19,4,0,29.0,37.0,1,7.0,7.0,7.0,1.0,11.0,0.0,7.0
2016-08-20,5,1,27.0,36.0,0,7.0,7.0,7.0,1.0,11.0,0.0,7.0
2016-08-21,6,1,27.0,33.0,0,7.0,7.0,7.0,1.0,9.0,0.0,7.0
2016-08-22,0,0,27.0,34.0,1,7.0,7.0,7.0,1.0,7.0,0.0,7.0
2016-08-23,1,0,25.0,34.0,1,7.0,7.0,7.0,1.0,7.0,0.0,7.0
2016-08-24,2,0,24.0,34.0,1,7.0,7.0,7.0,1.0,7.0,0.0,7.0
2016-08-25,3,0,25.0,34.0,1,7.0,7.0,7.0,1.0,7.0,0.0,7.0
2016-08-26,4,0,23.0,29.0,1,7.0,7.0,7.0,1.0,7.0,0.0,7.0
2016-08-27,5,1,20.0,29.0,1,7.0,7.0,7.0,1.0,7.0,0.0,7.0
2016-08-28,6,1,19.0,30.0,1,7.0,7.0,7.0,1.0,7.0,0.0,7.0
2016-08-29,0,0,20.0,31.0,1,7.0,7.0,7.0,1.0,7.0,0.0,7.0
2016-08-30,1,0,21.0,31.0,1,7.0,7.0,7.0,1.0,7.0,0.0,7.0
2016-08-31,2,0,22.0,32.0,1,7.0,7.0,7.0,1.0,7.0,0.0,7.0
2016-09-01,3,0,22.0,33.0,1,7.0,7.0,7.0,1.0,7.0,0.0,7.0
2016-09-02,4,0,22.0,34.0,1,7.0,7.0,7.0,1.0,7.0,0.0,7.0
2016-09-03,5,1,23.0,34.0,1,7.0,7.0,7.0,1.0,7.0,0.0,7.0
2016-09-04,6,1,22.0,33.0,1,7.0,7.0,7.0,1.0,7.0,0.0,7.0
2016-09-05,0,0,24.0,33.0,1,7.0,7.0,7.0,1.0,7.0,0.0,7.0
2016-09-06,1,0,22.0,26.0,0,7.0,7.0,7.0,1.0,7.0,0.0,7.0
2016-09-07,2,0,20.0,26.0,1,7.0,7.0,7.0,1.0,7.0,0.0,7.0
2016-09-08,3,0,21.0,30.0,1,7.0,7.0,7.0,1.0,7.0,0.0,9.0
2016-09-09,4,0,23.0,32.0,1,7.0,7.15384615385,7.0,1.07981220657,9.0,0.532938710021,2.0
2016-09-10,5,1,21.0,30.0,1,7.0,6.76923076923,2.0,0.875912408759,9.0,1.47564046871,43.0
2016-09-11,6,1,20.0,28.0,1,7.0,9.53846153846,2.0,2.08092485549,43.0,9.77135046658,35.0
2016-09-12,0,0,20.0,30.0,1,7.0,11.6923076923,2.0,2.65339966833,43.0,11.8411577876,24.0
2016-09-13,1,0,21.0,30.0,1,7.0,13.0,2.0,3.11926605505,43.0,12.1844794087,67.0
2016-09-14,2,0,22.0,28.0,1,7.0,17.6153846154,2.0,3.02158273381,67.0,18.6734631189,53.0
2016-09-15,3,1,21.0,23.0,0,7.0,21.1538461538,2.0,2.96296296296,67.0,20.5869493905,99.0
2016-09-16,4,1,21.0,23.0,0,7.0,28.2307692308,2.0,3.50961538462,99.0,28.7138504402,94.0
2016-09-17,5,1,21.0,27.0,1,7.0,34.9230769231,2.0,3.26043737575,99.0,32.8293057132,60.0
2016-09-18,6,0,20.0,28.0,1,7.0,39.0,2.0,3.03357314149,99.0,32.3965810162,2.0
2016-09-19,0,0,17.0,26.0,1,7.0,38.6153846154,2.0,1.88747731397,99.0,32.8013565891,2.0
2016-09-20,1,0,18.0,26.0,1,7.0,38.2307692308,2.0,0.781440781441,99.0,33.1967418377,2.0
2016-09-21,2,0,17.0,24.0,1,7.0,37.8461538462,2.0,0.0739371534196,99.0,33.5830684305,2.0
2016-09-22,3,0,19.0,27.0,1,7.0,37.3076923077,2.0,0.0746268656716,99.0,34.0935017841,61.0
2016-09-23,4,0,19.0,28.0,1,7.0,41.8461538462,2.0,0.734463276836,99.0,33.0008068756,109.0
2016-09-24,5,1,21.0,29.0,1,7.0,46.9230769231,2.0,1.6570327553,109.0,37.5509121849,93.0
2016-09-25,6,1,21.0,28.0,1,7.0,51.3846153846,2.0,2.25364181662,109.0,39.2752387478,115.0
2016-09-26,0,0,23.0,30.0,1,7.0,58.3846153846,2.0,2.38525206922,115.0,41.79904022,84.0
2016-09-27,1,0,23.0,30.0,0,7.0,59.6923076923,2.0,2.02146071305,115.0,42.3109089686,120.0
2016-09-28,2,0,19.0,23.0,0,7.0,64.8461538462,2.0,1.97645600991,120.0,45.1660971455,116.0
2016-09-29,3,0,17.0,19.0,0,7.0,66.1538461538,2.0,1.80332488025,120.0,46.3661782467,99.0
2016-09-30,4,0,18.0,21.0,0,7.0,66.5384615385,2.0,1.74479166667,120.0,46.6156384862,104.0
2016-10-01,5,1,20.0,24.0,0,7.0,69.9230769231,2.0,1.5858811832,120.0,47.6048826495,108.0
2016-10-02,6,1,20.0,24.0,0,7.0,78.0769230769,2.0,1.46628948609,120.0,44.2309698992,106.0
2016-10-03,0,1,18.0,26.0,1,7.0,86.0769230769,2.0,1.41711229947,120.0,38.8220031554,128.0
2016-10-04,1,1,20.0,25.0,1,7.0,95.7692307692,2.0,1.46435452794,128.0,31.6960416023,117.0
2016-10-05,2,1,20.0,26.0,1,7.0,104.615384615,2.0,1.44355336212,128.0,16.8730028404,114.0
2016-10-06,3,1,19.0,25.0,1,7.0,108.692307692,2.0,1.46291768541,128.0,11.3366974935,132.0
2016-10-07,4,1,17.0,20.0,0,7.0,110.461538462,2.0,1.44563918757,132.0,12.9294855904,112.0
2016-10-08,5,0,14.0,22.0,1,7.0,111.923076923,2.0,1.38277327153,132.0,11.9064400057,101.0
2016-10-09,6,0,13.0,21.0,1,7.0,110.846153846,2.0,1.2602739726,132.0,12.2087368076,108.0
2016-10-10,0,0,16.0,21.0,1,7.0,112.692307692,2.0,1.10823407561,132.0,9.53039361028,91.0
2016-10-11,1,0,16.0,20.0,1,7.0,110.461538462,2.0,0.990099009901,132.0,10.8600565561,89.0
2016-10-12,2,0,16.0,19.0,1,7.0,108.384615385,2.0,0.911248220218,132.0,12.111904262,80.0
2016-10-13,3,0,17.0,20.0,1,9.0,106.923076923,2.0,0.815302602697,132.0,14.1337650189,93.0
2016-10-14,4,0,16.0,18.0,1,24.0,106.076923077,2.0,0.827804107425,132.0,14.6048545062,104.0
2016-10-15,5,1,18.0,21.0,0,35.0,105.769230769,2.0,0.870658494421,132.0,14.6032338155,128.0
2016-10-16,6,1,17.0,23.0,1,43.0,107.461538462,2.0,1.01530771634,132.0,15.7607857312,94.0
2016-10-17,0,0,18.0,22.0,1,53.0,104.846153846,2.0,1.01368159204,132.0,14.9349675071,85.0
2016-10-18,1,0,18.0,23.0,1,60.0,102.384615385,2.0,0.970444128339,132.0,15.3599802761,102.0
2016-10-19,2,0,19.0,22.0,1,61.0,101.461538462,2.0,0.894192521877,132.0,14.9903321902,120.0
2016-10-20,3,0,19.0,21.0,0,67.0,100.538461538,2.0,0.967233774417,132.0,13.3624927696,129.0
2016-10-21,4,0,19.0,21.0,0,80.0,101.846153846,61.0,1.09294722092,132.0,15.1345054243,103.0
2016-10-22,5,1,18.0,21.0,0,84.0,102.0,80.0,1.0986267166,132.0,15.135287347,131.0
2016-10-23,6,1,15.0,18.0,1,85.0,103.769230769,80.0,1.11985192041,132.0,16.9667269232,105.0
2016-10-24,0,0,16.0,20.0,1,89.0,104.846153846,80.0,1.0570626754,132.0,16.5615223838,104.0
2016-10-25,1,0,14.0,17.0,1,91.0,106.0,80.0,1.06666666667,132.0,15.9277213591,119.0
2016-10-26,2,0,16.0,18.0,0,93.0,109.0,80.0,1.02660406886,132.0,14.3419771194,113.0
2016-10-27,3,0,15.0,17.0,0,93.0,110.538461538,80.0,1.06110847939,132.0,13.5964666486,109.0
2016-10-28,4,0,11.0,15.0,0,94.0,110.923076923,80.0,1.07843137255,132.0,13.4762556912,135.0
2016-10-29,5,1,8.0,12.0,0,94.0,111.461538462,80.0,1.11111111111,135.0,14.264616712,188.0
2016-10-30,6,1,10.0,17.0,1,99.0,118.692307692,80.0,1.29612961296,188.0,24.0492591134,149.0
2016-10-31,0,0,10.0,15.0,0,99.0,123.615384615,80.0,1.38011695906,188.0,23.183344358,142.0
