time_stamp,dayofweek,holiday,lt,ht,sunny,m2M,w2A,m1L,d3w3,m1Lar,w2Std,pay_sum
2016-08-01,0,0,23.0,33.0,0,29.0,55.9230769231,29.0,1.09918699187,74.0,10.2015197847,66.0
2016-08-02,1,0,22.0,32.0,1,29.0,56.8461538462,29.0,1.15226337449,74.0,10.5235717383,64.0
2016-08-03,2,0,22.0,30.0,0,32.0,57.2307692308,29.0,1.18848653668,74.0,10.6853879103,69.0
2016-08-04,3,0,21.0,32.0,1,32.0,57.5384615385,29.0,1.20715802244,74.0,10.9587715806,59.0
2016-08-05,4,0,22.0,31.0,0,33.0,57.3076923077,29.0,1.16575591985,74.0,10.8937852105,53.0
2016-08-06,5,1,23.0,32.0,0,34.0,58.6153846154,29.0,1.08708708709,74.0,9.13605251853,57.0
2016-08-07,6,1,22.0,31.0,0,35.0,60.1538461538,29.0,0.992657856094,74.0,6.73505358149,33.0
2016-08-08,0,0,22.0,30.0,0,35.0,57.0,32.0,0.845153664303,74.0,8.796852584,48.0
2016-08-09,1,0,22.0,32.0,0,36.0,56.7692307692,32.0,0.819964349376,74.0,8.98848704779,74.0
2016-08-10,2,0,22.0,31.0,1,37.0,58.1538461538,32.0,0.908824391674,74.0,10.083086782,61.0
2016-08-11,3,0,23.0,34.0,1,37.0,57.9230769231,32.0,1.07678729038,74.0,9.980454271,43.0
2016-08-12,4,0,24.0,34.0,0,38.0,57.1538461538,32.0,1.06523040096,74.0,10.6903706048,47.0
2016-08-13,5,1,23.0,34.0,0,38.0,56.6153846154,32.0,0.894814814815,74.0,11.0072595733,27.0
2016-08-14,6,1,25.0,34.0,0,38.0,53.9230769231,27.0,0.699551569507,74.0,13.3846153846,23.0
2016-08-15,0,0,24.0,33.0,0,38.0,50.6153846154,23.0,0.607769423559,74.0,15.1836879149,67.0
2016-08-16,1,0,24.0,33.0,1,40.0,50.8461538462,23.0,0.722222222222,74.0,15.4065228636,65.0
2016-08-17,2,0,25.0,34.0,1,40.0,50.5384615385,23.0,0.948882767065,74.0,15.0773155365,62.0
2016-08-18,3,0,23.0,34.0,1,41.0,50.7692307692,23.0,1.1898190739,74.0,15.2272723258,61.0
2016-08-19,4,0,23.0,34.0,1,41.0,51.3846153846,23.0,1.14459665145,74.0,15.4647910854,98.0
2016-08-20,5,1,24.0,34.0,1,43.0,54.5384615385,23.0,1.29353233831,98.0,19.8479426743,49.0
2016-08-21,6,1,25.0,34.0,1,46.0,55.7692307692,23.0,1.23149792777,98.0,18.9499496494,50.0
2016-08-22,0,0,25.0,34.0,0,47.0,55.9230769231,23.0,1.18318318318,98.0,18.8942870424,79.0
2016-08-23,1,0,25.0,34.0,0,47.0,56.3076923077,23.0,1.05481481481,98.0,19.304780657,83.0
2016-08-24,2,0,25.0,36.0,0,48.0,58.0,23.0,1.24085455078,98.0,20.5650936522,82.0
2016-08-25,3,0,22.0,34.0,1,49.0,61.0,23.0,1.39988525531,98.0,20.9981684183,87.0
2016-08-26,4,0,22.0,30.0,1,50.0,64.0769230769,23.0,1.40468227425,98.0,21.6420585487,75.0
2016-08-27,5,1,21.0,29.0,1,51.0,67.7692307692,23.0,1.33992311917,98.0,18.9255783212,66.0
2016-08-28,6,1,22.0,30.0,1,53.0,71.0769230769,23.0,1.21892542101,98.0,13.9033008724,42.0
2016-08-29,0,0,20.0,24.0,0,53.0,69.1538461538,23.0,0.983078162772,98.0,15.9173159404,75.0
2016-08-30,1,0,18.0,26.0,0,53.0,69.9230769231,23.0,0.982286634461,98.0,15.9396049486,77.0
2016-08-31,2,0,19.0,26.0,0,54.0,71.0769230769,23.0,1.02808691044,98.0,15.8670511945,80.0
2016-09-01,3,0,17.0,29.0,1,54.0,72.5384615385,23.0,1.19433719434,98.0,15.7461369358,75.0
2016-09-02,4,0,20.0,30.0,1,56.0,70.7692307692,23.0,1.16906021668,98.0,13.9788513127,91.0
2016-09-03,5,1,20.0,27.0,0,57.0,74.0,23.0,1.18240807498,98.0,13.416407865,60.0
2016-09-04,6,1,20.0,24.0,1,59.0,74.7692307692,23.0,1.05805243446,98.0,12.2546935822,49.0
2016-09-05,0,0,19.0,22.0,0,59.0,72.4615384615,23.0,0.94831673779,98.0,13.9483408697,85.0
2016-09-06,1,0,19.0,27.0,1,59.0,72.6153846154,23.0,0.906965871903,98.0,14.0741905713,78.0
2016-09-07,2,0,20.0,25.0,1,60.0,72.3076923077,23.0,0.980120203421,98.0,13.9084070613,88.0
2016-09-08,3,0,19.0,25.0,1,60.0,72.3846153846,23.0,1.13909689131,98.0,13.9919672644,86.0
2016-09-09,4,0,20.0,29.0,1,61.0,73.2307692308,23.0,1.153054221,98.0,14.4496677958,75.0
2016-09-10,5,1,18.0,29.0,1,61.0,73.9230769231,23.0,1.11935266352,98.0,14.3014874883,45.0
2016-09-11,6,1,19.0,32.0,1,61.0,74.1538461538,23.0,0.929183581416,98.0,13.7999228194,49.0
2016-09-12,0,0,19.0,28.0,1,61.0,72.1538461538,23.0,0.778084714549,98.0,15.3314465866,83.0
2016-09-13,1,0,19.0,25.0,0,62.0,72.6153846154,42.0,0.814917127072,98.0,15.5590115443,94.0
2016-09-14,2,0,18.0,21.0,0,62.0,73.6923076923,42.0,1.03196347032,98.0,16.4895520086,83.0
2016-09-15,3,1,18.0,28.0,1,62.0,74.3076923077,42.0,1.19047619048,98.0,16.6751063444,48.0
2016-09-16,4,1,19.0,26.0,1,62.0,71.0,42.0,1.04968509447,98.0,17.2893920345,52.0
2016-09-17,5,1,20.0,25.0,0,62.0,70.3846153846,42.0,0.862190812721,98.0,17.8046599844,62.0
2016-09-18,6,0,18.0,23.0,0,62.0,71.3846153846,42.0,0.752613240418,94.0,16.9185308579,93.0
2016-09-19,0,0,17.0,23.0,0,62.0,72.0,42.0,0.949759119064,94.0,17.5367745477,86.0
2016-09-20,1,0,17.0,24.0,0,64.0,72.6153846154,42.0,1.09895120839,94.0,17.873652554,103.0
2016-09-21,2,0,18.0,27.0,1,64.0,73.7692307692,42.0,1.26599326599,103.0,19.2599778183,92.0
2016-09-22,3,0,19.0,26.0,0,65.0,74.2307692308,42.0,1.24722592099,103.0,19.6161387487,94.0
2016-09-23,4,0,18.0,22.0,0,65.0,75.6923076923,42.0,1.28017718715,103.0,20.314392834,99.0
2016-09-24,5,1,18.0,24.0,1,66.0,79.8461538462,42.0,1.23056994819,103.0,19.0983130703,56.0
2016-09-25,6,1,18.0,24.0,1,66.0,80.3846153846,42.0,1.07027724049,103.0,18.3031668615,58.0
2016-09-26,0,0,19.0,25.0,1,66.0,78.4615384615,42.0,0.931758530184,103.0,19.2178418088,90.0
2016-09-27,1,0,19.0,26.0,1,66.0,78.1538461538,45.0,0.885416666667,103.0,18.9973526651,104.0
2016-09-28,2,0,19.0,28.0,1,67.0,79.7692307692,45.0,1.0824742268,104.0,20.195787246,91.0
2016-09-29,3,0,18.0,26.0,1,69.0,83.0769230769,45.0,1.22029543995,104.0,18.1381940347,67.0
2016-09-30,4,0,19.0,28.0,1,69.0,84.2307692308,45.0,1.12760921024,104.0,16.5304094889,73.0
2016-10-01,5,1,19.0,30.0,1,73.0,85.0769230769,45.0,0.976537729867,104.0,15.6276950338,42.0
2016-10-02,6,1,19.0,32.0,1,73.0,81.1538461538,42.0,0.772823779193,104.0,19.1506021349,42.0
2016-10-03,0,1,20.0,29.0,1,73.0,77.7692307692,42.0,0.684543274471,104.0,21.711938744,45.0
2016-10-04,1,1,18.0,27.0,0,73.0,73.3076923077,42.0,0.581081081081,104.0,22.0258051992,41.0
2016-10-05,2,1,18.0,23.0,1,73.0,69.3846153846,41.0,0.593416782568,104.0,22.8726859663,65.0
2016-10-06,3,1,19.0,24.0,0,73.0,67.1538461538,41.0,0.691867124857,104.0,21.7497874573,56.0
2016-10-07,4,1,18.0,22.0,0,73.0,63.8461538462,41.0,0.740233036326,104.0,19.8410846239,66.0
2016-10-08,5,0,14.0,20.0,0,67.0,64.6153846154,41.0,0.852130325815,104.0,19.7154311353,84.0
2016-10-09,6,0,15.0,19.0,0,73.0,66.6153846154,41.0,0.94452086199,104.0,20.2543004419,67.0
2016-10-10,0,0,14.0,18.0,0,73.0,64.8461538462,41.0,1.0081300813,104.0,19.106366856,96.0
2016-10-11,1,0,15.0,18.0,0,75.0,64.2307692308,41.0,1.15312791783,104.0,17.9278633424,82.0
2016-10-12,2,0,14.0,17.0,0,75.0,63.5384615385,41.0,1.15185707569,104.0,17.0321658798,106.0
2016-10-13,3,0,15.0,20.0,1,75.0,66.5384615385,41.0,1.32400932401,106.0,20.4661648905,85.0
2016-10-14,4,0,15.0,19.0,0,75.0,67.4615384615,41.0,1.28531073446,106.0,21.00042265,87.0
2016-10-15,5,1,15.0,21.0,1,77.0,70.9230769231,41.0,1.28081087307,106.0,20.2121880156,62.0
2016-10-16,6,1,15.0,24.0,0,77.0,72.4615384615,41.0,1.07512060648,106.0,18.6531720735,48.0
2016-10-17,0,0,15.0,24.0,1,77.0,72.6923076923,41.0,0.93210314644,106.0,18.3277201376,92.0
2016-10-18,1,0,16.0,22.0,1,77.0,76.6153846154,41.0,0.963970412789,106.0,16.4902696789,92.0
2016-10-19,2,0,16.0,21.0,1,78.0,78.6923076923,41.0,1.1063423939,106.0,16.5964992388,105.0
2016-10-20,3,0,17.0,24.0,1,79.0,82.4615384615,41.0,1.34168987929,106.0,16.5790200351,115.0
2016-10-21,4,0,18.0,22.0,0,80.0,86.2307692308,41.0,1.40730717185,115.0,17.9235721292,105.0
2016-10-22,5,1,17.0,22.0,0,80.0,87.8461538462,41.0,1.4060134112,115.0,18.5838894407,62.0
2016-10-23,6,1,16.0,21.0,0,78.0,87.4615384615,41.0,1.20435618193,115.0,19.0570616212,63.0
2016-10-24,0,0,17.0,22.0,1,77.0,84.9230769231,41.0,0.97107874182,115.0,19.9285706711,114.0
2016-10-25,1,0,15.0,21.0,1,78.0,87.3846153846,41.0,0.964487489911,115.0,21.3416835236,103.0
2016-10-26,2,0,15.0,21.0,0,80.0,87.1538461538,41.0,1.10453648915,115.0,21.154545443,101.0
2016-10-27,3,0,13.0,21.0,1,82.0,88.3846153846,41.0,1.22190201729,115.0,21.4567129949,129.0
2016-10-28,4,0,8.0,16.0,0,83.0,91.6153846154,41.0,1.23470522803,129.0,24.0145419455,90.0
2016-10-29,5,1,11.0,15.0,1,83.0,93.7692307692,41.0,1.18255728012,129.0,22.467596654,67.0
2016-10-30,6,1,11.0,17.0,1,83.0,95.2307692308,41.0,1.05691056911,129.0,19.9157990865,82.0
2016-10-31,0,0,11.0,19.0,1,83.0,94.4615384615,41.0,0.890130353818,129.0,20.2165788197,105.0
