time_stamp,dayofweek,holiday,lt,ht,sunny,m2M,w2A,m1L,d3w3,m1Lar,w2Std,pay_sum
2016-08-01,0,0,27.0,35.0,1,122.0,161.615384615,97.0,1.00865800866,190.0,18.3199700266,174.0
2016-08-02,1,0,26.0,36.0,0,123.0,162.615384615,111.0,0.984727117377,190.0,18.6115698571,147.0
2016-08-03,2,0,25.0,30.0,0,127.0,161.692307692,111.0,0.966558791802,190.0,19.0601663379,133.0
2016-08-04,3,0,25.0,32.0,0,127.0,159.769230769,111.0,0.984281842818,190.0,20.5394698687,154.0
2016-08-05,4,0,26.0,32.0,0,130.0,160.615384615,111.0,0.939699036484,190.0,20.0520033971,169.0
2016-08-06,5,1,26.0,34.0,0,131.0,161.538461538,111.0,0.972488803583,190.0,20.1403360472,159.0
2016-08-07,6,1,26.0,34.0,0,132.0,163.153846154,111.0,1.01239235455,190.0,18.9973526651,151.0
2016-08-08,0,0,26.0,34.0,1,133.0,160.384615385,111.0,1.00167294019,190.0,17.9123440958,171.0
2016-08-09,1,0,27.0,34.0,1,133.0,158.923076923,111.0,1.0027100271,190.0,16.1219465253,173.0
2016-08-10,2,0,27.0,34.0,1,136.0,160.0,111.0,1.02739726027,190.0,16.5529453572,176.0
2016-08-11,3,0,27.0,35.0,1,137.0,159.461538462,111.0,1.07327141383,190.0,15.896856896,184.0
2016-08-12,4,0,28.0,35.0,1,137.0,159.846153846,111.0,1.08631407317,190.0,16.4169057042,226.0
2016-08-13,5,1,28.0,36.0,1,138.0,164.923076923,111.0,1.16966067864,226.0,24.0910501686,156.0
2016-08-14,6,1,27.0,36.0,1,143.0,167.153846154,111.0,1.12368473298,226.0,21.7002167797,115.0
2016-08-15,0,0,27.0,36.0,1,143.0,162.615384615,111.0,1.00831811727,226.0,25.6111107546,152.0
2016-08-16,1,0,27.0,36.0,1,147.0,163.0,115.0,0.868226600985,226.0,25.4104763374,151.0
2016-08-17,2,0,27.0,35.0,1,147.0,164.384615385,115.0,0.860082304527,226.0,24.19961367,183.0
2016-08-18,3,0,27.0,36.0,1,148.0,166.615384615,115.0,1.0,226.0,24.474597385,172.0
2016-08-19,4,0,29.0,37.0,1,148.0,166.846153846,115.0,1.04340653676,226.0,24.5101114263,160.0
2016-08-20,5,1,27.0,36.0,0,150.0,166.923076923,115.0,1.06196515105,226.0,24.4869244181,170.0
2016-08-21,6,1,27.0,33.0,0,151.0,168.384615385,115.0,1.02157102157,226.0,24.0561473402,117.0
2016-08-22,0,0,27.0,34.0,1,151.0,164.230769231,115.0,0.925753339546,226.0,27.6409780695,175.0
2016-08-23,1,0,25.0,34.0,1,151.0,164.384615385,115.0,0.948567908839,226.0,27.6948716762,161.0
2016-08-24,2,0,24.0,34.0,1,152.0,163.230769231,115.0,0.92213740458,226.0,27.4986820556,179.0
2016-08-25,3,0,25.0,34.0,1,154.0,162.846153846,115.0,1.0404040404,226.0,27.2392424888,197.0
2016-08-26,4,0,23.0,29.0,1,156.0,160.615384615,115.0,1.07572115385,226.0,22.8019515411,193.0
2016-08-27,5,1,20.0,29.0,1,156.0,163.461538462,115.0,1.12829664882,226.0,24.3076923077,180.0
2016-08-28,6,1,19.0,30.0,1,157.0,168.461538462,115.0,1.12061338838,226.0,20.155607674,150.0
2016-08-29,0,0,20.0,31.0,1,156.0,168.307692308,115.0,1.03461918892,226.0,20.2878691128,175.0
2016-08-30,1,0,21.0,31.0,1,157.0,170.153846154,115.0,0.998418347173,226.0,19.7127297951,157.0
2016-08-31,2,0,22.0,32.0,1,157.0,168.153846154,115.0,0.958345760016,226.0,19.6266935726,185.0
2016-09-01,3,0,22.0,33.0,1,158.0,169.153846154,115.0,1.02762870205,226.0,20.122112421,170.0
2016-09-02,4,0,22.0,34.0,1,159.0,169.923076923,115.0,1.03497068931,226.0,19.9478610323,188.0
2016-09-03,5,1,23.0,34.0,1,159.0,171.307692308,115.0,1.08708708709,226.0,20.521600685,162.0
2016-09-04,6,1,22.0,33.0,1,159.0,174.769230769,115.0,1.02655216662,226.0,13.7457901032,167.0
2016-09-05,0,0,24.0,33.0,1,160.0,174.153846154,115.0,1.0161163522,226.0,13.8998957043,184.0
2016-09-06,1,0,22.0,26.0,0,160.0,175.923076923,115.0,0.998540145985,226.0,13.572945593,152.0
2016-09-07,2,0,20.0,26.0,1,160.0,173.846153846,115.0,0.988018071106,226.0,14.9401171546,152.0
2016-09-08,3,0,21.0,30.0,1,160.0,170.384615385,115.0,0.964236316933,226.0,14.3770033335,188.0
2016-09-09,4,0,23.0,32.0,1,161.0,170.0,115.0,0.964138741917,226.0,13.8230576602,188.0
2016-09-10,5,1,21.0,30.0,1,161.0,170.615384615,115.0,1.02923976608,226.0,14.4197432045,161.0
2016-09-11,6,1,20.0,28.0,1,161.0,171.461538462,115.0,1.03348729792,197.0,13.4771338234,141.0
2016-09-12,0,0,20.0,30.0,1,161.0,168.846153846,115.0,0.952380952381,197.0,15.6590900308,192.0
2016-09-13,1,0,21.0,30.0,1,161.0,171.538461538,117.0,0.951555427141,197.0,16.3829901686,157.0
2016-09-14,2,0,22.0,28.0,1,161.0,169.384615385,117.0,0.949888533488,197.0,16.312045863,136.0
2016-09-15,3,1,21.0,23.0,0,161.0,166.769230769,117.0,0.95717387014,197.0,18.5727420044,112.0
2016-09-16,4,1,21.0,23.0,0,161.0,160.923076923,112.0,0.818926296633,197.0,22.5131125499,93.0
2016-09-17,5,1,21.0,27.0,1,161.0,155.615384615,93.0,0.708203530633,197.0,28.8698364322,123.0
2016-09-18,6,0,20.0,28.0,1,161.0,152.230769231,93.0,0.68698293015,197.0,29.8976558025,152.0
2016-09-19,0,0,17.0,26.0,1,161.0,149.769230769,93.0,0.776371308017,197.0,28.4636173877,151.0
2016-09-20,1,0,18.0,26.0,1,161.0,149.692307692,93.0,0.900443880786,197.0,28.4588356305,140.0
2016-09-21,2,0,17.0,24.0,1,161.0,148.769230769,93.0,0.949930309853,197.0,28.563435061,139.0
2016-09-22,3,0,19.0,27.0,1,161.0,145.0,93.0,0.931340697423,197.0,26.2795621085,147.0
2016-09-23,4,0,19.0,28.0,1,161.0,141.846153846,93.0,0.935133355285,197.0,23.2108931782,154.0
2016-09-24,5,1,21.0,29.0,1,160.0,141.307692308,93.0,0.96841641906,193.0,22.8385120605,158.0
2016-09-25,6,1,21.0,28.0,1,160.0,142.615384615,93.0,1.01324503311,192.0,23.2661472846,142.0
2016-09-26,0,0,23.0,30.0,1,160.0,138.769230769,93.0,1.01634206403,192.0,18.4105063907,163.0
2016-09-27,1,0,23.0,30.0,0,160.0,139.230769231,93.0,1.03267536523,192.0,18.9296423882,161.0
2016-09-28,2,0,19.0,23.0,0,160.0,141.153846154,93.0,1.03624638648,192.0,19.7556073981,148.0
2016-09-29,3,0,17.0,19.0,0,160.0,143.923076923,93.0,1.06378183457,192.0,17.912013753,140.0
2016-09-30,4,0,18.0,21.0,0,159.0,147.538461538,93.0,1.02863688431,192.0,10.4632351565,149.0
2016-10-01,5,1,20.0,24.0,0,159.0,149.538461538,93.0,1.00529100529,192.0,7.70230120074,130.0
2016-10-02,6,1,20.0,24.0,0,159.0,147.846153846,93.0,0.967555709502,192.0,9.23909880592,122.0
2016-10-03,0,1,18.0,26.0,1,159.0,145.615384615,93.0,0.949000118329,192.0,11.4457816317,116.0
2016-10-04,1,1,20.0,25.0,1,158.0,143.769230769,93.0,0.88376560999,192.0,13.8794471523,103.0
2016-10-05,2,1,20.0,26.0,1,157.0,141.0,93.0,0.828776279013,192.0,17.6373729075,118.0
2016-10-06,3,1,19.0,25.0,1,157.0,138.769230769,93.0,0.817266884928,192.0,18.5478750438,119.0
2016-10-07,4,1,17.0,20.0,0,157.0,136.076923077,93.0,0.816816816817,192.0,18.6813833224,107.0
2016-10-08,5,0,14.0,22.0,1,156.0,132.153846154,93.0,0.831219040715,192.0,19.0175876244,134.0
2016-10-09,6,0,13.0,21.0,1,154.0,131.538461538,93.0,0.875592849325,192.0,18.817403502,149.0
2016-10-10,0,0,16.0,21.0,1,152.0,130.461538462,93.0,0.949251551661,192.0,17.3276807655,128.0
2016-10-11,1,0,16.0,20.0,1,152.0,127.923076923,93.0,1.00476714338,192.0,14.9175247403,155.0
2016-10-12,2,0,16.0,19.0,1,152.0,128.461538462,93.0,1.04994531535,163.0,15.7363634965,142.0
2016-10-13,3,0,17.0,20.0,1,152.0,128.615384615,93.0,1.03481860239,163.0,15.8577254239,123.0
2016-10-14,4,0,16.0,18.0,1,152.0,126.615384615,93.0,1.03435537495,163.0,14.7624183006,141.0
2016-10-15,5,1,18.0,21.0,0,152.0,127.461538462,93.0,1.00619578686,163.0,15.2397021201,130.0
2016-10-16,6,1,17.0,23.0,1,152.0,128.076923077,103.0,0.980831466268,163.0,15.1680917032,145.0
2016-10-17,0,0,18.0,22.0,1,151.0,130.307692308,103.0,1.04260651629,163.0,15.3592097923,140.0
2016-10-18,1,0,18.0,23.0,1,150.0,133.153846154,103.0,1.04837691045,163.0,13.3292400028,122.0
2016-10-19,2,0,19.0,22.0,1,149.0,133.461538462,103.0,1.03839775482,163.0,13.018421177,141.0
2016-10-20,3,0,19.0,21.0,0,149.0,135.153846154,103.0,1.02779903086,163.0,12.4458590818,124.0
2016-10-21,4,0,19.0,21.0,0,149.0,136.461538462,103.0,0.996523754345,163.0,10.0889534764,170.0
2016-10-22,5,1,18.0,21.0,0,149.0,139.230769231,103.0,1.1030810194,170.0,13.4230218205,130.0
2016-10-23,6,1,15.0,18.0,1,148.0,137.769230769,103.0,1.07192516749,170.0,13.3136936224,124.0
2016-10-24,0,0,16.0,20.0,1,147.0,137.461538462,103.0,1.06868304978,170.0,13.5794833062,146.0
2016-10-25,1,0,14.0,17.0,1,146.0,136.769230769,103.0,0.992063492063,170.0,12.8790458686,133.0
2016-10-26,2,0,16.0,18.0,0,145.0,136.076923077,103.0,0.99395733136,170.0,12.8210256308,132.0
2016-10-27,3,0,15.0,17.0,0,142.0,136.769230769,103.0,1.0088365243,170.0,12.3297878586,122.0
2016-10-28,4,0,11.0,15.0,0,142.0,135.307692308,103.0,0.94470889784,170.0,12.8565135565,152.0
2016-10-29,5,1,8.0,12.0,0,142.0,137.0,103.0,0.984600460774,170.0,13.4793289036,127.0
2016-10-30,6,1,10.0,17.0,1,141.0,135.615384615,103.0,0.980320254248,170.0,13.5108985156,118.0
2016-10-31,0,0,10.0,15.0,0,141.0,133.923076923,103.0,0.974113605693,170.0,14.2151681635,133.0
