time_stamp,dayofweek,holiday,lt,ht,sunny,m2M,w2A,m1L,d3w3,m1Lar,w2Std,pay_sum
2016-08-01,0,0,27.0,37.0,1,182.0,198.384615385,131.0,1.08499095841,326.0,42.7866594262,186.0
2016-08-02,1,0,26.0,36.0,0,183.0,199.846153846,131.0,1.01758901759,326.0,42.0070436472,141.0
2016-08-03,2,0,25.0,31.0,0,183.0,194.461538462,131.0,0.913992297818,326.0,44.6363346038,152.0
2016-08-04,3,0,25.0,29.0,0,183.0,191.153846154,131.0,0.818174054146,326.0,46.0448713487,156.0
2016-08-05,4,0,25.0,31.0,0,183.0,178.076923077,131.0,0.783595113438,326.0,25.4058186505,251.0
2016-08-06,5,1,24.0,32.0,0,185.0,185.461538462,131.0,0.956045835471,326.0,30.9680117457,178.0
2016-08-07,6,1,25.0,32.0,0,183.0,184.923076923,131.0,0.991105463787,326.0,31.0321459593,165.0
2016-08-08,0,0,26.0,32.0,0,182.0,181.538461538,131.0,1.03991596639,326.0,30.6182835891,144.0
2016-08-09,1,0,26.0,32.0,0,182.0,179.692307692,131.0,0.857771906649,326.0,32.0681596588,122.0
2016-08-10,2,0,26.0,34.0,0,181.0,175.0,122.0,0.777417027417,326.0,35.5181427096,150.0
2016-08-11,3,0,27.0,35.0,0,181.0,175.0,122.0,0.759609239478,326.0,35.5181427096,175.0
2016-08-12,4,0,28.0,38.0,1,181.0,171.307692308,122.0,0.851428571429,326.0,32.7211637356,237.0
2016-08-13,5,1,28.0,37.0,1,183.0,174.153846154,122.0,1.04597059371,326.0,36.4857109098,190.0
2016-08-14,6,1,28.0,37.0,1,185.0,172.846153846,122.0,1.11885512499,326.0,35.5783991378,173.0
2016-08-15,0,0,28.0,37.0,1,185.0,171.846153846,122.0,1.12644325542,326.0,35.3767549798,178.0
2016-08-16,1,0,27.0,37.0,1,183.0,174.692307692,122.0,1.01282411308,326.0,34.251074358,144.0
2016-08-17,2,0,27.0,36.0,1,183.0,174.076923077,122.0,0.936967632027,326.0,34.7218874409,180.0
2016-08-18,3,0,28.0,37.0,1,181.0,175.923076923,122.0,0.942192192192,326.0,34.3476827983,171.0
2016-08-19,4,0,27.0,37.0,1,181.0,169.769230769,122.0,0.942857142857,326.0,26.6491559865,255.0
2016-08-20,5,1,26.0,36.0,1,183.0,175.692307692,122.0,1.13642756681,326.0,35.0524543536,174.0
2016-08-21,6,1,26.0,34.0,1,183.0,176.384615385,122.0,1.13571834185,255.0,34.9230769231,174.0
2016-08-22,0,0,27.0,33.0,1,180.0,178.692307692,122.0,1.1452991453,255.0,33.6757950403,139.0
2016-08-23,1,0,27.0,34.0,1,178.0,180.0,122.0,0.925503610794,255.0,31.7223531963,137.0
2016-08-24,2,0,27.0,34.0,1,178.0,179.0,122.0,0.858860578299,255.0,32.8375957145,151.0
2016-08-25,3,0,24.0,35.0,0,178.0,177.153846154,122.0,0.816131498471,255.0,33.6745650508,166.0
2016-08-26,4,0,21.0,27.0,0,175.0,171.692307692,122.0,0.889411303752,255.0,28.9519087065,225.0
2016-08-27,5,1,18.0,27.0,1,178.0,174.384615385,122.0,1.04734299517,255.0,31.9964864935,168.0
2016-08-28,6,1,18.0,30.0,1,178.0,174.0,122.0,1.07925475432,255.0,32.0408393245,149.0
2016-08-29,0,0,19.0,31.0,1,175.0,171.769230769,122.0,1.04491999229,255.0,32.6876919819,150.0
2016-08-30,1,0,20.0,31.0,1,174.0,172.230769231,122.0,0.893096194301,255.0,32.3327741467,129.0
2016-08-31,2,0,21.0,32.0,1,174.0,168.307692308,122.0,0.823472823473,255.0,34.1926321694,127.0
2016-09-01,3,0,21.0,31.0,1,173.0,164.923076923,122.0,0.792117842162,255.0,35.8939925088,140.0
2016-09-02,4,0,22.0,33.0,1,173.0,156.076923077,122.0,0.795180722892,255.0,25.1746561766,210.0
2016-09-03,5,1,22.0,33.0,1,173.0,158.846153846,122.0,0.952095808383,255.0,28.7237402585,144.0
2016-09-04,6,1,22.0,31.0,1,172.0,156.538461538,122.0,0.994664250478,255.0,28.6184861843,153.0
2016-09-05,0,0,23.0,32.0,1,171.0,157.615384615,122.0,1.02860620816,255.0,28.1985773278,123.0
2016-09-06,1,0,21.0,31.0,1,168.0,156.538461538,122.0,0.857580398162,255.0,29.2143678682,138.0
2016-09-07,2,0,23.0,32.0,1,168.0,155.538461538,122.0,0.856345020168,255.0,29.606692031,136.0
2016-09-08,3,0,22.0,32.0,1,168.0,153.230769231,123.0,0.830196570473,255.0,29.8693407157,160.0
2016-09-09,4,0,21.0,31.0,0,168.0,148.230769231,123.0,0.935445629917,255.0,21.782681357,200.0
2016-09-10,5,1,22.0,32.0,1,168.0,150.692307692,123.0,1.06016885754,255.0,25.3874124333,119.0
2016-09-11,6,1,20.0,31.0,1,168.0,148.384615385,119.0,1.04221061793,255.0,26.7625986479,123.0
2016-09-12,0,0,22.0,33.0,1,168.0,146.307692308,119.0,0.966754155731,255.0,27.5914831212,134.0
2016-09-13,1,0,21.0,32.0,1,167.0,146.692307692,119.0,0.823207443897,255.0,27.3815901527,126.0
2016-09-14,2,0,21.0,31.0,1,166.0,146.615384615,119.0,0.845474613687,255.0,27.4381499195,497.0
2016-09-15,3,1,23.0,31.0,0,167.0,174.076923077,119.0,1.50601810405,497.0,97.155277412,317.0
2016-09-16,4,1,22.0,30.0,0,167.0,182.307692308,119.0,1.82011811405,497.0,104.131857695,96.0
2016-09-17,5,1,21.0,32.0,1,166.0,178.615384615,96.0,1.79966379907,497.0,106.254077541,211.0
2016-09-18,6,0,20.0,31.0,1,166.0,183.076923077,96.0,1.21176813283,497.0,106.302515737,162.0
2016-09-19,0,0,18.0,29.0,1,165.0,186.076923077,96.0,0.907595549105,497.0,105.108340837,112.0
2016-09-20,1,0,18.0,27.0,1,162.0,184.076923077,96.0,0.943212757682,497.0,106.245334043,95.0
2016-09-21,2,0,17.0,28.0,1,162.0,180.923076923,95.0,0.724381625442,497.0,108.215924847,109.0
2016-09-22,3,0,17.0,30.0,1,160.0,177.0,95.0,0.626052501238,497.0,109.815929908,135.0
2016-09-23,4,0,18.0,31.0,1,156.0,172.0,95.0,0.686930091185,497.0,110.134183892,211.0
2016-09-24,5,1,22.0,32.0,1,156.0,179.076923077,95.0,0.903584549697,497.0,109.454916282,118.0
2016-09-25,6,1,23.0,30.0,1,153.0,178.692307692,95.0,0.931165964279,497.0,109.659883006,188.0
2016-09-26,0,0,23.0,33.0,1,156.0,182.846153846,95.0,1.01761637634,497.0,108.908462731,148.0
2016-09-27,1,0,22.0,32.0,1,153.0,184.538461538,95.0,0.890982239231,497.0,108.180486926,151.0
2016-09-28,2,0,16.0,25.0,0,152.0,157.923076923,95.0,0.951543571708,497.0,59.7577951638,191.0
2016-09-29,3,0,15.0,18.0,0,152.0,148.230769231,95.0,0.948784974344,497.0,40.1825715112,364.0
2016-09-30,4,0,17.0,20.0,0,152.0,168.846153846,95.0,1.30487015987,497.0,67.5355702903,689.0
2016-10-01,5,1,17.0,20.0,0,153.0,205.615384615,95.0,1.98547601947,689.0,154.546750936,710.0
2016-10-02,6,1,16.0,23.0,0,156.0,247.769230769,95.0,2.46711446963,710.0,203.791429519,412.0
2016-10-03,0,1,18.0,29.0,1,160.0,270.846153846,95.0,2.39455242629,710.0,204.096073212,296.0
2016-10-04,1,1,17.0,30.0,1,160.0,286.307692308,95.0,1.81376311077,710.0,197.702334376,287.0
2016-10-05,2,1,18.0,30.0,1,160.0,300.0,95.0,1.32613621218,710.0,190.99859041,275.0
2016-10-06,3,1,19.0,29.0,1,160.0,310.769230769,95.0,1.15322580645,710.0,185.252075187,256.0
2016-10-07,4,1,19.0,27.0,1,162.0,314.230769231,95.0,1.06510416667,710.0,183.769987441,287.0
2016-10-08,5,0,16.0,26.0,1,166.0,327.230769231,95.0,1.04952527585,710.0,175.206758671,204.0
2016-10-09,6,0,16.0,24.0,1,168.0,328.461538462,95.0,0.950744558992,710.0,174.27812228,170.0
2016-10-10,0,0,16.0,23.0,1,168.0,330.153846154,95.0,0.832074521652,710.0,172.616447275,133.0
2016-10-11,1,0,16.0,21.0,1,166.0,328.769230769,95.0,0.633670791151,710.0,174.113647168,107.0
2016-10-12,2,0,16.0,19.0,1,162.0,322.307692308,95.0,0.512628157039,710.0,180.546343769,112.0
2016-10-13,3,0,15.0,18.0,0,160.0,302.923076923,95.0,0.442016701199,710.0,188.38726951,100.0
2016-10-14,4,0,15.0,19.0,1,153.0,257.615384615,95.0,0.409131717327,710.0,158.551878654,245.0
2016-10-15,5,1,16.0,23.0,1,160.0,221.846153846,95.0,0.572143974961,710.0,90.1612624936,171.0
2016-10-16,6,1,16.0,24.0,1,160.0,203.307692308,95.0,0.648078372268,710.0,72.1306342851,173.0
2016-10-17,0,0,16.0,23.0,1,160.0,193.846153846,95.0,0.736296018501,710.0,67.2536486329,215.0
2016-10-18,1,0,18.0,25.0,1,160.0,188.307692308,95.0,0.69050707183,710.0,62.1231836018,218.0
2016-10-19,2,0,18.0,24.0,0,160.0,183.923076923,95.0,0.744837758112,710.0,57.7041013587,212.0
2016-10-20,3,0,19.0,23.0,0,160.0,180.538461538,100.0,0.815629742033,710.0,54.5831974493,277.0
2016-10-21,4,0,18.0,24.0,0,162.0,179.769230769,100.0,0.969821673525,710.0,53.1285145026,356.0
2016-10-22,5,1,16.0,21.0,0,166.0,191.461538462,100.0,1.2501849386,710.0,70.9209911257,287.0
2016-10-23,6,1,15.0,18.0,1,168.0,200.461538462,100.0,1.39998478277,710.0,74.9365017194,243.0
2016-10-24,0,0,12.0,16.0,0,170.0,208.923076923,100.0,1.36475662354,710.0,73.0273516077,167.0
2016-10-25,1,0,12.0,16.0,0,168.0,213.538461538,100.0,1.10424588086,710.0,68.1746799204,207.0
2016-10-26,2,0,13.0,16.0,0,170.0,220.846153846,100.0,0.993558776167,710.0,61.6813725202,244.0
2016-10-27,3,0,12.0,16.0,0,171.0,231.923076923,100.0,0.998062015504,710.0,50.9878741821,223.0
2016-10-28,4,0,9.0,14.0,0,173.0,230.230769231,100.0,1.10564304462,710.0,50.8907636265,384.0
2016-10-29,5,1,7.0,11.0,0,188.0,246.615384615,100.0,1.33678919259,710.0,62.2124628394,254.0
2016-10-30,6,1,9.0,15.0,0,191.0,252.846153846,100.0,1.32624768946,710.0,58.4713554511,253.0
2016-10-31,0,0,9.0,14.0,0,200.0,255.769230769,100.0,1.33543165468,412.0,57.4471715126,238.0
