time_stamp,dayofweek,holiday,lt,ht,sunny,m2M,w2A,m1L,d3w3,m1Lar,w2Std,pay_sum
2016-08-01,0,0,28.0,34.0,1,51.0,41.3076923077,26.0,0.845277471518,63.0,7.95549752237,51.0
2016-08-02,1,0,28.0,34.0,0,51.0,43.0,26.0,0.876997398737,63.0,7.48331477355,48.0
2016-08-03,2,0,26.0,32.0,0,51.0,43.7692307692,26.0,1.04399701715,63.0,7.4436740944,63.0
2016-08-04,3,0,27.0,32.0,0,51.0,44.6153846154,26.0,1.20670391061,63.0,8.82774003258,49.0
2016-08-05,4,0,27.0,33.0,0,51.0,44.5384615385,26.0,1.18386977432,63.0,8.78473662856,55.0
2016-08-06,5,1,27.0,33.0,1,51.0,45.2307692308,26.0,1.23292727944,63.0,9.21665587738,53.0
2016-08-07,6,1,27.0,34.0,1,51.0,46.0,26.0,1.14640379701,63.0,9.41357448663,53.0
2016-08-08,0,0,27.0,34.0,0,51.0,46.6153846154,26.0,1.18078474514,63.0,9.58796089285,58.0
2016-08-09,1,0,28.0,34.0,1,51.0,47.3846153846,26.0,1.16560056859,63.0,10.0578210023,49.0
2016-08-10,2,0,28.0,34.0,1,51.0,48.7692307692,26.0,1.12399016509,63.0,8.87653645339,60.0
2016-08-11,3,0,28.0,35.0,1,51.0,50.3076923077,26.0,1.16335771508,63.0,8.95617204789,60.0
2016-08-12,4,0,28.0,34.0,1,51.0,51.2307692308,26.0,1.16511547742,63.0,9.28318451787,52.0
2016-08-13,5,1,28.0,35.0,1,52.0,53.2307692308,26.0,1.1784857828,63.0,5.76666609661,58.0
2016-08-14,6,1,28.0,36.0,1,52.0,54.5384615385,26.0,1.14709851552,63.0,4.66765275578,61.0
2016-08-15,0,0,28.0,35.0,1,52.0,55.3076923077,26.0,1.13545816733,63.0,4.84187845596,73.0
2016-08-16,1,0,28.0,35.0,1,52.0,57.2307692308,26.0,1.24392614189,73.0,6.30206127639,61.0
2016-08-17,2,0,28.0,35.0,1,52.0,57.0769230769,26.0,1.22757318225,73.0,6.18262501459,56.0
2016-08-18,3,0,28.0,36.0,1,52.0,57.6153846154,26.0,1.17829457364,73.0,5.7450776461,60.0
2016-08-19,4,0,29.0,36.0,1,52.0,58.0,26.0,1.08555657774,73.0,5.72444152466,41.0
2016-08-20,5,1,28.0,37.0,0,52.0,57.0769230769,26.0,0.949788263763,73.0,7.22667641942,54.0
2016-08-21,6,1,28.0,35.0,0,52.0,57.1538461538,26.0,0.926756352765,73.0,7.18809008383,52.0
2016-08-22,0,0,28.0,35.0,1,52.0,56.6923076923,26.0,0.878136200717,73.0,7.31052576647,57.0
2016-08-23,1,0,26.0,34.0,1,52.0,57.3076923077,26.0,0.965925925926,73.0,6.96568087549,56.0
2016-08-24,2,0,26.0,34.0,1,52.0,57.0,26.0,0.983899821109,73.0,6.92820323028,49.0
2016-08-25,3,0,27.0,35.0,1,52.0,56.1538461538,26.0,0.966010733453,73.0,7.17738064334,54.0
2016-08-26,4,0,26.0,34.0,0,52.0,56.3076923077,26.0,0.94897045658,73.0,7.10779220709,47.0
2016-08-27,5,1,23.0,31.0,1,52.0,55.4615384615,26.0,0.900090009001,73.0,7.49990138002,63.0
2016-08-28,6,1,22.0,30.0,1,52.0,55.6153846154,26.0,0.97531965507,73.0,7.63129650784,62.0
2016-08-29,0,0,23.0,31.0,1,52.0,54.7692307692,41.0,1.01925925926,73.0,6.11623119443,56.0
2016-08-30,1,0,23.0,31.0,1,52.0,54.3846153846,41.0,1.06595995289,73.0,5.86434417001,52.0
2016-08-31,2,0,25.0,34.0,1,52.0,54.0769230769,41.0,1.00830367734,73.0,5.8764397707,44.0
2016-09-01,3,0,26.0,33.0,1,52.0,52.8461538462,41.0,0.914560770156,73.0,6.17496376627,54.0
2016-09-02,4,0,25.0,34.0,1,52.0,53.8461538462,41.0,0.900900900901,73.0,5.14177691294,63.0
2016-09-03,5,1,25.0,35.0,1,52.0,54.5384615385,41.0,0.962630792227,73.0,5.69230769231,54.0
2016-09-04,6,1,25.0,33.0,1,53.0,54.6923076923,41.0,1.02888086643,73.0,5.64847992329,61.0
2016-09-05,0,0,25.0,30.0,0,53.0,55.0,41.0,1.08272506083,73.0,5.87039508564,57.0
2016-09-06,1,0,22.0,27.0,0,53.0,55.0769230769,41.0,1.05006105006,73.0,5.8895153054,57.0
2016-09-07,2,0,20.0,24.0,0,53.0,55.6923076923,41.0,1.06739859713,73.0,5.63484509902,56.0
2016-09-08,3,0,22.0,29.0,1,53.0,55.8461538462,41.0,1.04071013162,73.0,5.6138037817,46.0
2016-09-09,4,0,23.0,31.0,1,53.0,55.7692307692,41.0,0.968921389397,73.0,5.73992557113,62.0
2016-09-10,5,1,24.0,29.0,1,53.0,55.6923076923,41.0,0.992135511192,73.0,5.64847992329,54.0
2016-09-11,6,1,23.0,26.0,0,53.0,55.0769230769,41.0,0.978260869565,73.0,5.35596774939,33.0
2016-09-12,0,0,23.0,29.0,1,53.0,53.3076923077,33.0,0.91975308642,73.0,7.93613561633,67.0
2016-09-13,1,0,23.0,30.0,1,53.0,54.4615384615,33.0,0.94103269172,73.0,8.71440350238,34.0
2016-09-14,2,0,22.0,24.0,0,53.0,53.6923076923,33.0,0.830235439901,67.0,9.95671103701,40.0
2016-09-15,3,1,23.0,26.0,0,53.0,52.6153846154,33.0,0.885122410546,67.0,10.6014401165,41.0
2016-09-16,4,1,23.0,27.0,0,53.0,50.9230769231,33.0,0.72601010101,67.0,10.5645382036,41.0
2016-09-17,5,1,23.0,27.0,0,53.0,49.9230769231,33.0,0.786589297228,67.0,10.8376944643,47.0
2016-09-18,6,0,23.0,28.0,0,53.0,48.8461538462,33.0,0.843964671246,67.0,10.3689340291,63.0
2016-09-19,0,0,21.0,27.0,0,53.0,49.3076923077,33.0,0.981156595192,67.0,10.84424424,70.0
2016-09-20,1,0,20.0,26.0,1,54.0,50.3076923077,33.0,1.14942528736,70.0,12.0408574662,55.0
2016-09-21,2,0,20.0,27.0,1,54.0,50.2307692308,33.0,1.18799368088,70.0,12.0073941716,39.0
2016-09-22,3,0,21.0,27.0,1,54.0,49.6923076923,33.0,1.05128205128,70.0,12.3374639919,63.0
2016-09-23,4,0,21.0,27.0,1,54.0,49.7692307692,33.0,1.00641025641,70.0,12.4168238609,53.0
2016-09-24,5,1,22.0,28.0,1,54.0,49.6923076923,33.0,0.994546037857,70.0,12.3934512197,45.0
2016-09-25,6,1,23.0,29.0,1,54.0,50.6153846154,33.0,1.04920169436,70.0,11.5328191332,60.0
2016-09-26,0,0,24.0,31.0,1,54.0,50.0769230769,33.0,1.02664067576,70.0,10.9013869157,57.0
2016-09-27,1,0,25.0,30.0,0,54.0,51.8461538462,33.0,1.05263157895,70.0,9.97571014512,48.0
2016-09-28,2,0,22.0,28.0,0,54.0,52.4615384615,33.0,1.08055009823,70.0,9.45934934025,41.0
2016-09-29,3,0,22.0,25.0,0,54.0,52.4615384615,33.0,0.960842382363,70.0,9.45934934025,26.0
2016-09-30,4,0,23.0,28.0,0,54.0,51.3076923077,26.0,0.784715114295,70.0,11.4850043728,59.0
2016-10-01,5,1,24.0,29.0,0,55.0,52.2307692308,26.0,0.855397148676,70.0,11.5835018364,48.0
2016-10-02,6,1,24.0,32.0,1,54.0,51.0769230769,26.0,0.889334670679,70.0,11.1938275468,38.0
2016-10-03,0,1,22.0,26.0,1,54.0,48.6153846154,26.0,0.998622589532,70.0,10.239730026,31.0
2016-10-04,1,1,22.0,26.0,1,54.0,46.7692307692,26.0,0.80829015544,70.0,11.0533938133,27.0
2016-10-05,2,1,22.0,27.0,1,54.0,45.8461538462,26.0,0.672268907563,70.0,12.1138582677,43.0
2016-10-06,3,1,22.0,26.0,0,54.0,44.3076923077,26.0,0.705800139762,70.0,11.0619556998,39.0
2016-10-07,4,1,20.0,25.0,0,54.0,43.2307692308,26.0,0.763305322129,70.0,10.842607167,47.0
2016-10-08,5,0,17.0,22.0,0,54.0,43.3846153846,26.0,0.903361344538,70.0,10.8807413601,57.0
2016-10-09,6,0,18.0,22.0,1,54.0,43.1538461538,26.0,1.00775193798,70.0,10.5527696244,44.0
2016-10-10,0,0,18.0,22.0,1,54.0,42.1538461538,26.0,1.07246376812,70.0,9.78103466169,44.0
2016-10-11,1,0,19.0,25.0,1,54.0,41.8461538462,26.0,1.0634396773,70.0,9.65438245522,58.0
2016-10-12,2,0,19.0,23.0,1,54.0,43.1538461538,26.0,1.04885057471,70.0,10.5600564818,44.0
2016-10-13,3,0,19.0,23.0,1,54.0,44.5384615385,26.0,1.07077374404,70.0,9.32833058373,39.0
2016-10-14,4,0,19.0,23.0,0,53.0,43.0,26.0,1.05027932961,70.0,8.42158399133,64.0
2016-10-15,5,1,21.0,25.0,1,53.0,44.2307692308,26.0,1.07221006565,70.0,10.0701680236,65.0
2016-10-16,6,1,20.0,26.0,1,53.0,46.3076923077,26.0,1.21871599565,70.0,11.2822843799,49.0
2016-10-17,0,0,20.0,25.0,1,52.0,47.6923076923,26.0,1.30259787779,70.0,10.387748815,59.0
2016-10-18,1,0,20.0,25.0,1,53.0,50.1538461538,26.0,1.25090383225,70.0,8.87386962549,60.0
2016-10-19,2,0,20.0,24.0,0,53.0,51.4615384615,26.0,1.19022316684,65.0,8.97531130478,35.0
2016-10-20,3,0,20.0,23.0,0,53.0,51.1538461538,26.0,1.08070175439,65.0,9.45309191458,42.0
2016-10-21,4,0,0.0,21.0,0,52.0,50.7692307692,26.0,0.97892104323,65.0,9.71243331749,37.0
2016-10-22,5,1,19.0,23.0,0,49.0,49.2307692308,26.0,0.824295010846,65.0,10.1765480482,35.0
2016-10-23,6,1,18.0,23.0,1,49.0,48.5384615385,26.0,0.826985854189,65.0,10.7961202762,50.0
2016-10-24,0,0,20.0,24.0,1,49.0,49.0,26.0,0.867093105899,65.0,10.7202181378,62.0
2016-10-25,1,0,18.0,22.0,1,50.0,49.3076923077,26.0,1.0071942446,65.0,11.0271316822,37.0
2016-10-26,2,0,19.0,21.0,0,49.0,48.7692307692,26.0,1.02723198897,65.0,11.4364723323,27.0
2016-10-27,3,0,18.0,22.0,0,48.0,47.8461538462,26.0,0.879581151832,65.0,12.611631712,39.0
2016-10-28,4,0,15.0,20.0,0,48.0,45.9230769231,26.0,0.725096796902,65.0,11.8870423213,35.0
2016-10-29,5,1,13.0,17.0,1,47.0,43.6153846154,27.0,0.727927927928,65.0,10.8240363688,34.0
2016-10-30,6,1,14.0,18.0,1,47.0,42.4615384615,27.0,0.786885245902,65.0,10.986812967,43.0
2016-10-31,0,0,13.0,17.0,0,47.0,41.2307692308,27.0,0.816921954778,65.0,9.90845673114,36.0
