time_stamp,dayofweek,holiday,lt,ht,sunny,m2M,w2A,m1L,d3w3,m1Lar,w2Std,pay_sum
2016-08-01,0,0,28.0,34.0,1,36.0,45.4615384615,36.0,1.82680901542,83.0,17.4338988296,61.0
2016-08-02,1,0,28.0,34.0,0,36.0,47.3846153846,36.0,1.65130568356,83.0,17.6615116591,51.0
2016-08-03,2,0,26.0,32.0,0,36.0,48.5384615385,36.0,1.38165345413,83.0,17.3675886667,44.0
2016-08-04,3,0,27.0,32.0,0,36.0,49.1538461538,36.0,1.16722783389,83.0,17.0512627723,50.0
2016-08-05,4,0,27.0,33.0,0,36.0,50.2307692308,36.0,1.06813996317,83.0,16.6232175269,58.0
2016-08-06,5,1,27.0,33.0,1,36.0,51.9230769231,36.0,1.09313196692,83.0,16.2028560562,111.0
2016-08-07,6,1,27.0,34.0,1,36.0,57.6923076923,36.0,1.45708582834,111.0,21.868082169,89.0
2016-08-08,0,0,27.0,34.0,0,36.0,61.7692307692,36.0,1.63033175355,111.0,22.3784025214,52.0
2016-08-09,1,0,28.0,34.0,1,36.0,63.0,36.0,1.56862745098,111.0,21.3433470088,65.0
2016-08-10,2,0,28.0,34.0,1,36.0,65.2307692308,36.0,1.24848484848,111.0,19.8693960504,58.0
2016-08-11,3,0,28.0,35.0,1,36.0,66.9230769231,36.0,1.03980986334,111.0,18.1720899203,53.0
2016-08-12,4,0,28.0,34.0,1,36.0,65.0769230769,36.0,1.03014340064,111.0,18.2734003339,72.0
2016-08-13,5,1,28.0,35.0,1,36.0,64.2307692308,36.0,1.03829787234,111.0,17.6685459162,81.0
2016-08-14,6,1,28.0,36.0,1,36.0,65.0,36.0,1.12568306011,111.0,18.1574311975,71.0
2016-08-15,0,0,28.0,35.0,1,36.0,65.7692307692,36.0,1.18990703851,111.0,18.1834829792,57.0
2016-08-16,1,0,28.0,35.0,1,36.0,66.2307692308,36.0,1.09195402299,111.0,17.8763007968,68.0
2016-08-17,2,0,28.0,35.0,1,36.0,68.0769230769,36.0,0.998980632008,111.0,16.6846845408,57.0
2016-08-18,3,0,28.0,36.0,1,36.0,68.6153846154,36.0,0.912967143215,111.0,16.1984731547,48.0
2016-08-19,4,0,29.0,36.0,1,36.0,67.8461538462,36.0,0.887179487179,111.0,16.9062853758,73.0
2016-08-20,5,1,28.0,37.0,0,36.0,64.9230769231,36.0,0.919896640827,111.0,11.664947746,85.0
2016-08-21,6,1,28.0,35.0,0,36.0,64.6153846154,36.0,1.05316973415,111.0,11.0630254698,78.0
2016-08-22,0,0,28.0,35.0,1,36.0,66.6153846154,36.0,1.19101690638,111.0,10.9512097087,51.0
2016-08-23,1,0,26.0,34.0,1,36.0,65.5384615385,36.0,1.07998990664,111.0,11.7185939339,43.0
2016-08-24,2,0,26.0,34.0,1,36.0,64.3846153846,36.0,0.868686868687,111.0,13.0651530742,51.0
2016-08-25,3,0,27.0,35.0,1,36.0,64.2307692308,36.0,0.731768861973,111.0,13.2092848823,57.0
2016-08-26,4,0,26.0,34.0,0,36.0,63.0769230769,36.0,0.762626262626,111.0,13.1351644215,49.0
2016-08-27,5,1,23.0,31.0,1,36.0,60.6153846154,43.0,0.832008479067,111.0,12.5302002043,74.0
2016-08-28,6,1,22.0,30.0,1,43.0,60.8461538462,43.0,0.965406275141,111.0,12.7451116049,88.0
2016-08-29,0,0,23.0,31.0,1,44.0,63.2307692308,43.0,1.09981756581,111.0,14.5715943173,52.0
2016-08-30,1,0,23.0,31.0,1,48.0,62.0,43.0,1.12690889942,111.0,14.7908495621,44.0
2016-08-31,2,0,25.0,34.0,1,48.0,61.0,43.0,0.9797657082,111.0,15.5167403397,46.0
2016-09-01,3,0,26.0,33.0,1,48.0,60.8461538462,43.0,0.760374832664,111.0,15.6541769007,42.0
2016-09-02,4,0,25.0,34.0,1,48.0,58.4615384615,42.0,0.724279835391,111.0,15.9789062137,43.0
2016-09-03,5,1,25.0,35.0,1,48.0,55.2307692308,42.0,0.741999433588,111.0,14.4603109135,101.0
2016-09-04,6,1,25.0,33.0,1,49.0,57.0,42.0,1.02734051367,111.0,18.0895209785,106.0
2016-09-05,0,0,25.0,30.0,0,50.0,61.2307692308,42.0,1.32696390658,106.0,22.1642603727,40.0
2016-09-06,1,0,22.0,27.0,0,50.0,61.0,40.0,1.34093376764,106.0,22.367558926,44.0
2016-09-07,2,0,20.0,24.0,0,50.0,60.4615384615,40.0,1.04252400549,106.0,22.683831533,46.0
2016-09-08,3,0,22.0,29.0,1,50.0,59.6153846154,40.0,0.71448200055,106.0,23.0001286335,62.0
2016-09-09,4,0,23.0,31.0,1,51.0,60.6153846154,40.0,0.843039378813,106.0,22.7985777611,40.0
2016-09-10,5,1,24.0,29.0,1,51.0,58.0,40.0,0.852780178623,106.0,23.0617899099,91.0
2016-09-11,6,1,23.0,26.0,0,51.0,58.2307692308,40.0,1.09971509972,106.0,23.3737322853,72.0
2016-09-12,0,0,23.0,29.0,1,51.0,59.7692307692,40.0,1.13630002799,106.0,23.5703655079,29.0
2016-09-13,1,0,23.0,30.0,1,51.0,58.6153846154,29.0,1.08751062022,106.0,24.6562161347,25.0
2016-09-14,2,0,22.0,24.0,0,51.0,57.0,25.0,0.729800173762,106.0,26.0768096208,47.0
2016-09-15,3,1,23.0,26.0,0,51.0,57.3846153846,25.0,0.5901256208,106.0,25.8889298039,50.0
2016-09-16,4,1,23.0,27.0,0,51.0,57.9230769231,25.0,0.71220081728,106.0,25.6558931256,79.0
2016-09-17,5,1,23.0,27.0,0,52.0,56.2307692308,25.0,1.02295844231,106.0,23.383603217,67.0
2016-09-18,6,0,23.0,28.0,0,52.0,53.2307692308,25.0,1.1604499704,106.0,18.8726658104,33.0
2016-09-19,0,0,21.0,27.0,0,52.0,52.6923076923,25.0,1.07798855766,106.0,19.3366316985,40.0
2016-09-20,1,0,20.0,26.0,1,52.0,52.3846153846,25.0,0.846177092777,106.0,19.5036030657,31.0
2016-09-21,2,0,20.0,27.0,1,52.0,51.2307692308,25.0,0.637254901961,106.0,20.2756156926,39.0
2016-09-22,3,0,21.0,27.0,1,52.0,49.4615384615,25.0,0.675883256528,106.0,20.2621867778,40.0
2016-09-23,4,0,21.0,27.0,1,52.0,49.4615384615,25.0,0.67775723968,106.0,20.2621867778,56.0
2016-09-24,5,1,22.0,28.0,1,53.0,46.7692307692,25.0,0.867888138862,106.0,16.5490127345,60.0
2016-09-25,6,1,23.0,29.0,1,56.0,45.8461538462,25.0,1.04944500505,106.0,15.411514945,82.0
2016-09-26,0,0,24.0,31.0,1,57.0,49.9230769231,25.0,1.27783155857,106.0,17.3092307009,31.0
2016-09-27,1,0,25.0,30.0,0,56.0,50.3846153846,25.0,1.13071895425,106.0,16.7080747938,32.0
2016-09-28,2,0,22.0,28.0,0,53.0,49.2307692308,25.0,0.960901259112,106.0,17.4053654246,20.0
2016-09-29,3,0,22.0,25.0,0,52.0,46.9230769231,20.0,0.573997233748,106.0,19.0604767818,16.0
2016-09-30,4,0,23.0,28.0,0,52.0,42.0769230769,16.0,0.482269503546,106.0,18.2818175265,52.0
2016-10-01,5,1,24.0,29.0,0,52.0,40.9230769231,16.0,0.651128375879,106.0,17.1080796857,60.0
2016-10-02,6,1,24.0,32.0,1,52.0,43.0,16.0,0.959880014998,106.0,17.6504521624,76.0
2016-10-03,0,1,22.0,26.0,1,53.0,45.7692307692,16.0,1.33903133903,106.0,19.6709619887,49.0
2016-10-04,1,1,22.0,26.0,1,52.0,47.1538461538,16.0,1.28472222222,91.0,19.2107588199,58.0
2016-10-05,2,1,22.0,27.0,1,52.0,48.6153846154,16.0,1.25643666323,91.0,19.257519856,42.0
2016-10-06,3,1,22.0,26.0,0,52.0,48.7692307692,16.0,1.03149878851,91.0,19.1959685117,50.0
2016-10-07,4,1,20.0,25.0,0,52.0,48.3076923077,16.0,1.07066381156,91.0,19.0883960538,45.0
2016-10-08,5,0,17.0,22.0,0,51.0,47.1538461538,16.0,1.0014619883,91.0,18.7978974023,29.0
2016-10-09,6,0,18.0,22.0,1,51.0,43.0769230769,16.0,0.910425844347,91.0,16.3916561254,49.0
2016-10-10,0,0,18.0,22.0,1,50.0,44.4615384615,16.0,0.894220283533,82.0,16.0701126539,35.0
2016-10-11,1,0,19.0,25.0,1,50.0,44.6923076923,16.0,0.817951501991,82.0,15.9102512449,34.0
2016-10-12,2,0,19.0,23.0,1,49.0,45.7692307692,16.0,0.858806404658,82.0,14.6242887856,27.0
2016-10-13,3,0,19.0,23.0,1,49.0,46.6153846154,16.0,0.708748615725,82.0,13.1180349228,42.0
2016-10-14,4,0,19.0,23.0,0,49.0,45.8461538462,16.0,0.772403449569,82.0,13.0728500444,40.0
2016-10-15,5,1,21.0,25.0,1,48.0,44.3076923077,16.0,0.836210203299,82.0,12.4800432407,94.0
2016-10-16,6,1,20.0,26.0,1,48.0,45.6923076923,16.0,1.33181990163,94.0,16.3254620167,82.0
2016-10-17,0,0,20.0,25.0,1,49.0,48.2307692308,16.0,1.54506437768,94.0,18.9904990259,33.0
2016-10-18,1,0,20.0,25.0,1,47.0,46.3076923077,16.0,1.49339049661,94.0,19.1688233072,29.0
2016-10-19,2,0,20.0,24.0,0,46.0,45.3076923077,16.0,1.01910828025,94.0,19.6992175377,43.0
2016-10-20,3,0,20.0,23.0,0,46.0,44.7692307692,16.0,0.722394220846,94.0,19.659227022,24.0
2016-10-21,4,0,0.0,21.0,0,45.0,43.1538461538,16.0,0.680127523911,94.0,20.4218817556,29.0
2016-10-22,5,1,19.0,23.0,0,45.0,43.1538461538,16.0,0.703296703297,94.0,20.4218817556,45.0
2016-10-23,6,1,18.0,23.0,1,45.0,42.8461538462,16.0,0.743268866136,94.0,20.3615253843,96.0
2016-10-24,0,0,20.0,24.0,1,45.0,47.5384615385,16.0,1.22390208783,96.0,24.6002357231,33.0
2016-10-25,1,0,18.0,22.0,1,44.0,47.4615384615,16.0,1.28745837958,96.0,24.6439737824,32.0
2016-10-26,2,0,19.0,21.0,0,44.0,47.8461538462,16.0,1.20463898242,96.0,24.3590013495,32.0
2016-10-27,3,0,18.0,22.0,0,43.0,47.0769230769,16.0,0.740740740741,96.0,24.687154986,24.0
2016-10-28,4,0,15.0,20.0,0,43.0,45.8461538462,16.0,0.688575899844,96.0,25.3978986225,34.0
2016-10-29,5,1,13.0,17.0,1,42.0,41.2307692308,24.0,0.700116686114,96.0,21.3583125455,77.0
2016-10-30,6,1,14.0,18.0,1,42.0,40.8461538462,24.0,1.01694915254,96.0,20.6540968327,74.0
2016-10-31,0,0,13.0,17.0,0,43.0,44.0,24.0,1.33477633478,96.0,22.2814168863,26.0
