time_stamp,dayofweek,holiday,lt,ht,sunny,m2M,w2A,m1L,d3w3,m1Lar,w2Std,pay_sum
2016-08-01,0,0,27.0,37.0,1,72.0,63.3076923077,30.0,1.19738562092,86.0,13.566840885,79.0
2016-08-02,1,0,26.0,36.0,0,72.0,65.6923076923,30.0,1.19658119658,86.0,13.3899193735,50.0
2016-08-03,2,0,25.0,31.0,0,70.0,65.1538461538,30.0,1.06477838972,86.0,13.8611030411,62.0
2016-08-04,3,0,25.0,29.0,0,67.0,63.8461538462,30.0,1.00978059741,86.0,13.2829917497,43.0
2016-08-05,4,0,25.0,31.0,0,66.0,61.0769230769,43.0,0.829986613119,86.0,13.5842756295,57.0
2016-08-06,5,1,24.0,32.0,0,66.0,59.6923076923,43.0,0.872374798061,86.0,12.9993172329,78.0
2016-08-07,6,1,25.0,32.0,0,66.0,60.9230769231,43.0,0.943296237414,86.0,13.8866927915,72.0
2016-08-08,0,0,26.0,32.0,0,67.0,62.1538461538,43.0,1.0917721519,86.0,14.1031701501,68.0
2016-08-09,1,0,26.0,32.0,0,68.0,63.8461538462,43.0,1.13187954309,79.0,13.3638211592,169.0
2016-08-10,2,0,26.0,34.0,0,72.0,73.5384615385,43.0,1.47564469914,169.0,30.0297682683,70.0
2016-08-11,3,0,27.0,35.0,0,72.0,75.1538461538,43.0,1.47560682528,169.0,29.220241019,38.0
2016-08-12,4,0,28.0,38.0,1,70.0,72.1538461538,38.0,1.37196631996,169.0,30.8341622576,64.0
2016-08-13,5,1,28.0,37.0,1,68.0,71.0769230769,38.0,0.858926342072,169.0,30.8556478771,63.0
2016-08-14,6,1,28.0,37.0,1,67.0,70.2307692308,38.0,0.823353293413,169.0,30.9146563353,78.0
2016-08-15,0,0,28.0,37.0,1,67.0,70.1538461538,38.0,1.00638193422,169.0,30.8939778893,58.0
2016-08-16,1,0,27.0,37.0,1,66.0,70.7692307692,38.0,0.968369829684,169.0,30.5643176726,61.0
2016-08-17,2,0,27.0,36.0,1,66.0,70.6923076923,38.0,0.946205571566,169.0,30.5875404885,49.0
2016-08-18,3,0,28.0,37.0,1,65.0,71.1538461538,38.0,0.806916426513,169.0,30.2091329895,59.0
2016-08-19,4,0,27.0,37.0,1,64.0,71.3076923077,38.0,0.822384428224,169.0,30.1416772934,61.0
2016-08-20,5,1,26.0,36.0,1,64.0,70.0,38.0,0.832717418083,169.0,30.1916952412,70.0
2016-08-21,6,1,26.0,34.0,1,64.0,69.8461538462,38.0,0.93896713615,169.0,30.186207125,62.0
2016-08-22,0,0,27.0,33.0,1,64.0,69.3846153846,38.0,0.965965965966,169.0,30.256692741,52.0
2016-08-23,1,0,27.0,34.0,1,64.0,60.3846153846,38.0,0.919540229885,169.0,9.71547901775,70.0
2016-08-24,2,0,27.0,34.0,1,64.0,60.3846153846,38.0,0.914058618977,169.0,9.71547901775,58.0
2016-08-25,3,0,24.0,35.0,0,63.0,61.9230769231,38.0,0.884303610906,169.0,7.34283050079,52.0
2016-08-26,4,0,21.0,27.0,0,62.0,61.0,38.0,0.887573964497,169.0,7.76580274715,59.0
2016-08-27,5,1,18.0,27.0,1,62.0,60.6923076923,38.0,0.845211302826,169.0,7.75970474641,66.0
2016-08-28,6,1,18.0,30.0,1,62.0,59.7692307692,38.0,0.889223813112,169.0,6.20364466266,63.0
2016-08-29,0,0,19.0,31.0,1,62.0,60.1538461538,38.0,0.948058497226,169.0,6.23693901558,53.0
2016-08-30,1,0,20.0,31.0,1,62.0,59.5384615385,38.0,1.00608070757,169.0,6.51170998002,53.0
2016-08-31,2,0,21.0,32.0,1,62.0,59.8461538462,38.0,0.947574992991,169.0,6.08713844412,41.0
2016-09-01,3,0,21.0,31.0,1,62.0,58.4615384615,38.0,0.822147651007,169.0,7.89951687535,19.0
2016-09-02,4,0,22.0,33.0,1,62.0,55.2307692308,19.0,0.656785818076,169.0,13.0864218895,44.0
2016-09-03,5,1,22.0,33.0,1,62.0,53.2307692308,19.0,0.614657210402,169.0,12.6561255838,62.0
2016-09-04,6,1,22.0,31.0,1,62.0,53.2307692308,19.0,0.749400479616,169.0,12.6561255838,58.0
2016-09-05,0,0,23.0,32.0,1,62.0,53.6923076923,19.0,0.983213429257,169.0,12.7121057711,34.0
2016-09-06,1,0,21.0,31.0,1,62.0,50.9230769231,19.0,0.94623655914,169.0,12.7789582967,37.0
2016-09-07,2,0,23.0,32.0,1,61.0,49.3076923077,19.0,0.801491146319,169.0,13.1053988604,45.0
2016-09-08,3,0,22.0,32.0,1,61.0,48.7692307692,19.0,0.73024866226,78.0,13.1275039877,42.0
2016-09-09,4,0,21.0,31.0,0,61.0,47.4615384615,19.0,0.794871794872,78.0,12.8877722883,48.0
2016-09-10,5,1,22.0,32.0,1,59.0,46.0769230769,19.0,0.884086444008,78.0,11.7372617594,67.0
2016-09-11,6,1,20.0,31.0,1,59.0,46.3846153846,19.0,1.02313457152,78.0,12.2193948077,74.0
2016-09-12,0,0,22.0,33.0,1,59.0,48.0,19.0,1.20574162679,78.0,14.2126704036,33.0
2016-09-13,1,0,21.0,32.0,1,59.0,46.4615384615,19.0,1.15079365079,74.0,14.6634836065,43.0
2016-09-14,2,0,21.0,31.0,1,59.0,46.6153846154,19.0,1.00704934542,74.0,14.6157894681,40.0
2016-09-15,3,1,23.0,31.0,0,59.0,48.2307692308,19.0,0.788311247027,74.0,12.4786207704,60.0
2016-09-16,4,1,22.0,30.0,0,59.0,49.4615384615,19.0,0.970807875085,74.0,12.7859019995,40.0
2016-09-17,5,1,21.0,32.0,1,59.0,47.7692307692,19.0,0.976290097629,74.0,12.4662858953,44.0
2016-09-18,6,0,20.0,31.0,1,59.0,46.6923076923,19.0,1.02454642476,74.0,12.1363067211,41.0
2016-09-19,0,0,18.0,29.0,1,58.0,47.2307692308,19.0,0.900900900901,74.0,11.7089961874,41.0
2016-09-20,1,0,18.0,27.0,1,58.0,47.5384615385,19.0,0.92004381161,74.0,11.4865498912,39.0
2016-09-21,2,0,17.0,28.0,1,58.0,47.0769230769,19.0,0.885473838273,74.0,11.6978731694,43.0
2016-09-22,3,0,17.0,30.0,1,57.0,47.1538461538,19.0,0.877005347594,74.0,11.6674837696,32.0
2016-09-23,4,0,18.0,31.0,1,57.0,45.9230769231,19.0,0.823401950163,74.0,12.3379435917,61.0
2016-09-24,5,1,22.0,32.0,1,58.0,45.4615384615,19.0,0.983369486623,74.0,11.6329464792,77.0
2016-09-25,6,1,23.0,30.0,1,58.0,45.6923076923,19.0,1.20439249026,77.0,12.2121289984,51.0
2016-09-26,0,0,23.0,33.0,1,58.0,47.0769230769,19.0,1.31524008351,77.0,11.7044471395,24.0
2016-09-27,1,0,22.0,32.0,1,58.0,45.6153846154,19.0,1.07231040564,77.0,13.2115244653,60.0
2016-09-28,2,0,16.0,25.0,0,58.0,47.1538461538,19.0,0.9375,77.0,13.6260279999,64.0
2016-09-29,3,0,15.0,18.0,0,58.0,47.4615384615,19.0,1.00475220638,77.0,13.9538546349,59.0
2016-09-30,4,0,17.0,20.0,0,58.0,48.9230769231,19.0,1.22860020141,77.0,14.0901577131,61.0
2016-10-01,5,1,17.0,20.0,0,58.0,50.2307692308,24.0,1.24282337048,77.0,14.3588827836,97.0
2016-10-02,6,1,16.0,23.0,0,58.0,54.5384615385,24.0,1.43234323432,97.0,18.6902499659,58.0
2016-10-03,0,1,18.0,29.0,1,58.0,55.8461538462,24.0,1.39130434783,97.0,18.2876425441,62.0
2016-10-04,1,1,17.0,30.0,1,58.0,57.6153846154,24.0,1.37254901961,97.0,17.6745730513,67.0
2016-10-05,2,1,18.0,30.0,1,58.0,59.4615384615,24.0,1.15325316065,97.0,17.3010243566,73.0
2016-10-06,3,1,19.0,29.0,1,58.0,62.6153846154,24.0,1.2309567337,97.0,15.6674010487,82.0
2016-10-07,4,1,19.0,27.0,1,58.0,64.2307692308,24.0,1.30281690141,97.0,16.4791422768,78.0
2016-10-08,5,0,16.0,26.0,1,58.0,64.3076923077,24.0,1.32763532764,97.0,16.5407869564,75.0
2016-10-09,6,0,16.0,24.0,1,58.0,66.1538461538,24.0,1.30121816168,97.0,16.2899032147,65.0
2016-10-10,0,0,16.0,23.0,1,59.0,69.3076923077,24.0,1.18349619978,97.0,10.9008441126,58.0
2016-10-11,1,0,16.0,21.0,1,58.0,69.1538461538,24.0,1.05854049719,97.0,11.0442895363,67.0
2016-10-12,2,0,16.0,19.0,1,58.0,69.3846153846,24.0,0.996590611067,97.0,10.9652490346,88.0
2016-10-13,3,0,15.0,18.0,0,58.0,71.6153846154,24.0,1.07008289375,97.0,11.5594680576,74.0
2016-10-14,4,0,15.0,19.0,1,59.0,72.6153846154,24.0,1.13930348259,97.0,11.1530503695,97.0
2016-10-15,5,1,16.0,23.0,1,59.0,72.6153846154,24.0,1.26960784314,97.0,11.1530503695,121.0
2016-10-16,6,1,16.0,24.0,1,59.0,77.4615384615,24.0,1.36130536131,121.0,16.2651840757,141.0
2016-10-17,0,0,16.0,23.0,1,59.0,83.5384615385,24.0,1.54708037061,141.0,22.7988373004,65.0
2016-10-18,1,0,18.0,25.0,1,59.0,83.3846153846,24.0,1.40463917526,141.0,22.9163645309,86.0
2016-10-19,2,0,18.0,24.0,0,59.0,84.3846153846,24.0,1.23676408302,141.0,22.7242278756,80.0
2016-10-20,3,0,19.0,23.0,0,59.0,84.2307692308,24.0,0.965517241379,141.0,22.7466103854,90.0
2016-10-21,4,0,18.0,24.0,0,60.0,85.1538461538,24.0,1.05090311987,141.0,22.7184985753,97.0
2016-10-22,5,1,16.0,21.0,0,60.0,86.8461538462,24.0,1.0960591133,141.0,22.7184985753,132.0
2016-10-23,6,1,15.0,18.0,1,60.0,92.0,24.0,1.25245386729,141.0,24.6919482361,109.0
2016-10-24,0,0,12.0,16.0,0,61.0,95.9230769231,24.0,1.29130850048,141.0,22.9697511405,64.0
2016-10-25,1,0,12.0,16.0,0,61.0,95.6923076923,24.0,1.16724071948,141.0,23.2722502809,70.0
2016-10-26,2,0,13.0,16.0,0,61.0,94.3076923077,58.0,0.93156986774,141.0,24.2054813099,87.0
2016-10-27,3,0,12.0,16.0,0,61.0,95.3076923077,58.0,0.844801223242,141.0,23.6069892368,52.0
2016-10-28,4,0,9.0,14.0,0,61.0,91.8461538462,52.0,0.81102056655,141.0,26.2556840845,73.0
2016-10-29,5,1,7.0,11.0,0,62.0,88.1538461538,52.0,0.823620823621,141.0,25.252101676,123.0
2016-10-30,6,1,9.0,15.0,0,62.0,86.7692307692,52.0,0.931980458474,141.0,22.6788747725,117.0
2016-10-31,0,0,9.0,14.0,0,64.0,90.7692307692,52.0,1.13838879796,141.0,23.0689729896,80.0
