time_stamp,dayofweek,holiday,lt,ht,sunny,m2M,w2A,m1L,d3w3,m1Lar,w2Std,pay_sum
2016-08-01,0,0,28.0,35.0,0,69.0,73.1538461538,53.0,1.10363391655,108.0,13.9220144091,40.0
2016-08-02,1,0,26.0,31.0,0,69.0,70.9230769231,40.0,0.923146884948,108.0,16.4945750451,74.0
2016-08-03,2,0,26.0,33.0,0,69.0,72.5384615385,40.0,0.85597826087,108.0,15.6677787175,73.0
2016-08-04,3,0,26.0,34.0,1,69.0,72.8461538462,40.0,0.848072562358,108.0,15.6345089409,53.0
2016-08-05,4,0,27.0,35.0,1,69.0,72.0,40.0,0.921446671274,108.0,16.3707055437,112.0
2016-08-06,5,1,27.0,33.0,0,69.0,72.3076923077,40.0,1.080835604,112.0,17.0672183096,141.0
2016-08-07,6,1,27.0,33.0,0,69.0,77.5384615385,40.0,1.34122287968,141.0,25.0372503547,102.0
2016-08-08,0,0,26.0,33.0,0,69.0,79.2307692308,40.0,1.53083225528,141.0,25.8758986352,103.0
2016-08-09,1,0,26.0,33.0,0,69.0,82.1538461538,40.0,1.45991561181,141.0,26.2468933073,84.0
2016-08-10,2,0,27.0,33.0,1,71.0,84.3846153846,40.0,1.1959445479,141.0,25.0493005016,57.0
2016-08-11,3,0,26.0,29.0,0,71.0,83.4615384615,40.0,1.01730248072,141.0,25.8088100182,47.0
2016-08-12,4,0,26.0,31.0,0,71.0,80.6923076923,40.0,0.792246101981,141.0,27.5803291535,79.0
2016-08-13,5,1,26.0,29.0,0,72.0,80.0,40.0,0.785576303928,141.0,27.501048931,84.0
2016-08-14,6,1,26.0,32.0,0,72.0,80.6923076923,40.0,0.895140664962,141.0,27.4797397126,116.0
2016-08-15,0,0,26.0,33.0,1,73.0,86.5384615385,40.0,1.1625,141.0,26.2579376559,73.0
2016-08-16,1,0,27.0,31.0,0,73.0,86.4615384615,40.0,1.13184079602,141.0,26.2959938002,89.0
2016-08-17,2,0,26.0,31.0,0,73.0,87.6923076923,40.0,1.12870483151,141.0,26.0100117274,70.0
2016-08-18,3,0,26.0,31.0,0,73.0,89.0,40.0,0.941367417326,141.0,24.6233160299,70.0
2016-08-19,4,0,26.0,32.0,1,73.0,85.7692307692,40.0,0.936605316973,141.0,24.1442901234,83.0
2016-08-20,5,1,26.0,33.0,0,73.0,81.3076923077,40.0,0.914871794872,141.0,18.1378678052,89.0
2016-08-21,6,1,26.0,33.0,1,73.0,80.3076923077,40.0,0.984340044743,141.0,17.3088888475,83.0
2016-08-22,0,0,26.0,34.0,1,73.0,78.7692307692,40.0,1.01070154578,141.0,16.0679032482,72.0
2016-08-23,1,0,26.0,34.0,1,73.0,77.8461538462,40.0,0.968253968254,141.0,16.0855699971,83.0
2016-08-24,2,0,27.0,34.0,1,73.0,79.8461538462,40.0,0.938856015779,141.0,14.9452650276,69.0
2016-08-25,3,0,27.0,33.0,1,73.0,81.5384615385,40.0,0.875341930442,141.0,12.1060403526,60.0
2016-08-26,4,0,27.0,33.0,0,73.0,80.0769230769,40.0,0.854494155582,141.0,13.4018456735,83.0
2016-08-27,5,1,26.0,33.0,1,74.0,80.0,40.0,0.885547201337,141.0,13.3819626018,84.0
2016-08-28,6,1,26.0,31.0,0,75.0,77.5384615385,40.0,0.959019856358,141.0,8.63459396948,91.0
2016-08-29,0,0,24.0,32.0,1,75.0,78.9230769231,40.0,1.09833971903,141.0,9.21922354866,66.0
2016-08-30,1,0,24.0,31.0,1,75.0,77.1538461538,40.0,1.03789836348,141.0,9.32198521153,74.0
2016-08-31,2,0,24.0,32.0,1,74.0,77.4615384615,47.0,0.984025559105,141.0,9.14511542271,85.0
2016-09-01,3,0,26.0,32.0,0,74.0,78.6153846154,47.0,0.93574547723,141.0,9.07692307692,64.0
2016-09-02,4,0,26.0,32.0,0,74.0,77.1538461538,47.0,0.936188077246,141.0,9.75741259719,50.0
2016-09-03,5,1,23.0,29.0,1,74.0,74.1538461538,47.0,0.853710853711,141.0,11.4947891462,100.0
2016-09-04,6,1,26.0,31.0,1,74.0,75.4615384615,47.0,0.927611616818,141.0,13.2584683221,91.0
2016-09-05,0,0,26.0,32.0,0,75.0,76.9230769231,47.0,1.03256212511,116.0,13.8311884937,59.0
2016-09-06,1,0,26.0,31.0,0,75.0,75.0769230769,47.0,1.09217999126,116.0,14.4832079875,58.0
2016-09-07,2,0,26.0,30.0,0,75.0,74.2307692308,47.0,0.915896081022,116.0,15.1208152311,49.0
2016-09-08,3,0,26.0,30.0,0,74.0,73.3846153846,47.0,0.741236883233,116.0,16.1651974769,54.0
2016-09-09,4,0,25.0,30.0,0,74.0,71.1538461538,47.0,0.733151183971,116.0,16.6772353079,82.0
2016-09-10,5,1,26.0,31.0,0,75.0,71.0,49.0,0.846488217799,116.0,16.5668807704,65.0
2016-09-11,6,1,26.0,30.0,0,75.0,69.0,49.0,0.931202223767,116.0,15.5711765279,82.0
2016-09-12,0,0,24.0,28.0,0,75.0,70.2307692308,49.0,1.05360018403,116.0,15.9139698966,67.0
2016-09-13,1,0,25.0,31.0,1,74.0,69.6923076923,49.0,0.995580367527,100.0,15.8957401908,64.0
2016-09-14,2,0,26.0,30.0,0,74.0,68.0769230769,49.0,0.994397759104,100.0,15.3144554059,102.0
2016-09-15,3,1,24.0,27.0,0,74.0,71.0,49.0,1.0566893424,102.0,17.6983267353,2.0
2016-09-16,4,1,25.0,31.0,0,73.0,67.3076923077,2.0,0.806335493161,102.0,25.1377271336,2.0
2016-09-17,5,1,26.0,32.0,0,73.0,59.7692307692,2.0,0.540678398368,102.0,28.6521682524,30.0
2016-09-18,6,0,24.0,31.0,1,73.0,55.0769230769,2.0,0.181915462814,102.0,28.1437560734,41.0
2016-09-19,0,0,24.0,31.0,1,73.0,53.6923076923,2.0,0.39858039858,102.0,28.3586497872,63.0
2016-09-20,1,0,23.0,29.0,1,73.0,54.0769230769,2.0,0.738292011019,102.0,28.4482297366,60.0
2016-09-21,2,0,23.0,29.0,1,73.0,54.9230769231,2.0,0.92264416315,102.0,28.4482297366,53.0
2016-09-22,3,0,23.0,29.0,1,73.0,54.8461538462,2.0,0.999432140829,102.0,28.4519734447,49.0
2016-09-23,4,0,23.0,29.0,1,72.0,52.3076923077,2.0,0.920716112532,102.0,27.3675400524,59.0
2016-09-24,5,1,24.0,30.0,1,72.0,51.8461538462,2.0,0.948174322733,102.0,27.199678035,84.0
2016-09-25,6,1,24.0,31.0,1,73.0,52.0,2.0,1.13777777778,102.0,27.3748902351,65.0
2016-09-26,0,0,26.0,32.0,1,73.0,51.8461538462,2.0,1.22605363985,102.0,27.2956636563,121.0
2016-09-27,1,0,26.0,32.0,0,73.0,56.2307692308,2.0,1.50753768844,121.0,32.8988048559,109.0
2016-09-28,2,0,24.0,27.0,0,73.0,56.7692307692,2.0,1.56831472621,121.0,33.691253935,45.0
2016-09-29,3,0,25.0,29.0,0,72.0,60.0769230769,2.0,1.47255689424,121.0,30.0677735444,42.0
2016-09-30,4,0,25.0,30.0,0,72.0,63.1538461538,2.0,1.08437067773,121.0,25.6959923659,90.0
2016-10-01,5,1,25.0,32.0,1,72.0,67.7692307692,2.0,0.959349593496,121.0,24.6955425631,94.0
2016-10-02,6,1,25.0,32.0,0,72.0,71.8461538462,2.0,1.21309715513,121.0,24.311586835,65.0
2016-10-03,0,1,24.0,32.0,1,72.0,72.0,2.0,1.33870967742,121.0,24.2613970046,84.0
2016-10-04,1,1,25.0,30.0,0,72.0,73.8461538462,2.0,1.28571428571,121.0,24.1910541439,68.0
2016-10-05,2,1,26.0,30.0,1,70.0,75.0,2.0,1.17998912452,121.0,23.5175875267,66.0
2016-10-06,3,1,25.0,29.0,0,70.0,76.3076923077,2.0,1.12661498708,121.0,22.4854982853,64.0
2016-10-07,4,1,25.0,30.0,1,69.0,76.6923076923,2.0,0.976331360947,121.0,22.2274418591,68.0
2016-10-08,5,0,22.0,28.0,0,68.0,75.4615384615,2.0,0.94964028777,121.0,22.2317008056,69.0
2016-10-09,6,0,20.0,22.0,0,69.0,75.7692307692,2.0,0.944992947814,121.0,22.1121402302,59.0
2016-10-10,0,0,19.0,22.0,0,69.0,71.0,2.0,0.924092409241,121.0,18.178601114,45.0
2016-10-11,1,0,20.0,25.0,1,68.0,66.0769230769,2.0,0.824398379795,121.0,15.7209391893,63.0
2016-10-12,2,0,22.0,25.0,1,68.0,67.4615384615,2.0,0.79015850485,121.0,14.5529028805,47.0
2016-10-13,3,0,22.0,26.0,1,67.0,67.8461538462,2.0,0.734423122483,121.0,13.9275385966,55.0
2016-10-14,4,0,23.0,28.0,1,66.0,65.1538461538,2.0,0.784034212402,121.0,12.7148983108,72.0
2016-10-15,5,1,24.0,27.0,1,66.0,63.4615384615,2.0,0.833932422717,121.0,9.91979671485,90.0
2016-10-16,6,1,25.0,28.0,1,66.0,65.3846153846,30.0,1.02165725047,121.0,12.1941881588,61.0
2016-10-17,0,0,24.0,28.0,1,66.0,63.6153846154,41.0,1.09636184857,121.0,10.9722619612,50.0
2016-10-18,1,0,25.0,27.0,0,65.0,62.2307692308,42.0,1.03315343099,121.0,11.4566329203,69.0
2016-10-19,2,0,25.0,29.0,1,65.0,62.4615384615,42.0,0.908402725208,121.0,11.5599799349,51.0
2016-10-20,3,0,25.0,29.0,1,65.0,61.4615384615,42.0,0.852130325815,121.0,11.9396906584,48.0
2016-10-21,4,0,25.0,29.0,0,65.0,59.9230769231,42.0,0.869565217391,121.0,12.28170333,52.0
2016-10-22,5,1,25.0,29.0,1,64.0,58.6153846154,42.0,0.807918673087,121.0,12.1499506902,76.0
2016-10-23,6,1,24.0,30.0,0,64.0,59.9230769231,42.0,0.933439405993,121.0,13.0056883322,55.0
2016-10-24,0,0,23.0,26.0,0,64.0,60.6923076923,42.0,0.99348534202,121.0,12.3810314929,40.0
2016-10-25,1,0,23.0,30.0,1,64.0,58.9230769231,40.0,0.95,121.0,13.5161529487,47.0
2016-10-26,2,0,24.0,31.0,1,64.0,58.9230769231,40.0,0.801580581428,109.0,13.5161529487,46.0
2016-10-27,3,0,24.0,31.0,1,63.0,58.2307692308,40.0,0.762396102035,94.0,13.9237143925,53.0
2016-10-28,4,0,24.0,31.0,1,63.0,56.7692307692,40.0,0.847851335656,94.0,13.3885935733,64.0
2016-10-29,5,1,21.0,24.0,1,63.0,54.7692307692,40.0,0.950714494022,94.0,9.71243331749,94.0
2016-10-30,6,1,20.0,24.0,1,63.0,57.3076923077,40.0,1.19411431805,94.0,14.2579781466,77.0
2016-10-31,0,0,21.0,27.0,1,63.0,59.3846153846,40.0,1.29476584022,94.0,14.9899374532,45.0
