time_stamp,dayofweek,holiday,lt,ht,sunny,m2M,w2A,m1L,d3w3,m1Lar,w2Std,pay_sum
2016-08-01,0,0,26.0,33.0,0,24.0,24.0,24.0,1.0,24.0,0.0,24.0
2016-08-02,1,0,25.0,27.0,0,24.0,24.0,24.0,1.0,24.0,0.0,24.0
2016-08-03,2,0,25.0,29.0,0,24.0,24.0,24.0,1.0,24.0,0.0,24.0
2016-08-04,3,0,27.0,31.0,1,24.0,24.0,24.0,1.0,24.0,0.0,14.0
2016-08-05,4,0,27.0,33.0,1,24.0,23.2307692308,14.0,0.879432624113,24.0,2.66469355011,22.0
2016-08-06,5,1,28.0,34.0,1,24.0,23.0769230769,14.0,0.854700854701,24.0,2.67356110723,31.0
2016-08-07,6,1,28.0,34.0,1,24.0,23.6153846154,14.0,0.940350877193,31.0,3.4090030471,40.0
2016-08-08,0,0,27.0,35.0,1,24.0,24.8461538462,14.0,1.26272912424,40.0,5.54486808952,43.0
2016-08-09,1,0,28.0,34.0,1,24.0,26.3076923077,14.0,1.49019607843,43.0,7.34202461476,39.0
2016-08-10,2,0,26.0,29.0,0,24.0,27.4615384615,14.0,1.54920634921,43.0,8.03468810955,43.0
2016-08-11,3,0,26.0,29.0,0,24.0,28.9230769231,14.0,1.5318627451,43.0,8.94824038106,46.0
2016-08-12,4,0,26.0,29.0,0,24.0,30.6153846154,14.0,1.50765606596,46.0,9.88813167029,60.0
2016-08-13,5,1,26.0,30.0,0,24.0,33.3846153846,14.0,1.65005537099,60.0,12.375773241,55.0
2016-08-14,6,1,26.0,30.0,0,24.0,35.7692307692,14.0,1.69562927857,60.0,13.2905625635,88.0
2016-08-15,0,0,25.0,30.0,0,24.0,40.6923076923,14.0,1.94165471066,88.0,18.7509368602,33.0
2016-08-16,1,0,25.0,28.0,0,24.0,41.3846153846,14.0,1.66194523135,88.0,18.2821411872,47.0
2016-08-17,2,0,25.0,29.0,0,24.0,43.1538461538,14.0,1.53635116598,88.0,17.6148807452,59.0
2016-08-18,3,0,26.0,29.0,0,24.0,46.6153846154,14.0,1.21291448517,88.0,15.8819610373,44.0
2016-08-19,4,0,27.0,31.0,0,24.0,48.3076923077,14.0,1.27551020408,88.0,14.2579781466,67.0
2016-08-20,5,1,27.0,33.0,1,24.0,51.0769230769,14.0,1.37041515518,88.0,14.1228758156,53.0
2016-08-21,6,1,26.0,31.0,0,24.0,52.0769230769,14.0,1.27725856698,88.0,13.7586981633,84.0
2016-08-22,0,0,27.0,33.0,1,24.0,55.2307692308,14.0,1.48471615721,88.0,15.8558596116,63.0
2016-08-23,1,0,28.0,34.0,1,24.0,57.0769230769,14.0,1.39616055846,88.0,15.2439725211,61.0
2016-08-24,2,0,28.0,33.0,1,24.0,58.4615384615,14.0,1.39784946237,88.0,14.7106208864,61.0
2016-08-25,3,0,27.0,33.0,1,24.0,59.6153846154,14.0,1.18703881938,88.0,14.2695936093,49.0
2016-08-26,4,0,26.0,33.0,0,24.0,58.7692307692,14.0,1.06941838649,88.0,14.5451754949,58.0
2016-08-27,5,1,26.0,33.0,0,24.0,59.0,14.0,1.02470265325,88.0,14.5072925958,61.0
2016-08-28,6,1,25.0,31.0,1,24.0,56.9230769231,14.0,1.00538599641,88.0,11.9064400057,76.0
2016-08-29,0,0,26.0,31.0,1,24.0,60.2307692308,14.0,1.13339145597,88.0,10.7141448286,65.0
2016-08-30,1,0,26.0,31.0,1,24.0,61.6153846154,14.0,1.14805342427,88.0,10.0578210023,63.0
2016-08-31,2,0,26.0,32.0,0,24.0,61.9230769231,14.0,1.13998323554,88.0,10.0342608364,53.0
2016-09-01,3,0,25.0,31.0,0,24.0,62.6153846154,14.0,1.00555555556,88.0,9.03445082864,69.0
2016-09-02,4,0,26.0,31.0,0,24.0,62.7692307692,14.0,1.02012682658,88.0,9.12438698597,51.0
2016-09-03,5,1,26.0,32.0,0,24.0,62.6153846154,22.0,0.957123098202,88.0,9.30292312654,55.0
2016-09-04,6,1,26.0,31.0,0,24.0,60.3846153846,31.0,0.995449374289,88.0,7.13106380605,80.0
2016-09-05,0,0,27.0,31.0,0,31.0,61.6923076923,33.0,1.01722723544,88.0,8.84381239916,52.0
2016-09-06,1,0,26.0,31.0,0,33.0,61.0,33.0,1.01851851852,88.0,9.21537177346,54.0
2016-09-07,2,0,26.0,29.0,0,39.0,60.4615384615,33.0,1.01722723544,88.0,9.40225328652,50.0
2016-09-08,3,0,26.0,30.0,0,40.0,60.5384615385,33.0,0.848979591837,88.0,9.31182362223,39.0
2016-09-09,4,0,26.0,31.0,0,40.0,59.0769230769,33.0,0.796435533278,88.0,10.9436426116,69.0
2016-09-10,5,1,25.0,29.0,0,43.0,59.6923076923,33.0,0.868370431437,88.0,11.2549791743,58.0
2016-09-11,6,1,26.0,31.0,0,43.0,58.3076923077,33.0,0.932322381354,88.0,10.2235370621,102.0
2016-09-12,0,0,27.0,32.0,1,44.0,61.1538461538,33.0,1.24524197934,102.0,15.4862030597,74.0
2016-09-13,1,0,27.0,33.0,1,46.0,62.0,33.0,1.25907990315,102.0,15.859964109,55.0
2016-09-14,2,0,27.0,34.0,1,47.0,62.1538461538,39.0,1.24898621249,102.0,15.7814211793,72.0
2016-09-15,3,1,27.0,32.0,0,49.0,62.3846153846,39.0,1.06687898089,102.0,15.9013229326,114.0
2016-09-16,4,1,27.0,33.0,1,50.0,67.2307692308,39.0,1.22459349593,114.0,20.5993048656,64.0
2016-09-17,5,1,27.0,33.0,1,51.0,67.9230769231,39.0,1.26742712294,114.0,20.326040662,64.0
2016-09-18,6,0,26.0,32.0,1,52.0,66.6923076923,39.0,1.2381683295,114.0,20.0399010261,63.0
2016-09-19,0,0,25.0,32.0,1,53.0,67.5384615385,39.0,0.978734306943,114.0,19.6297081941,65.0
2016-09-20,1,0,23.0,29.0,0,53.0,68.3846153846,39.0,0.982348426708,114.0,19.2615138855,52.0
2016-09-21,2,0,25.0,31.0,1,53.0,68.5384615385,39.0,0.921658986175,114.0,19.121535924,53.0
2016-09-22,3,0,26.0,32.0,1,53.0,69.6153846154,39.0,0.881285640228,114.0,17.774391525,56.0
2016-09-23,4,0,26.0,30.0,1,54.0,68.6153846154,39.0,0.831396849987,114.0,18.142760631,55.0
2016-09-24,5,1,26.0,31.0,1,55.0,68.3846153846,39.0,0.846888716757,114.0,18.2947594915,72.0
2016-09-25,6,1,27.0,32.0,1,55.0,66.0769230769,39.0,0.950896336711,114.0,15.6030644843,86.0
2016-09-26,0,0,27.0,33.0,1,55.0,67.0,39.0,1.0782080486,114.0,16.3801004975,51.0
2016-09-27,1,0,26.0,34.0,1,55.0,66.6923076923,39.0,1.06037544394,114.0,16.6381610272,70.0
2016-09-28,2,0,26.0,33.0,1,55.0,66.5384615385,39.0,1.03448275862,114.0,16.5975687961,69.0
2016-09-29,3,0,24.0,30.0,1,56.0,63.0769230769,39.0,0.928641251222,114.0,9.52294022519,51.0
2016-09-30,4,0,24.0,28.0,1,56.0,62.0769230769,39.0,0.941059930659,114.0,10.0419239534,66.0
2016-10-01,5,1,25.0,28.0,0,58.0,62.2307692308,39.0,0.915805022157,114.0,10.0854338693,85.0
2016-10-02,6,1,24.0,29.0,1,58.0,63.9230769231,39.0,1.00723011718,114.0,11.7765186083,79.0
2016-10-03,0,1,26.0,32.0,1,59.0,65.0,39.0,1.14257327372,114.0,12.4468099095,86.0
2016-10-04,1,1,26.0,31.0,1,60.0,67.6153846154,39.0,1.21388686574,114.0,13.0002275811,79.0
2016-10-05,2,1,27.0,31.0,1,61.0,69.6153846154,39.0,1.17874396135,114.0,12.5914406919,66.0
2016-10-06,3,1,26.0,32.0,1,61.0,70.3846153846,39.0,1.15615615616,114.0,12.0290575214,75.0
2016-10-07,4,1,25.0,31.0,1,61.0,71.9230769231,39.0,1.09208240258,114.0,11.2144243548,74.0
2016-10-08,5,0,25.0,31.0,1,63.0,72.0769230769,51.0,1.05937423011,114.0,11.2281345698,83.0
2016-10-09,6,0,23.0,29.0,1,63.0,71.8461538462,51.0,1.12648701141,114.0,10.9674073358,100.0
2016-10-10,0,0,23.0,28.0,1,63.0,75.6153846154,51.0,1.21685606061,114.0,11.5594680576,52.0
2016-10-11,1,0,21.0,26.0,1,63.0,74.2307692308,51.0,1.11268939394,114.0,13.1216429914,62.0
2016-10-12,2,0,22.0,25.0,0,63.0,73.6923076923,51.0,1.00682192425,114.0,13.4643953013,63.0
2016-10-13,3,0,24.0,28.0,1,63.0,74.6153846154,51.0,0.828651685393,114.0,12.2319786533,79.0
2016-10-14,4,0,24.0,28.0,1,63.0,75.6153846154,51.0,0.939226519337,114.0,12.0162611716,75.0
2016-10-15,5,1,25.0,30.0,1,64.0,74.8461538462,51.0,0.997013553871,100.0,11.7069746065,91.0
2016-10-16,6,1,26.0,32.0,1,64.0,75.7692307692,51.0,1.12179487179,100.0,12.4477606646,118.0
2016-10-17,0,0,23.0,30.0,0,65.0,78.2307692308,51.0,1.24316042898,118.0,16.6740417607,48.0
2016-10-18,1,0,24.0,27.0,0,64.0,75.8461538462,48.0,1.14146124806,118.0,18.5092332628,84.0
2016-10-19,2,0,25.0,28.0,0,65.0,77.2307692308,48.0,1.09938434477,118.0,18.3937859329,70.0
2016-10-20,3,0,25.0,30.0,1,65.0,76.8461538462,48.0,0.877307274701,118.0,18.4884419356,80.0
2016-10-21,4,0,24.0,27.0,0,65.0,77.3076923077,48.0,1.00710135571,118.0,18.4865215573,115.0
2016-10-22,5,1,25.0,30.0,1,66.0,79.7692307692,48.0,1.11885159384,118.0,21.0353323506,88.0
2016-10-23,6,1,25.0,30.0,1,66.0,78.8461538462,48.0,1.18807724601,118.0,20.3804059514,101.0
2016-10-24,0,0,25.0,29.0,0,69.0,82.6153846154,48.0,1.26429611146,118.0,19.5823250821,74.0
2016-10-25,1,0,26.0,30.0,1,69.0,83.5384615385,48.0,1.09720483938,118.0,18.8582378841,94.0
2016-10-26,2,0,26.0,31.0,1,69.0,85.9230769231,48.0,1.10291102911,118.0,18.0531758913,70.0
2016-10-27,3,0,26.0,31.0,1,69.0,85.2307692308,48.0,0.978819658647,118.0,18.4730733196,66.0
2016-10-28,4,0,26.0,31.0,1,69.0,84.5384615385,48.0,0.950609630089,118.0,19.0045151907,76.0
2016-10-29,5,1,21.0,29.0,0,70.0,83.3846153846,48.0,0.8800332088,118.0,19.0325165543,88.0
2016-10-30,6,1,21.0,26.0,1,70.0,81.0769230769,48.0,0.961940610623,118.0,16.3211120401,104.0
2016-10-31,0,0,21.0,26.0,1,70.0,85.3846153846,48.0,1.08545970028,118.0,14.2857565511,85.0
