time_stamp,dayofweek,holiday,lt,ht,sunny,m2M,w2A,m1L,d3w3,m1Lar,w2Std,pay_sum
2016-08-01,0,0,26.0,33.0,0,104.0,116.0,45.0,1.13982199254,189.0,34.729725685,106.0
2016-08-02,1,0,24.0,31.0,0,106.0,117.230769231,45.0,1.15490111159,189.0,34.0636369307,120.0
2016-08-03,2,0,24.0,32.0,1,106.0,118.769230769,45.0,1.06804478898,189.0,33.7003854033,112.0
2016-08-04,3,0,24.0,30.0,0,107.0,123.923076923,45.0,0.965438446158,189.0,26.345227384,106.0
2016-08-05,4,0,24.0,30.0,0,107.0,123.076923077,45.0,0.974625144175,189.0,26.7278637048,107.0
2016-08-06,5,1,24.0,28.0,0,107.0,119.384615385,45.0,0.945729666812,189.0,25.3423891216,129.0
2016-08-07,6,1,24.0,31.0,0,110.0,114.769230769,45.0,0.997811816193,189.0,15.9766841951,144.0
2016-08-08,0,0,24.0,29.0,1,110.0,117.923076923,45.0,1.0863350486,189.0,17.331436704,42.0
2016-08-09,1,0,24.0,30.0,0,107.0,113.153846154,42.0,0.919439579685,189.0,26.573110046,690.0
2016-08-10,2,0,26.0,33.0,1,107.0,158.923076923,42.0,2.03201113431,690.0,155.506349877,449.0
2016-08-11,3,0,27.0,34.0,1,110.0,184.769230769,42.0,2.40187105959,690.0,172.698115373,474.0
2016-08-12,4,0,26.0,35.0,1,110.0,213.307692308,42.0,2.95827602017,690.0,186.897909037,549.0
2016-08-13,5,1,26.0,35.0,1,112.0,244.153846154,42.0,2.43567469182,690.0,205.717448553,715.0
2016-08-14,6,1,26.0,33.0,0,113.0,287.923076923,42.0,2.54372484449,715.0,238.152007546,781.0
2016-08-15,0,0,25.0,32.0,0,115.0,339.846153846,42.0,2.60526148162,781.0,264.908357493,103.0
2016-08-16,1,0,23.0,28.0,1,115.0,338.538461538,42.0,2.0374617737,781.0,266.029962276,120.0
2016-08-17,2,0,24.0,31.0,1,115.0,339.153846154,42.0,1.27322300425,781.0,265.513970704,105.0
2016-08-18,3,0,27.0,35.0,1,113.0,339.076923077,42.0,0.416587286467,781.0,265.581643694,152.0
2016-08-19,4,0,25.0,33.0,1,113.0,342.538461538,42.0,0.474392852649,781.0,262.813070564,128.0
2016-08-20,5,1,23.0,32.0,1,115.0,342.461538462,42.0,0.486295313882,781.0,262.875699022,170.0
2016-08-21,6,1,25.0,30.0,1,117.0,344.461538462,42.0,0.565824217276,781.0,261.453221403,189.0
2016-08-22,0,0,25.0,31.0,1,119.0,355.769230769,42.0,0.602909316001,781.0,251.101313861,127.0
2016-08-23,1,0,26.0,31.0,0,119.0,312.461538462,42.0,0.600890207715,781.0,237.926496531,110.0
2016-08-24,2,0,27.0,34.0,1,117.0,286.384615385,42.0,0.526901669759,781.0,240.100151687,107.0
2016-08-25,3,0,21.0,31.0,0,115.0,258.153846154,42.0,0.425400358622,781.0,237.946938543,110.0
2016-08-26,4,0,18.0,27.0,1,115.0,224.384615385,42.0,0.404152762329,781.0,225.07726484,110.0
2016-08-27,5,1,17.0,28.0,1,115.0,177.846153846,42.0,0.405581395349,781.0,176.024843594,123.0
2016-08-28,6,1,19.0,31.0,1,117.0,127.230769231,42.0,0.427095006848,781.0,25.8848154067,119.0
2016-08-29,0,0,18.0,29.0,1,119.0,128.461538462,42.0,0.432087399497,781.0,25.071023374,70.0
2016-08-30,1,0,21.0,31.0,1,119.0,124.615384615,42.0,0.432342548327,781.0,29.5154156893,86.0
2016-08-31,2,0,22.0,34.0,1,117.0,123.153846154,42.0,0.412170263789,781.0,30.8889976774,96.0
2016-09-01,3,0,22.0,35.0,1,117.0,118.846153846,42.0,0.412776412776,781.0,30.4677538337,84.0
2016-09-02,4,0,20.0,35.0,1,117.0,115.461538462,42.0,0.491909385113,781.0,31.6825974669,118.0
2016-09-03,5,1,22.0,33.0,1,117.0,111.461538462,42.0,0.660460992908,781.0,27.5586518165,154.0
2016-09-04,6,1,20.0,33.0,1,118.0,108.769230769,42.0,0.996780064399,781.0,20.7110295631,167.0
2016-09-05,0,0,22.0,34.0,1,119.0,111.846153846,42.0,1.19700068166,781.0,25.5879964462,90.0
2016-09-06,1,0,21.0,32.0,1,118.0,110.307692308,42.0,1.13457556936,781.0,26.2455406187,93.0
2016-09-07,2,0,20.0,31.0,1,117.0,109.230769231,70.0,0.971008461645,781.0,26.6433823394,89.0
2016-09-08,3,0,20.0,34.0,1,115.0,107.615384615,70.0,0.774928774929,781.0,27.1790033822,70.0
2016-09-09,4,0,20.0,33.0,1,113.0,104.538461538,70.0,0.736196319018,781.0,28.9418924069,99.0
2016-09-10,5,1,19.0,32.0,1,112.0,102.692307692,70.0,0.777928539123,781.0,28.4669433537,160.0
2016-09-11,6,1,20.0,32.0,1,113.0,105.846153846,70.0,1.00519401161,781.0,32.1339651456,164.0
2016-09-12,0,0,21.0,30.0,1,117.0,113.076923077,70.0,1.27084272195,781.0,33.7877117819,85.0
2016-09-13,1,0,20.0,27.0,0,113.0,113.0,70.0,1.24278334853,189.0,33.8503493903,60.0
2016-09-14,2,0,20.0,30.0,1,112.0,110.230769231,60.0,0.959478341872,189.0,36.4968994387,94.0
2016-09-15,3,1,20.0,30.0,1,110.0,111.0,60.0,0.747692788988,189.0,36.0384410147,158.0
2016-09-16,4,1,20.0,30.0,1,112.0,114.076923077,60.0,0.954566314823,189.0,38.1504340906,146.0
2016-09-17,5,1,20.0,30.0,1,113.0,113.461538462,60.0,1.20496518317,189.0,37.5614683595,135.0
2016-09-18,6,0,19.0,27.0,1,117.0,111.0,60.0,1.31950706342,189.0,34.9284983931,89.0
2016-09-19,0,0,16.0,25.0,1,117.0,110.923076923,60.0,1.1026672627,189.0,34.9757312311,75.0
2016-09-20,1,0,16.0,26.0,1,113.0,109.538461538,60.0,0.895477687931,167.0,35.9991781629,85.0
2016-09-21,2,0,18.0,29.0,1,112.0,109.230769231,60.0,0.749435665914,167.0,36.1899982914,93.0
2016-09-22,3,0,19.0,31.0,1,110.0,111.0,60.0,0.758393285372,167.0,34.7629333984,73.0
2016-09-23,4,0,19.0,32.0,1,110.0,109.0,60.0,0.767936362246,167.0,36.117330168,91.0
2016-09-24,5,1,20.0,29.0,1,110.0,103.692307692,60.0,0.80970384373,167.0,33.1833707552,154.0
2016-09-25,6,1,19.0,24.0,0,112.0,102.923076923,60.0,1.00808368997,167.0,31.8662144175,158.0
2016-09-26,0,0,20.0,23.0,0,112.0,108.538461538,60.0,1.2375249501,167.0,34.5334072026,89.0
2016-09-27,1,0,17.0,24.0,1,112.0,110.769230769,60.0,1.23365636056,167.0,32.1825414834,82.0
2016-09-28,2,0,13.0,21.0,1,110.0,109.846153846,60.0,1.01543209877,167.0,32.8161455428,74.0
2016-09-29,3,0,13.0,23.0,1,110.0,103.384615385,60.0,0.754775107825,167.0,30.9131250729,84.0
2016-09-30,4,0,15.0,23.0,1,110.0,98.6153846154,60.0,0.744532340624,167.0,28.6719870298,103.0
2016-10-01,5,1,17.0,26.0,1,110.0,96.1538461538,60.0,0.831739961759,167.0,26.751983834,193.0
2016-10-02,6,1,16.0,28.0,1,110.0,104.153846154,60.0,1.1944051548,193.0,37.0027985508,158.0
2016-10-03,0,1,18.0,31.0,1,110.0,110.538461538,60.0,1.37951990277,193.0,38.5498985025,149.0
2016-10-04,1,1,19.0,29.0,1,110.0,115.461538462,60.0,1.46006716309,193.0,39.0573845763,170.0
2016-10-05,2,1,17.0,26.0,1,110.0,121.384615385,60.0,1.34802882577,193.0,40.9925667962,149.0
2016-10-06,3,1,16.0,22.0,1,110.0,127.230769231,60.0,1.32765957447,193.0,39.0485966381,134.0
2016-10-07,4,1,15.0,22.0,0,118.0,130.538461538,60.0,1.29170230967,193.0,37.6351214541,122.0
2016-10-08,5,0,13.0,21.0,1,118.0,128.076923077,60.0,1.16129032258,193.0,37.0622377556,85.0
2016-10-09,6,0,12.0,17.0,1,110.0,122.461538462,60.0,0.979462875197,193.0,37.6289892025,71.0
2016-10-10,0,0,13.0,20.0,1,110.0,121.076923077,60.0,0.799884908646,193.0,39.1357824434,72.0
2016-10-11,1,0,14.0,21.0,1,110.0,120.307692308,60.0,0.659722222222,193.0,39.9853523477,83.0
2016-10-12,2,0,14.0,19.0,1,107.0,121.0,60.0,0.656785818076,193.0,39.2487138447,73.0
2016-10-13,3,0,13.0,21.0,1,105.0,120.153846154,71.0,0.662598081953,193.0,40.1455930216,66.0
2016-10-14,4,0,15.0,20.0,1,105.0,117.307692308,66.0,0.652269722345,193.0,42.5031847049,78.0
2016-10-15,5,1,14.0,17.0,0,103.0,108.461538462,66.0,0.659674722602,193.0,37.5020315032,155.0
2016-10-16,6,1,14.0,24.0,1,103.0,108.230769231,66.0,0.910197869102,193.0,37.2045362126,177.0
2016-10-17,0,0,13.0,25.0,1,103.0,110.384615385,66.0,1.19988293825,193.0,40.1928781704,67.0
2016-10-18,1,0,14.0,24.0,1,99.0,102.461538462,66.0,1.17543084401,193.0,37.7371789427,76.0
2016-10-19,2,0,15.0,25.0,1,96.0,96.8461538462,66.0,0.941869021339,193.0,35.7746067093,72.0
2016-10-20,3,0,14.0,20.0,0,94.0,92.0769230769,66.0,0.636188785323,193.0,34.6176067663,72.0
2016-10-21,4,0,13.0,15.0,0,93.0,88.2307692308,66.0,0.660066006601,193.0,33.8484264971,105.0
2016-10-22,5,1,9.0,16.0,1,93.0,89.7692307692,66.0,0.777881911903,193.0,34.1200456446,188.0
2016-10-23,6,1,8.0,10.0,0,93.0,98.7692307692,66.0,1.12446087492,193.0,42.4067372118,211.0
2016-10-24,0,0,7.0,12.0,0,93.0,109.461538462,66.0,1.50943396226,211.0,50.9684900919,104.0
2016-10-25,1,0,9.0,18.0,1,93.0,111.076923077,66.0,1.5524691358,211.0,50.4342092974,82.0
2016-10-26,2,0,11.0,16.0,0,93.0,111.769230769,66.0,1.26453256888,211.0,49.966379229,94.0
2016-10-27,3,0,9.0,13.0,0,93.0,113.923076923,66.0,0.909238512746,211.0,48.5298663608,92.0
2016-10-28,4,0,9.0,13.0,1,93.0,115.0,66.0,0.883176800132,211.0,47.8716231988,118.0
2016-10-29,5,1,6.0,14.0,1,93.0,112.153846154,66.0,0.985732814527,211.0,46.4887846754,180.0
2016-10-30,6,1,9.0,16.0,1,93.0,112.384615385,66.0,1.20092378753,211.0,46.8163982802,169.0
2016-10-31,0,0,2.0,10.0,1,94.0,120.230769231,66.0,1.3763631005,211.0,47.0991651831,73.0
