time_stamp,dayofweek,holiday,lt,ht,sunny,m2M,w2A,m1L,d3w3,m1Lar,w2Std,pay_sum
2016-08-01,0,0,28.0,34.0,1,54.0,594.307692308,54.0,1.19943967781,798.0,117.848915413,545.0
2016-08-02,1,0,27.0,35.0,0,54.0,603.461538462,54.0,1.19101383823,798.0,108.685584201,458.0
2016-08-03,2,0,26.0,32.0,0,54.0,594.769230769,54.0,1.04535285743,798.0,115.254336709,549.0
2016-08-04,3,0,27.0,32.0,0,54.0,597.384615385,426.0,0.898304103722,798.0,113.790994954,531.0
2016-08-05,4,0,27.0,33.0,0,426.0,598.461538462,426.0,0.888426768333,798.0,113.089219635,486.0
2016-08-06,5,1,27.0,33.0,0,453.0,579.307692308,426.0,0.914265697522,798.0,109.366978996,707.0
2016-08-07,6,1,27.0,35.0,1,458.0,572.307692308,426.0,0.999420289855,798.0,97.4035101369,769.0
2016-08-08,0,0,27.0,34.0,0,461.0,590.307692308,426.0,1.11120550505,798.0,109.692145862,495.0
2016-08-09,1,0,27.0,33.0,0,472.0,590.538461538,426.0,1.1097972973,798.0,109.488050198,559.0
2016-08-10,2,0,28.0,34.0,1,478.0,590.923076923,426.0,1.02750535453,798.0,109.367736445,578.0
2016-08-11,3,0,28.0,36.0,1,486.0,594.769230769,426.0,0.914977714238,798.0,107.957366119,547.0
2016-08-12,4,0,28.0,35.0,1,492.0,595.076923077,426.0,0.941755445572,798.0,107.814985071,583.0
2016-08-13,5,1,28.0,35.0,1,495.0,584.846153846,426.0,0.96751352423,798.0,102.00893336,751.0
2016-08-14,6,1,28.0,36.0,1,498.0,581.384615385,426.0,1.06978331343,798.0,95.3298229723,844.0
2016-08-15,0,0,27.0,35.0,1,499.0,604.384615385,426.0,1.20688222093,844.0,117.311904086,433.0
2016-08-16,1,0,28.0,36.0,1,499.0,602.461538462,426.0,1.12930170398,844.0,119.872762919,555.0
2016-08-17,2,0,28.0,35.0,1,504.0,602.923076923,426.0,1.0200729419,844.0,119.677426403,554.0
2016-08-18,3,0,28.0,35.0,1,508.0,604.692307692,433.0,0.856738061505,844.0,118.767636498,575.0
2016-08-19,4,0,29.0,37.0,1,513.0,611.538461538,433.0,0.93314493115,844.0,114.206032028,544.0
2016-08-20,5,1,28.0,37.0,0,515.0,599.0,433.0,0.940495263794,844.0,111.962905945,748.0
2016-08-21,6,1,27.0,34.0,0,517.0,597.384615385,433.0,1.05381988542,844.0,109.625613558,792.0
2016-08-22,0,0,28.0,35.0,1,528.0,620.230769231,433.0,1.15220876873,844.0,116.63167128,576.0
2016-08-23,1,0,26.0,34.0,1,531.0,621.538461538,433.0,1.15856329391,844.0,116.031570893,534.0
2016-08-24,2,0,25.0,34.0,1,534.0,618.153846154,433.0,1.0426774114,844.0,117.879238176,508.0
2016-08-25,3,0,26.0,35.0,1,534.0,615.153846154,433.0,0.888669193167,844.0,120.12675751,511.0
2016-08-26,4,0,25.0,32.0,0,534.0,609.615384615,433.0,0.851215434789,844.0,123.104420005,506.0
2016-08-27,5,1,24.0,30.0,1,534.0,590.769230769,433.0,0.849913615337,844.0,118.691684529,706.0
2016-08-28,6,1,22.0,30.0,1,535.0,580.153846154,433.0,0.965347228058,844.0,100.31783809,807.0
2016-08-29,0,0,22.0,32.0,1,543.0,608.923076923,433.0,1.10228482516,844.0,107.371720628,559.0
2016-08-30,1,0,23.0,31.0,1,544.0,609.230769231,433.0,1.13122048426,844.0,107.222381308,492.0
2016-08-31,2,0,23.0,33.0,1,544.0,604.461538462,433.0,1.02158075601,844.0,110.889144495,469.0
2016-09-01,3,0,24.0,34.0,1,544.0,596.307692308,433.0,0.841149940511,844.0,116.510405356,561.0
2016-09-02,4,0,24.0,34.0,1,545.0,597.615384615,433.0,0.843797643798,844.0,116.010303562,449.0
2016-09-03,5,1,23.0,34.0,1,545.0,574.615384615,433.0,0.841081634394,844.0,113.528402723,757.0
2016-09-04,6,1,24.0,33.0,1,547.0,571.923076923,433.0,1.01237538673,844.0,108.651497592,878.0
2016-09-05,0,0,25.0,31.0,1,549.0,595.153846154,433.0,1.15001517534,878.0,135.906555088,551.0
2016-09-06,1,0,22.0,26.0,0,551.0,596.461538462,433.0,1.20670144352,878.0,135.392657104,520.0
2016-09-07,2,0,21.0,24.0,0,549.0,597.384615385,433.0,1.0789116776,878.0,134.826120764,490.0
2016-09-08,3,0,23.0,30.0,1,547.0,595.769230769,433.0,0.870268160785,878.0,135.972369278,534.0
2016-09-09,4,0,23.0,32.0,1,547.0,597.923076923,433.0,0.861510992077,878.0,134.749603418,560.0
2016-09-10,5,1,23.0,29.0,1,549.0,586.692307692,433.0,0.897959183673,878.0,131.314293917,698.0
2016-09-11,6,1,21.0,26.0,0,551.0,578.307692308,433.0,1.02405851763,878.0,119.969473435,738.0
2016-09-12,0,0,22.0,29.0,1,554.0,592.076923077,433.0,1.12501409086,878.0,127.027835556,539.0
2016-09-13,1,0,22.0,29.0,1,554.0,595.692307692,433.0,1.11270740021,878.0,124.776960777,474.0
2016-09-14,2,0,22.0,24.0,0,551.0,596.076923077,449.0,0.989349379891,878.0,124.392963899,460.0
2016-09-15,3,1,20.0,24.0,0,549.0,588.307692308,449.0,0.835886959482,878.0,129.394676276,2076.0
2016-09-16,4,1,22.0,26.0,0,551.0,713.461538462,449.0,1.50673274265,2076.0,412.110443633,583.0
2016-09-17,5,1,22.0,27.0,1,554.0,700.076923077,449.0,1.57584943792,2076.0,413.302917695,693.0
2016-09-18,6,0,22.0,27.0,1,554.0,685.846153846,449.0,1.70833014805,2076.0,410.104273073,304.0
2016-09-19,0,0,20.0,27.0,1,554.0,666.846153846,304.0,0.82124850564,2076.0,421.475584867,500.0
2016-09-20,1,0,19.0,26.0,1,554.0,665.307692308,304.0,0.777621941717,2076.0,422.044909133,291.0
2016-09-21,2,0,19.0,26.0,1,551.0,650.0,291.0,0.576801517067,2076.0,431.625906402,549.0
2016-09-22,3,0,20.0,27.0,1,549.0,651.153846154,291.0,0.70652747021,2076.0,431.334217401,540.0
2016-09-23,4,0,20.0,28.0,1,549.0,649.615384615,291.0,0.722418531606,2076.0,431.692115796,539.0
2016-09-24,5,1,21.0,28.0,1,549.0,637.384615385,291.0,0.867087427765,2076.0,432.399839618,703.0
2016-09-25,6,1,22.0,29.0,1,549.0,634.692307692,291.0,0.96256684492,2076.0,431.8736255,776.0
2016-09-26,0,0,24.0,30.0,1,551.0,652.923076923,291.0,1.07052863319,2076.0,432.451235408,425.0
2016-09-27,1,0,24.0,31.0,0,551.0,649.153846154,291.0,1.01774641864,2076.0,434.204284809,488.0
2016-09-28,2,0,22.0,27.0,0,549.0,651.307692308,291.0,0.902967121091,2076.0,433.329220129,1302.0
2016-09-29,3,0,22.0,24.0,0,549.0,591.769230769,291.0,1.1154756509,2076.0,246.300989675,494.0
2016-09-30,4,0,22.0,26.0,0,549.0,584.923076923,291.0,1.15598744812,2076.0,247.682632396,598.0
2016-10-01,5,1,23.0,26.0,1,551.0,577.615384615,291.0,1.22093023256,2076.0,245.780245329,700.0
2016-10-02,6,1,23.0,30.0,0,554.0,608.076923077,291.0,0.916577157179,2076.0,234.250510725,555.0
2016-10-03,0,1,20.0,25.0,1,555.0,612.307692308,291.0,0.946615581098,2076.0,232.752223691,547.0
2016-10-04,1,1,22.0,27.0,1,555.0,632.0,291.0,0.915441083086,2076.0,214.877782794,499.0
2016-10-05,2,1,22.0,27.0,1,554.0,628.153846154,291.0,0.810920326192,2076.0,216.768166182,556.0
2016-10-06,3,1,21.0,26.0,1,554.0,629.384615385,291.0,0.917368149802,2076.0,216.309087423,516.0
2016-10-07,4,1,20.0,23.0,0,554.0,627.615384615,291.0,0.904823614111,2076.0,217.133613052,676.0
2016-10-08,5,0,17.0,22.0,1,554.0,625.538461538,291.0,1.00824825518,2076.0,216.53090573,560.0
2016-10-09,6,0,16.0,21.0,1,554.0,608.923076923,291.0,0.98865752497,2076.0,212.599465061,642.0
2016-10-10,0,0,15.0,22.0,1,555.0,625.615384615,291.0,1.04717296755,2076.0,205.917286778,553.0
2016-10-11,1,0,17.0,23.0,1,554.0,630.615384615,291.0,0.957603535767,2076.0,203.287420043,709.0
2016-10-12,2,0,18.0,21.0,1,554.0,585.0,291.0,1.02547530565,2076.0,71.0211236183,558.0
2016-10-13,3,0,18.0,22.0,1,554.0,589.923076923,291.0,0.978810368936,2076.0,66.6246218502,544.0
2016-10-14,4,0,18.0,21.0,0,554.0,585.769230769,291.0,0.973577399672,2076.0,67.6667784028,544.0
2016-10-15,5,1,20.0,24.0,1,553.0,573.769230769,291.0,0.89636769591,1302.0,59.7097516145,702.0
2016-10-16,6,1,19.0,25.0,1,553.0,585.076923077,291.0,0.980714442253,1302.0,68.3750534113,828.0
2016-10-17,0,0,19.0,24.0,1,553.0,606.692307692,291.0,1.09988598096,1302.0,92.9287440962,549.0
2016-10-18,1,0,19.0,25.0,1,553.0,610.538461538,291.0,1.09721342622,1302.0,89.3580656982,511.0
2016-10-19,2,0,19.0,23.0,0,551.0,607.076923077,291.0,1.06297328491,1302.0,92.2291973947,493.0
2016-10-20,3,0,20.0,22.0,0,549.0,605.307692308,425.0,0.874436936937,1302.0,94.1597534597,499.0
2016-10-21,4,0,19.0,22.0,0,549.0,591.692307692,425.0,0.853419640576,1302.0,95.7371277673,507.0
2016-10-22,5,1,20.0,23.0,0,549.0,587.615384615,425.0,0.865373513451,1302.0,98.0992734714,664.0
2016-10-23,6,1,17.0,22.0,1,549.0,589.307692308,425.0,0.955077063853,1302.0,99.2063774434,939.0
2016-10-24,0,0,19.0,23.0,1,551.0,619.0,425.0,1.16745511384,1302.0,135.149489882,557.0
2016-10-25,1,0,17.0,20.0,1,553.0,607.307692308,425.0,1.18939456513,1302.0,133.421474811,554.0
2016-10-26,2,0,18.0,21.0,0,553.0,607.0,488.0,1.12901005094,1302.0,133.539392056,442.0
2016-10-27,3,0,18.0,21.0,0,551.0,599.153846154,442.0,0.860554678192,1302.0,139.85753529,569.0
2016-10-28,4,0,15.0,18.0,0,551.0,601.076923077,442.0,0.874986022587,939.0,139.256521205,588.0
2016-10-29,5,1,10.0,15.0,0,553.0,592.307692308,442.0,0.891900937082,939.0,136.18052759,839.0
2016-10-30,6,1,14.0,18.0,1,554.0,593.153846154,442.0,1.09528904985,939.0,137.668412194,872.0
2016-10-31,0,0,11.0,15.0,0,554.0,618.0,442.0,1.22928029088,939.0,155.455657789,600.0
