time_stamp,dayofweek,holiday,lt,ht,sunny,m2M,w2A,m1L,d3w3,m1Lar,w2Std,pay_sum
2016-08-01,0,0,27.0,35.0,1,454.0,424.307692308,339.0,0.896391610593,688.0,42.8223245433,353.0
2016-08-02,1,0,26.0,36.0,0,453.0,421.846153846,339.0,0.88820464235,688.0,45.8254987028,304.0
2016-08-03,2,0,25.0,30.0,0,443.0,414.384615385,304.0,0.829736211031,688.0,55.4901771786,305.0
2016-08-04,3,0,25.0,32.0,0,441.0,404.538461538,304.0,0.772132594911,673.0,62.2570544469,316.0
2016-08-05,4,0,26.0,32.0,0,441.0,396.615384615,304.0,0.750202757502,612.0,66.3331202359,369.0
2016-08-06,5,1,26.0,34.0,0,441.0,391.846153846,304.0,0.813609467456,568.0,65.9170179425,351.0
2016-08-07,6,1,26.0,34.0,0,439.0,378.769230769,304.0,0.873045969747,568.0,54.9477427914,366.0
2016-08-08,0,0,26.0,34.0,1,433.0,373.153846154,304.0,0.918781725888,552.0,52.1651905066,379.0
2016-08-09,1,0,27.0,34.0,1,433.0,370.769230769,304.0,0.927948522564,552.0,51.1245144361,322.0
2016-08-10,2,0,27.0,34.0,1,433.0,357.307692308,304.0,0.912550780415,552.0,37.2793706933,329.0
2016-08-11,3,0,27.0,35.0,1,431.0,348.692307692,304.0,0.892818445802,552.0,28.9545655106,349.0
2016-08-12,4,0,28.0,35.0,1,429.0,347.307692308,304.0,0.874775838691,552.0,28.4723472199,342.0
2016-08-13,5,1,28.0,36.0,1,419.0,343.538461538,304.0,0.902814657461,552.0,25.5301191194,420.0
2016-08-14,6,1,27.0,36.0,1,419.0,346.538461538,304.0,0.996725429507,552.0,31.3776387419,408.0
2016-08-15,0,0,27.0,36.0,1,418.0,350.769230769,304.0,1.05405405405,552.0,35.4121966085,376.0
2016-08-16,1,0,27.0,36.0,1,411.0,356.307692308,304.0,1.08969137479,521.0,33.2273858676,387.0
2016-08-17,2,0,27.0,35.0,1,410.0,362.615384615,304.0,1.07589121646,521.0,30.5652856422,382.0
2016-08-18,3,0,27.0,36.0,1,408.0,367.692307692,304.0,1.06062711315,521.0,27.752711899,340.0
2016-08-19,4,0,29.0,37.0,1,408.0,365.461538462,304.0,1.03114830311,521.0,28.7070492137,388.0
2016-08-20,5,1,27.0,36.0,0,402.0,368.307692308,304.0,1.03251011581,521.0,28.9651902897,265.0
2016-08-21,6,1,27.0,33.0,0,401.0,360.538461538,265.0,0.938873918593,521.0,39.9896436297,406.0
2016-08-22,0,0,27.0,34.0,1,401.0,362.615384615,265.0,0.993806306306,521.0,41.5646641004,362.0
2016-08-23,1,0,25.0,34.0,1,401.0,365.692307692,265.0,0.961556362282,497.0,39.8909756816,350.0
2016-08-24,2,0,24.0,34.0,1,397.0,367.307692308,265.0,1.03417973267,497.0,38.7822017374,394.0
2016-08-25,3,0,25.0,34.0,1,394.0,370.769230769,265.0,1.01212537177,497.0,39.0012896161,441.0
2016-08-26,4,0,23.0,29.0,1,397.0,378.384615385,265.0,1.07380725839,441.0,42.1764397621,480.0
2016-08-27,5,1,20.0,29.0,1,397.0,383.0,265.0,1.17107489536,480.0,49.1794203363,653.0
2016-08-28,6,1,19.0,30.0,1,397.0,401.846153846,265.0,1.34997212573,653.0,87.3100982386,799.0
2016-08-29,0,0,20.0,31.0,1,397.0,434.384615385,265.0,1.57207372147,799.0,136.550660343,687.0
2016-08-30,1,0,21.0,31.0,1,401.0,457.461538462,265.0,1.66627716756,799.0,151.160951095,586.0
2016-08-31,2,0,22.0,32.0,1,401.0,473.153846154,265.0,1.56702590282,799.0,153.08913751,545.0
2016-09-01,3,0,22.0,33.0,1,401.0,488.923076923,265.0,1.34502274997,799.0,149.066563108,587.0
2016-09-02,4,0,22.0,34.0,1,401.0,504.230769231,265.0,1.23739556324,799.0,148.131518407,600.0
2016-09-03,5,1,23.0,34.0,1,401.0,530.0,265.0,1.22368235128,799.0,132.597134207,594.0
2016-09-04,6,1,22.0,33.0,1,401.0,544.461538462,265.0,1.23397769002,799.0,128.472454626,642.0
2016-09-05,0,0,24.0,33.0,1,401.0,566.0,265.0,1.23786407767,799.0,119.214738376,614.0
2016-09-06,1,0,22.0,26.0,0,401.0,586.307692308,265.0,1.21931125391,799.0,101.92182873,567.0
2016-09-07,2,0,20.0,26.0,1,401.0,599.615384615,265.0,1.17993527508,799.0,85.9933257352,547.0
2016-09-08,3,0,21.0,30.0,1,401.0,607.769230769,265.0,1.09641191587,799.0,74.8733842473,533.0
2016-09-09,4,0,23.0,32.0,1,402.0,611.846153846,265.0,1.03079233947,799.0,69.0193352551,663.0
2016-09-10,5,1,21.0,30.0,1,406.0,612.615384615,265.0,1.05158371041,799.0,69.5275689222,533.0
2016-09-11,6,1,20.0,28.0,1,406.0,592.153846154,265.0,1.03128448302,799.0,47.2307692308,601.0
2016-09-12,0,0,20.0,30.0,1,408.0,585.538461538,265.0,1.04940434478,799.0,38.7429703492,559.0
2016-09-13,1,0,21.0,30.0,1,410.0,583.461538462,265.0,0.970896057348,799.0,39.3810094503,567.0
2016-09-14,2,0,22.0,28.0,1,410.0,585.153846154,265.0,0.975871616658,799.0,38.1451603016,541.0
2016-09-15,3,1,21.0,23.0,0,410.0,581.615384615,265.0,0.934050540707,799.0,39.9028405805,419.0
2016-09-16,4,1,21.0,23.0,0,419.0,567.692307692,265.0,0.860015206556,799.0,58.3654067925,421.0
2016-09-17,5,1,21.0,27.0,1,419.0,554.384615385,265.0,0.793336205658,799.0,69.5087581217,479.0
2016-09-18,6,0,20.0,28.0,1,420.0,541.846153846,265.0,0.779205434943,799.0,67.2376338689,541.0
2016-09-19,0,0,17.0,26.0,1,420.0,536.230769231,350.0,0.862435287429,799.0,63.9448727074,629.0
2016-09-20,1,0,18.0,26.0,1,421.0,541.0,350.0,0.983127645621,799.0,68.2303789773,557.0
2016-09-21,2,0,17.0,24.0,1,421.0,541.769230769,350.0,1.02852718718,799.0,68.3499522775,541.0
2016-09-22,3,0,19.0,27.0,1,421.0,542.384615385,394.0,1.03277119962,799.0,68.3042272163,572.0
2016-09-23,4,0,19.0,28.0,1,421.0,535.384615385,419.0,1.00119904077,799.0,59.7063821631,605.0
2016-09-24,5,1,21.0,29.0,1,441.0,540.923076923,419.0,1.02895816488,799.0,62.5022603142,589.0
2016-09-25,6,1,21.0,28.0,1,441.0,540.0,419.0,1.0627670458,799.0,61.691540375,645.0
2016-09-26,0,0,23.0,30.0,1,441.0,546.615384615,419.0,1.10360968584,799.0,67.6933566352,616.0
2016-09-27,1,0,23.0,30.0,0,479.0,550.384615385,419.0,1.10533548426,687.0,70.0467299643,549.0
2016-09-28,2,0,19.0,23.0,0,480.0,551.0,419.0,1.08124253286,663.0,69.9967032191,474.0
2016-09-29,3,0,17.0,19.0,0,480.0,555.230769231,419.0,0.984295709095,663.0,63.2250605696,333.0
2016-09-30,4,0,18.0,21.0,0,480.0,548.461538462,333.0,0.839290687958,663.0,79.7781687745,504.0
2016-10-01,5,1,20.0,24.0,0,504.0,550.384615385,333.0,0.813628746974,663.0,78.3694784207,438.0
2016-10-02,6,1,20.0,24.0,0,504.0,542.461538462,333.0,0.803478589659,663.0,83.9272719815,318.0
2016-10-03,0,1,18.0,26.0,1,504.0,518.538461538,318.0,0.812536273941,663.0,98.8484585185,362.0
2016-10-04,1,1,20.0,25.0,1,504.0,503.538461538,318.0,0.73555051153,663.0,106.382195868,333.0
2016-10-05,2,1,20.0,26.0,1,504.0,487.538461538,318.0,0.680436607893,663.0,114.849476999,389.0
2016-10-06,3,1,19.0,25.0,1,504.0,473.461538462,318.0,0.730335186121,663.0,114.849476999,389.0
2016-10-07,4,1,17.0,20.0,0,504.0,456.846153846,318.0,0.750954746696,663.0,110.145949438,339.0
2016-10-08,5,0,14.0,22.0,1,504.0,437.615384615,318.0,0.765881586616,663.0,107.178168315,542.0
2016-10-09,6,0,13.0,21.0,1,533.0,429.692307692,318.0,0.870697929521,645.0,94.6267035131,629.0
2016-10-10,0,0,16.0,21.0,1,533.0,430.692307692,318.0,1.03523927053,645.0,96.6376138073,710.0
2016-10-11,1,0,16.0,20.0,1,541.0,443.076923077,318.0,1.26961628025,710.0,118.784524723,608.0
2016-10-12,2,0,16.0,19.0,1,541.0,453.384615385,318.0,1.30530973451,710.0,126.578974109,628.0
2016-10-13,3,0,17.0,20.0,1,541.0,476.076923077,318.0,1.29733333333,710.0,129.37510255,606.0
2016-10-14,4,0,16.0,18.0,1,542.0,483.923076923,318.0,1.22787721228,710.0,133.846330681,705.0
2016-10-15,5,1,18.0,21.0,0,545.0,504.461538462,318.0,1.2777173734,710.0,145.22535029,660.0
2016-10-16,6,1,17.0,23.0,1,547.0,530.769230769,318.0,1.29688116857,710.0,139.945678388,754.0
2016-10-17,0,0,18.0,22.0,1,549.0,560.923076923,318.0,1.37552742616,754.0,142.540391867,689.0
2016-10-18,1,0,18.0,23.0,1,557.0,588.307692308,318.0,1.34678194044,754.0,129.744354918,662.0
2016-10-19,2,0,19.0,22.0,1,559.0,609.307692308,318.0,1.32414921054,754.0,117.280324676,714.0
2016-10-20,3,0,19.0,21.0,0,567.0,634.307692308,318.0,1.25390897775,754.0,101.18937662,400.0
2016-10-21,4,0,19.0,21.0,0,567.0,639.0,318.0,1.08873563218,754.0,87.9326665475,637.0
2016-10-22,5,1,18.0,21.0,0,567.0,646.307692308,318.0,1.05412076335,754.0,83.3983809245,546.0
2016-10-23,6,1,15.0,18.0,1,567.0,639.923076923,318.0,0.933758036926,754.0,87.5525877476,638.0
2016-10-24,0,0,16.0,20.0,1,572.0,634.384615385,318.0,1.04854033512,754.0,85.1898679977,699.0
2016-10-25,1,0,14.0,17.0,1,586.0,641.384615385,318.0,1.05101585175,754.0,86.4634546735,681.0
2016-10-26,2,0,16.0,18.0,0,586.0,645.461538462,318.0,1.09948785006,754.0,86.9841854633,391.0
2016-10-27,3,0,15.0,17.0,0,572.0,628.923076923,318.0,0.96475458953,754.0,110.244107841,532.0
2016-10-28,4,0,11.0,15.0,0,567.0,615.615384615,318.0,0.860215053763,754.0,110.698160961,729.0
2016-10-29,5,1,8.0,12.0,0,567.0,620.923076923,318.0,0.872827178105,754.0,114.294802048,617.0
2016-10-30,6,1,10.0,17.0,1,572.0,610.384615385,318.0,0.993177851817,754.0,107.662248552,666.0
2016-10-31,0,0,10.0,15.0,0,572.0,608.615384615,318.0,1.06777052486,754.0,106.538933629,582.0
