time_stamp,dayofweek,holiday,lt,ht,sunny,m2M,w2A,m1L,d3w3,m1Lar,w2Std,pay_sum
2016-08-01,0,0,27.0,35.0,1,331.0,302.153846154,27.0,0.597887896019,470.0,159.393970619,400.0
2016-08-02,1,0,26.0,36.0,0,332.0,303.692307692,27.0,0.584489795918,470.0,160.232227919,368.0
2016-08-03,2,0,25.0,30.0,0,335.0,298.692307692,27.0,0.880606860158,470.0,157.102800551,373.0
2016-08-04,3,0,25.0,32.0,0,339.0,295.846153846,27.0,1.25192012289,470.0,155.386290928,438.0
2016-08-05,4,0,26.0,32.0,0,339.0,298.615384615,27.0,1.29788639366,470.0,157.559043127,404.0
2016-08-06,5,1,26.0,34.0,0,339.0,322.076923077,27.0,1.27740104085,458.0,148.538242441,96.0
2016-08-07,6,1,26.0,34.0,0,339.0,327.384615385,27.0,0.978459291712,458.0,138.813953223,31.0
2016-08-08,0,0,26.0,34.0,1,339.0,296.846153846,27.0,0.58628684995,458.0,155.93334185,405.0
2016-08-09,1,0,27.0,34.0,1,340.0,297.461538462,27.0,0.58496893727,458.0,156.342629348,357.0
2016-08-10,2,0,27.0,34.0,1,341.0,293.615384615,27.0,0.883024330494,458.0,154.200937073,400.0
2016-08-11,3,0,27.0,35.0,1,349.0,294.153846154,27.0,1.29607941554,458.0,154.558849212,387.0
2016-08-12,4,0,28.0,35.0,1,351.0,292.0,27.0,1.27921279213,458.0,153.047503938,410.0
2016-08-13,5,1,28.0,36.0,1,353.0,315.538461538,27.0,1.27211860354,458.0,145.676995378,110.0
2016-08-14,6,1,27.0,36.0,1,353.0,321.461538462,27.0,0.95133207468,438.0,135.261919927,52.0
2016-08-15,0,0,27.0,36.0,1,353.0,294.692307692,27.0,0.63768115942,438.0,150.632198323,420.0
2016-08-16,1,0,27.0,36.0,1,353.0,298.692307692,27.0,0.646343494919,438.0,153.194388638,423.0
2016-08-17,2,0,27.0,35.0,1,357.0,302.538461538,27.0,0.99130531096,438.0,155.620156587,406.0
2016-08-18,3,0,27.0,36.0,1,361.0,300.076923077,27.0,1.38041556145,438.0,153.699237543,407.0
2016-08-19,4,0,29.0,37.0,1,361.0,300.307692308,27.0,1.36786188579,438.0,153.857268829,427.0
2016-08-20,5,1,27.0,36.0,0,368.0,325.769230769,27.0,1.30245260228,438.0,145.077779588,142.0
2016-08-21,6,1,27.0,33.0,0,368.0,334.307692308,27.0,1.0078479967,438.0,129.956433301,55.0
2016-08-22,0,0,27.0,34.0,1,361.0,307.384615385,27.0,0.680739649812,438.0,147.581809626,452.0
2016-08-23,1,0,25.0,34.0,1,368.0,314.692307692,31.0,0.698412698413,452.0,152.139300853,386.0
2016-08-24,2,0,24.0,34.0,1,373.0,313.615384615,31.0,0.95897766323,452.0,151.580158262,431.0
2016-08-25,3,0,25.0,34.0,1,380.0,317.0,31.0,1.36429608128,452.0,153.65796182,445.0
2016-08-26,4,0,23.0,29.0,1,384.0,319.692307692,31.0,1.34785859233,452.0,155.55873717,230.0
2016-08-27,5,1,20.0,29.0,1,384.0,328.923076923,31.0,1.15641990799,452.0,146.115582036,134.0
2016-08-28,6,1,19.0,30.0,1,384.0,335.230769231,31.0,0.83243298863,452.0,135.402053073,49.0
2016-08-29,0,0,20.0,31.0,1,384.0,306.692307692,31.0,0.449670640753,452.0,152.540730811,417.0
2016-08-30,1,0,21.0,31.0,1,386.0,306.230769231,31.0,0.646935144752,452.0,152.196812787,373.0
2016-08-31,2,0,22.0,32.0,1,386.0,303.692307692,31.0,0.908598657137,452.0,150.78021938,400.0
2016-09-01,3,0,22.0,33.0,1,387.0,303.153846154,31.0,1.28599989193,452.0,150.422403279,420.0
2016-09-02,4,0,22.0,34.0,1,393.0,302.615384615,31.0,1.28715541889,452.0,149.990019392,405.0
2016-09-03,5,1,23.0,34.0,1,397.0,322.846153846,31.0,1.26145608073,452.0,144.601758769,112.0
2016-09-04,6,1,22.0,33.0,1,397.0,327.230769231,31.0,0.956024895419,452.0,137.082318809,61.0
2016-09-05,0,0,24.0,33.0,1,393.0,297.153846154,31.0,0.624021592443,452.0,148.800768274,468.0
2016-09-06,1,0,22.0,26.0,0,393.0,303.461538462,49.0,0.687031082529,468.0,154.077710356,379.0
2016-09-07,2,0,20.0,26.0,1,393.0,299.461538462,49.0,0.977447655956,468.0,151.365891588,419.0
2016-09-08,3,0,21.0,30.0,1,397.0,297.461538462,49.0,1.36019339243,468.0,149.591040139,422.0
2016-09-09,4,0,23.0,32.0,1,400.0,312.230769231,49.0,1.31182795699,468.0,151.665194956,394.0
2016-09-10,5,1,21.0,30.0,1,397.0,332.230769231,49.0,1.27609010126,468.0,143.781433404,114.0
2016-09-11,6,1,20.0,28.0,1,394.0,337.230769231,49.0,0.952234679773,468.0,134.687760763,68.0
2016-09-12,0,0,20.0,30.0,1,394.0,310.384615385,49.0,0.626734127632,468.0,150.021300263,425.0
2016-09-13,1,0,21.0,30.0,1,394.0,314.384615385,49.0,0.65628716618,468.0,152.313208913,385.0
2016-09-14,2,0,22.0,28.0,1,394.0,313.230769231,49.0,0.956427015251,468.0,151.715905482,371.0
2016-09-15,3,1,21.0,23.0,0,394.0,309.461538462,49.0,1.30223839453,468.0,149.610579318,21.0
2016-09-16,4,1,21.0,23.0,0,394.0,279.923076923,21.0,0.887442179202,468.0,164.952889097,28.0
2016-09-17,5,1,21.0,27.0,1,394.0,273.461538462,21.0,0.48857093003,468.0,172.859932353,46.0
2016-09-18,6,0,20.0,28.0,1,393.0,272.307692308,21.0,0.110567970205,468.0,174.318181503,345.0
2016-09-19,0,0,17.0,26.0,1,387.0,262.846153846,21.0,0.493870815653,468.0,166.607251737,411.0
2016-09-20,1,0,18.0,26.0,1,387.0,265.307692308,21.0,0.939000117082,468.0,168.530474129,388.0
2016-09-21,2,0,17.0,24.0,1,388.0,262.923076923,21.0,1.34225038132,468.0,166.546580012,366.0
2016-09-22,3,0,19.0,27.0,1,388.0,258.615384615,21.0,1.38000473821,468.0,163.064186731,375.0
2016-09-23,4,0,19.0,28.0,1,387.0,257.153846154,21.0,1.34452780755,468.0,161.925360846,411.0
2016-09-24,5,1,21.0,29.0,1,387.0,280.0,21.0,1.30235713074,468.0,161.065681777,159.0
2016-09-25,6,1,21.0,28.0,1,386.0,287.0,21.0,1.05087572977,468.0,153.499686795,60.0
2016-09-26,0,0,23.0,30.0,1,385.0,258.923076923,21.0,0.751745122606,468.0,158.973854424,402.0
2016-09-27,1,0,23.0,30.0,0,385.0,260.230769231,21.0,0.737967914439,468.0,160.071692518,388.0
2016-09-28,2,0,19.0,23.0,0,386.0,261.538461538,21.0,1.01571368824,468.0,161.037795556,356.0
2016-09-29,3,0,17.0,19.0,0,386.0,287.307692308,21.0,1.38581534555,468.0,146.645246777,340.0
2016-09-30,4,0,18.0,21.0,0,385.0,311.307692308,21.0,1.3238077792,468.0,126.372699471,356.0
2016-10-01,5,1,20.0,24.0,0,385.0,335.153846154,21.0,1.2301935333,468.0,100.700505043,45.0
2016-10-02,6,1,20.0,24.0,0,385.0,312.076923077,21.0,0.870024656569,468.0,126.793873632,24.0
2016-10-03,0,1,18.0,26.0,1,379.0,282.307692308,21.0,0.536921230497,468.0,144.296374823,30.0
2016-10-04,1,1,20.0,25.0,1,375.0,254.769230769,21.0,0.134091832588,468.0,155.243805201,23.0
2016-10-05,2,1,20.0,26.0,1,375.0,228.384615385,21.0,0.112228538114,425.0,163.048618734,32.0
2016-10-06,3,1,19.0,25.0,1,375.0,202.0,21.0,0.123591421301,425.0,164.929821906,38.0
2016-10-07,4,1,17.0,20.0,0,373.0,173.307692308,21.0,0.134929270947,425.0,158.390163164,53.0
2016-10-08,5,0,14.0,22.0,1,373.0,165.153846154,21.0,0.178183398522,425.0,161.612473887,348.0
2016-10-09,6,0,13.0,21.0,1,371.0,187.307692308,21.0,0.635541078538,425.0,165.375277017,322.0
2016-10-10,0,0,16.0,21.0,1,366.0,181.153846154,21.0,1.06731620903,425.0,158.622360512,337.0
2016-10-11,1,0,16.0,20.0,1,356.0,177.230769231,21.0,1.50354609929,425.0,154.022053289,306.0
2016-10-12,2,0,16.0,19.0,1,356.0,173.384615385,21.0,1.46046159667,411.0,150.083842446,332.0
2016-10-13,3,0,17.0,20.0,1,356.0,172.769230769,21.0,1.49014213663,411.0,149.414320108,323.0
2016-10-14,4,0,16.0,18.0,1,356.0,170.230769231,21.0,1.49898611761,411.0,146.532303525,328.0
2016-10-15,5,1,18.0,21.0,0,348.0,192.0,23.0,1.47497936829,411.0,147.330084661,77.0
2016-10-16,6,1,17.0,23.0,1,345.0,196.076923077,23.0,1.08819133034,411.0,143.303047119,53.0
2016-10-17,0,0,18.0,22.0,1,340.0,197.846153846,23.0,0.742722776291,411.0,141.370678145,372.0
2016-10-18,1,0,18.0,23.0,1,340.0,224.692307692,23.0,0.817256817257,411.0,138.731275724,377.0
2016-10-19,2,0,19.0,22.0,1,345.0,251.230769231,23.0,1.29899578879,411.0,132.17538107,341.0
2016-10-20,3,0,19.0,21.0,0,345.0,274.538461538,23.0,1.76503926808,411.0,118.530499408,315.0
2016-10-21,4,0,19.0,21.0,0,341.0,294.692307692,23.0,1.68956493294,411.0,99.9695219827,275.0
2016-10-22,5,1,18.0,21.0,0,340.0,289.076923077,23.0,1.44139959746,411.0,98.861567191,84.0
2016-10-23,6,1,15.0,18.0,1,337.0,270.769230769,23.0,1.02916475798,402.0,112.205960246,39.0
2016-10-24,0,0,16.0,20.0,1,332.0,247.846153846,23.0,0.606476190476,402.0,125.933954701,332.0
2016-10-25,1,0,14.0,17.0,1,332.0,249.846153846,23.0,0.647594648449,402.0,127.043206553,307.0
2016-10-26,2,0,16.0,18.0,0,332.0,247.923076923,23.0,0.911474087518,388.0,125.969753109,277.0
2016-10-27,3,0,15.0,17.0,0,332.0,244.384615385,23.0,1.17481082468,377.0,124.44803578,272.0
2016-10-28,4,0,11.0,15.0,0,332.0,240.076923077,23.0,1.05347363239,377.0,122.432060619,277.0
2016-10-29,5,1,8.0,12.0,0,328.0,255.461538462,23.0,1.03005362265,377.0,113.190523784,105.0
2016-10-30,6,1,10.0,17.0,1,323.0,259.461538462,23.0,0.850068239423,377.0,106.697714909,50.0
2016-10-31,0,0,10.0,15.0,0,322.0,234.692307692,23.0,0.594795539033,377.0,114.767580933,279.0
