time_stamp,dayofweek,holiday,lt,ht,sunny,m2M,w2A,m1L,d3w3,m1Lar,w2Std,pay_sum
2016-08-01,0,0,27.0,32.0,0,117.0,95.0,3.0,0.60481804203,153.0,55.4270136861,171.0
2016-08-02,1,0,26.0,34.0,0,117.0,98.4615384615,3.0,0.77318732371,171.0,58.5709502485,133.0
2016-08-03,2,0,26.0,36.0,1,118.0,98.0,3.0,1.12329677634,171.0,58.2725690844,145.0
2016-08-04,3,0,26.0,37.0,1,120.0,98.1538461538,3.0,1.48848002652,171.0,58.3936853196,165.0
2016-08-05,4,0,26.0,35.0,0,120.0,99.8461538462,3.0,1.44487932159,171.0,59.9664600536,145.0
2016-08-06,5,1,26.0,35.0,0,120.0,108.307692308,3.0,1.40497143739,171.0,57.9461084051,30.0
2016-08-07,6,1,26.0,34.0,0,118.0,108.153846154,3.0,1.04792726152,171.0,58.1507935707,31.0
2016-08-08,0,0,26.0,35.0,0,118.0,99.7692307692,3.0,0.668288726683,171.0,60.754428577,144.0
2016-08-09,1,0,26.0,33.0,0,120.0,99.0769230769,3.0,0.659269979096,171.0,60.1925903164,155.0
2016-08-10,2,0,26.0,34.0,1,121.0,110.769230769,3.0,1.05313547152,171.0,54.9267398046,105.0
2016-08-11,3,0,26.0,30.0,0,120.0,107.769230769,3.0,1.31318056233,171.0,54.0884657776,154.0
2016-08-12,4,0,26.0,32.0,0,120.0,110.769230769,3.0,1.33850630456,171.0,55.4702329683,153.0
2016-08-13,5,1,26.0,30.0,0,120.0,120.384615385,3.0,1.25993883792,171.0,50.9381804235,31.0
2016-08-14,6,1,27.0,33.0,0,118.0,120.153846154,3.0,1.03411350773,171.0,51.3342682873,34.0
2016-08-15,0,0,27.0,34.0,0,117.0,109.615384615,3.0,0.701077343624,171.0,53.8166952385,158.0
2016-08-16,1,0,26.0,34.0,1,117.0,111.538461538,3.0,0.715431504652,171.0,55.0504878545,131.0
2016-08-17,2,0,26.0,34.0,0,118.0,110.461538462,3.0,0.976125717739,171.0,54.519742909,178.0
2016-08-18,3,0,26.0,33.0,0,120.0,111.461538462,3.0,1.38988095238,178.0,55.6190550975,164.0
2016-08-19,4,0,27.0,35.0,0,120.0,112.923076923,3.0,1.37760302898,178.0,56.7199076956,144.0
2016-08-20,5,1,27.0,36.0,0,120.0,121.692307692,3.0,1.34719334719,178.0,51.8227520799,44.0
2016-08-21,6,1,26.0,35.0,1,120.0,122.692307692,3.0,0.971704623879,178.0,50.1618681645,27.0
2016-08-22,0,0,26.0,35.0,1,118.0,113.692307692,3.0,0.631146337883,178.0,55.7196065691,167.0
2016-08-23,1,0,26.0,35.0,1,118.0,114.615384615,3.0,0.688358640636,178.0,56.4903510638,156.0
2016-08-24,2,0,27.0,36.0,1,125.0,118.538461538,3.0,1.00748416811,178.0,57.4491285127,164.0
2016-08-25,3,0,27.0,36.0,0,126.0,119.307692308,3.0,1.40244780418,178.0,57.9832663067,164.0
2016-08-26,4,0,26.0,35.0,0,129.0,120.153846154,27.0,1.38246215367,178.0,58.5462948363,163.0
2016-08-27,5,1,26.0,34.0,0,129.0,130.307692308,27.0,1.32684772328,178.0,53.426275033,52.0
2016-08-28,6,1,24.0,29.0,0,129.0,131.692307692,27.0,1.01554126474,178.0,51.0947605554,36.0
2016-08-29,0,0,22.0,33.0,1,129.0,122.307692308,27.0,0.703081232493,178.0,56.3360584288,158.0
2016-08-30,1,0,23.0,33.0,1,131.0,124.384615385,27.0,0.688208140999,178.0,57.1106058607,152.0
2016-08-31,2,0,25.0,34.0,1,132.0,122.384615385,27.0,0.949245541838,178.0,55.6341600396,151.0
2016-09-01,3,0,25.0,33.0,0,133.0,121.384615385,27.0,1.26630957286,178.0,54.9902627206,160.0
2016-09-02,4,0,26.0,31.0,0,136.0,122.615384615,27.0,1.2681457135,178.0,55.6576602808,189.0
2016-09-03,5,1,25.0,32.0,1,139.0,133.769230769,27.0,1.28600823045,189.0,53.262996025,29.0
2016-09-04,6,1,24.0,33.0,1,139.0,133.923076923,27.0,0.974101275609,189.0,52.9563848674,40.0
2016-09-05,0,0,26.0,32.0,1,139.0,124.153846154,27.0,0.696638315107,189.0,57.4748723073,167.0
2016-09-06,1,0,25.0,32.0,0,139.0,125.0,27.0,0.628077178975,189.0,58.0159129364,151.0
2016-09-07,2,0,26.0,32.0,0,140.0,124.0,27.0,0.963142319075,189.0,57.4442873909,167.0
2016-09-08,3,0,25.0,30.0,0,140.0,124.230769231,27.0,1.30323794169,189.0,57.6103006897,141.0
2016-09-09,4,0,25.0,32.0,1,141.0,122.538461538,27.0,1.23486682809,189.0,56.7634977301,163.0
2016-09-10,5,1,24.0,30.0,1,143.0,131.076923077,27.0,1.20908740855,189.0,53.7808395084,52.0
2016-09-11,6,1,24.0,28.0,0,143.0,132.307692308,27.0,0.905161454361,189.0,51.7351013342,37.0
2016-09-12,0,0,22.0,28.0,1,143.0,123.0,27.0,0.674157303371,189.0,56.9020751278,133.0
2016-09-13,1,0,25.0,31.0,1,143.0,121.538461538,27.0,0.599432968813,189.0,56.3800501877,146.0
2016-09-14,2,0,25.0,28.0,0,143.0,121.153846154,27.0,0.859513123895,189.0,56.1945058276,122.0
2016-09-15,3,1,24.0,27.0,0,143.0,118.230769231,27.0,1.1097274111,189.0,55.0749892226,122.0
2016-09-16,4,1,25.0,31.0,0,143.0,113.076923077,27.0,1.09797297297,189.0,51.2106682673,22.0
2016-09-17,5,1,24.0,31.0,0,143.0,112.538461538,22.0,0.758483033932,189.0,52.1205929841,31.0
2016-09-18,6,0,22.0,33.0,1,143.0,111.846153846,22.0,0.500071438777,189.0,53.1295168633,124.0
2016-09-19,0,0,21.0,31.0,1,143.0,108.538461538,22.0,0.513266637669,189.0,50.8839031289,155.0
2016-09-20,1,0,21.0,29.0,1,144.0,108.846153846,22.0,0.897770055025,189.0,51.1511277473,135.0
2016-09-21,2,0,22.0,28.0,1,144.0,106.384615385,22.0,1.20734908136,189.0,49.0188950406,132.0
2016-09-22,3,0,22.0,29.0,1,144.0,105.692307692,22.0,1.2459403602,189.0,48.5867734699,71.0
2016-09-23,4,0,22.0,29.0,1,144.0,98.6153846154,22.0,1.05295950156,189.0,46.3739622924,137.0
2016-09-24,5,1,21.0,30.0,1,141.0,105.153846154,22.0,1.00830367734,189.0,45.320815652,43.0
2016-09-25,6,1,22.0,30.0,1,141.0,105.615384615,22.0,0.743373315563,189.0,44.649986582,42.0
2016-09-26,0,0,25.0,33.0,1,137.0,98.6153846154,22.0,0.696142991533,189.0,46.885356844,133.0
2016-09-27,1,0,25.0,31.0,0,137.0,97.6153846154,22.0,0.689437065149,189.0,45.9942111099,147.0
2016-09-28,2,0,25.0,27.0,0,141.0,99.5384615385,22.0,1.02809706258,189.0,47.4724460724,18.0
2016-09-29,3,0,25.0,30.0,0,141.0,91.5384615385,18.0,1.01102629347,189.0,51.5969817015,128.0
2016-09-30,4,0,25.0,32.0,0,137.0,99.6923076923,18.0,1.01208981002,189.0,48.2292356522,151.0
2016-10-01,5,1,25.0,31.0,0,141.0,108.923076923,18.0,0.975850172499,189.0,45.6111685689,15.0
2016-10-02,6,1,24.0,31.0,1,137.0,100.538461538,15.0,0.976581963129,167.0,51.6833783497,7.0
2016-10-03,0,1,25.0,32.0,0,135.0,89.1538461538,7.0,0.613149034202,167.0,54.6483107682,11.0
2016-10-04,1,1,25.0,32.0,0,133.0,79.6153846154,7.0,0.126002290951,167.0,56.6005415325,9.0
2016-10-05,2,1,25.0,31.0,1,133.0,70.1538461538,7.0,0.110226576852,167.0,57.3288035457,9.0
2016-10-06,3,1,24.0,28.0,0,133.0,65.3846153846,7.0,0.127192982456,167.0,59.5941897807,22.0
2016-10-07,4,1,25.0,29.0,0,133.0,56.5384615385,7.0,0.175438596491,163.0,56.7756927738,17.0
2016-10-08,5,0,22.0,31.0,0,132.0,54.5384615385,7.0,0.212483399734,163.0,57.6683026982,123.0
2016-10-09,6,0,21.0,24.0,0,132.0,60.7692307692,7.0,0.717607973422,155.0,60.2930712261,163.0
2016-10-10,0,0,18.0,21.0,0,132.0,63.0769230769,7.0,1.33509583609,163.0,63.5022247199,141.0
2016-10-11,1,0,19.0,24.0,0,132.0,62.6153846154,7.0,1.87403993856,163.0,62.9096280531,133.0
2016-10-12,2,0,20.0,23.0,1,133.0,71.4615384615,7.0,1.91666666667,163.0,64.0884189522,134.0
2016-10-13,3,0,20.0,27.0,1,133.0,71.9230769231,7.0,1.71825647505,163.0,64.5141147805,116.0
2016-10-14,4,0,21.0,28.0,1,133.0,69.2307692308,7.0,1.63465642339,163.0,61.8324707405,114.0
2016-10-15,5,1,23.0,28.0,1,133.0,76.8461538462,7.0,1.4860175546,163.0,60.7717623621,16.0
2016-10-16,6,1,24.0,28.0,1,132.0,77.5384615385,7.0,1.02053515868,163.0,60.0187347477,30.0
2016-10-17,0,0,23.0,27.0,0,128.0,79.0,7.0,0.709219858156,163.0,58.5950903693,133.0
2016-10-18,1,0,23.0,26.0,0,128.0,88.5384615385,7.0,0.800894854586,163.0,56.4781991767,133.0
2016-10-19,2,0,23.0,26.0,0,132.0,98.0769230769,7.0,1.22949117342,163.0,52.5758961129,147.0
2016-10-20,3,0,25.0,28.0,0,133.0,107.692307692,7.0,1.69540229885,163.0,49.098620716,118.0
2016-10-21,4,0,25.0,32.0,0,132.0,115.461538462,7.0,1.66771422585,163.0,41.5425923872,114.0
2016-10-22,5,1,24.0,30.0,0,128.0,114.769230769,7.0,1.49506903353,163.0,41.4861493961,21.0
2016-10-23,6,1,22.0,30.0,0,124.0,103.846153846,7.0,0.989827856025,163.0,45.817104891,18.0
2016-10-24,0,0,21.0,26.0,0,123.0,94.3846153846,7.0,0.596142606663,163.0,49.7030233743,140.0
2016-10-25,1,0,23.0,30.0,1,123.0,94.9230769231,7.0,0.647846543612,163.0,50.1543180723,134.0
2016-10-26,2,0,24.0,31.0,1,124.0,94.9230769231,7.0,0.989662769022,163.0,50.1543180723,128.0
2016-10-27,3,0,24.0,31.0,1,128.0,95.8461538462,7.0,1.29281234925,163.0,50.6417981116,134.0
2016-10-28,4,0,22.0,33.0,1,128.0,97.3846153846,7.0,1.20547945205,163.0,51.4669998252,114.0
2016-10-29,5,1,19.0,23.0,1,124.0,104.923076923,7.0,1.14931988385,163.0,45.8667996879,26.0
2016-10-30,6,1,18.0,22.0,1,123.0,104.615384615,7.0,0.893672537508,163.0,46.3789382927,26.0
2016-10-31,0,0,19.0,27.0,1,122.0,96.3846153846,7.0,0.573699671678,163.0,49.9669713396,122.0
