time_stamp,dayofweek,holiday,lt,ht,sunny,m2M,w2A,m1L,d3w3,m1Lar,w2Std,pay_sum
2016-08-01,0,0,27.0,37.0,1,94.0,112.846153846,10.0,0.833333333333,163.0,43.7736242218,155.0
2016-08-02,1,0,26.0,36.0,0,94.0,113.307692308,14.0,0.829950383401,163.0,44.1821137068,158.0
2016-08-03,2,0,25.0,31.0,0,95.0,114.923076923,14.0,1.05436081243,163.0,45.3863102682,163.0
2016-08-04,3,0,25.0,29.0,0,96.0,117.230769231,14.0,1.40350877193,163.0,46.9814265202,165.0
2016-08-05,4,0,25.0,31.0,0,96.0,120.769230769,14.0,1.42417582418,165.0,48.6828888691,163.0
2016-08-06,5,1,24.0,32.0,0,96.0,128.230769231,14.0,1.36845039019,165.0,47.1252893828,44.0
2016-08-07,6,1,25.0,32.0,0,95.0,130.0,14.0,1.02479338843,165.0,43.3465463091,13.0
2016-08-08,0,0,26.0,32.0,0,95.0,118.461538462,13.0,0.630011454754,165.0,52.1058322213,137.0
2016-08-09,1,0,26.0,32.0,0,96.0,118.769230769,13.0,0.55843408175,165.0,52.2024960296,174.0
2016-08-10,2,0,26.0,34.0,0,97.0,121.923076923,13.0,0.917977050574,174.0,54.1684857834,164.0
2016-08-11,3,0,27.0,35.0,0,97.0,123.846153846,13.0,1.32829977629,174.0,55.175030799,156.0
2016-08-12,4,0,28.0,38.0,1,103.0,124.076923077,13.0,1.36031942723,174.0,55.3026102298,184.0
2016-08-13,5,1,28.0,37.0,1,104.0,132.0,13.0,1.32335565183,184.0,55.9381526606,48.0
2016-08-14,6,1,28.0,37.0,1,104.0,132.615384615,13.0,1.00805404001,184.0,54.9580797749,24.0
2016-08-15,0,0,28.0,37.0,1,104.0,122.538461538,13.0,0.703200109875,184.0,61.5449996527,161.0
2016-08-16,1,0,27.0,37.0,1,105.0,122.769230769,13.0,0.63272233537,184.0,61.6830033268,153.0
2016-08-17,2,0,27.0,36.0,1,109.0,122.0,13.0,0.910437710438,184.0,61.2372435696,163.0
2016-08-18,3,0,28.0,37.0,1,113.0,121.846153846,13.0,1.2725090036,184.0,61.1314424371,153.0
2016-08-19,4,0,27.0,37.0,1,115.0,121.076923077,13.0,1.25116713352,184.0,60.6699286029,124.0
2016-08-20,5,1,26.0,36.0,1,119.0,127.230769231,13.0,1.15394702334,184.0,56.4503237657,45.0
2016-08-21,6,1,26.0,34.0,1,119.0,129.692307692,13.0,0.842821620207,184.0,51.9324777814,21.0
2016-08-22,0,0,27.0,33.0,1,119.0,120.769230769,13.0,0.524934383202,184.0,59.3466399103,139.0
2016-08-23,1,0,27.0,34.0,1,121.0,118.076923077,13.0,0.570871623503,184.0,57.6400789228,161.0
2016-08-24,2,0,27.0,34.0,1,124.0,117.846153846,13.0,0.894648829431,184.0,57.4614869735,170.0
2016-08-25,3,0,24.0,35.0,0,130.0,118.923076923,13.0,1.30718954248,184.0,58.2916560046,176.0
2016-08-26,4,0,21.0,27.0,0,133.0,118.307692308,13.0,1.40248962656,184.0,57.6399762657,174.0
2016-08-27,5,1,18.0,27.0,1,133.0,128.0,13.0,1.36482939633,184.0,55.5587007657,80.0
2016-08-28,6,1,18.0,30.0,1,133.0,132.307692308,13.0,1.09960363125,184.0,49.12681332,28.0
2016-08-29,0,0,19.0,31.0,1,133.0,122.076923077,13.0,0.752602081665,184.0,55.5191741493,169.0
2016-08-30,1,0,20.0,31.0,1,133.0,123.307692308,13.0,0.740740740741,184.0,56.3619956727,190.0
2016-08-31,2,0,21.0,32.0,1,134.0,125.384615385,13.0,1.02421595871,190.0,58.2521554062,169.0
2016-09-01,3,0,21.0,31.0,1,134.0,126.615384615,13.0,1.39020537125,190.0,58.987010906,159.0
2016-09-02,4,0,22.0,33.0,1,137.0,129.307692308,13.0,1.37747639941,190.0,59.6017354102,175.0
2016-09-03,5,1,22.0,33.0,1,137.0,139.307692308,13.0,1.27309541888,190.0,55.3733962996,55.0
2016-09-04,6,1,22.0,31.0,1,137.0,141.923076923,13.0,0.97310819262,190.0,50.2936936534,28.0
2016-09-05,0,0,23.0,32.0,1,137.0,133.384615385,13.0,0.679304897314,190.0,58.7727546265,191.0
2016-09-06,1,0,21.0,31.0,1,139.0,135.692307692,21.0,0.710765239948,191.0,60.3787846278,172.0
2016-09-07,2,0,23.0,32.0,1,139.0,135.846153846,21.0,1.01072767222,191.0,60.4684865845,185.0
2016-09-08,3,0,22.0,32.0,1,143.0,136.538461538,21.0,1.39920847696,191.0,60.9736581013,164.0
2016-09-09,4,0,21.0,31.0,0,149.0,135.769230769,21.0,1.31019740978,191.0,60.5578602484,149.0
2016-09-10,5,1,22.0,32.0,1,149.0,141.076923077,21.0,1.20508166969,191.0,58.4234693864,58.0
2016-09-11,6,1,20.0,31.0,1,149.0,143.384615385,21.0,0.885864374403,191.0,54.3627961888,40.0
2016-09-12,0,0,22.0,33.0,1,149.0,133.461538462,21.0,0.611461814581,191.0,60.2374983961,189.0
2016-09-13,1,0,21.0,32.0,1,149.0,133.384615385,21.0,0.703172853118,191.0,60.1658457439,151.0
2016-09-14,2,0,21.0,31.0,1,151.0,132.0,21.0,0.93757710338,191.0,59.5340884898,186.0
2016-09-15,3,1,23.0,31.0,0,153.0,134.076923077,21.0,1.2930186824,191.0,60.8951956403,16.0
2016-09-16,4,1,22.0,30.0,0,153.0,121.846153846,16.0,0.921430435918,191.0,67.0990612726,18.0
2016-09-17,5,1,21.0,32.0,1,153.0,119.0,16.0,0.588550026752,191.0,70.5691150575,14.0
2016-09-18,6,0,20.0,31.0,1,153.0,117.923076923,14.0,0.129136400323,191.0,72.0410796682,166.0
2016-09-19,0,0,18.0,29.0,1,153.0,116.0,14.0,0.533333333333,191.0,70.3791927293,175.0
2016-09-20,1,0,18.0,27.0,1,153.0,116.230769231,14.0,0.962059620596,191.0,70.5671026494,164.0
2016-09-21,2,0,17.0,28.0,1,155.0,114.615384615,14.0,1.37135098439,191.0,69.201532288,162.0
2016-09-22,3,0,17.0,30.0,1,156.0,114.461538462,14.0,1.3588283157,191.0,69.0937104837,172.0
2016-09-23,4,0,18.0,31.0,1,156.0,116.230769231,14.0,1.35234215886,191.0,70.2404155478,177.0
2016-09-24,5,1,22.0,32.0,1,158.0,125.384615385,14.0,1.32195058854,191.0,69.8080207663,68.0
2016-09-25,6,1,23.0,30.0,1,158.0,127.538461538,14.0,1.06228505923,191.0,67.5353074434,37.0
2016-09-26,0,0,23.0,33.0,1,158.0,115.846153846,14.0,0.763296792529,191.0,69.0237931707,168.0
2016-09-27,1,0,22.0,32.0,1,159.0,117.153846154,14.0,0.740138267588,191.0,69.8336993301,193.0
2016-09-28,2,0,16.0,25.0,0,161.0,117.692307692,14.0,1.07553033374,193.0,70.3872635063,207.0
2016-09-29,3,0,15.0,18.0,0,161.0,132.384615385,14.0,1.50863213811,207.0,67.5021805477,206.0
2016-09-30,4,0,17.0,20.0,0,162.0,146.846153846,14.0,1.57382158161,207.0,61.3010806202,223.0
2016-10-01,5,1,17.0,20.0,0,163.0,162.923076923,14.0,1.55197657394,223.0,50.871575165,18.0
2016-10-02,6,1,16.0,23.0,0,162.0,151.538461538,14.0,1.09963099631,223.0,63.8214039146,11.0
2016-10-03,0,1,18.0,29.0,1,161.0,138.923076923,11.0,0.663507109005,223.0,73.4233892083,14.0
2016-10-04,1,1,17.0,30.0,1,161.0,127.384615385,11.0,0.119693806541,223.0,80.0620321631,21.0
2016-10-05,2,1,18.0,30.0,1,161.0,116.538461538,11.0,0.137518684604,223.0,84.0875142882,28.0
2016-10-06,3,1,19.0,29.0,1,161.0,105.461538462,11.0,0.187332738626,223.0,85.5242793999,58.0
2016-10-07,4,1,19.0,27.0,1,161.0,96.3076923077,11.0,0.312591294186,223.0,83.7270148623,65.0
2016-10-08,5,0,16.0,26.0,1,159.0,96.0769230769,11.0,0.431490212888,223.0,83.808813139,179.0
2016-10-09,6,0,16.0,24.0,1,159.0,107.0,11.0,0.858198351804,223.0,84.6467773933,170.0
2016-10-10,0,0,16.0,23.0,1,161.0,107.153846154,11.0,1.17898334045,223.0,84.7592483303,201.0
2016-10-11,1,0,16.0,21.0,1,161.0,107.769230769,11.0,1.54191197084,223.0,85.4068578098,191.0
2016-10-12,2,0,16.0,19.0,1,161.0,106.538461538,11.0,1.55657111203,223.0,84.0728762486,226.0
2016-10-13,3,0,15.0,18.0,0,162.0,108.076923077,11.0,1.67411621292,226.0,86.0388655814,337.0
2016-10-14,4,0,15.0,19.0,1,163.0,116.846153846,11.0,1.91784306244,337.0,101.690969385,294.0
2016-10-15,5,1,16.0,23.0,1,164.0,138.076923077,11.0,2.00679077391,337.0,107.484139466,102.0
2016-10-16,6,1,16.0,24.0,1,164.0,145.076923077,11.0,1.67811355311,337.0,101.792746862,71.0
2016-10-17,0,0,16.0,23.0,1,164.0,149.461538462,11.0,1.10597986975,337.0,97.1751910288,342.0
2016-10-18,1,0,18.0,25.0,1,164.0,174.153846154,11.0,1.1583445794,342.0,102.056429454,303.0
2016-10-19,2,0,18.0,24.0,0,166.0,195.307692308,11.0,1.55991285403,342.0,97.9893123021,318.0
2016-10-20,3,0,19.0,23.0,0,168.0,215.307692308,11.0,2.02395964691,342.0,94.3906649682,354.0
2016-10-21,4,0,18.0,24.0,0,169.0,237.538461538,11.0,1.96790796246,354.0,90.317061498,311.0
2016-10-22,5,1,16.0,21.0,0,169.0,247.692307692,11.0,1.82239525399,354.0,90.584753867,135.0
2016-10-23,6,1,15.0,18.0,1,169.0,245.0,11.0,1.43369175627,354.0,93.3323260019,93.0
2016-10-24,0,0,12.0,16.0,0,168.0,236.692307692,11.0,0.945862946389,354.0,101.342059471,324.0
2016-10-25,1,0,12.0,16.0,0,168.0,246.923076923,11.0,0.897123354461,354.0,102.914050426,325.0
2016-10-26,2,0,13.0,16.0,0,169.0,254.538461538,11.0,1.12449799197,354.0,104.730875166,359.0
2016-10-27,3,0,12.0,16.0,0,169.0,256.230769231,11.0,1.42978723404,359.0,106.216870923,308.0
2016-10-28,4,0,9.0,14.0,0,170.0,257.307692308,11.0,1.33791894261,359.0,106.664379906,207.0
2016-10-29,5,1,7.0,11.0,0,170.0,265.384615385,11.0,1.17213169718,359.0,98.2410993906,105.0
2016-10-30,6,1,9.0,15.0,0,170.0,268.0,11.0,0.842505775241,359.0,93.3628158563,46.0
2016-10-31,0,0,9.0,14.0,0,170.0,245.230769231,11.0,0.502350382376,359.0,107.554747309,280.0
