time_stamp,dayofweek,holiday,lt,ht,sunny,m2M,w2A,m1L,d3w3,m1Lar,w2Std,pay_sum
2016-08-01,0,0,27.0,37.0,1,55.0,55.6153846154,37.0,0.987213797205,71.0,6.34323942403,63.0
2016-08-02,1,0,26.0,36.0,0,56.0,56.0769230769,37.0,0.982272595176,71.0,6.63859969551,56.0
2016-08-03,2,0,25.0,31.0,0,56.0,57.0,37.0,1.03458297007,71.0,5.65685424949,46.0
2016-08-04,3,0,25.0,29.0,0,56.0,56.5384615385,37.0,0.964066608238,71.0,6.25872172517,41.0
2016-08-05,4,0,25.0,31.0,0,56.0,55.1538461538,37.0,0.852713178295,71.0,7.44049371652,61.0
2016-08-06,5,1,24.0,32.0,0,56.0,54.8461538462,37.0,0.878598990798,71.0,7.10196239236,60.0
2016-08-07,6,1,25.0,32.0,0,56.0,55.6153846154,37.0,0.963425512935,71.0,7.07692307692,82.0
2016-08-08,0,0,26.0,32.0,0,56.0,56.7692307692,37.0,1.19552414605,82.0,9.60892090439,62.0
2016-08-09,1,0,26.0,32.0,0,57.0,57.3076923077,37.0,1.19613016711,82.0,9.6904760174,64.0
2016-08-10,2,0,26.0,34.0,0,57.0,58.0,37.0,1.19850187266,82.0,9.82148351633,72.0
2016-08-11,3,0,27.0,35.0,0,57.0,59.4615384615,41.0,1.1214953271,82.0,10.3672219008,65.0
2016-08-12,4,0,28.0,38.0,1,57.0,59.8461538462,41.0,1.13271344041,82.0,10.4722795538,74.0
2016-08-13,5,1,28.0,37.0,1,57.0,61.9230769231,41.0,1.18008948546,82.0,10.3957205579,69.0
2016-08-14,6,1,28.0,37.0,1,58.0,62.6923076923,41.0,1.14505917974,82.0,10.5201975368,52.0
2016-08-15,0,0,28.0,37.0,1,58.0,61.8461538462,41.0,1.08695652174,82.0,10.8970437335,67.0
2016-08-16,1,0,27.0,37.0,1,58.0,62.6923076923,41.0,1.03752759382,82.0,10.837148471,54.0
2016-08-17,2,0,27.0,36.0,1,58.0,63.3076923077,41.0,0.955537144435,82.0,10.0719306482,57.0
2016-08-18,3,0,28.0,37.0,1,57.0,64.5384615385,41.0,0.979906413432,82.0,8.04425628455,63.0
2016-08-19,4,0,27.0,37.0,1,58.0,64.6923076923,41.0,0.955518945634,82.0,7.99408065032,65.0
2016-08-20,5,1,26.0,36.0,1,58.0,65.0769230769,41.0,1.00108225108,82.0,7.87851546404,64.0
2016-08-21,6,1,26.0,34.0,1,58.0,63.6923076923,41.0,1.03476151981,82.0,6.1816678778,61.0
2016-08-22,0,0,27.0,33.0,1,58.0,63.6153846154,41.0,1.02564102564,82.0,6.20841193046,58.0
2016-08-23,1,0,27.0,34.0,1,58.0,63.1538461538,41.0,0.986257073565,82.0,6.38322505715,50.0
2016-08-24,2,0,27.0,34.0,1,58.0,61.4615384615,41.0,0.907869997314,82.0,6.72098189502,52.0
2016-08-25,3,0,24.0,35.0,0,57.0,60.4615384615,41.0,0.851970181044,82.0,7.07775914794,57.0
2016-08-26,4,0,21.0,27.0,0,57.0,59.1538461538,41.0,0.849358974359,82.0,5.93355716175,71.0
2016-08-27,5,1,18.0,27.0,1,58.0,59.3076923077,41.0,0.953137410643,82.0,6.20650546275,64.0
2016-08-28,6,1,18.0,30.0,1,58.0,60.2307692308,41.0,1.03142626914,82.0,5.93754476782,79.0
2016-08-29,0,0,19.0,31.0,1,58.0,61.1538461538,41.0,1.13407525172,82.0,7.61421902502,66.0
2016-08-30,1,0,20.0,31.0,1,58.0,62.0769230769,41.0,1.10582010582,82.0,7.41579954154,67.0
2016-08-31,2,0,21.0,32.0,1,59.0,62.8461538462,41.0,1.12616201859,82.0,7.36776924643,62.0
2016-09-01,3,0,21.0,31.0,1,59.0,62.7692307692,41.0,1.03833865815,82.0,7.37098100301,65.0
2016-09-02,4,0,22.0,33.0,1,60.0,62.7692307692,41.0,1.04049342987,82.0,7.37098100301,58.0
2016-09-03,5,1,22.0,33.0,1,60.0,62.3076923077,50.0,1.00108225108,82.0,7.46669132146,66.0
2016-09-04,6,1,22.0,31.0,1,60.0,62.6923076923,50.0,1.01123595506,82.0,7.51802567561,66.0
2016-09-05,0,0,23.0,32.0,1,60.0,63.3076923077,50.0,1.01740294511,82.0,7.43572059914,70.0
2016-09-06,1,0,21.0,31.0,1,61.0,64.8461538462,50.0,1.06793550093,79.0,6.53800903412,62.0
2016-09-07,2,0,23.0,32.0,1,61.0,65.6153846154,50.0,1.04265402844,79.0,5.48478260615,63.0
2016-09-08,3,0,22.0,32.0,1,61.0,66.0769230769,50.0,1.02685624013,79.0,4.9685400806,59.0
2016-09-09,4,0,21.0,31.0,0,61.0,65.1538461538,50.0,0.973544973545,79.0,5.08158294305,42.0
2016-09-10,5,1,22.0,32.0,1,61.0,63.4615384615,42.0,0.883144857297,79.0,8.00591497308,73.0
2016-09-11,6,1,20.0,31.0,1,62.0,63.0,42.0,0.928,79.0,7.2324057068,70.0
2016-09-12,0,0,22.0,33.0,1,62.0,63.3076923077,42.0,0.977284733228,79.0,7.43572059914,69.0
2016-09-13,1,0,21.0,32.0,1,62.0,63.4615384615,42.0,1.10330470986,79.0,7.53060815417,68.0
2016-09-14,2,0,21.0,31.0,1,62.0,63.9230769231,42.0,1.06399383192,79.0,7.61033243448,49.0
2016-09-15,3,1,23.0,31.0,0,62.0,62.6923076923,42.0,0.961986035687,79.0,8.5699350629,85.0
2016-09-16,4,1,22.0,30.0,0,62.0,64.7692307692,42.0,1.03351240727,85.0,10.2818274801,66.0
2016-09-17,5,1,21.0,32.0,1,62.0,64.7692307692,42.0,1.02171136654,85.0,10.2818274801,74.0
2016-09-18,6,0,20.0,31.0,1,63.0,65.3846153846,42.0,1.15384615385,85.0,10.5723766452,66.0
2016-09-19,0,0,18.0,29.0,1,63.0,65.0769230769,42.0,1.05641025641,85.0,10.4914730099,46.0
2016-09-20,1,0,18.0,27.0,1,63.0,63.8461538462,42.0,0.969507427678,85.0,11.6542904206,63.0
2016-09-21,2,0,17.0,28.0,1,63.0,63.8461538462,42.0,0.911458333333,85.0,11.6542904206,52.0
2016-09-22,3,0,17.0,30.0,1,63.0,63.3076923077,42.0,0.847145488029,85.0,12.0216766742,38.0
2016-09-23,4,0,18.0,31.0,1,63.0,63.0,38.0,0.817963111468,85.0,12.600366295,72.0
2016-09-24,5,1,22.0,32.0,1,63.0,62.9230769231,38.0,0.861931364725,85.0,12.5420004444,75.0
2016-09-25,6,1,23.0,30.0,1,63.0,63.3076923077,38.0,0.977284733228,85.0,12.8265626751,72.0
2016-09-26,0,0,23.0,33.0,1,63.0,63.5384615385,38.0,1.15506329114,85.0,12.9532614522,60.0
2016-09-27,1,0,22.0,32.0,1,63.0,62.9230769231,38.0,1.09350237718,85.0,12.916665076,49.0
2016-09-28,2,0,16.0,25.0,0,63.0,62.9230769231,38.0,0.96688034188,85.0,12.916665076,47.0
2016-09-29,3,0,15.0,18.0,0,63.0,60.0,38.0,0.84142394822,85.0,11.845154803,54.0
2016-09-30,4,0,17.0,20.0,0,63.0,59.0769230769,38.0,0.801282051282,85.0,11.8091329615,50.0
2016-10-01,5,1,17.0,20.0,0,63.0,57.2307692308,38.0,0.821768707483,85.0,11.1917129104,62.0
2016-10-02,6,1,16.0,23.0,0,63.0,56.9230769231,38.0,0.909339906875,85.0,10.9997310349,67.0
2016-10-03,0,1,18.0,29.0,1,64.0,58.5384615385,38.0,0.982167352538,85.0,10.8174743577,70.0
2016-10-04,1,1,17.0,30.0,1,64.0,59.0769230769,38.0,1.090112298,85.0,11.1938275468,62.0
2016-10-05,2,1,18.0,30.0,1,64.0,59.8461538462,38.0,1.07859078591,85.0,11.0233748416,82.0
2016-10-06,3,1,19.0,29.0,1,64.0,63.2307692308,38.0,1.1627275197,85.0,10.5404265434,64.0
2016-10-07,4,1,19.0,27.0,1,64.0,62.6153846154,38.0,1.13197278912,85.0,10.239730026,60.0
2016-10-08,5,0,16.0,26.0,1,64.0,61.4615384615,38.0,1.13404899532,85.0,9.60460934708,45.0
2016-10-09,6,0,16.0,24.0,1,64.0,59.3846153846,38.0,0.946778711485,85.0,10.0118273252,25.0
2016-10-10,0,0,16.0,23.0,1,63.0,56.6923076923,25.0,0.741374394069,85.0,13.5611697668,52.0
2016-10-11,1,0,16.0,21.0,1,63.0,56.9230769231,25.0,0.70236039148,85.0,13.4534041358,52.0
2016-10-12,2,0,16.0,19.0,1,63.0,57.3076923077,25.0,0.742659758204,85.0,13.2338994508,53.0
2016-10-13,3,0,15.0,18.0,0,63.0,57.2307692308,25.0,0.892298948565,85.0,13.2557902945,46.0
2016-10-14,4,0,15.0,19.0,1,62.0,56.9230769231,25.0,0.877651845394,85.0,13.4648347613,62.0
2016-10-15,5,1,16.0,23.0,1,62.0,56.9230769231,25.0,0.946502057613,82.0,13.4648347613,63.0
2016-10-16,6,1,16.0,24.0,1,63.0,56.6153846154,25.0,1.01333333333,82.0,13.2754166183,67.0
2016-10-17,0,0,16.0,23.0,1,63.0,56.3846153846,25.0,1.13074204947,82.0,13.0651530742,60.0
2016-10-18,1,0,18.0,25.0,1,62.0,56.2307692308,25.0,1.10819480898,82.0,13.0097823913,55.0
2016-10-19,2,0,18.0,24.0,0,62.0,54.1538461538,25.0,1.05415580655,82.0,10.6759698089,62.0
2016-10-20,3,0,19.0,23.0,0,62.0,54.0,25.0,1.01811906816,82.0,10.5465998896,60.0
2016-10-21,4,0,18.0,24.0,0,62.0,54.0,25.0,1.00940975192,82.0,10.5465998896,66.0
2016-10-22,5,1,16.0,21.0,0,62.0,55.6153846154,25.0,1.06848536516,82.0,10.6521103835,64.0
2016-10-23,6,1,15.0,18.0,1,63.0,58.6153846154,25.0,1.08262108262,82.0,6.14614903244,64.0
2016-10-24,0,0,12.0,16.0,0,63.0,59.5384615385,25.0,1.11111111111,82.0,5.98222218315,58.0
2016-10-25,1,0,12.0,16.0,0,63.0,60.0,25.0,1.06896551724,82.0,5.60219737109,53.0
2016-10-26,2,0,13.0,16.0,0,62.0,60.0,25.0,1.03153551429,82.0,5.60219737109,53.0
2016-10-27,3,0,12.0,16.0,0,62.0,60.5384615385,25.0,0.97619047619,82.0,4.44825609071,53.0
2016-10-28,4,0,9.0,14.0,0,62.0,59.8461538462,25.0,0.952380952381,82.0,4.84920538845,52.0
2016-10-29,5,1,7.0,11.0,0,62.0,59.0,25.0,0.940476190476,82.0,5.17389899102,62.0
2016-10-30,6,1,9.0,15.0,0,62.0,58.6153846154,25.0,0.962258715068,82.0,4.73186353822,36.0
2016-10-31,0,0,9.0,14.0,0,62.0,56.7692307692,25.0,0.876424189308,82.0,7.62741861922,44.0
