time_stamp,dayofweek,holiday,lt,ht,sunny,m2M,w2A,m1L,d3w3,m1Lar,w2Std,pay_sum
2016-08-01,0,0,27.0,37.0,1,52.0,54.5384615385,11.0,1.00775193798,79.0,7.80153224216,55.0
2016-08-02,1,0,27.0,35.0,0,52.0,54.6153846154,11.0,0.999704229518,79.0,7.80077374405,67.0
2016-08-03,2,0,26.0,32.0,0,52.0,56.3846153846,11.0,1.03418054338,79.0,7.80077374405,56.0
2016-08-04,3,0,27.0,33.0,0,52.0,57.0,11.0,1.04093567251,79.0,7.42138282781,49.0
2016-08-05,4,0,26.0,33.0,0,52.0,56.7692307692,11.0,1.01564806614,79.0,7.61732686965,69.0
2016-08-06,5,1,26.0,34.0,0,53.0,57.0,11.0,1.03386809269,79.0,7.93240675477,75.0
2016-08-07,6,1,27.0,35.0,1,53.0,58.9230769231,11.0,1.13763631005,76.0,8.96541679036,75.0
2016-08-08,0,0,26.0,34.0,0,54.0,59.9230769231,11.0,1.26406926407,76.0,9.92635604735,60.0
2016-08-09,1,0,26.0,30.0,0,55.0,61.3076923077,11.0,1.20585701981,76.0,8.4797007874,55.0
2016-08-10,2,0,27.0,35.0,0,55.0,60.1538461538,42.0,1.08077360637,76.0,8.23544080223,85.0
2016-08-11,3,0,27.0,36.0,1,55.0,62.6923076923,42.0,1.10283981252,85.0,10.185847009,71.0
2016-08-12,4,0,27.0,36.0,1,55.0,63.9230769231,42.0,1.14549402823,85.0,10.1486000434,94.0
2016-08-13,5,1,27.0,35.0,1,56.0,66.6153846154,42.0,1.32696390658,94.0,12.7854392033,89.0
2016-08-14,6,1,28.0,35.0,1,56.0,69.2307692308,42.0,1.30759330759,94.0,13.5938552077,84.0
2016-08-15,0,0,27.0,36.0,1,57.0,71.4615384615,42.0,1.35155656796,94.0,13.4542837594,77.0
2016-08-16,1,0,26.0,36.0,1,57.0,72.2307692308,42.0,1.23274161736,94.0,13.4630768352,90.0
2016-08-17,2,0,28.0,37.0,1,58.0,74.8461538462,42.0,1.21963070943,94.0,13.3580638501,74.0
2016-08-18,3,0,28.0,37.0,1,58.0,76.7692307692,42.0,1.15255858441,94.0,11.1089281222,83.0
2016-08-19,4,0,28.0,38.0,1,59.0,77.8461538462,42.0,1.15799343647,94.0,10.9814259537,95.0
2016-08-20,5,1,27.0,37.0,0,60.0,79.3846153846,42.0,1.15226337449,95.0,11.842157168,113.0
2016-08-21,6,1,27.0,35.0,0,60.0,82.3076923077,42.0,1.27968337731,113.0,14.7355384929,109.0
2016-08-22,0,0,27.0,36.0,1,60.0,86.0769230769,42.0,1.34607218684,113.0,14.8140346058,80.0
2016-08-23,1,0,27.0,35.0,0,60.0,88.0,42.0,1.27184670457,113.0,12.0128136716,96.0
2016-08-24,2,0,27.0,35.0,1,60.0,88.8461538462,42.0,1.17067159581,113.0,12.1582270585,40.0
2016-08-25,3,0,26.0,35.0,1,60.0,86.4615384615,40.0,0.89219330855,113.0,17.3542962298,40.0
2016-08-26,4,0,25.0,34.0,0,60.0,82.3076923077,40.0,0.740273396425,113.0,21.1091836208,40.0
2016-08-27,5,1,23.0,31.0,1,60.0,78.5384615385,40.0,0.516129032258,113.0,23.7830430369,40.0
2016-08-28,6,1,21.0,31.0,1,60.0,75.1538461538,40.0,0.528052805281,113.0,25.809497816,40.0
2016-08-29,0,0,21.0,32.0,1,60.0,72.3076923077,40.0,0.535117056856,113.0,27.4377186072,40.0
2016-08-30,1,0,21.0,32.0,1,60.0,68.4615384615,40.0,0.540540540541,113.0,28.1824150972,40.0
2016-08-31,2,0,21.0,33.0,1,60.0,65.8461538462,40.0,0.557491289199,113.0,29.1094648997,40.0
2016-09-01,3,0,23.0,33.0,0,59.0,62.5384615385,40.0,0.569800569801,113.0,29.4137994423,40.0
2016-09-02,4,0,22.0,34.0,1,57.0,58.3076923077,40.0,0.592592592593,113.0,28.3776309939,40.0
2016-09-03,5,1,23.0,35.0,1,57.0,52.6923076923,40.0,0.614911606457,113.0,23.8630213297,40.0
2016-09-04,6,1,24.0,32.0,1,57.0,47.3846153846,40.0,0.636435958632,113.0,17.6004303336,40.0
2016-09-05,0,0,24.0,30.0,0,57.0,44.3076923077,40.0,0.655737704918,113.0,14.9222838806,40.0
2016-09-06,1,0,23.0,28.0,0,56.0,40.0,40.0,0.683760683761,113.0,0.0,40.0
2016-09-07,2,0,21.0,27.0,0,55.0,40.0,40.0,0.704225352113,113.0,0.0,91.0
2016-09-08,3,0,22.0,30.0,1,55.0,43.9230769231,40.0,0.996503496503,113.0,13.5899371055,64.0
2016-09-09,4,0,22.0,29.0,1,56.0,45.7692307692,40.0,1.16801437556,113.0,14.5293011434,59.0
2016-09-10,5,1,22.0,28.0,0,57.0,47.2307692308,40.0,1.34718287693,113.0,14.8280080417,66.0
2016-09-11,6,1,21.0,25.0,0,59.0,49.2307692308,40.0,1.24015748031,113.0,15.4579023662,57.0
2016-09-12,0,0,21.0,27.0,1,59.0,50.5384615385,40.0,1.22188653911,113.0,15.3403208502,52.0
2016-09-13,1,0,21.0,28.0,0,57.0,51.4615384615,40.0,1.22936424306,113.0,15.0364448776,60.0
2016-09-14,2,0,21.0,25.0,0,57.0,53.0,40.0,1.16271069831,113.0,14.8064435038,49.0
2016-09-15,3,1,22.0,25.0,0,56.0,53.6923076923,40.0,1.09747784594,113.0,14.3868776502,58.0
2016-09-16,4,1,23.0,27.0,0,57.0,55.0769230769,40.0,1.11780455154,113.0,13.858968429,75.0
2016-09-17,5,1,22.0,27.0,1,58.0,57.7692307692,40.0,1.17685095377,113.0,14.0666208624,78.0
2016-09-18,6,0,22.0,26.0,0,59.0,60.6923076923,40.0,1.31587153103,113.0,14.0185844528,59.0
2016-09-19,0,0,20.0,27.0,1,59.0,62.1538461538,40.0,1.29901960784,109.0,12.7148983108,71.0
2016-09-20,1,0,19.0,26.0,1,59.0,64.5384615385,40.0,1.23920166816,96.0,11.1466820494,51.0
2016-09-21,2,0,19.0,26.0,1,59.0,61.4615384615,40.0,1.06784660767,96.0,8.66127885934,71.0
2016-09-22,3,0,20.0,27.0,1,59.0,62.0,40.0,1.10824002297,91.0,9.01281139439,58.0
2016-09-23,4,0,20.0,29.0,1,59.0,61.9230769231,40.0,1.01781170483,91.0,9.04230687433,43.0
2016-09-24,5,1,21.0,30.0,1,59.0,60.1538461538,40.0,0.970107163001,91.0,10.2420412167,88.0
2016-09-25,6,1,21.0,30.0,1,59.0,62.5384615385,40.0,1.0243902439,91.0,12.5735704776,98.0
2016-09-26,0,0,24.0,31.0,1,59.0,66.0769230769,40.0,1.18530020704,98.0,15.2893202468,72.0
2016-09-27,1,0,23.0,28.0,0,60.0,67.0,40.0,1.30303030303,98.0,15.2567765524,47.0
2016-09-28,2,0,22.0,28.0,0,60.0,66.8461538462,40.0,1.13375130617,98.0,15.4464143404,77.0
2016-09-29,3,0,22.0,25.0,0,60.0,68.3076923077,40.0,1.01370571502,98.0,15.4391341695,63.0
2016-09-30,4,0,22.0,29.0,0,63.0,67.3846153846,40.0,0.964166022171,98.0,15.3699930511,65.0
2016-10-01,5,1,23.0,30.0,0,63.0,66.3846153846,40.0,1.05779153767,98.0,15.0667155399,128.0
2016-10-02,6,1,22.0,30.0,1,64.0,71.6923076923,40.0,1.2521398875,128.0,22.0607016256,91.0
2016-10-03,0,1,21.0,27.0,0,65.0,73.2307692308,40.0,1.35045173562,128.0,22.6483276549,100.0
2016-10-04,1,1,20.0,27.0,1,65.0,77.0,40.0,1.47480351364,128.0,22.7122467811,87.0
2016-10-05,2,1,21.0,27.0,1,65.0,78.2307692308,40.0,1.25225225225,128.0,22.787155107,91.0
2016-10-06,3,1,22.0,27.0,0,65.0,80.7692307692,43.0,1.22493941397,128.0,22.2231820963,65.0
2016-10-07,4,1,20.0,23.0,0,65.0,82.4615384615,43.0,1.07784431138,128.0,20.0100566432,70.0
2016-10-08,5,0,17.0,22.0,0,66.0,81.0769230769,43.0,1.00780379041,128.0,20.2007674586,51.0
2016-10-09,6,0,16.0,22.0,1,65.0,77.4615384615,43.0,0.833893745797,128.0,21.0370200603,71.0
2016-10-10,0,0,15.0,21.0,1,65.0,77.3846153846,43.0,0.860793544048,128.0,21.0586669954,54.0
2016-10-11,1,0,17.0,23.0,1,65.0,77.9230769231,43.0,0.787472035794,128.0,20.3525146375,61.0
2016-10-12,2,0,18.0,25.0,1,64.0,76.6923076923,43.0,0.837837837838,128.0,20.8488502372,51.0
2016-10-13,3,0,18.0,23.0,1,63.0,75.7692307692,43.0,0.751301199366,128.0,21.6835770756,62.0
2016-10-14,4,0,19.0,22.0,0,62.0,75.5384615385,43.0,0.777479892761,128.0,21.8125418567,68.0
2016-10-15,5,1,20.0,23.0,0,62.0,70.9230769231,43.0,0.819746376812,128.0,15.7209391893,88.0
2016-10-16,6,1,20.0,26.0,0,62.0,70.6923076923,43.0,0.994072047424,128.0,15.4441157098,94.0
2016-10-17,0,0,20.0,24.0,0,62.0,70.2307692308,43.0,1.12309074573,128.0,14.6295477934,62.0
2016-10-18,1,0,20.0,24.0,0,62.0,68.3076923077,43.0,1.0851678897,128.0,13.9249892439,41.0
2016-10-19,2,0,20.0,24.0,0,61.0,64.4615384615,41.0,0.897698792436,128.0,14.030819838,39.0
2016-10-20,3,0,21.0,25.0,0,60.0,62.4615384615,39.0,0.657864257586,128.0,15.579154636,57.0
2016-10-21,4,0,21.0,25.0,0,59.0,61.4615384615,39.0,0.638248311204,128.0,15.4800883749,79.0
2016-10-22,5,1,20.0,23.0,0,59.0,63.6153846154,39.0,0.844187168355,128.0,15.818871211,67.0
2016-10-23,6,1,17.0,23.0,0,60.0,63.3076923077,39.0,0.996563573883,128.0,15.710773449,94.0
2016-10-24,0,0,19.0,24.0,1,61.0,66.3846153846,39.0,1.18343195266,128.0,17.411483662,61.0
2016-10-25,1,0,19.0,23.0,1,61.0,66.3846153846,39.0,1.1161387632,128.0,17.411483662,78.0
2016-10-26,2,0,19.0,24.0,0,62.0,68.4615384615,39.0,1.18304138106,128.0,17.0592424064,76.0
2016-10-27,3,0,18.0,24.0,0,62.0,69.5384615385,39.0,1.08257804632,128.0,17.0592424064,66.0
2016-10-28,4,0,15.0,19.0,0,63.0,69.3846153846,39.0,1.11111111111,128.0,17.0814269875,63.0
2016-10-29,5,1,12.0,15.0,0,63.0,67.4615384615,39.0,1.02602602603,128.0,16.2651840757,90.0
2016-10-30,6,1,14.0,18.0,1,64.0,67.1538461538,39.0,1.08068097705,128.0,15.7911667316,91.0
2016-10-31,0,0,12.0,17.0,0,65.0,69.3846153846,39.0,1.17195004803,100.0,16.9139835709,62.0
