time_stamp,dayofweek,holiday,lt,ht,sunny,m2M,w2A,m1L,d3w3,m1Lar,w2Std,pay_sum
2016-08-01,0,0,23.0,33.0,0,96.0,94.6153846154,41.0,0.769230769231,132.0,30.70840141,110.0
2016-08-02,1,0,22.0,32.0,1,96.0,94.9230769231,41.0,0.733226552767,132.0,30.8406862601,119.0
2016-08-03,2,0,22.0,30.0,0,99.0,95.2307692308,41.0,0.963513992207,132.0,31.0586389472,110.0
2016-08-04,3,0,21.0,32.0,1,99.0,94.3076923077,41.0,1.20597652081,132.0,30.4211075897,138.0
2016-08-05,4,0,22.0,31.0,0,101.0,97.3076923077,41.0,1.27231755937,138.0,32.58216741,106.0
2016-08-06,5,1,23.0,32.0,0,101.0,100.153846154,41.0,1.19071644803,138.0,31.5858930387,66.0
2016-08-07,6,1,22.0,31.0,0,99.0,102.076923077,41.0,1.03800435292,138.0,28.5400165448,49.0
2016-08-08,0,0,22.0,30.0,0,99.0,95.6923076923,41.0,0.764177040111,138.0,30.3578265549,127.0
2016-08-09,1,0,22.0,32.0,0,104.0,97.8461538462,41.0,0.827774927313,138.0,31.4883278835,128.0
2016-08-10,2,0,22.0,31.0,1,104.0,99.3076923077,41.0,1.03295956507,138.0,32.3998685073,119.0
2016-08-11,3,0,23.0,34.0,1,106.0,99.0769230769,41.0,1.27275820997,138.0,32.2477465843,124.0
2016-08-12,4,0,24.0,34.0,0,106.0,99.3846153846,41.0,1.24663978495,138.0,32.464272579,134.0
2016-08-13,5,1,23.0,34.0,0,106.0,105.615384615,41.0,1.22661460875,138.0,30.6883552497,60.0
2016-08-14,6,1,25.0,34.0,0,106.0,106.923076923,41.0,1.0251450677,138.0,28.2583181449,48.0
2016-08-15,0,0,24.0,33.0,0,106.0,102.153846154,41.0,0.813172043011,138.0,32.282041099,115.0
2016-08-16,1,0,24.0,33.0,1,106.0,101.846153846,41.0,0.743333333333,138.0,32.1387524382,104.0
2016-08-17,2,0,25.0,34.0,1,106.0,101.384615385,41.0,0.892230576441,138.0,32.0613317578,104.0
2016-08-18,3,0,23.0,34.0,1,106.0,98.7692307692,41.0,1.08919237903,138.0,30.3065208676,108.0
2016-08-19,4,0,23.0,34.0,1,106.0,98.9230769231,41.0,1.07209499576,138.0,30.3478843223,116.0
2016-08-20,5,1,24.0,34.0,1,106.0,102.769230769,41.0,1.07823800131,138.0,29.0732598425,62.0
2016-08-21,6,1,25.0,34.0,1,106.0,103.769230769,41.0,0.931444390164,138.0,27.3809418452,65.0
2016-08-22,0,0,25.0,34.0,0,106.0,99.0,41.0,0.809190809191,138.0,28.3033023352,139.0
2016-08-23,1,0,25.0,34.0,0,106.0,99.8461538462,43.0,0.877019452687,139.0,29.304360804,128.0
2016-08-24,2,0,25.0,36.0,0,107.0,100.538461538,43.0,1.08496732026,139.0,29.8499204602,138.0
2016-08-25,3,0,22.0,34.0,1,108.0,101.615384615,43.0,1.32352941176,139.0,30.9106366098,100.0
2016-08-26,4,0,22.0,30.0,1,108.0,99.0,43.0,1.19960668633,139.0,29.464450549,79.0
2016-08-27,5,1,21.0,29.0,1,108.0,100.461538462,43.0,1.03240514574,139.0,27.9246661976,61.0
2016-08-28,6,1,22.0,30.0,1,107.0,101.461538462,43.0,0.777076250607,139.0,26.2080885477,46.0
2016-08-29,0,0,20.0,24.0,0,106.0,96.1538461538,43.0,0.626895854398,139.0,29.6851326524,122.0
2016-08-30,1,0,18.0,26.0,0,107.0,97.5384615385,46.0,0.774171737661,139.0,30.4292758442,94.0
2016-08-31,2,0,19.0,26.0,0,107.0,96.7692307692,46.0,0.897106659819,139.0,30.3825705252,92.0
2016-09-01,3,0,17.0,29.0,1,107.0,95.5384615385,46.0,1.07223672759,139.0,30.226364917,79.0
2016-09-02,4,0,20.0,30.0,1,106.0,92.6923076923,46.0,0.94982078853,139.0,29.9059670284,90.0
2016-09-03,5,1,20.0,27.0,0,106.0,94.8461538462,46.0,0.920634920635,139.0,28.5975957942,48.0
2016-09-04,6,1,20.0,24.0,1,104.0,93.5384615385,46.0,0.765432098765,139.0,30.2721384587,66.0
2016-09-05,0,0,19.0,22.0,0,104.0,87.9230769231,46.0,0.738728951657,139.0,28.0040149277,118.0
2016-09-06,1,0,19.0,27.0,1,104.0,87.1538461538,46.0,0.833782569632,139.0,27.0123793668,107.0
2016-09-07,2,0,20.0,25.0,1,106.0,84.7692307692,46.0,1.04413347686,139.0,23.5671017315,89.0
2016-09-08,3,0,19.0,25.0,1,106.0,83.9230769231,46.0,1.13829980062,139.0,23.1996735337,100.0
2016-09-09,4,0,20.0,29.0,1,106.0,85.5384615385,46.0,1.08246480161,139.0,23.5294100244,88.0
2016-09-10,5,1,18.0,29.0,1,104.0,87.6153846154,46.0,0.998738056607,139.0,22.4380804799,57.0
2016-09-11,6,1,19.0,32.0,1,104.0,88.4615384615,46.0,0.887198986058,139.0,21.0150692622,52.0
2016-09-12,0,0,19.0,28.0,1,100.0,83.0769230769,46.0,0.74876472824,139.0,20.6973113767,106.0
2016-09-13,1,0,19.0,25.0,0,104.0,84.0,46.0,0.827559661278,139.0,21.4188989159,90.0
2016-09-14,2,0,18.0,21.0,0,104.0,83.8461538462,46.0,0.98178939034,139.0,21.3680068321,97.0
2016-09-15,3,1,18.0,28.0,1,104.0,85.2307692308,46.0,1.16200674202,139.0,21.5911443604,51.0
2016-09-16,4,1,19.0,26.0,1,100.0,82.2307692308,46.0,0.959870941722,139.0,23.3572714626,38.0
2016-09-17,5,1,20.0,25.0,0,100.0,81.4615384615,38.0,0.760736196319,139.0,24.6033624488,49.0
2016-09-18,6,0,18.0,23.0,0,99.0,80.1538461538,38.0,0.56338028169,139.0,25.8124780614,121.0
2016-09-19,0,0,17.0,23.0,0,99.0,80.3846153846,38.0,0.849673202614,139.0,26.1608587884,93.0
2016-09-20,1,0,17.0,24.0,0,99.0,79.3076923077,38.0,1.07500510934,139.0,25.3176272293,97.0
2016-09-21,2,0,18.0,27.0,1,99.0,79.9230769231,38.0,1.26731866341,138.0,25.6408974356,78.0
2016-09-22,3,0,19.0,26.0,0,99.0,78.2307692308,38.0,1.09276248726,138.0,24.977386222,92.0
2016-09-23,4,0,18.0,22.0,0,97.0,78.5384615385,38.0,1.08735491753,122.0,25.1200667093,88.0
2016-09-24,5,1,18.0,24.0,1,97.0,80.9230769231,38.0,1.02564102564,122.0,24.42401573,53.0
2016-09-25,6,1,18.0,24.0,1,94.0,81.0,38.0,0.933493589744,122.0,24.3342114348,36.0
2016-09-26,0,0,19.0,25.0,1,93.0,75.6153846154,36.0,0.745891276865,122.0,25.9008121688,115.0
2016-09-27,1,0,19.0,26.0,1,93.0,77.5384615385,36.0,0.85534591195,122.0,27.7588943047,96.0
2016-09-28,2,0,19.0,28.0,1,94.0,77.4615384615,36.0,1.03109997913,121.0,27.7061931,104.0
2016-09-29,3,0,18.0,26.0,1,96.0,81.5384615385,36.0,1.31168019988,121.0,27.4103163752,109.0
2016-09-30,4,0,19.0,28.0,1,96.0,87.0,36.0,1.27003699137,121.0,25.1732458712,68.0
2016-10-01,5,1,19.0,30.0,1,94.0,88.4615384615,36.0,1.14717289243,121.0,23.4147073591,47.0
2016-10-02,6,1,19.0,32.0,1,93.0,82.7692307692,36.0,0.917280917281,121.0,23.8041814237,55.0
2016-10-03,0,1,20.0,29.0,1,92.0,79.8461538462,36.0,0.718664130205,121.0,24.6852374253,35.0
2016-10-04,1,1,18.0,27.0,0,92.0,75.0769230769,35.0,0.60008760403,121.0,26.808326888,42.0
2016-10-05,2,1,18.0,23.0,1,92.0,72.3076923077,35.0,0.599863667348,121.0,28.1872437471,37.0
2016-10-06,3,1,19.0,24.0,0,92.0,68.0769230769,35.0,0.523055746731,121.0,29.0290611376,36.0
2016-10-07,4,1,18.0,22.0,0,90.0,64.0769230769,35.0,0.528371238227,121.0,29.5854994068,47.0
2016-10-08,5,0,14.0,20.0,0,90.0,63.6153846154,35.0,0.552104899931,121.0,29.8007187872,88.0
2016-10-09,6,0,15.0,19.0,0,89.0,67.6153846154,35.0,0.805084745763,121.0,29.3114271797,70.0
2016-10-10,0,0,14.0,18.0,0,88.0,64.1538461538,35.0,0.98109595597,121.0,25.9788261529,93.0
2016-10-11,1,0,15.0,18.0,0,88.0,63.9230769231,35.0,1.20470362371,121.0,25.7068130403,81.0
2016-10-12,2,0,14.0,17.0,0,88.0,62.1538461538,35.0,1.16858237548,121.0,23.5921960821,73.0
2016-10-13,3,0,15.0,20.0,1,88.0,59.3846153846,35.0,1.19932022336,121.0,19.7271326683,85.0
2016-10-14,4,0,15.0,19.0,0,88.0,60.6923076923,35.0,1.16301703163,121.0,20.7897334699,87.0
2016-10-15,5,1,15.0,21.0,1,88.0,63.7692307692,35.0,1.16334283001,121.0,21.4839970717,61.0
2016-10-16,6,1,15.0,24.0,0,87.0,64.2307692308,35.0,1.08700723116,121.0,21.3547106897,43.0
2016-10-17,0,0,15.0,24.0,1,85.0,64.8461538462,35.0,0.938344387128,121.0,20.6056234066,105.0
2016-10-18,1,0,16.0,22.0,1,85.0,69.6923076923,35.0,1.02000976086,115.0,22.0223125153,75.0
2016-10-19,2,0,16.0,21.0,1,85.0,72.6153846154,35.0,1.11194215906,115.0,19.9095588234,88.0
2016-10-20,3,0,17.0,24.0,1,87.0,76.6153846154,35.0,1.35764944276,115.0,17.18916681,88.0
2016-10-21,4,0,18.0,22.0,0,87.0,79.7692307692,35.0,1.25249500998,115.0,15.1004525972,96.0
2016-10-22,5,1,17.0,22.0,0,87.0,80.3846153846,35.0,1.30926594465,115.0,15.5787748187,39.0
2016-10-23,6,1,16.0,21.0,0,85.0,78.0,35.0,1.08595081568,115.0,18.9858246716,36.0
2016-10-24,0,0,17.0,22.0,1,81.0,73.6153846154,35.0,0.832116788321,115.0,21.4387803239,91.0
2016-10-25,1,0,15.0,21.0,1,85.0,74.3846153846,35.0,0.779891942683,115.0,21.8651055391,106.0
2016-10-26,2,0,15.0,21.0,0,87.0,76.9230769231,35.0,1.04390681004,109.0,23.4174870177,84.0
2016-10-27,3,0,13.0,21.0,1,87.0,76.8461538462,35.0,1.21961805556,109.0,23.392458199,99.0
2016-10-28,4,0,8.0,16.0,0,87.0,77.7692307692,35.0,1.21326616289,109.0,24.00369794,78.0
2016-10-29,5,1,11.0,15.0,1,85.0,79.0769230769,35.0,1.10266159696,106.0,23.5125548736,66.0
2016-10-30,6,1,11.0,17.0,1,84.0,80.8461538462,35.0,1.0292249047,106.0,21.5115216135,57.0
2016-10-31,0,0,11.0,19.0,1,84.0,77.1538461538,35.0,0.871261378414,106.0,21.1654513621,104.0
