time_stamp,dayofweek,holiday,lt,ht,sunny,m2M,w2A,m1L,d3w3,m1Lar,w2Std,pay_sum
2016-08-01,0,0,27.0,37.0,1,698.0,1041.53846154,482.0,1.00367543116,1413.0,126.552278881,620.0
2016-08-02,1,0,27.0,35.0,0,698.0,1008.38461538,482.0,0.911986410447,1413.0,169.050988422,605.0
2016-08-03,2,0,26.0,32.0,0,683.0,974.0,482.0,0.759569801175,1413.0,199.415299158,586.0
2016-08-04,3,0,27.0,33.0,0,657.0,939.153846154,482.0,0.640257375687,1413.0,223.175972705,606.0
2016-08-05,4,0,26.0,33.0,0,657.0,877.076923077,482.0,0.639957264957,1413.0,192.925438582,695.0
2016-08-06,5,1,26.0,34.0,0,683.0,848.076923077,482.0,0.678569502131,1413.0,189.754278978,818.0
2016-08-07,6,1,27.0,35.0,1,695.0,834.615384615,482.0,0.765424071666,1413.0,185.147150817,863.0
2016-08-08,0,0,26.0,34.0,0,698.0,821.384615385,482.0,0.864015709377,1413.0,176.28846049,612.0
2016-08-09,1,0,26.0,30.0,0,698.0,786.076923077,482.0,0.854290078611,1413.0,168.554242143,843.0
2016-08-10,2,0,27.0,35.0,0,718.0,767.230769231,573.0,0.873810196965,1413.0,145.919447666,594.0
2016-08-11,3,0,27.0,36.0,1,718.0,744.769230769,573.0,0.792343387471,1413.0,148.361903593,654.0
2016-08-12,4,0,27.0,36.0,1,718.0,727.153846154,573.0,0.845822462229,1413.0,144.446874,644.0
2016-08-13,5,1,27.0,35.0,1,718.0,697.076923077,586.0,0.785730600718,1413.0,114.900934949,915.0
2016-08-14,6,1,28.0,35.0,1,743.0,696.538461538,586.0,0.923526343245,1413.0,113.857275964,885.0
2016-08-15,0,0,27.0,36.0,1,753.0,716.923076923,586.0,1.02959452343,1413.0,121.776252288,701.0
2016-08-16,1,0,26.0,36.0,1,753.0,724.307692308,586.0,1.07883101477,1413.0,117.604542439,722.0
2016-08-17,2,0,28.0,37.0,1,743.0,734.769230769,586.0,1.01972739523,1413.0,110.681215032,831.0
2016-08-18,3,0,28.0,37.0,1,743.0,752.076923077,586.0,0.999512216753,1413.0,106.71274276,922.0
2016-08-19,4,0,28.0,38.0,1,753.0,769.538461538,586.0,1.09467259338,1413.0,114.25047745,1021.0
2016-08-20,5,1,27.0,37.0,0,793.0,785.153846154,586.0,1.22805852536,1413.0,132.260143513,1036.0
2016-08-21,6,1,27.0,35.0,0,818.0,798.461538462,586.0,1.30890397416,1088.0,147.274529306,917.0
2016-08-22,0,0,27.0,36.0,1,831.0,821.923076923,586.0,1.28162034044,1088.0,139.806163361,865.0
2016-08-23,1,0,27.0,35.0,0,843.0,823.615384615,586.0,1.19432083068,1088.0,140.183691832,914.0
2016-08-24,2,0,27.0,35.0,1,843.0,848.230769231,586.0,1.11927595799,1088.0,124.973322597,939.0
2016-08-25,3,0,26.0,35.0,1,843.0,870.153846154,586.0,1.10548471722,1088.0,113.443883894,933.0
2016-08-26,4,0,25.0,34.0,0,863.0,892.384615385,586.0,1.1169242488,1036.0,93.513913783,1041.0
2016-08-27,5,1,23.0,31.0,1,865.0,902.076923077,586.0,1.15238547353,1041.0,101.540792514,1078.0
2016-08-28,6,1,21.0,31.0,1,876.0,916.923076923,586.0,1.19216421554,1078.0,111.572302559,943.0
2016-08-29,0,0,21.0,32.0,1,883.0,935.538461538,586.0,1.17331494041,1078.0,92.5623410586,847.0
2016-08-30,1,0,21.0,32.0,1,883.0,945.153846154,586.0,1.09872428456,1078.0,74.6374273547,850.0
2016-08-31,2,0,21.0,33.0,1,876.0,946.615384615,586.0,0.996715369804,1078.0,72.5444568858,869.0
2016-09-01,3,0,23.0,33.0,0,869.0,942.538461538,586.0,0.957123407747,1078.0,75.2520026665,760.0
2016-09-02,4,0,22.0,34.0,1,869.0,922.461538462,594.0,0.918709581781,1078.0,85.7282068154,823.0
2016-09-03,5,1,23.0,35.0,1,869.0,906.076923077,594.0,0.913374681045,1078.0,82.7660851561,738.0
2016-09-04,6,1,24.0,32.0,1,869.0,892.307692308,594.0,0.871737089202,1078.0,93.9389201027,704.0
2016-09-05,0,0,24.0,30.0,0,869.0,879.923076923,594.0,0.850560468653,1078.0,106.496270457,717.0
2016-09-06,1,0,23.0,28.0,0,869.0,864.769230769,594.0,0.81098339719,1078.0,114.299306039,742.0
2016-09-07,2,0,21.0,27.0,0,869.0,849.615384615,594.0,0.816580780339,1078.0,116.491358849,669.0
2016-09-08,3,0,22.0,30.0,1,865.0,829.307692308,594.0,0.815044620629,1078.0,123.013685677,564.0
2016-09-09,4,0,22.0,29.0,1,865.0,792.615384615,564.0,0.776840324896,1078.0,125.512205022,591.0
2016-09-10,5,1,22.0,28.0,0,865.0,755.153846154,564.0,0.73679108095,1078.0,105.885893703,656.0
2016-09-11,6,1,21.0,25.0,0,865.0,733.076923077,564.0,0.743294547395,1078.0,93.6289415631,617.0
2016-09-12,0,0,21.0,27.0,1,865.0,715.384615385,564.0,0.77690945087,1078.0,92.1491587353,455.0
2016-09-13,1,0,21.0,28.0,0,865.0,685.0,455.0,0.741503604531,1078.0,106.722501412,482.0
2016-09-14,2,0,21.0,25.0,0,863.0,655.230769231,455.0,0.687048212746,1078.0,105.209793231,628.0
2016-09-15,3,1,22.0,25.0,0,850.0,645.076923077,455.0,0.706195568792,1078.0,100.889476114,927.0
2016-09-16,4,1,23.0,27.0,0,850.0,653.076923077,455.0,0.926330150068,1078.0,117.445543216,962.0
2016-09-17,5,1,22.0,27.0,1,850.0,670.307692308,455.0,1.15374037404,1078.0,142.417795245,811.0
2016-09-18,6,0,22.0,26.0,0,847.0,678.538461538,455.0,1.24895920067,1078.0,147.140756988,482.0
2016-09-19,0,0,20.0,27.0,1,843.0,660.461538462,455.0,1.07021665362,1078.0,155.502963308,444.0
2016-09-20,1,0,19.0,26.0,1,831.0,637.538461538,444.0,0.848911370134,1078.0,163.549858493,477.0
2016-09-21,2,0,19.0,26.0,1,823.0,622.769230769,444.0,0.70596523008,1078.0,168.632122976,429.0
2016-09-22,3,0,20.0,27.0,1,818.0,612.384615385,429.0,0.696702275894,1078.0,175.930291467,526.0
2016-09-23,4,0,20.0,29.0,1,811.0,607.384615385,429.0,0.756411272218,1078.0,177.384648742,663.0
2016-09-24,5,1,21.0,30.0,1,760.0,607.923076923,429.0,0.859769382008,1078.0,177.541961037,1044.0
2016-09-25,6,1,21.0,30.0,1,760.0,640.769230769,429.0,1.15525893735,1078.0,212.282523592,985.0
2016-09-26,0,0,24.0,31.0,1,760.0,681.538461538,429.0,1.36435051442,1044.0,223.298219148,506.0
2016-09-27,1,0,23.0,28.0,0,742.0,683.384615385,429.0,1.3082520514,1044.0,221.73460868,476.0
2016-09-28,2,0,22.0,28.0,0,738.0,671.692307692,429.0,1.03051735429,1044.0,228.258417863,672.0
2016-09-29,3,0,22.0,25.0,0,722.0,652.076923077,429.0,0.859243097223,1044.0,216.109111166,634.0
2016-09-30,4,0,22.0,29.0,0,722.0,626.846153846,429.0,0.922646784716,1044.0,196.730915858,820.0
2016-10-01,5,1,23.0,30.0,0,738.0,627.538461538,429.0,1.08691206544,1044.0,197.392469416,914.0
2016-10-02,6,1,22.0,30.0,1,742.0,660.769230769,429.0,1.18367448952,1044.0,206.258297305,745.0
2016-10-03,0,1,21.0,27.0,0,745.0,683.923076923,429.0,1.21278833688,1044.0,197.326149984,662.0
2016-10-04,1,1,20.0,27.0,1,745.0,698.153846154,429.0,1.12068757394,1044.0,188.357208171,630.0
2016-10-05,2,1,21.0,27.0,1,742.0,713.615384615,429.0,0.983416612354,1044.0,173.274587982,600.0
2016-10-06,3,1,22.0,27.0,0,738.0,719.307692308,429.0,0.935568412204,1044.0,168.157611331,708.0
2016-10-07,4,1,20.0,23.0,0,738.0,722.769230769,429.0,0.976716056849,1044.0,167.424450859,753.0
2016-10-08,5,0,17.0,22.0,0,738.0,700.384615385,429.0,1.04328018223,1044.0,140.223194867,504.0
2016-10-09,6,0,16.0,22.0,1,738.0,663.384615385,429.0,0.99302607641,1044.0,122.592846109,569.0
2016-10-10,0,0,15.0,21.0,1,738.0,668.230769231,429.0,0.914119796751,1044.0,117.411278351,428.0
2016-10-11,1,0,17.0,23.0,1,738.0,664.538461538,428.0,0.754195558235,1044.0,123.969981096,484.0
2016-10-12,2,0,18.0,25.0,1,722.0,650.076923077,428.0,0.741074332608,1044.0,132.899882236,487.0
2016-10-13,3,0,18.0,23.0,1,717.0,638.769230769,428.0,0.702097761718,1044.0,139.858254533,494.0
2016-10-14,4,0,19.0,22.0,0,717.0,613.692307692,428.0,0.744694370314,1044.0,134.227925912,683.0
2016-10-15,5,1,20.0,23.0,0,708.0,595.923076923,428.0,0.869792483404,1044.0,105.515920445,1006.0
2016-10-16,6,1,20.0,26.0,0,708.0,616.0,428.0,1.13920417482,1044.0,148.17764806,914.0
2016-10-17,0,0,20.0,24.0,0,708.0,635.384615385,428.0,1.31634175327,1044.0,168.074863568,471.0
2016-10-18,1,0,20.0,24.0,0,704.0,623.153846154,428.0,1.20959174382,1044.0,173.712337879,514.0
2016-10-19,2,0,20.0,24.0,0,683.0,616.538461538,428.0,0.972350230415,1044.0,176.089407092,617.0
2016-10-20,3,0,21.0,25.0,0,672.0,609.538461538,428.0,0.82134891948,1044.0,174.112083876,552.0
2016-10-21,4,0,21.0,25.0,0,669.0,594.076923077,428.0,0.881036513545,1044.0,169.550746449,1114.0
2016-10-22,5,1,20.0,23.0,0,669.0,641.0,428.0,1.17665249324,1114.0,216.137420673,1491.0
2016-10-23,6,1,17.0,23.0,0,669.0,711.923076923,428.0,1.53838657018,1491.0,311.228944061,1507.0
2016-10-24,0,0,19.0,24.0,1,669.0,794.923076923,428.0,1.88719078434,1507.0,363.868416948,529.0
2016-10-25,1,0,19.0,23.0,1,663.0,798.384615385,428.0,1.63004043905,1507.0,361.097587164,496.0
2016-10-26,2,0,19.0,24.0,0,662.0,799.076923077,428.0,1.17868863906,1507.0,360.508073427,580.0
2016-10-27,3,0,18.0,24.0,0,656.0,805.692307692,428.0,0.753892764039,1507.0,355.604876798,601.0
2016-10-28,4,0,15.0,19.0,0,634.0,799.384615385,428.0,0.796239584075,1507.0,358.441184632,726.0
2016-10-29,5,1,12.0,15.0,0,634.0,777.846153846,428.0,0.891350580757,1507.0,353.760641841,1033.0
2016-10-30,6,1,14.0,18.0,1,634.0,787.0,428.0,1.06833254114,1507.0,358.670836884,1025.0
2016-10-31,0,0,12.0,17.0,0,634.0,829.615384615,428.0,1.21117201775,1507.0,351.432352274,580.0
