time_stamp,dayofweek,holiday,lt,ht,sunny,m2M,w2A,m1L,d3w3,m1Lar,w2Std,pay_sum
2016-08-01,0,0,27.0,33.0,0,97.0,104.769230769,74.0,1.00526567736,122.0,10.024230998,89.0
2016-08-02,1,0,26.0,32.0,0,97.0,104.692307692,74.0,0.903846153846,122.0,10.1404340325,74.0
2016-08-03,2,0,26.0,34.0,0,97.0,102.923076923,74.0,0.852374007454,122.0,12.9464075116,101.0
2016-08-04,3,0,26.0,33.0,0,97.0,101.846153846,74.0,0.856447688564,122.0,12.4705570405,115.0
2016-08-05,4,0,26.0,35.0,1,97.0,102.461538462,74.0,0.940794809408,122.0,12.8997041386,104.0
2016-08-06,5,1,26.0,34.0,0,98.0,102.923076923,74.0,1.0355987055,122.0,12.839012294,89.0
2016-08-07,6,1,26.0,33.0,0,98.0,101.692307692,74.0,1.00555011427,122.0,13.3381155132,127.0
2016-08-08,0,0,26.0,32.0,0,98.0,103.0,74.0,1.0350962316,127.0,14.8375822206,102.0
2016-08-09,1,0,26.0,29.0,0,98.0,101.615384615,74.0,1.02267245538,127.0,14.0029582673,82.0
2016-08-10,2,0,27.0,33.0,0,98.0,100.692307692,74.0,1.00745059929,127.0,14.8447588025,101.0
2016-08-11,3,0,27.0,33.0,0,99.0,99.9230769231,74.0,0.929549902153,127.0,14.546802654,106.0
2016-08-12,4,0,27.0,33.0,0,100.0,98.6923076923,74.0,0.94305759504,127.0,13.2455195059,113.0
2016-08-13,5,1,26.0,31.0,0,100.0,100.230769231,74.0,1.03660511824,127.0,13.6503245729,112.0
2016-08-14,6,1,27.0,34.0,0,100.0,101.153846154,74.0,1.06860371267,127.0,14.0046484252,112.0
2016-08-15,0,0,27.0,35.0,1,101.0,102.923076923,74.0,1.08692146428,127.0,13.8089243076,112.0
2016-08-16,1,0,26.0,34.0,1,101.0,105.846153846,74.0,1.08790675085,127.0,11.1413723353,124.0
2016-08-17,2,0,27.0,34.0,1,101.0,107.615384615,74.0,1.11057922451,127.0,12.022661049,119.0
2016-08-18,3,0,27.0,34.0,1,101.0,107.923076923,74.0,1.12859640757,127.0,12.2566248238,101.0
2016-08-19,4,0,27.0,35.0,1,101.0,107.692307692,74.0,1.10468850353,127.0,12.3561545884,86.0
2016-08-20,5,1,27.0,35.0,1,101.0,107.461538462,74.0,0.985983566941,127.0,12.7255973692,108.0
2016-08-21,6,1,26.0,34.0,0,101.0,106.0,74.0,0.946878510672,127.0,11.4219761189,86.0
2016-08-22,0,0,27.0,35.0,1,101.0,104.769230769,74.0,0.900032144005,127.0,12.5890907972,105.0
2016-08-23,1,0,27.0,36.0,1,101.0,106.538461538,74.0,0.946951702296,127.0,10.7461290678,123.0
2016-08-24,2,0,27.0,35.0,1,101.0,108.230769231,74.0,0.984171759912,127.0,11.4499166685,98.0
2016-08-25,3,0,27.0,36.0,1,101.0,107.615384615,74.0,1.03001579779,127.0,11.7639505501,128.0
2016-08-26,4,0,27.0,36.0,1,102.0,108.769230769,74.0,1.09028428616,128.0,12.914832535,128.0
2016-08-27,5,1,25.0,34.0,0,103.0,110.0,74.0,1.08605614358,128.0,13.8896751914,95.0
2016-08-28,6,1,22.0,32.0,1,103.0,108.692307692,74.0,1.09294722092,128.0,14.4295882738,98.0
2016-08-29,0,0,23.0,33.0,1,103.0,107.615384615,74.0,1.00140383715,128.0,14.6630800707,98.0
2016-08-30,1,0,23.0,33.0,1,103.0,105.615384615,74.0,0.901068276823,128.0,14.0523113978,108.0
2016-08-31,2,0,25.0,33.0,1,103.0,104.769230769,74.0,0.938271604938,128.0,13.5428314626,110.0
2016-09-01,3,0,25.0,29.0,0,103.0,105.461538462,82.0,0.973505853358,128.0,13.5624786968,95.0
2016-09-02,4,0,23.0,32.0,1,102.0,106.153846154,82.0,0.972351662007,128.0,12.7571768872,94.0
2016-09-03,5,1,23.0,34.0,1,102.0,105.076923077,82.0,0.93671679198,128.0,13.1410193871,91.0
2016-09-04,6,1,24.0,32.0,1,102.0,105.461538462,82.0,0.885935769657,128.0,12.6406875702,112.0
2016-09-05,0,0,25.0,31.0,0,103.0,106.0,82.0,0.9397247271,128.0,12.7581045132,121.0
2016-09-06,1,0,25.0,32.0,0,103.0,105.846153846,82.0,1.02661596958,128.0,12.5627419462,97.0
2016-09-07,2,0,24.0,31.0,0,103.0,105.769230769,82.0,1.05667627281,128.0,12.6135083032,95.0
2016-09-08,3,0,23.0,32.0,1,103.0,103.230769231,86.0,1.00513808606,128.0,11.1158504028,116.0
2016-09-09,4,0,24.0,31.0,1,104.0,102.307692308,86.0,0.974992086103,128.0,9.38398484641,120.0
2016-09-10,5,1,24.0,29.0,1,105.0,104.230769231,86.0,1.04186339314,128.0,10.214272414,103.0
2016-09-11,6,1,21.0,24.0,0,105.0,104.615384615,86.0,1.05854800937,128.0,10.0654661823,87.0
2016-09-12,0,0,21.0,27.0,1,105.0,103.769230769,86.0,0.976224216659,128.0,11.0045714008,98.0
2016-09-13,1,0,22.0,25.0,0,104.0,103.0,86.0,0.917782026769,128.0,11.0314236476,70.0
2016-09-14,2,0,23.0,25.0,0,104.0,99.9230769231,70.0,0.823643410853,128.0,13.8645177367,94.0
2016-09-15,3,1,24.0,26.0,0,103.0,99.8461538462,70.0,0.860426929392,128.0,13.8943605264,74.0
2016-09-16,4,1,24.0,30.0,0,102.0,98.3076923077,70.0,0.802968960864,128.0,15.4739712738,84.0
2016-09-17,5,1,24.0,30.0,0,102.0,97.7692307692,70.0,0.854961832061,128.0,15.8364421323,74.0
2016-09-18,6,0,23.0,30.0,1,102.0,94.8461538462,70.0,0.796840116778,128.0,16.4356374234,87.0
2016-09-19,0,0,20.0,30.0,1,101.0,92.2307692308,70.0,0.846286701209,128.0,14.6767940649,107.0
2016-09-20,1,0,20.0,29.0,1,101.0,93.0,70.0,0.926213927769,128.0,15.1606778821,104.0
2016-09-21,2,0,20.0,28.0,1,102.0,93.6923076923,70.0,1.03310799099,128.0,15.4391341695,100.0
2016-09-22,3,0,21.0,29.0,1,101.0,92.4615384615,70.0,1.07538035961,128.0,14.1997583111,121.0
2016-09-23,4,0,20.0,29.0,1,101.0,92.5384615385,70.0,1.10826939471,128.0,14.3506386061,92.0
2016-09-24,5,1,21.0,30.0,1,101.0,91.6923076923,70.0,1.06680299932,128.0,14.0295546033,103.0
2016-09-25,6,1,22.0,32.0,1,101.0,92.9230769231,70.0,1.08200650574,121.0,14.2637870603,77.0
2016-09-26,0,0,25.0,32.0,1,101.0,91.3076923077,70.0,0.952881415309,121.0,14.7772414173,113.0
2016-09-27,1,0,25.0,29.0,0,101.0,94.6153846154,70.0,1.01789126281,121.0,14.4463914128,107.0
2016-09-28,2,0,25.0,27.0,0,101.0,95.6153846154,70.0,1.02537545313,121.0,14.8144340297,88.0
2016-09-29,3,0,26.0,29.0,0,101.0,96.6923076923,70.0,1.07899807322,121.0,13.6685186603,94.0
2016-09-30,4,0,25.0,30.0,0,101.0,97.4615384615,70.0,1.02646066418,121.0,13.2061488279,95.0
2016-10-01,5,1,24.0,31.0,1,101.0,99.0769230769,70.0,0.988050650972,121.0,11.3981208874,85.0
2016-10-02,6,1,23.0,32.0,1,101.0,98.9230769231,70.0,0.978396714872,121.0,11.5722581964,93.0
2016-10-03,0,1,23.0,30.0,1,101.0,97.8461538462,70.0,0.977443609023,121.0,11.4209399711,98.0
2016-10-04,1,1,22.0,32.0,1,100.0,97.3846153846,70.0,0.973544973545,121.0,11.2833332605,87.0
2016-10-05,2,1,24.0,30.0,1,100.0,96.3846153846,70.0,0.984244999115,121.0,11.5794145032,78.0
2016-10-06,3,1,24.0,28.0,0,98.0,93.0769230769,70.0,0.929164458576,121.0,10.1258354904,96.0
2016-10-07,4,1,22.0,26.0,0,98.0,93.3846153846,70.0,0.916271721959,121.0,10.1491830784,75.0
2016-10-08,5,0,19.0,26.0,0,98.0,91.2307692308,70.0,0.873684210526,121.0,10.8284088337,78.0
2016-10-09,6,0,18.0,24.0,1,98.0,91.3076923077,70.0,0.877842411423,121.0,10.7301488654,98.0
2016-10-10,0,0,19.0,21.0,0,98.0,90.1538461538,70.0,0.889125044279,121.0,9.00295809375,98.0
2016-10-11,1,0,18.0,22.0,0,98.0,89.4615384615,70.0,0.973702914001,121.0,7.9673891546,92.0
2016-10-12,2,0,17.0,23.0,1,98.0,89.7692307692,70.0,1.0278372591,121.0,7.9822287822,100.0
2016-10-13,3,0,19.0,26.0,1,98.0,90.2307692308,74.0,1.04674246526,121.0,8.37720208619,107.0
2016-10-14,4,0,21.0,27.0,1,98.0,91.1538461538,74.0,1.07053347655,121.0,9.44495106349,114.0
2016-10-15,5,1,20.0,23.0,0,98.0,93.3846153846,74.0,1.14255205553,121.0,11.0212275007,85.0
2016-10-16,6,1,22.0,27.0,0,98.0,92.7692307692,74.0,1.08452950558,121.0,11.2465642354,84.0
2016-10-17,0,0,22.0,27.0,1,97.0,91.6923076923,75.0,1.01871850252,121.0,11.3638063462,103.0
2016-10-18,1,0,21.0,25.0,0,98.0,92.9230769231,75.0,0.981240981241,121.0,11.6517515254,106.0
2016-10-19,2,0,22.0,25.0,0,98.0,95.0769230769,75.0,1.04680242944,121.0,11.2759890473,97.0
2016-10-20,3,0,22.0,25.0,0,98.0,95.1538461538,75.0,1.09149277689,121.0,11.2854307293,85.0
2016-10-21,4,0,24.0,27.0,0,97.0,95.9230769231,75.0,1.03281334051,121.0,10.1713136468,112.0
2016-10-22,5,1,23.0,28.0,0,97.0,98.5384615385,75.0,1.03923647932,114.0,9.5805522935,94.0
2016-10-23,6,1,20.0,27.0,1,97.0,98.2307692308,75.0,1.02808691044,114.0,9.65683373937,93.0
2016-10-24,0,0,20.0,26.0,1,96.0,97.8461538462,75.0,1.05915692526,114.0,9.75741259719,91.0
2016-10-25,1,0,23.0,28.0,1,95.0,97.7692307692,75.0,0.982679392011,114.0,9.80701355117,116.0
2016-10-26,2,0,23.0,29.0,1,96.0,99.0,75.0,1.0395010395,116.0,10.9474268139,91.0
2016-10-27,3,0,23.0,29.0,1,95.0,97.7692307692,75.0,1.03526142088,116.0,10.8780219225,101.0
2016-10-28,4,0,19.0,30.0,0,95.0,96.7692307692,75.0,1.05569837189,116.0,9.89291779432,101.0
2016-10-29,5,1,17.0,23.0,0,95.0,98.0,75.0,0.992547425474,116.0,9.33150165177,72.0
2016-10-30,6,1,15.0,23.0,1,95.0,97.0769230769,72.0,0.940611053896,116.0,11.0972036565,74.0
2016-10-31,0,0,16.0,24.0,1,95.0,94.8461538462,72.0,0.8585331943,116.0,12.5075125354,96.0
