time_stamp,dayofweek,holiday,lt,ht,sunny,m2M,w2A,m1L,d3w3,m1Lar,w2Std,pay_sum
2016-08-01,0,0,28.0,34.0,1,60.0,68.5384615385,41.0,1.12478880039,112.0,12.8638753858,78.0
2016-08-02,1,0,28.0,34.0,0,60.0,69.3076923077,41.0,1.19828815977,96.0,13.1053988604,76.0
2016-08-03,2,0,26.0,32.0,0,61.0,70.6923076923,41.0,1.14909781576,96.0,12.7845135606,43.0
2016-08-04,3,0,27.0,32.0,0,60.0,69.4615384615,41.0,0.94894026975,96.0,14.5052530782,60.0
2016-08-05,4,0,27.0,33.0,0,60.0,69.6153846154,41.0,0.865989356555,96.0,14.393045658,64.0
2016-08-06,5,1,27.0,33.0,1,61.0,68.7692307692,43.0,0.810286268802,96.0,14.3749453305,90.0
2016-08-07,6,1,27.0,34.0,1,63.0,68.3076923077,43.0,1.03381642512,96.0,13.566840885,78.0
2016-08-08,0,0,27.0,34.0,0,63.0,69.9230769231,43.0,1.12077294686,96.0,13.3731161921,71.0
2016-08-09,1,0,28.0,34.0,1,63.0,70.8461538462,43.0,1.15208483972,96.0,12.996130512,63.0
2016-08-10,2,0,28.0,34.0,1,63.0,70.6923076923,43.0,1.01825168108,96.0,13.0760180682,81.0
2016-08-11,3,0,28.0,35.0,1,63.0,72.0769230769,43.0,1.01654846336,96.0,13.1410193871,61.0
2016-08-12,4,0,28.0,34.0,1,63.0,72.2307692308,43.0,0.967209247464,96.0,12.997951591,73.0
2016-08-13,5,1,28.0,35.0,1,63.0,71.2307692308,43.0,1.01582801795,96.0,12.3858097847,114.0
2016-08-14,6,1,28.0,36.0,1,63.0,73.2307692308,43.0,1.15698623746,114.0,16.3855182128,124.0
2016-08-15,0,0,28.0,35.0,1,64.0,76.7692307692,43.0,1.38591800357,124.0,21.2716996759,88.0
2016-08-16,1,0,28.0,35.0,1,64.0,77.6923076923,43.0,1.42513661202,124.0,21.4776614376,83.0
2016-08-17,2,0,28.0,35.0,1,65.0,80.7692307692,43.0,1.27457334197,124.0,19.0107412802,82.0
2016-08-18,3,0,28.0,36.0,1,65.0,82.4615384615,43.0,1.07981220657,124.0,18.0410445912,73.0
2016-08-19,4,0,29.0,36.0,1,66.0,83.1538461538,43.0,1.00676818951,124.0,17.4833817968,64.0
2016-08-20,5,1,28.0,37.0,0,66.0,81.1538461538,43.0,0.939510939511,124.0,18.0633336809,108.0
2016-08-21,6,1,28.0,35.0,0,67.0,83.4615384615,43.0,1.03769589157,124.0,19.3812573404,124.0
2016-08-22,0,0,28.0,35.0,1,68.0,87.5384615385,43.0,1.21810699588,124.0,21.7595792685,87.0
2016-08-23,1,0,26.0,34.0,1,68.0,89.3846153846,43.0,1.30390353566,124.0,20.585799667,87.0
2016-08-24,2,0,26.0,34.0,1,68.0,89.8461538462,43.0,1.18606965174,124.0,20.4595140699,83.0
2016-08-25,3,0,27.0,35.0,1,68.0,91.5384615385,43.0,1.00903023165,124.0,18.8500780844,83.0
2016-08-26,4,0,26.0,34.0,0,68.0,92.3076923077,43.0,0.98233352747,124.0,18.2730765183,86.0
2016-08-27,5,1,23.0,31.0,1,71.0,90.1538461538,43.0,0.980735551664,124.0,17.2084333254,95.0
2016-08-28,6,1,22.0,30.0,1,71.0,87.9230769231,43.0,1.01734104046,124.0,14.3122407989,110.0
2016-08-29,0,0,23.0,31.0,1,71.0,89.6153846154,43.0,1.09666478236,124.0,15.4747360437,82.0
2016-08-30,1,0,23.0,31.0,1,73.0,89.5384615385,43.0,1.07009694258,124.0,15.5098746938,85.0
2016-08-31,2,0,25.0,34.0,1,73.0,89.7692307692,43.0,1.03050595238,124.0,15.4180406126,73.0
2016-09-01,3,0,26.0,33.0,1,73.0,89.7692307692,43.0,0.886917960089,124.0,15.4180406126,80.0
2016-09-02,4,0,25.0,34.0,1,73.0,91.0,60.0,0.876127369777,124.0,13.8730507986,60.0
2016-09-03,5,1,25.0,35.0,1,73.0,87.3076923077,60.0,0.808195788275,124.0,15.1829084848,119.0
2016-09-04,6,1,25.0,33.0,1,74.0,86.9230769231,60.0,0.985540334855,124.0,14.2853423451,116.0
2016-09-05,0,0,25.0,30.0,0,75.0,89.1538461538,60.0,1.10486891386,124.0,16.2520822517,75.0
2016-09-06,1,0,22.0,27.0,0,75.0,88.2307692308,60.0,1.16629044394,124.0,16.6832658957,91.0
2016-09-07,2,0,20.0,24.0,0,76.0,88.8461538462,60.0,1.05558674902,124.0,16.6264208362,83.0
2016-09-08,3,0,22.0,29.0,1,78.0,88.8461538462,60.0,0.926856504746,124.0,16.6264208362,76.0
2016-09-09,4,0,23.0,31.0,1,78.0,88.0769230769,60.0,0.924385283786,124.0,16.9681218691,62.0
2016-09-10,5,1,24.0,29.0,1,78.0,85.5384615385,60.0,0.838550559666,124.0,18.1685077691,81.0
2016-09-11,6,1,23.0,26.0,0,78.0,83.3076923077,60.0,0.851808634772,124.0,16.7533446277,87.0
2016-09-12,0,0,23.0,29.0,1,78.0,83.6923076923,60.0,0.894593543368,124.0,16.7762864479,69.0
2016-09-13,1,0,23.0,30.0,1,78.0,82.4615384615,60.0,0.931603773585,124.0,17.2163401123,79.0
2016-09-14,2,0,22.0,24.0,0,79.0,82.9230769231,60.0,0.925925925926,124.0,17.0359869709,67.0
2016-09-15,3,1,23.0,26.0,0,78.0,81.9230769231,60.0,0.855210819411,124.0,17.551951627,133.0
2016-09-16,4,1,23.0,27.0,0,79.0,87.5384615385,60.0,1.07951247824,133.0,20.9821000072,86.0
2016-09-17,5,1,23.0,27.0,0,80.0,85.0,60.0,1.11240762349,133.0,18.9168219806,96.0
2016-09-18,6,0,23.0,28.0,0,81.0,83.4615384615,60.0,1.23529411765,133.0,17.0547326372,90.0
2016-09-19,0,0,21.0,27.0,0,81.0,84.6153846154,60.0,1.06167056987,133.0,16.9503277097,63.0
2016-09-20,1,0,20.0,26.0,1,81.0,82.4615384615,60.0,0.984578884935,133.0,17.7617366814,82.0
2016-09-21,2,0,20.0,27.0,1,82.0,82.3846153846,60.0,0.924287118977,133.0,17.7614035375,67.0
2016-09-22,3,0,21.0,27.0,1,81.0,81.6923076923,60.0,0.840269520412,133.0,18.1675306962,82.0
2016-09-23,4,0,21.0,27.0,1,82.0,83.2307692308,60.0,0.903755868545,133.0,17.2589055993,74.0
2016-09-24,5,1,22.0,28.0,1,82.0,82.6923076923,60.0,0.896122161945,133.0,17.4284674969,94.0
2016-09-25,6,1,23.0,29.0,1,82.0,83.2307692308,60.0,1.01812258196,133.0,17.6598364229,107.0
2016-09-26,0,0,24.0,31.0,1,82.0,86.1538461538,60.0,1.09846215299,133.0,18.1990961477,74.0
2016-09-27,1,0,25.0,30.0,0,82.0,85.7692307692,60.0,1.10976594027,133.0,18.397967472,68.0
2016-09-28,2,0,22.0,28.0,0,82.0,85.8461538462,60.0,1.01405009163,133.0,18.3212619394,70.0
2016-09-29,3,0,22.0,25.0,0,82.0,81.0,60.0,0.86654404251,133.0,12.6673414125,52.0
2016-09-30,4,0,23.0,28.0,0,82.0,78.3846153846,52.0,0.781410651861,133.0,14.7102186437,84.0
2016-10-01,5,1,24.0,29.0,0,82.0,77.4615384615,52.0,0.845648604269,133.0,13.9317864811,117.0
2016-10-02,6,1,24.0,32.0,1,82.0,79.5384615385,52.0,1.01975010077,133.0,17.2609625572,95.0
2016-10-03,0,1,22.0,26.0,1,82.0,82.0,52.0,1.1746031746,133.0,17.0067859759,91.0
2016-10-04,1,1,22.0,26.0,1,83.0,82.6923076923,52.0,1.1938534279,133.0,17.175047264,80.0
2016-10-05,2,1,22.0,27.0,1,82.0,83.6923076923,52.0,1.04007820137,133.0,16.6011334895,93.0
2016-10-06,3,1,22.0,26.0,0,83.0,84.5384615385,52.0,1.05705705706,133.0,16.7727589796,75.0
2016-10-07,4,1,20.0,25.0,0,83.0,84.6153846154,52.0,0.999596936719,133.0,16.7264804406,82.0
2016-10-08,5,0,17.0,22.0,0,83.0,83.6923076923,52.0,1.0162601626,133.0,16.512860328,61.0
2016-10-09,6,0,18.0,22.0,1,83.0,80.1538461538,52.0,0.902131181461,133.0,16.0616416148,90.0
2016-10-10,0,0,18.0,22.0,1,83.0,81.3846153846,52.0,0.948310948311,133.0,16.1556775519,82.0
2016-10-11,1,0,19.0,25.0,1,83.0,82.4615384615,52.0,0.948310948311,133.0,15.6874049656,88.0
2016-10-12,2,0,19.0,23.0,1,83.0,83.8461538462,52.0,1.0448061081,133.0,15.3163871711,89.0
2016-10-13,3,0,19.0,23.0,1,83.0,86.6923076923,52.0,1.03641456583,133.0,12.2686881963,82.0
2016-10-14,4,0,19.0,23.0,0,83.0,86.5384615385,52.0,1.0314615691,133.0,12.3139407216,77.0
2016-10-15,5,1,21.0,25.0,1,82.0,83.4615384615,52.0,0.99778716556,117.0,8.81969286588,111.0
2016-10-16,6,1,20.0,26.0,1,83.0,84.6923076923,52.0,1.08368452739,117.0,11.1519892353,139.0
2016-10-17,0,0,20.0,25.0,1,83.0,88.3846153846,52.0,1.26303592121,139.0,18.2905543573,77.0
2016-10-18,1,0,20.0,25.0,1,83.0,88.1538461538,52.0,1.25648414986,139.0,18.4133987747,102.0
2016-10-19,2,0,20.0,24.0,0,83.0,88.8461538462,52.0,1.19977362762,139.0,18.7487277675,94.0
2016-10-20,3,0,20.0,23.0,0,83.0,90.3076923077,52.0,1.00608070757,139.0,18.3486935833,80.0
2016-10-21,4,0,0.0,21.0,0,83.0,90.1538461538,52.0,1.01939058172,139.0,18.4259271924,75.0
2016-10-22,5,1,19.0,23.0,0,82.0,91.2307692308,52.0,0.941576857629,139.0,17.0481392901,94.0
2016-10-23,6,1,18.0,23.0,1,82.0,91.5384615385,52.0,0.94211123723,139.0,17.0592424064,133.0
2016-10-24,0,0,20.0,24.0,1,82.0,95.4615384615,52.0,1.11603843311,139.0,20.0215859843,72.0
2016-10-25,1,0,18.0,22.0,1,82.0,94.2307692308,52.0,1.10987379362,139.0,20.9143081173,75.0
2016-10-26,2,0,19.0,21.0,0,82.0,93.1538461538,52.0,1.0498687664,139.0,21.507945415,78.0
2016-10-27,3,0,18.0,22.0,0,82.0,92.8461538462,52.0,0.842223469961,139.0,21.6931260075,78.0
2016-10-28,4,0,15.0,20.0,0,82.0,92.9230769231,52.0,0.866629150253,139.0,21.638503924,98.0
2016-10-29,5,1,13.0,17.0,1,82.0,91.9230769231,61.0,0.933480338111,139.0,21.0729923342,121.0
2016-10-30,6,1,14.0,18.0,1,82.0,90.5384615385,61.0,1.07317073171,139.0,18.3496610097,124.0
2016-10-31,0,0,13.0,17.0,0,82.0,94.1538461538,61.0,1.21180003533,139.0,19.8914212427,94.0
