time_stamp,dayofweek,holiday,lt,ht,sunny,m2M,w2A,m1L,d3w3,m1Lar,w2Std,pay_sum
2016-08-01,0,0,28.0,36.0,1,11.0,11.0,11.0,1.0,11.0,0.0,11.0
2016-08-02,1,0,26.0,35.0,0,11.0,11.0,11.0,1.0,11.0,0.0,11.0
2016-08-03,2,0,26.0,32.0,0,11.0,11.0,11.0,1.0,11.0,0.0,11.0
2016-08-04,3,0,26.0,31.0,0,11.0,11.0,11.0,1.0,11.0,0.0,26.0
2016-08-05,4,0,26.0,32.0,0,11.0,12.1538461538,11.0,1.36170212766,26.0,3.99704032516,24.0
2016-08-06,5,1,26.0,32.0,0,11.0,13.1538461538,11.0,1.63978494624,26.0,5.06642270772,32.0
2016-08-07,6,1,26.0,33.0,0,11.0,14.7692307692,11.0,2.0322180917,32.0,7.07274123937,30.0
2016-08-08,0,0,26.0,33.0,1,11.0,16.2307692308,11.0,1.99074074074,32.0,8.03984161874,44.0
2016-08-09,1,0,26.0,33.0,1,11.0,18.7692307692,11.0,2.20145379024,44.0,10.7428247693,50.0
2016-08-10,2,0,27.0,34.0,1,11.0,21.7692307692,11.0,2.2962962963,50.0,13.2963491007,31.0
2016-08-11,3,0,28.0,36.0,1,11.0,23.3076923077,11.0,2.19298245614,50.0,13.1171327506,41.0
2016-08-12,4,0,28.0,36.0,1,11.0,25.6153846154,11.0,1.9837398374,50.0,13.385057464,48.0
2016-08-13,5,1,29.0,36.0,1,11.0,28.4615384615,11.0,1.78970917226,50.0,13.8986185512,61.0
2016-08-14,6,1,29.0,37.0,1,11.0,32.3076923077,11.0,2.01207243461,61.0,15.3742272621,66.0
2016-08-15,0,0,28.0,36.0,1,11.0,36.5384615385,11.0,2.11352657005,66.0,16.4579435327,49.0
2016-08-16,1,0,27.0,36.0,1,11.0,39.4615384615,11.0,1.98870056497,66.0,14.9697920679,50.0
2016-08-17,2,0,27.0,35.0,1,11.0,42.4615384615,11.0,1.74880763116,66.0,12.701395348,50.0
2016-08-18,3,0,28.0,36.0,1,11.0,44.3076923077,11.0,1.4870259481,66.0,11.8930142093,54.0
2016-08-19,4,0,29.0,38.0,1,11.0,46.6153846154,11.0,1.44397562119,66.0,10.5650982852,51.0
2016-08-20,5,1,28.0,34.0,0,11.0,48.0769230769,11.0,1.37594318686,66.0,9.72278480574,74.0
2016-08-21,6,1,27.0,32.0,1,11.0,51.4615384615,11.0,1.46601146601,74.0,10.4705843244,65.0
2016-08-22,0,0,26.0,33.0,0,11.0,53.0769230769,11.0,1.45929339478,74.0,10.8092662418,51.0
2016-08-23,1,0,26.0,34.0,1,11.0,53.1538461538,11.0,1.39500734214,74.0,10.7906380637,69.0
2016-08-24,2,0,25.0,34.0,1,11.0,56.0769230769,11.0,1.27674258109,74.0,9.4580981863,54.0
2016-08-25,3,0,24.0,34.0,1,11.0,57.0769230769,11.0,1.16700201207,74.0,8.44403784619,79.0
2016-08-26,4,0,22.0,28.0,0,11.0,59.4615384615,11.0,1.28376231331,79.0,9.81063304329,53.0
2016-08-27,5,1,19.0,28.0,1,11.0,58.8461538462,11.0,1.15887850467,79.0,9.94481816244,62.0
2016-08-28,6,1,19.0,30.0,1,11.0,58.5384615385,11.0,1.17362371446,79.0,9.77921960561,67.0
2016-08-29,0,0,20.0,30.0,1,11.0,59.9230769231,11.0,1.07851851852,79.0,9.60337711802,61.0
2016-08-30,1,0,20.0,31.0,1,11.0,60.7692307692,11.0,1.11502347418,79.0,9.16644252909,64.0
2016-08-31,2,0,21.0,32.0,1,11.0,61.8461538462,11.0,1.09495295124,79.0,8.64555158045,54.0
2016-09-01,3,0,21.0,33.0,1,11.0,61.8461538462,11.0,1.00958826847,79.0,8.64555158045,65.0
2016-09-02,4,0,21.0,34.0,1,11.0,62.9230769231,24.0,1.0175145955,79.0,8.08095137641,49.0
2016-09-03,5,1,22.0,35.0,1,24.0,61.0,24.0,0.943555181129,79.0,8.19005024874,67.0
2016-09-04,6,1,21.0,31.0,1,26.0,61.1538461538,30.0,1.01571268238,79.0,8.28201158997,69.0
2016-09-05,0,0,21.0,31.0,1,30.0,62.5384615385,30.0,1.02097130243,79.0,7.9673891546,70.0
2016-09-06,1,0,20.0,26.0,0,31.0,62.6153846154,31.0,1.11834961998,79.0,8.03395162409,73.0
2016-09-07,2,0,21.0,30.0,1,32.0,64.0769230769,31.0,1.12976285638,79.0,8.06189077328,75.0
2016-09-08,3,0,22.0,31.0,1,41.0,63.7692307692,31.0,1.14255765199,79.0,7.5463067498,93.0
2016-09-09,4,0,22.0,32.0,1,44.0,66.8461538462,41.0,1.22272957889,93.0,10.2119549386,84.0
2016-09-10,5,1,21.0,31.0,1,48.0,68.5384615385,48.0,1.26888217523,93.0,11.0566052977,75.0
2016-09-11,6,1,20.0,31.0,1,49.0,69.1538461538,49.0,1.25937031484,93.0,11.1758403838,75.0
2016-09-12,0,0,21.0,30.0,1,49.0,70.2307692308,49.0,1.14874815906,93.0,11.0115592842,61.0
2016-09-13,1,0,22.0,32.0,1,50.0,70.0,49.0,1.04197530864,93.0,11.1700148061,63.0
2016-09-14,2,0,22.0,30.0,1,50.0,70.6923076923,49.0,0.976207996076,93.0,10.4099406293,59.0
2016-09-15,3,1,21.0,24.0,0,50.0,70.2307692308,49.0,0.911127707244,93.0,10.7785673813,83.0
2016-09-16,4,1,20.0,26.0,0,51.0,72.8461538462,49.0,0.99829559289,93.0,9.33847421112,52.0
2016-09-17,5,1,20.0,29.0,1,51.0,71.6923076923,49.0,0.951680156978,93.0,10.8015997062,88.0
2016-09-18,6,0,20.0,30.0,1,52.0,73.1538461538,49.0,1.07729468599,93.0,11.5947345732,80.0
2016-09-19,0,0,17.0,27.0,1,53.0,73.9230769231,49.0,1.04836788182,93.0,11.6912955027,67.0
2016-09-20,1,0,17.0,26.0,1,54.0,73.4615384615,49.0,1.1174512601,93.0,11.8361596203,80.0
2016-09-21,2,0,17.0,26.0,1,54.0,73.8461538462,49.0,1.05975723623,93.0,11.9604872157,71.0
2016-09-22,3,0,18.0,27.0,1,54.0,72.1538461538,49.0,1.01348210135,93.0,10.6109243696,93.0
2016-09-23,4,0,20.0,29.0,1,59.0,72.8461538462,49.0,1.10058637799,93.0,11.6079956121,100.0
2016-09-24,5,1,21.0,30.0,1,61.0,74.7692307692,49.0,1.16479152879,100.0,13.689714534,112.0
2016-09-25,6,1,22.0,29.0,1,61.0,77.6153846154,49.0,1.30845130845,112.0,16.909435061,123.0
2016-09-26,0,0,23.0,30.0,1,61.0,82.3846153846,49.0,1.38975316324,123.0,20.0097609317,89.0
2016-09-27,1,0,22.0,30.0,1,62.0,84.3846153846,49.0,1.33086876155,123.0,19.257519856,102.0
2016-09-28,2,0,18.0,24.0,0,63.0,87.6923076923,49.0,1.26868686869,123.0,18.28149386,90.0
2016-09-29,3,0,17.0,20.0,0,64.0,88.2307692308,49.0,1.13742157458,123.0,18.2383950296,89.0
2016-09-30,4,0,16.0,19.0,0,65.0,91.0769230769,49.0,1.13397901533,123.0,14.9535770789,96.0
2016-10-01,5,1,19.0,23.0,0,65.0,91.6923076923,49.0,1.09583582387,123.0,14.9788805959,79.0
2016-10-02,6,1,19.0,23.0,0,66.0,91.6153846154,52.0,1.04949314252,123.0,15.0411663906,72.0
2016-10-03,0,1,20.0,27.0,1,67.0,92.0,52.0,0.97551342812,123.0,14.4594924903,62.0
2016-10-04,1,1,19.0,27.0,1,67.0,90.6153846154,52.0,0.841730883225,123.0,16.2884501862,69.0
2016-10-05,2,1,20.0,28.0,1,67.0,90.4615384615,52.0,0.797485759183,123.0,16.4812965538,69.0
2016-10-06,3,1,19.0,25.0,1,67.0,88.6153846154,52.0,0.792236086354,123.0,17.411483662,76.0
2016-10-07,4,1,18.0,22.0,0,69.0,86.7692307692,52.0,0.835774262839,123.0,17.3788281722,93.0
2016-10-08,5,0,14.0,24.0,1,69.0,85.3076923077,52.0,0.926791277259,123.0,15.9344069687,109.0
2016-10-09,6,0,14.0,21.0,1,69.0,84.2307692308,52.0,1.06452230519,123.0,13.6615904365,137.0
2016-10-10,0,0,16.0,21.0,1,69.0,87.9230769231,52.0,1.24792932082,137.0,19.6330237432,103.0
2016-10-11,1,0,15.0,20.0,1,70.0,88.0,52.0,1.26862958924,137.0,19.6899036994,102.0
2016-10-12,2,0,16.0,20.0,0,71.0,88.9230769231,52.0,1.22252010724,137.0,20.0401962928,102.0
2016-10-13,3,0,15.0,20.0,0,72.0,89.9230769231,52.0,1.09213802917,137.0,20.3411728671,101.0
2016-10-14,4,0,17.0,19.0,0,73.0,90.3076923077,52.0,1.08444444444,137.0,20.4990979741,95.0
2016-10-15,5,1,17.0,22.0,0,74.0,91.5384615385,52.0,1.0692500897,137.0,20.2621867778,112.0
2016-10-16,6,1,15.0,23.0,0,75.0,94.6153846154,62.0,1.11171268724,137.0,20.0979848264,120.0
2016-10-17,0,0,17.0,22.0,1,75.0,99.0769230769,62.0,1.16080937167,137.0,18.7553542651,112.0
2016-10-18,1,0,18.0,23.0,1,75.0,102.384615385,62.0,1.21468926554,137.0,16.854757199,121.0
2016-10-19,2,0,19.0,23.0,0,76.0,106.384615385,62.0,1.22633315963,137.0,14.4570369426,122.0
2016-10-20,3,0,19.0,21.0,0,79.0,109.923076923,62.0,1.21243169399,137.0,12.0093651818,112.0
2016-10-21,4,0,19.0,22.0,0,79.0,111.384615385,62.0,1.20257452575,137.0,10.9722619612,116.0
2016-10-22,5,1,16.0,20.0,0,80.0,111.923076923,62.0,1.16375727348,137.0,11.0137085102,113.0
2016-10-23,6,1,14.0,16.0,0,80.0,110.076923077,62.0,1.11111111111,137.0,8.34322883874,138.0
2016-10-24,0,0,14.0,18.0,0,83.0,112.769230769,62.0,1.15300031417,138.0,10.885091047,110.0
2016-10-25,1,0,16.0,18.0,0,84.0,113.384615385,62.0,1.11265218061,138.0,10.4773635963,128.0
2016-10-26,2,0,14.0,17.0,0,88.0,115.384615385,62.0,1.12811281128,138.0,10.5941817235,115.0
2016-10-27,3,0,14.0,17.0,0,89.0,116.461538462,62.0,1.04083738759,138.0,9.75559314615,136.0
2016-10-28,4,0,8.0,14.0,0,89.0,119.615384615,62.0,1.09664351852,138.0,8.89717726662,132.0
2016-10-29,5,1,8.0,10.0,0,90.0,121.153846154,62.0,1.09726400229,138.0,9.17225040624,140.0
2016-10-30,6,1,12.0,17.0,1,93.0,122.692307692,62.0,1.16738197425,140.0,10.4394563326,137.0
2016-10-31,0,0,8.0,15.0,0,93.0,124.615384615,62.0,1.15341229554,140.0,10.5941817235,109.0
