time_stamp,dayofweek,holiday,lt,ht,sunny,m2M,w2A,m1L,d3w3,m1Lar,w2Std,pay_sum
2016-08-01,0,0,27.0,35.0,1,90.0,113.769230769,74.0,1.07778819119,133.0,9.97808249001,104.0
2016-08-02,1,0,26.0,36.0,0,91.0,113.307692308,74.0,1.01658143499,133.0,10.2760708997,95.0
2016-08-03,2,0,25.0,30.0,0,93.0,111.769230769,74.0,0.99548918961,133.0,11.3486959343,89.0
2016-08-04,3,0,25.0,32.0,0,93.0,110.076923077,74.0,0.889712696942,133.0,12.8749102369,112.0
2016-08-05,4,0,26.0,32.0,0,94.0,108.769230769,74.0,0.904783738346,133.0,11.6958496659,109.0
2016-08-06,5,1,26.0,34.0,0,94.0,106.923076923,74.0,0.94497789971,133.0,9.39280852946,103.0
2016-08-07,6,1,26.0,34.0,0,95.0,106.461538462,74.0,0.992647058824,133.0,9.42676536917,100.0
2016-08-08,0,0,26.0,34.0,1,95.0,105.0,74.0,0.949338201734,133.0,8.82304674396,73.0
2016-08-09,1,0,27.0,34.0,1,95.0,102.846153846,73.0,0.854224698236,133.0,12.2778484324,96.0
2016-08-10,2,0,27.0,34.0,1,96.0,102.0,73.0,0.839968774395,133.0,12.3413002681,114.0
2016-08-11,3,0,27.0,35.0,1,96.0,103.076923077,73.0,0.882444652323,133.0,12.7246673734,136.0
2016-08-12,4,0,28.0,35.0,1,98.0,104.230769231,73.0,1.07536907537,136.0,14.8072427504,136.0
2016-08-13,5,1,28.0,36.0,1,98.0,106.769230769,73.0,1.19801365611,136.0,17.0391126807,138.0
2016-08-14,6,1,27.0,36.0,1,100.0,108.076923077,73.0,1.25555045169,138.0,18.6566611675,112.0
2016-08-15,0,0,27.0,36.0,1,100.0,108.692307692,73.0,1.18586789555,138.0,18.6439704231,131.0
2016-08-16,1,0,27.0,36.0,1,101.0,111.461538462,73.0,1.15454545455,138.0,19.0732006294,102.0
2016-08-17,2,0,27.0,35.0,1,101.0,112.461538462,73.0,1.04783599089,138.0,18.1896647942,103.0
2016-08-18,3,0,27.0,36.0,1,102.0,111.769230769,73.0,1.01910828025,138.0,18.3644885001,128.0
2016-08-19,4,0,29.0,37.0,1,103.0,113.230769231,73.0,1.00680272109,138.0,18.8359470006,123.0
2016-08-20,5,1,27.0,36.0,0,103.0,114.769230769,73.0,1.0606741573,138.0,18.7540922556,111.0
2016-08-21,6,1,27.0,33.0,0,103.0,115.615384615,73.0,1.08954100828,138.0,18.3115703714,114.0
2016-08-22,0,0,27.0,34.0,1,103.0,118.769230769,73.0,1.04269662921,138.0,13.6334083224,97.0
2016-08-23,1,0,25.0,34.0,1,103.0,118.846153846,73.0,0.963927555755,138.0,13.5069563493,129.0
2016-08-24,2,0,24.0,34.0,1,103.0,120.0,73.0,0.9998529628,138.0,13.6832294883,122.0
2016-08-25,3,0,25.0,34.0,1,104.0,118.923076923,73.0,1.01888449715,138.0,12.9107083668,110.0
2016-08-26,4,0,23.0,29.0,1,104.0,116.923076923,73.0,1.05648229441,138.0,12.0987064691,108.0
2016-08-27,5,1,20.0,29.0,1,107.0,114.615384615,73.0,0.992845670901,138.0,10.6304241289,101.0
2016-08-28,6,1,19.0,30.0,1,104.0,113.769230769,73.0,0.931115002919,138.0,11.2260263958,130.0
2016-08-29,0,0,20.0,31.0,1,107.0,113.692307692,73.0,0.965399401965,138.0,11.1105259543,116.0
2016-08-30,1,0,21.0,31.0,1,108.0,114.769230769,73.0,0.979810814627,138.0,10.5913887094,92.0
2016-08-31,2,0,22.0,32.0,1,108.0,113.923076923,73.0,0.963374661536,138.0,11.8611293953,106.0
2016-09-01,3,0,22.0,33.0,1,108.0,112.230769231,73.0,0.9065973726,138.0,11.2875278083,131.0
2016-09-02,4,0,22.0,34.0,1,108.0,112.846153846,73.0,0.951967592593,138.0,12.0501908944,109.0
2016-09-03,5,1,23.0,34.0,1,108.0,112.692307692,73.0,1.01391941392,138.0,12.0854942637,143.0
2016-09-04,6,1,22.0,33.0,1,109.0,114.923076923,73.0,1.10725643249,143.0,14.546802654,118.0
2016-09-05,0,0,24.0,33.0,1,109.0,116.538461538,73.0,1.07573775258,143.0,13.6021230504,122.0
2016-09-06,1,0,22.0,26.0,0,109.0,116.0,73.0,1.10390546188,143.0,13.2316636549,97.0
2016-09-07,2,0,20.0,26.0,1,109.0,114.076923077,92.0,0.973847709869,143.0,14.0135184099,115.0
2016-09-08,3,0,21.0,30.0,1,110.0,114.461538462,92.0,0.970648067422,143.0,13.9648756342,137.0
2016-09-09,4,0,23.0,32.0,1,110.0,116.692307692,92.0,1.00808781051,143.0,15.0301472196,133.0
2016-09-10,5,1,21.0,30.0,1,111.0,119.153846154,92.0,1.10157367668,143.0,14.8782037473,148.0
2016-09-11,6,1,20.0,28.0,1,111.0,120.538461538,92.0,1.1787930062,148.0,16.5650948341,106.0
2016-09-12,0,0,20.0,30.0,1,111.0,119.769230769,92.0,1.08723135272,148.0,16.9848522837,127.0
2016-09-13,1,0,21.0,30.0,1,112.0,122.461538462,92.0,1.0712779418,148.0,15.0313282315,124.0
2016-09-14,2,0,22.0,28.0,1,112.0,123.846153846,92.0,1.00294985251,148.0,14.2604679708,104.0
2016-09-15,3,1,21.0,23.0,0,112.0,121.769230769,92.0,0.999859174764,148.0,15.0136032991,70.0
2016-09-16,4,1,21.0,23.0,0,112.0,118.769230769,70.0,0.853012737942,148.0,20.2490411783,78.0
2016-09-17,5,1,21.0,27.0,1,112.0,113.769230769,70.0,0.728534258456,148.0,21.6267421571,95.0
2016-09-18,6,0,20.0,28.0,1,111.0,112.0,70.0,0.713342140026,148.0,22.1428925913,98.0
2016-09-19,0,0,17.0,26.0,1,111.0,110.153846154,70.0,0.801893771268,148.0,22.2324992673,77.0
2016-09-20,1,0,18.0,26.0,1,110.0,108.615384615,70.0,0.804289544236,148.0,23.7309874071,98.0
2016-09-21,2,0,17.0,24.0,1,109.0,107.307692308,70.0,0.816143497758,148.0,23.8113890506,92.0
2016-09-22,3,0,19.0,27.0,1,109.0,103.846153846,70.0,0.812414422638,148.0,22.4768125096,80.0
2016-09-23,4,0,19.0,28.0,1,109.0,99.7692307692,70.0,0.832562442183,148.0,21.6089505891,110.0
2016-09-24,5,1,21.0,29.0,1,109.0,96.8461538462,70.0,0.88304368248,148.0,16.956261171,109.0
2016-09-25,6,1,21.0,28.0,1,109.0,97.0769230769,70.0,0.940251572327,148.0,17.0990847189,95.0
2016-09-26,0,0,23.0,30.0,1,109.0,94.6153846154,70.0,1.00015926103,148.0,14.7572066438,98.0
2016-09-27,1,0,23.0,30.0,0,109.0,92.6153846154,70.0,0.961477236549,148.0,12.1752489252,124.0
2016-09-28,2,0,19.0,23.0,0,109.0,94.1538461538,70.0,1.00491361547,148.0,14.5488363471,80.0
2016-09-29,3,0,17.0,19.0,0,109.0,94.9230769231,70.0,0.98403388726,148.0,13.4762556912,85.0
2016-09-30,4,0,18.0,21.0,0,109.0,95.4615384615,70.0,0.964297630964,148.0,12.917581249,106.0
2016-10-01,5,1,20.0,24.0,0,109.0,96.3076923077,70.0,0.923653715065,148.0,13.2164502123,72.0
2016-10-02,6,1,20.0,24.0,0,109.0,94.3076923077,70.0,0.91224419008,148.0,14.6937172099,70.0
2016-10-03,0,1,18.0,26.0,1,109.0,93.7692307692,70.0,0.886505808758,148.0,15.4280157065,66.0
2016-10-04,1,1,20.0,25.0,1,108.0,91.3076923077,66.0,0.767386091127,148.0,17.0266063983,58.0
2016-10-05,2,1,20.0,26.0,1,108.0,88.6923076923,58.0,0.734431194397,148.0,19.1928857628,61.0
2016-10-06,3,1,19.0,25.0,1,108.0,87.2307692308,58.0,0.70395738204,148.0,20.4794600521,83.0
2016-10-07,4,1,17.0,20.0,0,108.0,85.1538461538,58.0,0.766457977613,148.0,19.4059711423,78.0
2016-10-08,5,0,14.0,22.0,1,108.0,82.7692307692,58.0,0.850574712644,148.0,18.196169699,87.0
2016-10-09,6,0,13.0,21.0,1,106.0,82.1538461538,58.0,0.95623674571,148.0,17.9050751458,78.0
2016-10-10,0,0,16.0,21.0,1,106.0,80.6153846154,58.0,0.936416184971,127.0,17.3273392761,83.0
2016-10-11,1,0,16.0,20.0,1,106.0,77.4615384615,58.0,0.964042759961,127.0,12.0805971873,92.0
2016-10-12,2,0,16.0,19.0,1,104.0,78.3846153846,58.0,0.983479105928,124.0,12.6827469819,84.0
2016-10-13,3,0,17.0,20.0,1,103.0,78.3076923077,58.0,1.00445995734,124.0,12.6453677465,84.0
2016-10-14,4,0,16.0,18.0,1,102.0,76.6153846154,58.0,1.02382358732,124.0,10.0271819919,93.0
2016-10-15,5,1,18.0,21.0,0,101.0,78.2307692308,58.0,1.03756708408,124.0,10.8141918589,94.0
2016-10-16,6,1,17.0,23.0,1,98.0,80.0769230769,58.0,1.07796340493,124.0,11.2896244978,108.0
2016-10-17,0,0,18.0,22.0,1,98.0,83.3076923077,58.0,1.16646896006,124.0,12.7181554987,106.0
2016-10-18,1,0,18.0,23.0,1,98.0,87.0,58.0,1.23101518785,124.0,11.7669681083,96.0
2016-10-19,2,0,19.0,22.0,1,98.0,89.6923076923,58.0,1.22723673793,124.0,9.2435808528,103.0
2016-10-20,3,0,19.0,21.0,0,98.0,91.2307692308,58.0,1.1946729338,124.0,9.65683373937,65.0
2016-10-21,4,0,19.0,21.0,0,98.0,90.2307692308,58.0,1.05960264901,124.0,11.4767580933,86.0
2016-10-22,5,1,18.0,21.0,0,98.0,90.1538461538,58.0,1.01094527363,124.0,11.5014791948,94.0
2016-10-23,6,1,15.0,18.0,1,97.0,91.3846153846,58.0,0.961349813616,124.0,10.9792704083,91.0
2016-10-24,0,0,16.0,20.0,1,96.0,92.0,58.0,1.04795050271,124.0,10.7130402206,96.0
2016-10-25,1,0,14.0,17.0,1,96.0,92.3076923077,58.0,1.06318577374,124.0,10.7659335612,70.0
2016-10-26,2,0,16.0,18.0,0,95.0,91.2307692308,58.0,0.967438358743,124.0,12.1538461538,58.0
2016-10-27,3,0,15.0,17.0,0,95.0,89.2307692308,58.0,0.855288277969,108.0,14.9879636127,100.0
2016-10-28,4,0,11.0,15.0,0,95.0,89.7692307692,58.0,0.859728506787,108.0,15.237372306,63.0
2016-10-29,5,1,8.0,12.0,0,95.0,87.3846153846,58.0,0.844801223242,108.0,16.7402713954,73.0
2016-10-30,6,1,10.0,17.0,1,94.0,84.6923076923,58.0,0.904734521756,108.0,16.0066554205,87.0
2016-10-31,0,0,10.0,15.0,0,94.0,83.2307692308,58.0,0.852935551731,108.0,14.8176290336,78.0
