time_stamp,dayofweek,holiday,lt,ht,sunny,m2M,w2A,m1L,d3w3,m1Lar,w2Std,pay_sum
2016-08-01,0,0,27.0,35.0,1,120.0,116.692307692,87.0,1.15111838516,164.0,17.8212691225,104.0
2016-08-02,1,0,26.0,36.0,0,119.0,116.461538462,87.0,1.12300933553,164.0,17.964132575,116.0
2016-08-03,2,0,25.0,30.0,0,119.0,117.307692308,87.0,1.01610904585,164.0,17.6608415837,102.0
2016-08-04,3,0,25.0,32.0,0,119.0,116.461538462,87.0,0.897435897436,164.0,18.1048883523,102.0
2016-08-05,4,0,26.0,32.0,0,119.0,116.538461538,87.0,0.904337996326,164.0,18.0410445912,106.0
2016-08-06,5,1,26.0,34.0,0,119.0,115.0,87.0,0.898160220194,164.0,18.0213548539,147.0
2016-08-07,6,1,26.0,34.0,0,119.0,117.153846154,87.0,1.02276001152,164.0,19.9416308023,156.0
2016-08-08,0,0,26.0,34.0,1,119.0,122.461538462,87.0,1.16028368794,164.0,20.3870825793,90.0
2016-08-09,1,0,27.0,34.0,1,117.0,121.0,87.0,1.12301757394,164.0,21.9229419699,269.0
2016-08-10,2,0,27.0,34.0,1,117.0,132.846153846,87.0,1.37498331331,269.0,44.9715228764,169.0
2016-08-11,3,0,27.0,35.0,1,119.0,137.153846154,87.0,1.37877007442,269.0,45.5426193528,191.0
2016-08-12,4,0,28.0,35.0,1,119.0,142.846153846,87.0,1.58658090554,269.0,47.2600760992,192.0
2016-08-13,5,1,28.0,36.0,1,119.0,145.615384615,87.0,1.35843484681,269.0,48.9733655423,208.0
2016-08-14,6,1,27.0,36.0,1,120.0,150.153846154,87.0,1.40814867763,269.0,51.7328138,209.0
2016-08-15,0,0,27.0,36.0,1,120.0,158.230769231,87.0,1.3904109589,269.0,52.091862418,128.0
2016-08-16,1,0,27.0,36.0,1,122.0,159.153846154,87.0,1.23624815697,269.0,51.4375590907,129.0
2016-08-17,2,0,27.0,35.0,1,122.0,161.230769231,87.0,1.05203747601,269.0,49.6001765601,105.0
2016-08-18,3,0,27.0,36.0,1,120.0,161.461538462,87.0,0.819468024901,269.0,49.330308026,135.0
2016-08-19,4,0,29.0,37.0,1,122.0,163.692307692,87.0,0.830239622005,269.0,47.3893604018,149.0
2016-08-20,5,1,27.0,36.0,0,122.0,163.846153846,87.0,0.877311682454,269.0,47.3381390454,142.0
2016-08-21,6,1,27.0,33.0,0,123.0,162.769230769,87.0,0.963038318074,269.0,47.662521716,150.0
2016-08-22,0,0,27.0,34.0,1,123.0,167.384615385,87.0,0.9816360601,269.0,43.0769230769,138.0
2016-08-23,1,0,25.0,34.0,1,125.0,157.307692308,87.0,0.950171251795,269.0,32.0345597402,142.0
2016-08-24,2,0,24.0,34.0,1,125.0,155.230769231,90.0,0.937738523607,269.0,32.0843931534,117.0
2016-08-25,3,0,25.0,34.0,1,123.0,149.538461538,90.0,0.861545138889,269.0,31.7965053344,149.0
2016-08-26,4,0,23.0,29.0,1,125.0,146.230769231,90.0,0.873194221509,269.0,29.3497578188,140.0
2016-08-27,5,1,20.0,29.0,1,126.0,141.0,90.0,0.870870870871,269.0,23.3139113308,167.0
2016-08-28,6,1,19.0,30.0,1,128.0,137.769230769,90.0,0.974671369029,269.0,15.1462300268,154.0
2016-08-29,0,0,20.0,31.0,1,129.0,139.769230769,90.0,0.965546130485,269.0,15.437984355,115.0
2016-08-30,1,0,21.0,31.0,1,129.0,138.692307692,90.0,0.959612633432,269.0,16.5964992388,156.0
2016-08-31,2,0,22.0,32.0,1,129.0,142.615384615,90.0,0.939434129089,269.0,13.9919672644,139.0
2016-09-01,3,0,22.0,33.0,1,131.0,142.923076923,90.0,0.922177237967,269.0,13.8645177367,112.0
2016-09-02,4,0,22.0,34.0,1,131.0,140.076923077,90.0,0.940822931114,269.0,15.9637162555,134.0
2016-09-03,5,1,23.0,34.0,1,134.0,139.461538462,90.0,0.913404507711,269.0,16.0317731857,175.0
2016-09-04,6,1,22.0,33.0,1,134.0,141.384615385,90.0,1.01104707012,269.0,18.4913221291,166.0
2016-09-05,0,0,24.0,33.0,1,134.0,143.538461538,90.0,1.12532575219,269.0,19.5708393146,99.0
2016-09-06,1,0,22.0,26.0,0,134.0,140.230769231,90.0,1.05363984674,269.0,22.9016420176,87.0
2016-09-07,2,0,20.0,26.0,1,131.0,137.923076923,87.0,0.848397204146,269.0,26.374409329,96.0
2016-09-08,3,0,21.0,30.0,1,129.0,133.846153846,87.0,0.689402273561,209.0,28.3680376856,115.0
2016-09-09,4,0,23.0,32.0,1,129.0,131.923076923,87.0,0.737715063746,209.0,28.7307434868,152.0
2016-09-10,5,1,21.0,30.0,1,131.0,130.769230769,87.0,0.895301516833,209.0,27.5768962558,197.0
2016-09-11,6,1,20.0,28.0,1,134.0,134.076923077,87.0,1.12484848485,209.0,32.3335061709,168.0
2016-09-12,0,0,20.0,30.0,1,134.0,138.153846154,87.0,1.23980815348,209.0,33.005468437,97.0
2016-09-13,1,0,21.0,30.0,1,134.0,133.615384615,87.0,1.12614259598,197.0,34.2716264379,120.0
2016-09-14,2,0,22.0,28.0,1,129.0,132.153846154,87.0,0.937423910397,197.0,34.4156631466,127.0
2016-09-15,3,1,21.0,23.0,0,128.0,133.307692308,87.0,0.844378988709,197.0,33.9691819955,75.0
2016-09-16,4,1,21.0,23.0,0,128.0,128.769230769,75.0,0.80975732428,197.0,37.3469262378,134.0
2016-09-17,5,1,21.0,27.0,1,129.0,125.615384615,75.0,0.855614973262,197.0,34.9649020976,138.0
2016-09-18,6,0,20.0,28.0,1,134.0,123.461538462,75.0,0.889059697668,197.0,33.2302350384,95.0
2016-09-19,0,0,17.0,26.0,1,134.0,123.153846154,75.0,0.947585850762,197.0,33.4729423538,90.0
2016-09-20,1,0,18.0,26.0,1,134.0,123.384615385,75.0,0.855855855856,197.0,33.2323717562,110.0
2016-09-21,2,0,17.0,24.0,1,134.0,124.461538462,75.0,0.79077871599,197.0,32.5472801289,130.0
2016-09-22,3,0,19.0,27.0,1,134.0,125.615384615,75.0,0.878243512974,197.0,32.4571633946,107.0
2016-09-23,4,0,19.0,28.0,1,134.0,122.153846154,75.0,0.933548560667,197.0,31.852656341,117.0
2016-09-24,5,1,21.0,29.0,1,134.0,116.0,75.0,0.97520661157,197.0,23.4061135998,196.0
2016-09-25,6,1,21.0,28.0,1,134.0,118.153846154,75.0,1.14285714286,197.0,28.7665568482,199.0
2016-09-26,0,0,23.0,30.0,1,135.0,126.0,75.0,1.3385620915,199.0,35.1327154132,139.0
2016-09-27,1,0,23.0,30.0,0,138.0,127.461538462,75.0,1.36817832437,199.0,35.2477285348,124.0
2016-09-28,2,0,19.0,23.0,0,135.0,127.230769231,75.0,1.1711026616,199.0,35.2598133556,114.0
2016-09-29,3,0,17.0,19.0,0,134.0,130.230769231,75.0,0.956003550146,199.0,32.2159870636,127.0
2016-09-30,4,0,18.0,21.0,0,134.0,129.692307692,75.0,0.934459805428,199.0,32.206985901,159.0
2016-10-01,5,1,20.0,24.0,0,135.0,131.307692308,75.0,1.03923096908,199.0,33.0974891341,149.0
2016-10-02,6,1,20.0,24.0,0,138.0,135.461538462,75.0,1.13859442481,199.0,31.6364331954,115.0
2016-10-03,0,1,18.0,26.0,1,138.0,137.384615385,75.0,1.09941520468,199.0,29.5023818114,132.0
2016-10-04,1,1,20.0,25.0,1,138.0,139.076923077,75.0,1.02444703143,199.0,28.4968595799,131.0
2016-10-05,2,1,20.0,26.0,1,135.0,139.153846154,75.0,0.976365749709,199.0,28.4735941203,135.0
2016-10-06,3,1,19.0,25.0,1,135.0,141.307692308,75.0,1.00466994825,199.0,26.9797206332,132.0
2016-10-07,4,1,17.0,20.0,0,135.0,142.461538462,75.0,1.00543135026,199.0,26.22569317,141.0
2016-10-08,5,0,14.0,22.0,1,135.0,138.230769231,75.0,1.02952308857,199.0,21.2028802331,115.0
2016-10-09,6,0,13.0,21.0,1,134.0,131.769230769,75.0,0.971700475833,199.0,12.8551327442,122.0
2016-10-10,0,0,16.0,21.0,1,134.0,130.461538462,75.0,0.935412026726,199.0,12.917581249,109.0
2016-10-11,1,0,16.0,20.0,1,132.0,129.307692308,75.0,0.856541651194,199.0,14.0624137078,117.0
2016-10-12,2,0,16.0,19.0,1,132.0,129.538461538,75.0,0.865671641791,199.0,13.8320440929,124.0
2016-10-13,3,0,17.0,20.0,1,131.0,129.307692308,75.0,0.86515881844,199.0,13.8973412808,118.0
2016-10-14,4,0,16.0,18.0,1,131.0,126.153846154,75.0,0.887076847047,199.0,11.1895978744,132.0
2016-10-15,5,1,18.0,21.0,0,132.0,124.846153846,90.0,0.946595798532,199.0,9.27234228019,181.0
2016-10-16,6,1,17.0,23.0,1,132.0,129.923076923,90.0,1.09836901121,199.0,17.184346806,175.0
2016-10-17,0,0,18.0,22.0,1,132.0,133.230769231,90.0,1.2267471091,199.0,20.9840739835,103.0
2016-10-18,1,0,18.0,23.0,1,132.0,131.076923077,90.0,1.16305587229,199.0,22.4857614382,133.0
2016-10-19,2,0,19.0,22.0,1,132.0,130.923076923,103.0,1.03396226415,199.0,22.4652262515,125.0
2016-10-20,3,0,19.0,21.0,0,131.0,130.384615385,103.0,0.90886203424,199.0,22.5167918932,102.0
2016-10-21,4,0,19.0,21.0,0,130.0,127.384615385,102.0,0.926283288306,199.0,23.4800683446,142.0
2016-10-22,5,1,18.0,21.0,0,130.0,129.461538462,102.0,0.952012383901,199.0,23.4868715689,156.0
2016-10-23,6,1,15.0,18.0,1,131.0,132.076923077,102.0,1.01587301587,199.0,24.3861926207,182.0
2016-10-24,0,0,16.0,20.0,1,131.0,137.692307692,102.0,1.19626168224,199.0,26.7190068199,102.0
2016-10-25,1,0,14.0,17.0,1,130.0,136.538461538,102.0,1.10859158478,182.0,27.8860742324,121.0
2016-10-26,2,0,16.0,18.0,0,127.0,136.307692308,102.0,1.02583586626,182.0,28.0010566157,123.0
2016-10-27,3,0,15.0,17.0,0,127.0,136.692307692,102.0,0.879400177913,182.0,27.7804153909,119.0
2016-10-28,4,0,11.0,15.0,0,127.0,135.692307692,102.0,0.930411380238,182.0,28.1626720088,125.0
2016-10-29,5,1,8.0,12.0,0,125.0,131.384615385,102.0,0.937061151538,182.0,25.009347365,165.0
2016-10-30,6,1,10.0,17.0,1,125.0,130.615384615,102.0,1.02738005526,182.0,23.7795596179,149.0
2016-10-31,0,0,10.0,15.0,0,127.0,134.153846154,102.0,1.0863647612,182.0,22.8097352827,115.0
