time_stamp,dayofweek,holiday,lt,ht,sunny,m2M,w2A,m1L,d3w3,m1Lar,w2Std,pay_sum
2016-08-01,0,0,27.0,32.0,0,11.0,79.9230769231,9.0,1.21322047561,119.0,24.3704156666,117.0
2016-08-02,1,0,26.0,34.0,0,11.0,83.1538461538,9.0,1.32936507937,119.0,26.2175694286,96.0
2016-08-03,2,0,26.0,36.0,1,11.0,85.0,9.0,1.30119537527,119.0,26.2121522023,103.0
2016-08-04,3,0,26.0,37.0,1,11.0,87.6923076923,9.0,1.22196442382,119.0,26.1250973215,113.0
2016-08-05,4,0,26.0,35.0,0,11.0,90.3076923077,9.0,1.19540229885,119.0,26.816712973,96.0
2016-08-06,5,1,26.0,35.0,0,19.0,91.0769230769,9.0,1.19815668203,119.0,26.8255375986,110.0
2016-08-07,6,1,26.0,34.0,0,28.0,92.0769230769,9.0,1.20970800152,119.0,27.2663826222,146.0
2016-08-08,0,0,26.0,35.0,0,49.0,96.0,9.0,1.28937728938,146.0,30.8395350658,105.0
2016-08-09,1,0,26.0,33.0,0,49.0,103.384615385,9.0,1.3009009009,146.0,17.9037532014,105.0
2016-08-10,2,0,26.0,34.0,1,68.0,105.384615385,9.0,1.26040007081,146.0,16.4622573531,101.0
2016-08-11,3,0,26.0,30.0,0,70.0,107.153846154,9.0,1.08211551844,146.0,14.5488363471,83.0
2016-08-12,4,0,26.0,32.0,0,72.0,107.153846154,9.0,1.00347222222,146.0,14.5488363471,108.0
2016-08-13,5,1,26.0,30.0,0,75.0,107.846153846,9.0,1.00240302094,146.0,14.3572343268,95.0
2016-08-14,6,1,27.0,33.0,0,75.0,106.0,9.0,0.982817869416,146.0,14.3473396087,122.0
2016-08-15,0,0,27.0,34.0,0,78.0,106.384615385,9.0,1.10150821895,146.0,14.6997564686,105.0
2016-08-16,1,0,26.0,34.0,1,78.0,107.076923077,9.0,1.04055582485,146.0,14.4033198014,73.0
2016-08-17,2,0,26.0,34.0,0,78.0,104.769230769,9.0,0.972289742343,146.0,17.0345975824,117.0
2016-08-18,3,0,26.0,33.0,0,79.0,105.076923077,9.0,0.938295165394,146.0,17.2156527098,108.0
2016-08-19,4,0,27.0,35.0,0,79.0,106.0,9.0,0.936665095081,146.0,17.0248686881,116.0
2016-08-20,5,1,27.0,36.0,0,80.0,106.461538462,9.0,1.06329903336,146.0,17.2074017375,127.0
2016-08-21,6,1,26.0,35.0,1,83.0,105.0,9.0,1.09040074557,146.0,14.3580585789,139.0
2016-08-22,0,0,26.0,35.0,1,83.0,107.615384615,9.0,1.17466174662,146.0,16.977534756,113.0
2016-08-23,1,0,26.0,35.0,1,84.0,108.230769231,9.0,1.15636918383,146.0,17.0165252087,147.0
2016-08-24,2,0,27.0,36.0,1,86.0,111.769230769,9.0,1.19336025123,147.0,19.7139304365,149.0
2016-08-25,3,0,27.0,36.0,0,88.0,116.846153846,73.0,1.2038263429,149.0,20.1450362424,180.0
2016-08-26,4,0,26.0,35.0,0,91.0,122.384615385,73.0,1.35092947353,180.0,25.9986344657,58.0
2016-08-27,5,1,26.0,34.0,0,91.0,119.538461538,58.0,1.12320417936,180.0,30.4797925104,176.0
2016-08-28,6,1,24.0,29.0,0,95.0,123.692307692,58.0,1.18607649334,180.0,34.0076566388,164.0
2016-08-29,0,0,22.0,33.0,1,95.0,128.230769231,58.0,1.11204246996,180.0,35.128673027,137.0
2016-08-30,1,0,23.0,33.0,1,96.0,133.153846154,58.0,1.31513647643,180.0,31.3217696569,158.0
2016-08-31,2,0,25.0,34.0,1,96.0,136.307692308,58.0,1.23636363636,180.0,31.5993783176,139.0
2016-09-01,3,0,25.0,33.0,0,97.0,138.692307692,58.0,1.143158172,180.0,30.5246044903,111.0
2016-09-02,4,0,26.0,31.0,0,97.0,138.307692308,58.0,1.07340173639,180.0,30.8380000733,88.0
2016-09-03,5,1,25.0,32.0,1,97.0,135.307692308,58.0,0.891702941564,180.0,33.5682648102,121.0
2016-09-04,6,1,24.0,33.0,1,99.0,133.923076923,58.0,0.844550013196,180.0,33.758102249,178.0
2016-09-05,0,0,26.0,32.0,1,100.0,138.923076923,58.0,0.99268949596,180.0,35.0767543856,93.0
2016-09-06,1,0,25.0,32.0,0,100.0,134.769230769,58.0,0.997836324297,180.0,37.0179869921,108.0
2016-09-07,2,0,26.0,32.0,0,101.0,131.615384615,58.0,0.968071519796,180.0,37.4156249992,76.0
2016-09-08,3,0,25.0,30.0,0,101.0,123.615384615,58.0,0.716317558831,180.0,37.3332981121,93.0
2016-09-09,4,0,25.0,32.0,1,101.0,126.307692308,58.0,0.722765818656,180.0,33.5774297257,81.0
2016-09-10,5,1,24.0,30.0,1,101.0,119.0,58.0,0.664275275674,180.0,32.2800247831,96.0
2016-09-11,6,1,24.0,28.0,0,101.0,113.769230769,58.0,0.729927007299,180.0,29.9927012818,128.0
2016-09-12,0,0,22.0,28.0,1,103.0,113.076923077,58.0,0.819562004568,180.0,29.5490766183,88.0
2016-09-13,1,0,25.0,31.0,1,103.0,107.692307692,58.0,0.858794384806,180.0,27.1530834497,82.0
2016-09-14,2,0,25.0,28.0,0,103.0,103.307692308,58.0,0.843595187544,180.0,26.3333208499,102.0
2016-09-15,3,1,24.0,27.0,0,103.0,102.615384615,58.0,0.796369492022,180.0,26.240129167,91.0
2016-09-16,4,1,25.0,31.0,0,103.0,102.846153846,58.0,0.793650793651,180.0,26.1235118202,101.0
2016-09-17,5,1,24.0,31.0,0,103.0,101.307692308,58.0,0.876957494407,180.0,25.5926209779,102.0
2016-09-18,6,0,22.0,33.0,1,103.0,95.4615384615,58.0,0.901978831109,180.0,12.9769937529,86.0
2016-09-19,0,0,21.0,31.0,1,103.0,94.9230769231,58.0,0.90794847628,180.0,13.2110765791,80.0
2016-09-20,1,0,21.0,29.0,1,103.0,92.7692307692,58.0,0.874103065884,180.0,13.1859706691,87.0
2016-09-21,2,0,22.0,28.0,1,103.0,93.6153846154,58.0,0.84672021419,180.0,12.4130109255,89.0
2016-09-22,3,0,22.0,29.0,1,103.0,93.3076923077,58.0,0.866328257191,180.0,12.4738780312,88.0
2016-09-23,4,0,22.0,29.0,1,103.0,93.8461538462,58.0,0.893401015228,180.0,12.075698125,84.0
2016-09-24,5,1,21.0,30.0,1,103.0,92.9230769231,58.0,0.900155199172,178.0,12.3317073399,193.0
2016-09-25,6,1,22.0,30.0,1,105.0,97.9230769231,76.0,1.24914442163,193.0,28.3344355279,128.0
2016-09-26,0,0,25.0,33.0,1,105.0,101.0,76.0,1.36157337368,193.0,29.2469590793,106.0
2016-09-27,1,0,25.0,31.0,0,105.0,102.846153846,76.0,1.43698468787,193.0,28.7424803647,60.0
2016-09-28,2,0,25.0,27.0,0,105.0,99.6153846154,60.0,0.997455470738,193.0,30.9330255715,91.0
2016-09-29,3,0,25.0,30.0,0,105.0,99.6153846154,60.0,0.872813720496,193.0,30.9330255715,96.0
2016-09-30,4,0,25.0,32.0,0,105.0,99.2307692308,60.0,0.832490731378,193.0,30.9445008067,86.0
2016-10-01,5,1,25.0,31.0,0,105.0,98.0,60.0,0.924796747967,193.0,31.1275292454,119.0
2016-10-02,6,1,24.0,31.0,1,105.0,100.538461538,60.0,1.02433214225,193.0,31.3898939754,146.0
2016-10-03,0,1,25.0,32.0,0,105.0,105.615384615,60.0,1.16013882003,193.0,32.9557709701,121.0
2016-10-04,1,1,25.0,32.0,0,105.0,108.230769231,60.0,1.25162127108,193.0,32.7229720442,114.0
2016-10-05,2,1,25.0,31.0,1,105.0,110.153846154,60.0,1.22823984526,193.0,32.2677408659,112.0
2016-10-06,3,1,24.0,28.0,0,105.0,112.0,60.0,1.1073879049,193.0,31.6276412701,76.0
2016-10-07,4,1,25.0,29.0,0,105.0,111.384615385,60.0,0.975452196382,193.0,32.2383872033,115.0
2016-10-08,5,0,22.0,31.0,0,106.0,105.384615385,60.0,0.972556571979,193.0,22.1794723581,79.0
2016-10-09,6,0,21.0,24.0,0,106.0,101.615384615,60.0,0.869565217391,193.0,22.1794723581,115.0
2016-10-10,0,0,18.0,21.0,0,108.0,102.307692308,60.0,0.978622327791,193.0,22.444408642,89.0
2016-10-11,1,0,19.0,24.0,0,106.0,104.538461538,60.0,0.895427938617,193.0,19.3574290434,90.0
2016-10-12,2,0,20.0,23.0,1,106.0,104.461538462,60.0,0.929791271347,193.0,19.4129829064,106.0
2016-10-13,3,0,20.0,27.0,1,106.0,105.230769231,60.0,0.893697083725,193.0,19.2599778183,82.0
2016-10-14,4,0,21.0,28.0,1,106.0,104.923076923,60.0,0.872567482737,193.0,19.5938041167,99.0
2016-10-15,5,1,23.0,28.0,1,106.0,103.384615385,60.0,0.942528735632,193.0,19.2095267292,117.0
2016-10-16,6,1,24.0,28.0,1,106.0,101.153846154,60.0,0.983985471355,193.0,15.4464143404,125.0
2016-10-17,0,0,23.0,27.0,0,106.0,101.461538462,60.0,1.11547268564,193.0,15.8726440268,73.0
2016-10-18,1,0,23.0,26.0,0,102.0,98.3076923077,60.0,1.02389078498,193.0,17.0942393148,87.0
2016-10-19,2,0,23.0,26.0,0,102.0,96.3846153846,60.0,0.928187591597,193.0,16.8501927017,103.0
2016-10-20,3,0,25.0,28.0,0,102.0,98.4615384615,60.0,0.853618954885,193.0,15.8435397396,83.0
2016-10-21,4,0,25.0,32.0,0,101.0,96.0,60.0,0.887372013652,193.0,15.5662356499,81.0
2016-10-22,5,1,24.0,30.0,0,99.0,96.1538461538,60.0,0.884252359662,193.0,15.4065228636,119.0
2016-10-23,6,1,22.0,30.0,0,99.0,96.4615384615,60.0,0.949983215844,193.0,15.8143818898,117.0
2016-10-24,0,0,21.0,26.0,0,99.0,98.6153846154,60.0,1.06626303397,146.0,16.5415024038,103.0
2016-10-25,1,0,23.0,30.0,1,101.0,99.6153846154,60.0,1.14662607813,146.0,16.3826289876,87.0
2016-10-26,2,0,24.0,31.0,1,99.0,98.1538461538,60.0,1.05173004454,146.0,16.5940033369,89.0
2016-10-27,3,0,24.0,31.0,1,96.0,98.6923076923,73.0,0.949464012251,146.0,16.1692234502,82.0
2016-10-28,4,0,22.0,33.0,1,96.0,97.3846153846,73.0,0.893042575286,146.0,16.7678192772,87.0
2016-10-29,5,1,19.0,23.0,1,93.0,95.0769230769,73.0,0.889348500517,146.0,15.9540761055,115.0
2016-10-30,6,1,18.0,22.0,1,93.0,94.3076923077,73.0,0.978972768011,146.0,14.6832432772,123.0
2016-10-31,0,0,19.0,27.0,1,93.0,98.1538461538,73.0,1.10094850949,146.0,15.1395872002,84.0
