time_stamp,dayofweek,holiday,lt,ht,sunny,m2M,w2A,m1L,d3w3,m1Lar,w2Std,pay_sum
2016-08-01,0,0,28.0,34.0,1,193.0,200.307692308,159.0,1.02614864308,252.0,19.3167309521,235.0
2016-08-02,1,0,28.0,34.0,0,193.0,200.846153846,159.0,1.09963946247,252.0,20.1603043088,210.0
2016-08-03,2,0,26.0,32.0,0,193.0,203.0,159.0,1.05742638686,252.0,19.5172507522,201.0
2016-08-04,3,0,27.0,32.0,0,193.0,203.769230769,159.0,1.04025764895,252.0,19.2239988082,185.0
2016-08-05,4,0,27.0,33.0,0,193.0,201.615384615,159.0,0.967925294356,252.0,19.633325129,274.0
2016-08-06,5,1,27.0,33.0,1,194.0,205.153846154,159.0,1.05439731608,274.0,26.8782043638,228.0
2016-08-07,6,1,27.0,34.0,1,195.0,207.615384615,159.0,1.10388045312,274.0,27.3876402824,239.0
2016-08-08,0,0,27.0,34.0,0,196.0,210.769230769,159.0,1.18295019157,274.0,28.4392844391,217.0
2016-08-09,1,0,28.0,34.0,1,196.0,212.076923077,159.0,1.09483793517,274.0,28.3045566825,206.0
2016-08-10,2,0,28.0,34.0,1,198.0,214.230769231,159.0,1.05355295616,274.0,26.6462693193,229.0
2016-08-11,3,0,28.0,35.0,1,198.0,218.923076923,159.0,1.02831007018,274.0,23.2460469376,231.0
2016-08-12,4,0,28.0,34.0,1,199.0,222.384615385,159.0,1.04593639576,274.0,21.359697713,239.0
2016-08-13,5,1,28.0,35.0,1,199.0,223.0,168.0,1.09492481203,274.0,21.7113936767,264.0
2016-08-14,6,1,28.0,36.0,1,200.0,227.538461538,168.0,1.13166820845,274.0,23.5620796542,257.0
2016-08-15,0,0,28.0,35.0,1,200.0,229.230769231,168.0,1.15598144346,274.0,24.7950176327,215.0
2016-08-16,1,0,28.0,35.0,1,200.0,229.615384615,168.0,1.11565863271,274.0,24.5311057217,193.0
2016-08-17,2,0,28.0,35.0,1,200.0,229.0,168.0,1.00460759876,274.0,25.3286095461,222.0
2016-08-18,3,0,28.0,36.0,1,200.0,231.846153846,168.0,0.940228341169,274.0,22.0971496729,201.0
2016-08-19,4,0,29.0,36.0,1,201.0,226.230769231,168.0,0.916257623085,274.0,19.8306439096,227.0
2016-08-20,5,1,28.0,37.0,0,201.0,226.153846154,168.0,0.967693910972,274.0,19.8255707216,281.0
2016-08-21,6,1,28.0,35.0,0,201.0,229.384615385,168.0,1.03791538574,281.0,24.5216967086,252.0
2016-08-22,0,0,28.0,35.0,1,205.0,232.076923077,168.0,1.10843724933,281.0,24.9320971331,218.0
2016-08-23,1,0,26.0,34.0,1,206.0,233.0,168.0,1.0933973939,281.0,24.1597249093,227.0
2016-08-24,2,0,26.0,34.0,1,206.0,232.846153846,168.0,1.00904813608,281.0,24.1910541439,214.0
2016-08-25,3,0,27.0,35.0,1,208.0,231.538461538,168.0,0.948065026615,281.0,24.7094357082,240.0
2016-08-26,4,0,26.0,34.0,0,210.0,231.615384615,168.0,0.986956521739,281.0,24.7340887831,262.0
2016-08-27,5,1,23.0,31.0,1,212.0,231.461538462,185.0,1.03006761617,281.0,24.5376175403,280.0
2016-08-28,6,1,22.0,30.0,1,213.0,233.230769231,185.0,1.11515151515,281.0,27.0189501765,268.0
2016-08-29,0,0,23.0,31.0,1,214.0,237.307692308,185.0,1.14261531951,281.0,27.9433069333,248.0
2016-08-30,1,0,23.0,31.0,1,214.0,241.538461538,185.0,1.1129753915,281.0,24.9140534472,230.0
2016-08-31,2,0,25.0,34.0,1,215.0,242.153846154,185.0,1.04284615922,281.0,24.5195248851,221.0
2016-09-01,3,0,26.0,33.0,1,217.0,243.692307692,185.0,0.979197310359,281.0,22.4272657388,243.0
2016-09-02,4,0,25.0,34.0,1,218.0,244.923076923,185.0,0.971376583386,281.0,21.9105227212,286.0
2016-09-03,5,1,25.0,35.0,1,220.0,245.307692308,193.0,1.04493207941,286.0,22.5742692714,301.0
2016-09-04,6,1,25.0,33.0,1,221.0,249.076923077,193.0,1.1458549044,301.0,27.0283655514,280.0
2016-09-05,0,0,25.0,30.0,0,222.0,253.846153846,193.0,1.18103800572,301.0,26.5904730014,209.0
2016-09-06,1,0,22.0,27.0,0,221.0,252.461538462,193.0,1.07264086897,301.0,28.3619880626,217.0
2016-09-07,2,0,20.0,24.0,0,220.0,252.692307692,193.0,0.959565069657,301.0,28.0586874395,180.0
2016-09-08,3,0,22.0,29.0,1,220.0,248.076923077,180.0,0.827190827191,301.0,34.0598151187,245.0
2016-09-09,4,0,23.0,31.0,1,221.0,246.769230769,180.0,0.873113015096,301.0,33.8256931162,279.0
2016-09-10,5,1,24.0,29.0,1,222.0,246.692307692,180.0,0.957823129252,301.0,33.7510902739,285.0
2016-09-11,6,1,23.0,26.0,0,227.0,248.0,180.0,1.09331711602,301.0,34.8623667496,209.0
2016-09-12,0,0,23.0,29.0,1,227.0,245.0,180.0,1.0465746006,301.0,36.3783536651,210.0
2016-09-13,1,0,23.0,30.0,1,227.0,243.461538462,180.0,0.956456762448,301.0,37.3890469042,272.0
2016-09-14,2,0,22.0,24.0,0,227.0,247.384615385,180.0,0.927828130245,301.0,37.5018737204,189.0
2016-09-15,3,1,23.0,26.0,0,227.0,243.230769231,180.0,0.910324243658,301.0,40.6185896171,138.0
2016-09-16,4,1,23.0,27.0,0,227.0,231.846153846,138.0,0.833681280445,301.0,47.2372834395,231.0
2016-09-17,5,1,23.0,27.0,0,227.0,226.461538462,138.0,0.784644589749,301.0,42.8317197065,265.0
2016-09-18,6,0,23.0,28.0,0,227.0,225.307692308,138.0,0.892078232728,301.0,41.5569759309,235.0
2016-09-19,0,0,21.0,27.0,0,228.0,227.307692308,138.0,1.03139329806,301.0,41.3491412159,224.0
2016-09-20,1,0,20.0,26.0,1,228.0,227.846153846,138.0,1.02281556827,301.0,41.2568803658,232.0
2016-09-21,2,0,20.0,27.0,1,228.0,231.846153846,138.0,0.973925299507,301.0,38.8762259838,216.0
2016-09-22,3,0,21.0,27.0,1,228.0,229.615384615,138.0,0.952583457368,301.0,38.8894655729,248.0
2016-09-23,4,0,21.0,27.0,1,229.0,227.230769231,138.0,0.994640943194,301.0,36.675613038,283.0
2016-09-24,5,1,22.0,28.0,1,230.0,227.076923077,138.0,1.07165913493,301.0,36.4363756081,299.0
2016-09-25,6,1,23.0,29.0,1,231.0,234.0,138.0,1.18588369767,301.0,40.650480175,260.0
2016-09-26,0,0,24.0,31.0,1,231.0,237.846153846,138.0,1.19002190658,301.0,40.5630490317,222.0
2016-09-27,1,0,25.0,30.0,0,231.0,234.0,138.0,1.10264012424,301.0,39.498782844,255.0
2016-09-28,2,0,22.0,28.0,0,231.0,239.076923077,138.0,1.02425126815,301.0,37.5836739074,196.0
2016-09-29,3,0,22.0,25.0,0,231.0,243.538461538,138.0,0.944959281101,301.0,27.3766194031,124.0
2016-09-30,4,0,23.0,28.0,0,231.0,235.307692308,124.0,0.834603381958,301.0,42.0574417002,327.0
2016-10-01,5,1,24.0,29.0,0,231.0,240.076923077,124.0,0.930600503416,327.0,48.2181924468,256.0
2016-10-02,6,1,24.0,32.0,1,232.0,241.692307692,124.0,1.00669229674,327.0,48.3725679021,265.0
2016-10-03,0,1,22.0,26.0,1,235.0,244.846153846,124.0,1.19344170009,327.0,48.4527464552,265.0
2016-10-04,1,1,22.0,26.0,1,235.0,247.384615385,124.0,1.10782241015,327.0,48.5775168975,230.0
2016-10-05,2,1,22.0,27.0,1,235.0,248.461538462,124.0,1.06197163418,327.0,48.0218145696,291.0
2016-10-06,3,1,22.0,26.0,0,235.0,251.769230769,124.0,1.0641754671,327.0,49.3389436545,253.0
2016-10-07,4,1,20.0,25.0,0,239.0,249.461538462,124.0,1.0432672867,327.0,48.5190135365,223.0
2016-10-08,5,0,17.0,22.0,0,239.0,243.615384615,124.0,1.04268624252,327.0,46.7440468633,225.0
2016-10-09,6,0,18.0,22.0,1,239.0,240.923076923,124.0,0.954910775099,327.0,46.730753403,234.0
2016-10-10,0,0,18.0,22.0,1,239.0,241.846153846,124.0,0.927134312126,327.0,46.4656136776,224.0
2016-10-11,1,0,19.0,25.0,1,235.0,239.461538462,124.0,0.930010893246,327.0,46.5247913807,207.0
2016-10-12,2,0,19.0,23.0,1,234.0,240.307692308,124.0,0.907168678808,327.0,45.8213665568,250.0
2016-10-13,3,0,19.0,23.0,1,234.0,250.0,124.0,0.928615258744,327.0,31.1818487635,273.0
2016-10-14,4,0,19.0,23.0,0,235.0,245.846153846,124.0,0.997472159596,327.0,23.2307692308,269.0
2016-10-15,5,1,21.0,25.0,1,240.0,246.846153846,124.0,1.08888430604,327.0,23.9160266633,342.0
2016-10-16,6,1,20.0,26.0,1,243.0,252.769230769,124.0,1.19515987291,342.0,34.7566348866,282.0
2016-10-17,0,0,20.0,25.0,1,245.0,254.076923077,124.0,1.19281373138,342.0,35.5039792753,266.0
2016-10-18,1,0,20.0,25.0,1,248.0,256.846153846,124.0,1.18619218979,342.0,34.9171462263,262.0
2016-10-19,2,0,20.0,24.0,0,248.0,254.615384615,124.0,1.06550907656,342.0,33.5640340051,248.0
2016-10-20,3,0,20.0,23.0,0,248.0,254.230769231,124.0,0.996404725218,342.0,33.6089590761,178.0
2016-10-21,4,0,0.0,21.0,0,248.0,250.769230769,124.0,0.90951153414,342.0,38.5948459017,196.0
2016-10-22,5,1,19.0,23.0,0,248.0,248.538461538,124.0,0.832162686467,342.0,40.7952021776,176.0
2016-10-23,6,1,18.0,23.0,1,248.0,244.076923077,124.0,0.749216727966,342.0,45.0870295838,283.0
2016-10-24,0,0,20.0,24.0,1,248.0,248.615384615,124.0,0.88897937025,342.0,45.8014753903,273.0
2016-10-25,1,0,18.0,22.0,1,248.0,253.692307692,124.0,0.984863773966,342.0,44.5479596621,259.0
2016-10-26,2,0,19.0,21.0,0,248.0,254.384615385,124.0,1.10366307807,342.0,44.5551317282,152.0
2016-10-27,3,0,18.0,22.0,0,248.0,245.076923077,124.0,0.94566569888,342.0,51.7515685953,198.0
2016-10-28,4,0,15.0,20.0,0,245.0,239.615384615,124.0,0.846362309777,342.0,52.6768646657,279.0
2016-10-29,5,1,13.0,17.0,1,248.0,234.769230769,152.0,0.864426578712,342.0,45.4349134581,289.0
2016-10-30,6,1,14.0,18.0,1,248.0,235.307692308,152.0,1.04090229651,342.0,46.0290620827,315.0
2016-10-31,0,0,13.0,17.0,0,250.0,239.076923077,152.0,1.17804015743,342.0,50.2049055808,204.0
