time_stamp,dayofweek,holiday,lt,ht,sunny,m2M,w2A,m1L,d3w3,m1Lar,w2Std,pay_sum
2016-08-01,0,0,26.0,34.0,1,94.0,83.3846153846,51.0,0.923268870867,113.0,11.4457816317,98.0
2016-08-02,1,0,24.0,33.0,1,94.0,85.1538461538,51.0,0.955322215359,113.0,11.7855593115,83.0
2016-08-03,2,0,23.0,33.0,1,94.0,85.7692307692,51.0,1.02312257008,106.0,11.4431964749,71.0
2016-08-04,3,0,23.0,31.0,1,94.0,83.3076923077,51.0,1.03831891224,106.0,10.9008441126,63.0
2016-08-05,4,0,24.0,32.0,0,94.0,82.2307692308,51.0,0.902474526929,106.0,12.0967500159,80.0
2016-08-06,5,1,23.0,30.0,1,94.0,81.6153846154,51.0,0.888888888889,106.0,11.9906275036,51.0
2016-08-07,6,1,23.0,30.0,0,91.0,80.0769230769,51.0,0.805815160955,106.0,14.3122407989,60.0
2016-08-08,0,0,22.0,30.0,1,91.0,77.4615384615,51.0,0.800838574423,103.0,14.6319743902,78.0
2016-08-09,1,0,23.0,31.0,1,91.0,76.2307692308,51.0,0.790960451977,103.0,13.8405971756,87.0
2016-08-10,2,0,25.0,33.0,1,91.0,75.6923076923,51.0,0.934579439252,103.0,13.2629304998,79.0
2016-08-11,3,0,25.0,34.0,1,91.0,74.7692307692,51.0,1.02888467215,103.0,12.5646258394,92.0
2016-08-12,4,0,26.0,36.0,1,91.0,75.0769230769,51.0,1.07769423559,103.0,12.928570261,87.0
2016-08-13,5,1,27.0,37.0,1,89.0,76.7692307692,51.0,1.07836990596,103.0,12.9386353231,94.0
2016-08-14,6,1,27.0,38.0,1,89.0,78.6923076923,51.0,1.12484548826,103.0,13.4872282343,88.0
2016-08-15,0,0,28.0,38.0,1,89.0,77.9230769231,51.0,1.11248966088,103.0,12.6214807035,90.0
2016-08-16,1,0,27.0,37.0,1,89.0,78.4615384615,51.0,1.12769485904,103.0,12.9710647485,95.0
2016-08-17,2,0,26.0,37.0,1,89.0,80.3076923077,51.0,1.13113735239,103.0,13.4758166037,85.0
2016-08-18,3,0,27.0,37.0,1,88.0,82.0,51.0,1.12289457268,103.0,12.5453025226,81.0
2016-08-19,4,0,27.0,37.0,1,88.0,82.0769230769,51.0,1.09022556391,103.0,12.5358657058,87.0
2016-08-20,5,1,26.0,37.0,1,88.0,84.8461538462,51.0,1.04243922538,98.0,8.77799831612,87.0
2016-08-21,6,1,26.0,35.0,1,87.0,86.9230769231,51.0,1.0391198044,98.0,5.06057975489,80.0
2016-08-22,0,0,25.0,35.0,1,87.0,87.0769230769,51.0,1.04655953852,98.0,4.81122946803,74.0
2016-08-23,1,0,25.0,35.0,1,87.0,86.0769230769,51.0,0.998549823907,98.0,5.94152969764,84.0
2016-08-24,2,0,26.0,35.0,1,87.0,86.4615384615,51.0,0.978216193999,98.0,5.62433428013,111.0
2016-08-25,3,0,22.0,27.0,0,87.0,87.9230769231,51.0,1.07385229541,111.0,8.5706254907,77.0
2016-08-26,4,0,20.0,24.0,0,85.0,87.1538461538,51.0,1.08778244351,111.0,9.05407816185,75.0
2016-08-27,5,1,18.0,29.0,1,85.0,85.6923076923,51.0,1.03686181747,111.0,9.35936072262,97.0
2016-08-28,6,1,19.0,31.0,1,85.0,86.3846153846,51.0,0.960648148148,111.0,9.82569990882,93.0
2016-08-29,0,0,20.0,30.0,1,85.0,86.6153846154,51.0,1.01357812201,111.0,9.94243788042,101.0
2016-08-30,1,0,20.0,28.0,1,85.0,87.0769230769,51.0,1.10415480933,111.0,10.4473886208,100.0
2016-08-31,2,0,19.0,31.0,1,85.0,88.2307692308,51.0,1.10236220472,111.0,10.9695652123,89.0
2016-09-01,3,0,19.0,33.0,1,85.0,88.8461538462,51.0,1.08920187793,111.0,10.7692307692,120.0
2016-09-02,4,0,20.0,33.0,1,85.0,91.3846153846,51.0,1.13938053097,120.0,13.5620424009,94.0
2016-09-03,5,1,20.0,30.0,1,85.0,91.9230769231,51.0,1.11725663717,120.0,13.5161529487,118.0
2016-09-04,6,1,19.0,31.0,1,85.0,94.8461538462,51.0,1.20420747189,120.0,14.6804220954,78.0
2016-09-05,0,0,21.0,29.0,1,85.0,95.1538461538,60.0,1.05878057685,120.0,14.2766412439,102.0
2016-09-06,1,0,16.0,26.0,0,85.0,96.5384615385,74.0,1.08383342426,120.0,13.9978865691,110.0
2016-09-07,2,0,16.0,28.0,1,85.0,96.4615384615,74.0,1.04054538931,120.0,13.9207392853,76.0
2016-09-08,3,0,19.0,31.0,1,84.0,96.3846153846,74.0,1.0361575823,120.0,14.0303981058,95.0
2016-09-09,4,0,18.0,27.0,0,85.0,97.9230769231,74.0,1.00662726133,120.0,12.6275738486,121.0
2016-09-10,5,1,17.0,29.0,1,87.0,99.7692307692,74.0,1.02726473175,121.0,14.0337716086,110.0
2016-09-11,6,1,19.0,30.0,1,87.0,101.076923077,74.0,1.129004329,121.0,14.1337650189,97.0
2016-09-12,0,0,18.0,25.0,1,87.0,100.769230769,74.0,1.12251882272,121.0,14.1755686151,107.0
2016-09-13,1,0,19.0,26.0,0,87.0,101.307692308,74.0,1.06206663284,121.0,14.268764247,108.0
2016-09-14,2,0,18.0,27.0,1,88.0,102.769230769,74.0,1.05691056911,121.0,13.9015983926,104.0
2016-09-15,3,1,19.0,27.0,0,88.0,101.538461538,74.0,1.06599832916,121.0,13.0006827313,58.0
2016-09-16,4,1,19.0,29.0,1,88.0,98.7692307692,58.0,0.910010111223,121.0,17.4009453596,94.0
2016-09-17,5,1,20.0,29.0,1,88.0,96.9230769231,58.0,0.864135021097,121.0,16.5132186606,111.0
2016-09-18,6,0,18.0,24.0,0,89.0,99.4615384615,58.0,0.879745776886,121.0,15.9355209643,92.0
2016-09-19,0,0,16.0,20.0,0,89.0,98.6923076923,58.0,0.997983870968,121.0,16.0354636564,111.0
2016-09-20,1,0,16.0,21.0,0,90.0,98.7692307692,58.0,1.0492898914,121.0,16.0918223195,119.0
2016-09-21,2,0,15.0,27.0,1,91.0,102.076923077,58.0,1.06008230453,121.0,15.4793238695,111.0
2016-09-22,3,0,16.0,28.0,1,92.0,103.307692308,58.0,1.12764550265,121.0,15.5037693451,107.0
2016-09-23,4,0,18.0,27.0,1,92.0,102.230769231,58.0,1.10727780516,121.0,14.7029763923,125.0
2016-09-24,5,1,17.0,24.0,0,92.0,103.384615385,58.0,1.12311722331,125.0,15.8140077222,117.0
2016-09-25,6,1,18.0,27.0,1,92.0,104.923076923,58.0,1.12128514056,125.0,16.0885125691,106.0
2016-09-26,0,0,18.0,24.0,0,92.0,104.846153846,58.0,1.11592111592,125.0,16.0807871691,126.0
2016-09-27,1,0,16.0,23.0,0,93.0,106.230769231,58.0,1.11058074781,126.0,17.0391126807,129.0
2016-09-28,2,0,15.0,24.0,1,94.0,108.153846154,58.0,1.12042209808,129.0,18.0590746583,107.0
2016-09-29,3,0,14.0,21.0,1,94.0,111.923076923,58.0,1.11728395062,129.0,10.8872652387,104.0
2016-09-30,4,0,16.0,25.0,1,94.0,112.692307692,58.0,1.05770726396,129.0,9.90248310262,145.0
2016-10-01,5,1,15.0,27.0,1,94.0,115.307692308,58.0,1.08968472605,145.0,13.0877782999,92.0
2016-10-02,6,1,17.0,29.0,1,94.0,115.307692308,58.0,1.04617272588,145.0,13.0877782999,90.0
2016-10-03,0,1,17.0,30.0,1,94.0,113.692307692,58.0,1.01113172542,145.0,14.7146427092,99.0
2016-10-04,1,1,15.0,23.0,1,95.0,112.153846154,58.0,0.872535320602,145.0,15.1192498483,85.0
2016-10-05,2,1,14.0,20.0,1,95.0,110.153846154,58.0,0.858395989975,145.0,16.7692307692,69.0
2016-10-06,3,1,14.0,18.0,0,95.0,107.230769231,58.0,0.78853046595,145.0,20.0543639838,84.0
2016-10-07,4,1,11.0,17.0,0,95.0,104.076923077,58.0,0.745263817129,145.0,20.2350097925,101.0
2016-10-08,5,0,13.0,20.0,1,95.0,102.846153846,58.0,0.799119081328,145.0,19.8952880152,90.0
2016-10-09,6,0,11.0,18.0,0,95.0,101.615384615,58.0,0.866005353488,145.0,20.155314098,100.0
2016-10-10,0,0,12.0,18.0,1,97.0,99.6153846154,58.0,0.921177587844,145.0,18.8864561221,102.0
2016-10-11,1,0,12.0,18.0,1,97.0,97.5384615385,58.0,0.931865326312,145.0,16.9234265698,56.0
2016-10-12,2,0,12.0,18.0,0,97.0,93.6153846154,56.0,0.845624385447,145.0,19.9211463276,96.0
2016-10-13,3,0,12.0,18.0,1,97.0,93.0,56.0,0.837040698632,145.0,19.713330125,128.0
2016-10-14,4,0,12.0,18.0,0,99.0,91.6923076923,56.0,0.921355709115,145.0,16.5268295409,126.0
2016-10-15,5,1,11.0,18.0,1,100.0,94.3076923077,56.0,1.1466011466,145.0,18.889902127,150.0
2016-10-16,6,1,11.0,20.0,1,100.0,98.9230769231,56.0,1.29549462883,150.0,23.9308668989,136.0
2016-10-17,0,0,12.0,23.0,1,101.0,101.769230769,56.0,1.31482367959,150.0,25.890758215,131.0
2016-10-18,1,0,12.0,24.0,1,101.0,105.307692308,56.0,1.32950741272,150.0,26.4934959083,134.0
2016-10-19,2,0,15.0,24.0,1,102.0,110.307692308,56.0,1.26219704123,150.0,25.2750549429,120.0
2016-10-20,3,0,16.0,23.0,1,102.0,113.076923077,56.0,1.20274914089,150.0,24.1898311072,116.0
2016-10-21,4,0,14.0,20.0,0,104.0,114.230769231,56.0,1.17181314331,150.0,23.9427324646,130.0
2016-10-22,5,1,12.0,16.0,0,104.0,117.307692308,56.0,1.13859076062,150.0,23.1894691464,117.0
2016-10-23,6,1,10.0,15.0,1,104.0,118.615384615,56.0,1.11520737327,150.0,22.6496339299,102.0
2016-10-24,0,0,10.0,13.0,0,104.0,118.615384615,56.0,1.07071636754,150.0,22.6496339299,131.0
2016-10-25,1,0,10.0,15.0,0,106.0,124.384615385,56.0,1.05152471083,150.0,13.7814728561,122.0
2016-10-26,2,0,9.0,12.0,0,107.0,126.384615385,56.0,1.04166666667,150.0,11.1530503695,148.0
2016-10-27,3,0,7.0,11.0,0,107.0,127.923076923,56.0,1.14440639269,150.0,12.5603866823,122.0
2016-10-28,4,0,7.0,10.0,1,107.0,127.615384615,56.0,1.1087540659,150.0,12.6523847648,139.0
2016-10-29,5,1,6.0,14.0,1,108.0,126.769230769,56.0,1.13327791632,150.0,11.4364723323,165.0
2016-10-30,6,1,6.0,12.0,1,110.0,129.0,56.0,1.14933225415,165.0,15.2214423657,146.0
2016-10-31,0,0,6.0,14.0,1,110.0,130.153846154,56.0,1.19284294235,165.0,15.8834512518,140.0
