time_stamp,dayofweek,holiday,lt,ht,sunny,m2M,w2A,m1L,d3w3,m1Lar,w2Std,pay_sum
2016-08-01,0,0,28.0,34.0,1,66.0,82.8461538462,43.0,0.938490805327,102.0,13.5410836622,76.0
2016-08-02,1,0,28.0,34.0,0,67.0,81.1538461538,46.0,0.896710664153,102.0,12.9010801805,82.0
2016-08-03,2,0,26.0,32.0,0,69.0,80.3076923077,46.0,0.944515036002,102.0,12.449186661,92.0
2016-08-04,3,0,27.0,32.0,0,69.0,80.5384615385,46.0,1.04427736007,102.0,12.6346007493,88.0
2016-08-05,4,0,27.0,33.0,0,69.0,79.6923076923,46.0,1.08962362237,102.0,11.7039415805,96.0
2016-08-06,5,1,27.0,33.0,1,70.0,81.3076923077,46.0,1.11582777441,102.0,12.3748169552,72.0
2016-08-07,6,1,27.0,34.0,1,71.0,82.4615384615,46.0,1.02318145484,102.0,10.6309807393,65.0
2016-08-08,0,0,27.0,34.0,0,71.0,80.3846153846,46.0,0.942556634304,102.0,11.1874824386,101.0
2016-08-09,1,0,28.0,34.0,1,71.0,82.6923076923,50.0,0.961033716939,102.0,12.0727577334,79.0
2016-08-10,2,0,28.0,34.0,1,72.0,82.6923076923,50.0,0.99776013032,102.0,12.0727577334,81.0
2016-08-11,3,0,28.0,35.0,1,73.0,81.0769230769,50.0,1.06813996317,102.0,10.7091731956,98.0
2016-08-12,4,0,28.0,34.0,1,73.0,82.1538461538,50.0,1.05651105651,102.0,11.6146204537,86.0
2016-08-13,5,1,28.0,35.0,1,73.0,83.1538461538,50.0,1.0778930242,102.0,11.3398287455,75.0
2016-08-14,6,1,28.0,36.0,1,75.0,83.9230769231,50.0,1.04204385436,102.0,10.3809110202,59.0
2016-08-15,0,0,28.0,35.0,1,75.0,82.6153846154,53.0,0.903119868637,102.0,12.2067979896,106.0
2016-08-16,1,0,28.0,35.0,1,75.0,84.4615384615,57.0,0.964436407474,106.0,13.6979245178,79.0
2016-08-17,2,0,28.0,35.0,1,76.0,83.4615384615,57.0,0.980510347599,106.0,13.5851467794,90.0
2016-08-18,3,0,28.0,36.0,1,76.0,83.6153846154,57.0,1.11313499292,106.0,13.6468562823,90.0
2016-08-19,4,0,29.0,36.0,1,79.0,83.1538461538,57.0,1.04456543658,106.0,13.3176929964,84.0
2016-08-20,5,1,28.0,37.0,0,79.0,84.0769230769,57.0,1.05769230769,106.0,12.9226190395,73.0
2016-08-21,6,1,28.0,35.0,0,79.0,84.6923076923,57.0,0.984848484848,106.0,12.1679567552,62.0
2016-08-22,0,0,28.0,35.0,1,79.0,81.6923076923,57.0,0.880579010856,106.0,12.5782756271,92.0
2016-08-23,1,0,26.0,34.0,1,79.0,82.6923076923,59.0,0.907274180655,106.0,12.8385514123,103.0
2016-08-24,2,0,26.0,34.0,1,79.0,84.3846153846,59.0,1.02044867977,106.0,13.9092579105,82.0
2016-08-25,3,0,27.0,35.0,1,81.0,83.1538461538,59.0,1.10380553895,106.0,13.3465417811,98.0
2016-08-26,4,0,26.0,34.0,0,81.0,84.0769230769,59.0,1.1263681592,106.0,13.9143619133,86.0
2016-08-27,5,1,23.0,31.0,1,82.0,84.9230769231,59.0,1.0499309256,106.0,13.6689515577,65.0
2016-08-28,6,1,22.0,30.0,1,81.0,85.3846153846,59.0,0.982830076969,106.0,12.8634153949,74.0
2016-08-29,0,0,23.0,31.0,1,81.0,82.9230769231,59.0,0.902527075812,106.0,11.6912955027,96.0
2016-08-30,1,0,23.0,31.0,1,82.0,84.2307692308,59.0,0.933095096287,106.0,12.122159278,77.0
2016-08-31,2,0,25.0,34.0,1,82.0,83.2307692308,59.0,0.983084577114,106.0,12.1411813274,81.0
2016-09-01,3,0,26.0,33.0,1,82.0,82.5384615385,59.0,1.02131081624,106.0,11.9911209755,80.0
2016-09-02,4,0,25.0,34.0,1,81.0,82.2307692308,59.0,0.960451977401,106.0,12.0009861528,89.0
2016-09-03,5,1,25.0,35.0,1,82.0,83.4615384615,59.0,1.00040016006,106.0,11.8101350518,69.0
2016-09-04,6,1,25.0,33.0,1,81.0,84.0,59.0,0.946698488465,106.0,10.9474268139,73.0
2016-09-05,0,0,25.0,30.0,0,81.0,82.5384615385,59.0,0.937309799148,106.0,11.0496459018,87.0
2016-09-06,1,0,22.0,27.0,0,81.0,81.3076923077,59.0,0.924692105794,106.0,9.48184188034,97.0
2016-09-07,2,0,20.0,24.0,0,81.0,82.4615384615,59.0,1.03337354242,106.0,10.3672219008,92.0
2016-09-08,3,0,22.0,29.0,1,82.0,82.0,59.0,1.10843373494,106.0,9.78224451199,112.0
2016-09-09,4,0,23.0,31.0,1,82.0,84.0,59.0,1.1887835703,112.0,12.6369421813,98.0
2016-09-10,5,1,24.0,29.0,1,84.0,86.5384615385,59.0,1.1753259389,112.0,11.855640557,79.0
2016-09-11,6,1,23.0,26.0,0,82.0,86.9230769231,59.0,1.11368015414,112.0,11.5189578753,46.0
2016-09-12,0,0,23.0,29.0,1,82.0,83.0769230769,46.0,0.882818685669,112.0,15.5041509998,92.0
2016-09-13,1,0,23.0,30.0,1,84.0,84.2307692308,46.0,0.864714086471,112.0,15.566995887,69.0
2016-09-14,2,0,22.0,24.0,0,84.0,83.3076923077,46.0,0.831325301205,112.0,16.0785792301,62.0
2016-09-15,3,1,23.0,26.0,0,84.0,81.9230769231,46.0,0.915435139573,112.0,17.0495275751,49.0
2016-09-16,4,1,23.0,27.0,0,82.0,78.8461538462,46.0,0.756143667297,112.0,18.9933030864,42.0
2016-09-17,5,1,23.0,27.0,0,82.0,76.7692307692,42.0,0.652173913043,112.0,21.293385922,42.0
2016-09-18,6,0,23.0,28.0,0,81.0,74.3846153846,42.0,0.578764142733,112.0,23.2297503597,74.0
2016-09-19,0,0,21.0,27.0,0,81.0,73.3846153846,42.0,0.697571743929,112.0,22.9432023167,71.0
2016-09-20,1,0,20.0,26.0,1,80.0,71.3846153846,42.0,0.82890070922,112.0,21.9072817593,85.0
2016-09-21,2,0,20.0,27.0,1,81.0,70.8461538462,42.0,1.01679929266,112.0,21.4757328301,80.0
2016-09-22,3,0,21.0,27.0,1,81.0,68.3846153846,42.0,1.0433244916,112.0,18.2020221258,86.0
2016-09-23,4,0,21.0,27.0,1,81.0,67.4615384615,42.0,1.11184939092,112.0,16.9370571625,82.0
2016-09-24,5,1,22.0,28.0,1,81.0,67.6923076923,42.0,1.0891523935,112.0,17.1122296141,52.0
2016-09-25,6,1,23.0,29.0,1,81.0,68.1538461538,42.0,0.979737252282,112.0,16.5940033369,65.0
2016-09-26,0,0,24.0,31.0,1,81.0,66.0769230769,42.0,0.899435028249,112.0,15.1020199284,92.0
2016-09-27,1,0,25.0,30.0,0,81.0,67.8461538462,42.0,0.947845804989,112.0,16.6125353682,82.0
2016-09-28,2,0,22.0,28.0,0,81.0,69.3846153846,42.0,1.09132420091,112.0,16.9230769231,80.0
2016-09-29,3,0,22.0,25.0,0,81.0,71.7692307692,42.0,1.1858076564,112.0,16.0439485172,70.0
2016-09-30,4,0,23.0,28.0,0,81.0,73.9230769231,42.0,1.10476190476,112.0,13.595596224,106.0
2016-10-01,5,1,24.0,29.0,0,81.0,78.8461538462,42.0,1.19598224714,112.0,12.7027928719,51.0
2016-10-02,6,1,24.0,32.0,1,81.0,77.0769230769,42.0,1.05679702048,112.0,14.6993539286,65.0
2016-10-03,0,1,22.0,26.0,1,80.0,76.6153846154,42.0,1.05338078292,112.0,14.9745345968,46.0
2016-10-04,1,1,22.0,26.0,1,80.0,73.6153846154,42.0,0.781476121563,112.0,16.7907413202,38.0
2016-10-05,2,1,22.0,27.0,1,80.0,70.3846153846,38.0,0.73146784487,112.0,19.1292706103,52.0
2016-10-06,3,1,22.0,26.0,0,80.0,67.7692307692,38.0,0.666176830762,112.0,19.1397847675,65.0
2016-10-07,4,1,20.0,25.0,0,80.0,66.4615384615,38.0,0.746628131021,112.0,18.6984795129,52.0
2016-10-08,5,0,17.0,22.0,0,80.0,66.4615384615,38.0,0.808225729316,106.0,18.6984795129,58.0
2016-10-09,6,0,18.0,22.0,1,79.0,65.9230769231,38.0,0.84663763909,106.0,18.8331195114,64.0
2016-10-10,0,0,18.0,22.0,1,79.0,63.7692307692,38.0,0.846097738877,106.0,17.2633620317,73.0
2016-10-11,1,0,19.0,25.0,1,77.0,63.0769230769,38.0,0.956585724798,106.0,16.6892943044,92.0
2016-10-12,2,0,19.0,23.0,1,79.0,64.0,38.0,1.11354242645,106.0,17.88854382,77.0
2016-10-13,3,0,19.0,23.0,1,79.0,64.5384615385,38.0,1.18453255017,106.0,18.1642734069,86.0
2016-10-14,4,0,19.0,23.0,0,79.0,63.0,38.0,1.24450951684,106.0,15.1910905063,89.0
2016-10-15,5,1,21.0,25.0,1,79.0,65.9230769231,38.0,1.19743406985,106.0,16.2218349453,64.0
2016-10-16,6,1,20.0,26.0,1,77.0,65.8461538462,38.0,1.13647170709,106.0,16.2283993895,67.0
2016-10-17,0,0,20.0,25.0,1,77.0,67.4615384615,38.0,1.06511740499,106.0,15.184077615,71.0
2016-10-18,1,0,20.0,25.0,1,74.0,70.0,38.0,0.985846754514,106.0,12.5820384798,97.0
2016-10-19,2,0,20.0,24.0,0,77.0,73.4615384615,38.0,1.13280308508,106.0,13.3221353371,87.0
2016-10-20,3,0,20.0,23.0,0,77.0,75.1538461538,38.0,1.21428571429,106.0,13.5354017521,70.0
2016-10-21,4,0,0.0,21.0,0,77.0,76.5384615385,38.0,1.24144672532,106.0,11.920347082,57.0
2016-10-22,5,1,19.0,23.0,0,74.0,76.4615384615,38.0,1.04136253041,106.0,12.0423316463,61.0
2016-10-23,6,1,18.0,23.0,1,74.0,76.2307692308,38.0,0.917520741825,106.0,12.3048073542,84.0
2016-10-24,0,0,20.0,24.0,1,74.0,77.0769230769,38.0,0.959164292498,106.0,12.4311119526,92.0
2016-10-25,1,0,18.0,22.0,1,74.0,77.0769230769,38.0,1.08367626886,106.0,12.4311119526,91.0
2016-10-26,2,0,19.0,21.0,0,74.0,78.1538461538,38.0,1.18904475618,106.0,12.9724332208,83.0
2016-10-27,3,0,18.0,22.0,0,77.0,77.9230769231,38.0,1.17051705171,106.0,12.8569737943,79.0
2016-10-28,4,0,15.0,20.0,0,77.0,77.1538461538,38.0,1.09381755296,106.0,12.4643871388,92.0
2016-10-29,5,1,13.0,17.0,1,77.0,79.3076923077,38.0,1.0744500846,106.0,12.4244462213,45.0
2016-10-30,6,1,14.0,18.0,1,74.0,77.6153846154,38.0,0.924855491329,97.0,15.1786209039,55.0
2016-10-31,0,0,13.0,17.0,0,73.0,76.3846153846,38.0,0.831708901884,97.0,16.2742763589,62.0
