time_stamp,dayofweek,holiday,lt,ht,sunny,m2M,w2A,m1L,d3w3,m1Lar,w2Std,pay_sum
2016-08-01,0,0,28.0,34.0,1,23.0,62.7692307692,20.0,0.73196419168,104.0,23.108952132,82.0
2016-08-02,1,0,28.0,34.0,0,23.0,63.3846153846,20.0,0.747663551402,104.0,23.5029898639,68.0
2016-08-03,2,0,26.0,32.0,0,23.0,62.0769230769,20.0,0.929989550679,104.0,22.7239674842,69.0
2016-08-04,3,0,27.0,32.0,0,23.0,62.2307692308,20.0,1.12741312741,104.0,22.7635127955,5.0
2016-08-05,4,0,27.0,33.0,0,23.0,56.1538461538,5.0,0.789546844593,104.0,26.3959383643,73.0
2016-08-06,5,1,27.0,33.0,1,23.0,58.6153846154,5.0,0.801963993453,104.0,26.3600468703,37.0
2016-08-07,6,1,27.0,34.0,1,23.0,59.4615384615,5.0,0.628415300546,104.0,25.4607250625,22.0
2016-08-08,0,0,27.0,34.0,0,23.0,53.1538461538,5.0,0.750853242321,104.0,23.7449465194,65.0
2016-08-09,1,0,28.0,34.0,1,23.0,53.3076923077,5.0,0.710805388363,104.0,23.8146193477,66.0
2016-08-10,2,0,28.0,34.0,1,26.0,52.8461538462,5.0,0.891608391608,104.0,23.5039968904,73.0
2016-08-11,3,0,28.0,35.0,1,28.0,53.7692307692,5.0,1.18260869565,104.0,24.0357229209,89.0
2016-08-12,4,0,28.0,34.0,1,34.0,54.6923076923,5.0,1.31601731602,104.0,25.116297545,117.0
2016-08-13,5,1,28.0,35.0,1,37.0,61.0769230769,5.0,1.51096669374,117.0,29.2534325099,56.0
2016-08-14,6,1,28.0,36.0,1,39.0,63.2307692308,5.0,1.38514406556,117.0,27.729889029,56.0
2016-08-15,0,0,28.0,35.0,1,39.0,61.2307692308,5.0,1.25858752405,117.0,27.2372873555,72.0
2016-08-16,1,0,28.0,35.0,1,41.0,61.5384615385,5.0,1.00381887616,117.0,27.3344397717,92.0
2016-08-17,2,0,28.0,35.0,1,50.0,63.3076923077,5.0,1.18089103596,117.0,28.4804510968,83.0
2016-08-18,3,0,28.0,36.0,1,50.0,69.3076923077,5.0,1.30274261603,117.0,23.3118808118,73.0
2016-08-19,4,0,29.0,36.0,1,56.0,69.3076923077,5.0,1.31216931217,117.0,23.3118808118,107.0
2016-08-20,5,1,28.0,37.0,0,56.0,74.6923076923,5.0,1.31532883221,117.0,23.3118808118,44.0
2016-08-21,6,1,28.0,35.0,0,56.0,76.3846153846,5.0,1.1069928342,117.0,19.9866819563,39.0
2016-08-22,0,0,28.0,35.0,1,56.0,74.3846153846,5.0,0.96988259316,117.0,22.2037365585,83.0
2016-08-23,1,0,26.0,34.0,1,61.0,75.6923076923,5.0,0.837749179914,117.0,22.1720011081,83.0
2016-08-24,2,0,26.0,34.0,1,63.0,76.4615384615,5.0,1.02372034956,117.0,22.2386198542,82.0
2016-08-25,3,0,27.0,35.0,1,64.0,75.9230769231,5.0,1.17091595845,117.0,22.0120999539,103.0
2016-08-26,4,0,26.0,34.0,0,65.0,74.8461538462,5.0,1.2390198798,117.0,20.2478722675,105.0
2016-08-27,5,1,23.0,31.0,1,66.0,78.6153846154,5.0,1.28035320088,117.0,20.937777641,40.0
2016-08-28,6,1,22.0,30.0,1,66.0,77.3846153846,5.0,1.08202443281,117.0,22.6326464734,45.0
2016-08-29,0,0,23.0,31.0,1,66.0,75.3076923077,5.0,0.839964633068,117.0,24.2150131923,81.0
2016-08-30,1,0,23.0,31.0,1,67.0,74.4615384615,5.0,0.726636025388,117.0,23.8056728359,97.0
2016-08-31,2,0,25.0,34.0,1,68.0,75.5384615385,5.0,0.960999784529,117.0,24.4748391512,128.0
2016-09-01,3,0,26.0,33.0,1,69.0,79.7692307692,5.0,1.28625472888,128.0,28.1483811426,95.0
2016-09-02,4,0,25.0,34.0,1,69.0,78.8461538462,5.0,1.36402387042,128.0,27.4277965515,107.0
2016-09-03,5,1,25.0,35.0,1,70.0,83.6923076923,22.0,1.36222910217,128.0,26.3887639708,75.0
2016-09-04,6,1,25.0,33.0,1,72.0,86.4615384615,22.0,1.13015095879,128.0,23.2564809317,43.0
2016-09-05,0,0,25.0,30.0,0,72.0,83.3846153846,22.0,0.934579439252,128.0,25.9956755621,73.0
2016-09-06,1,0,22.0,27.0,0,72.0,82.6153846154,39.0,0.802858343842,128.0,26.1432105072,80.0
2016-09-07,2,0,20.0,24.0,0,72.0,82.4615384615,39.0,0.825436934091,128.0,26.1522623955,53.0
2016-09-08,3,0,22.0,29.0,1,72.0,78.6153846154,39.0,0.878652164641,128.0,26.5229609135,98.0
2016-09-09,4,0,23.0,31.0,1,73.0,78.0769230769,39.0,0.990990990991,128.0,26.0486572471,118.0
2016-09-10,5,1,24.0,29.0,1,73.0,84.0769230769,39.0,1.10155610156,128.0,25.5657870494,55.0
2016-09-11,6,1,23.0,26.0,0,73.0,84.8461538462,39.0,1.09894566099,128.0,24.5069728032,43.0
2016-09-12,0,0,23.0,29.0,1,73.0,81.9230769231,39.0,0.897755610973,128.0,26.9371391847,83.0
2016-09-13,1,0,23.0,30.0,1,73.0,80.8461538462,39.0,0.752285951787,128.0,26.5904730014,89.0
2016-09-14,2,0,22.0,24.0,0,73.0,77.8461538462,39.0,0.889716532175,128.0,23.0679469723,57.0
2016-09-15,3,1,23.0,26.0,0,73.0,74.9230769231,39.0,0.975505857295,128.0,23.1166325018,20.0
2016-09-16,4,1,23.0,27.0,0,73.0,68.2307692308,20.0,0.747747747748,128.0,25.3472919086,45.0
2016-09-17,5,1,23.0,27.0,0,73.0,65.9230769231,20.0,0.547699214366,128.0,25.9836088524,49.0
2016-09-18,6,0,23.0,28.0,0,72.0,66.3846153846,20.0,0.51040967092,128.0,25.6231219546,99.0
2016-09-19,0,0,21.0,27.0,0,73.0,68.3846153846,20.0,0.853793408538,128.0,27.037121096,85.0
2016-09-20,1,0,20.0,26.0,1,73.0,68.7692307692,20.0,1.03901895206,128.0,27.2344630263,92.0
2016-09-21,2,0,20.0,27.0,1,73.0,71.7692307692,20.0,1.26113776559,128.0,27.4790937208,88.0
2016-09-22,3,0,21.0,27.0,1,73.0,71.0,20.0,1.21671258035,128.0,26.8671947521,99.0
2016-09-23,4,0,21.0,27.0,1,73.0,69.5384615385,20.0,1.28808864266,128.0,24.7000946265,119.0
2016-09-24,5,1,22.0,28.0,1,73.0,74.4615384615,20.0,1.37096774194,128.0,27.5279309475,85.0
2016-09-25,6,1,23.0,29.0,1,75.0,77.6923076923,20.0,1.32026143791,128.0,26.0720440183,79.0
2016-09-26,0,0,24.0,31.0,1,77.0,77.3846153846,20.0,1.22829861111,128.0,26.031160208,90.0
2016-09-27,1,0,25.0,30.0,0,79.0,77.4615384615,20.0,1.09529969815,128.0,26.0668235491,112.0
2016-09-28,2,0,22.0,28.0,0,80.0,81.6923076923,20.0,1.16718587747,128.0,26.8539772599,70.0
2016-09-29,3,0,22.0,25.0,0,80.0,85.5384615385,20.0,1.14986260833,128.0,20.5935590551,63.0
2016-09-30,4,0,23.0,28.0,0,79.0,86.9230769231,20.0,1.07314936487,119.0,18.2986402961,101.0
2016-10-01,5,1,24.0,29.0,0,80.0,90.9230769231,20.0,0.994897959184,119.0,14.9484320683,46.0
2016-10-02,6,1,24.0,32.0,1,80.0,86.8461538462,20.0,0.8911521324,119.0,18.895852837,45.0
2016-10-03,0,1,22.0,26.0,1,80.0,83.7692307692,20.0,0.834964122635,119.0,21.955037432,37.0
2016-10-04,1,1,22.0,26.0,1,80.0,79.5384615385,20.0,0.57618726086,119.0,25.0433942914,40.0
2016-10-05,2,1,22.0,27.0,1,80.0,75.8461538462,20.0,0.555555555556,119.0,26.986737922,49.0
2016-10-06,3,1,22.0,26.0,0,80.0,72.0,20.0,0.562625586068,119.0,26.975772606,46.0
2016-10-07,4,1,20.0,25.0,0,80.0,66.3846153846,20.0,0.602409638554,119.0,24.0465524845,32.0
2016-10-08,5,0,17.0,22.0,0,80.0,62.3076923077,20.0,0.57323403295,119.0,25.0180999567,56.0
2016-10-09,6,0,18.0,22.0,1,80.0,60.5384615385,20.0,0.622966062297,119.0,24.5845961298,63.0
2016-10-10,0,0,18.0,22.0,1,79.0,58.4615384615,20.0,0.712936732767,119.0,23.103830467,66.0
2016-10-11,1,0,19.0,25.0,1,75.0,54.9230769231,20.0,0.889850889851,119.0,17.4684838779,101.0
2016-10-12,2,0,19.0,23.0,1,79.0,57.3076923077,20.0,1.09602096736,119.0,21.1018942474,114.0
2016-10-13,3,0,19.0,23.0,1,80.0,61.2307692308,20.0,1.32484677039,119.0,25.9738147613,92.0
2016-10-14,4,0,19.0,23.0,0,81.0,60.5384615385,20.0,1.47560682528,119.0,25.0065080287,120.0
2016-10-15,5,1,21.0,25.0,1,81.0,66.2307692308,32.0,1.52836380684,120.0,29.1314100801,47.0
2016-10-16,6,1,20.0,26.0,1,80.0,66.3846153846,32.0,1.24220623501,120.0,29.0239647971,61.0
2016-10-17,0,0,20.0,25.0,1,80.0,68.2307692308,32.0,1.11682586334,120.0,27.8351019292,99.0
2016-10-18,1,0,20.0,25.0,1,80.0,72.7692307692,32.0,1.0237388724,120.0,27.6715734343,125.0
2016-10-19,2,0,20.0,24.0,0,81.0,78.6153846154,32.0,1.35424091233,125.0,29.965463355,26.0
2016-10-20,3,0,20.0,23.0,0,81.0,77.0769230769,26.0,1.22010736945,125.0,32.0419473586,90.0
2016-10-21,4,0,0.0,21.0,0,81.0,81.5384615385,26.0,1.18573185732,125.0,29.3824002387,53.0
2016-10-22,5,1,19.0,23.0,0,80.0,81.3076923077,26.0,0.827214880078,125.0,29.5930985078,27.0
2016-10-23,6,1,18.0,23.0,1,79.0,78.5384615385,26.0,0.843253968254,125.0,32.6981895161,67.0
2016-10-24,0,0,20.0,24.0,1,75.0,78.6153846154,26.0,0.713245997089,125.0,32.6697659843,110.0
2016-10-25,1,0,18.0,22.0,1,75.0,79.3076923077,26.0,0.941828254848,125.0,33.2273858676,106.0
2016-10-26,2,0,19.0,21.0,0,79.0,78.6923076923,26.0,1.2569398179,125.0,32.6482055471,50.0
2016-10-27,3,0,18.0,22.0,0,79.0,75.4615384615,26.0,1.17829457364,125.0,33.2441212492,85.0
2016-10-28,4,0,15.0,20.0,0,79.0,72.7692307692,26.0,1.03123662816,125.0,30.8598665089,103.0
2016-10-29,5,1,13.0,17.0,1,79.0,77.0769230769,26.0,0.988577362409,125.0,30.8706022429,57.0
2016-10-30,6,1,14.0,18.0,1,75.0,76.7692307692,26.0,1.02147175318,125.0,31.0487305479,63.0
2016-10-31,0,0,13.0,17.0,0,73.0,74.0,26.0,0.93149540518,125.0,30.5437894984,107.0
