time_stamp,dayofweek,holiday,lt,ht,sunny,m2M,w2A,m1L,d3w3,m1Lar,w2Std,pay_sum
2016-08-01,0,0,28.0,34.0,1,93.0,106.769230769,81.0,1.07234556713,163.0,17.4318622782,89.0
2016-08-02,1,0,27.0,35.0,0,93.0,107.307692308,81.0,1.05087319666,163.0,16.7533446277,99.0
2016-08-03,2,0,26.0,32.0,0,93.0,107.076923077,82.0,1.0228142704,163.0,16.8452757059,107.0
2016-08-04,3,0,27.0,32.0,0,93.0,108.538461538,82.0,0.900076277651,163.0,15.9258637472,87.0
2016-08-05,4,0,27.0,33.0,0,93.0,107.230769231,82.0,0.906419180201,163.0,16.9122342888,100.0
2016-08-06,5,1,27.0,33.0,0,95.0,105.307692308,82.0,0.918462980319,163.0,16.1882417698,112.0
2016-08-07,6,1,27.0,35.0,1,95.0,103.846153846,82.0,0.956953112498,163.0,14.5805252298,150.0
2016-08-08,0,0,27.0,34.0,0,95.0,108.384615385,82.0,1.13195747342,163.0,18.5245718794,101.0
2016-08-09,1,0,27.0,33.0,0,96.0,107.692307692,82.0,1.12505811251,163.0,18.6191985921,117.0
2016-08-10,2,0,28.0,34.0,1,98.0,108.615384615,82.0,1.13265620191,163.0,18.7597706298,98.0
2016-08-11,3,0,28.0,36.0,1,98.0,108.846153846,82.0,0.968137254902,163.0,18.6087082751,82.0
2016-08-12,4,0,28.0,35.0,1,98.0,107.615384615,82.0,0.91922005571,163.0,19.7777593097,93.0
2016-08-13,5,1,28.0,35.0,1,98.0,106.230769231,82.0,0.857681432611,163.0,20.119465684,93.0
2016-08-14,6,1,28.0,36.0,1,98.0,102.153846154,82.0,0.85732565579,163.0,16.7324932799,127.0
2016-08-15,0,0,27.0,35.0,1,99.0,105.076923077,82.0,0.98427672956,163.0,17.4816894909,94.0
2016-08-16,1,0,28.0,36.0,1,99.0,104.692307692,82.0,0.994930291508,150.0,17.6651966193,99.0
2016-08-17,2,0,28.0,35.0,1,99.0,104.076923077,82.0,1.01684143629,150.0,17.7133653948,109.0
2016-08-18,3,0,28.0,35.0,1,99.0,105.769230769,82.0,0.953282828283,150.0,17.0391126807,112.0
2016-08-19,4,0,29.0,37.0,1,100.0,106.692307692,82.0,1.00344935717,150.0,17.0266063983,111.0
2016-08-20,5,1,28.0,37.0,0,101.0,106.615384615,82.0,1.04107870806,150.0,17.0046982718,132.0
2016-08-21,6,1,27.0,34.0,0,101.0,105.230769231,82.0,1.12058080808,150.0,13.8572605027,140.0
2016-08-22,0,0,28.0,35.0,1,101.0,108.230769231,82.0,1.18045923871,150.0,16.5722374245,116.0
2016-08-23,1,0,26.0,34.0,1,102.0,108.153846154,82.0,1.18654434251,150.0,16.5336307793,98.0
2016-08-24,2,0,25.0,34.0,1,102.0,108.153846154,82.0,1.08705665592,150.0,16.5336307793,85.0
2016-08-25,3,0,26.0,35.0,1,101.0,108.384615385,82.0,0.919010296604,150.0,16.1842205275,102.0
2016-08-26,4,0,25.0,32.0,0,102.0,109.076923077,82.0,0.87517273146,150.0,15.6964549572,92.0
2016-08-27,5,1,24.0,30.0,1,102.0,109.0,82.0,0.864714086471,150.0,15.7772962488,98.0
2016-08-28,6,1,22.0,30.0,1,101.0,106.769230769,82.0,0.927425758298,150.0,15.1106373442,143.0
2016-08-29,0,0,22.0,32.0,1,102.0,110.538461538,82.0,1.03689864549,150.0,17.3941430665,91.0
2016-08-30,1,0,23.0,31.0,1,102.0,109.923076923,82.0,1.04649330181,150.0,17.9248926119,93.0
2016-08-31,2,0,23.0,33.0,1,102.0,108.692307692,82.0,1.03317535545,150.0,18.4865215573,80.0
2016-09-01,3,0,24.0,34.0,1,101.0,106.230769231,80.0,0.834914611006,150.0,19.9543858536,100.0
2016-09-02,4,0,24.0,34.0,1,101.0,105.384615385,80.0,0.860520094563,150.0,19.9674290997,108.0
2016-09-03,5,1,23.0,34.0,1,102.0,103.538461538,80.0,0.901408450704,150.0,18.4749950957,118.0
2016-09-04,6,1,24.0,33.0,1,102.0,101.846153846,80.0,1.02467389596,150.0,15.8834512518,126.0
2016-09-05,0,0,25.0,31.0,1,102.0,102.615384615,80.0,1.08995200495,150.0,16.7678192772,90.0
2016-09-06,1,0,22.0,26.0,0,102.0,102.0,80.0,1.03855721393,143.0,17.0699916633,68.0
2016-09-07,2,0,21.0,24.0,0,102.0,100.692307692,68.0,0.900301157077,143.0,18.8776816348,86.0
2016-09-08,3,0,23.0,30.0,1,101.0,99.4615384615,68.0,0.783180869844,143.0,19.2698065322,75.0
2016-09-09,4,0,23.0,32.0,1,101.0,98.1538461538,68.0,0.747999346725,143.0,20.2820350741,95.0
2016-09-10,5,1,23.0,29.0,1,101.0,97.9230769231,68.0,0.851630073187,143.0,20.2995321601,92.0
2016-09-11,6,1,21.0,26.0,0,100.0,94.0,68.0,0.892978868439,143.0,15.5909243817,115.0
2016-09-12,0,0,22.0,29.0,1,101.0,95.8461538462,68.0,1.02983802217,143.0,16.5196673176,61.0
2016-09-13,1,0,22.0,29.0,1,100.0,93.3846153846,61.0,0.93152589503,143.0,18.9636837607,87.0
2016-09-14,2,0,22.0,24.0,0,100.0,93.9230769231,61.0,0.913194444444,143.0,18.6731462409,87.0
2016-09-15,3,1,20.0,24.0,0,99.0,92.9230769231,61.0,0.82239720035,143.0,18.6690263372,137.0
2016-09-16,4,1,22.0,26.0,0,99.0,95.1538461538,61.0,1.06324786325,143.0,21.8063016786,96.0
2016-09-17,5,1,22.0,27.0,1,99.0,93.4615384615,61.0,1.09514031485,143.0,20.7979857923,92.0
2016-09-18,6,0,22.0,27.0,1,99.0,90.8461538462,61.0,1.14215427869,143.0,18.5590374164,96.0
2016-09-19,0,0,20.0,27.0,1,99.0,91.3076923077,61.0,0.99544339292,143.0,18.6068003093,75.0
2016-09-20,1,0,19.0,26.0,1,98.0,91.8461538462,61.0,0.930644019816,143.0,18.0164290573,74.0
2016-09-21,2,0,19.0,26.0,1,98.0,90.9230769231,61.0,0.869719559815,143.0,18.5905746941,88.0
2016-09-22,3,0,20.0,27.0,1,98.0,91.9230769231,61.0,0.846730975348,143.0,18.0489144718,97.0
2016-09-23,4,0,20.0,28.0,1,98.0,92.0769230769,61.0,0.930817610063,143.0,18.0829777094,68.0
2016-09-24,5,1,21.0,28.0,1,98.0,90.2307692308,61.0,0.934441366574,143.0,19.1879523345,89.0
2016-09-25,6,1,22.0,29.0,1,97.0,88.2307692308,61.0,0.957767722474,143.0,17.8073184875,107.0
2016-09-26,0,0,24.0,30.0,1,98.0,91.7692307692,61.0,0.985994397759,143.0,16.5722374245,87.0
2016-09-27,1,0,24.0,31.0,0,97.0,91.7692307692,61.0,1.0458240946,137.0,16.5722374245,69.0
2016-09-28,2,0,22.0,27.0,0,96.0,90.3846153846,61.0,0.9811602313,137.0,17.6309974478,74.0
2016-09-29,3,0,22.0,24.0,0,96.0,85.5384615385,61.0,0.858529301978,137.0,11.868610084,74.0
2016-09-30,4,0,22.0,26.0,0,96.0,83.8461538462,61.0,0.819641170916,137.0,11.8246558177,105.0
2016-10-01,5,1,23.0,26.0,1,96.0,84.8461538462,61.0,0.948631421072,137.0,12.9665021311,105.0
2016-10-02,6,1,23.0,30.0,0,96.0,85.5384615385,61.0,1.07088989442,137.0,13.7595582701,119.0
2016-10-03,0,1,20.0,25.0,1,96.0,88.9230769231,61.0,1.2011683096,137.0,15.9829791122,105.0
2016-10-04,1,1,22.0,27.0,1,96.0,91.3076923077,61.0,1.18944323933,137.0,15.8909002281,65.0
2016-10-05,2,1,22.0,27.0,1,96.0,89.5384615385,61.0,1.05744603,137.0,17.3720172187,96.0
2016-10-06,3,1,21.0,26.0,1,96.0,89.4615384615,61.0,0.995695302265,137.0,17.3409936039,62.0
2016-10-07,4,1,20.0,23.0,0,95.0,89.0,61.0,0.850982636901,137.0,17.9743406855,79.0
2016-10-08,5,0,17.0,22.0,1,94.0,88.2307692308,61.0,0.911188004614,137.0,18.1707874016,74.0
2016-10-09,6,0,16.0,21.0,1,93.0,85.6923076923,61.0,0.83722741433,137.0,17.6695505815,109.0
2016-10-10,0,0,15.0,22.0,1,94.0,87.3846153846,61.0,1.00038182512,137.0,18.7351519118,90.0
2016-10-11,1,0,17.0,23.0,1,94.0,89.0,61.0,1.03291713961,137.0,17.9700605709,79.0
2016-10-12,2,0,18.0,21.0,1,94.0,89.3846153846,62.0,1.05723521582,137.0,17.6963206151,65.0
2016-10-13,3,0,18.0,22.0,1,93.0,88.6923076923,62.0,0.906449738524,137.0,18.4448642649,66.0
2016-10-14,4,0,18.0,21.0,0,92.0,85.6923076923,62.0,0.814426992437,137.0,18.7180892162,78.0
2016-10-15,5,1,20.0,24.0,1,92.0,83.6153846154,62.0,0.815768930523,119.0,17.9423798333,88.0
2016-10-16,6,1,19.0,25.0,1,92.0,81.2307692308,62.0,0.91572922834,119.0,14.8797944886,115.0
2016-10-17,0,0,19.0,24.0,1,92.0,82.0,62.0,1.0910502815,119.0,16.2811830982,71.0
2016-10-18,1,0,19.0,25.0,1,91.0,82.4615384615,62.0,1.06263331394,119.0,15.8726440268,77.0
2016-10-19,2,0,19.0,23.0,0,90.0,81.0,62.0,1.01819589624,119.0,15.4272486205,82.0
2016-10-20,3,0,20.0,22.0,0,90.0,82.5384615385,62.0,0.886319845857,119.0,14.4201535499,81.0
2016-10-21,4,0,19.0,22.0,0,89.0,82.6923076923,62.0,0.937866354045,119.0,14.3922234097,76.0
2016-10-22,5,1,20.0,23.0,0,88.0,82.8461538462,62.0,0.950109322202,119.0,14.3089329487,74.0
2016-10-23,6,1,17.0,22.0,1,88.0,80.1538461538,62.0,0.94362745098,119.0,12.2841120267,134.0
2016-10-24,0,0,19.0,23.0,1,88.0,83.5384615385,62.0,1.13987557696,134.0,18.8419147509,79.0
2016-10-25,1,0,17.0,20.0,1,88.0,83.5384615385,62.0,1.14228855721,134.0,18.8419147509,81.0
2016-10-26,2,0,18.0,21.0,0,87.0,84.7692307692,62.0,1.18072289157,134.0,18.0986775809,65.0
2016-10-27,3,0,18.0,21.0,0,87.0,84.6923076923,62.0,0.901984365604,134.0,18.180228548,96.0
2016-10-28,4,0,15.0,18.0,0,87.0,86.0769230769,62.0,0.960317460317,134.0,18.3028435725,87.0
2016-10-29,5,1,10.0,15.0,0,87.0,86.0,62.0,0.976570190982,134.0,18.2966999967,105.0
2016-10-30,6,1,14.0,18.0,1,87.0,85.2307692308,62.0,1.13676731794,134.0,17.2410683506,122.0
2016-10-31,0,0,11.0,15.0,0,87.0,89.1538461538,62.0,1.21634708503,134.0,19.2427654891,81.0
