time_stamp,dayofweek,holiday,lt,ht,sunny,m2M,w2A,m1L,d3w3,m1Lar,w2Std,pay_sum
2016-08-01,0,0,24.0,30.0,1,47.0,49.3076923077,1.0,0.970297029703,90.0,23.1330087683,68.0
2016-08-02,1,0,24.0,33.0,1,47.0,49.8461538462,1.0,0.829376384932,90.0,23.4778001651,80.0
2016-08-03,2,0,25.0,34.0,1,49.0,55.4615384615,1.0,1.09379773908,90.0,21.175513379,64.0
2016-08-04,3,0,25.0,33.0,1,49.0,55.3846153846,1.0,1.3110698825,90.0,21.1425144474,115.0
2016-08-05,4,0,25.0,32.0,1,50.0,57.3076923077,1.0,1.54304438487,115.0,24.9904123627,110.0
2016-08-06,5,1,24.0,33.0,1,50.0,64.3076923077,1.0,1.62862778247,115.0,26.0040961726,59.0
2016-08-07,6,1,23.0,31.0,1,52.0,65.9230769231,1.0,1.56473829201,115.0,24.9506020845,55.0
2016-08-08,0,0,24.0,32.0,1,52.0,65.2307692308,1.0,1.25279642058,115.0,25.1186533389,107.0
2016-08-09,1,0,25.0,33.0,1,53.0,69.6923076923,1.0,1.1900915455,115.0,26.925494397,145.0
2016-08-10,2,0,26.0,33.0,1,54.0,77.2307692308,7.0,1.48740310078,145.0,32.6311645426,152.0
2016-08-11,3,0,27.0,34.0,1,55.0,84.7692307692,7.0,1.84096605149,152.0,37.3695759556,149.0
2016-08-12,4,0,25.0,29.0,0,55.0,89.7692307692,7.0,1.95356986421,152.0,41.0949254703,134.0
2016-08-13,5,1,24.0,31.0,0,58.0,97.6153846154,7.0,1.77153329261,152.0,39.0000758609,65.0
2016-08-14,6,1,24.0,33.0,1,58.0,100.230769231,7.0,1.39423076923,152.0,35.4208844223,79.0
2016-08-15,0,0,21.0,29.0,0,59.0,101.076923077,7.0,1.10383164582,152.0,34.7661673259,81.0
2016-08-16,1,0,23.0,31.0,1,59.0,101.153846154,7.0,0.876680303916,152.0,34.7205240873,123.0
2016-08-17,2,0,23.0,28.0,0,59.0,105.692307692,7.0,1.05577317665,152.0,33.3982602389,138.0
2016-08-18,3,0,22.0,24.0,0,60.0,107.461538462,7.0,1.21859967932,152.0,34.4374916102,73.0
2016-08-19,4,0,22.0,32.0,1,60.0,104.615384615,19.0,1.19713261649,152.0,35.6187903339,101.0
2016-08-20,5,1,23.0,31.0,1,61.0,107.846153846,19.0,1.07827890098,152.0,33.1542923404,69.0
2016-08-21,6,1,23.0,34.0,1,61.0,108.923076923,19.0,0.823589222166,152.0,31.6117347697,39.0
2016-08-22,0,0,23.0,32.0,1,61.0,103.692307692,31.0,0.718954248366,152.0,36.7117348989,46.0
2016-08-23,1,0,24.0,30.0,0,60.0,96.0769230769,31.0,0.539215686275,152.0,37.6102717935,3.0
2016-08-24,2,0,24.0,31.0,0,60.0,84.6153846154,3.0,0.318321577139,152.0,41.340124784,41.0
2016-08-25,3,0,18.0,30.0,1,60.0,76.3076923077,3.0,0.339174674958,152.0,38.3072289129,107.0
2016-08-26,4,0,17.0,29.0,1,61.0,74.2307692308,3.0,0.570026425066,152.0,35.7709676998,115.0
2016-08-27,5,1,20.0,32.0,1,61.0,78.0769230769,3.0,0.962312477131,152.0,37.2299745624,37.0
2016-08-28,6,1,18.0,31.0,1,61.0,74.8461538462,3.0,0.957132298596,152.0,38.7989812591,4.0
2016-08-29,0,0,19.0,31.0,1,61.0,68.9230769231,3.0,0.61140505585,152.0,43.0517783756,42.0
2016-08-30,1,0,19.0,31.0,1,61.0,62.6923076923,3.0,0.346266166041,152.0,40.5640701481,61.0
2016-08-31,2,0,19.0,33.0,1,61.0,56.7692307692,3.0,0.473346604733,152.0,34.2685185111,93.0
2016-09-01,3,0,19.0,27.0,1,62.0,58.3076923077,3.0,0.900528371238,152.0,35.3931427852,58.0
2016-09-02,4,0,19.0,28.0,1,61.0,55.0,3.0,1.02787878788,152.0,33.1894329801,68.0
2016-09-03,5,1,20.0,30.0,1,61.0,54.9230769231,3.0,1.0595065312,152.0,33.1580400703,41.0
2016-09-04,6,1,18.0,29.0,0,61.0,55.0769230769,3.0,0.830845771144,152.0,33.0883701123,14.0
2016-09-05,0,0,20.0,31.0,1,61.0,52.6153846154,3.0,0.644147682639,152.0,34.8171895246,35.0
2016-09-06,1,0,21.0,30.0,1,61.0,55.0769230769,3.0,0.506329113924,152.0,32.2596712713,77.0
2016-09-07,2,0,19.0,31.0,1,64.0,57.8461538462,3.0,0.747330960854,152.0,32.4768465546,56.0
2016-09-08,3,0,18.0,31.0,1,64.0,53.9230769231,3.0,1.01174345077,152.0,29.219228491,98.0
2016-09-09,4,0,19.0,31.0,1,64.0,52.6153846154,3.0,1.39492753623,149.0,26.7309629213,90.0
2016-09-10,5,1,18.0,30.0,1,65.0,56.6923076923,3.0,1.44592592593,138.0,28.0477192694,12.0
2016-09-11,6,1,18.0,25.0,0,65.0,57.3076923077,3.0,1.21432908318,138.0,26.9511941091,6.0
2016-09-12,0,0,18.0,27.0,1,64.0,54.5384615385,3.0,0.680529300567,138.0,30.0528134728,93.0
2016-09-13,1,0,19.0,27.0,1,64.0,57.0,3.0,0.644599303136,138.0,31.7441696646,90.0
2016-09-14,2,0,20.0,30.0,1,65.0,56.7692307692,3.0,1.05263157895,138.0,31.491522293,101.0
2016-09-15,3,1,21.0,30.0,1,65.0,60.0769230769,3.0,1.58970053177,138.0,33.6325427078,23.0
2016-09-16,4,1,20.0,30.0,0,65.0,56.6153846154,3.0,1.29814983318,115.0,34.9296842276,29.0
2016-09-17,5,1,17.0,24.0,1,65.0,55.6923076923,3.0,0.934922089826,115.0,35.4843077243,38.0
2016-09-18,6,0,15.0,22.0,0,65.0,57.5384615385,3.0,0.533333333333,115.0,33.8540200649,86.0
2016-09-19,0,0,13.0,25.0,1,65.0,61.4615384615,3.0,0.87254063302,115.0,33.9697045675,128.0
2016-09-20,1,0,14.0,26.0,1,65.0,65.3846153846,3.0,1.35922330097,128.0,38.217069206,108.0
2016-09-21,2,0,16.0,23.0,0,68.0,69.3846153846,3.0,1.71596056488,128.0,39.7173445188,40.0
2016-09-22,3,0,17.0,26.0,0,68.0,64.9230769231,4.0,1.49229521492,128.0,39.5094176474,96.0
2016-09-23,4,0,19.0,27.0,1,68.0,65.3846153846,4.0,1.28998149617,128.0,39.8333807861,73.0
2016-09-24,5,1,20.0,29.0,1,69.0,70.0769230769,4.0,1.0775973189,128.0,36.7412188116,49.0
2016-09-25,6,1,19.0,27.0,1,69.0,73.3846153846,4.0,1.09437751004,128.0,32.5163591053,39.0
2016-09-26,0,0,19.0,24.0,0,69.0,69.2307692308,4.0,0.805805805806,128.0,33.1874717932,105.0
2016-09-27,1,0,12.0,23.0,1,69.0,70.3846153846,6.0,0.946078431373,128.0,34.1366900778,108.0
2016-09-28,2,0,10.0,20.0,1,73.0,70.9230769231,6.0,1.18980169972,128.0,34.6664580482,77.0
2016-09-29,3,0,12.0,22.0,1,73.0,75.0769230769,6.0,1.3898873712,128.0,31.791294257,42.0
2016-09-30,4,0,14.0,24.0,1,73.0,76.0769230769,6.0,1.12683047903,128.0,30.5046315234,173.0
2016-10-01,5,1,15.0,26.0,1,73.0,86.4615384615,6.0,1.29432624113,173.0,37.865379732,26.0
2016-10-02,6,1,16.0,26.0,1,73.0,81.8461538462,6.0,1.0542432196,173.0,41.1542056059,18.0
2016-10-03,0,1,16.0,28.0,1,73.0,73.3846153846,6.0,0.998389694042,173.0,42.0924595139,16.0
2016-10-04,1,1,11.0,19.0,0,69.0,66.3076923077,6.0,0.290909090909,173.0,43.3915706372,15.0
2016-10-05,2,1,13.0,21.0,1,69.0,64.3846153846,6.0,0.253426428756,173.0,45.0376568279,16.0
2016-10-06,3,1,14.0,17.0,0,69.0,58.2307692308,6.0,0.244409776391,173.0,45.7571412605,16.0
2016-10-07,4,1,12.0,16.0,0,68.0,53.8461538462,6.0,0.246913580247,173.0,46.8497535563,9.0
2016-10-08,5,0,5.0,19.0,1,65.0,50.7692307692,6.0,0.220430107527,173.0,48.3562959804,9.0
2016-10-09,6,0,8.0,18.0,1,61.0,48.4615384615,6.0,0.194898251648,173.0,49.5636581884,84.0
2016-10-10,0,0,10.0,20.0,1,61.0,46.8461538462,6.0,0.607685433423,173.0,48.012572318,117.0
2016-10-11,1,0,10.0,20.0,1,61.0,47.5384615385,9.0,1.24113475177,173.0,48.9452054454,123.0
2016-10-12,2,0,10.0,19.0,1,61.0,51.0769230769,9.0,1.78364987614,173.0,52.4821750523,103.0
2016-10-13,3,0,12.0,22.0,1,61.0,55.7692307692,9.0,1.87739463602,173.0,54.1609479609,136.0
2016-10-14,4,0,13.0,23.0,1,61.0,52.9230769231,9.0,1.88394483476,173.0,48.6138023112,109.0
2016-10-15,5,1,11.0,17.0,0,61.0,59.3076923077,9.0,1.73005219985,173.0,50.0866704445,48.0
2016-10-16,6,1,12.0,20.0,1,58.0,61.6153846154,9.0,1.44691358025,173.0,48.8050099281,33.0
2016-10-17,0,0,9.0,21.0,1,56.0,62.9230769231,9.0,0.991131977047,173.0,47.7822972344,116.0
2016-10-18,1,0,12.0,20.0,1,56.0,70.6923076923,9.0,1.02125453603,173.0,47.5691959399,116.0
2016-10-19,2,0,14.0,22.0,1,56.0,78.3846153846,9.0,1.33333333333,173.0,46.1678183979,105.0
2016-10-20,3,0,11.0,15.0,0,58.0,85.2307692308,9.0,1.61863592699,173.0,42.8919103833,103.0
2016-10-21,4,0,11.0,11.0,0,61.0,92.4615384615,9.0,1.63884673748,173.0,36.9419823395,102.0
2016-10-22,5,1,7.0,15.0,1,68.0,99.6153846154,9.0,1.48254423721,173.0,28.0124655261,57.0
2016-10-23,6,1,0.0,5.0,1,68.0,97.5384615385,9.0,1.21888811351,173.0,30.0220826024,40.0
2016-10-24,0,0,6.0,13.0,1,61.0,91.6153846154,9.0,0.910546785633,173.0,33.042020942,97.0
2016-10-25,1,0,10.0,17.0,1,61.0,89.6153846154,9.0,0.840372536279,173.0,31.8470828553,96.0
2016-10-26,2,0,0.0,10.0,1,68.0,89.0769230769,9.0,0.959439983529,173.0,31.6749392288,110.0
2016-10-27,3,0,7.0,11.0,0,73.0,87.0769230769,9.0,1.17921774664,173.0,29.3872330691,111.0
2016-10-28,4,0,2.0,13.0,1,77.0,87.2307692308,9.0,1.16437098255,173.0,29.5065933861,135.0
2016-10-29,5,1,2.0,12.0,1,77.0,93.9230769231,9.0,1.22273742057,173.0,29.7152163519,43.0
2016-10-30,6,1,2.0,13.0,1,77.0,94.6923076923,9.0,1.01403508772,136.0,28.2199727836,45.0
2016-10-31,0,0,-4.0,6.0,1,77.0,89.2307692308,9.0,0.813274981765,136.0,30.3572418078,114.0
