time_stamp,dayofweek,holiday,lt,ht,sunny,m2M,w2A,m1L,d3w3,m1Lar,w2Std,pay_sum
2016-08-01,0,0,27.0,37.0,1,54.0,38.0,38.0,0.897284533648,90.0,0.0,38.0
2016-08-02,1,0,26.0,36.0,0,54.0,38.0,38.0,0.924574209246,90.0,0.0,38.0
2016-08-03,2,0,25.0,31.0,0,54.0,38.0,38.0,0.942928039702,90.0,0.0,38.0
2016-08-04,3,0,25.0,29.0,0,54.0,38.0,38.0,0.976863753213,90.0,0.0,38.0
2016-08-05,4,0,25.0,31.0,0,54.0,38.0,38.0,1.0,84.0,0.0,38.0
2016-08-06,5,1,24.0,32.0,0,54.0,38.0,38.0,1.0,84.0,0.0,2.0
2016-08-07,6,1,25.0,32.0,0,54.0,35.2307692308,2.0,0.718232044199,84.0,9.59289678038,1.0
2016-08-08,0,0,26.0,32.0,0,54.0,32.3846153846,1.0,0.397865114022,66.0,13.1707044467,2.0
2016-08-09,1,0,26.0,32.0,0,54.0,29.6153846154,1.0,0.0512032770097,66.0,15.3098181748,1.0
2016-08-10,2,0,26.0,34.0,0,54.0,26.7692307692,1.0,0.043431053203,66.0,16.8484367965,1.0
2016-08-11,3,0,27.0,35.0,0,54.0,23.9230769231,1.0,0.0462160600809,66.0,17.8086475903,1.0
2016-08-12,4,0,28.0,38.0,1,54.0,21.0769230769,1.0,0.037037037037,66.0,18.2818175265,1.0
2016-08-13,5,1,28.0,37.0,1,54.0,18.2307692308,1.0,0.0397614314115,56.0,18.3057529677,1.0
2016-08-14,6,1,28.0,37.0,1,54.0,15.3846153846,1.0,0.0429184549356,38.0,17.8822579091,1.0
2016-08-15,0,0,28.0,37.0,1,38.0,12.5384615385,1.0,0.04662004662,38.0,16.9778832812,1.0
2016-08-16,1,0,27.0,37.0,1,38.0,9.69230769231,1.0,0.0510204081633,38.0,15.508730124,1.0
2016-08-17,2,0,27.0,36.0,1,38.0,6.84615384615,1.0,0.056338028169,38.0,13.2887815836,1.0
2016-08-18,3,0,28.0,37.0,1,38.0,4.0,1.0,0.062893081761,38.0,9.82148351633,1.0
2016-08-19,4,0,27.0,37.0,1,38.0,1.15384615385,1.0,0.0711743772242,38.0,0.360801212294,1.0
2016-08-20,5,1,26.0,36.0,1,38.0,1.07692307692,1.0,0.0819672131148,38.0,0.266469355011,1.0
2016-08-21,6,1,26.0,34.0,1,38.0,1.07692307692,1.0,0.0966183574879,38.0,0.266469355011,1.0
2016-08-22,0,0,27.0,33.0,1,38.0,1.0,1.0,0.117647058824,38.0,0.0,1.0
2016-08-23,1,0,27.0,34.0,1,38.0,1.0,1.0,0.15037593985,38.0,0.0,1.0
2016-08-24,2,0,27.0,34.0,1,38.0,1.0,1.0,0.208333333333,38.0,0.0,1.0
2016-08-25,3,0,24.0,35.0,0,38.0,1.0,1.0,0.338983050847,38.0,0.0,1.0
2016-08-26,4,0,21.0,27.0,0,38.0,1.0,1.0,0.909090909091,38.0,0.0,1.0
2016-08-27,5,1,18.0,27.0,1,38.0,1.0,1.0,0.952380952381,38.0,0.0,1.0
2016-08-28,6,1,18.0,30.0,1,38.0,1.0,1.0,0.952380952381,38.0,0.0,1.0
2016-08-29,0,0,19.0,31.0,1,38.0,1.0,1.0,1.0,38.0,0.0,1.0
2016-08-30,1,0,20.0,31.0,1,38.0,1.0,1.0,1.0,38.0,0.0,1.0
2016-08-31,2,0,21.0,32.0,1,38.0,1.0,1.0,1.0,38.0,0.0,1.0
2016-09-01,3,0,21.0,31.0,1,38.0,1.0,1.0,1.0,38.0,0.0,1.0
2016-09-02,4,0,22.0,33.0,1,38.0,1.0,1.0,1.0,38.0,0.0,3.0
2016-09-03,5,1,22.0,33.0,1,38.0,1.15384615385,1.0,1.51515151515,38.0,0.532938710021,43.0
2016-09-04,6,1,22.0,31.0,1,38.0,4.38461538462,1.0,4.89583333333,43.0,11.159945282,75.0
2016-09-05,0,0,23.0,32.0,1,38.0,10.0769230769,1.0,5.84541062802,75.0,21.7908291877,68.0
2016-09-06,1,0,21.0,31.0,1,38.0,15.2307692308,1.0,6.0487804878,75.0,26.4579604021,72.0
2016-09-07,2,0,23.0,32.0,1,38.0,20.6923076923,1.0,5.19323671498,75.0,30.0419824589,37.0
2016-09-08,3,0,22.0,32.0,1,38.0,23.4615384615,1.0,3.78205128205,75.0,29.7570040485,65.0
2016-09-09,4,0,21.0,31.0,0,38.0,28.3846153846,1.0,3.08510638298,75.0,30.9056590823,60.0
2016-09-10,5,1,22.0,32.0,1,38.0,32.9230769231,1.0,2.48275862069,75.0,30.8830586829,48.0
2016-09-11,6,1,20.0,31.0,1,38.0,36.5384615385,1.0,2.3928077455,75.0,29.6612033176,45.0
2016-09-12,0,0,22.0,33.0,1,38.0,39.9230769231,1.0,1.9391634981,75.0,27.8690938233,72.0
2016-09-13,1,0,21.0,32.0,1,38.0,45.3846153846,1.0,1.84254606365,75.0,26.6358302972,66.0
2016-09-14,2,0,21.0,31.0,1,38.0,50.3846153846,1.0,1.84290030211,75.0,23.7827942382,59.0
2016-09-15,3,1,23.0,31.0,0,38.0,54.8461538462,1.0,1.82407407407,75.0,19.0741313094,48.0
2016-09-16,4,1,22.0,30.0,0,38.0,58.3076923077,1.0,1.50369404607,75.0,12.1932176317,48.0
2016-09-17,5,1,21.0,32.0,1,38.0,58.6923076923,1.0,1.26945126945,75.0,11.7760161435,56.0
2016-09-18,6,0,20.0,31.0,1,38.0,57.2307692308,1.0,1.16609129267,75.0,10.7999561691,60.0
2016-09-19,0,0,18.0,29.0,1,38.0,56.6153846154,1.0,1.17816091954,75.0,10.3888880099,60.0
2016-09-20,1,0,18.0,27.0,1,38.0,55.6923076923,1.0,1.18878757177,75.0,9.47372573436,82.0
2016-09-21,2,0,17.0,28.0,1,38.0,59.1538461538,1.0,1.26092384519,82.0,10.204419509,69.0
2016-09-22,3,0,17.0,30.0,1,38.0,59.4615384615,1.0,1.2382629108,82.0,10.4337867203,63.0
2016-09-23,4,0,18.0,31.0,1,38.0,59.6923076923,1.0,1.19286510591,82.0,10.4762340223,79.0
2016-09-24,5,1,22.0,32.0,1,38.0,62.0769230769,1.0,1.14177489177,82.0,11.0555349066,65.0
2016-09-25,6,1,23.0,30.0,1,38.0,63.6153846154,1.0,1.12929623568,82.0,9.90367811657,66.0
2016-09-26,0,0,23.0,33.0,1,38.0,63.1538461538,1.0,1.14754098361,82.0,9.63843391242,76.0
2016-09-27,1,0,22.0,32.0,1,38.0,63.9230769231,1.0,1.12745098039,82.0,10.2165893636,58.0
2016-09-28,2,0,16.0,25.0,0,38.0,63.8461538462,1.0,1.07095046854,82.0,10.257051262,72.0
2016-09-29,3,0,15.0,18.0,0,38.0,65.6923076923,1.0,1.09691160809,82.0,9.35936072262,64.0
2016-09-30,4,0,17.0,20.0,0,38.0,66.9230769231,1.0,1.02972399151,82.0,7.8882730728,58.0
2016-10-01,5,1,17.0,20.0,0,38.0,67.0769230769,3.0,1.02159031069,82.0,7.69076907689,40.0
2016-10-02,6,1,16.0,23.0,0,38.0,65.5384615385,37.0,0.856463124504,82.0,10.4558808231,41.0
2016-10-03,0,1,18.0,29.0,1,38.0,64.0769230769,37.0,0.753387533875,82.0,12.2942233994,41.0
2016-10-04,1,1,17.0,30.0,1,40.0,60.9230769231,37.0,0.674965421853,82.0,12.5481321838,41.0
2016-10-05,2,1,18.0,30.0,1,41.0,58.7692307692,37.0,0.690817186184,82.0,13.3540765666,41.0
2016-10-06,3,1,19.0,29.0,1,41.0,57.0769230769,37.0,0.694915254237,82.0,14.0846973068,3.0
2016-10-07,4,1,19.0,27.0,1,41.0,51.2307692308,3.0,0.499265785609,82.0,18.7663932281,73.0
2016-10-08,5,0,16.0,26.0,1,41.0,51.8461538462,3.0,0.677083333333,82.0,19.330510574,66.0
2016-10-09,6,0,16.0,24.0,1,41.0,51.8461538462,3.0,0.817501439263,82.0,19.330510574,62.0
2016-10-10,0,0,16.0,23.0,1,43.0,50.7692307692,3.0,1.15517241379,82.0,18.3183550074,56.0
2016-10-11,1,0,16.0,21.0,1,45.0,50.6153846154,3.0,1.08171663727,82.0,18.2653032215,84.0
2016-10-12,2,0,16.0,19.0,1,48.0,51.5384615385,3.0,1.17203365245,84.0,19.5786987256,86.0
2016-10-13,3,0,15.0,18.0,0,48.0,53.2307692308,3.0,1.28555176337,86.0,21.4445755958,91.0
2016-10-14,4,0,15.0,19.0,1,48.0,55.7692307692,3.0,1.46959459459,91.0,23.6940558796,73.0
2016-10-15,5,1,16.0,23.0,1,56.0,58.3076923077,3.0,1.39821029083,91.0,23.6362974303,89.0
2016-10-16,6,1,16.0,24.0,1,56.0,62.0,3.0,1.38820301783,91.0,24.3815819516,67.0
2016-10-17,0,0,16.0,23.0,1,58.0,64.0,3.0,1.26589275843,91.0,23.6317908433,62.0
2016-10-18,1,0,18.0,25.0,1,58.0,65.6153846154,3.0,1.20110192837,91.0,22.7039083777,85.0
2016-10-19,2,0,18.0,24.0,0,59.0,69.0,3.0,1.16653038975,91.0,22.0523851841,70.0
2016-10-20,3,0,19.0,23.0,0,60.0,74.1538461538,3.0,1.17710876051,91.0,11.1689552837,73.0
2016-10-21,4,0,18.0,24.0,0,60.0,74.1538461538,3.0,1.22186495177,91.0,11.1689552837,76.0
2016-10-22,5,1,16.0,21.0,0,60.0,74.9230769231,3.0,1.140625,91.0,10.9225351978,80.0
2016-10-23,6,1,15.0,18.0,1,62.0,76.3076923077,3.0,1.15744250695,91.0,10.3208870771,74.0
2016-10-24,0,0,12.0,16.0,0,62.0,77.6923076923,3.0,1.13412228797,91.0,8.56095443443,65.0
2016-10-25,1,0,12.0,16.0,0,63.0,76.2307692308,3.0,1.06104651163,91.0,8.97135480853,64.0
2016-10-26,2,0,13.0,16.0,0,64.0,74.5384615385,3.0,0.967357636407,91.0,9.04361555179,49.0
2016-10-27,3,0,12.0,16.0,0,64.0,71.3076923077,3.0,0.82122260669,91.0,10.0336711234,84.0
2016-10-28,4,0,9.0,14.0,0,64.0,72.1538461538,3.0,0.902014652015,91.0,10.5891537676,58.0
2016-10-29,5,1,7.0,11.0,0,64.0,69.7692307692,3.0,0.879373848987,91.0,10.0011833619,85.0
2016-10-30,6,1,9.0,15.0,0,65.0,71.1538461538,3.0,1.02877860866,91.0,10.7406213389,62.0
2016-10-31,0,0,9.0,14.0,0,65.0,71.1538461538,3.0,0.925299029564,91.0,10.7406213389,76.0
