time_stamp,dayofweek,holiday,lt,ht,sunny,m2M,w2A,m1L,d3w3,m1Lar,w2Std,pay_sum
2016-08-01,0,0,25.0,39.0,1,45.0,54.8461538462,37.0,0.98788443616,80.0,10.3615127634,61.0
2016-08-02,1,0,26.0,38.0,1,46.0,55.3076923077,37.0,1.04744300678,80.0,10.4909089977,59.0
2016-08-03,2,0,24.0,36.0,1,46.0,56.0,37.0,1.14075436983,80.0,10.4144869514,69.0
2016-08-04,3,0,23.0,31.0,0,47.0,57.3076923077,37.0,1.13309352518,80.0,10.8867217315,64.0
2016-08-05,4,0,23.0,31.0,0,47.0,58.6153846154,37.0,1.1237928007,80.0,10.5869183541,42.0
2016-08-06,5,1,23.0,35.0,1,47.0,58.0769230769,37.0,1.03427895981,80.0,11.2212815562,54.0
2016-08-07,6,1,22.0,33.0,1,49.0,56.0769230769,37.0,0.945626477541,80.0,9.28573379281,48.0
2016-08-08,0,0,23.0,34.0,0,49.0,54.9230769231,37.0,0.864864864865,80.0,9.28573379281,48.0
2016-08-09,1,0,23.0,33.0,0,49.0,55.0769230769,37.0,0.90661831369,80.0,9.15222998015,62.0
2016-08-10,2,0,25.0,34.0,1,50.0,56.3076923077,37.0,0.944693572496,80.0,8.92175056455,74.0
2016-08-11,3,0,24.0,37.0,1,50.0,56.9230769231,37.0,1.07886250366,80.0,9.80158180689,70.0
2016-08-12,4,0,25.0,38.0,1,50.0,58.4615384615,37.0,1.18390804598,80.0,10.1573420555,60.0
2016-08-13,5,1,25.0,39.0,1,50.0,59.7692307692,37.0,1.16140051238,80.0,9.12438698597,53.0
2016-08-14,6,1,24.0,41.0,1,50.0,58.7692307692,42.0,1.06643356643,80.0,9.09906035854,86.0
2016-08-15,0,0,25.0,40.0,1,52.0,60.6923076923,42.0,1.13681805199,86.0,11.65124368,68.0
2016-08-16,1,0,26.0,40.0,1,52.0,61.3846153846,42.0,1.1606391926,86.0,11.7965996505,68.0
2016-08-17,2,0,26.0,40.0,1,53.0,61.3076923077,42.0,1.22213047069,86.0,11.749858365,79.0
2016-08-18,3,0,25.0,40.0,1,53.0,62.4615384615,42.0,1.17102396514,86.0,12.6589304726,51.0
2016-08-19,4,0,26.0,41.0,1,53.0,63.1538461538,42.0,1.07755102041,86.0,11.7332279895,64.0
2016-08-20,5,1,26.0,41.0,1,54.0,63.9230769231,42.0,1.037988229,86.0,11.4318148398,53.0
2016-08-21,6,1,27.0,42.0,1,54.0,64.3076923077,42.0,0.908353609084,86.0,10.9641697247,79.0
2016-08-22,0,0,25.0,40.0,1,54.0,66.6923076923,42.0,1.04449773515,86.0,10.5201975368,75.0
2016-08-23,1,0,27.0,42.0,1,54.0,67.6923076923,42.0,1.08918705604,86.0,10.6437747453,88.0
2016-08-24,2,0,27.0,41.0,1,54.0,68.7692307692,42.0,1.25453602903,88.0,11.8656183745,67.0
2016-08-25,3,0,25.0,38.0,0,54.0,68.5384615385,42.0,1.18955262477,88.0,11.868610084,69.0
2016-08-26,4,0,22.0,35.0,0,54.0,69.2307692308,42.0,1.13475177305,88.0,11.6100344275,74.0
2016-08-27,5,1,21.0,30.0,1,55.0,70.8461538462,42.0,1.04790419162,88.0,10.6615495615,90.0
2016-08-28,6,1,21.0,33.0,1,55.0,71.1538461538,42.0,1.12723754233,90.0,11.1413723353,73.0
2016-08-29,0,0,19.0,32.0,1,55.0,71.5384615385,42.0,1.12615823236,90.0,11.1121235568,72.0
2016-08-30,1,0,19.0,24.0,1,57.0,71.8461538462,42.0,1.10875206417,90.0,11.0651646993,79.0
2016-08-31,2,0,19.0,27.0,1,59.0,71.8461538462,42.0,1.05312646921,90.0,11.0651646993,77.0
2016-09-01,3,0,22.0,32.0,1,59.0,73.8461538462,42.0,1.06666666667,90.0,9.33023335388,70.0
2016-09-02,4,0,21.0,34.0,1,60.0,74.3076923077,42.0,1.04994192799,90.0,8.97333327472,70.0
2016-09-03,5,1,23.0,32.0,1,61.0,75.6153846154,42.0,0.996326905418,90.0,6.73153841759,72.0
2016-09-04,6,1,21.0,30.0,1,62.0,75.0769230769,48.0,0.982846546129,90.0,6.71922086213,85.0
2016-09-05,0,0,23.0,31.0,1,63.0,75.8461538462,48.0,1.04009163803,90.0,7.22012309554,86.0
2016-09-06,1,0,21.0,27.0,0,64.0,75.6923076923,48.0,1.09979633401,90.0,6.97671528823,45.0
2016-09-07,2,0,19.0,32.0,1,63.0,74.0,45.0,1.00069492703,90.0,10.6047884685,63.0
2016-09-08,3,0,20.0,29.0,1,63.0,73.5384615385,45.0,0.891339306226,90.0,10.9376933626,79.0
2016-09-09,4,0,20.0,27.0,0,64.0,73.9230769231,45.0,0.850386539336,90.0,11.0346415261,60.0
2016-09-10,5,1,19.0,34.0,1,64.0,71.6153846154,45.0,0.91423398959,90.0,10.5578149075,55.0
2016-09-11,6,1,20.0,32.0,1,64.0,70.2307692308,45.0,0.892569588222,90.0,11.429744234,78.0
2016-09-12,0,0,19.0,33.0,1,64.0,70.6923076923,45.0,0.886134067952,90.0,11.6115633042,59.0
2016-09-13,1,0,23.0,34.0,1,64.0,69.1538461538,45.0,0.899508081518,90.0,11.7332279895,67.0
2016-09-14,2,0,20.0,31.0,1,66.0,68.3846153846,45.0,0.955727336613,90.0,11.5194715526,38.0
2016-09-15,3,1,20.0,31.0,1,66.0,65.9230769231,38.0,0.785440613027,90.0,14.0518903106,49.0
2016-09-16,4,1,22.0,32.0,1,64.0,64.3076923077,38.0,0.751036332602,90.0,14.6832432772,42.0
2016-09-17,5,1,21.0,37.0,1,64.0,62.0,38.0,0.652009097801,90.0,15.6204993518,75.0
2016-09-18,6,0,20.0,32.0,1,66.0,61.2307692308,38.0,0.837749179914,90.0,14.6872725968,79.0
2016-09-19,0,0,18.0,23.0,0,66.0,60.6923076923,38.0,0.983935742972,90.0,13.8751832442,56.0
2016-09-20,1,0,21.0,25.0,0,66.0,61.5384615385,38.0,1.07279693487,90.0,13.2119723364,56.0
2016-09-21,2,0,18.0,25.0,1,66.0,61.0,38.0,0.991692627207,90.0,13.2838826576,84.0
2016-09-22,3,0,19.0,32.0,1,66.0,61.3846153846,38.0,1.00667693888,90.0,13.8593953777,82.0
2016-09-23,4,0,21.0,28.0,1,67.0,63.0769230769,38.0,1.12977099237,90.0,14.8917196324,64.0
2016-09-24,5,1,19.0,22.0,0,67.0,63.7692307692,38.0,1.17767537122,90.0,14.7082072649,75.0
2016-09-25,6,1,21.0,24.0,0,67.0,63.5384615385,38.0,1.14035087719,90.0,14.5052530782,73.0
2016-09-26,0,0,19.0,25.0,0,68.0,64.6153846154,38.0,1.10502997133,86.0,14.6473335013,65.0
2016-09-27,1,0,20.0,23.0,0,68.0,64.4615384615,38.0,1.09314857583,86.0,14.6319743902,61.0
2016-09-28,2,0,20.0,25.0,1,68.0,66.2307692308,38.0,1.02287329735,86.0,12.5707465426,61.0
2016-09-29,3,0,18.0,27.0,1,68.0,67.1538461538,38.0,0.974719833203,86.0,11.6806622168,48.0
2016-09-30,4,0,19.0,29.0,1,68.0,67.6153846154,38.0,0.894501446988,86.0,10.7598860556,86.0
2016-10-01,5,1,19.0,31.0,1,68.0,68.4615384615,38.0,1.00154083205,86.0,11.6988847898,94.0
2016-10-02,6,1,20.0,34.0,1,68.0,69.6153846154,38.0,1.15677321157,94.0,13.3101376144,79.0
2016-10-03,0,1,20.0,35.0,1,69.0,71.3846153846,38.0,1.29435282359,94.0,12.9052074256,79.0
2016-10-04,1,1,19.0,33.0,1,70.0,73.1538461538,38.0,1.24814264487,94.0,12.2339134807,84.0
2016-10-05,2,1,21.0,34.0,1,70.0,73.1538461538,38.0,1.15900383142,94.0,12.2339134807,71.0
2016-10-06,3,1,19.0,29.0,1,70.0,72.3076923077,38.0,1.10325318246,94.0,11.9703776393,62.0
2016-10-07,4,1,18.0,27.0,1,70.0,72.1538461538,38.0,1.00883310088,94.0,12.0884315573,99.0
2016-10-08,5,0,20.0,23.0,0,71.0,74.0,38.0,1.06081390032,99.0,14.0548376561,87.0
2016-10-09,6,0,18.0,22.0,1,71.0,75.0769230769,38.0,1.12778535698,99.0,14.4672656417,98.0
2016-10-10,0,0,15.0,19.0,0,72.0,77.6153846154,38.0,1.25552608311,99.0,15.3449488634,88.0
2016-10-11,1,0,14.0,18.0,0,72.0,79.6923076923,38.0,1.18181818182,99.0,14.7720349902,87.0
2016-10-12,2,0,14.0,17.0,0,73.0,81.6923076923,38.0,1.17952041478,99.0,13.8363212951,83.0
2016-10-13,3,0,14.0,17.0,0,73.0,84.3846153846,38.0,1.11398963731,99.0,9.84915819549,89.0
2016-10-14,4,0,15.0,17.0,0,73.0,84.6153846154,42.0,1.10048863395,99.0,9.91920019681,95.0
2016-10-15,5,1,15.0,19.0,0,74.0,84.6923076923,42.0,1.12020138452,99.0,9.99526515125,97.0
2016-10-16,6,1,16.0,25.0,1,74.0,86.0769230769,48.0,1.16139698285,99.0,10.3512283809,100.0
2016-10-17,0,0,16.0,25.0,1,75.0,87.6923076923,48.0,1.18122977346,100.0,10.7516339752,103.0
2016-10-18,1,0,16.0,25.0,1,75.0,89.1538461538,48.0,1.18343195266,103.0,11.4209399711,85.0
2016-10-19,2,0,18.0,28.0,1,75.0,90.2307692308,48.0,1.12018669778,103.0,10.2593585506,71.0
2016-10-20,3,0,18.0,26.0,0,75.0,90.9230769231,48.0,0.994051045865,103.0,8.48039856158,66.0
2016-10-21,4,0,17.0,22.0,0,75.0,88.3846153846,48.0,0.861968549796,103.0,10.4036861924,72.0
2016-10-22,5,1,18.0,25.0,1,74.0,87.2307692308,48.0,0.822025565388,103.0,11.2875278083,69.0
2016-10-23,6,1,18.0,23.0,0,74.0,85.0,48.0,0.818991097923,103.0,11.7930879365,103.0
2016-10-24,0,0,17.0,18.0,0,75.0,86.1538461538,48.0,0.951823678564,103.0,12.7269922354,102.0
2016-10-25,1,0,16.0,22.0,0,75.0,87.3076923077,48.0,1.05771086663,103.0,13.4128790885,99.0
2016-10-26,2,0,16.0,18.0,0,75.0,88.5384615385,48.0,1.15479582146,103.0,13.6923076923,68.0
2016-10-27,3,0,11.0,17.0,0,75.0,86.9230769231,48.0,1.01836077986,103.0,14.74115922,91.0
2016-10-28,4,0,9.0,13.0,0,77.0,86.6153846154,48.0,0.981175128351,103.0,14.610525508,85.0
2016-10-29,5,1,9.0,13.0,0,77.0,85.6923076923,62.0,0.928992956406,103.0,14.301073738,92.0
2016-10-30,6,1,12.0,17.0,0,78.0,85.0769230769,62.0,1.02387774594,103.0,13.8367489426,110.0
2016-10-31,0,0,10.0,18.0,0,79.0,85.6153846154,62.0,1.08281456329,110.0,14.636826377,89.0
