time_stamp,dayofweek,holiday,lt,ht,sunny,m2M,w2A,m1L,d3w3,m1Lar,w2Std,pay_sum
2016-08-01,0,0,26.0,32.0,0,2.0,26.9230769231,1.0,6.15384615385,118.0,46.750502323,188.0
2016-08-02,1,0,25.0,28.0,0,2.0,41.2307692308,1.0,5.12727272727,188.0,62.6813109751,75.0
2016-08-03,2,0,26.0,31.0,0,2.0,46.8461538462,1.0,4.07704654896,188.0,62.1831614035,172.0
2016-08-04,3,0,27.0,31.0,0,2.0,59.9230769231,1.0,3.65699873897,188.0,68.8906173565,127.0
2016-08-05,4,0,27.0,32.0,0,2.0,69.5384615385,1.0,2.71604938272,188.0,68.858400286,142.0
2016-08-06,5,1,28.0,34.0,1,2.0,80.3846153846,1.0,2.77882797732,188.0,68.3109839817,110.0
2016-08-07,6,1,28.0,35.0,1,2.0,88.7692307692,1.0,2.16695254431,188.0,64.6435835904,93.0
2016-08-08,0,0,28.0,34.0,1,2.0,95.8461538462,1.0,1.82975338107,188.0,59.4770106251,150.0
2016-08-09,1,0,27.0,33.0,1,2.0,107.307692308,1.0,1.67497034401,188.0,54.2194750923,201.0
2016-08-10,2,0,25.0,28.0,0,2.0,122.692307692,1.0,1.84538653367,201.0,50.089741949,164.0
2016-08-11,3,0,26.0,31.0,0,2.0,135.230769231,1.0,1.94412986032,201.0,36.6588300752,145.0
2016-08-12,4,0,26.0,30.0,0,2.0,138.615384615,1.0,1.78103719225,201.0,35.349983052,177.0
2016-08-13,5,1,26.0,31.0,0,2.0,143.230769231,1.0,1.55395683453,201.0,36.1346921439,132.0
2016-08-14,6,1,26.0,31.0,0,2.0,144.307692308,1.0,1.36582430806,201.0,35.5709142535,143.0
2016-08-15,0,0,26.0,30.0,0,2.0,140.846153846,1.0,1.27791914051,201.0,33.2654733316,157.0
2016-08-16,1,0,25.0,29.0,0,2.0,147.153846154,1.0,1.14558472554,201.0,27.4474214954,113.0
2016-08-17,2,0,25.0,29.0,0,2.0,142.615384615,1.0,1.04848946433,201.0,27.8389280893,113.0
2016-08-18,3,0,26.0,30.0,0,2.0,141.538461538,1.0,0.932554175797,201.0,28.6802408117,114.0
2016-08-19,4,0,26.0,31.0,0,2.0,139.384615385,1.0,0.823942808676,201.0,29.6012953499,128.0
2016-08-20,5,1,27.0,33.0,1,2.0,140.769230769,1.0,0.856867004586,201.0,28.5984234266,102.0
2016-08-21,6,1,26.0,31.0,0,2.0,141.461538462,1.0,0.835154163632,201.0,27.5223416508,94.0
2016-08-22,0,0,26.0,33.0,1,2.0,137.153846154,1.0,0.814479638009,201.0,30.1096615055,180.0
2016-08-23,1,0,27.0,34.0,1,2.0,135.538461538,1.0,0.90920082215,201.0,27.0487178272,169.0
2016-08-24,2,0,28.0,34.0,1,2.0,135.923076923,1.0,1.07237956911,201.0,27.4827541405,129.0
2016-08-25,3,0,28.0,34.0,1,2.0,134.692307692,1.0,1.15626511853,201.0,27.4068621822,78.0
2016-08-26,4,0,26.0,33.0,0,2.0,127.076923077,1.0,0.931154036652,201.0,28.3317205713,133.0
2016-08-27,5,1,26.0,31.0,0,2.0,127.153846154,75.0,0.834868017188,201.0,28.3463364987,84.0
2016-08-28,6,1,26.0,31.0,1,75.0,122.615384615,75.0,0.726779995073,201.0,30.1139846418,105.0
2016-08-29,0,0,25.0,31.0,1,78.0,118.615384615,75.0,0.806714267819,201.0,28.7014833751,126.0
2016-08-30,1,0,25.0,30.0,1,84.0,119.615384615,75.0,0.812064965197,201.0,28.7148807885,92.0
2016-08-31,2,0,26.0,30.0,1,92.0,118.0,75.0,0.856536727658,201.0,29.6180817953,129.0
2016-09-01,3,0,25.0,30.0,0,93.0,119.153846154,78.0,0.926074192687,201.0,29.7317394607,109.0
2016-09-02,4,0,25.0,29.0,0,94.0,117.692307692,78.0,0.905349794239,201.0,29.7279578728,117.0
2016-09-03,5,1,26.0,31.0,0,101.0,118.846153846,78.0,0.979986197378,201.0,29.3856222139,72.0
2016-09-04,6,1,26.0,32.0,0,101.0,117.153846154,72.0,0.84755403868,201.0,31.3365015814,73.0
2016-09-05,0,0,26.0,30.0,0,101.0,108.923076923,72.0,0.772861356932,201.0,27.574965063,125.0
2016-09-06,1,0,26.0,29.0,0,102.0,105.538461538,72.0,0.792253521127,201.0,22.1623915143,132.0
2016-09-07,2,0,26.0,30.0,0,105.0,105.769230769,72.0,0.960279353994,201.0,22.4196131379,126.0
2016-09-08,3,0,25.0,29.0,0,109.0,109.461538462,72.0,1.10869879867,180.0,21.4749062311,107.0
2016-09-09,4,0,26.0,31.0,0,109.0,107.461538462,72.0,1.06631609699,180.0,20.3719844757,113.0
2016-09-10,5,1,25.0,29.0,0,110.0,109.692307692,72.0,1.00596016863,180.0,19.2369220926,87.0
2016-09-11,6,1,25.0,31.0,0,110.0,108.307692308,72.0,0.895304753572,180.0,20.1509099447,91.0
2016-09-12,0,0,25.0,32.0,0,110.0,105.615384615,72.0,0.883022303141,180.0,19.9443011391,104.0
2016-09-13,1,0,27.0,33.0,1,110.0,106.538461538,72.0,0.881801125704,180.0,19.5669084253,110.0
2016-09-14,2,0,26.0,33.0,1,110.0,105.076923077,72.0,0.962296892254,180.0,18.515945471,73.0
2016-09-15,3,1,27.0,33.0,1,110.0,102.307692308,72.0,0.907653383934,180.0,20.3257495477,52.0
2016-09-16,4,1,27.0,33.0,1,110.0,97.3076923077,52.0,0.772899194211,180.0,23.7952309876,58.0
2016-09-17,5,1,26.0,32.0,1,110.0,96.2307692308,52.0,0.609695152424,180.0,25.1920434513,58.0
2016-09-18,6,0,25.0,32.0,1,110.0,95.0769230769,52.0,0.57318321392,180.0,26.5372352002,116.0
2016-09-19,0,0,25.0,32.0,1,113.0,94.3846153846,52.0,0.79561042524,180.0,25.856225144,89.0
2016-09-20,1,0,23.0,28.0,0,113.0,91.0769230769,52.0,0.903314442727,180.0,23.4732631485,116.0
2016-09-21,2,0,24.0,31.0,1,113.0,90.3076923077,52.0,1.10995850622,169.0,22.4581135429,135.0
2016-09-22,3,0,25.0,31.0,1,113.0,92.4615384615,52.0,1.16001364722,135.0,25.1384332925,128.0
2016-09-23,4,0,26.0,31.0,1,114.0,93.6153846154,52.0,1.28583545377,135.0,26.3687999247,120.0
2016-09-24,5,1,26.0,31.0,1,116.0,96.1538461538,52.0,1.26842192416,135.0,27.1855339186,98.0
2016-09-25,6,1,26.0,32.0,1,116.0,96.6923076923,52.0,1.13182859012,135.0,27.147416977,85.0
2016-09-26,0,0,27.0,33.0,1,116.0,95.2307692308,52.0,1.01101101101,135.0,27.2259882809,122.0
2016-09-27,1,0,27.0,33.0,1,116.0,96.1538461538,52.0,1.02280348759,135.0,27.9060130103,128.0
2016-09-28,2,0,26.0,32.0,1,116.0,100.384615385,52.0,1.12227805695,135.0,28.2421901023,159.0
2016-09-29,3,0,24.0,29.0,1,116.0,108.615384615,52.0,1.33529219719,159.0,28.5321369728,199.0
2016-09-30,4,0,23.0,26.0,0,116.0,119.461538462,52.0,1.52255639098,199.0,33.5825398421,193.0
2016-10-01,5,1,23.0,28.0,0,117.0,129.846153846,52.0,1.64428528797,199.0,33.8431816877,111.0
2016-10-02,6,1,24.0,30.0,0,116.0,129.461538462,52.0,1.48772552499,199.0,34.0262690028,111.0
2016-10-03,0,1,24.0,30.0,0,116.0,131.153846154,52.0,1.22364735368,199.0,32.4839514313,74.0
2016-10-04,1,1,25.0,32.0,1,114.0,127.923076923,52.0,0.886891385768,199.0,35.7544220793,84.0
2016-10-05,2,1,25.0,30.0,1,114.0,124.0,52.0,0.802027429934,199.0,37.5171755539,105.0
2016-10-06,3,1,26.0,32.0,1,114.0,122.230769231,52.0,0.765982233872,199.0,37.8278567403,105.0
2016-10-07,4,1,25.0,31.0,0,113.0,121.076923077,52.0,0.83904109589,199.0,38.1060494662,101.0
2016-10-08,5,0,24.0,30.0,1,113.0,121.307692308,52.0,0.871514642006,199.0,37.9744541975,149.0
2016-10-09,6,0,22.0,28.0,1,113.0,126.230769231,52.0,0.981205085683,199.0,37.0864973275,148.0
2016-10-10,0,0,23.0,28.0,1,113.0,128.230769231,52.0,1.07378928909,199.0,37.5031359636,160.0
2016-10-11,1,0,21.0,26.0,1,113.0,130.692307692,52.0,1.211398277,199.0,38.4455351322,101.0
2016-10-12,2,0,22.0,26.0,0,113.0,126.230769231,52.0,1.09901921268,199.0,38.266582823,103.0
2016-10-13,3,0,23.0,28.0,1,111.0,118.846153846,52.0,0.988056460369,199.0,32.3106225777,126.0
2016-10-14,4,0,24.0,30.0,1,111.0,113.692307692,52.0,0.89358245329,199.0,24.4615384615,91.0
2016-10-15,5,1,24.0,31.0,1,111.0,112.153846154,58.0,0.868974881195,199.0,25.2002629835,78.0
2016-10-16,6,1,24.0,31.0,1,110.0,109.615384615,58.0,0.803376906318,199.0,26.7999381789,69.0
2016-10-17,0,0,24.0,31.0,1,109.0,109.230769231,69.0,0.662491301322,199.0,27.3387688827,110.0
2016-10-18,1,0,23.0,27.0,0,109.0,111.230769231,69.0,0.720796522227,199.0,26.3530872404,96.0
2016-10-19,2,0,24.0,27.0,0,109.0,110.538461538,69.0,0.792278882167,199.0,26.6244982173,91.0
2016-10-20,3,0,24.0,30.0,0,109.0,109.461538462,69.0,0.897552130553,199.0,27.1055355817,112.0
2016-10-21,4,0,24.0,27.0,0,109.0,110.307692308,69.0,0.938039215686,199.0,26.9996712669,60.0
2016-10-22,5,1,24.0,30.0,0,107.0,103.461538462,60.0,0.845387335262,199.0,27.5977016451,94.0
2016-10-23,6,1,25.0,30.0,1,105.0,99.3076923077,60.0,0.862096904878,199.0,24.4678269614,70.0
2016-10-24,0,0,25.0,31.0,0,105.0,92.3846153846,60.0,0.727390810196,199.0,18.2610913042,88.0
2016-10-25,1,0,25.0,30.0,1,105.0,91.3846153846,60.0,0.816723383568,199.0,18.1173035077,86.0
2016-10-26,2,0,25.0,31.0,1,105.0,90.0769230769,60.0,0.798168138698,199.0,17.8431695117,138.0
2016-10-27,3,0,26.0,31.0,1,105.0,91.0,60.0,1.0043457267,199.0,19.8726716101,83.0
2016-10-28,4,0,24.0,32.0,1,105.0,90.3846153846,60.0,0.996915083617,199.0,19.9866819563,95.0
2016-10-29,5,1,22.0,29.0,1,105.0,91.6923076923,60.0,1.05386026347,193.0,19.687499413,100.0
2016-10-30,6,1,20.0,25.0,1,104.0,94.0769230769,60.0,0.949940201606,160.0,18.644287797,79.0
2016-10-31,0,0,21.0,27.0,1,103.0,91.6923076923,60.0,0.976827094474,160.0,18.4365215115,85.0
