time_stamp,dayofweek,holiday,lt,ht,sunny,m2M,w2A,m1L,d3w3,m1Lar,w2Std,pay_sum
2016-08-01,0,0,25.0,35.0,0,70.0,81.0769230769,37.0,1.03324348607,111.0,12.1304546079,98.0
2016-08-02,1,0,25.0,29.0,0,71.0,83.4615384615,41.0,1.08119938717,111.0,12.1757349146,55.0
2016-08-03,2,0,25.0,31.0,0,71.0,82.0,46.0,0.996925779534,111.0,14.1964242518,73.0
2016-08-04,3,0,26.0,32.0,1,71.0,81.7692307692,46.0,0.999115826702,111.0,14.3159612168,84.0
2016-08-05,4,0,26.0,34.0,1,71.0,80.6153846154,46.0,0.924956369983,111.0,13.4595602942,88.0
2016-08-06,5,1,27.0,35.0,1,71.0,81.4615384615,46.0,1.04033970276,111.0,13.551130436,105.0
2016-08-07,6,1,27.0,36.0,1,72.0,84.0769230769,46.0,1.13781063873,111.0,14.5256353679,81.0
2016-08-08,0,0,27.0,35.0,0,72.0,83.2307692308,46.0,1.11518111518,111.0,14.3588827836,76.0
2016-08-09,1,0,25.0,34.0,0,73.0,83.5384615385,46.0,1.06051406598,111.0,14.1563542928,68.0
2016-08-10,2,0,26.0,31.0,0,73.0,82.2307692308,46.0,0.91407678245,111.0,14.7343337724,73.0
2016-08-11,3,0,26.0,32.0,0,73.0,79.3076923077,46.0,0.883190883191,111.0,12.3062499155,89.0
2016-08-12,4,0,26.0,30.0,0,73.0,79.9230769231,46.0,0.941850941851,111.0,12.5726292364,77.0
2016-08-13,5,1,25.0,32.0,0,74.0,80.0769230769,46.0,0.978705978706,111.0,12.5235872132,79.0
2016-08-14,6,1,26.0,32.0,0,74.0,80.4615384615,46.0,0.99837000815,111.0,12.4072893253,71.0
2016-08-15,0,0,25.0,31.0,0,74.0,78.3846153846,52.0,0.937048503612,111.0,11.526147275,139.0
2016-08-16,1,0,25.0,31.0,0,75.0,84.8461538462,55.0,1.14546175188,139.0,18.211771991,111.0
2016-08-17,2,0,25.0,31.0,0,75.0,87.7692307692,55.0,1.25292740047,139.0,19.1035793914,115.0
2016-08-18,3,0,25.0,30.0,0,76.0,90.1538461538,55.0,1.42133956386,139.0,20.3766312376,93.0
2016-08-19,4,0,26.0,32.0,0,76.0,90.5384615385,55.0,1.23356535189,139.0,20.3795349257,95.0
2016-08-20,5,1,26.0,34.0,1,76.0,89.7692307692,55.0,1.15825688073,139.0,20.0044373776,89.0
2016-08-21,6,1,27.0,35.0,0,76.0,90.3846153846,55.0,1.04983892363,139.0,19.8476445475,83.0
2016-08-22,0,0,27.0,35.0,1,76.0,90.9230769231,55.0,1.02064220183,139.0,19.5427009332,105.0
2016-08-23,1,0,27.0,35.0,1,76.0,93.7692307692,55.0,1.02935711631,139.0,18.671878675,90.0
2016-08-24,2,0,28.0,36.0,1,76.0,95.0769230769,55.0,1.02337566722,139.0,17.743737957,85.0
2016-08-25,3,0,27.0,36.0,1,76.0,94.7692307692,55.0,1.03016924209,139.0,17.8806033548,92.0
2016-08-26,4,0,25.0,35.0,0,77.0,95.9230769231,55.0,0.980176211454,139.0,17.1664320851,84.0
2016-08-27,5,1,24.0,32.0,0,77.0,96.3076923077,55.0,0.969359331476,139.0,16.8357888732,79.0
2016-08-28,6,1,26.0,33.0,1,79.0,96.9230769231,55.0,0.948131622978,139.0,16.0262358864,55.0
2016-08-29,0,0,26.0,33.0,1,79.0,90.4615384615,55.0,0.820165537998,139.0,14.6319743902,92.0
2016-08-30,1,0,25.0,32.0,1,79.0,89.0,55.0,0.838901262064,139.0,13.4049359451,99.0
2016-08-31,2,0,25.0,33.0,0,79.0,87.7692307692,55.0,0.900109769484,139.0,11.5702127243,111.0
2016-09-01,3,0,25.0,32.0,0,81.0,89.1538461538,55.0,1.09182935647,139.0,13.0904906992,91.0
2016-09-02,4,0,25.0,31.0,0,81.0,88.8461538462,55.0,1.08001435235,139.0,12.996130512,69.0
2016-09-03,5,1,25.0,31.0,0,81.0,87.3076923077,55.0,0.977633477633,139.0,14.0295546033,69.0
2016-09-04,6,1,26.0,31.0,0,81.0,86.2307692308,55.0,0.827013362225,139.0,14.8331948224,54.0
2016-09-05,0,0,26.0,32.0,0,81.0,82.3076923077,54.0,0.726859738785,139.0,16.0450549074,90.0
2016-09-06,1,0,26.0,33.0,0,81.0,82.3076923077,54.0,0.816091954023,139.0,16.0450549074,102.0
2016-09-07,2,0,25.0,31.0,0,81.0,83.6153846154,54.0,0.949623624783,139.0,16.8821182664,91.0
2016-09-08,3,0,26.0,32.0,0,81.0,83.5384615385,54.0,1.09371980676,139.0,16.8459782218,79.0
2016-09-09,4,0,26.0,32.0,0,81.0,83.1538461538,54.0,1.0610493466,139.0,16.8880756924,82.0
2016-09-10,5,1,25.0,30.0,0,82.0,83.3846153846,54.0,0.987074030552,139.0,16.8501927017,60.0
2016-09-11,6,1,25.0,30.0,0,82.0,83.7692307692,54.0,0.877506452253,139.0,16.2440703792,57.0
2016-09-12,0,0,24.0,33.0,1,81.0,81.0769230769,54.0,0.813406907828,139.0,17.5080708354,86.0
2016-09-13,1,0,26.0,35.0,1,82.0,80.0769230769,54.0,0.831796762958,139.0,16.8132801836,85.0
2016-09-14,2,0,26.0,35.0,1,83.0,78.0769230769,54.0,0.934234787953,115.0,14.387288933,67.0
2016-09-15,3,1,25.0,34.0,1,83.0,76.2307692308,54.0,0.990428630878,115.0,14.1484103274,71.0
2016-09-16,4,1,25.0,34.0,1,83.0,76.3846153846,54.0,0.935598909167,111.0,14.0796550523,58.0
2016-09-17,5,1,25.0,34.0,1,83.0,75.5384615385,54.0,0.833333333333,111.0,14.8096402315,69.0
2016-09-18,6,0,25.0,33.0,1,83.0,76.6923076923,54.0,0.834386852086,111.0,13.6234222256,72.0
2016-09-19,0,0,23.0,32.0,1,83.0,75.3076923077,54.0,0.849338454972,111.0,13.1053988604,93.0
2016-09-20,1,0,24.0,31.0,1,83.0,74.6153846154,54.0,1.00257069409,111.0,11.8551414457,82.0
2016-09-21,2,0,24.0,31.0,1,83.0,73.9230769231,54.0,1.07836716874,111.0,11.1179794682,92.0
2016-09-22,3,0,24.0,32.0,1,84.0,74.9230769231,54.0,1.16492146597,111.0,12.0732478484,77.0
2016-09-23,4,0,25.0,32.0,1,83.0,74.5384615385,54.0,1.08940972222,111.0,11.920347082,89.0
2016-09-24,5,1,25.0,32.0,1,84.0,76.7692307692,54.0,1.10539845758,111.0,11.7024247728,73.0
2016-09-25,6,1,26.0,33.0,1,83.0,78.0,54.0,1.01164021164,111.0,10.3180200844,62.0
2016-09-26,0,0,26.0,34.0,1,82.0,76.1538461538,54.0,0.965309200603,111.0,10.8546066353,101.0
2016-09-27,1,0,27.0,35.0,1,83.0,77.3846153846,54.0,1.0176800345,111.0,12.5608577704,87.0
2016-09-28,2,0,28.0,34.0,1,84.0,78.9230769231,54.0,1.08084738435,111.0,12.4187298896,87.0
2016-09-29,3,0,21.0,28.0,0,84.0,80.1538461538,54.0,1.18279569892,111.0,12.3652500292,84.0
2016-09-30,4,0,20.0,26.0,0,84.0,82.1538461538,54.0,1.10824742268,102.0,10.5964156048,85.0
2016-10-01,5,1,20.0,28.0,0,84.0,83.3846153846,54.0,1.08222363137,102.0,9.90367811657,58.0
2016-10-02,6,1,23.0,31.0,1,84.0,82.3076923077,54.0,0.959019856358,102.0,11.6842077206,64.0
2016-10-03,0,1,24.0,33.0,1,84.0,80.0769230769,54.0,0.886889460154,102.0,12.1873928458,35.0
2016-10-04,1,1,24.0,32.0,1,84.0,76.4615384615,35.0,0.694997786631,102.0,17.0727645664,44.0
2016-10-05,2,1,23.0,33.0,1,83.0,72.7692307692,35.0,0.642841087885,102.0,18.4480720116,54.0
2016-10-06,3,1,25.0,32.0,1,83.0,71.0,35.0,0.604820372897,101.0,19.0505400691,82.0
2016-10-07,4,1,25.0,31.0,1,83.0,70.4615384615,35.0,0.805369127517,101.0,18.6284124788,55.0
2016-10-08,5,0,24.0,31.0,0,83.0,69.0769230769,35.0,0.862691960253,101.0,19.0524035975,74.0
2016-10-09,6,0,22.0,30.0,1,83.0,70.0,35.0,0.951736580965,101.0,18.9777197301,71.0
2016-10-10,0,0,22.0,30.0,1,82.0,67.6923076923,35.0,0.915750915751,101.0,16.7625251236,78.0
2016-10-11,1,0,21.0,28.0,0,82.0,67.0,35.0,1.02387511478,101.0,16.1245154966,64.0
2016-10-12,2,0,20.0,25.0,0,82.0,65.2307692308,35.0,0.997191011236,101.0,15.0596447305,60.0
2016-10-13,3,0,22.0,28.0,1,82.0,63.3846153846,35.0,0.957119166074,101.0,14.0851174132,93.0
2016-10-14,4,0,20.0,30.0,1,82.0,64.0,35.0,1.02527758091,101.0,15.1505267743,77.0
2016-10-15,5,1,21.0,31.0,1,82.0,65.4615384615,35.0,1.08362779741,101.0,15.4153539075,74.0
2016-10-16,6,1,24.0,32.0,1,82.0,66.2307692308,35.0,1.1399205793,101.0,15.5719365238,55.0
2016-10-17,0,0,23.0,32.0,1,79.0,67.7692307692,35.0,0.994448467294,101.0,13.2209265715,69.0
2016-10-18,1,0,23.0,26.0,0,79.0,69.6923076923,35.0,0.968451944241,101.0,11.3027199952,55.0
2016-10-19,2,0,23.0,27.0,0,78.0,69.7692307692,35.0,0.896568995743,101.0,11.1985840187,61.0
2016-10-20,3,0,24.0,31.0,1,77.0,68.1538461538,35.0,0.942915392457,101.0,10.826222822,61.0
2016-10-21,4,0,24.0,27.0,0,77.0,68.6153846154,35.0,0.919003115265,101.0,10.3740687185,59.0
2016-10-22,5,1,24.0,30.0,1,74.0,67.4615384615,35.0,0.939040207523,101.0,10.5437942712,63.0
2016-10-23,6,1,24.0,31.0,1,74.0,66.8461538462,35.0,0.95015576324,101.0,10.5527696244,82.0
2016-10-24,0,0,24.0,30.0,1,74.0,67.1538461538,35.0,1.02178812923,101.0,10.9252435554,57.0
2016-10-25,1,0,24.0,31.0,1,73.0,66.6153846154,35.0,1.00198412698,101.0,11.2355100637,80.0
2016-10-26,2,0,25.0,32.0,1,73.0,68.1538461538,35.0,1.06569343066,93.0,11.5880983629,74.0
2016-10-27,3,0,24.0,33.0,1,74.0,66.6923076923,35.0,1.03279490945,93.0,9.34290858504,83.0
2016-10-28,4,0,22.0,33.0,1,74.0,67.1538461538,35.0,1.13669064748,93.0,9.96799612488,91.0
2016-10-29,5,1,20.0,29.0,1,74.0,68.4615384615,35.0,1.17507699597,93.0,11.7382699853,58.0
2016-10-30,6,1,19.0,28.0,1,73.0,68.6923076923,35.0,1.10951697752,93.0,11.4983919637,53.0
2016-10-31,0,0,19.0,27.0,1,72.0,67.4615384615,35.0,0.983686389092,93.0,12.2324623889,80.0
