time_stamp,dayofweek,holiday,lt,ht,sunny,m2M,w2A,m1L,d3w3,m1Lar,w2Std,pay_sum
2016-08-01,0,0,24.0,30.0,1,36.0,53.3076923077,29.0,1.32928475034,76.0,11.9832229862,52.0
2016-08-02,1,0,24.0,33.0,1,36.0,53.9230769231,29.0,1.28840436075,76.0,11.6912955027,59.0
2016-08-03,2,0,25.0,34.0,1,36.0,55.9230769231,29.0,1.15434500649,76.0,10.0495812271,46.0
2016-08-04,3,0,25.0,33.0,1,38.0,55.7692307692,31.0,1.02614379085,76.0,10.1841041006,56.0
2016-08-05,4,0,25.0,32.0,1,40.0,57.1538461538,31.0,1.03603603604,76.0,8.80424857097,87.0
2016-08-06,5,1,24.0,33.0,1,40.0,59.2307692308,31.0,1.1797752809,87.0,11.8785770072,68.0
2016-08-07,6,1,23.0,31.0,1,40.0,59.0,31.0,1.28697773711,87.0,11.6750885353,69.0
2016-08-08,0,0,24.0,32.0,1,41.0,60.2307692308,31.0,1.3215339233,87.0,11.8201512821,54.0
2016-08-09,1,0,25.0,33.0,1,42.0,60.6923076923,31.0,1.11695906433,87.0,11.444747639,54.0
2016-08-10,2,0,26.0,33.0,1,43.0,60.9230769231,31.0,1.01636520241,87.0,11.2759890473,66.0
2016-08-11,3,0,27.0,34.0,1,44.0,62.1538461538,32.0,0.983884648007,87.0,10.8829164208,74.0
2016-08-12,4,0,25.0,29.0,0,44.0,63.6923076923,32.0,1.06447187929,87.0,11.0341052782,61.0
2016-08-13,5,1,24.0,31.0,0,44.0,62.5384615385,32.0,1.10197368421,87.0,10.4558808231,67.0
2016-08-14,6,1,24.0,33.0,1,46.0,62.5384615385,32.0,1.11111111111,87.0,10.4558808231,61.0
2016-08-15,0,0,21.0,29.0,0,48.0,63.2307692308,32.0,1.03278688525,87.0,10.024230998,60.0
2016-08-16,1,0,23.0,31.0,1,48.0,63.3076923077,32.0,1.01731601732,87.0,9.99526515125,70.0
2016-08-17,2,0,23.0,28.0,0,50.0,65.1538461538,33.0,1.01785238476,87.0,8.76923076923,68.0
2016-08-18,3,0,22.0,24.0,0,50.0,66.0769230769,33.0,1.0401891253,87.0,8.38002697317,61.0
2016-08-19,4,0,22.0,32.0,1,51.0,64.0769230769,38.0,1.03970741902,87.0,5.8764397707,62.0
2016-08-20,5,1,23.0,31.0,1,52.0,63.6153846154,38.0,1.00898045431,87.0,5.78510636214,73.0
2016-08-21,6,1,23.0,34.0,1,52.0,63.9230769231,46.0,1.03049421661,87.0,6.15769110652,80.0
2016-08-22,0,0,23.0,32.0,1,53.0,65.9230769231,46.0,1.10596707819,87.0,6.79888609046,59.0
2016-08-23,1,0,24.0,30.0,0,54.0,66.3076923077,46.0,1.09053497942,87.0,6.23124404649,66.0
2016-08-24,2,0,24.0,31.0,0,54.0,66.3076923077,46.0,1.03850050659,87.0,6.23124404649,69.0
2016-08-25,3,0,18.0,30.0,1,54.0,65.9230769231,46.0,0.973162779032,87.0,5.8895153054,50.0
2016-08-26,4,0,17.0,29.0,1,54.0,65.0769230769,46.0,0.954592363261,87.0,7.18397295761,72.0
2016-08-27,5,1,20.0,32.0,1,54.0,65.4615384615,46.0,0.982510288066,87.0,7.4070173029,80.0
2016-08-28,6,1,18.0,31.0,1,54.0,66.9230769231,46.0,1.03034940066,87.0,8.21313711695,71.0
2016-08-29,0,0,19.0,31.0,1,55.0,67.7692307692,46.0,1.12286002014,87.0,8.02068332168,63.0
2016-08-30,1,0,19.0,31.0,1,55.0,67.2307692308,46.0,1.07026756689,87.0,8.08753881126,60.0
2016-08-31,2,0,19.0,33.0,1,56.0,66.6153846154,46.0,0.974629490078,87.0,8.30698002645,62.0
2016-09-01,3,0,19.0,27.0,1,59.0,66.6923076923,46.0,0.937896070976,87.0,8.25911725014,65.0
2016-09-02,4,0,19.0,28.0,1,59.0,66.9230769231,50.0,0.945160475107,87.0,8.16617355513,67.0
2016-09-03,5,1,20.0,30.0,1,59.0,66.4615384615,50.0,0.980540813748,87.0,7.97703805273,82.0
2016-09-04,6,1,18.0,29.0,0,60.0,66.6153846154,50.0,1.06467661692,82.0,8.25123264953,68.0
2016-09-05,0,0,20.0,31.0,1,60.0,67.3076923077,50.0,1.07319485658,82.0,7.95549752237,67.0
2016-09-06,1,0,21.0,30.0,1,60.0,67.3846153846,50.0,1.07558859975,82.0,7.94731170356,64.0
2016-09-07,2,0,19.0,31.0,1,61.0,67.0,50.0,0.98931145911,82.0,7.98074606113,57.0
2016-09-08,3,0,18.0,31.0,1,61.0,67.5384615385,50.0,0.937422089255,82.0,6.99027219251,77.0
2016-09-09,4,0,19.0,31.0,1,61.0,67.9230769231,50.0,0.976331360947,82.0,7.3532989819,72.0
2016-09-10,5,1,18.0,30.0,1,61.0,67.3076923077,50.0,1.01653096472,82.0,6.61449010052,69.0
2016-09-11,6,1,18.0,25.0,0,62.0,67.1538461538,50.0,1.08457711443,82.0,6.54976398689,88.0
2016-09-12,0,0,18.0,27.0,1,62.0,69.0769230769,50.0,1.11516922328,88.0,8.44403784619,52.0
2016-09-13,1,0,19.0,27.0,1,62.0,68.4615384615,50.0,1.0282902829,88.0,9.32833058373,77.0
2016-09-14,2,0,20.0,30.0,1,63.0,69.6153846154,50.0,1.06138420152,88.0,9.38524588046,73.0
2016-09-15,3,1,21.0,30.0,1,64.0,70.2307692308,50.0,0.971620971621,88.0,9.32452387858,52.0
2016-09-16,4,1,20.0,30.0,0,64.0,69.0769230769,50.0,0.985846754514,88.0,10.5061266994,75.0
2016-09-17,5,1,17.0,24.0,1,65.0,68.5384615385,50.0,0.979671809944,88.0,9.99704098233,76.0
2016-09-18,6,0,15.0,22.0,0,66.0,69.1538461538,50.0,0.990727183992,88.0,10.1893319313,63.0
2016-09-19,0,0,13.0,25.0,1,66.0,68.8461538462,50.0,1.04441190825,88.0,10.3094143223,85.0
2016-09-20,1,0,14.0,26.0,1,66.0,70.4615384615,50.0,1.07356817637,88.0,11.04268212,70.0
2016-09-21,2,0,16.0,23.0,0,67.0,71.4615384615,50.0,1.03883726471,88.0,10.3449384473,81.0
2016-09-22,3,0,17.0,26.0,0,67.0,71.7692307692,50.0,1.11189634865,88.0,10.5622975804,91.0
2016-09-23,4,0,19.0,27.0,1,67.0,73.2307692308,50.0,1.12114894603,91.0,11.7417980942,98.0
2016-09-24,5,1,20.0,29.0,1,67.0,75.4615384615,52.0,1.23711340206,98.0,13.3682481714,108.0
2016-09-25,6,1,19.0,27.0,1,67.0,77.0,52.0,1.32441471572,108.0,15.6745751997,85.0
2016-09-26,0,0,19.0,24.0,0,68.0,79.5384615385,52.0,1.28222075347,108.0,14.0033808259,66.0
2016-09-27,1,0,12.0,23.0,1,68.0,78.6923076923,52.0,1.1397139714,108.0,14.456218334,83.0
2016-09-28,2,0,10.0,20.0,1,68.0,79.4615384615,52.0,1.01232965607,108.0,14.3988000815,89.0
2016-09-29,3,0,12.0,22.0,1,68.0,82.3076923077,52.0,1.02167847178,108.0,12.1742768882,76.0
2016-09-30,4,0,14.0,24.0,1,68.0,82.3846153846,52.0,1.06187111967,108.0,12.1309423918,76.0
2016-10-01,5,1,15.0,26.0,1,69.0,82.3846153846,52.0,1.02728047741,108.0,12.1309423918,68.0
2016-10-02,6,1,16.0,26.0,1,69.0,82.7692307692,52.0,0.949913644214,108.0,11.5768591871,64.0
2016-10-03,0,1,16.0,28.0,1,69.0,81.1538461538,52.0,0.8911739503,108.0,12.5749822073,63.0
2016-10-04,1,1,11.0,19.0,0,68.0,80.6153846154,52.0,0.843060959792,108.0,13.1765436202,51.0
2016-10-05,2,1,13.0,21.0,1,68.0,78.3076923077,51.0,0.780701754386,108.0,15.354200705,69.0
2016-10-06,3,1,14.0,17.0,0,68.0,76.6153846154,51.0,0.793754066363,108.0,15.0718201725,62.0
2016-10-07,4,1,12.0,16.0,0,68.0,73.8461538462,51.0,0.79615048119,108.0,14.1684707054,81.0
2016-10-08,5,0,5.0,19.0,1,69.0,71.7692307692,51.0,0.924351427949,108.0,10.5185100302,99.0
2016-10-09,6,0,8.0,18.0,1,69.0,72.8461538462,51.0,1.03088391906,108.0,12.3714693726,105.0
2016-10-10,0,0,10.0,20.0,1,69.0,75.8461538462,51.0,1.19873817035,108.0,14.8315990831,93.0
2016-10-11,1,0,10.0,20.0,1,69.0,76.6153846154,51.0,1.23134328358,108.0,15.4299332544,88.0
2016-10-12,2,0,10.0,19.0,1,70.0,76.5384615385,51.0,1.18059855521,108.0,15.3703780276,93.0
2016-10-13,3,0,12.0,22.0,1,70.0,77.8461538462,51.0,1.12966398681,108.0,15.9800171072,100.0
2016-10-14,4,0,13.0,23.0,1,71.0,79.6923076923,51.0,1.15709285567,108.0,17.0130475513,71.0
2016-10-15,5,1,11.0,17.0,0,71.0,79.9230769231,51.0,1.11251580278,108.0,16.8726521487,100.0
2016-10-16,6,1,12.0,20.0,1,72.0,82.6923076923,51.0,1.13128783135,108.0,16.9858973875,89.0
2016-10-17,0,0,9.0,21.0,1,72.0,84.6923076923,51.0,1.06995884774,108.0,16.0546404285,96.0
2016-10-18,1,0,12.0,20.0,1,73.0,88.1538461538,51.0,1.16350275566,108.0,12.9724332208,99.0
2016-10-19,2,0,14.0,22.0,1,73.0,90.4615384615,51.0,1.15236356259,108.0,11.9911209755,92.0
2016-10-20,3,0,11.0,15.0,0,73.0,92.7692307692,51.0,1.15330520394,108.0,8.73678207046,87.0
2016-10-21,4,0,11.0,11.0,0,75.0,93.2307692308,51.0,1.10978043912,108.0,8.24764624842,91.0
2016-10-22,5,1,7.0,15.0,1,76.0,92.6153846154,51.0,1.0632014176,108.0,8.09119617988,100.0
2016-10-23,6,1,0.0,5.0,1,76.0,92.2307692308,51.0,1.07191054559,108.0,7.59710315392,96.0
2016-10-24,0,0,6.0,13.0,1,76.0,92.4615384615,51.0,1.08588724934,105.0,7.66224896304,96.0
2016-10-25,1,0,10.0,17.0,1,77.0,93.0769230769,51.0,1.07729201254,105.0,7.6002179975,80.0
2016-10-26,2,0,0.0,10.0,1,77.0,92.0769230769,51.0,0.997433076641,105.0,8.36164814874,77.0
2016-10-27,3,0,7.0,11.0,0,77.0,90.3076923077,51.0,0.920167303146,105.0,8.91312442313,85.0
2016-10-28,4,0,2.0,13.0,1,77.0,91.3846153846,51.0,0.878243512974,105.0,7.19549497457,78.0
2016-10-29,5,1,2.0,12.0,1,78.0,89.6923076923,51.0,0.881057268722,105.0,7.54865872329,56.0
2016-10-30,6,1,2.0,13.0,1,78.0,87.1538461538,51.0,0.826259196378,105.0,11.7397821618,113.0
2016-10-31,0,0,-4.0,6.0,1,80.0,88.4615384615,51.0,0.921469875023,113.0,13.471424941,82.0
