time_stamp,dayofweek,holiday,lt,ht,sunny,m2M,w2A,m1L,d3w3,m1Lar,w2Std,pay_sum
2016-08-01,0,0,27.0,37.0,1,109.0,146.923076923,93.0,1.07697867727,169.0,8.38920128647,148.0
2016-08-02,1,0,27.0,35.0,0,113.0,147.153846154,100.0,1.05212816834,169.0,8.37437624631,140.0
2016-08-03,2,0,26.0,32.0,0,115.0,144.923076923,100.0,1.03440094899,169.0,5.69022831043,139.0
2016-08-04,3,0,27.0,33.0,0,116.0,144.846153846,100.0,1.00199460284,169.0,5.76256024625,134.0
2016-08-05,4,0,26.0,33.0,0,118.0,144.076923077,100.0,0.971536109151,169.0,6.45054009023,143.0
2016-08-06,5,1,26.0,34.0,0,119.0,143.461538462,100.0,0.972758096574,169.0,6.13458524227,148.0
2016-08-07,6,1,27.0,35.0,1,120.0,143.307692308,100.0,0.989983694386,169.0,5.99210525974,145.0
2016-08-08,0,0,26.0,34.0,0,120.0,144.076923077,100.0,0.999885334251,169.0,5.49771334929,164.0
2016-08-09,1,0,26.0,30.0,0,122.0,146.076923077,100.0,1.04123946229,169.0,7.34283050079,140.0
2016-08-10,2,0,27.0,35.0,0,122.0,145.307692308,100.0,1.03325279024,169.0,7.41500158602,190.0
2016-08-11,3,0,27.0,36.0,1,126.0,149.076923077,100.0,1.11752064246,190.0,13.8922310246,193.0
2016-08-12,4,0,27.0,36.0,1,127.0,152.0,100.0,1.16377392078,193.0,18.1701361072,139.0
2016-08-13,5,1,27.0,35.0,1,134.0,151.615384615,100.0,1.16621983914,193.0,18.3870291303,180.0
2016-08-14,6,1,28.0,35.0,1,135.0,154.076923077,100.0,1.13249281132,193.0,19.8240783604,191.0
2016-08-15,0,0,27.0,36.0,1,136.0,157.384615385,100.0,1.10749185668,193.0,22.0018826521,166.0
2016-08-16,1,0,26.0,36.0,1,137.0,159.384615385,100.0,1.1555842479,193.0,21.5068449266,173.0
2016-08-17,2,0,28.0,37.0,1,137.0,162.0,134.0,1.13211577486,193.0,20.9284495365,168.0
2016-08-18,3,0,28.0,37.0,1,138.0,164.615384615,134.0,1.07369758577,193.0,19.3292861165,174.0
2016-08-19,4,0,28.0,38.0,1,139.0,167.0,134.0,1.0840964109,193.0,18.4056847406,191.0
2016-08-20,5,1,27.0,37.0,0,139.0,170.307692308,134.0,1.10557975524,193.0,18.5571243436,180.0
2016-08-21,6,1,27.0,35.0,0,140.0,173.0,134.0,1.11932635038,193.0,17.1778032087,149.0
2016-08-22,0,0,27.0,36.0,1,140.0,171.846153846,134.0,1.06765219177,193.0,18.215995312,167.0
2016-08-23,1,0,27.0,35.0,0,140.0,173.923076923,134.0,1.0099776013,193.0,15.8525005961,186.0
2016-08-24,2,0,27.0,35.0,1,140.0,173.615384615,134.0,1.0077285958,193.0,15.5738363513,165.0
2016-08-25,3,0,26.0,35.0,1,141.0,171.461538462,134.0,1.03023070804,193.0,14.6529880629,167.0
2016-08-26,4,0,25.0,34.0,0,141.0,173.615384615,134.0,1.02290679305,193.0,11.4256018965,158.0
2016-08-27,5,1,23.0,31.0,1,143.0,171.923076923,134.0,0.964756841898,193.0,11.970871946,173.0
2016-08-28,6,1,21.0,31.0,1,144.0,170.538461538,134.0,0.972466315173,193.0,10.6526658608,164.0
2016-08-29,0,0,21.0,32.0,1,144.0,170.384615385,134.0,0.966608084359,193.0,10.7312517123,176.0
2016-08-30,1,0,21.0,32.0,1,145.0,170.615384615,134.0,0.991304347826,193.0,10.8169273437,162.0
2016-08-31,2,0,21.0,33.0,1,145.0,170.153846154,134.0,0.977985583479,193.0,11.0442895363,152.0
2016-09-01,3,0,23.0,33.0,0,148.0,168.461538462,134.0,0.966183574879,193.0,11.9718604981,135.0
2016-09-02,4,0,22.0,34.0,1,148.0,164.153846154,134.0,0.886388313098,193.0,13.1081076135,109.0
2016-09-03,5,1,23.0,35.0,1,148.0,158.692307692,109.0,0.798548094374,193.0,18.8858295082,111.0
2016-09-04,6,1,24.0,32.0,1,148.0,155.769230769,109.0,0.733622649308,193.0,22.7127678297,131.0
2016-09-05,0,0,24.0,30.0,0,148.0,153.0,109.0,0.733312441241,193.0,23.3600579557,111.0
2016-09-06,1,0,23.0,28.0,0,148.0,147.230769231,109.0,0.75210397358,193.0,23.7556595561,135.0
2016-09-07,2,0,21.0,27.0,0,148.0,144.923076923,109.0,0.811800172265,193.0,23.371453786,162.0
2016-09-08,3,0,22.0,30.0,1,148.0,144.538461538,109.0,0.881971465629,193.0,23.0438224147,174.0
2016-09-09,4,0,22.0,29.0,1,148.0,145.769230769,109.0,1.02380176068,193.0,24.131542863,169.0
2016-09-10,5,1,22.0,28.0,0,149.0,145.461538462,109.0,1.10165794066,191.0,23.8056728359,166.0
2016-09-11,6,1,21.0,25.0,0,150.0,145.615384615,109.0,1.10424124092,191.0,23.9311141582,146.0
2016-09-12,0,0,21.0,27.0,1,150.0,143.307692308,109.0,1.05067715159,191.0,22.2792922667,137.0
2016-09-13,1,0,21.0,28.0,0,150.0,141.384615385,109.0,0.996780996781,191.0,21.6529921952,131.0
2016-09-14,2,0,21.0,25.0,0,150.0,139.769230769,109.0,0.929605927922,191.0,21.5840177559,137.0
2016-09-15,3,1,22.0,25.0,0,150.0,139.923076923,109.0,0.918679823069,191.0,21.556585781,120.0
2016-09-16,4,1,23.0,27.0,0,150.0,140.769230769,109.0,0.891646558658,191.0,20.5169867564,150.0
2016-09-17,5,1,22.0,27.0,1,150.0,143.769230769,109.0,0.942784340978,191.0,18.7171408326,147.0
2016-09-18,6,0,22.0,26.0,0,150.0,145.0,109.0,0.971688220902,186.0,18.3596547646,175.0
2016-09-19,0,0,20.0,27.0,1,150.0,149.923076923,109.0,1.10023310023,186.0,17.1215632754,148.0
2016-09-20,1,0,19.0,26.0,1,150.0,150.923076923,109.0,1.10096041227,186.0,16.59222032,146.0
2016-09-21,2,0,19.0,26.0,1,150.0,149.692307692,109.0,1.10093896714,186.0,16.3160356016,146.0
2016-09-22,3,0,20.0,27.0,1,149.0,147.538461538,109.0,1.02887875599,176.0,14.7367431149,175.0
2016-09-23,4,0,20.0,29.0,1,150.0,148.0,109.0,1.06730659353,176.0,15.4770301266,168.0
2016-09-24,5,1,21.0,30.0,1,150.0,148.153846154,109.0,1.09616677875,176.0,15.6640016198,163.0
2016-09-25,6,1,21.0,30.0,1,152.0,149.461538462,109.0,1.12220004436,176.0,16.132219956,185.0
2016-09-26,0,0,24.0,31.0,1,155.0,153.153846154,109.0,1.11688311688,185.0,18.215995312,165.0
2016-09-27,1,0,23.0,28.0,0,158.0,155.769230769,109.0,1.09967845659,185.0,17.2633620317,176.0
2016-09-28,2,0,22.0,28.0,0,162.0,158.769230769,109.0,1.12249253094,185.0,17.1291647205,132.0
2016-09-29,3,0,22.0,25.0,0,162.0,159.692307692,109.0,1.02314514385,185.0,15.2334884907,129.0
2016-09-30,4,0,22.0,29.0,0,162.0,158.076923077,109.0,0.957703265396,185.0,17.1664320851,140.0
2016-10-01,5,1,23.0,30.0,0,162.0,157.538461538,109.0,0.886383731211,185.0,17.6095052331,175.0
2016-10-02,6,1,22.0,30.0,1,162.0,157.538461538,111.0,0.972085385878,185.0,17.6095052331,143.0
2016-10-03,0,1,21.0,27.0,0,162.0,157.153846154,111.0,1.00076477658,185.0,17.8663678623,108.0
2016-10-04,1,1,20.0,27.0,1,162.0,154.230769231,108.0,0.937912813738,185.0,22.0668698633,138.0
2016-10-05,2,1,21.0,27.0,1,162.0,153.615384615,108.0,0.856168152305,185.0,22.3969038435,165.0
2016-10-06,3,1,22.0,27.0,0,163.0,152.846153846,108.0,0.89134677944,185.0,21.8133556613,136.0
2016-10-07,4,1,20.0,23.0,0,162.0,150.384615385,108.0,0.956427015251,185.0,21.7699102911,132.0
2016-10-08,5,0,17.0,22.0,0,162.0,148.0,108.0,0.948002189381,185.0,21.9544984001,151.0
2016-10-09,6,0,16.0,22.0,1,162.0,145.384615385,108.0,0.924638640627,185.0,19.2495293111,127.0
2016-10-10,0,0,15.0,21.0,1,158.0,142.461538462,108.0,0.911111111111,185.0,18.9315178172,148.0
2016-10-11,1,0,17.0,23.0,1,158.0,140.307692308,108.0,0.946035976016,185.0,16.4194285265,163.0
2016-10-12,2,0,18.0,25.0,1,158.0,142.692307692,108.0,0.967207684664,185.0,17.2688452929,137.0
2016-10-13,3,0,18.0,23.0,1,152.0,143.307692308,108.0,1.0019009281,185.0,16.9087351817,164.0
2016-10-14,4,0,19.0,22.0,0,152.0,145.153846154,108.0,1.03907737096,185.0,17.7367335205,150.0
2016-10-15,5,1,20.0,23.0,0,151.0,143.230769231,108.0,1.01439496176,185.0,15.6261804288,149.0
2016-10-16,6,1,20.0,26.0,0,150.0,143.692307692,108.0,1.05418943534,185.0,15.7009779969,150.0
2016-10-17,0,0,20.0,24.0,0,150.0,146.923076923,108.0,1.02757752603,185.0,11.8805693885,164.0
2016-10-18,1,0,20.0,24.0,0,150.0,148.923076923,108.0,1.06400091922,185.0,12.3877205854,132.0
2016-10-19,2,0,20.0,24.0,0,150.0,146.384615385,108.0,1.02493393083,185.0,12.2130980228,163.0
2016-10-20,3,0,21.0,25.0,0,150.0,148.461538462,108.0,1.04258943782,185.0,12.5613288409,121.0
2016-10-21,4,0,21.0,25.0,0,150.0,147.615384615,108.0,0.951074531321,185.0,13.9368822335,149.0
2016-10-22,5,1,20.0,23.0,0,149.0,147.461538462,108.0,0.998846597463,185.0,13.9096833156,143.0
2016-10-23,6,1,17.0,23.0,0,149.0,148.692307692,108.0,0.952710495963,185.0,12.6999976704,193.0
2016-10-24,0,0,19.0,24.0,1,149.0,152.153846154,108.0,1.08683473389,193.0,17.3287051931,155.0
2016-10-25,1,0,19.0,23.0,1,149.0,151.538461538,108.0,1.0940285205,193.0,17.0727645664,171.0
2016-10-26,2,0,19.0,24.0,0,149.0,154.153846154,108.0,1.15410273516,193.0,17.2486171301,139.0
2016-10-27,3,0,18.0,24.0,0,148.0,152.230769231,108.0,1.03298900367,193.0,17.4362745057,169.0
2016-10-28,4,0,15.0,19.0,0,148.0,153.692307692,108.0,1.05113012947,193.0,17.975986612,161.0
2016-10-29,5,1,12.0,15.0,0,148.0,154.615384615,108.0,1.02580927384,193.0,18.0193846968,145.0
2016-10-30,6,1,14.0,18.0,1,148.0,154.230769231,108.0,1.03283322461,193.0,18.1665535708,174.0
2016-10-31,0,0,12.0,17.0,0,148.0,155.0,108.0,1.03492884864,193.0,18.7657626052,145.0
