time_stamp,dayofweek,holiday,lt,ht,sunny,m2M,w2A,m1L,d3w3,m1Lar,w2Std,pay_sum
2016-08-01,0,0,28.0,34.0,1,186.0,183.846153846,153.0,1.01516718373,292.0,18.7733286825,181.0
2016-08-02,1,0,28.0,34.0,0,186.0,186.0,153.0,0.986438628315,292.0,16.5900804468,183.0
2016-08-03,2,0,26.0,32.0,0,185.0,186.769230769,153.0,0.984711065043,292.0,16.1966465957,172.0
2016-08-04,3,0,27.0,32.0,0,184.0,184.769230769,153.0,0.931040472468,292.0,16.2913561137,208.0
2016-08-05,4,0,27.0,33.0,0,185.0,185.846153846,153.0,0.974891774892,292.0,17.2976038974,204.0
2016-08-06,5,1,27.0,33.0,1,186.0,184.615384615,153.0,1.03491050859,292.0,15.2746066878,278.0
2016-08-07,6,1,27.0,34.0,1,187.0,192.846153846,153.0,1.20703227499,292.0,28.6728125149,231.0
2016-08-08,0,0,27.0,34.0,0,187.0,197.615384615,153.0,1.2355948358,292.0,29.4554120965,178.0
2016-08-09,1,0,28.0,34.0,1,186.0,198.538461538,153.0,1.18285123967,292.0,28.6265486907,209.0
2016-08-10,2,0,28.0,34.0,1,187.0,199.769230769,153.0,1.05424769703,292.0,28.7058124539,217.0
2016-08-11,3,0,28.0,35.0,1,187.0,203.846153846,153.0,1.02537984891,292.0,27.0522177503,165.0
2016-08-12,4,0,28.0,34.0,1,187.0,201.230769231,153.0,1.01077475629,292.0,28.9698884684,192.0
2016-08-13,5,1,28.0,35.0,1,190.0,201.846153846,153.0,0.988802756245,292.0,28.6808597496,240.0
2016-08-14,6,1,28.0,36.0,1,191.0,204.461538462,153.0,1.01040873318,292.0,30.4368586892,220.0
2016-08-15,0,0,28.0,35.0,1,192.0,207.461538462,153.0,1.08939014202,278.0,29.8936972637,157.0
2016-08-16,1,0,28.0,35.0,1,192.0,205.461538462,153.0,1.03324122917,278.0,32.2409567157,200.0
2016-08-17,2,0,28.0,35.0,1,192.0,207.615384615,153.0,0.96456034771,278.0,30.8383838286,200.0
2016-08-18,3,0,28.0,36.0,1,193.0,207.0,157.0,0.922796554009,278.0,30.9043188418,190.0
2016-08-19,4,0,29.0,36.0,1,193.0,205.923076923,157.0,0.979659609797,278.0,31.2322849196,225.0
2016-08-20,5,1,28.0,37.0,0,193.0,201.846153846,157.0,1.01084812623,278.0,24.2323564804,236.0
2016-08-21,6,1,28.0,35.0,0,194.0,202.230769231,157.0,1.06216348507,278.0,24.7266715112,217.0
2016-08-22,0,0,28.0,35.0,1,195.0,205.230769231,157.0,1.09655507035,278.0,23.9587910513,191.0
2016-08-23,1,0,26.0,34.0,1,194.0,203.846153846,157.0,1.0395480226,278.0,24.219655571,220.0
2016-08-24,2,0,26.0,34.0,1,194.0,204.076923077,157.0,1.00207435775,278.0,24.3577867457,151.0
2016-08-25,3,0,27.0,35.0,1,193.0,203.0,151.0,0.909164442287,278.0,26.2941935679,178.0
2016-08-26,4,0,26.0,34.0,0,193.0,201.923076923,151.0,0.893772893773,278.0,26.9998904227,249.0
2016-08-27,5,1,23.0,31.0,1,194.0,202.615384615,151.0,0.947696343663,278.0,28.0618505381,260.0
2016-08-28,6,1,22.0,30.0,1,195.0,205.692307692,151.0,1.11843711844,278.0,31.7499475842,212.0
2016-08-29,0,0,23.0,31.0,1,196.0,209.923076923,151.0,1.16412367805,278.0,28.4752565693,165.0
2016-08-30,1,0,23.0,31.0,1,195.0,207.230769231,151.0,1.03957568339,278.0,30.8424129709,200.0
2016-08-31,2,0,25.0,34.0,1,195.0,207.230769231,151.0,0.945591609308,278.0,30.8424129709,170.0
2016-09-01,3,0,26.0,33.0,1,194.0,205.692307692,151.0,0.875685407971,278.0,32.1352541022,176.0
2016-09-02,4,0,25.0,34.0,1,194.0,201.923076923,151.0,0.897214690658,278.0,32.5209081585,171.0
2016-09-03,5,1,25.0,35.0,1,194.0,196.923076923,151.0,0.864259445002,278.0,31.8879324618,255.0
2016-09-04,6,1,25.0,33.0,1,195.0,199.846153846,151.0,0.997597149722,278.0,35.1673934509,224.0
2016-09-05,0,0,25.0,30.0,0,195.0,202.384615385,151.0,1.05949470253,260.0,35.6252686069,151.0
2016-09-06,1,0,22.0,27.0,0,194.0,197.076923077,151.0,1.03934669636,260.0,37.6858707219,164.0
2016-09-07,2,0,20.0,24.0,0,193.0,198.076923077,151.0,0.89721181856,260.0,36.6069802895,190.0
2016-09-08,3,0,22.0,29.0,1,193.0,199.0,151.0,0.840615896796,260.0,36.2385260356,168.0
2016-09-09,4,0,23.0,31.0,1,193.0,192.769230769,151.0,0.881458966565,260.0,34.0003480664,152.0
2016-09-10,5,1,24.0,29.0,1,193.0,184.461538462,151.0,0.879917184265,260.0,29.4477774651,228.0
2016-09-11,6,1,23.0,26.0,0,194.0,185.692307692,151.0,0.942795698925,260.0,30.8729022716,159.0
2016-09-12,0,0,23.0,29.0,1,194.0,185.230769231,151.0,0.93503339405,260.0,31.2216735523,124.0
2016-09-13,1,0,23.0,30.0,1,193.0,179.384615385,124.0,0.90917178187,260.0,34.8171895246,133.0
2016-09-14,2,0,22.0,24.0,0,192.0,176.538461538,124.0,0.743720389738,260.0,36.9169866772,146.0
2016-09-15,3,1,23.0,26.0,0,191.0,174.230769231,124.0,0.726715354792,260.0,37.8054815849,151.0
2016-09-16,4,1,23.0,27.0,0,190.0,172.692307692,124.0,0.796517551172,260.0,38.3092369167,192.0
2016-09-17,5,1,23.0,27.0,0,191.0,167.846153846,124.0,0.923251203625,260.0,30.8491270388,199.0
2016-09-18,6,0,23.0,28.0,0,192.0,165.923076923,124.0,1.02709873034,260.0,27.9297512684,152.0
2016-09-19,0,0,21.0,27.0,0,191.0,166.0,124.0,1.03281027104,260.0,27.8898933997,133.0
2016-09-20,1,0,20.0,26.0,1,190.0,163.615384615,124.0,0.93853015319,260.0,29.2510051413,152.0
2016-09-21,2,0,20.0,27.0,1,190.0,160.692307692,124.0,0.851851851852,260.0,28.3532242513,189.0
2016-09-22,3,0,21.0,27.0,1,190.0,162.307692308,124.0,0.920477716283,260.0,29.3057742154,155.0
2016-09-23,4,0,21.0,27.0,1,190.0,162.538461538,124.0,0.967710467271,260.0,29.2354247305,229.0
2016-09-24,5,1,22.0,28.0,1,190.0,162.615384615,124.0,1.12651135358,260.0,29.4083673638,234.0
2016-09-25,6,1,23.0,29.0,1,190.0,168.384615385,124.0,1.21140840929,260.0,34.9649020976,213.0
2016-09-26,0,0,24.0,31.0,1,191.0,175.230769231,124.0,1.30137645587,255.0,34.3111415996,152.0
2016-09-27,1,0,25.0,30.0,0,190.0,176.692307692,124.0,1.15715251618,255.0,32.8548898489,160.0
2016-09-28,2,0,22.0,28.0,0,190.0,177.769230769,124.0,1.02309266296,255.0,32.0508102529,165.0
2016-09-29,3,0,22.0,25.0,0,190.0,178.846153846,124.0,0.93036863663,255.0,31.3610394104,170.0
2016-09-30,4,0,23.0,28.0,0,190.0,177.153846154,124.0,0.960419091967,255.0,31.1987330952,249.0
2016-10-01,5,1,24.0,29.0,0,190.0,181.0,124.0,1.1262173368,255.0,36.316980559,229.0
2016-10-02,6,1,24.0,32.0,1,191.0,186.923076923,124.0,1.22483697193,255.0,37.3681508537,254.0
2016-10-03,0,1,22.0,26.0,1,191.0,196.230769231,124.0,1.33442712606,254.0,37.8441212712,233.0
2016-10-04,1,1,22.0,26.0,1,191.0,202.461538462,124.0,1.27051725668,254.0,36.699644485,315.0
2016-10-05,2,1,22.0,27.0,1,191.0,212.153846154,124.0,1.36186109696,315.0,47.0447350996,314.0
2016-10-06,3,1,22.0,26.0,0,191.0,224.384615385,124.0,1.40539659248,315.0,51.0904754958,280.0
2016-10-07,4,1,20.0,25.0,0,192.0,228.307692308,124.0,1.45080201101,315.0,53.2084212759,257.0
2016-10-08,5,0,17.0,22.0,0,192.0,230.076923077,124.0,1.3396300669,315.0,53.7479323945,177.0
2016-10-09,6,0,18.0,22.0,1,191.0,227.307692308,124.0,1.11737089202,315.0,55.4566838801,194.0
2016-10-10,0,0,18.0,22.0,1,192.0,230.538461538,124.0,0.968911517396,315.0,52.0969737562,180.0
2016-10-11,1,0,19.0,25.0,1,191.0,232.076923077,124.0,0.844638614241,315.0,50.2539115025,184.0
2016-10-12,2,0,19.0,23.0,1,190.0,233.538461538,133.0,0.85635359116,315.0,48.5285251319,187.0
2016-10-13,3,0,19.0,23.0,1,190.0,234.846153846,133.0,0.83942717855,315.0,47.0038397022,197.0
2016-10-14,4,0,19.0,23.0,0,190.0,230.846153846,133.0,0.871700429711,315.0,47.8344037019,226.0
2016-10-15,5,1,21.0,25.0,1,190.0,230.615384615,133.0,0.937884378844,315.0,47.8499874794,275.0
2016-10-16,6,1,20.0,26.0,1,190.0,232.230769231,133.0,1.05805669244,315.0,48.9539090074,215.0
2016-10-17,0,0,20.0,25.0,1,191.0,230.846153846,133.0,1.07001419712,315.0,49.1666649952,155.0
2016-10-18,1,0,20.0,25.0,1,190.0,218.538461538,133.0,0.964991023339,315.0,46.5148700535,183.0
2016-10-19,2,0,20.0,24.0,0,189.0,208.461538462,152.0,0.824020265236,315.0,38.1870203172,208.0
2016-10-20,3,0,20.0,23.0,0,189.0,202.923076923,152.0,0.806737588652,315.0,32.1545822514,189.0
2016-10-21,4,0,0.0,21.0,0,189.0,197.692307692,152.0,0.868523510033,315.0,28.22269849,240.0
2016-10-22,5,1,19.0,23.0,0,189.0,202.538461538,152.0,0.951527373217,315.0,29.6274700616,182.0
2016-10-23,6,1,18.0,23.0,1,189.0,201.615384615,152.0,0.927655052,315.0,30.0628532899,262.0
2016-10-24,0,0,20.0,24.0,1,189.0,207.923076923,152.0,1.03167420814,315.0,33.2946323659,170.0
2016-10-25,1,0,18.0,22.0,1,189.0,206.846153846,152.0,0.957504873294,315.0,34.2633380067,174.0
2016-10-26,2,0,19.0,21.0,0,187.0,205.846153846,155.0,0.977025392987,315.0,35.0095506834,144.0
2016-10-27,3,0,18.0,22.0,0,184.0,201.769230769,144.0,0.813536717513,315.0,38.6943721731,172.0
2016-10-28,4,0,15.0,20.0,0,184.0,197.615384615,144.0,0.834610798842,315.0,38.7686202638,230.0
2016-10-29,5,1,13.0,17.0,1,184.0,194.153846154,144.0,0.917569952105,315.0,33.3324654719,290.0
2016-10-30,6,1,14.0,18.0,1,187.0,199.923076923,144.0,1.1354499959,315.0,41.8448812024,221.0
2016-10-31,0,0,13.0,17.0,0,189.0,205.0,144.0,1.2037037037,315.0,40.0518894205,157.0
