time_stamp,dayofweek,holiday,lt,ht,sunny,m2M,w2A,m1L,d3w3,m1Lar,w2Std,pay_sum
2016-08-01,0,0,23.0,27.0,0,57.0,66.0,19.0,0.957910014514,101.0,0.0,66.0
2016-08-02,1,0,23.0,28.0,1,57.0,66.0,21.0,0.974169741697,101.0,0.0,66.0
2016-08-03,2,0,23.0,29.0,1,58.0,66.0,21.0,1.0,101.0,0.0,66.0
2016-08-04,3,0,23.0,30.0,1,61.0,66.0,21.0,1.0,101.0,0.0,66.0
2016-08-05,4,0,24.0,31.0,1,61.0,66.0,21.0,1.0,101.0,0.0,66.0
2016-08-06,5,1,23.0,30.0,1,61.0,66.0,21.0,1.0,101.0,0.0,66.0
2016-08-07,6,1,23.0,27.0,0,64.0,66.0,21.0,1.0,101.0,0.0,66.0
2016-08-08,0,0,24.0,29.0,1,66.0,66.0,23.0,1.0,101.0,0.0,66.0
2016-08-09,1,0,24.0,31.0,1,66.0,66.0,42.0,1.0,101.0,0.0,66.0
2016-08-10,2,0,25.0,31.0,1,66.0,66.0,66.0,1.0,101.0,0.0,40.0
2016-08-11,3,0,26.0,32.0,1,66.0,64.0,40.0,0.886141164348,101.0,6.92820323028,51.0
2016-08-12,4,0,26.0,31.0,1,66.0,62.8461538462,40.0,0.818347667449,66.0,7.70460555418,56.0
2016-08-13,5,1,25.0,29.0,0,66.0,62.0769230769,40.0,0.772261623325,66.0,7.84916985774,23.0
2016-08-14,6,1,24.0,32.0,1,66.0,58.7692307692,23.0,0.706905927134,66.0,12.920787343,23.0
2016-08-15,0,0,25.0,31.0,0,66.0,55.4615384615,23.0,0.574809805579,66.0,15.8241071427,44.0
2016-08-16,1,0,24.0,32.0,1,66.0,53.7692307692,23.0,0.516795865633,66.0,15.7829208867,67.0
2016-08-17,2,0,24.0,31.0,1,66.0,53.8461538462,23.0,0.768789443488,67.0,15.8446601238,65.0
2016-08-18,3,0,24.0,28.0,0,66.0,53.7692307692,23.0,1.01062302613,67.0,15.787793952,18.0
2016-08-19,4,0,24.0,27.0,0,66.0,50.0769230769,18.0,0.898472596586,67.0,17.9591910836,60.0
2016-08-20,5,1,24.0,27.0,1,66.0,49.6153846154,18.0,0.861186389642,67.0,17.61790375,44.0
2016-08-21,6,1,23.0,31.0,1,66.0,47.9230769231,18.0,0.749615975422,67.0,17.0088734238,37.0
2016-08-22,0,0,24.0,31.0,1,66.0,45.6923076923,18.0,0.890151515152,67.0,16.3819066017,76.0
2016-08-23,1,0,24.0,31.0,1,66.0,46.4615384615,18.0,0.98186366479,76.0,17.5131396149,71.0
2016-08-24,2,0,23.0,29.0,1,66.0,48.8461538462,18.0,1.1453470277,76.0,18.5507460097,79.0
2016-08-25,3,0,20.0,25.0,0,66.0,51.0,18.0,1.38991389914,79.0,20.2256501274,72.0
2016-08-26,4,0,19.0,27.0,1,66.0,52.2307692308,18.0,1.35779816514,79.0,20.965737053,89.0
2016-08-27,5,1,20.0,28.0,1,66.0,57.3076923077,18.0,1.43755615454,89.0,21.2616831788,47.0
2016-08-28,6,1,20.0,28.0,1,66.0,59.1538461538,18.0,1.267519805,89.0,19.1385481076,45.0
2016-08-29,0,0,20.0,27.0,1,66.0,59.2307692308,18.0,1.12457284871,89.0,19.0794043051,74.0
2016-08-30,1,0,19.0,25.0,1,66.0,59.7692307692,18.0,1.02374344743,89.0,19.3873624427,83.0
2016-08-31,2,0,18.0,23.0,0,66.0,61.1538461538,18.0,1.19810201661,89.0,20.3312800076,75.0
2016-09-01,3,0,18.0,20.0,0,66.0,65.5384615385,18.0,1.34727061556,89.0,16.2982556151,78.0
2016-09-02,4,0,20.0,25.0,1,66.0,66.9230769231,18.0,1.34472934473,89.0,16.531841251,93.0
2016-09-03,5,1,20.0,26.0,0,66.0,70.6923076923,18.0,1.32258064516,93.0,16.4615384615,63.0
2016-09-04,6,1,21.0,27.0,1,66.0,72.6923076923,18.0,1.21875,93.0,13.5725096335,53.0
2016-09-05,0,0,21.0,26.0,0,66.0,70.9230769231,18.0,1.08094129816,93.0,14.493826476,79.0
2016-09-06,1,0,22.0,28.0,1,66.0,71.5384615385,18.0,0.999231360492,93.0,14.6529880629,85.0
2016-09-07,2,0,20.0,26.0,0,66.0,72.0,18.0,1.09512995206,93.0,14.9717683042,65.0
2016-09-08,3,0,20.0,27.0,1,66.0,71.4615384615,18.0,1.11598440546,93.0,15.0875159021,301.0
2016-09-09,4,0,20.0,28.0,1,66.0,87.7692307692,18.0,1.86865547959,301.0,63.1739403992,243.0
2016-09-10,5,1,19.0,26.0,0,66.0,102.846153846,18.0,2.24557522124,301.0,74.0902216675,171.0
2016-09-11,6,1,19.0,26.0,1,66.0,112.538461538,18.0,2.45451424648,301.0,74.1304623201,71.0
2016-09-12,0,0,19.0,24.0,0,66.0,112.307692308,18.0,1.66924797797,301.0,74.2546394462,80.0
2016-09-13,1,0,18.0,24.0,1,66.0,112.076923077,18.0,1.103117506,301.0,74.3499640872,85.0
2016-09-14,2,0,19.0,26.0,1,66.0,112.846153846,18.0,0.806010928962,301.0,74.0133523856,112.0
2016-09-15,3,1,20.0,27.0,1,66.0,115.461538462,18.0,0.927041499331,301.0,73.3333960911,104.0
2016-09-16,4,1,19.0,27.0,1,66.0,116.307692308,18.0,0.999833914632,301.0,73.132529451,63.0
2016-09-17,5,1,16.0,25.0,1,66.0,116.307692308,37.0,0.919426594167,301.0,73.132529451,50.0
2016-09-18,6,0,15.0,23.0,1,66.0,116.076923077,37.0,0.713346482577,301.0,73.3363815038,94.0
2016-09-19,0,0,16.0,23.0,1,66.0,117.230769231,37.0,0.673828125,301.0,72.8604079954,97.0
2016-09-20,1,0,17.0,24.0,1,66.0,118.153846154,45.0,0.779178790818,301.0,72.5214516315,96.0
2016-09-21,2,0,17.0,24.0,1,66.0,120.538461538,45.0,0.918546967515,301.0,71.2326798215,106.0
2016-09-22,3,0,18.0,24.0,1,66.0,105.538461538,45.0,0.944260224222,301.0,48.5823889976,94.0
2016-09-23,4,0,20.0,24.0,0,66.0,94.0769230769,45.0,0.934343434343,301.0,28.0287257551,105.0
2016-09-24,5,1,20.0,25.0,1,66.0,89.0,45.0,0.943980191891,301.0,17.7157035944,83.0
2016-09-25,6,1,19.0,25.0,1,66.0,89.9230769231,45.0,0.860805860806,301.0,17.0540387207,93.0
2016-09-26,0,0,19.0,24.0,1,66.0,90.9230769231,45.0,0.85228996057,301.0,16.822427971,110.0
2016-09-27,1,0,12.0,24.0,0,67.0,92.8461538462,50.0,0.857699805068,301.0,17.4525561445,113.0
2016-09-28,2,0,10.0,16.0,1,71.0,92.9230769231,50.0,0.927638338471,301.0,17.5387989171,107.0
2016-09-29,3,0,14.0,20.0,1,71.0,93.1538461538,50.0,1.05922002889,301.0,17.7020040319,131.0
2016-09-30,4,0,17.0,23.0,1,72.0,98.3846153846,50.0,1.19083969466,301.0,18.0620233194,124.0
2016-10-01,5,1,18.0,24.0,1,74.0,104.076923077,50.0,1.25825512687,301.0,12.8150244663,50.0
2016-10-02,6,1,18.0,23.0,1,74.0,100.692307692,50.0,1.07186786154,301.0,19.2329229563,54.0
2016-10-03,0,1,15.0,24.0,1,74.0,97.3846153846,50.0,0.812399786211,301.0,22.9264323822,60.0
2016-10-04,1,1,13.0,20.0,1,74.0,94.6153846154,50.0,0.592271578187,301.0,25.0062714027,52.0
2016-10-05,2,1,10.0,17.0,1,74.0,90.4615384615,50.0,0.619634191863,301.0,27.1622344856,76.0
2016-10-06,3,1,12.0,19.0,1,75.0,89.0769230769,50.0,0.712931361396,301.0,27.4042712518,75.0
2016-10-07,4,1,12.0,18.0,0,75.0,86.7692307692,50.0,0.764595103578,301.0,27.2288134891,82.0
2016-10-08,5,0,9.0,16.0,1,76.0,86.6923076923,50.0,0.86200517943,243.0,27.2407630509,70.0
2016-10-09,6,0,11.0,16.0,1,76.0,84.9230769231,50.0,0.851143607049,171.0,27.5191165401,68.0
2016-10-10,0,0,12.0,19.0,1,76.0,81.6923076923,50.0,0.83857442348,131.0,26.8425168354,80.0
2016-10-11,1,0,11.0,18.0,1,76.0,79.1538461538,50.0,0.838622812079,131.0,25.2764595678,108.0
2016-10-12,2,0,14.0,18.0,1,78.0,79.2307692308,50.0,0.983669548511,131.0,25.362461195,87.0
2016-10-13,3,0,16.0,21.0,1,79.0,75.8461538462,50.0,1.06095679012,131.0,20.7432886416,102.0
2016-10-14,4,0,16.0,22.0,1,79.0,74.1538461538,50.0,1.14782608696,131.0,17.3686107404,116.0
2016-10-15,5,1,16.0,22.0,1,80.0,79.2307692308,50.0,1.15661736822,131.0,19.1237019515,71.0
2016-10-16,6,1,14.0,20.0,0,80.0,80.5384615385,50.0,1.10983102919,131.0,17.8954888369,74.0
2016-10-17,0,0,12.0,18.0,1,80.0,81.6153846154,50.0,1.02352941176,131.0,17.0273014328,95.0
2016-10-18,1,0,14.0,20.0,1,80.0,84.9230769231,50.0,0.951248513674,131.0,15.010055801,103.0
2016-10-19,2,0,14.0,23.0,1,82.0,87.0,50.0,1.08065156933,131.0,15.4919333848,125.0
2016-10-20,3,0,11.0,17.0,1,83.0,90.8461538462,50.0,1.28787878788,131.0,18.0334993995,95.0
2016-10-21,4,0,9.0,20.0,1,83.0,91.8461538462,50.0,1.31061067154,131.0,17.8749767244,125.0
2016-10-22,5,1,7.0,11.0,1,85.0,96.0769230769,50.0,1.33876600698,131.0,18.6937321395,57.0
2016-10-23,6,1,7.0,13.0,1,85.0,95.2307692308,50.0,1.07301956227,131.0,20.1385731912,76.0
2016-10-24,0,0,12.0,16.0,0,85.0,94.9230769231,50.0,0.990213010938,131.0,20.3978186559,112.0
2016-10-25,1,0,10.0,17.0,1,85.0,95.2307692308,50.0,0.908922277871,131.0,20.6216982295,106.0
2016-10-26,2,0,7.0,14.0,1,85.0,96.6923076923,50.0,1.07279693487,131.0,20.6598258068,96.0
2016-10-27,3,0,8.0,13.0,0,87.0,96.2307692308,50.0,1.13275613276,131.0,20.6030387832,123.0
2016-10-28,4,0,4.0,10.0,1,93.0,96.7692307692,50.0,1.14699135345,131.0,21.1956230828,119.0
2016-10-29,5,1,5.0,9.0,1,93.0,100.461538462,50.0,1.16271069831,125.0,20.5561721392,69.0
2016-10-30,6,1,2.0,14.0,0,93.0,100.076923077,50.0,1.06927969744,125.0,21.0875885424,80.0
2016-10-31,0,0,-2.0,4.0,1,93.0,98.9230769231,52.0,0.921437166925,125.0,21.7342747343,84.0
