time_stamp,dayofweek,holiday,lt,ht,sunny,m2M,w2A,m1L,d3w3,m1Lar,w2Std,pay_sum
2016-08-01,0,0,28.0,34.0,1,124.0,125.230769231,102.0,1.06614276359,150.0,9.09060246928,112.0
2016-08-02,1,0,28.0,34.0,0,124.0,123.384615385,102.0,1.03985220375,150.0,9.15287648387,113.0
2016-08-03,2,0,26.0,32.0,0,124.0,122.538461538,102.0,0.963696369637,150.0,9.55643467968,109.0
2016-08-04,3,0,27.0,32.0,0,124.0,121.769230769,109.0,0.886764901102,150.0,10.1916545509,130.0
2016-08-05,4,0,27.0,33.0,0,124.0,122.076923077,109.0,0.932326844127,150.0,10.3734983229,138.0
2016-08-06,5,1,27.0,33.0,1,124.0,123.230769231,109.0,1.00132802125,150.0,11.212313603,147.0
2016-08-07,6,1,27.0,34.0,1,125.0,124.692307692,109.0,1.09484236908,150.0,12.8565135565,165.0
2016-08-08,0,0,27.0,34.0,0,126.0,129.0,109.0,1.18017309205,165.0,15.898717897,127.0
2016-08-09,1,0,28.0,34.0,1,126.0,129.461538462,109.0,1.15541518621,165.0,15.7461369358,123.0
2016-08-10,2,0,28.0,34.0,1,125.0,129.769230769,109.0,1.09268035808,165.0,15.5768755935,130.0
2016-08-11,3,0,28.0,35.0,1,126.0,130.846153846,109.0,0.996198715428,165.0,15.0631805501,132.0
2016-08-12,4,0,28.0,34.0,1,126.0,131.384615385,109.0,1.00693082254,165.0,14.9693967893,142.0
2016-08-13,5,1,28.0,35.0,1,126.0,131.384615385,109.0,1.04880581516,165.0,14.9693967893,148.0
2016-08-14,6,1,28.0,36.0,1,126.0,132.0,109.0,1.08706852138,165.0,15.4670866433,151.0
2016-08-15,0,0,28.0,35.0,1,127.0,135.0,109.0,1.11787072243,165.0,15.0741755738,126.0
2016-08-16,1,0,28.0,35.0,1,126.0,136.0,109.0,1.0752688172,165.0,13.9725004645,136.0
2016-08-17,2,0,28.0,35.0,1,126.0,138.076923077,109.0,1.03821015586,165.0,11.612072885,138.0
2016-08-18,3,0,28.0,36.0,1,126.0,138.692307692,109.0,0.99725754176,165.0,11.3773365505,122.0
2016-08-19,4,0,29.0,36.0,1,126.0,137.461538462,109.0,0.988393859978,165.0,12.2198790414,133.0
2016-08-20,5,1,28.0,37.0,0,126.0,136.384615385,109.0,0.984222389181,165.0,11.9456362263,173.0
2016-08-21,6,1,28.0,35.0,0,126.0,137.0,109.0,1.05875077304,173.0,13.5078324857,160.0
2016-08-22,0,0,28.0,35.0,1,127.0,139.538461538,109.0,1.13257990035,173.0,14.4574462295,148.0
2016-08-23,1,0,26.0,34.0,1,127.0,141.461538462,109.0,1.15430765539,173.0,13.7763196191,116.0
2016-08-24,2,0,26.0,34.0,1,127.0,140.384615385,109.0,1.01496110114,173.0,15.1125951625,142.0
2016-08-25,3,0,27.0,35.0,1,127.0,141.153846154,109.0,0.967703491836,173.0,14.9195078999,139.0
2016-08-26,4,0,26.0,34.0,0,127.0,140.923076923,109.0,0.945913747915,173.0,14.9278342932,117.0
2016-08-27,5,1,23.0,31.0,1,127.0,138.538461538,109.0,0.958574181118,173.0,16.0413666434,152.0
2016-08-28,6,1,22.0,30.0,1,128.0,138.615384615,109.0,0.987295825771,173.0,16.1032173639,169.0
2016-08-29,0,0,23.0,31.0,1,130.0,141.923076923,109.0,1.04397568824,173.0,17.5256363364,144.0
2016-08-30,1,0,23.0,31.0,1,130.0,142.538461538,109.0,1.10007097232,173.0,17.4471306198,137.0
2016-08-31,2,0,25.0,34.0,1,130.0,142.461538462,109.0,1.06194690265,173.0,17.4691613317,153.0
2016-09-01,3,0,26.0,33.0,1,130.0,144.846153846,109.0,1.01663152963,173.0,16.6079042991,152.0
2016-09-02,4,0,25.0,34.0,1,130.0,146.307692308,116.0,1.03174603175,173.0,16.3348829921,148.0
2016-09-03,5,1,25.0,35.0,1,130.0,144.384615385,116.0,1.05742296919,173.0,14.4410657051,192.0
2016-09-04,6,1,25.0,33.0,1,131.0,146.846153846,116.0,1.13220573007,192.0,18.9243276635,169.0
2016-09-05,0,0,25.0,30.0,0,132.0,148.461538462,116.0,1.15419501134,192.0,19.828555107,130.0
2016-09-06,1,0,22.0,27.0,0,132.0,149.538461538,116.0,1.11565553283,192.0,18.3622329152,139.0
2016-09-07,2,0,20.0,24.0,0,132.0,149.307692308,116.0,0.994889267462,192.0,18.4740342326,124.0
2016-09-08,3,0,22.0,29.0,1,132.0,148.153846154,116.0,0.892066734763,192.0,19.520585402,134.0
2016-09-09,4,0,23.0,31.0,1,133.0,149.461538462,116.0,0.900839573406,192.0,17.8911898586,174.0
2016-09-10,5,1,24.0,29.0,1,134.0,151.153846154,116.0,0.979925144607,192.0,19.0539563986,179.0
2016-09-11,6,1,23.0,26.0,0,136.0,151.923076923,116.0,1.09758846067,192.0,19.9401471272,170.0
2016-09-12,0,0,23.0,29.0,1,136.0,153.923076923,116.0,1.17002237136,192.0,20.3449541598,141.0
2016-09-13,1,0,23.0,30.0,1,137.0,154.230769231,116.0,1.08707709373,192.0,20.1156420045,158.0
2016-09-14,2,0,22.0,24.0,0,137.0,154.615384615,116.0,1.03497738056,192.0,20.1362224765,114.0
2016-09-15,3,1,23.0,26.0,0,137.0,151.692307692,114.0,0.919003115265,192.0,22.8755314873,77.0
2016-09-16,4,1,23.0,27.0,0,136.0,146.230769231,77.0,0.787099684258,192.0,30.3572418078,139.0
2016-09-17,5,1,23.0,27.0,0,137.0,142.153846154,77.0,0.747536527353,192.0,27.346343178,157.0
2016-09-18,6,0,23.0,28.0,0,138.0,141.230769231,77.0,0.848402138064,192.0,26.6173854295,136.0
2016-09-19,0,0,21.0,27.0,0,138.0,141.692307692,77.0,0.985289086555,192.0,26.4702579552,132.0
2016-09-20,1,0,20.0,26.0,1,138.0,141.153846154,77.0,0.970984692712,192.0,26.5904730014,149.0
2016-09-21,2,0,20.0,27.0,1,138.0,143.076923077,77.0,0.95401509952,192.0,26.1812074073,134.0
2016-09-22,3,0,21.0,27.0,1,138.0,143.076923077,77.0,0.955340699816,192.0,26.1812074073,152.0
2016-09-23,4,0,21.0,27.0,1,139.0,141.384615385,77.0,1.0,192.0,24.8024144654,180.0
2016-09-24,5,1,22.0,28.0,1,139.0,141.461538462,77.0,1.0757156048,192.0,24.9202277574,214.0
2016-09-25,6,1,23.0,29.0,1,139.0,144.846153846,77.0,1.24105011933,214.0,30.8491270388,238.0
2016-09-26,0,0,24.0,31.0,1,140.0,152.307692308,77.0,1.38550915269,238.0,39.526786663,124.0
2016-09-27,1,0,25.0,30.0,0,140.0,149.692307692,77.0,1.26900198282,238.0,40.1830132794,139.0
2016-09-28,2,0,22.0,28.0,0,139.0,151.615384615,77.0,1.09832292009,238.0,39.0099365281,147.0
2016-09-29,3,0,22.0,25.0,0,139.0,157.0,77.0,0.895001091465,238.0,32.6520113646,109.0
2016-09-30,4,0,23.0,28.0,0,139.0,154.692307692,77.0,0.881008140961,238.0,34.8301032826,173.0
2016-10-01,5,1,24.0,29.0,0,141.0,155.923076923,77.0,0.958766342608,238.0,35.1709266702,162.0
2016-10-02,6,1,24.0,32.0,1,142.0,157.923076923,77.0,0.994957983193,238.0,34.7174563462,136.0
2016-10-03,0,1,22.0,26.0,1,142.0,158.230769231,77.0,1.05723905724,238.0,34.5034086302,163.0
2016-10-04,1,1,22.0,26.0,1,142.0,159.307692308,77.0,1.03305322129,238.0,34.4168666508,150.0
2016-10-05,2,1,22.0,27.0,1,142.0,160.538461538,77.0,0.99413262482,238.0,33.7698440456,161.0
2016-10-06,3,1,22.0,26.0,0,142.0,161.230769231,77.0,1.02100161551,238.0,33.6798361182,163.0
2016-10-07,4,1,20.0,25.0,0,144.0,159.923076923,77.0,1.01314523886,238.0,33.2530196164,172.0
2016-10-08,5,0,17.0,22.0,0,147.0,156.692307692,77.0,1.05509466071,238.0,29.6917098385,142.0
2016-10-09,6,0,18.0,22.0,1,147.0,149.307692308,77.0,1.0127388535,238.0,18.3067226634,170.0
2016-10-10,0,0,18.0,22.0,1,148.0,152.846153846,77.0,1.01531361443,238.0,17.5009720778,151.0
2016-10-11,1,0,19.0,25.0,1,148.0,153.769230769,77.0,0.970649895178,238.0,17.0571611226,141.0
2016-10-12,2,0,19.0,23.0,1,148.0,153.307692308,77.0,0.966426106056,238.0,17.3133324144,154.0
2016-10-13,3,0,19.0,23.0,1,148.0,156.769230769,77.0,0.932371694366,238.0,11.6958496659,167.0
2016-10-14,4,0,19.0,23.0,0,148.0,156.307692308,77.0,0.969773299748,238.0,11.1519892353,174.0
2016-10-15,5,1,21.0,25.0,1,149.0,157.230769231,109.0,1.05229591837,238.0,12.0457706983,188.0
2016-10-16,6,1,20.0,26.0,1,150.0,161.230769231,109.0,1.14279542018,238.0,12.9326887332,231.0
2016-10-17,0,0,20.0,25.0,1,151.0,166.461538462,109.0,1.23812506525,238.0,22.6736559592,159.0
2016-10-18,1,0,20.0,25.0,1,152.0,167.153846154,109.0,1.19929453263,238.0,22.2946911716,188.0
2016-10-19,2,0,20.0,24.0,0,152.0,169.230769231,109.0,1.18418356894,238.0,22.8747554713,159.0
2016-10-20,3,0,20.0,23.0,0,152.0,168.923076923,109.0,1.02098466505,238.0,22.9831427805,145.0
2016-10-21,4,0,0.0,21.0,0,152.0,166.846153846,109.0,1.00122100122,238.0,23.8161101062,131.0
2016-10-22,5,1,19.0,23.0,0,152.0,166.0,109.0,0.893682588598,238.0,24.8565112968,139.0
2016-10-23,6,1,18.0,23.0,1,152.0,163.615384615,109.0,0.851806239737,238.0,25.8264576967,203.0
2016-10-24,0,0,20.0,24.0,1,152.0,167.615384615,109.0,0.95904298459,238.0,27.5333042012,182.0
2016-10-25,1,0,18.0,22.0,1,152.0,170.769230769,109.0,1.05220883534,231.0,26.6376074409,185.0
2016-10-26,2,0,19.0,21.0,0,153.0,173.153846154,109.0,1.13636363636,231.0,26.4163298966,129.0
2016-10-27,3,0,18.0,22.0,0,152.0,170.230769231,109.0,0.998992950655,231.0,28.9193942009,159.0
2016-10-28,4,0,15.0,20.0,0,153.0,169.076923077,109.0,0.956425032858,231.0,29.0449559727,173.0
2016-10-29,5,1,13.0,17.0,1,154.0,167.923076923,129.0,0.923477564103,231.0,28.5642636832,193.0
2016-10-30,6,1,14.0,18.0,1,157.0,165.0,129.0,1.044464339,231.0,23.4455178593,183.0
2016-10-31,0,0,13.0,17.0,0,158.0,166.846153846,129.0,1.08187998818,231.0,23.8419351107,164.0
