time_stamp,dayofweek,holiday,lt,ht,sunny,m2M,w2A,m1L,d3w3,m1Lar,w2Std,pay_sum
2016-08-01,0,0,27.0,37.0,1,156.0,258.384615385,136.0,1.22593934228,313.0,34.0486946808,237.0
2016-08-02,1,0,27.0,35.0,0,157.0,261.538461538,136.0,1.16446494723,313.0,29.7518335172,193.0
2016-08-03,2,0,26.0,32.0,0,157.0,257.692307692,136.0,1.00313479624,313.0,34.7172859082,219.0
2016-08-04,3,0,27.0,33.0,0,161.0,256.538461538,136.0,0.895419426049,313.0,35.720313946,216.0
2016-08-05,4,0,26.0,33.0,0,161.0,253.538461538,136.0,0.864121087031,313.0,37.3252139663,260.0
2016-08-06,5,1,26.0,34.0,0,162.0,251.230769231,138.0,0.94442179644,313.0,35.8997618294,271.0
2016-08-07,6,1,27.0,35.0,1,166.0,248.0,138.0,1.00932306445,313.0,31.8578573812,288.0
2016-08-08,0,0,26.0,34.0,0,168.0,251.384615385,138.0,1.08268887567,313.0,33.5456943507,234.0
2016-08-09,1,0,26.0,30.0,0,172.0,250.307692308,138.0,1.04047759627,313.0,33.8603117242,207.0
2016-08-10,2,0,27.0,35.0,0,176.0,250.307692308,161.0,0.963330029732,313.0,33.8603117242,266.0
2016-08-11,3,0,27.0,36.0,1,177.0,250.307692308,172.0,0.928369772175,313.0,33.8603117242,236.0
2016-08-12,4,0,27.0,36.0,1,179.0,247.923076923,172.0,0.934493212073,313.0,33.6919564436,259.0
2016-08-13,5,1,27.0,35.0,1,182.0,244.307692308,179.0,1.00921689543,313.0,29.530648005,298.0
2016-08-14,6,1,28.0,35.0,1,193.0,244.923076923,179.0,1.05480180899,313.0,30.5424333786,338.0
2016-08-15,0,0,27.0,36.0,1,196.0,252.692307692,179.0,1.16855986421,338.0,39.1670674368,266.0
2016-08-16,1,0,26.0,36.0,1,199.0,258.307692308,179.0,1.1735623211,338.0,35.2428598669,306.0
2016-08-17,2,0,28.0,37.0,1,203.0,265.0,193.0,1.16152913396,338.0,35.4031723915,285.0
2016-08-18,3,0,28.0,37.0,1,203.0,270.307692308,193.0,1.08991479079,338.0,32.7305658495,300.0
2016-08-19,4,0,28.0,38.0,1,207.0,273.384615385,193.0,1.12606635071,338.0,33.4883181964,316.0
2016-08-20,5,1,27.0,37.0,0,207.0,276.846153846,193.0,1.13654998423,338.0,35.3375941758,329.0
2016-08-21,6,1,27.0,35.0,0,216.0,280.0,193.0,1.18332081142,338.0,37.9270554942,309.0
2016-08-22,0,0,27.0,36.0,1,219.0,285.769230769,193.0,1.17865085248,338.0,36.1538461538,259.0
2016-08-23,1,0,27.0,35.0,0,234.0,289.769230769,193.0,1.09483705602,338.0,29.4779026656,279.0
2016-08-24,2,0,27.0,35.0,1,234.0,290.769230769,193.0,1.02257636122,338.0,28.8688116143,301.0
2016-08-25,3,0,26.0,35.0,1,236.0,295.769230769,193.0,0.997562570596,338.0,24.201569708,269.0
2016-08-26,4,0,25.0,34.0,0,237.0,296.538461538,193.0,1.00783475783,338.0,23.1570404134,306.0
2016-08-27,5,1,23.0,31.0,1,243.0,297.153846154,193.0,1.03344540789,338.0,23.2935981758,262.0
2016-08-28,6,1,21.0,31.0,1,243.0,291.307692308,193.0,0.992,338.0,21.7976167201,293.0
2016-08-29,0,0,21.0,32.0,1,244.0,293.384615385,193.0,1.00985221675,338.0,20.5371650412,245.0
2016-08-30,1,0,21.0,32.0,1,245.0,288.692307692,193.0,0.93207503204,338.0,23.8243076108,259.0
2016-08-31,2,0,21.0,33.0,1,248.0,286.692307692,193.0,0.929717118693,338.0,25.1071078363,263.0
2016-09-01,3,0,23.0,33.0,0,255.0,283.846153846,207.0,0.89051433879,338.0,25.5308144251,246.0
2016-09-02,4,0,22.0,34.0,1,255.0,278.461538462,207.0,0.893698725781,338.0,25.5632409905,247.0
2016-09-03,5,1,23.0,35.0,1,255.0,272.153846154,207.0,0.887636491722,338.0,22.2117299359,264.0
2016-09-04,6,1,24.0,32.0,1,259.0,268.692307692,207.0,0.90054722817,338.0,19.5463339682,265.0
2016-09-05,0,0,24.0,30.0,0,259.0,269.153846154,207.0,0.923314890832,338.0,19.3821732283,241.0
2016-09-06,1,0,23.0,28.0,0,259.0,266.230769231,207.0,0.926929095943,338.0,20.5094869086,231.0
2016-09-07,2,0,21.0,27.0,0,259.0,260.846153846,207.0,0.89593970338,338.0,19.8527120947,200.0
2016-09-08,3,0,22.0,30.0,1,259.0,255.538461538,200.0,0.832095096582,338.0,25.4093119957,231.0
2016-09-09,4,0,22.0,29.0,1,259.0,249.769230769,200.0,0.832861546204,338.0,21.5126218627,213.0
2016-09-10,5,1,22.0,28.0,0,259.0,246.0,200.0,0.828349089974,338.0,23.2610602311,216.0
2016-09-11,6,1,21.0,25.0,0,259.0,240.076923077,200.0,0.864440078585,338.0,20.1321080652,213.0
2016-09-12,0,0,21.0,27.0,1,259.0,237.615384615,200.0,0.848532910389,338.0,21.3019986839,218.0
2016-09-13,1,0,21.0,28.0,0,259.0,234.461538462,200.0,0.865609739782,329.0,20.9343860839,176.0
2016-09-14,2,0,21.0,25.0,0,259.0,227.769230769,176.0,0.832990256621,329.0,24.3662877011,200.0
2016-09-15,3,1,22.0,25.0,0,259.0,224.230769231,176.0,0.826894967634,329.0,24.7981197989,199.0
2016-09-16,4,1,23.0,27.0,0,259.0,220.538461538,176.0,0.81873843087,329.0,24.7063224067,232.0
2016-09-17,5,1,22.0,27.0,1,259.0,218.076923077,176.0,0.904270564632,329.0,21.6598229216,246.0
2016-09-18,6,0,22.0,26.0,0,259.0,216.615384615,176.0,0.980094100615,329.0,18.910877869,219.0
2016-09-19,0,0,20.0,27.0,1,259.0,214.923076923,176.0,1.01477760792,309.0,17.5913507526,217.0
2016-09-20,1,0,19.0,26.0,1,259.0,213.846153846,176.0,1.00213062964,306.0,16.9925148854,222.0
2016-09-21,2,0,19.0,26.0,1,259.0,215.538461538,176.0,0.975682087782,306.0,16.6207256373,187.0
2016-09-22,3,0,20.0,27.0,1,248.0,212.153846154,176.0,0.940575463902,306.0,17.5799105355,235.0
2016-09-23,4,0,20.0,29.0,1,248.0,213.846153846,176.0,0.970244821092,306.0,18.6087082751,246.0
2016-09-24,5,1,21.0,30.0,1,247.0,216.153846154,176.0,1.01051357689,306.0,20.497077292,269.0
2016-09-25,6,1,21.0,30.0,1,259.0,220.461538462,176.0,1.13352981183,293.0,24.8119555073,286.0
2016-09-26,0,0,24.0,31.0,1,259.0,225.692307692,176.0,1.19838420108,293.0,30.3020299279,239.0
2016-09-27,1,0,23.0,28.0,0,247.0,230.538461538,176.0,1.18578255675,286.0,26.8030290614,232.0
2016-09-28,2,0,22.0,28.0,0,246.0,233.0,176.0,1.12247924081,286.0,25.3134199738,184.0
2016-09-29,3,0,22.0,25.0,0,246.0,231.846153846,176.0,0.981493968682,286.0,27.1147026646,173.0
2016-09-30,4,0,22.0,29.0,0,246.0,227.307692308,173.0,0.890602555379,286.0,31.3206361449,313.0
2016-10-01,5,1,23.0,30.0,0,246.0,232.461538462,173.0,0.991270898062,313.0,38.6316239222,270.0
2016-10-02,6,1,22.0,30.0,1,247.0,236.384615385,173.0,1.10453648915,313.0,39.6417388067,229.0
2016-10-03,0,1,21.0,27.0,0,247.0,237.307692308,173.0,1.18350094738,313.0,39.3180025617,244.0
2016-10-04,1,1,20.0,27.0,1,246.0,239.0,173.0,1.06706879219,313.0,39.0955437162,213.0
2016-10-05,2,1,21.0,27.0,1,246.0,241.0,173.0,0.982456140351,313.0,36.9927227771,251.0
2016-10-06,3,1,22.0,27.0,0,246.0,242.230769231,173.0,1.00276184406,313.0,37.0387610819,228.0
2016-10-07,4,1,20.0,23.0,0,246.0,240.846153846,173.0,0.980934155504,313.0,37.2080350169,186.0
2016-10-08,5,0,17.0,22.0,0,246.0,234.461538462,173.0,0.954842415105,313.0,38.9113694768,225.0
2016-10-09,6,0,16.0,22.0,1,246.0,229.769230769,173.0,0.916326091633,313.0,35.9810929969,222.0
2016-10-10,0,0,15.0,21.0,1,246.0,228.461538462,173.0,0.906746884401,313.0,35.9307354709,201.0
2016-10-11,1,0,17.0,23.0,1,245.0,226.076923077,173.0,0.932441182819,313.0,36.6384865712,194.0
2016-10-12,2,0,18.0,25.0,1,244.0,226.846153846,173.0,0.886494252874,313.0,35.8433475296,195.0
2016-10-13,3,0,18.0,23.0,1,241.0,228.538461538,173.0,0.855072463768,313.0,33.7174124945,208.0
2016-10-14,4,0,19.0,22.0,0,239.0,220.461538462,173.0,0.872424375274,313.0,23.5653441262,215.0
2016-10-15,5,1,20.0,23.0,0,235.0,216.230769231,173.0,0.913930789707,313.0,18.7335726855,273.0
2016-10-16,6,1,20.0,26.0,0,235.0,219.615384615,173.0,1.03225806452,313.0,23.9760728854,295.0
2016-10-17,0,0,20.0,24.0,0,235.0,223.538461538,173.0,1.1470006592,313.0,30.8360812252,230.0
2016-10-18,1,0,20.0,24.0,0,232.0,224.846153846,173.0,1.16948779952,313.0,30.7216940485,191.0
2016-10-19,2,0,20.0,24.0,0,232.0,220.230769231,173.0,1.04770266315,313.0,30.9519574282,199.0
2016-10-20,3,0,21.0,25.0,0,231.0,218.0,173.0,0.902080605267,313.0,31.3540575217,200.0
2016-10-21,4,0,21.0,25.0,0,231.0,219.076923077,173.0,0.880137241739,313.0,30.4642578429,209.0
2016-10-22,5,1,20.0,23.0,0,230.0,217.846153846,173.0,0.919540229885,313.0,30.5232475181,216.0
2016-10-23,6,1,17.0,23.0,0,229.0,217.384615385,173.0,0.948047023132,313.0,30.5023037252,284.0
2016-10-24,0,0,19.0,24.0,1,229.0,223.769230769,173.0,1.06576475009,313.0,34.7898169145,274.0
2016-10-25,1,0,19.0,23.0,1,229.0,229.923076923,173.0,1.14768683274,313.0,36.0330223299,217.0
2016-10-26,2,0,19.0,24.0,0,228.0,231.615384615,173.0,1.15792619154,313.0,34.8503138967,223.0
2016-10-27,3,0,18.0,24.0,0,225.0,232.769230769,173.0,1.06798294817,313.0,34.293201493,238.0
2016-10-28,4,0,15.0,19.0,0,225.0,234.538461538,173.0,1.00243956531,313.0,33.9221175514,203.0
2016-10-29,5,1,12.0,15.0,0,223.0,229.153846154,186.0,0.986553747864,313.0,32.9308042693,209.0
2016-10-30,6,1,14.0,18.0,1,222.0,222.538461538,186.0,0.968559082104,295.0,27.1735600697,238.0
2016-10-31,0,0,12.0,17.0,0,222.0,223.153846154,186.0,0.960614793468,295.0,27.4249918417,203.0
