time_stamp,dayofweek,holiday,lt,ht,sunny,m2M,w2A,m1L,d3w3,m1Lar,w2Std,pay_sum
2016-08-01,0,0,27.0,33.0,0,99.0,109.615384615,81.0,1.06666666667,143.0,16.3638365895,101.0
2016-08-02,1,0,26.0,32.0,0,99.0,109.615384615,81.0,1.06567534077,143.0,16.3638365895,108.0
2016-08-03,2,0,26.0,34.0,0,101.0,111.0,81.0,1.05858956708,143.0,15.3773059559,96.0
2016-08-04,3,0,26.0,33.0,0,101.0,111.076923077,81.0,0.929736320683,143.0,15.2993792657,97.0
2016-08-05,4,0,26.0,35.0,1,101.0,109.615384615,81.0,0.92006724744,143.0,15.6624905257,110.0
2016-08-06,5,1,26.0,34.0,0,101.0,107.076923077,81.0,0.928308823529,143.0,12.3752951074,112.0
2016-08-07,6,1,26.0,33.0,0,101.0,105.923076923,81.0,0.986394557823,143.0,11.0972036565,142.0
2016-08-08,0,0,26.0,32.0,0,101.0,108.384615385,81.0,1.10756123536,143.0,14.6945225878,112.0
2016-08-09,1,0,26.0,29.0,0,102.0,108.692307692,81.0,1.1080835604,143.0,14.7250943076,125.0
2016-08-10,2,0,27.0,33.0,0,103.0,111.538461538,81.0,1.12948889882,143.0,14.0088729279,115.0
2016-08-11,3,0,27.0,33.0,0,103.0,112.461538462,81.0,1.03972825284,143.0,13.8097812862,100.0
2016-08-12,4,0,27.0,33.0,0,103.0,112.384615385,88.0,1.01145322029,143.0,13.8760361306,104.0
2016-08-13,5,1,26.0,31.0,0,104.0,112.230769231,88.0,0.96578867696,143.0,13.9568226831,120.0
2016-08-14,6,1,27.0,34.0,0,105.0,110.923076923,88.0,0.984054669704,143.0,12.2691704845,133.0
2016-08-15,0,0,27.0,35.0,1,106.0,113.384615385,88.0,1.07303877367,143.0,13.2057007593,96.0
2016-08-16,1,0,26.0,34.0,1,106.0,112.461538462,88.0,1.05469930493,143.0,13.9483408697,94.0
2016-08-17,2,0,27.0,34.0,1,106.0,112.307692308,88.0,0.973477998794,143.0,14.1387879765,109.0
2016-08-18,3,0,27.0,34.0,1,107.0,113.230769231,88.0,0.898707544334,143.0,13.4859120005,90.0
2016-08-19,4,0,27.0,35.0,1,106.0,111.692307692,88.0,0.885062679354,143.0,14.8395760637,103.0
2016-08-20,5,1,27.0,35.0,1,105.0,111.0,88.0,0.913490623109,143.0,15.0179379922,109.0
2016-08-21,6,1,26.0,34.0,0,105.0,108.461538462,88.0,0.925245098039,143.0,12.0614795917,124.0
2016-08-22,0,0,27.0,35.0,1,106.0,109.384615385,88.0,1.01864483856,142.0,12.7372165873,110.0
2016-08-23,1,0,27.0,36.0,1,106.0,108.230769231,88.0,1.03892170226,142.0,11.9238213167,94.0
2016-08-24,2,0,27.0,35.0,1,105.0,106.615384615,88.0,0.994391390026,142.0,12.3134601869,113.0
2016-08-25,3,0,27.0,36.0,1,105.0,107.615384615,88.0,0.95410082769,142.0,12.2633817744,106.0
2016-08-26,4,0,27.0,36.0,1,106.0,107.769230769,90.0,0.943766018393,142.0,12.2295596886,112.0
2016-08-27,5,1,25.0,34.0,0,106.0,107.153846154,90.0,0.998040102518,142.0,11.7920843975,121.0
2016-08-28,6,1,22.0,32.0,1,106.0,106.230769231,90.0,1.03196347032,142.0,10.077803837,136.0
2016-08-29,0,0,23.0,33.0,1,107.0,109.307692308,90.0,1.11111111111,142.0,12.3374639919,99.0
2016-08-30,1,0,23.0,33.0,1,107.0,109.692307692,90.0,1.08470444851,142.0,11.9253099646,107.0
2016-08-31,2,0,25.0,33.0,1,107.0,109.538461538,90.0,1.04587155963,142.0,11.9461315568,118.0
2016-09-01,3,0,25.0,29.0,0,107.0,111.692307692,90.0,0.98271155596,142.0,10.6870490666,113.0
2016-09-02,4,0,23.0,32.0,1,107.0,112.461538462,90.0,1.02099380758,142.0,10.3894575605,103.0
2016-09-03,5,1,23.0,34.0,1,107.0,112.0,90.0,1.01674277017,142.0,10.6626595037,98.0
2016-09-04,6,1,24.0,32.0,1,107.0,110.0,90.0,0.971384377417,142.0,10.6626595037,132.0
2016-09-05,0,0,25.0,31.0,0,108.0,111.692307692,90.0,1.01323596531,142.0,12.1679567552,92.0
2016-09-06,1,0,25.0,32.0,0,108.0,111.538461538,90.0,0.980660880158,136.0,12.4010879462,159.0
2016-09-07,2,0,24.0,31.0,0,108.0,115.076923077,90.0,1.14039005508,159.0,17.7307275154,102.0
2016-09-08,3,0,23.0,32.0,1,107.0,114.769230769,90.0,1.04546127647,159.0,17.9192798883,98.0
2016-09-09,4,0,24.0,31.0,1,107.0,113.692307692,90.0,1.06559810033,159.0,18.4657046581,101.0
2016-09-10,5,1,24.0,29.0,1,107.0,112.153846154,90.0,0.896633899315,159.0,18.6252357914,136.0
2016-09-11,6,1,21.0,24.0,0,108.0,112.153846154,90.0,0.992592592593,159.0,18.6252357914,124.0
2016-09-12,0,0,21.0,27.0,1,108.0,114.076923077,90.0,1.06301531213,159.0,18.457691907,106.0
2016-09-13,1,0,22.0,25.0,0,108.0,114.0,90.0,1.07205623902,159.0,18.4890820174,113.0
2016-09-14,2,0,23.0,25.0,0,108.0,113.615384615,90.0,1.00468658465,159.0,18.4538445506,106.0
2016-09-15,3,1,24.0,26.0,0,108.0,113.076923077,90.0,0.951962507323,159.0,18.5657316186,135.0
2016-09-16,4,1,24.0,30.0,0,108.0,115.538461538,90.0,1.02653327534,159.0,19.1777731306,141.0
2016-09-17,5,1,24.0,30.0,0,109.0,118.846153846,92.0,1.0981745005,159.0,19.5717463308,136.0
2016-09-18,6,0,23.0,30.0,1,109.0,119.153846154,92.0,1.18441857122,159.0,19.8061612552,112.0
2016-09-19,0,0,20.0,30.0,1,110.0,120.692307692,92.0,1.11206403659,159.0,18.3612661512,102.0
2016-09-20,1,0,20.0,29.0,1,109.0,116.307692308,92.0,1.00272167311,159.0,15.22843805,82.0
2016-09-21,2,0,20.0,28.0,1,109.0,114.769230769,82.0,0.861341481158,159.0,17.445095613,114.0
2016-09-22,3,0,21.0,29.0,1,109.0,116.0,82.0,0.86678301338,159.0,16.7699364707,119.0
2016-09-23,4,0,20.0,29.0,1,109.0,117.384615385,82.0,0.909878682842,159.0,16.2079679433,132.0
2016-09-24,5,1,21.0,30.0,1,109.0,117.076923077,82.0,1.0389980074,159.0,15.8864312615,134.0
2016-09-25,6,1,22.0,32.0,1,110.0,117.846153846,82.0,1.09499431172,159.0,16.4356374234,155.0
2016-09-26,0,0,25.0,32.0,1,110.0,121.615384615,82.0,1.16604348428,159.0,18.743361744,123.0
2016-09-27,1,0,25.0,29.0,0,112.0,122.384615385,82.0,1.15844228877,159.0,18.5784758071,118.0
2016-09-28,2,0,25.0,27.0,0,112.0,123.307692308,82.0,1.10599078341,159.0,18.0315305694,114.0
2016-09-29,3,0,26.0,29.0,0,112.0,121.692307692,82.0,0.984880011097,159.0,17.8514580977,126.0
2016-09-30,4,0,25.0,30.0,0,112.0,120.538461538,82.0,0.982976386601,159.0,17.0321658798,145.0
2016-10-01,5,1,24.0,31.0,1,112.0,121.230769231,82.0,1.05320749555,159.0,17.8116377088,168.0
2016-10-02,6,1,23.0,32.0,1,113.0,125.538461538,82.0,1.17963186887,168.0,21.4569887651,154.0
2016-10-03,0,1,23.0,30.0,1,113.0,129.538461538,82.0,1.23105311717,168.0,21.5428566944,150.0
2016-10-04,1,1,22.0,32.0,1,113.0,134.769230769,82.0,1.22629254352,168.0,17.1784921258,163.0
2016-10-05,2,1,24.0,30.0,1,114.0,138.538461538,82.0,1.18693607828,168.0,17.5789007472,140.0
2016-10-06,3,1,24.0,28.0,0,114.0,140.153846154,82.0,1.14916286149,168.0,16.6495375489,145.0
2016-10-07,4,1,22.0,26.0,0,114.0,141.153846154,82.0,1.13475177305,168.0,16.5196673176,151.0
2016-10-08,5,0,19.0,26.0,0,114.0,142.461538462,82.0,1.09809847626,168.0,16.5743796014,125.0
2016-10-09,6,0,18.0,24.0,1,114.0,140.153846154,82.0,1.05513784461,168.0,16.7554636501,145.0
2016-10-10,0,0,19.0,21.0,0,118.0,141.846153846,82.0,1.0383524479,168.0,16.0328804161,133.0
2016-10-11,1,0,18.0,22.0,0,118.0,143.0,82.0,0.975550714113,168.0,14.7648230602,121.0
2016-10-12,2,0,17.0,23.0,1,118.0,143.538461538,82.0,0.963419051068,168.0,13.7930605998,128.0
2016-10-13,3,0,19.0,26.0,1,118.0,143.692307692,82.0,0.919374247894,168.0,13.6064725287,137.0
2016-10-14,4,0,21.0,27.0,1,119.0,143.076923077,82.0,0.927327327327,168.0,13.7138982757,142.0
2016-10-15,5,1,20.0,23.0,0,121.0,141.076923077,82.0,0.974967061924,168.0,11.678129055,164.0
2016-10-16,6,1,22.0,27.0,0,121.0,141.846153846,82.0,1.05778414518,168.0,12.7812732834,169.0
2016-10-17,0,0,22.0,27.0,1,123.0,143.307692308,82.0,1.11580925534,169.0,14.5886394968,140.0
2016-10-18,1,0,21.0,25.0,0,124.0,141.538461538,82.0,1.10256410256,169.0,13.4428441623,121.0
2016-10-19,2,0,22.0,25.0,0,124.0,140.076923077,82.0,0.999883734449,169.0,14.5203387249,122.0
2016-10-20,3,0,22.0,25.0,0,123.0,138.307692308,114.0,0.891838397951,169.0,15.1981001616,113.0
2016-10-21,4,0,24.0,27.0,0,123.0,135.384615385,113.0,0.838337454374,169.0,16.1032173639,134.0
2016-10-22,5,1,23.0,28.0,0,124.0,136.076923077,113.0,0.879513764748,169.0,15.8330789972,171.0
2016-10-23,6,1,20.0,27.0,1,125.0,138.076923077,113.0,0.990286661928,171.0,18.2860246698,150.0
2016-10-24,0,0,20.0,26.0,1,126.0,139.384615385,113.0,1.07794361526,171.0,18.4830003456,126.0
2016-10-25,1,0,23.0,28.0,1,126.0,139.769230769,113.0,1.07310046813,171.0,18.1453695986,123.0
2016-10-26,2,0,23.0,29.0,1,126.0,139.384615385,113.0,0.963768115942,171.0,18.4413350991,134.0
2016-10-27,3,0,23.0,29.0,1,126.0,139.153846154,113.0,0.928822602158,171.0,18.4884419356,132.0
2016-10-28,4,0,19.0,30.0,0,128.0,138.384615385,113.0,0.949938949939,171.0,18.5619066558,158.0
2016-10-29,5,1,17.0,23.0,0,132.0,137.923076923,113.0,1.02304258656,171.0,17.9848720124,206.0
2016-10-30,6,1,15.0,23.0,1,132.0,140.769230769,113.0,1.17091595845,206.0,24.4450839675,177.0
2016-10-31,0,0,16.0,24.0,1,132.0,143.615384615,113.0,1.25755462576,206.0,26.2752836815,145.0
