time_stamp,dayofweek,holiday,lt,ht,sunny,m2M,w2A,m1L,d3w3,m1Lar,w2Std,pay_sum
2016-08-01,0,0,27.0,37.0,1,121.0,119.923076923,76.0,0.984049743174,164.0,19.3806467244,130.0
2016-08-02,1,0,26.0,36.0,0,122.0,120.384615385,76.0,1.12729234088,160.0,19.5430037119,101.0
2016-08-03,2,0,25.0,31.0,0,122.0,120.384615385,76.0,1.05119825708,160.0,19.5430037119,122.0
2016-08-04,3,0,25.0,29.0,0,122.0,122.076923077,76.0,0.961328976035,160.0,18.6360343192,106.0
2016-08-05,4,0,25.0,31.0,0,122.0,121.230769231,76.0,0.902606310014,160.0,19.0914956748,95.0
2016-08-06,5,1,24.0,32.0,0,122.0,119.769230769,76.0,0.906285072952,160.0,20.2794092091,125.0
2016-08-07,6,1,25.0,32.0,0,122.0,118.230769231,76.0,0.92837818596,160.0,19.0269195783,130.0
2016-08-08,0,0,26.0,32.0,0,122.0,118.230769231,76.0,0.98536036036,160.0,19.0269195783,124.0
2016-08-09,1,0,26.0,32.0,0,122.0,118.384615385,76.0,1.0670045045,160.0,19.064822465,113.0
2016-08-10,2,0,26.0,34.0,0,122.0,117.769230769,76.0,1.02801120448,160.0,19.0995523353,119.0
2016-08-11,3,0,27.0,35.0,0,122.0,117.615384615,76.0,0.98930109768,160.0,19.0809549089,122.0
2016-08-12,4,0,28.0,38.0,1,122.0,121.153846154,76.0,0.981697171381,160.0,14.8264117442,129.0
2016-08-13,5,1,28.0,37.0,1,124.0,120.846153846,76.0,1.01970511231,160.0,14.6174087667,128.0
2016-08-14,6,1,28.0,37.0,1,124.0,118.769230769,76.0,1.05190119345,160.0,11.1158504028,136.0
2016-08-15,0,0,28.0,37.0,1,124.0,119.230769231,76.0,1.08803986711,160.0,11.6826883507,118.0
2016-08-16,1,0,27.0,37.0,1,124.0,120.538461538,76.0,1.05934553522,155.0,10.4558808231,124.0
2016-08-17,2,0,27.0,36.0,1,124.0,120.692307692,76.0,1.04694640631,155.0,10.4909089977,119.0
2016-08-18,3,0,28.0,37.0,1,124.0,121.692307692,76.0,1.00069300069,155.0,9.62676249904,81.0
2016-08-19,4,0,27.0,37.0,1,124.0,120.615384615,76.0,0.896265560166,155.0,12.8094824344,111.0
2016-08-20,5,1,26.0,36.0,1,124.0,119.538461538,76.0,0.868230039084,155.0,12.9829200497,135.0
2016-08-21,6,1,26.0,34.0,1,124.0,119.923076923,76.0,0.920608108108,155.0,13.3558488395,132.0
2016-08-22,0,0,27.0,33.0,1,124.0,120.538461538,76.0,1.06329113924,155.0,13.7091512648,123.0
2016-08-23,1,0,27.0,34.0,1,124.0,121.307692308,76.0,1.08695652174,155.0,13.5441421649,105.0
2016-08-24,2,0,27.0,34.0,1,124.0,120.230769231,76.0,1.01052631579,155.0,14.2243228643,132.0
2016-08-25,3,0,24.0,35.0,0,124.0,121.0,76.0,0.999583506872,155.0,14.565501919,113.0
2016-08-26,4,0,21.0,27.0,0,124.0,119.769230769,76.0,0.964585917046,155.0,14.513409429,145.0
2016-08-27,5,1,18.0,27.0,1,124.0,121.076923077,76.0,1.06601066011,155.0,15.8961124346,129.0
2016-08-28,6,1,18.0,30.0,1,124.0,120.538461538,81.0,1.05824446267,155.0,15.4949886917,116.0
2016-08-29,0,0,19.0,31.0,1,124.0,120.384615385,81.0,1.06995884774,155.0,15.5293194736,138.0
2016-08-30,1,0,20.0,31.0,1,124.0,121.461538462,81.0,1.04005431093,145.0,16.2130782187,135.0
2016-08-31,2,0,21.0,32.0,1,124.0,122.692307692,81.0,1.04950762175,145.0,16.5825887159,135.0
2016-09-01,3,0,21.0,31.0,1,124.0,126.846153846,81.0,1.09500805153,145.0,11.647688142,123.0
2016-09-02,4,0,22.0,33.0,1,124.0,127.769230769,81.0,1.05730427764,145.0,10.7999561691,108.0
2016-09-03,5,1,22.0,33.0,1,124.0,125.692307692,81.0,0.992676973149,145.0,11.7629445253,173.0
2016-09-04,6,1,22.0,31.0,1,124.0,128.846153846,81.0,1.07949231797,173.0,17.2486171301,162.0
2016-09-05,0,0,23.0,32.0,1,124.0,131.846153846,81.0,1.16318760667,173.0,19.2467625803,122.0
2016-09-06,1,0,21.0,31.0,1,124.0,133.153846154,81.0,1.2008934437,173.0,17.909370791,110.0
2016-09-07,2,0,23.0,32.0,1,124.0,131.461538462,81.0,1.03902953586,173.0,18.9477637593,121.0
2016-09-08,3,0,22.0,32.0,1,123.0,132.076923077,81.0,0.916407061267,173.0,18.4618589716,139.0
2016-09-09,4,0,21.0,31.0,0,123.0,131.615384615,81.0,0.950179763739,173.0,18.2062477084,97.0
2016-09-10,5,1,22.0,32.0,1,123.0,129.153846154,81.0,0.930414386239,173.0,20.4218817556,151.0
2016-09-11,6,1,20.0,31.0,1,123.0,131.846153846,81.0,1.00116414435,173.0,20.8136277614,187.0
2016-09-12,0,0,22.0,33.0,1,123.0,135.615384615,81.0,1.09806891329,187.0,25.4967221469,110.0
2016-09-13,1,0,21.0,32.0,1,123.0,133.692307692,81.0,1.12874779541,187.0,26.3975075029,135.0
2016-09-14,2,0,21.0,31.0,1,123.0,133.692307692,81.0,1.08720271801,187.0,26.3975075029,133.0
2016-09-15,3,1,23.0,31.0,0,123.0,134.461538462,81.0,0.944173847883,187.0,26.2198262759,163.0
2016-09-16,4,1,22.0,30.0,0,123.0,138.692307692,81.0,1.06934623496,187.0,26.0454768416,129.0
2016-09-17,5,1,21.0,32.0,1,123.0,135.307692308,97.0,1.05445974445,187.0,24.1577654831,143.0
2016-09-18,6,0,20.0,31.0,1,124.0,133.846153846,97.0,1.06853352985,187.0,23.0479305056,118.0
2016-09-19,0,0,18.0,29.0,1,124.0,133.538461538,97.0,0.965107646622,187.0,23.2300050817,102.0
2016-09-20,1,0,18.0,27.0,1,124.0,132.923076923,97.0,0.909432544156,187.0,23.940508119,106.0
2016-09-21,2,0,17.0,28.0,1,124.0,131.769230769,97.0,0.825734549139,187.0,24.8322180494,108.0
2016-09-22,3,0,17.0,30.0,1,123.0,129.384615385,97.0,0.804992994523,187.0,25.5027553912,105.0
2016-09-23,4,0,18.0,31.0,1,123.0,130.0,97.0,0.813567967355,187.0,24.8007444057,116.0
2016-09-24,5,1,22.0,32.0,1,123.0,127.307692308,97.0,0.85777603963,187.0,24.2689564778,145.0
2016-09-25,6,1,23.0,30.0,1,123.0,124.076923077,97.0,0.96062992126,187.0,18.1254667355,159.0
2016-09-26,0,0,23.0,33.0,1,124.0,127.846153846,97.0,1.08653473031,187.0,19.8216903488,122.0
2016-09-27,1,0,22.0,32.0,1,124.0,126.846153846,97.0,1.09694862881,187.0,19.7633933315,97.0
2016-09-28,2,0,16.0,25.0,0,123.0,124.076923077,97.0,0.982456140351,187.0,21.1785869306,69.0
2016-09-29,3,0,15.0,18.0,0,123.0,116.846153846,69.0,0.769539078156,187.0,22.6506788957,99.0
2016-09-30,4,0,17.0,20.0,0,122.0,114.538461538,69.0,0.707515685489,187.0,22.8224430183,108.0
2016-10-01,5,1,17.0,20.0,0,122.0,111.846153846,69.0,0.749796251019,187.0,21.3211565347,128.0
2016-10-02,6,1,16.0,23.0,0,123.0,112.615384615,69.0,0.932498260264,187.0,21.7062148546,128.0
2016-10-03,0,1,18.0,29.0,1,123.0,114.615384615,69.0,1.00566376571,187.0,21.8334199074,88.0
2016-10-04,1,1,17.0,30.0,1,123.0,113.230769231,69.0,0.969287123133,187.0,22.8814800696,103.0
2016-10-05,2,1,18.0,30.0,1,123.0,112.846153846,69.0,0.910388127854,187.0,23.0078453304,126.0
2016-10-06,3,1,19.0,29.0,1,123.0,114.461538462,69.0,0.919240249384,187.0,23.1371010238,105.0
2016-10-07,4,1,19.0,27.0,1,122.0,113.615384615,69.0,0.978754578755,187.0,23.2661472846,141.0
2016-10-08,5,0,16.0,26.0,1,123.0,113.307692308,69.0,1.09106907171,187.0,22.8721685608,113.0
2016-10-09,6,0,16.0,24.0,1,123.0,109.769230769,69.0,1.05526161082,187.0,18.7089194942,112.0
2016-10-10,0,0,16.0,23.0,1,123.0,109.0,69.0,1.07111501317,187.0,18.3931425349,126.0
2016-10-11,1,0,16.0,21.0,1,123.0,111.230769231,69.0,1.0182767624,163.0,18.5603126887,94.0
2016-10-12,2,0,16.0,19.0,1,122.0,113.153846154,69.0,0.96906012843,163.0,15.0478526648,105.0
2016-10-13,3,0,15.0,18.0,0,122.0,113.615384615,69.0,0.94862813777,163.0,14.6945225878,101.0
2016-10-14,4,0,15.0,19.0,1,122.0,113.076923077,69.0,0.881445570736,163.0,15.015179696,95.0
2016-10-15,5,1,16.0,23.0,1,121.0,110.538461538,69.0,0.904311251314,159.0,15.0671082653,129.0
2016-10-16,6,1,16.0,24.0,1,122.0,110.615384615,69.0,0.98979747221,159.0,15.1583359222,120.0
2016-10-17,0,0,16.0,23.0,1,122.0,113.076923077,69.0,1.0486206371,159.0,13.8256258084,120.0
2016-10-18,1,0,18.0,25.0,1,122.0,114.384615385,69.0,1.11312217195,159.0,13.6129941404,101.0
2016-10-19,2,0,18.0,24.0,0,121.0,112.461538462,69.0,1.01397561701,159.0,13.6021230504,109.0
2016-10-20,3,0,19.0,23.0,0,120.0,112.769230769,69.0,0.976909413854,159.0,13.4744992552,77.0
2016-10-21,4,0,18.0,24.0,0,120.0,107.846153846,69.0,0.861473810596,159.0,13.9440980283,114.0
2016-10-22,5,1,16.0,21.0,0,120.0,107.923076923,69.0,0.906207521522,159.0,13.9750411501,126.0
2016-10-23,6,1,15.0,18.0,1,120.0,109.0,69.0,0.958427815571,159.0,14.7648230602,153.0
2016-10-24,0,0,12.0,16.0,0,120.0,111.076923077,69.0,1.15418502203,159.0,18.4493549542,118.0
2016-10-25,1,0,12.0,16.0,0,120.0,112.923076923,69.0,1.15827862874,153.0,17.8388579251,101.0
2016-10-26,2,0,13.0,16.0,0,118.0,112.615384615,69.0,1.09734513274,153.0,18.0065734217,102.0
2016-10-27,3,0,12.0,16.0,0,118.0,112.692307692,69.0,0.94816127603,153.0,17.9588616025,106.0
2016-10-28,4,0,9.0,14.0,0,118.0,113.538461538,77.0,0.927092709271,153.0,17.3542962298,99.0
2016-10-29,5,1,7.0,11.0,0,116.0,111.230769231,77.0,0.92693236715,153.0,17.1381438998,122.0
2016-10-30,6,1,9.0,15.0,0,116.0,111.384615385,77.0,0.982867448151,153.0,17.2249303294,130.0
2016-10-31,0,0,9.0,14.0,0,116.0,112.153846154,77.0,1.05310531053,153.0,17.8059892856,103.0
