time_stamp,dayofweek,holiday,lt,ht,sunny,m2M,w2A,m1L,d3w3,m1Lar,w2Std,pay_sum
2016-08-01,0,0,28.0,36.0,1,141.0,154.461538462,132.0,0.969355847405,221.0,11.9267984267,155.0
2016-08-02,1,0,26.0,35.0,0,142.0,153.461538462,132.0,0.948774587146,200.0,11.2770385134,160.0
2016-08-03,2,0,26.0,32.0,0,142.0,153.153846154,132.0,0.960903377011,200.0,11.0373223749,191.0
2016-08-04,3,0,26.0,31.0,0,143.0,155.692307692,132.0,1.0671728356,200.0,14.9583247488,135.0
2016-08-05,4,0,26.0,32.0,0,143.0,155.923076923,132.0,1.03382259094,200.0,14.6101205095,162.0
2016-08-06,5,1,26.0,32.0,0,148.0,156.461538462,132.0,1.04139991464,200.0,14.6949252602,134.0
2016-08-07,6,1,26.0,33.0,0,148.0,155.846153846,132.0,0.923901393355,200.0,15.4364511358,123.0
2016-08-08,0,0,26.0,33.0,1,148.0,154.307692308,123.0,0.910473707084,200.0,17.4989433324,147.0
2016-08-09,1,0,26.0,33.0,1,148.0,152.769230769,123.0,0.883929548189,200.0,17.1919204913,131.0
2016-08-10,2,0,27.0,34.0,1,148.0,150.538461538,123.0,0.88697190887,200.0,17.9726946082,163.0
2016-08-11,3,0,28.0,36.0,1,148.0,151.230769231,123.0,0.973832394833,200.0,18.2636833683,201.0
2016-08-12,4,0,28.0,36.0,1,154.0,153.692307692,123.0,1.06865284974,201.0,22.2205193299,160.0
2016-08-13,5,1,29.0,36.0,1,155.0,153.692307692,123.0,1.12943205087,201.0,22.2205193299,168.0
2016-08-14,6,1,29.0,37.0,1,155.0,156.153846154,123.0,1.13070428556,201.0,21.8943131143,176.0
2016-08-15,0,0,28.0,36.0,1,158.0,157.769230769,123.0,1.06598984772,201.0,22.515477911,157.0
2016-08-16,1,0,27.0,36.0,1,158.0,157.538461538,123.0,1.06301718651,201.0,22.5068037051,184.0
2016-08-17,2,0,27.0,35.0,1,159.0,157.0,123.0,1.08865024216,201.0,21.7715410571,163.0
2016-08-18,3,0,28.0,36.0,1,159.0,159.153846154,123.0,1.05826771654,201.0,20.8542419734,170.0
2016-08-19,4,0,29.0,38.0,1,160.0,159.769230769,123.0,1.0852225021,201.0,21.0463000445,175.0
2016-08-20,5,1,28.0,34.0,0,160.0,162.923076923,123.0,1.06131829103,201.0,19.9940819647,158.0
2016-08-21,6,1,27.0,32.0,1,160.0,165.615384615,123.0,1.04367672995,201.0,16.4856042634,146.0
2016-08-22,0,0,26.0,33.0,0,160.0,165.538461538,123.0,0.996670828132,201.0,16.5743796014,181.0
2016-08-23,1,0,26.0,34.0,1,160.0,169.384615385,123.0,1.00258397933,201.0,13.6581250067,184.0
2016-08-24,2,0,25.0,34.0,1,160.0,171.0,123.0,1.05862854775,201.0,14.043887255,217.0
2016-08-25,3,0,24.0,34.0,1,161.0,172.230769231,123.0,1.17575757576,217.0,17.0074818204,165.0
2016-08-26,4,0,22.0,28.0,0,162.0,172.615384615,123.0,1.1423958018,217.0,16.7815762601,197.0
2016-08-27,5,1,19.0,28.0,1,162.0,174.846153846,123.0,1.146761735,217.0,17.909370791,189.0
2016-08-28,6,1,19.0,30.0,1,163.0,175.846153846,123.0,1.07031857032,217.0,18.3044599603,220.0
2016-08-29,0,0,20.0,30.0,1,163.0,180.692307692,123.0,1.15263908702,220.0,20.8377786184,209.0
2016-08-30,1,0,20.0,31.0,1,164.0,182.615384615,123.0,1.14987440692,220.0,22.1655951751,200.0
2016-08-31,2,0,21.0,32.0,1,164.0,185.461538462,123.0,1.15837937385,220.0,21.837213772,215.0
2016-09-01,3,0,21.0,33.0,1,164.0,188.923076923,123.0,1.14474408365,220.0,22.6629536349,186.0
2016-09-02,4,0,21.0,34.0,1,164.0,189.769230769,123.0,1.09471766849,220.0,22.3302273444,193.0
2016-09-03,5,1,22.0,35.0,1,165.0,192.461538462,123.0,1.07462686567,220.0,20.3606535509,174.0
2016-09-04,6,1,21.0,31.0,1,165.0,194.615384615,123.0,1.00099556521,220.0,16.43419728,273.0
2016-09-05,0,0,21.0,31.0,1,165.0,201.692307692,123.0,1.12310257085,273.0,26.0454768416,204.0
2016-09-06,1,0,20.0,26.0,0,165.0,203.230769231,131.0,1.13642314742,273.0,25.5407783935,165.0
2016-09-07,2,0,21.0,30.0,1,165.0,199.230769231,131.0,1.12012562157,273.0,27.0957102655,195.0
2016-09-08,3,0,22.0,31.0,1,165.0,201.538461538,146.0,0.977639105564,273.0,25.3000923824,179.0
2016-09-09,4,0,22.0,32.0,1,165.0,200.153846154,146.0,0.933333333333,273.0,25.993626893,221.0
2016-09-10,5,1,21.0,31.0,1,165.0,202.615384615,146.0,1.0137149672,273.0,26.3337702508,200.0
2016-09-11,6,1,20.0,31.0,1,165.0,201.076923077,146.0,1.00831862869,273.0,25.8530210657,206.0
2016-09-12,0,0,21.0,30.0,1,167.0,200.846153846,146.0,1.04709418838,273.0,25.7945914243,239.0
2016-09-13,1,0,22.0,32.0,1,168.0,203.846153846,146.0,1.06251544354,273.0,27.7179368581,180.0
2016-09-14,2,0,22.0,30.0,1,168.0,201.153846154,146.0,1.03906899418,273.0,28.1994166711,206.0
2016-09-15,3,1,21.0,24.0,0,168.0,202.692307692,146.0,1.02855262075,273.0,27.8744013123,215.0
2016-09-16,4,1,20.0,26.0,0,169.0,204.384615385,146.0,0.984680920783,273.0,27.9024081165,159.0
2016-09-17,5,1,20.0,29.0,1,169.0,203.230769231,146.0,0.957332673104,273.0,29.4047454207,197.0
2016-09-18,6,0,20.0,30.0,1,170.0,197.384615385,146.0,0.947875166003,273.0,21.4244233799,161.0
2016-09-19,0,0,17.0,27.0,1,170.0,194.076923077,146.0,0.868615591398,273.0,23.3780355115,192.0
2016-09-20,1,0,17.0,26.0,1,174.0,196.153846154,159.0,0.925925925926,273.0,21.8521118636,146.0
2016-09-21,2,0,17.0,26.0,1,174.0,192.384615385,146.0,0.854964447871,273.0,25.6261238749,201.0
2016-09-22,3,0,18.0,27.0,1,175.0,194.076923077,146.0,0.919952210275,273.0,25.411873477,179.0
2016-09-23,4,0,20.0,29.0,1,176.0,190.846153846,146.0,0.900993490922,273.0,24.434673201,226.0
2016-09-24,5,1,21.0,30.0,1,179.0,192.846153846,146.0,1.02434077079,273.0,26.1087847104,214.0
2016-09-25,6,1,22.0,29.0,1,179.0,193.461538462,146.0,1.06220506221,273.0,26.5028746906,220.0
2016-09-26,0,0,23.0,30.0,1,180.0,192.0,146.0,1.127915919,273.0,24.391045015,194.0
2016-09-27,1,0,22.0,30.0,1,181.0,193.076923077,146.0,1.06530958439,273.0,24.1452704031,180.0
2016-09-28,2,0,18.0,24.0,0,181.0,191.076923077,146.0,1.01149425287,273.0,24.0686886878,158.0
2016-09-29,3,0,17.0,20.0,0,181.0,186.692307692,146.0,0.910802944701,273.0,24.4992452486,157.0
2016-09-30,4,0,16.0,19.0,0,181.0,186.538461538,146.0,0.861618798956,273.0,24.678285019,149.0
2016-10-01,5,1,19.0,23.0,0,181.0,182.846153846,146.0,0.818558701597,273.0,26.3696975096,212.0
2016-10-02,6,1,19.0,23.0,0,181.0,186.769230769,146.0,0.912373403787,273.0,26.6202752288,166.0
2016-10-03,0,1,20.0,27.0,1,181.0,184.769230769,146.0,0.946479885057,273.0,27.1240848017,181.0
2016-10-04,1,1,19.0,27.0,1,181.0,187.461538462,146.0,1.00368076129,239.0,24.7778293723,157.0
2016-10-05,2,1,20.0,28.0,1,181.0,184.076923077,146.0,0.917030567686,239.0,25.6858582416,159.0
2016-10-06,3,1,19.0,25.0,1,181.0,182.538461538,146.0,0.918329637842,239.0,26.5289838148,183.0
2016-10-07,4,1,18.0,22.0,0,183.0,179.230769231,146.0,0.915932452276,239.0,23.4000455166,200.0
2016-10-08,5,0,14.0,24.0,1,184.0,178.153846154,146.0,0.994039431453,239.0,22.0588239935,203.0
2016-10-09,6,0,14.0,21.0,1,184.0,176.846153846,146.0,1.06246033904,239.0,19.9416308023,198.0
2016-10-10,0,0,16.0,21.0,1,184.0,177.153846154,146.0,1.08788125622,239.0,20.2326702821,186.0
2016-10-11,1,0,15.0,20.0,1,186.0,177.615384615,146.0,1.05112364581,239.0,20.3603629314,175.0
2016-10-12,2,0,16.0,20.0,0,186.0,178.923076923,146.0,1.00802452439,226.0,19.5898778355,197.0
2016-10-13,3,0,15.0,20.0,0,186.0,182.0,146.0,1.00134589502,226.0,19.0384226884,178.0
2016-10-14,4,0,17.0,19.0,0,186.0,184.230769231,146.0,0.999909099173,226.0,16.5815181923,198.0
2016-10-15,5,1,17.0,22.0,0,189.0,183.153846154,146.0,1.04628868803,226.0,15.1345054243,226.0
2016-10-16,6,1,15.0,23.0,0,192.0,187.769230769,146.0,1.09743870203,226.0,18.0646439474,241.0
2016-10-17,0,0,17.0,22.0,1,193.0,192.384615385,146.0,1.19690424766,241.0,22.7918287029,186.0
2016-10-18,1,0,18.0,23.0,1,193.0,194.615384615,146.0,1.17340521114,241.0,20.5259253011,176.0
2016-10-19,2,0,19.0,23.0,0,193.0,195.923076923,146.0,1.07832618026,241.0,18.6731462409,211.0
2016-10-20,3,0,19.0,21.0,0,194.0,198.076923077,149.0,1.01004759387,241.0,18.6731462409,166.0
2016-10-21,4,0,19.0,22.0,0,194.0,195.461538462,149.0,0.970430815127,241.0,20.5112178861,202.0
2016-10-22,5,1,16.0,20.0,0,195.0,195.384615385,149.0,1.01873845342,241.0,20.4846601577,209.0
2016-10-23,6,1,14.0,16.0,0,195.0,196.230769231,149.0,1.00382741823,241.0,20.7999772417,216.0
2016-10-24,0,0,14.0,18.0,0,197.0,198.538461538,149.0,1.08094129816,241.0,21.1972980303,197.0
2016-10-25,1,0,16.0,18.0,0,197.0,200.230769231,149.0,1.06134288883,241.0,20.100340013,197.0
2016-10-26,2,0,14.0,17.0,0,197.0,200.230769231,149.0,1.03084072666,241.0,20.100340013,172.0
2016-10-27,3,0,14.0,17.0,0,197.0,199.769230769,149.0,0.959159464498,241.0,20.6664121636,184.0
2016-10-28,4,0,8.0,14.0,0,195.0,198.692307692,149.0,0.940956270206,241.0,21.0909554636,202.0
2016-10-29,5,1,8.0,10.0,0,195.0,196.846153846,149.0,0.949706407965,241.0,19.6188533886,182.0
2016-10-30,6,1,12.0,17.0,1,194.0,192.307692308,157.0,0.970691275741,241.0,15.2082195154,189.0
2016-10-31,0,0,8.0,15.0,0,194.0,192.538461538,157.0,0.978483606557,241.0,15.1333324644,192.0
