time_stamp,dayofweek,holiday,lt,ht,sunny,m2M,w2A,m1L,d3w3,m1Lar,w2Std,pay_sum
2016-08-01,0,0,27.0,37.0,1,46.0,18.3846153846,13.0,1.15384615385,71.0,4.19777343066,27.0
2016-08-02,1,0,27.0,36.0,0,46.0,19.3846153846,13.0,1.27927927928,71.0,4.56640679374,27.0
2016-08-03,2,0,27.0,34.0,0,45.0,19.6923076923,13.0,1.40992167102,71.0,4.92067248976,27.0
2016-08-04,3,0,27.0,34.0,0,44.0,20.6153846154,13.0,1.38461538462,71.0,5.07692307692,27.0
2016-08-05,4,0,27.0,34.0,0,44.0,20.8461538462,13.0,1.33995037221,46.0,5.28926567313,27.0
2016-08-06,5,1,25.0,33.0,0,40.0,21.9230769231,13.0,1.30434782609,29.0,4.99940824901,27.0
2016-08-07,6,1,26.0,31.0,0,29.0,22.5384615385,13.0,1.27358490566,27.0,5.09321395608,27.0
2016-08-08,0,0,26.0,34.0,0,27.0,23.6153846154,13.0,1.26168224299,27.0,4.3947251868,27.0
2016-08-09,1,0,26.0,33.0,1,27.0,24.3846153846,13.0,1.22448979592,27.0,4.02947718576,27.0
2016-08-10,2,0,26.0,34.0,0,27.0,25.1538461538,13.0,1.21348314607,27.0,3.46068365514,1.0
2016-08-11,3,0,26.0,35.0,1,27.0,23.6153846154,1.0,0.850734725445,27.0,7.2910742222,1.0
2016-08-12,4,0,27.0,33.0,0,27.0,22.2307692308,1.0,0.47385620915,27.0,9.43115823015,8.0
2016-08-13,5,1,27.0,35.0,1,27.0,21.5384615385,1.0,0.165425971878,27.0,10.0965750828,8.0
2016-08-14,6,1,27.0,35.0,0,27.0,20.0769230769,1.0,0.289115646259,27.0,10.5645382036,8.0
2016-08-15,0,0,28.0,36.0,1,27.0,18.6153846154,1.0,0.413436692506,27.0,10.8169273437,1.0
2016-08-16,1,0,27.0,37.0,1,27.0,16.6153846154,1.0,0.305480682839,27.0,11.465925851,1.0
2016-08-17,2,0,28.0,37.0,1,27.0,14.6153846154,1.0,0.18779342723,27.0,11.7443175231,1.0
2016-08-18,3,0,28.0,37.0,1,27.0,12.6153846154,1.0,0.0597014925373,27.0,11.6786357313,3.0
2016-08-19,4,0,28.0,37.0,1,27.0,10.7692307692,1.0,0.104493207941,27.0,11.1434965246,7.0
2016-08-20,5,1,27.0,36.0,0,24.0,9.23076923077,1.0,0.237324703344,27.0,10.1310933889,3.0
2016-08-21,6,1,26.0,34.0,0,24.0,7.38461538462,1.0,0.304093567251,27.0,8.82774003258,9.0
2016-08-22,0,0,27.0,35.0,0,23.0,6.0,1.0,0.474406991261,27.0,6.82754601708,8.0
2016-08-23,1,0,26.0,34.0,0,23.0,4.53846153846,1.0,0.537634408602,27.0,3.2960438901,7.0
2016-08-24,2,0,27.0,36.0,1,21.0,5.0,1.0,0.701754385965,27.0,3.18651002726,16.0
2016-08-25,3,0,26.0,37.0,1,21.0,6.15384615385,1.0,0.952380952381,27.0,4.1108889895,20.0
2016-08-26,4,0,22.0,29.0,0,20.0,7.07692307692,1.0,1.36507936508,27.0,5.52562615264,29.0
2016-08-27,5,1,20.0,25.0,0,20.0,8.69230769231,1.0,2.04402515723,29.0,8.05160868193,53.0
2016-08-28,6,1,20.0,29.0,1,20.0,12.1538461538,1.0,2.85714285714,53.0,14.2766412439,73.0
2016-08-29,0,0,19.0,32.0,1,20.0,17.6923076923,1.0,3.63849765258,73.0,21.1746750602,56.0
2016-08-30,1,0,22.0,32.0,1,20.0,21.9230769231,1.0,3.87646432375,73.0,22.8455063363,48.0
2016-08-31,2,0,22.0,25.0,0,20.0,25.5384615385,1.0,3.27777777778,73.0,22.9669172929,49.0
2016-09-01,3,0,22.0,24.0,0,20.0,29.0769230769,1.0,2.5,73.0,22.764552534,59.0
2016-09-02,4,0,21.0,33.0,1,20.0,33.0769230769,1.0,2.26579520697,73.0,23.0999884731,48.0
2016-09-03,5,1,24.0,34.0,1,20.0,36.5384615385,1.0,2.08416833667,73.0,21.6603692866,79.0
2016-09-04,6,1,23.0,32.0,1,20.0,41.9230769231,1.0,2.17543859649,79.0,22.8151823218,77.0
2016-09-05,0,0,24.0,31.0,1,20.0,47.2307692308,1.0,2.10526315789,79.0,22.3267822827,87.0
2016-09-06,1,0,22.0,29.0,1,20.0,53.3846153846,1.0,2.2131147541,87.0,21.3956805905,71.0
2016-09-07,2,0,22.0,32.0,1,20.0,57.6153846154,1.0,1.95344970906,87.0,18.8742333988,82.0
2016-09-08,3,0,22.0,30.0,1,20.0,62.3846153846,1.0,1.81611804767,87.0,16.443555958,57.0
2016-09-09,4,0,24.0,31.0,0,20.0,64.5384615385,1.0,1.5037593985,87.0,13.4999452114,74.0
2016-09-10,5,1,21.0,24.0,0,20.0,66.1538461538,1.0,1.41716566866,87.0,13.277199391,78.0
2016-09-11,6,1,21.0,27.0,1,21.0,66.5384615385,1.0,1.30096483038,87.0,13.5397726638,76.0
2016-09-12,0,0,21.0,31.0,1,23.0,68.0769230769,1.0,1.33450395083,87.0,13.3903612777,79.0
2016-09-13,1,0,21.0,32.0,1,23.0,70.4615384615,1.0,1.282686485,87.0,12.3201859665,75.0
2016-09-14,2,0,22.0,32.0,1,24.0,72.4615384615,1.0,1.20734908136,87.0,10.6743069284,95.0
2016-09-15,3,1,24.0,29.0,0,27.0,75.2307692308,1.0,1.23420074349,95.0,11.463345237,60.0
2016-09-16,4,1,22.0,28.0,1,27.0,76.1538461538,3.0,1.11434108527,95.0,9.55829204124,60.0
2016-09-17,5,1,21.0,31.0,1,27.0,74.6923076923,3.0,1.03639431188,95.0,10.424708927,59.0
2016-09-18,6,0,21.0,31.0,1,27.0,73.3076923077,3.0,0.871682493304,95.0,11.1932989252,60.0
2016-09-19,0,0,20.0,30.0,1,27.0,71.2307692308,7.0,0.869142995873,95.0,10.9625505606,77.0
2016-09-20,1,0,19.0,28.0,1,27.0,71.6923076923,7.0,0.932001902045,95.0,11.0689073562,83.0
2016-09-21,2,0,19.0,29.0,1,27.0,71.7692307692,7.0,1.02135561746,95.0,11.1434965246,88.0
2016-09-22,3,0,19.0,30.0,1,27.0,74.1538461538,16.0,1.12855517634,95.0,11.0442895363,110.0
2016-09-23,4,0,21.0,31.0,1,27.0,76.9230769231,20.0,1.22680637415,110.0,14.5995866035,107.0
2016-09-24,5,1,22.0,32.0,1,27.0,79.1538461538,29.0,1.30760986066,110.0,16.6633921833,77.0
2016-09-25,6,1,25.0,34.0,1,29.0,79.2307692308,48.0,1.26045016077,110.0,16.6509590676,80.0
2016-09-26,0,0,25.0,35.0,1,48.0,79.3076923077,48.0,1.13695090439,110.0,16.6520251269,103.0
2016-09-27,1,0,21.0,30.0,1,48.0,81.4615384615,48.0,1.0970464135,110.0,17.7313949497,92.0
2016-09-28,2,0,18.0,25.0,1,49.0,81.2307692308,48.0,1.15303983229,110.0,17.5725040734,103.0
2016-09-29,3,0,15.0,17.0,0,53.0,84.5384615385,48.0,1.21434392828,110.0,17.3099143873,98.0
2016-09-30,4,0,15.0,17.0,0,56.0,87.4615384615,48.0,1.17670682731,110.0,16.0844663937,111.0
2016-10-01,5,1,17.0,19.0,0,57.0,91.4615384615,48.0,1.22858830478,111.0,14.9337788747,62.0
2016-10-02,6,1,18.0,24.0,0,59.0,91.6153846154,57.0,1.0760373238,111.0,14.6157894681,62.0
2016-10-03,0,1,20.0,29.0,1,59.0,90.4615384615,57.0,0.942639390293,111.0,16.2273054999,68.0
2016-10-04,1,1,18.0,29.0,1,60.0,89.3076923077,57.0,0.773413897281,111.0,17.2197767134,45.0
2016-10-05,2,1,19.0,30.0,1,60.0,86.0,45.0,0.726895119418,111.0,20.8916619363,78.0
2016-10-06,3,1,21.0,29.0,1,60.0,83.5384615385,45.0,0.784555350175,111.0,19.7741687936,50.0
2016-10-07,4,1,22.0,27.0,1,60.0,79.1538461538,45.0,0.715023765241,111.0,20.3954978209,77.0
2016-10-08,5,0,19.0,25.0,1,60.0,79.1538461538,45.0,0.837931739219,111.0,20.3954978209,111.0
2016-10-09,6,0,17.0,25.0,1,62.0,81.5384615385,45.0,0.943321442727,111.0,22.0963463204,101.0
2016-10-10,0,0,17.0,24.0,1,62.0,81.3846153846,45.0,1.12934740133,111.0,21.9528812251,131.0
2016-10-11,1,0,17.0,22.0,1,68.0,84.3846153846,45.0,1.3036868111,131.0,25.5660184967,107.0
2016-10-12,2,0,17.0,22.0,1,71.0,84.6923076923,45.0,1.27467569092,131.0,25.8111026063,141.0
2016-10-13,3,0,16.0,19.0,1,73.0,88.0,45.0,1.40059127864,141.0,29.7579982784,130.0
2016-10-14,4,0,16.0,22.0,1,74.0,89.4615384615,45.0,1.37931034483,141.0,31.2794240175,136.0
2016-10-15,5,1,18.0,24.0,1,75.0,95.1538461538,45.0,1.43867090845,141.0,32.4744779169,120.0
2016-10-16,6,1,18.0,24.0,1,76.0,99.6153846154,45.0,1.3361024576,141.0,31.5851436877,117.0
2016-10-17,0,0,19.0,25.0,1,77.0,103.384615385,45.0,1.28178694158,141.0,30.4922145462,141.0
2016-10-18,1,0,20.0,23.0,1,77.0,110.769230769,45.0,1.26696832579,141.0,26.8676352232,146.0
2016-10-19,2,0,19.0,22.0,0,77.0,116.0,45.0,1.32545931759,146.0,26.5967030924,176.0
2016-10-20,3,0,20.0,25.0,0,77.0,125.692307692,45.0,1.46287519747,176.0,23.5645908267,127.0
2016-10-21,4,0,20.0,25.0,1,78.0,129.538461538,45.0,1.40796487927,176.0,18.9274541529,148.0
2016-10-22,5,1,18.0,21.0,0,78.0,132.384615385,45.0,1.35925256178,176.0,18.7063891247,123.0
2016-10-23,6,1,16.0,20.0,1,79.0,134.076923077,45.0,1.16732658748,176.0,16.6754611905,121.0
2016-10-24,0,0,15.0,17.0,0,79.0,133.307692308,45.0,1.12353109774,176.0,17.0266063983,173.0
2016-10-25,1,0,13.0,17.0,1,80.0,138.384615385,45.0,1.13284433578,176.0,18.2231402408,162.0
2016-10-26,2,0,15.0,20.0,0,82.0,140.0,45.0,1.19779353822,176.0,19.2833128338,167.0
2016-10-27,3,0,15.0,23.0,1,83.0,142.846153846,45.0,1.26051475204,176.0,20.3009895698,93.0
2016-10-28,4,0,11.0,15.0,0,87.0,139.538461538,45.0,1.05328840634,176.0,24.2633480619,100.0
2016-10-29,5,1,10.0,12.0,0,88.0,138.0,45.0,0.902255639098,176.0,26.0236578757,127.0
2016-10-30,6,1,10.0,14.0,1,92.0,138.769230769,45.0,0.794241747332,176.0,25.5347541331,127.0
2016-10-31,0,0,11.0,14.0,0,93.0,137.692307692,45.0,0.879940343028,176.0,25.7125668628,188.0
