time_stamp,dayofweek,holiday,lt,ht,sunny,m2M,w2A,m1L,d3w3,m1Lar,w2Std,pay_sum
2016-08-01,0,0,28.0,34.0,1,171.0,205.461538462,145.0,1.18959717778,312.0,50.6748540047,88.0
2016-08-02,1,0,27.0,35.0,0,171.0,199.692307692,88.0,1.02255639098,312.0,58.7987239728,137.0
2016-08-03,2,0,26.0,32.0,0,170.0,198.0,88.0,0.807773553021,312.0,60.2443741389,160.0
2016-08-04,3,0,27.0,32.0,0,166.0,197.615384615,88.0,0.651603621901,312.0,60.4693672755,162.0
2016-08-05,4,0,27.0,33.0,0,166.0,193.923076923,88.0,0.78988125968,312.0,61.0629706986,199.0
2016-08-06,5,1,27.0,33.0,0,170.0,186.307692308,88.0,0.90853605371,312.0,53.2864315467,260.0
2016-08-07,6,1,27.0,35.0,1,170.0,184.384615385,88.0,1.08320251177,312.0,50.0423489296,248.0
2016-08-08,0,0,27.0,34.0,0,170.0,190.307692308,88.0,1.2008492569,299.0,52.5991877904,105.0
2016-08-09,1,0,27.0,33.0,0,166.0,186.461538462,88.0,1.05680544781,298.0,56.7079093447,349.0
2016-08-10,2,0,28.0,34.0,1,166.0,200.615384615,88.0,1.15356174513,349.0,70.7971516828,238.0
2016-08-11,3,0,28.0,36.0,1,170.0,205.461538462,88.0,1.11702986279,349.0,71.0337031433,234.0
2016-08-12,4,0,28.0,35.0,1,171.0,208.0,88.0,1.31760552078,349.0,71.4175156279,273.0
2016-08-13,5,1,28.0,35.0,1,171.0,208.153846154,88.0,1.20287398079,349.0,71.5550849172,356.0
2016-08-14,6,1,28.0,36.0,1,175.0,216.076923077,88.0,1.36984126984,356.0,81.1422886411,368.0
2016-08-15,0,0,27.0,35.0,1,180.0,237.615384615,88.0,1.51163672201,368.0,81.4479904475,190.0
2016-08-16,1,0,28.0,36.0,1,182.0,241.692307692,88.0,1.37484957882,368.0,77.5424296909,192.0
2016-08-17,2,0,28.0,35.0,1,182.0,244.153846154,88.0,1.12132765194,368.0,75.3880689947,138.0
2016-08-18,3,0,28.0,35.0,1,180.0,242.307692308,88.0,0.783958992914,368.0,77.6376045041,191.0
2016-08-19,4,0,29.0,37.0,1,182.0,241.692307692,88.0,0.787246902387,368.0,78.0092544957,234.0
2016-08-20,5,1,28.0,37.0,0,190.0,239.692307692,88.0,0.857904761905,368.0,77.8473700118,304.0
2016-08-21,6,1,27.0,34.0,0,191.0,244.0,88.0,1.09805693629,368.0,79.7148765191,242.0
2016-08-22,0,0,28.0,35.0,1,192.0,254.538461538,88.0,1.13537117904,368.0,68.97448289,175.0
2016-08-23,1,0,26.0,34.0,1,191.0,241.153846154,88.0,1.04085462682,368.0,66.1709280272,199.0
2016-08-24,2,0,25.0,34.0,1,191.0,238.153846154,88.0,0.881826640899,368.0,67.1231315785,217.0
2016-08-25,3,0,26.0,35.0,1,191.0,236.846153846,88.0,0.836162988115,368.0,67.3565097692,193.0
2016-08-26,4,0,25.0,32.0,0,192.0,230.692307692,88.0,0.862728431789,368.0,67.4267518416,196.0
2016-08-27,5,1,24.0,30.0,1,193.0,218.384615385,88.0,0.870314519604,368.0,57.2679779788,277.0
2016-08-28,6,1,22.0,30.0,1,196.0,211.384615385,88.0,0.950545921644,368.0,42.1070768062,251.0
2016-08-29,0,0,22.0,32.0,1,199.0,216.076923077,88.0,1.00200678154,368.0,42.8547843814,128.0
2016-08-30,1,0,23.0,31.0,1,199.0,211.153846154,88.0,0.951552074267,368.0,48.6254858055,169.0
2016-08-31,2,0,23.0,33.0,1,196.0,213.538461538,105.0,0.807009793093,368.0,45.6485156631,130.0
2016-09-01,3,0,24.0,34.0,1,193.0,208.846153846,105.0,0.643605396036,368.0,50.5916474618,123.0
2016-09-02,4,0,24.0,34.0,1,193.0,200.307692308,105.0,0.658397690928,368.0,54.8163151112,199.0
2016-09-03,5,1,23.0,34.0,1,196.0,192.230769231,105.0,0.732102364755,368.0,45.9634534522,313.0
2016-09-04,6,1,24.0,33.0,1,199.0,197.692307692,105.0,1.04243618156,368.0,54.9018489466,268.0
2016-09-05,0,0,25.0,31.0,1,199.0,204.846153846,105.0,1.25634211162,368.0,57.4775490001,109.0
2016-09-06,1,0,22.0,26.0,0,199.0,197.923076923,105.0,1.13412228797,368.0,62.9266502653,115.0
2016-09-07,2,0,21.0,24.0,0,196.0,190.076923077,109.0,0.813290354575,368.0,66.3260727693,115.0
2016-09-08,3,0,23.0,30.0,1,193.0,184.076923077,109.0,0.571139752338,368.0,69.2536714255,118.0
2016-09-09,4,0,23.0,32.0,1,193.0,178.076923077,109.0,0.604009372559,368.0,71.3091444546,190.0
2016-09-10,5,1,23.0,29.0,1,193.0,171.384615385,109.0,0.756640729809,368.0,65.5621120202,292.0
2016-09-11,6,1,21.0,26.0,0,196.0,174.538461538,109.0,1.05904156738,368.0,70.1422898714,205.0
2016-09-12,0,0,22.0,29.0,1,199.0,180.461538462,109.0,1.20304701865,368.0,69.2071754668,105.0
2016-09-13,1,0,22.0,29.0,1,196.0,175.538461538,105.0,1.0808869737,313.0,72.0647309284,97.0
2016-09-14,2,0,22.0,24.0,0,193.0,173.0,97.0,0.755172093886,313.0,74.1744305933,143.0
2016-09-15,3,1,20.0,24.0,0,192.0,174.538461538,97.0,0.649167372283,313.0,73.323954932,178.0
2016-09-16,4,1,22.0,26.0,0,192.0,172.923076923,97.0,0.790543735225,313.0,72.9978519583,216.0
2016-09-17,5,1,22.0,27.0,1,193.0,165.461538462,97.0,1.03348729792,313.0,62.501218923,226.0
2016-09-18,6,0,22.0,27.0,1,196.0,162.230769231,97.0,1.20189977707,313.0,58.0439539635,118.0
2016-09-19,0,0,20.0,27.0,1,196.0,162.923076923,97.0,1.08875279479,313.0,57.4556170361,89.0
2016-09-20,1,0,19.0,26.0,1,193.0,160.923076923,89.0,0.86194884045,313.0,59.5049597654,94.0
2016-09-21,2,0,19.0,26.0,1,192.0,159.307692308,89.0,0.605694737901,313.0,60.9960712674,97.0
2016-09-22,3,0,20.0,27.0,1,191.0,157.692307692,89.0,0.567893722746,313.0,62.3320939872,96.0
2016-09-23,4,0,20.0,28.0,1,191.0,150.461538462,89.0,0.600921273032,313.0,63.6040823371,139.0
2016-09-24,5,1,21.0,28.0,1,191.0,138.692307692,89.0,0.735326688815,313.0,48.7448373841,276.0
2016-09-25,6,1,22.0,29.0,1,192.0,144.153846154,89.0,1.12878285841,313.0,58.8071766341,269.0
2016-09-26,0,0,24.0,30.0,1,193.0,156.769230769,89.0,1.43486469478,313.0,66.1829095371,119.0
2016-09-27,1,0,24.0,31.0,0,192.0,158.461538462,89.0,1.39115860046,313.0,64.9018375758,111.0
2016-09-28,2,0,22.0,27.0,0,191.0,156.0,89.0,1.04677994546,313.0,66.0384503382,84.0
2016-09-29,3,0,22.0,24.0,0,190.0,148.769230769,84.0,0.665818490246,313.0,68.3398226581,131.0
2016-09-30,4,0,22.0,26.0,0,190.0,142.230769231,84.0,0.704484062669,313.0,65.606230762,188.0
2016-10-01,5,1,23.0,26.0,1,190.0,139.307692308,84.0,0.90126355809,313.0,62.5857990963,227.0
2016-10-02,6,1,23.0,30.0,0,191.0,147.692307692,84.0,1.21212121212,313.0,66.3572900353,195.0
2016-10-03,0,1,20.0,25.0,1,192.0,155.846153846,84.0,1.31479685311,292.0,65.1458082409,177.0
2016-10-04,1,1,22.0,27.0,1,191.0,162.230769231,84.0,1.25853556046,292.0,62.7965626768,171.0
2016-10-05,2,1,22.0,27.0,1,190.0,167.923076923,84.0,1.13089659481,292.0,59.9133496598,141.0
2016-10-06,3,1,21.0,26.0,1,190.0,171.384615385,84.0,1.03034134008,292.0,56.8811696049,202.0
2016-10-07,4,1,20.0,23.0,0,190.0,176.230769231,84.0,1.08783068783,292.0,56.598659737,257.0
2016-10-08,5,0,17.0,22.0,1,190.0,174.769230769,84.0,1.2574662056,292.0,54.1978623566,148.0
2016-10-09,6,0,16.0,21.0,1,190.0,165.461538462,84.0,1.26025121977,292.0,47.147257665,114.0
2016-10-10,0,0,15.0,22.0,1,188.0,165.076923077,84.0,1.06922126082,276.0,47.5434401177,74.0
2016-10-11,1,0,17.0,23.0,1,178.0,162.230769231,74.0,0.696517412935,276.0,51.6275922741,79.0
2016-10-12,2,0,18.0,21.0,1,177.0,161.846153846,74.0,0.556597873671,276.0,52.224141417,88.0
2016-10-13,3,0,18.0,22.0,1,175.0,158.538461538,74.0,0.503657262278,276.0,55.3417569216,103.0
2016-10-14,4,0,18.0,21.0,0,171.0,152.0,74.0,0.570703868104,276.0,56.4841706893,122.0
2016-10-15,5,1,20.0,24.0,1,169.0,143.923076923,74.0,0.695555555556,276.0,52.5524815171,238.0
2016-10-16,6,1,19.0,25.0,1,171.0,147.230769231,74.0,1.03963175031,276.0,56.8414175189,214.0
2016-10-17,0,0,19.0,24.0,1,171.0,150.076923077,74.0,1.24891209748,276.0,59.1405906925,89.0
2016-10-18,1,0,19.0,25.0,1,169.0,143.769230769,74.0,1.18562349332,276.0,60.9188032689,100.0
2016-10-19,2,0,19.0,23.0,0,148.0,140.615384615,74.0,0.878569871376,276.0,62.0316773438,85.0
2016-10-20,3,0,20.0,22.0,0,143.0,131.615384615,74.0,0.606463036742,276.0,60.9508483711,92.0
2016-10-21,4,0,19.0,22.0,0,141.0,118.923076923,74.0,0.633287608596,276.0,49.6518053564,158.0
2016-10-22,5,1,20.0,23.0,0,141.0,119.692307692,74.0,0.784451469383,276.0,50.1710683031,222.0
2016-10-23,6,1,17.0,22.0,1,141.0,128.0,74.0,1.09487357922,276.0,57.0155174559,233.0
2016-10-24,0,0,19.0,23.0,1,141.0,140.230769231,74.0,1.39476678043,269.0,61.0323417998,78.0
2016-10-25,1,0,17.0,20.0,1,139.0,140.153846154,74.0,1.25249676889,257.0,61.1100472085,87.0
2016-10-26,2,0,18.0,21.0,0,131.0,140.076923077,74.0,0.953407593724,257.0,61.176241666,108.0
2016-10-27,3,0,18.0,21.0,0,130.0,140.461538462,74.0,0.676831535887,257.0,60.95725537,83.0
2016-10-28,4,0,15.0,18.0,0,130.0,137.461538462,74.0,0.73691186216,257.0,62.7260409481,150.0
2016-10-29,5,1,10.0,15.0,0,130.0,130.692307692,74.0,0.903191630248,257.0,55.8864021102,245.0
2016-10-30,6,1,14.0,18.0,1,131.0,133.076923077,74.0,1.20342396777,257.0,59.9069297885,213.0
2016-10-31,0,0,11.0,15.0,0,139.0,142.615384615,74.0,1.45437148666,257.0,61.9659192454,81.0
