time_stamp,dayofweek,holiday,lt,ht,sunny,m2M,w2A,m1L,d3w3,m1Lar,w2Std,pay_sum
2016-08-01,0,0,28.0,35.0,1,25.0,5.0,1.0,0.343137254902,14.0,2.11223541811,2.0
2016-08-02,1,0,29.0,36.0,0,14.0,4.53846153846,1.0,0.358974358974,14.0,2.06119400107,6.0
2016-08-03,2,0,26.0,32.0,0,13.0,4.38461538462,1.0,0.577427821522,14.0,1.86211052876,6.0
2016-08-04,3,0,27.0,34.0,0,11.0,4.46153846154,1.0,0.746666666667,14.0,1.90607872206,6.0
2016-08-05,4,0,27.0,34.0,0,11.0,4.53846153846,1.0,1.0,14.0,1.94601702164,6.0
2016-08-06,5,1,27.0,34.0,0,10.0,4.84615384615,1.0,1.07142857143,14.0,1.83328850582,13.0
2016-08-07,6,1,27.0,34.0,1,10.0,5.46153846154,2.0,1.46198830409,14.0,2.84511415522,13.0
2016-08-08,0,0,27.0,32.0,0,10.0,6.0,2.0,1.82336182336,14.0,3.48623667496,6.0
2016-08-09,1,0,27.0,30.0,0,10.0,6.07692307692,2.0,1.85507246377,14.0,3.4743353202,2.0
2016-08-10,2,0,27.0,35.0,1,9.0,5.69230769231,2.0,1.28440366972,14.0,3.62437507366,5.0
2016-08-11,3,0,28.0,34.0,0,8.0,5.53846153846,2.0,0.795107033639,14.0,3.60801212294,7.0
2016-08-12,4,0,28.0,35.0,1,8.0,5.92307692308,2.0,0.840840840841,14.0,3.4743353202,2.0
2016-08-13,5,1,28.0,35.0,1,8.0,5.92307692308,2.0,0.840840840841,14.0,3.4743353202,7.0
2016-08-14,6,1,28.0,35.0,1,8.0,6.23076923077,2.0,0.94395280236,14.0,3.37761513848,9.0
2016-08-15,0,0,29.0,35.0,1,8.0,6.76923076923,2.0,1.03448275862,13.0,3.21424344858,9.0
2016-08-16,1,0,29.0,36.0,1,8.0,7.0,2.0,1.38888888889,13.0,3.25812593608,9.0
2016-08-17,2,0,29.0,35.0,1,8.0,7.23076923077,2.0,1.47540983607,13.0,3.28525484678,9.0
2016-08-18,3,0,29.0,36.0,1,8.0,7.46153846154,2.0,1.45161290323,13.0,3.2960438901,9.0
2016-08-19,4,0,29.0,38.0,1,8.0,7.69230769231,2.0,1.37404580153,13.0,3.29065379019,9.0
2016-08-20,5,1,29.0,37.0,0,8.0,7.38461538462,2.0,1.30434782609,13.0,2.94927530964,9.0
2016-08-21,6,1,28.0,34.0,0,8.0,7.07692307692,2.0,1.25,13.0,2.52560848606,9.0
2016-08-22,0,0,29.0,35.0,1,8.0,7.30769230769,2.0,1.19205298013,13.0,2.55356810349,9.0
2016-08-23,1,0,27.0,33.0,0,8.0,7.84615384615,2.0,1.16883116883,13.0,2.06978831493,9.0
2016-08-24,2,0,27.0,35.0,1,8.0,8.15384615385,2.0,1.14649681529,13.0,1.91536916892,9.0
2016-08-25,3,0,27.0,35.0,1,8.0,8.30769230769,2.0,1.125,13.0,1.89674277014,9.0
2016-08-26,4,0,25.0,34.0,0,8.0,8.84615384615,2.0,1.10429447853,13.0,0.532938710021,9.0
2016-08-27,5,1,24.0,31.0,1,8.0,9.0,2.0,1.1320754717,13.0,0.0,9.0
2016-08-28,6,1,21.0,31.0,1,8.0,9.0,2.0,1.16129032258,13.0,0.0,9.0
2016-08-29,0,0,22.0,31.0,1,8.0,9.0,2.0,1.13924050633,13.0,0.0,9.0
2016-08-30,1,0,22.0,33.0,1,8.0,9.0,2.0,1.09090909091,13.0,0.0,9.0
2016-08-31,2,0,23.0,34.0,1,8.0,9.0,2.0,1.0650887574,13.0,0.0,9.0
2016-09-01,3,0,23.0,31.0,1,8.0,9.0,2.0,1.05263157895,13.0,0.0,9.0
2016-09-02,4,0,23.0,34.0,1,8.0,9.0,2.0,1.01123595506,13.0,0.0,9.0
2016-09-03,5,1,23.0,33.0,1,8.0,9.0,2.0,1.0,13.0,0.0,9.0
2016-09-04,6,1,24.0,31.0,1,8.0,9.0,2.0,1.0,13.0,0.0,9.0
2016-09-05,0,0,24.0,28.0,0,8.0,9.0,2.0,1.0,13.0,0.0,9.0
2016-09-06,1,0,23.0,28.0,0,9.0,9.0,2.0,1.0,9.0,0.0,9.0
2016-09-07,2,0,21.0,26.0,0,9.0,9.0,2.0,1.0,9.0,0.0,9.0
2016-09-08,3,0,21.0,29.0,1,9.0,9.0,2.0,1.0,9.0,0.0,50.0
2016-09-09,4,0,24.0,31.0,1,9.0,12.1538461538,2.0,2.05128205128,50.0,10.9252435554,83.0
2016-09-10,5,1,23.0,28.0,1,9.0,17.8461538462,2.0,3.20903954802,83.0,21.7320966239,94.0
2016-09-11,6,1,20.0,23.0,0,9.0,24.3846153846,7.0,3.98245614035,94.0,29.4893421726,138.0
2016-09-12,0,0,21.0,27.0,1,9.0,34.3076923077,9.0,4.1257367387,138.0,41.7840319434,119.0
2016-09-13,1,0,22.0,27.0,1,9.0,42.7692307692,9.0,3.7802907916,138.0,46.6561132051,129.0
2016-09-14,2,0,21.0,23.0,0,9.0,52.0,9.0,3.48218313036,138.0,50.7527945422,107.0
2016-09-15,3,1,24.0,26.0,0,9.0,59.5384615385,9.0,2.82755874154,138.0,51.0830626523,97.0
2016-09-16,4,1,22.0,28.0,0,9.0,66.3076923077,9.0,2.4,138.0,49.7507396395,96.0
2016-09-17,5,1,23.0,29.0,1,9.0,73.0,9.0,1.97628458498,138.0,47.3871128213,123.0
2016-09-18,6,0,22.0,25.0,0,9.0,81.7692307692,9.0,1.87092954411,138.0,45.231292514,107.0
2016-09-19,0,0,20.0,27.0,1,9.0,89.3076923077,9.0,1.77559912854,138.0,40.3816116099,115.0
2016-09-20,1,0,20.0,26.0,1,9.0,97.4615384615,9.0,1.72932330827,138.0,33.4494230941,106.0
2016-09-21,2,0,20.0,26.0,1,9.0,104.923076923,9.0,1.53235225415,138.0,21.6064859865,132.0
2016-09-22,3,0,19.0,28.0,1,9.0,111.230769231,9.0,1.51827956989,138.0,15.8558596116,102.0
2016-09-23,4,0,21.0,29.0,1,9.0,112.692307692,9.0,1.37959018056,138.0,13.9470681528,103.0
2016-09-24,5,1,21.0,29.0,1,9.0,113.384615385,9.0,1.2934177701,138.0,13.2057007593,115.0
2016-09-25,6,1,22.0,30.0,1,9.0,111.615384615,9.0,1.15753300778,138.0,11.1737223433,110.0
2016-09-26,0,0,24.0,30.0,1,9.0,110.923076923,9.0,1.12482853224,138.0,10.9717226644,107.0
2016-09-27,1,0,25.0,28.0,0,9.0,109.230769231,9.0,1.08390466863,138.0,9.67275194438,177.0
2016-09-28,2,0,23.0,28.0,0,9.0,114.615384615,9.0,1.18853695324,177.0,20.4320203509,165.0
2016-09-29,3,0,23.0,25.0,0,9.0,119.846153846,9.0,1.28745519713,177.0,23.6963033594,133.0
2016-09-30,4,0,22.0,29.0,0,9.0,122.692307692,9.0,1.33333333333,177.0,22.8688051398,77.0
2016-10-01,5,1,23.0,27.0,0,9.0,119.153846154,9.0,1.06022052587,177.0,25.904695606,62.0
2016-10-02,6,1,23.0,31.0,1,9.0,115.692307692,9.0,0.794624598306,177.0,29.9830326772,40.0
2016-10-03,0,1,20.0,25.0,0,9.0,109.923076923,9.0,0.541685580269,177.0,36.1438611416,51.0
2016-10-04,1,1,20.0,26.0,1,9.0,105.692307692,9.0,0.48,177.0,39.4254595903,51.0
2016-10-05,2,1,22.0,27.0,1,9.0,99.4615384615,9.0,0.457547929757,177.0,41.1388182483,79.0
2016-10-06,3,1,22.0,27.0,0,9.0,97.6923076923,9.0,0.588330895498,177.0,41.4847230739,57.0
2016-10-07,4,1,20.0,27.0,0,9.0,94.1538461538,40.0,0.619615639496,177.0,42.8213572771,80.0
2016-10-08,5,0,17.0,21.0,0,40.0,91.4615384615,40.0,0.731335703403,177.0,42.525314424,106.0
2016-10-09,6,0,16.0,22.0,1,50.0,91.1538461538,40.0,0.823170731707,177.0,42.4043650762,121.0
2016-10-10,0,0,17.0,22.0,1,51.0,92.2307692308,40.0,1.03681188788,177.0,42.9671678703,113.0
2016-10-11,1,0,18.0,23.0,1,51.0,87.3076923077,40.0,1.14420326434,177.0,36.0883203254,102.0
2016-10-12,2,0,19.0,24.0,1,57.0,82.4615384615,40.0,1.14812916453,177.0,28.8300467851,125.0
2016-10-13,3,0,18.0,23.0,1,62.0,81.8461538462,40.0,1.14826072273,177.0,27.8121339149,100.0
2016-10-14,4,0,20.0,21.0,0,77.0,83.6153846154,40.0,1.10603754439,177.0,28.1767456262,120.0
2016-10-15,5,1,20.0,24.0,0,79.0,88.0769230769,40.0,1.16396761134,177.0,28.9813243273,127.0
2016-10-16,6,1,20.0,26.0,1,80.0,94.7692307692,40.0,1.16072921893,177.0,27.0900317919,101.0
2016-10-17,0,0,19.0,22.0,0,83.0,98.6153846154,40.0,1.16758933065,177.0,23.9728643439,107.0
2016-10-18,1,0,20.0,24.0,0,94.0,102.923076923,40.0,1.16501478004,177.0,19.6760750404,106.0
2016-10-19,2,0,19.0,22.0,0,96.0,105.0,40.0,1.12665949049,177.0,18.4265694457,117.0
2016-10-20,3,0,21.0,25.0,0,97.0,109.615384615,40.0,1.19435396308,177.0,12.3321871635,85.0
2016-10-21,4,0,22.0,27.0,0,97.0,110.0,40.0,1.10990990991,177.0,11.4488830493,105.0
2016-10-22,5,1,19.0,23.0,0,100.0,109.923076923,40.0,1.08117626343,177.0,11.4788202185,131.0
2016-10-23,6,1,18.0,21.0,0,101.0,110.692307692,40.0,1.07862903226,177.0,12.4862054061,129.0
2016-10-24,0,0,19.0,23.0,1,102.0,111.923076923,40.0,1.18008406078,177.0,13.4075841824,113.0
2016-10-25,1,0,21.0,24.0,1,102.0,112.769230769,40.0,1.1707470182,177.0,13.0981727801,93.0
2016-10-26,2,0,20.0,26.0,0,102.0,110.307692308,40.0,1.04458995946,177.0,13.566840885,116.0
2016-10-27,3,0,20.0,25.0,1,103.0,111.538461538,40.0,0.977089971173,165.0,13.299018961,104.0
2016-10-28,4,0,14.0,21.0,0,104.0,110.307692308,40.0,0.939516734204,133.0,13.1989779056,119.0
2016-10-29,5,1,12.0,15.0,0,105.0,109.692307692,40.0,1.01163831692,131.0,12.5782756271,123.0
2016-10-30,6,1,14.0,17.0,1,106.0,111.384615385,40.0,1.03160405486,131.0,12.7734006167,115.0
2016-10-31,0,0,14.0,16.0,0,106.0,112.0,40.0,1.06344950849,131.0,12.7400036228,121.0
